# p=200 sequences separated by -1. (Actually less than 200, as some cues do not have latching) Columns:(pattern,lambda)
 82	0.749
155	0.365
 69	0.380
109	0.299
 46	0.716
 39	0.767
139	0.663
129	0.436
 47	0.745
 90	0.341
164	0.612
 90	0.620
164	0.621
162	0.431
 89	0.756
 63	0.416
 66	0.423
157	0.618
160	0.228
145	0.809
 95	0.384
157	0.728
 32	0.186
164	0.686
 47	0.782
169	0.561
 26	0.561
 61	0.555
 35	0.747
 33	0.624
 82	0.717
165	0.472
  8	0.730
115	0.810
 58	0.690
122	0.777
187	0.821
133	0.827
171	0.795
 75	0.748
155	0.690
 81	0.809
 -1	-1.000
185	0.739
 65	0.427
141	0.700
117	0.497
 82	0.449
165	0.493
105	0.473
135	0.712
107	0.639
112	0.717
140	0.695
119	0.687
 79	0.502
128	0.459
 78	0.562
125	0.673
 27	0.705
 82	0.712
 42	0.662
 68	0.795
177	0.459
183	0.735
177	0.739
183	0.749
 90	0.318
 36	0.550
128	0.628
 65	0.809
150	0.502
 63	0.570
139	0.775
 39	0.750
170	0.449
 71	0.425
  2	0.817
 -1	-1.000
174	0.720
169	0.763
164	0.281
 76	0.723
 82	0.460
151	0.500
 95	0.512
100	0.738
 89	0.532
 63	0.786
 35	0.511
157	0.674
 80	0.349
 27	0.296
 68	0.564
 27	0.581
 68	0.599
163	0.306
  2	0.389
113	0.442
 82	0.624
157	0.304
106	0.565
157	0.588
106	0.635
 97	0.332
 72	0.779
 42	0.744
 82	0.429
105	0.651
173	0.768
172	0.820
113	0.760
 90	0.592
153	0.318
 17	0.498
  8	0.491
196	0.766
105	0.700
 96	0.601
 25	0.582
157	0.779
 -1	-1.000
 71	0.605
137	0.556
 83	0.733
 72	0.371
 66	0.356
 26	0.431
 73	0.590
 72	0.523
 86	0.642
107	0.738
136	0.563
 31	0.709
144	0.786
 18	0.670
155	0.622
 54	0.721
 36	0.401
 82	0.642
191	0.694
193	0.606
 13	0.561
133	0.367
171	0.802
131	0.738
 39	0.746
 63	0.523
170	0.290
194	0.705
162	0.559
108	0.806
196	0.723
 72	0.766
 19	0.798
121	0.793
190	0.709
 18	0.773
 17	0.783
164	0.784
193	0.662
184	0.414
 -1	-1.000
 13	0.641
 89	0.688
 76	0.800
 64	0.417
100	0.342
 51	0.513
 82	0.650
 73	0.686
 71	0.672
 84	0.624
169	0.427
  3	0.339
189	0.697
 48	0.813
109	0.287
102	0.713
 83	0.714
122	0.722
156	0.695
  8	0.529
112	0.375
107	0.634
167	0.769
169	0.524
151	0.731
 24	0.145
 89	0.792
 82	0.578
157	0.627
119	0.713
165	0.702
 79	0.838
164	0.393
141	0.812
 89	0.803
 63	0.565
 39	0.773
139	0.846
 -1	-1.000
 87	0.729
  9	0.520
167	0.529
 82	0.440
 71	0.428
 32	0.641
 72	0.591
 46	0.750
 66	0.575
 39	0.741
 31	0.470
 85	0.580
153	0.658
 54	0.324
 45	0.370
 35	0.495
122	0.716
187	0.450
 38	0.534
 53	0.720
  2	0.518
155	0.420
 70	0.580
 18	0.770
170	0.484
194	0.533
 39	0.641
139	0.790
 44	0.819
 66	0.287
199	0.596
163	0.572
 51	0.643
169	0.455
 57	0.638
 84	0.710
119	0.649
 79	0.701
167	0.542
128	0.815
139	0.294
 39	0.778
 66	0.628
 31	0.793
164	0.657
 76	0.325
 13	0.818
160	0.725
174	0.774
109	0.736
150	0.722
 -1	-1.000
  2	0.558
 64	0.635
183	0.676
170	0.614
110	0.544
164	0.736
 19	0.737
 35	0.474
 47	0.381
169	0.646
 84	0.506
112	0.662
 86	0.659
187	0.488
122	0.493
161	0.516
 83	0.764
113	0.689
172	0.759
118	0.591
 23	0.671
190	0.684
 52	0.684
 18	0.725
 67	0.786
 71	0.716
165	0.399
141	0.634
 65	0.751
 63	0.710
 72	0.634
 82	0.777
134	0.620
112	0.725
 29	0.778
167	0.558
169	0.603
145	0.665
 27	0.698
 42	0.718
175	0.381
182	0.617
 -1	-1.000
 50	0.535
113	0.357
172	0.642
 68	0.562
100	0.613
 14	0.646
140	0.531
117	0.650
107	0.540
 47	0.414
161	0.351
 64	0.525
134	0.685
 72	0.749
 19	0.624
 42	0.677
 10	0.569
 53	0.694
 35	0.715
167	0.588
157	0.771
120	0.431
 24	0.638
120	0.708
 24	0.730
179	0.444
 75	0.549
 99	0.567
184	0.707
108	0.376
106	0.732
 44	0.804
 42	0.593
 27	0.637
125	0.756
 38	0.767
116	0.747
 83	0.708
172	0.816
 -1	-1.000
194	0.411
 65	0.722
185	0.552
 91	0.620
105	0.737
167	0.396
155	0.691
190	0.427
 23	0.439
 95	0.718
 39	0.580
139	0.485
 92	0.751
189	0.727
167	0.515
155	0.437
 27	0.688
125	0.743
150	0.359
 68	0.746
 14	0.719
 28	0.711
157	0.513
 95	0.728
 89	0.165
184	0.547
  9	0.571
 18	0.783
141	0.647
173	0.782
105	0.677
135	0.629
  3	0.400
119	0.668
 11	0.789
 -1	-1.000
 33	0.607
125	0.512
 32	0.558
 51	0.393
167	0.672
 20	0.442
 85	0.549
 15	0.751
169	0.691
149	0.719
 42	0.714
 87	0.456
 90	0.759
173	0.447
107	0.661
 86	0.745
164	0.795
193	0.698
 24	0.810
166	0.745
 91	0.560
170	0.460
132	0.585
 45	0.745
128	0.687
100	0.639
 89	0.617
 63	0.821
 35	0.756
164	0.609
193	0.611
 13	0.677
160	0.689
 96	0.494
 55	0.714
141	0.821
 -1	-1.000
 73	0.675
110	0.654
140	0.654
 39	0.615
 99	0.595
 95	0.609
184	0.516
171	0.585
 32	0.581
 67	0.650
 85	0.498
153	0.317
104	0.464
 89	0.529
113	0.558
197	0.320
178	0.705
107	0.588
 22	0.609
185	0.748
128	0.733
 44	0.518
 42	0.788
 27	0.722
121	0.753
195	0.753
170	0.796
 54	0.709
105	0.659
153	0.788
103	0.620
 81	0.542
 69	0.544
105	0.186
151	0.774
 64	0.715
170	0.486
110	0.705
114	0.765
 35	0.631
122	0.776
187	0.610
 83	0.852
 -1	-1.000
 79	0.797
 71	0.556
175	0.713
 82	0.656
 83	0.553
122	0.759
 45	0.493
 39	0.480
170	0.403
 85	0.496
 79	0.683
 82	0.501
 36	0.777
 54	0.707
 45	0.708
132	0.681
 35	0.765
189	0.573
100	0.741
 89	0.649
 63	0.787
157	0.739
189	0.435
129	0.574
119	0.614
184	0.712
  9	0.681
155	0.336
 81	0.814
164	0.495
167	0.241
 72	0.351
 81	0.535
  3	0.469
 84	0.774
109	0.795
 46	0.780
 56	0.560
  8	0.734
196	0.585
 72	0.817
164	0.755
193	0.790
 52	0.213
  7	0.799
160	0.641
174	0.826
109	0.759
 46	0.769
165	0.725
 66	0.733
157	0.668
 -1	-1.000
167	0.754
157	0.481
 57	0.588
 22	0.739
185	0.606
128	0.695
147	0.616
 96	0.296
106	0.609
 44	0.600
195	0.625
109	0.740
  1	0.391
187	0.737
 30	0.524
 55	0.753
 28	0.806
183	0.720
178	0.771
107	0.569
140	0.600
112	0.788
140	0.808
  8	0.480
112	0.460
107	0.700
 82	0.749
167	0.716
157	0.708
 10	0.611
 13	0.698
 89	0.785
 76	0.828
122	0.494
100	0.624
 81	0.783
164	0.655
193	0.728
 94	0.558
166	0.672
 94	0.674
166	0.681
133	0.533
 61	0.803
133	0.806
164	0.633
146	0.739
151	0.800
 76	0.683
162	0.757
 24	0.780
106	0.831
189	0.446
100	0.828
 89	0.822
 98	0.694
153	0.793
 80	0.626
154	0.183
 50	0.555
124	0.678
 -1	-1.000
 89	0.758
 76	0.722
184	0.469
 18	0.421
 25	0.607
 10	0.711
124	0.412
154	0.584
124	0.753
154	0.777
124	0.797
148	0.508
117	0.330
155	0.618
141	0.618
164	0.548
 79	0.450
 13	0.400
 82	0.784
 18	0.516
 43	0.333
194	0.542
174	0.617
 42	0.773
121	0.630
104	0.685
 90	0.737
 29	0.707
  2	0.736
178	0.669
182	0.548
 12	0.676
192	0.160
  5	0.721
 80	0.846
160	0.623
119	0.640
160	0.764
189	0.382
121	0.701
130	0.781
120	0.457
157	0.814
 95	0.779
 39	0.818
 54	0.725
 72	0.805
167	0.530
 30	0.533
 81	0.809
100	0.450
 89	0.526
 98	0.294
196	0.774
 -1	-1.000
 37	0.633
110	0.667
 56	0.278
 44	0.654
 42	0.510
 47	0.462
 15	0.636
122	0.601
187	0.666
 83	0.589
 43	0.735
164	0.673
193	0.634
 13	0.625
  8	0.775
 54	0.503
 64	0.719
109	0.721
 42	0.695
 44	0.813
176	0.461
150	0.784
 12	0.476
 42	0.607
139	0.670
 39	0.799
 57	0.536
 63	0.781
 89	0.789
113	0.681
 98	0.725
172	0.761
100	0.651
 92	0.781
116	0.692
 56	0.819
 44	0.494
 23	0.194
 -1	-1.000
169	0.497
133	0.598
 95	0.618
162	0.651
164	0.722
 17	0.615
 71	0.758
147	0.717
120	0.426
 18	0.384
 82	0.653
 63	0.550
 39	0.617
180	0.349
191	0.475
193	0.563
 84	0.783
110	0.696
170	0.708
 51	0.764
182	0.402
155	0.762
 71	0.361
 75	0.797
188	0.562
 65	0.489
 40	0.489
 34	0.708
107	0.789
 82	0.503
 35	0.533
 86	0.163
146	0.773
 39	0.446
194	0.756
126	0.769
 71	0.813
 -1	-1.000
134	0.606
164	0.500
193	0.547
 13	0.431
  8	0.506
189	0.315
122	0.415
 11	0.701
 83	0.722
 43	0.749
150	0.380
 66	0.749
 55	0.363
112	0.668
 31	0.646
189	0.599
 76	0.387
  9	0.448
184	0.453
132	0.718
102	0.243
174	0.541
  2	0.699
 71	0.553
 37	0.777
 36	0.678
 54	0.812
 45	0.651
 78	0.423
 73	0.802
 71	0.802
 60	0.664
126	0.857
109	0.405
112	0.607
 81	0.667
100	0.721
 89	0.750
 63	0.737
170	0.825
  3	0.655
 64	0.818
 -1	-1.000
164	0.762
193	0.750
 51	0.336
175	0.576
 27	0.678
121	0.583
 18	0.762
 67	0.590
108	0.536
184	0.465
115	0.332
 18	0.579
 27	0.593
145	0.489
137	0.458
116	0.748
163	0.753
 83	0.823
122	0.443
 73	0.526
 71	0.665
 84	0.651
151	0.743
113	0.745
 53	0.670
 46	0.703
137	0.594
 39	0.759
137	0.764
 39	0.777
179	0.686
128	0.790
185	0.778
 91	0.810
 92	0.733
100	0.736
 29	0.684
  4	0.771
  9	0.665
 64	0.750
189	0.592
 76	0.731
189	0.778
 76	0.799
 82	0.735
191	0.781
 51	0.284
 44	0.806
 -1	-1.000
121	0.617
 71	0.678
132	0.398
 31	0.529
 45	0.530
 11	0.440
191	0.432
 53	0.507
129	0.604
 17	0.588
169	0.377
 57	0.480
107	0.602
117	0.674
164	0.585
193	0.635
119	0.744
 57	0.714
 63	0.429
 35	0.620
130	0.662
118	0.697
 40	0.489
107	0.627
167	0.361
 46	0.557
 56	0.724
 44	0.690
160	0.451
 13	0.793
110	0.654
 73	0.117
 71	0.832
198	0.721
112	0.724
 39	0.774
124	0.768
154	0.816
 28	0.818
162	0.782
164	0.809
193	0.710
196	0.683
105	0.761
135	0.717
178	0.719
 47	0.798
164	0.210
193	0.823
 13	0.789
 89	0.836
 98	0.624
 63	0.772
 -1	-1.000
 13	0.655
 89	0.759
100	0.697
189	0.527
 84	0.614
121	0.453
167	0.459
182	0.603
170	0.542
 90	0.586
 36	0.755
139	0.414
 35	0.366
164	0.745
 18	0.591
  9	0.365
 66	0.515
199	0.352
167	0.615
 42	0.763
 44	0.786
 23	0.796
190	0.782
 25	0.646
 30	0.740
172	0.629
123	0.370
 95	0.610
110	0.775
194	0.770
170	0.728
 69	0.785
164	0.556
193	0.773
166	0.629
160	0.382
 35	0.750
 86	0.773
 40	0.576
156	0.764
  8	0.583
109	0.832
 -1	-1.000
 44	0.612
137	0.455
177	0.695
 13	0.353
194	0.709
 13	0.775
160	0.624
188	0.727
 65	0.552
  4	0.499
100	0.621
  3	0.706
 87	0.300
199	0.655
141	0.399
112	0.725
177	0.606
 22	0.721
133	0.574
171	0.720
187	0.732
182	0.772
 46	0.660
105	0.496
 54	0.725
161	0.526
 49	0.563
151	0.762
106	0.756
135	0.719
 18	0.493
 82	0.564
 18	0.759
170	0.622
 75	0.725
188	0.726
171	0.813
118	0.598
 10	0.696
 18	0.783
 14	0.658
  5	0.324
 42	0.548
  5	0.565
 42	0.703
 27	0.763
 64	0.700
189	0.792
162	0.746
100	0.751
140	0.509
 30	0.797
  1	0.110
187	0.535
 86	0.807
122	0.695
156	0.777
  8	0.789
112	0.787
 29	0.669
167	0.729
 66	0.721
 28	0.665
 -1	-1.000
 82	0.673
 18	0.635
190	0.470
 37	0.585
124	0.534
 89	0.755
113	0.375
173	0.660
 96	0.576
 52	0.656
 45	0.356
 13	0.482
 89	0.748
 63	0.738
170	0.350
100	0.296
162	0.520
100	0.564
162	0.591
164	0.729
193	0.589
  8	0.480
115	0.426
 97	0.685
 19	0.733
 71	0.357
 67	0.684
 58	0.586
 46	0.614
 58	0.650
 46	0.763
156	0.562
 40	0.740
 34	0.753
 55	0.677
159	0.750
 44	0.790
 24	0.714
 38	0.593
 46	0.519
116	0.685
111	0.639
 65	0.729
  2	0.759
 85	0.680
164	0.466
146	0.821
 19	0.783
136	0.704
 31	0.344
187	0.804
 -1	-1.000
 53	0.766
 23	0.571
 45	0.724
100	0.538
 30	0.662
145	0.459
  5	0.386
 13	0.614
 18	0.665
135	0.730
176	0.660
198	0.708
 11	0.613
117	0.749
 72	0.552
187	0.625
122	0.663
115	0.470
 55	0.672
 96	0.668
117	0.734
 82	0.429
139	0.469
 19	0.610
  2	0.667
 77	0.571
 10	0.522
 71	0.547
137	0.224
 81	0.773
 36	0.314
 63	0.593
 44	0.268
 14	0.696
 33	0.735
 87	0.663
  5	0.768
162	0.832
 28	0.662
 39	0.659
 85	0.747
127	0.490
157	0.635
 -1	-1.000
 52	0.664
 18	0.432
 68	0.684
 41	0.311
109	0.517
195	0.479
 22	0.681
 82	0.639
 72	0.742
 42	0.810
 27	0.755
 64	0.485
184	0.397
132	0.716
 63	0.746
 47	0.626
 15	0.691
 85	0.719
110	0.815
197	0.525
 35	0.573
167	0.445
122	0.647
187	0.732
 86	0.628
164	0.709
193	0.712
 52	0.744
 67	0.691
163	0.267
183	0.581
169	0.614
 80	0.532
119	0.603
 28	0.718
 70	0.556
 67	0.488
155	0.807
196	0.478
 72	0.793
 86	0.731
100	0.610
156	0.786
  8	0.550
144	0.805
 82	0.789
 64	0.150
143	0.798
110	0.762
 75	0.697
188	0.764
180	0.833
186	0.774
 34	0.419
 -1	-1.000
 44	0.771
106	0.729
 72	0.395
 13	0.747
 11	0.723
161	0.601
131	0.784
175	0.686
 13	0.686
 42	0.788
 95	0.396
 39	0.552
 54	0.780
155	0.362
164	0.635
141	0.689
144	0.305
 62	0.812
123	0.756
 59	0.786
 92	0.646
  8	0.683
108	0.693
168	0.769
 35	0.623
189	0.730
129	0.696
 81	0.797
179	0.680
159	0.793
176	0.622
122	0.769
 83	0.766
 38	0.773
116	0.814
 65	0.666
 -1	-1.000
189	0.619
 64	0.580
 84	0.395
 28	0.551
184	0.766
132	0.737
 45	0.733
128	0.689
189	0.597
192	0.565
176	0.691
 44	0.754
 29	0.731
169	0.549
145	0.414
125	0.803
 52	0.705
109	0.465
 54	0.539
118	0.422
196	0.383
108	0.706
122	0.290
187	0.716
 67	0.592
 70	0.790
155	0.614
117	0.673
  2	0.704
 92	0.653
151	0.724
172	0.751
118	0.780
130	0.725
 12	0.663
 82	0.611
167	0.481
135	0.382
  3	0.802
182	0.558
 46	0.731
 18	0.798
  9	0.617
155	0.815
182	0.777
 18	0.616
164	0.727
193	0.814
 -1	-1.000
 20	0.580
 82	0.410
 10	0.412
 66	0.389
 44	0.719
155	0.728
 27	0.668
 15	0.566
 39	0.277
  8	0.697
106	0.531
101	0.434
165	0.457
 46	0.678
 39	0.775
179	0.374
 31	0.611
179	0.619
 31	0.629
189	0.604
 95	0.383
 39	0.774
 63	0.802
 36	0.741
 82	0.593
133	0.691
132	0.666
107	0.650
112	0.744
 82	0.742
 10	0.641
 40	0.467
  2	0.778
121	0.683
 18	0.807
190	0.639
 36	0.705
 54	0.820
109	0.720
126	0.527
 71	0.659
 12	0.817
167	0.782
157	0.750
 10	0.787
 34	0.608
 33	0.131
 35	0.681
  5	0.785
 -1	-1.000
199	0.690
 78	0.358
 95	0.529
157	0.665
189	0.728
 64	0.495
139	0.715
 44	0.684
 56	0.794
195	0.467
170	0.663
160	0.588
113	0.394
 50	0.720
164	0.595
  9	0.325
 18	0.657
 67	0.555
 90	0.730
153	0.633
142	0.493
117	0.706
198	0.472
112	0.800
107	0.731
187	0.703
 72	0.631
122	0.731
140	0.436
 41	0.739
 81	0.746
 83	0.583
 63	0.723
 82	0.799
 42	0.256
 -1	-1.000
155	0.665
106	0.656
190	0.599
 95	0.317
 39	0.635
139	0.755
 58	0.605
129	0.743
 47	0.707
 72	0.489
 86	0.658
107	0.735
167	0.725
 81	0.479
 27	0.728
199	0.611
167	0.532
 95	0.331
 12	0.744
 98	0.728
153	0.710
135	0.626
131	0.683
124	0.730
 65	0.764
  2	0.501
174	0.762
109	0.728
 42	0.720
132	0.728
102	0.787
122	0.708
 83	0.682
 82	0.801
 63	0.776
 39	0.779
 66	0.515
 95	0.755
 66	0.757
 95	0.757
 56	0.685
141	0.719
175	0.678
 51	0.663
 -1	-1.000
169	0.699
 40	0.490
 73	0.673
 13	0.422
 76	0.657
153	0.759
104	0.455
190	0.639
 23	0.574
 39	0.608
 57	0.729
 63	0.745
164	0.441
159	0.571
115	0.778
 63	0.394
 81	0.723
 75	0.802
188	0.573
180	0.460
113	0.619
180	0.624
113	0.629
 59	0.744
  8	0.454
 54	0.662
 26	0.759
 71	0.698
175	0.807
 82	0.606
157	0.668
199	0.740
 94	0.785
185	0.695
 91	0.789
 -1	-1.000
169	0.647
  2	0.402
115	0.455
  8	0.560
144	0.700
193	0.630
 24	0.495
 95	0.603
157	0.640
 36	0.642
100	0.455
 81	0.776
 63	0.524
167	0.556
 76	0.720
 64	0.683
 27	0.776
 42	0.720
175	0.665
 51	0.644
169	0.552
100	0.469
 84	0.668
179	0.540
185	0.700
 89	0.760
143	0.752
110	0.548
 73	0.829
 97	0.734
175	0.814
182	0.511
143	0.661
 26	0.746
 31	0.574
168	0.617
180	0.586
107	0.514
188	0.590
179	0.739
189	0.662
100	0.726
140	0.816
115	0.606
 58	0.775
 47	0.590
 95	0.730
 39	0.792
170	0.819
110	0.658
 -1	-1.000
 95	0.776
169	0.563
145	0.414
  0	0.523
194	0.565
100	0.450
 89	0.533
115	0.652
 38	0.461
 40	0.744
156	0.675
164	0.426
 24	0.558
193	0.604
 51	0.484
169	0.780
 80	0.565
 27	0.752
  5	0.530
 35	0.653
 36	0.599
105	0.491
 83	0.785
 82	0.751
 10	0.647
190	0.491
195	0.828
  7	0.610
169	0.779
189	0.333
145	0.671
189	0.701
 80	0.615
159	0.774
 85	0.135
 66	0.776
 46	0.535
 72	0.763
164	0.752
146	0.604
170	0.279
 39	0.842
139	0.770
 57	0.756
 14	0.824
117	0.812
167	0.326
157	0.615
 -1	-1.000
187	0.531
122	0.658
 47	0.642
 65	0.388
  8	0.445
 28	0.299
 18	0.769
110	0.475
140	0.728
100	0.652
115	0.701
 82	0.492
 97	0.421
135	0.687
115	0.660
132	0.677
 45	0.698
 35	0.518
150	0.723
178	0.479
 31	0.504
153	0.769
 80	0.668
149	0.799
 15	0.832
 85	0.715
117	0.749
141	0.548
  4	0.611
135	0.561
153	0.752
190	0.623
 27	0.523
196	0.615
 98	0.759
105	0.725
188	0.679
 74	0.748
 39	0.727
139	0.816
 39	0.772
170	0.689
 -1	-1.000
 42	0.619
182	0.449
 17	0.730
164	0.672
193	0.749
133	0.734
 13	0.709
 89	0.755
 76	0.715
122	0.628
114	0.492
188	0.580
 75	0.701
 81	0.756
 20	0.331
  3	0.798
178	0.620
 66	0.434
190	0.496
 23	0.615
 35	0.350
 42	0.736
 14	0.476
142	0.767
157	0.470
189	0.451
130	0.717
100	0.529
 30	0.778
  9	0.528
  1	0.771
 -1	-1.000
140	0.807
100	0.590
189	0.693
 88	0.392
 36	0.514
 82	0.605
 83	0.779
116	0.577
 65	0.785
 13	0.470
160	0.700
174	0.577
  2	0.385
110	0.551
190	0.700
 23	0.712
 29	0.702
 57	0.577
169	0.724
 27	0.548
155	0.576
 35	0.775
194	0.382
122	0.751
187	0.648
175	0.712
 39	0.710
 95	0.742
162	0.610
173	0.761
115	0.487
  8	0.745
 50	0.556
124	0.827
 89	0.716
117	0.798
 60	0.498
 57	0.591
104	0.355
 29	0.818
 82	0.478
167	0.708
187	0.352
192	0.833
 -1	-1.000
160	0.629
151	0.669
 56	0.425
170	0.690
194	0.597
 63	0.703
  4	0.525
104	0.609
169	0.457
145	0.750
159	0.612
170	0.631
 66	0.489
 73	0.744
 72	0.330
182	0.479
 17	0.479
164	0.712
 31	0.438
157	0.763
 71	0.546
 12	0.771
155	0.601
157	0.626
 95	0.633
 39	0.811
170	0.778
  3	0.698
 71	0.662
164	0.290
193	0.825
 13	0.691
115	0.780
160	0.568
 28	0.752
183	0.817
178	0.694
150	0.831
  4	0.483
184	0.725
108	0.810
 -1	-1.000
 90	0.665
 15	0.368
179	0.689
  1	0.385
 62	0.502
190	0.717
 99	0.540
 64	0.576
 54	0.767
109	0.789
105	0.631
174	0.725
188	0.512
133	0.717
164	0.751
146	0.431
 17	0.767
 18	0.507
 25	0.715
130	0.494
 34	0.687
196	0.444
 39	0.656
 23	0.494
 63	0.615
 89	0.807
184	0.340
132	0.674
  8	0.735
  7	0.714
169	0.829
 15	0.379
 27	0.723
199	0.747
157	0.740
 95	0.379
162	0.159
194	0.704
 43	0.482
 79	0.752
126	0.554
155	0.343
139	0.318
 39	0.791
 66	0.740
 28	0.711
118	0.731
 69	0.402
179	0.518
 65	0.507
186	0.534
 63	0.853
 -1	-1.000
194	0.685
 39	0.554
139	0.778
 58	0.585
 83	0.643
122	0.774
187	0.414
117	0.558
 82	0.568
 35	0.542
 93	0.759
112	0.436
 53	0.700
 17	0.252
172	0.669
 86	0.581
 20	0.699
170	0.590
160	0.666
188	0.271
 18	0.367
 12	0.599
 48	0.741
 68	0.796
 14	0.654
  5	0.732
 87	0.685
164	0.799
162	0.408
 67	0.727
 22	0.655
 53	0.617
 96	0.742
 15	0.692
110	0.477
 78	0.770
 -1	-1.000
116	0.724
 62	0.589
 57	0.556
107	0.723
 65	0.516
 45	0.538
 63	0.792
 18	0.382
 38	0.353
 94	0.477
 23	0.708
119	0.380
 11	0.645
 79	0.692
128	0.752
194	0.629
117	0.787
 82	0.624
 47	0.527
 83	0.573
122	0.306
177	0.517
122	0.528
177	0.732
 14	0.479
198	0.651
112	0.718
140	0.645
 22	0.751
133	0.540
171	0.740
159	0.669
101	0.792
 48	0.667
 30	0.640
 23	0.671
190	0.804
121	0.653
 89	0.498
 63	0.819
 36	0.719
155	0.652
 81	0.743
164	0.783
141	0.756
162	0.811
 28	0.784
109	0.773
183	0.757
  7	0.298
 95	0.660
 39	0.480
194	0.822
 36	0.341
189	0.790
 -1	-1.000
 31	0.743
 95	0.833
164	0.700
193	0.764
 94	0.454
 89	0.555
 63	0.578
132	0.709
107	0.679
184	0.732
194	0.550
146	0.677
 20	0.584
164	0.730
 13	0.630
 51	0.243
169	0.707
145	0.743
153	0.731
  2	0.347
 88	0.522
102	0.690
 88	0.693
102	0.698
 83	0.469
 82	0.803
 79	0.498
110	0.335
140	0.785
112	0.855
128	0.612
188	0.421
 -1	-1.000
121	0.568
 27	0.706
 35	0.467
194	0.411
174	0.465
169	0.689
145	0.768
159	0.429
164	0.579
193	0.438
 13	0.519
100	0.712
189	0.727
 18	0.394
155	0.571
181	0.498
 42	0.735
149	0.756
 78	0.542
112	0.603
 22	0.732
 56	0.476
128	0.621
 42	0.677
 77	0.461
 10	0.593
 35	0.660
 10	0.704
 35	0.804
 10	0.804
 35	0.642
150	0.426
167	0.565
157	0.670
194	0.422
 75	0.729
 99	0.722
 23	0.219
190	0.708
 90	0.835
190	0.816
 90	0.805
190	0.728
 36	0.315
157	0.771
 24	0.610
 -1	-1.000
140	0.722
100	0.379
 13	0.703
 72	0.465
117	0.479
 89	0.484
 98	0.727
170	0.742
194	0.518
157	0.643
 31	0.476
146	0.524
120	0.483
169	0.427
 90	0.511
 83	0.715
122	0.753
150	0.679
149	0.793
116	0.567
 83	0.642
 18	0.555
155	0.430
196	0.563
 72	0.807
 42	0.588
  2	0.600
 85	0.347
153	0.717
135	0.499
105	0.664
 36	0.579
107	0.742
136	0.719
133	0.695
171	0.630
164	0.660
171	0.703
164	0.792
171	0.802
164	0.805
193	0.759
 94	0.727
 51	0.720
182	0.783
 18	0.779
 46	0.790
115	0.793
  8	0.776
124	0.672
154	0.812
183	0.824
 -1	-1.000
 27	0.724
164	0.538
112	0.503
141	0.753
 37	0.411
  8	0.317
167	0.781
 72	0.367
162	0.471
185	0.513
135	0.436
 82	0.599
 18	0.730
 25	0.396
104	0.607
169	0.477
  7	0.718
195	0.494
 22	0.657
129	0.754
184	0.780
132	0.799
 51	0.709
118	0.277
130	0.498
168	0.531
189	0.601
 43	0.612
100	0.726
140	0.821
112	0.770
107	0.802
 72	0.753
 71	0.655
 37	0.521
157	0.648
189	0.626
 18	0.787
 82	0.529
  9	0.751
 82	0.748
191	0.475
 97	0.724
 74	0.821
157	0.752
 -1	-1.000
100	0.713
140	0.591
107	0.475
  6	0.440
109	0.639
126	0.635
 14	0.658
 33	0.582
110	0.631
 46	0.314
 66	0.761
 18	0.596
121	0.749
122	0.574
 83	0.529
188	0.235
 42	0.624
 82	0.714
191	0.698
 51	0.756
 44	0.758
 42	0.795
 27	0.713
125	0.697
155	0.730
 67	0.418
 18	0.732
130	0.599
 10	0.602
188	0.807
113	0.740
 59	0.622
 11	0.708
  9	0.736
148	0.568
151	0.756
 13	0.374
 72	0.476
160	0.672
 72	0.722
178	0.727
107	0.692
167	0.732
 81	0.741
 54	0.706
 45	0.732
170	0.779
143	0.518
110	0.813
 -1	-1.000
106	0.696
116	0.568
151	0.705
145	0.208
164	0.727
141	0.585
 95	0.609
169	0.605
 51	0.489
 81	0.657
 51	0.680
 81	0.712
 51	0.738
 81	0.762
157	0.394
  2	0.273
121	0.494
 27	0.647
155	0.504
141	0.324
123	0.787
145	0.767
 80	0.725
 51	0.419
105	0.800
  0	0.543
 63	0.680
123	0.611
 16	0.589
 13	0.729
153	0.689
101	0.728
 64	0.783
189	0.664
 76	0.733
133	0.466
 95	0.789
171	0.760
  4	0.767
135	0.755
 13	0.783
 94	0.709
 42	0.478
 27	0.765
 15	0.636
145	0.829
 16	0.722
139	0.758
 39	0.780
170	0.751
 54	0.747
109	0.624
 -1	-1.000
 63	0.697
 26	0.509
141	0.639
164	0.770
170	0.412
 63	0.630
  2	0.411
169	0.318
164	0.465
171	0.331
133	0.638
 51	0.666
143	0.615
155	0.497
 71	0.604
 55	0.681
 14	0.621
138	0.565
 93	0.757
 29	0.837
169	0.702
145	0.646
 30	0.617
 89	0.755
 82	0.732
191	0.722
124	0.793
 87	0.314
 42	0.817
167	0.740
 66	0.451
 29	0.586
 39	0.727
115	0.573
122	0.608
 51	0.791
 94	0.632
 42	0.797
 27	0.612
 82	0.636
165	0.723
105	0.665
100	0.822
 -1	-1.000
 66	0.646
140	0.768
 41	0.712
 42	0.605
 82	0.709
191	0.441
100	0.307
 92	0.424
196	0.594
 76	0.498
108	0.503
104	0.597
142	0.762
169	0.403
 51	0.442
191	0.431
 55	0.474
 30	0.425
 22	0.582
 53	0.725
 96	0.798
 52	0.708
 23	0.407
190	0.693
 53	0.547
169	0.344
 51	0.749
 50	0.618
156	0.756
168	0.732
 38	0.739
 83	0.613
122	0.836
 64	0.697
129	0.715
184	0.800
 17	0.799
164	0.678
193	0.822
166	0.723
160	0.731
174	0.781
123	0.638
 62	0.832
 -1	-1.000
167	0.622
 81	0.480
100	0.735
 22	0.587
 43	0.665
193	0.472
164	0.593
 13	0.711
160	0.729
136	0.596
190	0.489
 69	0.452
 75	0.557
102	0.404
115	0.686
 36	0.402
118	0.521
 23	0.606
 78	0.767
 84	0.681
112	0.698
 22	0.783
 32	0.531
189	0.724
192	0.644
 82	0.662
133	0.348
142	0.623
155	0.663
142	0.722
113	0.494
 83	0.624
 63	0.735
 89	0.705
185	0.773
128	0.738
 99	0.748
141	0.571
 95	0.808
162	0.803
164	0.695
 13	0.717
 72	0.703
 42	0.826
 27	0.755
155	0.758
 81	0.835
155	0.835
 81	0.828
 -1	-1.000
 30	0.699
 55	0.678
 82	0.491
172	0.478
 83	0.748
107	0.469
117	0.434
167	0.497
117	0.553
167	0.562
 69	0.560
 65	0.514
185	0.690
 65	0.768
185	0.792
 65	0.796
185	0.791
 65	0.787
100	0.356
172	0.688
 83	0.748
 63	0.753
132	0.707
 39	0.726
 13	0.494
164	0.612
127	0.749
  8	0.838
 29	0.476
 57	0.746
107	0.713
 22	0.732
 43	0.309
189	0.582
130	0.727
118	0.507
 24	0.668
166	0.267
 79	0.812
 43	0.560
 12	0.659
 83	0.664
 11	0.772
122	0.703
 41	0.735
142	0.437
 81	0.797
173	0.754
105	0.822
166	0.656
 -1	-1.000
183	0.807
170	0.394
 75	0.723
188	0.659
180	0.496
 44	0.564
 29	0.717
  4	0.367
 95	0.766
164	0.671
 81	0.403
 44	0.446
 42	0.593
174	0.732
  2	0.680
 59	0.690
195	0.716
143	0.721
 75	0.689
170	0.773
 39	0.550
 29	0.756
180	0.705
188	0.635
 75	0.621
170	0.821
 90	0.481
153	0.652
196	0.784
105	0.658
 98	0.816
105	0.816
 98	0.798
170	0.746
161	0.701
194	0.687
117	0.686
107	0.528
112	0.614
136	0.686
123	0.686
151	0.802
113	0.804
 53	0.556
 96	0.782
 55	0.462
 52	0.748
 55	0.759
136	0.356
 31	0.829
 95	0.810
 15	0.782
 27	0.623
 36	0.791
 82	0.558
165	0.773
 65	0.702
 39	0.807
 63	0.834
 -1	-1.000
164	0.285
 81	0.592
159	0.700
100	0.575
 44	0.619
 56	0.794
141	0.567
 89	0.526
100	0.538
 22	0.693
195	0.593
 54	0.648
 98	0.525
 61	0.486
153	0.477
167	0.382
161	0.405
 10	0.713
 72	0.427
  6	0.592
 27	0.523
119	0.657
 38	0.730
143	0.722
110	0.639
140	0.775
 34	0.784
 65	0.716
192	0.436
 82	0.759
167	0.673
 35	0.726
 55	0.430
 49	0.556
101	0.600
 48	0.703
 -1	-1.000
 73	0.640
157	0.722
168	0.376
167	0.426
 46	0.496
139	0.749
124	0.538
 57	0.526
 68	0.633
 64	0.456
 27	0.713
 42	0.710
 44	0.644
137	0.538
  1	0.737
171	0.610
133	0.767
 15	0.615
 85	0.713
 57	0.760
107	0.741
112	0.714
140	0.821
100	0.714
189	0.767
118	0.406
172	0.726
113	0.782
 83	0.783
 11	0.719
122	0.738
 73	0.807
 71	0.799
126	0.610
196	0.759
 82	0.428
 64	0.361
  2	0.350
129	0.517
112	0.727
177	0.585
 55	0.679
153	0.483
  2	0.792
 -1	-1.000
 95	0.693
133	0.468
 89	0.460
108	0.577
 39	0.624
194	0.706
147	0.484
 67	0.258
  7	0.794
 29	0.391
167	0.713
 30	0.718
172	0.746
 80	0.627
 83	0.782
102	0.735
 70	0.632
 81	0.648
143	0.529
 72	0.806
133	0.300
171	0.693
 95	0.804
  4	0.743
 29	0.701
107	0.419
199	0.532
105	0.775
135	0.321
153	0.708
  9	0.603
141	0.788
164	0.750
193	0.779
 13	0.493
101	0.699
 13	0.703
101	0.703
 13	0.707
101	0.708
118	0.707
130	0.694
157	0.512
 -1	-1.000
 83	0.672
 82	0.741
102	0.675
 60	0.495
100	0.542
 22	0.297
195	0.346
 28	0.569
191	0.345
 82	0.704
 41	0.422
159	0.421
195	0.651
 44	0.772
139	0.320
 39	0.804
170	0.667
154	0.628
191	0.514
 22	0.501
169	0.367
  7	0.576
 50	0.796
142	0.644
155	0.743
 78	0.754
169	0.473
  3	0.532
140	0.791
115	0.667
156	0.819
115	0.756
  8	0.581
144	0.632
 18	0.478
101	0.575
 48	0.712
178	0.623
 -1	-1.000
160	0.294
 80	0.517
 10	0.704
190	0.375
135	0.629
153	0.625
 80	0.564
169	0.665
145	0.742
185	0.648
128	0.768
198	0.395
 83	0.597
  7	0.674
106	0.523
189	0.375
125	0.443
 81	0.747
 27	0.826
 42	0.749
  2	0.746
195	0.514
 59	0.727
159	0.742
145	0.735
125	0.738
 38	0.771
 82	0.479
 83	0.669
122	0.689
187	0.732
 73	0.780
 71	0.819
126	0.807
 95	0.457
 -1	-1.000
153	0.592
 85	0.718
 94	0.600
140	0.696
115	0.718
  8	0.645
124	0.373
109	0.514
105	0.541
173	0.674
106	0.609
130	0.615
194	0.514
108	0.437
196	0.400
107	0.557
112	0.452
109	0.775
112	0.760
 28	0.526
161	0.549
123	0.672
151	0.802
 76	0.754
 50	0.614
  8	0.781
 54	0.764
153	0.387
 63	0.797
 57	0.374
170	0.543
 39	0.687
139	0.469
120	0.704
162	0.120
164	0.818
193	0.679
170	0.433
140	0.775
156	0.695
 41	0.680
168	0.531
192	0.770
 12	0.816
167	0.702
 57	0.505
 59	0.111
 -1	-1.000
 92	0.704
160	0.508
174	0.488
 10	0.575
 42	0.708
184	0.470
194	0.545
137	0.534
  1	0.788
 46	0.672
 82	0.590
 87	0.285
131	0.405
 63	0.638
 89	0.571
185	0.647
141	0.816
164	0.680
160	0.364
113	0.806
172	0.819
100	0.722
 51	0.390
 81	0.535
153	0.622
 80	0.553
  2	0.726
149	0.688
 15	0.738
 47	0.708
 83	0.718
113	0.710
 89	0.763
165	0.685
 51	0.267
170	0.836
 75	0.723
 85	0.789
 66	0.261
157	0.575
111	0.244
 99	0.770
 -1	-1.000
107	0.695
 65	0.730
 33	0.555
 99	0.462
 28	0.555
 99	0.558
 28	0.566
146	0.731
 18	0.351
135	0.612
105	0.706
 20	0.623
 94	0.685
 13	0.529
137	0.548
197	0.466
178	0.604
107	0.609
  3	0.662
167	0.635
 81	0.753
 75	0.704
 82	0.712
 46	0.341
137	0.382
155	0.666
 81	0.650
 19	0.630
164	0.768
193	0.713
184	0.763
117	0.656
 17	0.723
164	0.738
162	0.772
 28	0.712
 46	0.508
139	0.361
 44	0.677
118	0.107
 40	0.784
121	0.710
 27	0.545
 18	0.583
 77	0.469
 92	0.770
 43	0.746
160	0.811
 -1	-1.000
 47	0.724
195	0.432
152	0.443
 87	0.452
160	0.431
174	0.619
112	0.452
 45	0.532
 35	0.671
189	0.341
 36	0.591
157	0.625
 98	0.317
 89	0.695
 63	0.578
132	0.663
102	0.771
159	0.705
 26	0.315
 46	0.498
 28	0.599
 82	0.743
 10	0.627
175	0.657
 40	0.814
121	0.698
 18	0.773
 67	0.680
187	0.749
122	0.771
 83	0.816
161	0.807
113	0.798
188	0.407
 96	0.811
 -1	-1.000
113	0.657
147	0.400
184	0.417
164	0.547
 13	0.556
160	0.628
 63	0.799
 35	0.774
167	0.672
155	0.402
 27	0.647
164	0.647
196	0.783
 82	0.383
172	0.707
 83	0.777
132	0.530
187	0.592
183	0.743
145	0.757
 85	0.649
194	0.292
100	0.594
 86	0.801
 72	0.676
164	0.714
193	0.574
 13	0.643
101	0.826
 55	0.580
 96	0.742
117	0.643
 82	0.687
157	0.470
172	0.623
 -1	-1.000
111	0.710
191	0.518
197	0.535
106	0.636
109	0.608
 78	0.441
 90	0.780
 23	0.511
196	0.701
119	0.549
 65	0.754
 79	0.638
132	0.727
  0	0.584
174	0.759
 57	0.406
 68	0.664
  5	0.789
164	0.565
126	0.684
 71	0.742
147	0.679
 53	0.728
172	0.299
 80	0.473
146	0.757
101	0.346
190	0.774
 99	0.346
100	0.647
 89	0.609
153	0.578
142	0.567
145	0.741
139	0.517
 39	0.792
 66	0.712
199	0.752
  9	0.661
108	0.688
135	0.807
 47	0.516
164	0.763
193	0.793
 13	0.744
 76	0.722
164	0.776
193	0.649
159	0.716
122	0.665
161	0.164
112	0.815
184	0.786
 17	0.797
164	0.789
193	0.702
 95	0.750
157	0.740
 82	0.677
167	0.774
 -1	-1.000
 35	0.625
164	0.526
112	0.506
 45	0.374
130	0.526
189	0.445
179	0.682
134	0.565
 75	0.778
164	0.677
141	0.321
175	0.667
 42	0.588
 77	0.523
176	0.432
 25	0.417
129	0.529
 25	0.552
116	0.346
 83	0.753
 82	0.830
167	0.583
169	0.423
 57	0.339
107	0.515
112	0.736
 46	0.478
 54	0.627
 39	0.793
151	0.491
 72	0.819
164	0.661
159	0.599
195	0.637
180	0.708
188	0.718
 75	0.725
171	0.817
133	0.821
120	0.492
 72	0.797
134	0.770
164	0.638
193	0.811
 13	0.706
140	0.129
 56	0.795
 -1	-1.000
 99	0.332
172	0.667
122	0.485
 83	0.372
164	0.724
193	0.688
 13	0.594
160	0.756
 64	0.373
 50	0.517
 64	0.530
 50	0.539
 64	0.553
 50	0.584
182	0.670
 17	0.753
164	0.735
162	0.624
 95	0.554
157	0.699
167	0.680
 89	0.450
141	0.660
 87	0.594
164	0.589
193	0.558
 13	0.734
  8	0.834
  3	0.577
 64	0.748
168	0.468
118	0.799
147	0.743
130	0.810
189	0.636
129	0.639
 71	0.445
 82	0.669
165	0.750
 46	0.763
 65	0.782
 39	0.772
124	0.713
190	0.357
 18	0.324
 12	0.803
 -1	-1.000
 89	0.634
164	0.281
109	0.649
 76	0.542
 82	0.630
 83	0.730
176	0.708
129	0.375
 64	0.654
 54	0.411
118	0.708
130	0.698
189	0.667
100	0.838
149	0.696
140	0.781
112	0.683
 18	0.514
128	0.577
185	0.301
 22	0.718
 84	0.314
172	0.586
  9	0.619
135	0.783
142	0.509
 82	0.793
 42	0.450
 99	0.760
 42	0.770
 99	0.786
 42	0.804
 44	0.723
 72	0.729
 29	0.687
167	0.731
157	0.719
 10	0.748
 80	0.559
153	0.783
104	0.551
100	0.732
 89	0.791
 98	0.639
153	0.747
142	0.515
 64	0.614
139	0.695
 39	0.265
 54	0.705
155	0.687
142	0.761
190	0.789
195	0.763
180	0.383
188	0.823
 -1	-1.000
 37	0.665
170	0.697
 37	0.687
170	0.657
 63	0.491
196	0.530
 18	0.391
127	0.544
 12	0.617
194	0.596
157	0.540
167	0.636
 82	0.528
155	0.559
190	0.693
118	0.643
179	0.739
 91	0.614
122	0.412
100	0.769
 89	0.714
140	0.840
112	0.503
  8	0.699
 50	0.702
113	0.597
185	0.770
179	0.689
133	0.811
189	0.705
169	0.788
153	0.560
142	0.750
158	0.684
139	0.742
 19	0.737
 95	0.703
 39	0.706
194	0.840
170	0.732
154	0.756
124	0.764
 50	0.700
 40	0.323
175	0.761
 82	0.801
 99	0.351
 39	0.785
 54	0.824
118	0.471
 23	0.555
147	0.782
 -1	-1.000
100	0.406
 51	0.433
199	0.653
157	0.744
148	0.521
 48	0.419
 30	0.731
 41	0.566
 81	0.664
 27	0.676
  2	0.501
 63	0.489
192	0.367
167	0.816
 66	0.666
142	0.596
175	0.618
  6	0.749
  2	0.514
110	0.769
 37	0.585
170	0.760
  3	0.537
199	0.480
164	0.651
193	0.807
 79	0.560
 13	0.742
160	0.722
 35	0.573
174	0.692
102	0.524
 30	0.595
 89	0.803
 63	0.669
170	0.553
154	0.761
 28	0.673
 12	0.753
 82	0.635
135	0.533
 20	0.679
158	0.335
 -1	-1.000
118	0.718
190	0.625
 47	0.778
 35	0.405
193	0.503
164	0.526
 76	0.412
 75	0.557
188	0.301
100	0.621
 29	0.747
169	0.674
 15	0.695
145	0.818
 12	0.532
 98	0.741
153	0.663
  2	0.349
 27	0.608
 35	0.637
 33	0.706
 42	0.540
 27	0.497
182	0.649
170	0.397
 54	0.552
 75	0.678
155	0.691
 81	0.774
164	0.634
146	0.472
 24	0.714
 44	0.493
 42	0.801
 51	0.631
187	0.747
122	0.783
 94	0.594
148	0.741
 29	0.812
169	0.644
 10	0.602
 34	0.709
140	0.521
100	0.727
189	0.713
  6	0.752
  2	0.594
 19	0.687
 13	0.695
 76	0.831
122	0.529
 64	0.820
 -1	-1.000
 35	0.647
130	0.456
164	0.585
 29	0.568
155	0.547
 38	0.635
116	0.664
 83	0.739
 22	0.384
 69	0.560
 36	0.466
105	0.459
155	0.673
 81	0.614
169	0.560
 73	0.454
181	0.675
 40	0.653
 68	0.474
 42	0.529
 91	0.604
173	0.704
105	0.786
106	0.633
189	0.602
109	0.761
 64	0.518
  9	0.630
172	0.784
 83	0.760
 48	0.813
 30	0.541
187	0.775
122	0.800
 83	0.658
113	0.804
 59	0.770
117	0.638
 66	0.780
 26	0.629
 46	0.669
 26	0.811
 46	0.789
 -1	-1.000
  5	0.716
 87	0.569
164	0.677
 54	0.590
 45	0.611
 23	0.745
164	0.545
159	0.477
100	0.314
164	0.472
  4	0.350
 89	0.526
100	0.790
189	0.633
 64	0.553
 25	0.750
132	0.415
116	0.576
166	0.502
 35	0.479
164	0.744
162	0.632
141	0.806
184	0.392
129	0.725
  8	0.838
 59	0.152
143	0.721
113	0.591
139	0.418
 44	0.781
159	0.673
106	0.820
159	0.820
106	0.824
 57	0.575
107	0.524
112	0.748
140	0.815
100	0.731
 92	0.628
189	0.785
130	0.788
118	0.667
179	0.458
169	0.528
 84	0.699
 93	0.765
 -1	-1.000
 81	0.535
164	0.735
 27	0.528
175	0.661
 80	0.461
 13	0.586
164	0.398
 84	0.641
109	0.593
150	0.721
 78	0.680
144	0.547
 46	0.279
 27	0.796
164	0.448
193	0.655
 79	0.353
 22	0.740
107	0.567
112	0.733
 42	0.683
157	0.655
 66	0.699
 40	0.494
 42	0.601
 44	0.424
190	0.777
168	0.332
 84	0.754
 81	0.763
164	0.766
146	0.588
163	0.581
 28	0.695
183	0.705
 49	0.796
 38	0.545
115	0.540
 29	0.828
157	0.460
 10	0.737
123	0.814
 -1	-1.000
155	0.724
 71	0.417
194	0.700
 39	0.636
139	0.727
 44	0.794
  9	0.584
184	0.577
 99	0.488
 65	0.624
 57	0.547
107	0.572
178	0.710
 55	0.775
164	0.451
 76	0.691
 13	0.695
 64	0.788
 40	0.344
107	0.528
 72	0.781
164	0.751
146	0.454
163	0.701
178	0.621
164	0.405
 86	0.627
 13	0.312
 76	0.806
 14	0.569
109	0.757
174	0.694
  2	0.757
 59	0.674
 75	0.553
132	0.376
170	0.765
160	0.407
 82	0.649
 27	0.666
155	0.786
142	0.795
139	0.797
 39	0.751
 -1	-1.000
175	0.704
 68	0.710
146	0.516
 39	0.607
 57	0.678
 22	0.654
107	0.759
187	0.613
122	0.678
 11	0.760
115	0.470
141	0.728
 95	0.635
  5	0.720
 35	0.499
122	0.744
176	0.497
187	0.564
176	0.742
187	0.751
176	0.755
187	0.760
176	0.760
187	0.767
192	0.568
 63	0.664
 64	0.548
 28	0.664
168	0.751
 82	0.482
133	0.455
171	0.824
131	0.701
 39	0.631
151	0.595
 49	0.805
183	0.789
 20	0.501
 13	0.655
 71	0.841
 -1	-1.000
 42	0.765
 36	0.444
 82	0.404
 85	0.484
 99	0.693
100	0.348
107	0.632
187	0.623
122	0.683
 11	0.553
 41	0.676
175	0.573
 89	0.717
141	0.643
  9	0.720
112	0.752
 22	0.590
133	0.618
171	0.609
 37	0.750
194	0.751
 95	0.434
 82	0.498
 87	0.576
 90	0.629
161	0.720
 10	0.768
 73	0.620
  0	0.760
 63	0.694
 39	0.777
 31	0.783
164	0.733
193	0.762
 54	0.720
166	0.684
 45	0.833
 35	0.749
150	0.737
 88	0.782
112	0.782
184	0.746
129	0.742
 17	0.747
164	0.659
193	0.732
 95	0.760
 39	0.827
139	0.823
 39	0.697
 95	0.693
162	0.810
164	0.739
193	0.807
 79	0.463
 54	0.705
 -1	-1.000
 71	0.826
160	0.504
 35	0.630
 61	0.677
 86	0.520
159	0.732
117	0.367
 53	0.562
 35	0.687
 91	0.628
185	0.406
128	0.781
180	0.441
107	0.681
136	0.389
194	0.424
 71	0.664
190	0.593
139	0.789
 21	0.307
 35	0.550
 75	0.665
170	0.739
 64	0.618
183	0.771
 64	0.785
183	0.719
  2	0.396
 89	0.720
143	0.760
170	0.685
 51	0.750
175	0.565
 42	0.567
 27	0.779
121	0.762
 64	0.588
128	0.154
147	0.818
 32	0.636
 53	0.787
 32	0.797
 53	0.757
 81	0.388
100	0.792
 89	0.797
 82	0.554
 10	0.580
 40	0.788
181	0.677
107	0.657
112	0.673
177	0.708
 -1	-1.000
 56	0.672
 44	0.757
 42	0.750
169	0.674
 17	0.738
164	0.744
141	0.510
156	0.747
141	0.756
156	0.757
151	0.738
162	0.419
164	0.670
193	0.742
133	0.582
188	0.733
180	0.762
113	0.737
 83	0.610
122	0.555
187	0.659
189	0.752
129	0.654
162	0.727
164	0.788
  4	0.460
  3	0.757
170	0.612
 64	0.639
170	0.750
 64	0.764
194	0.708
164	0.438
 17	0.545
 97	0.745
178	0.763
 55	0.402
 34	0.736
 85	0.767
117	0.603
 66	0.804
 28	0.575
162	0.738
164	0.770
193	0.800
 79	0.666
 13	0.770
110	0.695
170	0.756
 66	0.652
132	0.731
184	0.778
 -1	-1.000
 81	0.563
 46	0.430
167	0.520
 66	0.546
130	0.451
 18	0.508
189	0.541
151	0.523
106	0.692
 44	0.650
 87	0.670
190	0.421
 47	0.672
 95	0.439
 39	0.722
179	0.523
 63	0.816
157	0.489
 42	0.482
 27	0.562
121	0.660
 47	0.753
  0	0.531
 43	0.472
 22	0.502
 68	0.684
 22	0.699
 68	0.702
 47	0.452
121	0.460
178	0.775
150	0.670
 68	0.686
133	0.540
171	0.778
168	0.578
 64	0.762
172	0.159
100	0.759
  8	0.295
 26	0.736
 71	0.648
 -1	-1.000
 13	0.674
160	0.602
 71	0.734
139	0.673
 44	0.619
144	0.270
169	0.720
  7	0.672
 70	0.739
177	0.763
183	0.737
 20	0.685
164	0.399
 71	0.623
126	0.505
 37	0.644
 64	0.583
189	0.560
 81	0.699
164	0.398
162	0.486
141	0.541
  9	0.756
167	0.615
157	0.713
 73	0.800
 71	0.768
 56	0.555
 95	0.751
  4	0.772
 23	0.547
190	0.691
 18	0.477
 94	0.633
 82	0.770
 10	0.412
169	0.591
 72	0.723
145	0.609
 17	0.408
 64	0.551
  4	0.562
 64	0.803
  4	0.814
 64	0.823
  4	0.824
 -1	-1.000
 42	0.611
 88	0.309
115	0.650
 51	0.327
 92	0.571
160	0.394
174	0.581
 35	0.703
130	0.657
 12	0.406
194	0.644
174	0.772
160	0.420
178	0.512
112	0.348
177	0.373
 91	0.826
185	0.465
 84	0.577
128	0.662
117	0.592
147	0.766
 66	0.353
 46	0.637
 72	0.493
 73	0.564
 24	0.769
 10	0.730
164	0.431
196	0.717
119	0.743
141	0.704
164	0.806
193	0.806
115	0.451
140	0.745
 41	0.802
169	0.581
 47	0.731
 -1	-1.000
 95	0.556
 27	0.625
 39	0.433
139	0.749
 29	0.539
100	0.558
167	0.535
 81	0.494
157	0.680
 37	0.429
188	0.596
105	0.302
143	0.405
 44	0.728
159	0.741
 52	0.687
125	0.634
175	0.765
 13	0.432
153	0.648
  4	0.803
100	0.621
 11	0.787
 86	0.356
164	0.681
 84	0.343
151	0.513
 64	0.745
151	0.747
 64	0.751
 76	0.521
164	0.685
190	0.292
141	0.688
190	0.773
141	0.781
190	0.690
112	0.219
107	0.732
136	0.746
188	0.781
 75	0.798
 37	0.726
194	0.718
 66	0.777
142	0.764
139	0.806
 42	0.763
 39	0.774
 29	0.602
167	0.673
180	0.824
188	0.829
 75	0.774
114	0.743
174	0.499
  2	0.669
 42	0.801
 87	0.504
  5	0.540
164	0.794
146	0.802
 -1	-1.000
 43	0.700
128	0.692
117	0.503
 18	0.566
 92	0.401
100	0.533
160	0.701
 33	0.522
199	0.570
167	0.597
 95	0.528
162	0.514
164	0.814
109	0.648
 64	0.628
 28	0.658
 39	0.735
 82	0.467
117	0.442
155	0.620
190	0.720
118	0.752
168	0.550
147	0.632
128	0.639
108	0.718
 89	0.751
 63	0.698
 62	0.450
 52	0.543
 95	0.800
162	0.745
164	0.811
156	0.440
109	0.668
 28	0.793
163	0.724
183	0.777
178	0.761
  3	0.810
 92	0.607
 56	0.815
198	0.591
141	0.805
164	0.281
193	0.744
 13	0.770
 89	0.819
 -1	-1.000
153	0.770
104	0.506
 99	0.736
133	0.313
189	0.387
135	0.759
168	0.474
 90	0.481
 84	0.464
140	0.484
128	0.733
105	0.675
107	0.633
173	0.650
109	0.610
 37	0.422
 36	0.681
189	0.374
130	0.574
125	0.703
 52	0.400
 18	0.705
 67	0.466
 71	0.777
126	0.715
157	0.741
 35	0.556
 61	0.735
 42	0.718
107	0.679
178	0.658
150	0.298
 84	0.813
 54	0.778
127	0.749
128	0.546
 56	0.776
 97	0.417
172	0.671
 76	0.332
122	0.777
187	0.834
107	0.380
167	0.692
 36	0.690
157	0.811
 95	0.660
 98	0.803
153	0.793
  2	0.679
 38	0.783
116	0.731
 83	0.598
113	0.732
172	0.703
118	0.821
130	0.694
190	0.799
 18	0.668
 66	0.813
 -1	-1.000
164	0.735
193	0.416
144	0.517
132	0.604
 45	0.426
128	0.604
 23	0.749
188	0.617
 10	0.630
169	0.792
 47	0.425
 82	0.507
191	0.681
189	0.523
193	0.722
105	0.339
 72	0.748
 71	0.413
 65	0.302
102	0.813
122	0.696
 83	0.804
113	0.662
 90	0.347
  7	0.397
 84	0.568
137	0.596
151	0.760
106	0.808
 83	0.452
 43	0.576
 83	0.599
 43	0.642
 83	0.659
 43	0.680
 83	0.711
176	0.134
 58	0.739
170	0.493
 63	0.759
152	0.807
 42	0.782
 91	0.637
179	0.770
103	0.471
167	0.707
  2	0.708
 -1	-1.000
 95	0.527
 35	0.718
 31	0.526
119	0.629
141	0.738
 89	0.628
 37	0.454
170	0.756
 39	0.391
 29	0.583
180	0.399
 55	0.723
 31	0.496
159	0.577
122	0.697
 83	0.748
 82	0.673
 85	0.371
 94	0.771
140	0.681
115	0.776
184	0.674
132	0.713
 35	0.481
 19	0.690
120	0.794
175	0.681
 42	0.604
169	0.717
174	0.748
135	0.518
 82	0.664
173	0.755
 86	0.551
100	0.743
140	0.774
 66	0.291
118	0.507
 71	0.649
126	0.851
109	0.651
 69	0.684
 36	0.757
 82	0.689
188	0.677
133	0.799
171	0.853
 -1	-1.000
113	0.713
 50	0.664
  8	0.579
 28	0.720
109	0.438
 78	0.472
169	0.717
168	0.505
 55	0.545
141	0.697
145	0.599
179	0.547
 64	0.705
170	0.609
194	0.751
 63	0.486
 89	0.769
 82	0.718
112	0.606
 69	0.609
133	0.477
170	0.525
 99	0.612
 36	0.652
105	0.407
167	0.789
169	0.358
 10	0.441
  7	0.552
 10	0.555
  7	0.564
195	0.736
 12	0.288
187	0.722
122	0.765
100	0.782
 81	0.609
172	0.794
 80	0.627
160	0.389
 76	0.411
 82	0.147
157	0.479
 73	0.681
 71	0.824
126	0.754
164	0.723
146	0.820
109	0.717
177	0.735
 55	0.085
164	0.781
 -1	-1.000
 81	0.659
155	0.514
 42	0.307
  2	0.694
 77	0.700
 46	0.731
137	0.527
 81	0.563
169	0.593
 84	0.730
169	0.778
 47	0.397
  2	0.550
  6	0.628
 89	0.516
185	0.753
 22	0.688
 12	0.520
 82	0.515
 98	0.735
107	0.681
178	0.526
 37	0.719
194	0.783
114	0.696
159	0.699
  9	0.794
  1	0.639
 43	0.658
 54	0.721
 45	0.481
 35	0.766
150	0.773
 73	0.368
 71	0.811
155	0.371
 18	0.700
135	0.583
105	0.740
106	0.811
130	0.738
 18	0.629
 25	0.796
 -1	-1.000
164	0.374
193	0.522
  8	0.636
 26	0.710
 30	0.730
 80	0.381
 82	0.322
133	0.734
189	0.356
194	0.704
164	0.651
196	0.725
 23	0.681
191	0.722
194	0.361
170	0.427
143	0.656
105	0.719
166	0.679
 54	0.679
 64	0.508
194	0.579
 48	0.543
140	0.302
 41	0.738
 81	0.769
 63	0.740
102	0.652
 89	0.710
100	0.756
 22	0.686
181	0.453
 13	0.219
 89	0.608
 82	0.776
  0	0.717
 73	0.666
 72	0.743
196	0.726
164	0.741
141	0.738
146	0.744
 -1	-1.000
 44	0.762
130	0.711
 35	0.340
 51	0.550
169	0.673
164	0.353
 86	0.688
 51	0.604
 82	0.478
 83	0.336
 12	0.535
 22	0.715
 31	0.298
168	0.755
156	0.668
164	0.751
172	0.596
123	0.650
165	0.399
 82	0.645
  0	0.668
 63	0.734
 73	0.792
 79	0.514
128	0.787
 65	0.548
 42	0.665
  5	0.511
 36	0.628
 78	0.429
196	0.816
 72	0.757
178	0.465
  3	0.743
  5	0.440
 94	0.731
162	0.748
164	0.729
 71	0.468
147	0.487
171	0.748
133	0.814
 35	0.760
130	0.375
 71	0.662
 57	0.743
107	0.783
 65	0.785
  2	0.782
174	0.708
172	0.783
113	0.114
 -1	-1.000
  5	0.793
164	0.707
162	0.719
135	0.622
 18	0.464
  9	0.466
 78	0.543
108	0.637
196	0.585
165	0.739
 46	0.472
 18	0.560
155	0.559
 54	0.437
 39	0.249
112	0.450
117	0.390
107	0.786
 57	0.559
 90	0.358
148	0.734
  8	0.547
 54	0.537
127	0.794
128	0.674
112	0.799
 29	0.511
169	0.783
 15	0.394
 33	0.684
 35	0.579
 82	0.736
 98	0.327
190	0.805
 20	0.580
 94	0.487
160	0.481
174	0.833
 42	0.726
 27	0.776
 53	0.658
  5	0.762
162	0.811
164	0.789
193	0.779
 -1	-1.000
130	0.723
 18	0.469
 17	0.716
178	0.683
 93	0.478
197	0.694
 92	0.423
100	0.649
 81	0.504
164	0.770
159	0.396
145	0.484
153	0.492
169	0.675
 84	0.504
161	0.817
176	0.379
199	0.660
 83	0.766
116	0.609
107	0.298
112	0.737
 39	0.655
 95	0.722
  4	0.619
  3	0.779
 51	0.622
 82	0.715
 18	0.738
 17	0.522
 67	0.772
147	0.690
120	0.826
 95	0.433
162	0.785
 28	0.757
183	0.774
 26	0.680
 -1	-1.000
153	0.681
 94	0.391
 43	0.501
 73	0.726
 71	0.519
126	0.749
139	0.505
100	0.661
140	0.631
 32	0.406
 67	0.579
 65	0.514
  2	0.655
174	0.465
169	0.642
145	0.656
 12	0.740
192	0.729
175	0.632
182	0.688
  8	0.668
 54	0.770
109	0.779
174	0.587
 46	0.630
 57	0.670
196	0.443
 98	0.674
105	0.713
135	0.803
168	0.448
189	0.467
 64	0.489
194	0.735
170	0.807
110	0.552
164	0.744
196	0.508
 89	0.720
 98	0.812
172	0.672
 -1	-1.000
196	0.747
 98	0.498
170	0.545
183	0.404
 90	0.580
113	0.496
164	0.616
 59	0.463
 56	0.453
 97	0.807
 81	0.372
102	0.575
174	0.529
 57	0.640
 22	0.499
 65	0.627
 63	0.329
 25	0.467
105	0.407
 72	0.494
 82	0.662
 27	0.709
 53	0.763
 22	0.485
195	0.535
 59	0.579
130	0.653
 88	0.426
 10	0.657
 88	0.659
 10	0.669
193	0.433
164	0.836
146	0.705
 18	0.345
167	0.731
 36	0.694
157	0.488
 64	0.719
168	0.723
189	0.810
100	0.301
169	0.168
 27	0.745
 -1	-1.000
185	0.748
128	0.712
 52	0.321
 63	0.354
 39	0.391
140	0.482
 51	0.569
105	0.690
135	0.502
 13	0.444
 76	0.576
 64	0.523
109	0.656
195	0.548
101	0.631
 13	0.693
 82	0.747
139	0.601
 54	0.761
 45	0.650
187	0.706
122	0.731
169	0.632
153	0.429
190	0.753
 53	0.538
 18	0.708
 82	0.631
139	0.700
 39	0.610
170	0.715
194	0.776
117	0.742
147	0.527
 18	0.638
 67	0.657
 22	0.807
 53	0.808
 23	0.296
 -1	-1.000
100	0.748
 63	0.359
 96	0.671
 53	0.762
 12	0.624
 27	0.684
 88	0.474
189	0.569
157	0.802
 82	0.539
  9	0.297
  4	0.464
 81	0.623
109	0.481
 28	0.766
 49	0.548
 71	0.742
126	0.670
141	0.757
156	0.761
 46	0.773
 57	0.450
 63	0.688
153	0.751
 81	0.672
 27	0.756
 42	0.607
 44	0.682
195	0.411
122	0.615
 83	0.854
122	0.864
187	0.551
 45	0.825
 67	0.416
 73	0.712
 71	0.797
184	0.411
132	0.842
 -1	-1.000
169	0.722
 57	0.668
 67	0.418
 71	0.430
 75	0.389
170	0.792
 24	0.577
 85	0.739
 57	0.531
 14	0.689
 33	0.661
 28	0.762
 82	0.615
 63	0.438
 52	0.750
 23	0.609
 94	0.431
 39	0.797
139	0.641
141	0.605
164	0.698
193	0.782
  8	0.362
170	0.750
  3	0.664
199	0.598
 78	0.615
 73	0.661
 71	0.794
137	0.406
139	0.641
114	0.515
 35	0.627
122	0.627
187	0.692
 72	0.717
 77	0.763
 60	0.783
 -1	-1.000
115	0.344
 82	0.549
165	0.629
191	0.700
126	0.624
 42	0.512
 27	0.477
 85	0.580
101	0.671
145	0.424
 81	0.369
 27	0.712
 88	0.491
112	0.560
184	0.398
100	0.640
 17	0.773
 18	0.705
 38	0.383
 83	0.762
122	0.784
187	0.747
 32	0.526
  7	0.296
155	0.502
 81	0.810
100	0.671
164	0.778
193	0.792
 95	0.479
  8	0.733
 39	0.752
196	0.813
 72	0.656
164	0.769
 86	0.653
118	0.665
 54	0.784
155	0.419
 27	0.813
125	0.793
110	0.807
114	0.607
 44	0.647
123	0.385
 -1	-1.000
 39	0.654
 64	0.492
109	0.715
 57	0.566
107	0.723
 13	0.559
 20	0.593
 72	0.438
 42	0.561
165	0.412
135	0.504
167	0.435
 42	0.632
143	0.566
 75	0.653
 81	0.678
158	0.637
  3	0.726
 92	0.715
 43	0.618
100	0.781
189	0.766
 81	0.752
 23	0.681
190	0.785
 26	0.361
 63	0.822
 89	0.697
 30	0.429
  1	0.746
138	0.725
137	0.761
155	0.695
 81	0.785
 70	0.779
155	0.281
190	0.812
 23	0.738
153	0.811
145	0.396
 56	0.675
122	0.789
187	0.699
 51	0.769
 44	0.808
145	0.207
 -1	-1.000
162	0.625
164	0.710
193	0.763
140	0.500
 73	0.748
 71	0.725
175	0.772
 51	0.547
 13	0.717
 81	0.319
 83	0.566
 82	0.745
157	0.284
189	0.665
129	0.575
100	0.484
140	0.517
 56	0.699
198	0.703
 95	0.725
 76	0.520
 14	0.550
 37	0.820
197	0.576
 91	0.651
105	0.773
173	0.797
152	0.626
195	0.725
 78	0.360
 26	0.667
 29	0.761
167	0.614
 42	0.734
 10	0.764
123	0.606
 59	0.718
113	0.630
 82	0.750
 87	0.496
164	0.680
146	0.767
101	0.467
 -1	-1.000
175	0.569
 13	0.516
182	0.801
 18	0.547
 64	0.276
108	0.664
101	0.706
110	0.765
164	0.657
156	0.391
  8	0.709
155	0.435
113	0.539
188	0.494
172	0.773
188	0.786
172	0.787
188	0.800
172	0.799
  0	0.737
 82	0.659
165	0.613
197	0.357
190	0.515
 27	0.458
 81	0.650
164	0.690
162	0.730
105	0.423
107	0.555
164	0.593
 76	0.395
187	0.707
122	0.819
133	0.554
 90	0.703
153	0.556
 63	0.773
103	0.831
149	0.585
177	0.518
105	0.235
135	0.664
 51	0.734
110	0.242
164	0.721
193	0.625
159	0.754
  7	0.751
169	0.739
174	0.803
 -1	-1.000
170	0.611
154	0.454
183	0.431
 27	0.577
 81	0.591
  4	0.699
184	0.501
 65	0.737
 34	0.437
152	0.512
 62	0.668
167	0.612
 36	0.494
 90	0.551
 83	0.797
183	0.507
164	0.622
 19	0.390
157	0.728
194	0.747
170	0.543
 54	0.736
153	0.647
 81	0.752
164	0.810
162	0.698
 95	0.468
 96	0.569
 95	0.756
157	0.705
120	0.763
189	0.757
192	0.628
 82	0.761
 63	0.628
 89	0.351
 61	0.536
 -1	-1.000
185	0.545
128	0.666
189	0.362
129	0.669
 17	0.700
178	0.741
172	0.682
164	0.384
196	0.716
 95	0.591
 82	0.612
 10	0.722
  2	0.632
 95	0.658
 29	0.759
 95	0.793
 39	0.656
139	0.610
151	0.782
139	0.776
151	0.773
113	0.467
 90	0.567
105	0.546
167	0.579
 30	0.372
163	0.601
101	0.751
  2	0.623
183	0.667
124	0.437
 87	0.813
104	0.528
  4	0.696
100	0.792
122	0.711
 73	0.564
 71	0.826
126	0.781
164	0.647
193	0.609
110	0.707
140	0.793
 41	0.804
181	0.665
 13	0.789
 -1	-1.000
140	0.753
 89	0.756
 87	0.336
 76	0.479
 64	0.728
 39	0.588
194	0.666
 95	0.523
162	0.519
173	0.559
 77	0.395
 71	0.702
 13	0.780
101	0.605
121	0.318
190	0.510
135	0.545
153	0.707
 32	0.475
  5	0.802
 38	0.356
128	0.426
190	0.707
 44	0.728
106	0.765
 57	0.707
 22	0.745
 86	0.391
 56	0.603
 86	0.760
128	0.723
 52	0.577
132	0.653
115	0.529
140	0.602
  8	0.264
 26	0.401
 46	0.742
137	0.767
155	0.694
 81	0.792
 70	0.784
 77	0.761
 72	0.718
 -1	-1.000
 48	0.837
 30	0.477
169	0.619
125	0.465
141	0.556
164	0.763
193	0.724
 13	0.623
160	0.698
157	0.566
  9	0.302
134	0.429
140	0.681
150	0.719
167	0.474
 42	0.632
 91	0.356
 89	0.639
 63	0.784
139	0.719
124	0.451
133	0.784
135	0.404
 18	0.481
 82	0.567
124	0.528
154	0.756
 18	0.458
 67	0.702
189	0.732
130	0.645
 71	0.650
 55	0.420
169	0.712
  4	0.467
102	0.776
 51	0.743
 82	0.616
113	0.500
 89	0.820
100	0.699
 22	0.767
175	0.636
 32	0.761
 -1	-1.000
123	0.722
 59	0.756
 92	0.660
  8	0.686
 12	0.376
167	0.475
 42	0.699
  5	0.668
177	0.473
188	0.619
112	0.609
117	0.448
189	0.423
170	0.701
154	0.605
 80	0.620
157	0.775
 35	0.361
 63	0.561
186	0.566
180	0.794
 29	0.681
188	0.695
  8	0.674
127	0.786
162	0.682
164	0.639
172	0.499
170	0.737
 85	0.634
117	0.702
147	0.669
 71	0.776
 73	0.830
 97	0.489
 -1	-1.000
167	0.769
169	0.404
 37	0.527
 36	0.686
143	0.550
110	0.532
125	0.269
189	0.668
172	0.574
 82	0.476
190	0.298
153	0.728
103	0.690
140	0.560
 84	0.765
164	0.681
101	0.761
169	0.537
189	0.627
117	0.673
 89	0.590
 82	0.788
 83	0.610
122	0.600
195	0.757
122	0.763
195	0.768
 75	0.660
 81	0.808
169	0.500
 10	0.529
 13	0.645
160	0.553
 76	0.717
122	0.598
187	0.790
 -1	-1.000
164	0.364
 86	0.516
100	0.603
 42	0.728
174	0.459
 59	0.350
 87	0.413
159	0.578
177	0.359
105	0.754
164	0.655
 95	0.465
 15	0.613
118	0.613
 71	0.685
 73	0.321
122	0.656
100	0.711
 13	0.467
 76	0.819
122	0.568
150	0.409
 19	0.567
  2	0.721
102	0.660
145	0.323
 81	0.758
109	0.462
 28	0.722
 50	0.682
 47	0.576
101	0.583
164	0.680
101	0.718
164	0.739
193	0.553
188	0.770
  7	0.701
169	0.753
 84	0.777
161	0.790
 -1	-1.000
135	0.762
 18	0.424
 83	0.774
 38	0.672
122	0.637
 73	0.710
187	0.575
 86	0.633
164	0.613
193	0.613
 50	0.692
136	0.470
151	0.468
 36	0.386
 83	0.373
 12	0.505
155	0.376
190	0.762
 44	0.616
195	0.677
130	0.542
  7	0.715
 17	0.725
142	0.683
139	0.762
190	0.701
 47	0.419
164	0.458
193	0.744
 13	0.508
 76	0.721
153	0.814
 81	0.649
 27	0.729
125	0.738
 52	0.623
190	0.838
 53	0.433
 96	0.711
157	0.742
189	0.684
130	0.725
 33	0.257
112	0.336
 -1	-1.000
109	0.567
 94	0.467
 54	0.535
 45	0.476
 27	0.613
121	0.504
107	0.501
 65	0.327
194	0.659
107	0.321
 22	0.730
144	0.739
 53	0.714
 65	0.723
 35	0.662
 63	0.812
 89	0.776
153	0.740
178	0.673
 93	0.422
194	0.293
100	0.565
 13	0.742
 89	0.492
169	0.386
 36	0.590
 51	0.570
155	0.644
142	0.616
169	0.587
 47	0.707
154	0.799
 28	0.676
 99	0.298
 97	0.764
148	0.651
157	0.784
 95	0.738
 39	0.735
 -1	-1.000
112	0.756
184	0.491
 79	0.698
 48	0.566
140	0.666
 43	0.533
100	0.604
189	0.518
 64	0.739
134	0.769
164	0.568
159	0.662
195	0.615
 43	0.324
155	0.393
 27	0.653
 42	0.743
 10	0.793
169	0.787
189	0.651
130	0.580
120	0.603
 10	0.529
190	0.721
 23	0.457
 45	0.677
132	0.737
 51	0.645
167	0.583
157	0.716
 64	0.773
 28	0.661
101	0.724
 36	0.703
105	0.605
173	0.810
 -1	-1.000
149	0.555
 15	0.691
 85	0.560
190	0.575
 42	0.421
 27	0.440
 35	0.515
  5	0.786
162	0.746
 28	0.588
  8	0.740
 26	0.599
 46	0.765
 89	0.522
 87	0.593
126	0.706
109	0.444
177	0.457
162	0.486
164	0.765
117	0.432
149	0.599
 42	0.756
 51	0.673
100	0.447
 17	0.655
 77	0.567
 82	0.455
 47	0.698
 65	0.513
 15	0.779
122	0.471
185	0.532
111	0.715
 42	0.795
169	0.700
189	0.550
192	0.737
175	0.701
 82	0.762
157	0.390
 -1	-1.000
 42	0.529
 27	0.491
 39	0.574
 92	0.598
170	0.632
 64	0.601
103	0.284
129	0.672
103	0.669
129	0.676
112	0.656
 33	0.683
 51	0.271
 82	0.543
 83	0.641
122	0.731
187	0.583
 64	0.710
187	0.719
 64	0.732
196	0.330
107	0.434
 22	0.735
 43	0.671
190	0.579
135	0.625
 18	0.716
172	0.598
113	0.783
  2	0.568
 93	0.535
169	0.809
153	0.599
164	0.657
141	0.677
 -1	-1.000
170	0.569
100	0.624
169	0.501
142	0.581
  0	0.405
 42	0.647
 27	0.696
190	0.341
114	0.692
 44	0.736
 75	0.772
 99	0.615
 39	0.616
 82	0.615
 36	0.562
 83	0.650
122	0.380
187	0.604
192	0.507
 72	0.377
 16	0.433
193	0.441
 94	0.466
171	0.735
178	0.599
 17	0.739
164	0.762
193	0.806
166	0.511
140	0.761
 41	0.805
167	0.652
157	0.585
 29	0.766
 95	0.734
123	0.750
145	0.680
 42	0.689
  5	0.360
 68	0.417
 -1	-1.000
 99	0.713
 39	0.748
170	0.714
 63	0.607
 34	0.552
144	0.661
184	0.609
108	0.771
 98	0.375
172	0.759
 80	0.774
 83	0.728
122	0.777
 47	0.655
164	0.367
141	0.573
 65	0.673
 79	0.714
 45	0.602
128	0.689
 35	0.749
130	0.548
160	0.804
 13	0.622
174	0.728
109	0.679
112	0.463
 31	0.776
119	0.429
 13	0.747
 82	0.572
 10	0.540
169	0.759
 47	0.469
 29	0.720
144	0.740
184	0.701
132	0.837
184	0.831
 -1	-1.000
 29	0.609
167	0.634
157	0.658
 94	0.588
 54	0.547
 64	0.765
 28	0.651
 50	0.457
 59	0.664
  9	0.394
167	0.486
107	0.554
167	0.726
 66	0.500
118	0.686
190	0.776
  6	0.343
168	0.566
169	0.561
 93	0.739
  2	0.450
135	0.375
 82	0.632
 27	0.460
 81	0.597
 84	0.559
 22	0.747
174	0.506
172	0.675
 83	0.679
 11	0.628
128	0.706
 79	0.768
 30	0.598
 68	0.690
163	0.754
178	0.756
 93	0.666
112	0.687
 29	0.758
 57	0.724
 39	0.720
 66	0.566
 98	0.691
153	0.697
 85	0.402
113	0.625
 85	0.649
113	0.657
 85	0.778
 -1	-1.000
188	0.516
 55	0.655
169	0.475
161	0.566
 25	0.552
 18	0.528
177	0.547
109	0.602
164	0.643
130	0.371
125	0.404
  6	0.403
109	0.536
  6	0.607
109	0.565
 48	0.433
 13	0.715
 51	0.720
 82	0.614
144	0.354
 95	0.700
164	0.527
159	0.606
195	0.645
109	0.676
187	0.349
122	0.770
 83	0.433
 62	0.665
141	0.701
145	0.728
  9	0.699
  3	0.709
  1	0.756
197	0.659
170	0.389
 64	0.573
 -1	-1.000
 44	0.752
128	0.683
169	0.572
  7	0.606
162	0.419
  8	0.653
145	0.649
 89	0.420
 63	0.680
 37	0.716
194	0.670
 43	0.513
190	0.329
 51	0.572
 23	0.543
 44	0.805
139	0.604
 39	0.666
157	0.608
 95	0.547
189	0.488
 48	0.698
101	0.704
140	0.798
 81	0.555
 27	0.672
 42	0.698
  2	0.795
174	0.731
113	0.807
172	0.800
 83	0.826
176	0.801
 58	0.711
 67	0.768
 52	0.515
106	0.764
109	0.817
177	0.527
 42	0.764
 27	0.742
 10	0.820
 26	0.344
 20	0.681
151	0.825
 -1	-1.000
  8	0.801
 81	0.344
164	0.638
146	0.707
107	0.671
 22	0.411
169	0.520
 81	0.602
164	0.752
196	0.662
114	0.537
 36	0.695
157	0.645
167	0.666
 47	0.386
151	0.603
172	0.725
173	0.640
 63	0.728
157	0.515
 47	0.681
 10	0.654
154	0.668
118	0.689
 28	0.803
156	0.368
  8	0.809
 38	0.790
 97	0.725
175	0.601
 13	0.585
135	0.758
 76	0.530
 64	0.710
189	0.831
129	0.687
168	0.793
129	0.801
184	0.520
132	0.765
184	0.780
132	0.788
 45	0.797
122	0.666
 63	0.778
 89	0.750
 82	0.757
165	0.805
  8	0.626
 54	0.673
170	0.795
110	0.703
 85	0.803
 -1	-1.000
 65	0.822
 45	0.461
122	0.663
 83	0.597
113	0.796
 59	0.758
  8	0.674
169	0.596
145	0.766
 27	0.443
 39	0.541
120	0.496
170	0.544
 54	0.622
 47	0.509
155	0.741
196	0.535
 70	0.620
 67	0.632
 77	0.657
 73	0.590
  2	0.761
 80	0.441
121	0.620
122	0.602
 83	0.798
113	0.660
 50	0.754
182	0.476
  3	0.721
 94	0.685
 10	0.534
106	0.510
109	0.752
126	0.667
 87	0.655
121	0.757
 15	0.732
 81	0.617
145	0.710
153	0.729
 80	0.767
149	0.789
 28	0.654
 15	0.706
 85	0.783
110	0.660
 37	0.728
 83	0.437
 63	0.789
 -1	-1.000
 71	0.635
132	0.567
 22	0.377
164	0.484
146	0.678
 52	0.623
 57	0.626
 81	0.477
 22	0.588
 53	0.612
181	0.601
 48	0.723
101	0.617
 72	0.402
 13	0.604
 89	0.668
 91	0.677
105	0.719
 51	0.681
167	0.790
 66	0.485
 45	0.716
 35	0.695
 63	0.800
186	0.820
180	0.832
 29	0.772
  4	0.673
  3	0.503
184	0.601
 87	0.461
 47	0.699
169	0.721
  7	0.802
195	0.812
158	0.483
 36	0.653
 18	0.424
132	0.724
115	0.741
  8	0.787
124	0.702
 89	0.793
 81	0.535
108	0.725
149	0.812
 15	0.803
189	0.737
129	0.805
184	0.767
132	0.825
 -1	-1.000
190	0.686
  0	0.458
 48	0.785
 75	0.688
 37	0.721
170	0.532
 90	0.724
170	0.734
 90	0.751
113	0.673
 50	0.682
143	0.587
 63	0.380
 76	0.466
164	0.713
193	0.699
166	0.589
 45	0.341
187	0.786
122	0.682
 83	0.842
122	0.846
 83	0.864
 11	0.712
161	0.773
 10	0.735
 42	0.660
 35	0.347
189	0.565
 64	0.489
100	0.685
 89	0.776
 63	0.664
152	0.397
 69	0.800
152	0.815
 69	0.822
155	0.441
 97	0.774
140	0.784
100	0.677
160	0.760
 72	0.315
 69	0.588
109	0.654
 28	0.815
 -1	-1.000
 13	0.380
 99	0.594
 75	0.583
 54	0.741
102	0.602
 45	0.751
 74	0.544
 78	0.697
 77	0.518
 71	0.720
 84	0.666
161	0.600
 83	0.790
122	0.840
 51	0.679
 86	0.436
164	0.653
130	0.761
157	0.600
 25	0.691
132	0.644
164	0.593
193	0.542
 13	0.717
 11	0.699
 76	0.568
122	0.619
187	0.553
147	0.666
 71	0.760
 57	0.446
 14	0.311
151	0.834
 64	0.702
172	0.671
170	0.626
 90	0.582
 36	0.737
 42	0.386
 27	0.720
 81	0.773
164	0.808
141	0.544
 89	0.611
 72	0.458
 -1	-1.000
 72	0.649
 32	0.728
178	0.434
 93	0.521
 35	0.731
 33	0.705
 82	0.412
 42	0.534
155	0.696
 27	0.778
 81	0.726
 83	0.587
 43	0.744
 79	0.407
132	0.538
 95	0.771
 31	0.576
164	0.764
193	0.766
185	0.270
 57	0.550
 65	0.694
194	0.615
170	0.439
 69	0.725
 90	0.557
 42	0.702
 90	0.738
 42	0.746
 35	0.567
  5	0.749
133	0.691
171	0.779
169	0.741
167	0.726
 66	0.636
118	0.465
101	0.620
 71	0.660
 72	0.676
 42	0.759
174	0.504
 82	0.590
165	0.687
196	0.794
105	0.790
135	0.491
 96	0.656
178	0.794
 55	0.706
188	0.608
153	0.748
192	0.728
 12	0.813
 18	0.707
 66	0.494
 26	0.779
 -1	-1.000
 27	0.666
155	0.572
141	0.427
164	0.632
120	0.374
194	0.568
157	0.692
 82	0.427
 47	0.385
 90	0.529
153	0.572
 81	0.646
164	0.535
101	0.328
169	0.614
 81	0.581
158	0.766
  0	0.792
163	0.596
  9	0.460
141	0.741
127	0.639
191	0.629
189	0.763
100	0.541
 30	0.804
 48	0.298
113	0.541
 59	0.799
 87	0.725
  5	0.439
 42	0.503
 44	0.742
 66	0.553
 46	0.611
 26	0.804
 46	0.789
 -1	-1.000
187	0.750
 83	0.558
 51	0.564
 83	0.574
 22	0.416
 11	0.579
 14	0.343
118	0.576
101	0.503
 56	0.495
110	0.246
 13	0.684
 75	0.785
 99	0.747
 28	0.589
183	0.618
177	0.783
105	0.439
164	0.689
173	0.725
122	0.259
 40	0.429
121	0.432
 47	0.621
164	0.743
184	0.556
  3	0.646
 66	0.770
190	0.711
118	0.763
 65	0.370
194	0.726
 63	0.767
 82	0.668
109	0.458
177	0.616
162	0.388
164	0.800
159	0.610
122	0.686
 44	0.772
 42	0.816
 27	0.743
155	0.621
 81	0.803
 -1	-1.000
 59	0.607
176	0.760
 67	0.321
 71	0.577
139	0.733
 39	0.662
153	0.474
 80	0.568
142	0.508
 30	0.336
108	0.739
 78	0.646
 73	0.759
190	0.589
 70	0.546
 81	0.745
 75	0.751
164	0.538
 71	0.496
170	0.750
 71	0.752
170	0.775
154	0.618
155	0.393
113	0.716
 89	0.828
 63	0.653
 18	0.631
 67	0.788
 90	0.471
 36	0.528
100	0.721
150	0.524
 26	0.701
166	0.586
 54	0.577
 64	0.748
168	0.597
 82	0.263
112	0.767
165	0.624
 46	0.671
105	0.810
140	0.368
112	0.849
107	0.626
 44	0.807
106	0.810
156	0.772
109	0.808
 69	0.592
118	0.445
160	0.746
 77	0.655
 42	0.628
139	0.413
 44	0.820
 -1	-1.000
 89	0.719
108	0.405
173	0.577
115	0.532
132	0.697
129	0.698
 17	0.560
164	0.678
159	0.378
133	0.613
196	0.447
 72	0.583
 10	0.532
169	0.762
 37	0.396
 64	0.607
170	0.731
 66	0.394
102	0.618
 83	0.448
 80	0.617
149	0.546
 44	0.778
128	0.705
106	0.606
119	0.787
 13	0.536
 89	0.711
159	0.353
146	0.705
145	0.780
 77	0.349
195	0.714
109	0.793
177	0.702
 -1	-1.000
 52	0.785
 63	0.391
 89	0.754
 98	0.623
  5	0.570
155	0.571
196	0.704
164	0.635
 63	0.669
192	0.468
 51	0.580
175	0.765
 39	0.417
 57	0.736
 29	0.695
180	0.505
188	0.765
 82	0.528
 75	0.739
 81	0.481
 41	0.466
 44	0.685
159	0.812
145	0.478
122	0.550
145	0.746
122	0.739
100	0.307
 80	0.812
103	0.305
167	0.765
 35	0.510
169	0.621
101	0.681
 48	0.685
 13	0.849
188	0.391
133	0.738
139	0.479
  3	0.202
192	0.752
 -1	-1.000
 71	0.791
 82	0.482
112	0.708
 47	0.654
169	0.741
101	0.563
 72	0.690
106	0.710
105	0.732
173	0.690
 86	0.610
164	0.784
193	0.646
 94	0.465
 54	0.764
 46	0.242
114	0.637
105	0.535
 96	0.533
 53	0.783
 78	0.542
190	0.634
 40	0.624
183	0.653
 35	0.681
120	0.231
 20	0.586
 42	0.693
 84	0.715
140	0.641
137	0.676
140	0.718
118	0.443
168	0.738
128	0.630
114	0.576
132	0.578
125	0.734
 15	0.764
 85	0.772
 -1	-1.000
164	0.512
 13	0.717
 89	0.508
 63	0.705
117	0.653
 18	0.448
 14	0.341
117	0.671
167	0.618
 63	0.757
173	0.658
 45	0.834
 64	0.391
194	0.729
 43	0.656
 83	0.673
122	0.792
 73	0.423
 71	0.774
126	0.553
164	0.706
193	0.658
110	0.679
170	0.725
 61	0.598
 42	0.751
 27	0.716
 82	0.745
155	0.672
139	0.757
 39	0.638
 44	0.781
 10	0.771
 90	0.417
 47	0.781
 73	0.323
 71	0.809
175	0.738
135	0.646
167	0.463
 30	0.649
 28	0.709
 55	0.560
153	0.574
 -1	-1.000
188	0.544
105	0.524
109	0.676
 18	0.615
 67	0.370
137	0.433
140	0.506
 84	0.529
 47	0.571
 87	0.381
 35	0.765
 33	0.603
122	0.771
116	0.601
 83	0.811
187	0.409
122	0.645
190	0.713
 30	0.514
 23	0.737
110	0.727
170	0.752
  3	0.662
167	0.769
 82	0.454
 83	0.762
 11	0.759
122	0.783
187	0.748
133	0.832
171	0.704
 95	0.668
170	0.767
161	0.390
 38	0.564
 97	0.755
 62	0.812
 93	0.772
  2	0.651
 19	0.504
 13	0.664
 89	0.827
 63	0.799
 34	0.740
 55	0.792
145	0.588
 -1	-1.000
184	0.746
132	0.768
 42	0.559
 82	0.665
191	0.540
101	0.558
 36	0.762
128	0.558
117	0.478
 39	0.587
 75	0.452
 54	0.669
 14	0.495
169	0.431
174	0.798
172	0.636
 83	0.607
 82	0.779
 63	0.594
 35	0.728
 61	0.459
 42	0.617
107	0.716
167	0.440
117	0.576
130	0.458
118	0.642
 65	0.772
  1	0.655
 75	0.813
188	0.628
180	0.499
167	0.616
169	0.715
 81	0.456
164	0.687
193	0.724
141	0.801
190	0.825
114	0.776
 75	0.504
 24	0.786
 -1	-1.000
189	0.622
157	0.741
192	0.724
 63	0.631
 39	0.548
 64	0.409
 28	0.482
189	0.455
100	0.583
 81	0.542
112	0.299
 22	0.502
  7	0.761
164	0.491
146	0.669
109	0.770
 78	0.412
 81	0.531
164	0.489
196	0.801
105	0.662
 72	0.730
169	0.622
 84	0.725
161	0.820
 38	0.709
 46	0.649
170	0.732
 63	0.767
 35	0.741
 33	0.729
  5	0.714
110	0.744
 75	0.509
 83	0.424
162	0.843
164	0.768
 89	0.382
153	0.823
 -1	-1.000
175	0.746
 42	0.364
108	0.436
110	0.526
 60	0.634
 19	0.754
 97	0.793
106	0.589
 57	0.424
 48	0.663
167	0.484
 42	0.392
165	0.645
175	0.650
125	0.631
 27	0.613
164	0.431
193	0.662
109	0.680
183	0.412
150	0.523
  4	0.618
184	0.421
144	0.553
170	0.529
 58	0.617
167	0.243
 35	0.615
 63	0.841
 89	0.756
141	0.586
 -1	-1.000
 42	0.676
 10	0.359
 66	0.587
141	0.662
173	0.781
105	0.665
135	0.722
 82	0.524
 63	0.532
 72	0.605
 86	0.581
164	0.683
193	0.735
 54	0.298
195	0.526
189	0.539
120	0.684
 72	0.409
162	0.533
 17	0.426
164	0.779
193	0.544
 84	0.688
150	0.787
178	0.571
 47	0.795
 55	0.553
169	0.442
 77	0.415
 42	0.780
 27	0.769
  5	0.648
162	0.529
164	0.728
184	0.552
  8	0.758
112	0.591
177	0.462
 57	0.804
 -1	-1.000
171	0.836
193	0.515
164	0.465
 86	0.504
 51	0.691
167	0.574
157	0.532
 31	0.586
 39	0.529
 63	0.782
123	0.726
 59	0.709
 11	0.620
191	0.585
 82	0.682
165	0.412
196	0.562
164	0.547
193	0.729
 24	0.727
166	0.722
183	0.450
 22	0.768
 53	0.533
 38	0.465
  0	0.461
194	0.383
 12	0.594
194	0.631
 12	0.659
194	0.722
 12	0.741
194	0.748
 12	0.774
194	0.783
 12	0.792
194	0.800
 12	0.802
194	0.802
 37	0.368
171	0.797
145	0.445
159	0.700
 81	0.774
 22	0.642
181	0.342
 13	0.684
 76	0.816
153	0.748
145	0.711
159	0.627
  3	0.833
 -1	-1.000
 19	0.585
164	0.532
159	0.639
  9	0.756
145	0.655
123	0.709
107	0.621
188	0.469
180	0.759
175	0.341
125	0.626
 82	0.624
167	0.457
157	0.786
132	0.595
 45	0.806
125	0.506
128	0.765
143	0.488
110	0.529
140	0.768
 41	0.440
 34	0.529
 47	0.502
133	0.582
187	0.750
122	0.771
161	0.757
 83	0.799
113	0.786
172	0.793
100	0.561
179	0.762
 79	0.670
128	0.709
 18	0.720
 17	0.519
153	0.706
  2	0.672
 26	0.813
 -1	-1.000
105	0.802
106	0.547
130	0.728
118	0.664
167	0.395
112	0.656
 22	0.741
133	0.563
189	0.727
125	0.530
192	0.627
 82	0.628
 83	0.570
161	0.671
131	0.669
 39	0.669
 95	0.524
132	0.583
 22	0.754
175	0.773
119	0.604
 13	0.776
  4	0.509
 99	0.551
  3	0.774
140	0.495
  4	0.205
 13	0.741
110	0.588
 70	0.360
102	0.825
 51	0.701
105	0.797
173	0.453
 96	0.781
145	0.447
159	0.523
 85	0.720
 41	0.406
 82	0.595
 75	0.793
 81	0.706
164	0.642
 72	0.768
 -1	-1.000
 86	0.724
117	0.501
167	0.663
 36	0.443
 51	0.763
 91	0.735
  5	0.468
164	0.454
193	0.597
159	0.625
 44	0.412
139	0.626
 39	0.668
170	0.469
154	0.770
124	0.781
 50	0.515
 82	0.750
172	0.656
170	0.754
 84	0.484
164	0.714
196	0.502
 57	0.443
  3	0.556
 -1	-1.000
 92	0.522
189	0.546
 81	0.762
155	0.508
117	0.679
107	0.498
 63	0.569
166	0.372
169	0.291
189	0.739
192	0.525
 12	0.606
189	0.409
194	0.436
133	0.711
194	0.717
133	0.746
194	0.760
133	0.749
 43	0.393
 75	0.536
 43	0.536
 75	0.630
 81	0.669
 73	0.309
 71	0.804
126	0.671
164	0.781
193	0.714
166	0.319
179	0.341
 63	0.681
 89	0.696
113	0.566
160	0.568
174	0.795
 35	0.723
 93	0.593
157	0.706
 39	0.364
 54	0.819
 28	0.713
162	0.807
164	0.808
193	0.740
 13	0.758
 89	0.744
 98	0.718
105	0.715
 -1	-1.000
112	0.553
140	0.600
100	0.665
 80	0.687
153	0.706
 81	0.612
  7	0.726
134	0.631
160	0.492
199	0.584
190	0.595
114	0.428
 35	0.458
136	0.565
 35	0.714
136	0.750
 35	0.539
 87	0.262
 42	0.613
 82	0.744
155	0.560
113	0.762
172	0.640
118	0.707
 10	0.597
190	0.612
199	0.384
107	0.469
182	0.665
143	0.747
110	0.627
164	0.741
159	0.383
101	0.522
  2	0.638
 48	0.634
126	0.697
 75	0.814
 79	0.668
 43	0.703
 22	0.695
191	0.262
 82	0.793
128	0.365
147	0.562
100	0.762
 92	0.720
167	0.553
 64	0.808
 -1	-1.000
 39	0.806
 54	0.467
127	0.317
190	0.364
 47	0.739
 23	0.675
 29	0.692
167	0.595
169	0.611
145	0.705
159	0.522
 44	0.609
 63	0.789
186	0.603
180	0.641
 89	0.415
 71	0.752
 63	0.702
 39	0.755
 95	0.681
189	0.763
162	0.742
 28	0.609
164	0.795
193	0.721
 94	0.371
 30	0.621
169	0.491
167	0.643
 82	0.670
165	0.411
114	0.522
159	0.766
 44	0.815
 10	0.720
 61	0.165
 60	0.799
 -1	-1.000
100	0.731
 13	0.441
169	0.586
 47	0.580
164	0.724
127	0.655
155	0.627
 78	0.662
169	0.513
  7	0.711
  3	0.749
182	0.587
143	0.702
139	0.773
115	0.584
 31	0.756
  8	0.556
 38	0.597
  8	0.656
 38	0.712
  8	0.763
156	0.647
 28	0.538
 49	0.679
183	0.736
178	0.642
 38	0.583
197	0.777
108	0.349
 78	0.468
118	0.454
168	0.632
130	0.723
 39	0.399
 84	0.579
161	0.766
123	0.493
192	0.771
 12	0.567
176	0.761
114	0.588
 35	0.357
194	0.764
 35	0.770
194	0.764
 35	0.746
194	0.720
 35	0.695
 63	0.690
 89	0.825
 98	0.656
153	0.625
190	0.606
 23	0.736
 52	0.720
 45	0.759
132	0.801
 -1	-1.000
164	0.686
 86	0.364
155	0.643
 81	0.687
 70	0.634
102	0.639
 83	0.408
122	0.664
187	0.479
 72	0.512
 13	0.619
 71	0.817
194	0.502
122	0.366
187	0.624
 32	0.588
112	0.764
 82	0.344
 95	0.606
 66	0.622
 44	0.552
 42	0.804
 27	0.749
  5	0.601
162	0.625
 76	0.614
164	0.779
170	0.311
 78	0.747
 80	0.478
 -1	-1.000
139	0.688
 39	0.702
 63	0.515
 89	0.467
141	0.547
100	0.714
  3	0.588
  7	0.705
164	0.546
146	0.530
141	0.722
190	0.296
 18	0.584
 35	0.419
133	0.577
 19	0.715
133	0.703
 19	0.691
 39	0.503
 31	0.420
 23	0.652
191	0.769
 22	0.650
 57	0.598
107	0.753
112	0.424
 91	0.636
112	0.686
 91	0.788
179	0.647
118	0.790
190	0.754
 53	0.574
 96	0.543
145	0.782
164	0.483
162	0.645
 -1	-1.000
110	0.813
114	0.752
 35	0.508
 63	0.784
 76	0.550
 51	0.399
167	0.461
 98	0.386
 58	0.557
 64	0.580
 80	0.704
119	0.398
 65	0.597
 57	0.730
 63	0.805
 90	0.436
 36	0.697
127	0.467
 19	0.253
151	0.408
 95	0.739
151	0.743
 95	0.754
151	0.774
 57	0.727
 14	0.681
 53	0.763
 78	0.637
 72	0.519
 73	0.695
 42	0.740
 35	0.459
164	0.681
193	0.751
185	0.501
 -1	-1.000
 18	0.770
 26	0.282
 30	0.566
100	0.727
140	0.653
 43	0.681
 38	0.634
 18	0.752
 39	0.469
116	0.435
 83	0.762
 82	0.557
 89	0.505
100	0.627
159	0.643
 44	0.408
 82	0.536
 90	0.284
194	0.797
  0	0.325
 82	0.623
 42	0.489
 35	0.504
122	0.723
 73	0.530
 71	0.531
198	0.781
141	0.699
  9	0.501
  1	0.596
160	0.738
174	0.651
 24	0.809
 79	0.521
 95	0.802
194	0.782
 71	0.693
 -1	-1.000
 85	0.698
164	0.689
193	0.645
 22	0.429
169	0.513
 84	0.518
145	0.763
 30	0.548
185	0.556
 22	0.677
 57	0.574
140	0.752
100	0.695
 43	0.683
189	0.782
130	0.435
 71	0.735
 39	0.663
120	0.399
189	0.699
147	0.779
 53	0.546
155	0.701
 53	0.748
155	0.741
 53	0.731
190	0.523
 27	0.607
190	0.626
 28	0.639
194	0.470
 12	0.773
192	0.635
167	0.814
112	0.424
190	0.610
 53	0.659
 23	0.798
 45	0.780
 63	0.714
186	0.813
 72	0.721
180	0.744
188	0.819
170	0.317
 75	0.579
 37	0.727
194	0.684
170	0.742
140	0.732
112	0.779
107	0.688
 29	0.751
107	0.782
 29	0.816
108	0.228
149	0.796
 15	0.570
145	0.752
 72	0.547
 86	0.788
107	0.818
112	0.716
 57	0.718
185	0.749
 89	0.789
 -1	-1.000
164	0.711
185	0.472
153	0.567
185	0.689
 91	0.599
170	0.355
 71	0.504
 75	0.740
 81	0.562
 35	0.544
122	0.784
187	0.664
 12	0.674
139	0.674
 39	0.636
 63	0.426
153	0.620
 81	0.706
 23	0.727
 39	0.434
 31	0.812
 92	0.483
164	0.699
193	0.427
 24	0.706
166	0.795
147	0.382
189	0.675
 71	0.816
 73	0.621
 78	0.682
 90	0.416
 37	0.425
161	0.710
122	0.332
133	0.801
171	0.855
131	0.788
  1	0.738
177	0.804
 18	0.578
 25	0.686
 -1	-1.000
 53	0.793
 96	0.536
141	0.699
164	0.507
 79	0.599
 83	0.699
172	0.657
 66	0.584
 63	0.704
 35	0.608
 34	0.785
 55	0.509
107	0.709
167	0.729
 63	0.529
157	0.714
 37	0.480
161	0.748
169	0.526
 84	0.628
137	0.710
 81	0.702
155	0.695
113	0.721
 89	0.727
 83	0.761
 63	0.812
 35	0.707
164	0.404
 79	0.502
127	0.623
128	0.720
185	0.787
179	0.785
189	0.470
 64	0.832
  2	0.694
101	0.804
118	0.732
185	0.395
 75	0.152
 54	0.575
 81	0.749
153	0.812
142	0.711
 89	0.751
100	0.717
 17	0.558
172	0.642
 -1	-1.000
 18	0.426
 25	0.469
160	0.718
 50	0.384
185	0.688
 57	0.684
 89	0.711
 63	0.439
 82	0.605
157	0.494
 71	0.670
 44	0.279
 94	0.467
 23	0.757
190	0.575
 28	0.414
183	0.623
 26	0.550
 78	0.519
 71	0.769
147	0.503
 67	0.775
120	0.694
122	0.797
187	0.797
 45	0.674
 35	0.549
 63	0.717
 89	0.825
 98	0.714
 87	0.645
 82	0.737
 35	0.752
194	0.633
184	0.498
129	0.489
132	0.750
102	0.771
 83	0.678
 82	0.831
 83	0.835
 82	0.826
 83	0.824
 82	0.822
165	0.449
167	0.648
 20	0.736
 -1	-1.000
 15	0.760
 66	0.316
 72	0.526
 42	0.562
 27	0.707
118	0.530
175	0.427
 80	0.662
160	0.471
 12	0.643
 51	0.312
 86	0.648
 44	0.606
195	0.570
 22	0.639
136	0.461
107	0.654
136	0.737
107	0.767
123	0.666
 40	0.603
 76	0.778
 50	0.663
 99	0.801
 81	0.466
145	0.688
 54	0.797
109	0.649
170	0.736
194	0.713
 29	0.539
 35	0.134
 63	0.733
186	0.837
180	0.794
 29	0.331
117	0.554
 29	0.679
117	0.739
107	0.513
136	0.697
 31	0.657
164	0.799
193	0.739
 13	0.705
 89	0.753
196	0.434
184	0.785
 -1	-1.000
163	0.578
 83	0.709
116	0.677
 62	0.643
167	0.411
 36	0.693
 54	0.620
 97	0.681
 45	0.784
 95	0.460
184	0.466
108	0.582
132	0.651
168	0.475
 45	0.501
 15	0.357
121	0.784
197	0.530
133	0.372
187	0.275
 86	0.651
187	0.662
 86	0.699
187	0.709
 86	0.745
139	0.389
185	0.302
164	0.281
 47	0.563
 35	0.685
 33	0.404
149	0.549
 80	0.838
 73	0.172
 71	0.462
198	0.407
190	0.437
 64	0.344
122	0.722
100	0.672
 92	0.771
 18	0.709
 25	0.829
 -1	-1.000
113	0.756
 65	0.360
 63	0.679
 39	0.663
119	0.503
  4	0.631
  3	0.762
170	0.511
153	0.545
145	0.618
 58	0.382
170	0.398
 75	0.780
 81	0.740
164	0.790
162	0.726
108	0.299
167	0.710
 20	0.417
 13	0.588
164	0.725
193	0.738
196	0.672
 72	0.649
 42	0.696
 88	0.429
148	0.645
157	0.586
160	0.600
 13	0.769
  8	0.663
 92	0.758
 56	0.806
 44	0.664
155	0.819
 27	0.524
 81	0.741
 27	0.747
 81	0.761
 27	0.760
 81	0.757
164	0.696
193	0.590
162	0.807
166	0.698
 28	0.768
183	0.790
 -1	-1.000
 42	0.645
 10	0.491
 90	0.699
 37	0.650
184	0.437
112	0.318
140	0.600
199	0.603
167	0.739
157	0.700
 73	0.703
 71	0.553
121	0.747
 98	0.511
167	0.683
 98	0.653
167	0.648
153	0.391
 81	0.464
 83	0.357
 43	0.624
140	0.736
 41	0.564
135	0.785
167	0.574
139	0.286
 39	0.798
  8	0.673
 95	0.666
193	0.636
127	0.634
164	0.751
146	0.733
145	0.718
169	0.492
 84	0.710
 -1	-1.000
142	0.538
169	0.559
 54	0.362
127	0.619
  4	0.588
169	0.645
  2	0.733
 46	0.426
 28	0.606
112	0.615
 57	0.412
 62	0.719
 97	0.709
 73	0.621
 71	0.518
196	0.633
105	0.672
173	0.758
 96	0.730
141	0.727
145	0.591
164	0.617
 17	0.387
 18	0.768
 67	0.765
 71	0.502
 44	0.739
106	0.805
156	0.431
 52	0.589
156	0.708
 52	0.711
 67	0.277
 71	0.529
147	0.698
168	0.601
169	0.713
167	0.701
 82	0.532
124	0.512
 87	0.694
126	0.561
164	0.639
193	0.771
 24	0.684
 -1	-1.000
 28	0.685
114	0.655
 46	0.621
169	0.415
 42	0.440
 27	0.738
 18	0.481
155	0.733
190	0.749
114	0.547
 63	0.448
123	0.350
187	0.660
 82	0.497
 63	0.646
 39	0.711
 65	0.755
 95	0.602
157	0.703
 45	0.739
 63	0.660
 89	0.689
196	0.687
 82	0.426
113	0.548
 33	0.751
 42	0.529
189	0.751
173	0.654
100	0.815
105	0.741
135	0.398
190	0.668
 53	0.697
 65	0.500
 -1	-1.000
 70	0.688
 18	0.686
 82	0.683
172	0.413
100	0.746
 30	0.829
169	0.663
 88	0.443
128	0.526
 79	0.684
 43	0.590
 46	0.491
 12	0.524
118	0.574
 89	0.779
121	0.575
 64	0.609
 18	0.730
 54	0.336
153	0.694
 82	0.560
 42	0.347
 61	0.596
177	0.757
183	0.487
 55	0.600
 82	0.792
 10	0.412
135	0.589
 17	0.671
 18	0.602
 25	0.473
 38	0.725
 83	0.630
 11	0.753
113	0.796
 59	0.790
143	0.774
 75	0.708
170	0.816
154	0.522
124	0.690
 39	0.826
 57	0.668
169	0.392
 53	0.725
 -1	-1.000
  8	0.779
 54	0.466
 69	0.623
 36	0.563
 81	0.504
 63	0.804
 75	0.552
171	0.683
133	0.551
189	0.663
100	0.542
 90	0.316
 47	0.635
 19	0.604
 35	0.762
 36	0.422
 42	0.515
 82	0.475
 79	0.455
 65	0.642
132	0.707
 63	0.685
  9	0.723
 68	0.633
  5	0.803
160	0.721
 13	0.542
174	0.641
110	0.785
197	0.475
 83	0.525
  7	0.541
 21	0.771
 82	0.749
 18	0.572
 -1	-1.000
 35	0.529
122	0.718
187	0.732
 12	0.606
192	0.604
 82	0.526
 90	0.581
 36	0.444
108	0.547
184	0.760
108	0.767
184	0.768
171	0.405
133	0.519
169	0.485
 37	0.509
197	0.462
 75	0.731
 99	0.456
 24	0.758
 35	0.684
189	0.744
122	0.805
100	0.789
140	0.767
112	0.758
107	0.693
 72	0.654
122	0.608
100	0.677
 92	0.618
189	0.696
 64	0.703
 54	0.588
 45	0.604
 35	0.574
194	0.435
164	0.757
196	0.712
 72	0.774
199	0.802
  2	0.726
  9	0.795
 68	0.436
184	0.644
 68	0.648
184	0.681
 59	0.477
113	0.830
188	0.722
 75	0.711
171	0.818
 75	0.812
 71	0.224
 -1	-1.000
 20	0.756
164	0.496
 72	0.749
164	0.758
 72	0.793
164	0.766
120	0.521
185	0.635
128	0.696
100	0.586
172	0.342
113	0.326
134	0.519
 72	0.537
 32	0.694
 34	0.467
140	0.774
 59	0.719
 78	0.408
 95	0.795
 39	0.696
124	0.662
179	0.684
 65	0.715
194	0.739
 42	0.639
174	0.773
172	0.755
 83	0.803
 11	0.696
122	0.804
 58	0.720
 47	0.552
129	0.724
174	0.477
113	0.594
172	0.715
 83	0.767
 92	0.693
187	0.795
 86	0.758
164	0.712
196	0.806
 23	0.797
 39	0.756
 31	0.638
 57	0.798
107	0.805
180	0.467
167	0.794
 81	0.598
 18	0.686
155	0.762
127	0.239
141	0.598
  9	0.803
164	0.690
193	0.700
 -1	-1.000
145	0.715
 38	0.479
116	0.759
163	0.777
178	0.660
169	0.445
121	0.357
 86	0.748
 72	0.348
 13	0.787
 40	0.779
 27	0.666
 12	0.374
192	0.690
176	0.707
175	0.819
190	0.365
 89	0.512
 76	0.653
 13	0.817
160	0.586
 82	0.618
167	0.505
157	0.797
194	0.753
174	0.458
 42	0.620
 51	0.491
 13	0.220
100	0.703
189	0.462
117	0.696
174	0.703
  2	0.784
 97	0.780
  8	0.657
 54	0.798
 64	0.466
120	0.673
122	0.668
187	0.803
155	0.713
 27	0.851
121	0.675
 15	0.787
149	0.815
100	0.789
140	0.802
 66	0.749
118	0.696
130	0.704
 18	0.231
 25	0.731
 -1	-1.000
174	0.770
172	0.561
 98	0.701
 82	0.618
 99	0.522
 83	0.672
131	0.488
163	0.590
  1	0.460
175	0.630
 13	0.655
 76	0.693
164	0.636
122	0.743
 38	0.636
 52	0.600
147	0.605
 52	0.639
 45	0.303
 39	0.571
120	0.533
172	0.708
 80	0.716
122	0.703
187	0.772
 45	0.793
 35	0.344
 61	0.688
 25	0.829
189	0.418
130	0.519
 19	0.765
  2	0.519
 85	0.710
 46	0.771
182	0.732
155	0.449
139	0.531
  8	0.793
 39	0.807
120	0.423
 42	0.276
153	0.602
 42	0.742
 87	0.605
  5	0.758
 -1	-1.000
123	0.612
 72	0.480
 86	0.429
156	0.632
140	0.590
110	0.673
164	0.381
193	0.752
166	0.505
 35	0.532
164	0.325
146	0.448
 14	0.790
 52	0.682
123	0.746
145	0.697
169	0.713
 57	0.336
107	0.719
 22	0.616
112	0.767
177	0.678
 29	0.709
142	0.398
169	0.727
175	0.663
119	0.739
192	0.774
167	0.511
 36	0.658
169	0.775
101	0.686
164	0.275
114	0.567
190	0.802
195	0.599
133	0.273
171	0.857
 -1	-1.000
164	0.807
117	0.344
169	0.680
 53	0.792
 27	0.552
 18	0.685
155	0.493
139	0.475
 44	0.690
 23	0.409
 45	0.437
143	0.589
122	0.612
 36	0.556
157	0.704
 95	0.693
 63	0.803
 89	0.620
 26	0.735
 71	0.663
147	0.544
 53	0.573
 78	0.689
 46	0.785
 66	0.621
132	0.771
 42	0.521
167	0.675
112	0.664
 29	0.809
100	0.613
 89	0.822
 98	0.524
107	0.683
103	0.632
150	0.599
149	0.789
 15	0.711
164	0.637
193	0.717
 54	0.658
 45	0.748
150	0.745
 35	0.762
 33	0.690
 42	0.731
165	0.676
180	0.716
186	0.777
 29	0.784
167	0.685
169	0.786
 84	0.472
 93	0.807
 -1	-1.000
178	0.785
 93	0.666
169	0.555
 84	0.605
169	0.693
 84	0.703
137	0.564
 83	0.760
 11	0.644
 53	0.586
  4	0.440
188	0.356
133	0.731
 15	0.749
 47	0.474
164	0.680
193	0.601
118	0.506
165	0.538
117	0.495
133	0.298
187	0.434
155	0.450
 72	0.653
113	0.745
151	0.735
140	0.797
100	0.703
 45	0.651
132	0.739
 63	0.753
 72	0.613
167	0.801
 72	0.803
187	0.525
 86	0.823
156	0.729
  8	0.607
168	0.764
194	0.539
 64	0.367
189	0.775
100	0.742
 92	0.669
140	0.739
 41	0.753
 85	0.676
 42	0.822
  6	0.432
164	0.471
193	0.765
 54	0.222
127	0.739
109	0.789
 -1	-1.000
193	0.777
 13	0.455
175	0.710
 82	0.727
167	0.577
180	0.461
 51	0.317
123	0.350
 55	0.630
145	0.630
153	0.729
192	0.688
 63	0.764
 75	0.686
 39	0.756
 54	0.619
109	0.609
  6	0.429
 46	0.794
  2	0.563
132	0.575
157	0.500
 36	0.645
 82	0.558
148	0.323
198	0.670
195	0.785
 81	0.472
164	0.785
146	0.652
  0	0.412
163	0.630
  2	0.566
 83	0.786
113	0.719
188	0.794
180	0.700
186	0.652
 63	0.597
 18	0.713
  9	0.647
141	0.829
 19	0.813
 10	0.482
 73	0.793
 42	0.721
 27	0.698
139	0.781
 39	0.699
 95	0.683
157	0.816
 -1	-1.000
 82	0.716
 72	0.452
 86	0.682
164	0.767
156	0.750
  8	0.588
168	0.696
112	0.454
140	0.497
 97	0.670
 27	0.413
121	0.617
 98	0.541
 47	0.493
 90	0.563
157	0.698
 10	0.508
 73	0.634
 71	0.644
155	0.591
 68	0.403
 81	0.529
 14	0.616
172	0.616
170	0.706
 66	0.613
194	0.761
117	0.611
112	0.667
 22	0.589
 57	0.497
135	0.715
105	0.716
173	0.782
106	0.826
128	0.555
189	0.755
129	0.596
184	0.566
132	0.789
 45	0.671
 35	0.722
162	0.432
118	0.101
141	0.756
164	0.132
 86	0.772
 -1	-1.000
 35	0.591
189	0.727
 81	0.539
155	0.449
 70	0.659
 67	0.670
  7	0.508
 92	0.539
100	0.553
104	0.474
142	0.733
 46	0.500
135	0.381
 90	0.620
151	0.663
164	0.551
 69	0.600
 54	0.675
 39	0.721
 95	0.768
 29	0.633
  4	0.690
 88	0.659
112	0.775
 51	0.340
164	0.605
167	0.672
 64	0.535
 18	0.752
 28	0.787
183	0.744
  3	0.590
182	0.713
125	0.724
 27	0.624
 42	0.613
 44	0.753
 -1	-1.000
155	0.588
190	0.608
195	0.715
 83	0.566
 63	0.675
 39	0.466
 95	0.611
162	0.761
164	0.637
 64	0.407
 40	0.713
172	0.718
 83	0.683
102	0.692
 82	0.701
165	0.438
167	0.601
 46	0.610
182	0.709
 71	0.389
 55	0.698
 40	0.664
169	0.698
 73	0.646
150	0.761
114	0.787
139	0.603
141	0.609
190	0.686
118	0.764
 71	0.663
139	0.406
 39	0.820
 57	0.482
  4	0.717
100	0.811
140	0.775
 41	0.547
167	0.575
 42	0.802
 27	0.709
125	0.800
 52	0.792
 13	0.612
 89	0.503
 98	0.748
153	0.826
  2	0.788
175	0.724
192	0.664
 12	0.824
167	0.778
 -1	-1.000
 37	0.717
 83	0.618
 63	0.724
102	0.638
123	0.542
 62	0.600
 95	0.608
 87	0.687
104	0.525
155	0.636
112	0.584
 22	0.504
162	0.388
 95	0.710
 76	0.596
121	0.692
 27	0.661
 23	0.259
191	0.425
189	0.604
 48	0.669
101	0.657
169	0.405
164	0.649
127	0.551
194	0.330
 83	0.717
106	0.489
 82	0.569
142	0.679
112	0.796
140	0.444
 -1	-1.000
132	0.482
189	0.694
 64	0.771
  2	0.437
 26	0.509
 71	0.750
 26	0.788
 71	0.805
155	0.385
147	0.508
111	0.467
188	0.524
180	0.540
188	0.544
150	0.766
120	0.411
167	0.399
 36	0.501
 51	0.604
160	0.730
 50	0.783
 66	0.642
190	0.723
 55	0.709
156	0.640
109	0.480
128	0.341
108	0.253
149	0.792
 15	0.736
116	0.678
 65	0.808
194	0.666
184	0.523
129	0.694
 -1	-1.000
 95	0.282
 39	0.568
 31	0.786
164	0.540
162	0.615
 73	0.390
 71	0.710
 12	0.582
 98	0.372
 63	0.413
 37	0.500
  8	0.430
194	0.805
126	0.483
 89	0.534
153	0.759
 18	0.361
 25	0.453
139	0.791
 39	0.781
 63	0.622
152	0.398
165	0.520
 66	0.571
 82	0.501
167	0.394
104	0.385
100	0.757
140	0.731
118	0.806
 10	0.645
 53	0.781
 96	0.829
 91	0.582
 -1	-1.000
133	0.824
 13	0.496
 79	0.645
 13	0.710
101	0.730
169	0.755
 15	0.647
 27	0.752
167	0.631
 82	0.622
 29	0.456
 10	0.698
 71	0.556
126	0.486
147	0.537
 53	0.434
 18	0.683
 67	0.530
 52	0.435
166	0.636
 11	0.381
 12	0.666
 18	0.576
101	0.494
153	0.758
192	0.461
 44	0.613
 87	0.640
164	0.500
 86	0.636
 44	0.610
 42	0.708
 77	0.667
  2	0.772
 59	0.709
143	0.774
110	0.748
170	0.778
  3	0.530
 -1	-1.000
113	0.728
 27	0.415
 31	0.396
  8	0.494
 17	0.614
143	0.415
110	0.782
170	0.771
194	0.545
103	0.333
112	0.654
107	0.592
136	0.335
 50	0.710
136	0.785
 50	0.788
 99	0.387
155	0.725
185	0.733
 89	0.707
121	0.583
 47	0.807
 72	0.402
 13	0.742
 62	0.591
 95	0.716
 29	0.311
 46	0.726
115	0.764
 58	0.755
 47	0.688
 25	0.723
 31	0.750
 95	0.845
191	0.387
194	0.546
 42	0.520
 27	0.595
155	0.642
 81	0.818
 18	0.754
 82	0.503
191	0.519
 71	0.811
 -1	-1.000
105	0.732
145	0.404
 56	0.546
 54	0.376
 89	0.722
153	0.756
 80	0.497
149	0.641
150	0.725
147	0.757
 42	0.373
 27	0.612
 81	0.344
 22	0.590
193	0.571
181	0.700
118	0.525
 10	0.620
 34	0.616
164	0.785
162	0.436
 95	0.598
157	0.670
167	0.787
 36	0.585
107	0.724
 22	0.582
  0	0.705
182	0.477
132	0.712
 45	0.717
 35	0.533
122	0.620
 51	0.657
 83	0.756
113	0.724
 89	0.422
  2	0.752
 64	0.588
 27	0.810
 42	0.680
 44	0.735
192	0.296
123	0.769
 16	0.716
113	0.801
188	0.784
133	0.725
105	0.658
140	0.685
 73	0.806
181	0.628
 71	0.793
 -1	-1.000
 57	0.691
 22	0.619
 65	0.745
 52	0.466
123	0.481
 59	0.790
 92	0.555
 36	0.305
 82	0.508
 36	0.521
 82	0.557
 98	0.635
 85	0.590
170	0.677
 75	0.647
 37	0.625
182	0.570
167	0.617
157	0.428
 35	0.339
 89	0.621
196	0.647
108	0.764
 78	0.691
 73	0.821
 71	0.831
126	0.788
109	0.630
 46	0.677
 56	0.701
165	0.722
 71	0.339
 67	0.696
  8	0.706
 26	0.390
105	0.600
165	0.474
185	0.810
179	0.729
133	0.500
114	0.650
105	0.683
188	0.706
107	0.776
178	0.720
 55	0.790
 28	0.522
145	0.818
 -1	-1.000
 13	0.724
 82	0.568
133	0.517
188	0.545
  7	0.468
112	0.710
 45	0.704
122	0.671
133	0.664
164	0.469
196	0.635
 90	0.663
 36	0.828
 90	0.829
 36	0.826
 83	0.545
116	0.287
163	0.726
 73	0.379
 71	0.704
164	0.328
187	0.672
146	0.785
132	0.685
185	0.381
179	0.786
 39	0.376
 35	0.792
 66	0.600
 63	0.814
 62	0.804
123	0.790
 19	0.663
 59	0.809
159	0.649
176	0.798
150	0.753
 93	0.670
194	0.439
 37	0.514
 63	0.627
 89	0.717
 98	0.771
139	0.633
 -1	-1.000
 58	0.732
 18	0.507
170	0.534
  3	0.373
 63	0.487
 82	0.619
 90	0.310
153	0.519
 90	0.531
153	0.539
159	0.620
 81	0.587
100	0.686
 92	0.515
 89	0.613
160	0.679
153	0.737
141	0.249
190	0.538
 44	0.798
145	0.440
125	0.675
 52	0.683
 54	0.637
155	0.725
117	0.562
107	0.816
105	0.512
173	0.630
 81	0.336
153	0.469
119	0.402
141	0.760
164	0.358
 76	0.774
135	0.487
151	0.631
135	0.700
151	0.817
 84	0.259
150	0.676
163	0.513
178	0.809
 17	0.768
164	0.781
193	0.659
133	0.755
171	0.798
 -1	-1.000
 33	0.623
 87	0.566
 42	0.582
  4	0.648
160	0.545
 55	0.401
 39	0.383
151	0.626
123	0.580
 40	0.648
190	0.392
 23	0.765
 45	0.799
150	0.634
163	0.631
178	0.805
107	0.756
135	0.726
109	0.622
 69	0.618
118	0.653
 40	0.509
 42	0.734
 72	0.752
164	0.580
 26	0.778
 25	0.781
 61	0.792
 35	0.788
 63	0.673
 89	0.737
 82	0.691
 98	0.819
143	0.563
170	0.790
 90	0.257
167	0.674
 42	0.500
145	0.728
159	0.667
122	0.627
130	0.653
118	0.435
 54	0.353
 63	0.584
 72	0.725
134	0.762
 64	0.759
122	0.720
189	0.600
 -1	-1.000
 55	0.579
164	0.587
159	0.584
 59	0.498
176	0.494
 63	0.476
 35	0.637
130	0.541
189	0.698
100	0.754
 89	0.641
 82	0.617
 95	0.380
  4	0.520
  2	0.670
110	0.647
 71	0.766
 73	0.714
175	0.622
 51	0.558
 13	0.580
160	0.770
 31	0.713
 28	0.803
184	0.378
172	0.805
 80	0.692
159	0.314
115	0.686
 44	0.708
 42	0.730
 27	0.831
 81	0.387
164	0.454
162	0.718
 73	0.454
 71	0.672
 72	0.816
134	0.523
164	0.782
 76	0.514
 13	0.720
153	0.771
190	0.748
195	0.751
 22	0.780
 68	0.781
  5	0.788
160	0.793
174	0.755
 62	0.677
123	0.845
 62	0.842
123	0.840
 62	0.835
123	0.833
 -1	-1.000
 22	0.711
 17	0.334
155	0.459
182	0.749
 50	0.597
160	0.608
 76	0.710
 81	0.315
 27	0.737
 88	0.626
 96	0.617
184	0.498
129	0.533
 26	0.279
 46	0.794
109	0.610
 72	0.369
 42	0.711
187	0.667
182	0.811
  8	0.382
 97	0.554
 99	0.352
171	0.301
 37	0.510
133	0.676
162	0.586
164	0.775
193	0.774
 13	0.775
 89	0.734
169	0.127
  7	0.663
 50	0.833
 76	0.379
184	0.777
 -1	-1.000
188	0.792
166	0.419
 91	0.686
 45	0.745
187	0.635
 63	0.773
187	0.772
 63	0.785
 82	0.670
135	0.471
 17	0.553
164	0.684
193	0.695
141	0.509
121	0.476
 47	0.715
 90	0.388
169	0.674
 90	0.686
169	0.751
153	0.424
 81	0.532
100	0.535
 89	0.691
 63	0.642
 39	0.642
 65	0.707
 79	0.588
105	0.434
 63	0.693
170	0.545
194	0.684
189	0.751
173	0.680
105	0.810
106	0.780
162	0.653
164	0.711
193	0.767
 13	0.681
115	0.764
132	0.770
147	0.644
155	0.787
112	0.508
 69	0.480
 72	0.647
170	0.790
 72	0.800
170	0.801
 72	0.802
170	0.804
 -1	-1.000
184	0.593
 48	0.760
184	0.730
 42	0.314
116	0.578
 83	0.657
172	0.812
 63	0.733
 95	0.390
184	0.458
129	0.798
108	0.519
167	0.678
 78	0.668
  5	0.668
164	0.689
 40	0.415
 27	0.642
  5	0.722
164	0.700
 90	0.401
 36	0.668
 54	0.629
 82	0.700
 76	0.568
122	0.652
187	0.746
133	0.732
171	0.782
193	0.647
118	0.643
 88	0.669
130	0.800
 34	0.636
 55	0.755
188	0.729
 28	0.799
162	0.620
  4	0.627
 13	0.788
 11	0.746
148	0.585
 -1	-1.000
 18	0.706
 64	0.449
 76	0.615
 95	0.773
 82	0.456
188	0.665
163	0.620
 51	0.550
105	0.763
196	0.688
 89	0.766
153	0.401
 23	0.636
 52	0.760
145	0.297
 16	0.374
187	0.596
 73	0.443
 17	0.438
 57	0.526
107	0.592
 55	0.729
 31	0.424
167	0.636
 20	0.337
 72	0.565
 86	0.729
 76	0.808
 64	0.517
 -1	-1.000
145	0.385
159	0.724
 85	0.477
  0	0.722
 82	0.723
165	0.530
140	0.526
167	0.354
142	0.560
167	0.691
169	0.641
145	0.661
159	0.796
127	0.599
 36	0.308
 82	0.581
167	0.796
 94	0.369
173	0.324
133	0.498
171	0.725
131	0.721
 69	0.724
194	0.452
100	0.477
 81	0.737
155	0.337
 73	0.532
 71	0.637
126	0.762
 32	0.461
 67	0.752
 35	0.519
189	0.753
 35	0.796
189	0.795
100	0.757
 89	0.784
 30	0.734
101	0.674
 28	0.808
 37	0.582
 13	0.657
 76	0.756
 89	0.808
 98	0.713
 96	0.416
191	0.652
 51	0.707
182	0.651
 -1	-1.000
 17	0.645
 81	0.454
153	0.744
190	0.643
 95	0.437
 50	0.729
 87	0.391
 10	0.725
190	0.471
 28	0.512
190	0.537
 30	0.614
 23	0.756
196	0.404
 95	0.394
162	0.632
164	0.624
156	0.705
116	0.635
 49	0.776
 83	0.691
183	0.623
177	0.312
 42	0.683
 27	0.598
155	0.664
 67	0.656
145	0.751
 30	0.725
169	0.693
 53	0.770
 22	0.546
133	0.376
 95	0.540
 98	0.629
153	0.630
178	0.724
169	0.740
 93	0.700
 84	0.794
 -1	-1.000
179	0.567
133	0.539
 29	0.543
180	0.421
167	0.362
 36	0.361
 64	0.776
 54	0.421
 28	0.536
164	0.514
193	0.779
169	0.299
 15	0.542
140	0.243
100	0.524
 22	0.579
164	0.788
141	0.624
173	0.228
 82	0.726
105	0.673
143	0.623
110	0.769
165	0.692
 82	0.499
172	0.330
 88	0.803
 28	0.546
191	0.537
 14	0.740
 57	0.821
185	0.472
 36	0.171
 82	0.597
 42	0.508
 -1	-1.000
180	0.693
107	0.780
180	0.621
107	0.571
188	0.418
 75	0.550
170	0.625
 48	0.435
 30	0.729
 55	0.647
141	0.581
119	0.737
 79	0.332
100	0.562
169	0.550
  7	0.653
195	0.806
 79	0.293
196	0.494
 98	0.436
  9	0.591
 64	0.460
 84	0.469
 85	0.740
 15	0.715
 78	0.711
 12	0.480
 53	0.565
 63	0.527
196	0.690
 72	0.768
199	0.411
 51	0.516
199	0.524
 51	0.547
199	0.562
 51	0.610
 73	0.673
 51	0.680
 73	0.686
105	0.357
196	0.601
173	0.761
189	0.831
168	0.515
129	0.587
184	0.414
  9	0.777
155	0.677
 -1	-1.000
133	0.667
122	0.775
100	0.605
 48	0.404
 98	0.729
170	0.648
172	0.730
 90	0.488
 83	0.748
 63	0.775
 75	0.633
 39	0.698
 99	0.733
107	0.420
 68	0.456
 90	0.369
153	0.527
 63	0.681
132	0.651
 84	0.685
169	0.738
 64	0.616
189	0.668
100	0.686
 89	0.726
 83	0.740
 82	0.546
161	0.748
 82	0.768
161	0.726
 11	0.467
 37	0.635
190	0.522
 36	0.772
190	0.763
 42	0.352
  7	0.741
193	0.800
184	0.189
107	0.830
125	0.511
 27	0.809
 -1	-1.000
180	0.797
 29	0.542
 76	0.710
 82	0.519
196	0.384
164	0.596
146	0.384
 52	0.493
190	0.509
 50	0.614
  7	0.710
195	0.612
 35	0.747
194	0.480
170	0.576
 75	0.706
143	0.628
155	0.712
190	0.583
 23	0.712
 78	0.805
177	0.689
  5	0.769
162	0.618
153	0.420
 73	0.338
 82	0.643
 83	0.319
176	0.610
150	0.631
114	0.530
 89	0.642
 76	0.382
 82	0.561
 76	0.592
 82	0.619
 79	0.576
128	0.620
 69	0.774
164	0.769
146	0.742
151	0.773
172	0.771
113	0.782
 -1	-1.000
129	0.685
132	0.521
 65	0.359
 26	0.446
137	0.368
 81	0.486
 63	0.525
 39	0.758
170	0.657
 64	0.637
168	0.744
147	0.329
135	0.349
167	0.545
172	0.713
  0	0.581
185	0.566
 55	0.774
145	0.645
 58	0.423
192	0.735
 82	0.608
112	0.470
187	0.719
 86	0.798
100	0.782
164	0.650
 17	0.785
145	0.798
 85	0.699
 27	0.782
 42	0.710
 44	0.786
176	0.825
150	0.666
 93	0.447
112	0.734
 46	0.766
174	0.596
167	0.730
 57	0.350
107	0.799
178	0.748
197	0.722
 37	0.636
148	0.742
156	0.342
145	0.608
 -1	-1.000
 52	0.652
132	0.372
187	0.402
 72	0.370
145	0.505
164	0.734
146	0.486
180	0.356
188	0.667
 42	0.545
125	0.510
118	0.602
 36	0.329
 82	0.615
 83	0.681
195	0.534
122	0.692
187	0.555
 45	0.707
 63	0.726
 71	0.405
187	0.409
122	0.627
100	0.563
 58	0.763
 40	0.402
183	0.833
120	0.502
175	0.743
 82	0.749
 35	0.270
 91	0.737
105	0.688
135	0.811
 18	0.717
 25	0.793
104	0.443
126	0.632
194	0.432
100	0.721
140	0.721
 89	0.808
 -1	-1.000
193	0.629
 82	0.608
 47	0.411
164	0.705
159	0.443
100	0.549
 44	0.614
 42	0.719
187	0.507
 83	0.651
 11	0.535
106	0.728
175	0.322
182	0.633
 18	0.493
167	0.447
 36	0.589
 51	0.515
 83	0.608
183	0.351
 59	0.626
159	0.537
127	0.563
157	0.689
 63	0.614
 26	0.686
 39	0.782
 26	0.794
 39	0.796
 95	0.408
157	0.824
 10	0.697
 35	0.784
177	0.423
  5	0.761
  3	0.609
 71	0.721
 67	0.297
 90	0.221
196	0.825
 72	0.652
145	0.653
159	0.686
 44	0.764
 42	0.762
 27	0.597
175	0.837
 -1	-1.000
 12	0.790
167	0.756
 36	0.540
 13	0.566
 76	0.759
109	0.669
122	0.784
109	0.791
122	0.787
109	0.779
122	0.768
192	0.415
164	0.635
 79	0.415
 27	0.552
 42	0.656
174	0.425
169	0.589
 17	0.720
164	0.643
196	0.763
 95	0.727
157	0.587
189	0.771
130	0.781
110	0.359
140	0.726
  8	0.773
 39	0.768
 95	0.468
157	0.731
 64	0.580
153	0.749
164	0.486
 28	0.457
 77	0.413
 72	0.752
 19	0.720
189	0.592
129	0.620
 39	0.171
170	0.804
 75	0.705
188	0.595
 81	0.815
 41	0.511
187	0.822
122	0.770
  9	0.823
 68	0.695
 -1	-1.000
164	0.637
 76	0.578
117	0.732
 76	0.727
 82	0.614
 63	0.470
 86	0.667
164	0.418
 71	0.660
 63	0.575
 39	0.797
 31	0.759
 95	0.784
164	0.670
193	0.708
118	0.533
175	0.556
 46	0.547
111	0.756
 15	0.660
133	0.545
 47	0.663
 40	0.632
101	0.667
118	0.785
168	0.727
117	0.580
128	0.764
 30	0.346
 89	0.672
141	0.783
164	0.768
193	0.597
166	0.366
 61	0.764
176	0.607
 18	0.818
 82	0.625
 42	0.340
 75	0.790
114	0.519
159	0.809
 44	0.667
195	0.759
 22	0.648
 82	0.729
191	0.782
 -1	-1.000
162	0.601
164	0.721
193	0.513
 13	0.585
160	0.651
 28	0.661
 82	0.593
 63	0.325
 15	0.642
 75	0.448
 99	0.755
184	0.646
 28	0.799
  8	0.727
124	0.515
 89	0.663
108	0.477
157	0.702
 95	0.524
191	0.572
 63	0.582
 57	0.451
185	0.467
 99	0.507
153	0.700
160	0.632
  4	0.783
100	0.693
 81	0.767
 63	0.618
 89	0.722
113	0.645
185	0.745
 99	0.789
  4	0.255
171	0.766
133	0.806
 82	0.755
 18	0.757
 17	0.728
164	0.777
193	0.740
140	0.656
 -1	-1.000
 54	0.683
 64	0.588
160	0.416
104	0.522
 42	0.461
 72	0.531
 42	0.546
 27	0.706
 10	0.730
 54	0.259
 45	0.569
139	0.612
 58	0.722
  8	0.584
184	0.509
132	0.679
 45	0.706
122	0.690
126	0.682
 71	0.688
131	0.684
155	0.784
190	0.498
148	0.503
119	0.679
 13	0.515
 82	0.648
 89	0.603
 76	0.730
 64	0.596
151	0.689
140	0.538
 51	0.670
 44	0.728
 42	0.773
 27	0.722
121	0.817
122	0.723
187	0.759
147	0.769
155	0.713
117	0.781
 82	0.409
 85	0.686
 63	0.738
 39	0.829
119	0.093
165	0.753
 12	0.715
 46	0.591
167	0.733
 36	0.605
128	0.645
 83	0.772
 -1	-1.000
 72	0.650
187	0.460
122	0.762
 83	0.604
113	0.746
164	0.331
159	0.533
  4	0.606
147	0.745
 53	0.571
 32	0.621
105	0.393
164	0.656
196	0.655
 23	0.622
 78	0.679
177	0.392
 51	0.242
185	0.561
 34	0.519
179	0.772
152	0.572
  2	0.647
 38	0.788
172	0.700
100	0.769
 89	0.780
 63	0.728
 36	0.718
157	0.708
 28	0.647
 80	0.815
160	0.614
153	0.805
 77	0.735
 46	0.743
 18	0.717
 28	0.735
162	0.813
164	0.788
193	0.773
 54	0.576
 39	0.796
139	0.787
 44	0.808
  9	0.706
 -1	-1.000
 40	0.564
 37	0.642
170	0.460
 67	0.375
 51	0.386
169	0.716
 47	0.440
189	0.517
122	0.566
100	0.591
 89	0.448
 63	0.612
 72	0.746
 16	0.425
188	0.555
180	0.754
188	0.779
180	0.782
188	0.783
180	0.795
  2	0.527
 71	0.808
155	0.674
 81	0.735
 22	0.712
 53	0.784
 82	0.456
167	0.430
187	0.634
 86	0.551
 44	0.597
139	0.679
 42	0.767
 47	0.638
 90	0.803
100	0.730
140	0.793
112	0.459
 54	0.718
177	0.579
183	0.695
 55	0.767
144	0.561
184	0.728
132	0.793
129	0.724
 -1	-1.000
112	0.741
132	0.594
 82	0.237
155	0.652
190	0.564
 23	0.509
179	0.478
185	0.670
 22	0.672
191	0.666
 35	0.405
133	0.607
187	0.588
 86	0.643
164	0.586
146	0.790
151	0.386
140	0.675
100	0.713
 30	0.550
 48	0.362
115	0.634
 38	0.235
113	0.539
197	0.388
 67	0.835
 32	0.577
 55	0.505
 34	0.735
140	0.786
100	0.743
169	0.446
  7	0.766
 70	0.752
155	0.796
 38	0.411
 82	0.619
116	0.656
 83	0.765
 -1	-1.000
167	0.611
 82	0.692
 83	0.477
  7	0.532
122	0.683
125	0.461
 15	0.668
170	0.547
183	0.531
169	0.636
 15	0.596
125	0.725
 52	0.480
198	0.570
 90	0.337
194	0.656
120	0.525
164	0.668
 79	0.428
197	0.368
 18	0.645
 67	0.697
145	0.774
164	0.423
193	0.832
 54	0.528
 14	0.467
139	0.541
 44	0.602
149	0.675
 80	0.799
153	0.710
104	0.502
169	0.756
 88	0.513
103	0.578
112	0.707
103	0.825
112	0.828
177	0.743
  1	0.616
 -1	-1.000
