0.000000	125	102	0.000	0.000
6.000000	171	133	0.981	0.068
12.000000	171	133	0.980	0.075
18.000000	171	133	0.979	0.084
24.000000	171	133	0.978	0.092
30.000000	171	133	0.977	0.101
36.000000	171	133	0.976	0.110
42.000000	171	133	0.975	0.119
48.000000	171	133	0.973	0.127
54.000000	171	133	0.969	0.135
60.000000	171	133	0.963	0.142
66.000000	171	133	0.956	0.149
72.000000	171	133	0.948	0.155
78.000000	171	133	0.939	0.160
84.000000	171	133	0.929	0.165
90.000000	171	133	0.918	0.168
96.000000	171	133	0.905	0.171
102.000000	171	133	0.889	0.174
108.000000	171	133	0.871	0.176
114.000000	171	133	0.848	0.177
120.000000	171	133	0.819	0.177
126.000000	171	133	0.781	0.178
132.000000	171	133	0.730	0.177
138.000000	171	133	0.659	0.176
144.000000	171	133	0.554	0.173
150.000000	171	133	0.400	0.163
156.000000	171	133	0.203	0.142
162.000000	133	171	0.118	0.043
168.000000	133	187	0.092	0.007
174.000000	133	125	0.068	0.006
180.000000	133	125	0.047	0.005
186.000000	133	164	0.029	0.004
192.000000	133	164	0.014	0.003
198.000000	133	80	0.004	0.003
