0.000000	125	102	0.000	0.000
6.000000	58	115	0.981	0.036
12.000000	58	115	0.980	0.039
18.000000	58	154	0.979	0.044
24.000000	58	47	0.977	0.051
30.000000	58	47	0.976	0.058
36.000000	58	47	0.975	0.064
42.000000	58	47	0.974	0.070
48.000000	58	47	0.972	0.075
54.000000	58	47	0.968	0.079
60.000000	58	47	0.962	0.083
66.000000	58	47	0.954	0.086
72.000000	58	47	0.946	0.089
78.000000	58	47	0.936	0.091
84.000000	58	47	0.926	0.092
90.000000	58	47	0.913	0.093
96.000000	58	47	0.900	0.093
102.000000	58	47	0.883	0.093
108.000000	58	47	0.864	0.091
114.000000	58	47	0.840	0.090
120.000000	58	47	0.811	0.087
126.000000	58	47	0.774	0.084
132.000000	58	47	0.724	0.080
138.000000	58	47	0.654	0.073
144.000000	58	47	0.551	0.064
150.000000	58	47	0.399	0.051
156.000000	58	47	0.203	0.034
162.000000	58	47	0.042	0.018
168.000000	47	129	0.007	0.005
