0.000000	125	102	0.000	0.000
6.000000	40	118	0.981	0.039
12.000000	40	118	0.980	0.044
18.000000	40	118	0.979	0.050
24.000000	40	118	0.978	0.054
30.000000	40	118	0.977	0.059
36.000000	40	118	0.976	0.062
42.000000	40	118	0.975	0.066
48.000000	40	118	0.973	0.069
54.000000	40	118	0.969	0.071
60.000000	40	118	0.964	0.073
66.000000	40	118	0.957	0.074
72.000000	40	118	0.950	0.074
78.000000	40	118	0.942	0.075
84.000000	40	118	0.932	0.074
90.000000	40	121	0.922	0.074
96.000000	40	121	0.910	0.074
102.000000	40	121	0.897	0.073
108.000000	40	121	0.881	0.072
114.000000	40	121	0.862	0.071
120.000000	40	121	0.838	0.069
126.000000	40	121	0.808	0.067
132.000000	40	121	0.769	0.063
138.000000	40	121	0.716	0.059
144.000000	40	121	0.639	0.054
150.000000	40	121	0.521	0.046
156.000000	40	121	0.347	0.034
162.000000	40	121	0.143	0.019
168.000000	40	121	0.011	0.008
174.000000	135	121	0.003	0.003
