0.000000	125	102	0.000	0.000
6.000000	62	144	0.981	0.036
12.000000	62	144	0.980	0.038
18.000000	62	144	0.979	0.040
24.000000	62	144	0.978	0.042
30.000000	62	141	0.978	0.044
36.000000	62	141	0.977	0.047
42.000000	62	141	0.976	0.050
48.000000	62	141	0.974	0.053
54.000000	62	141	0.971	0.054
60.000000	62	141	0.966	0.056
66.000000	62	141	0.960	0.057
72.000000	62	141	0.952	0.057
78.000000	62	141	0.944	0.057
84.000000	62	141	0.935	0.056
90.000000	62	141	0.924	0.055
96.000000	62	141	0.912	0.054
102.000000	62	141	0.897	0.052
108.000000	62	141	0.880	0.050
114.000000	62	141	0.859	0.047
120.000000	62	141	0.832	0.044
126.000000	62	141	0.798	0.040
132.000000	62	144	0.752	0.038
138.000000	62	144	0.687	0.035
144.000000	62	144	0.592	0.030
150.000000	62	144	0.446	0.024
156.000000	62	144	0.248	0.015
162.000000	62	107	0.065	0.007
168.000000	107	117	0.003	0.003
