0.000000	125	102	0.000	0.000
6.000000	117	198	0.981	0.040
12.000000	117	198	0.980	0.043
18.000000	117	198	0.979	0.045
24.000000	117	198	0.978	0.048
30.000000	117	14	0.977	0.051
36.000000	117	14	0.976	0.053
42.000000	117	14	0.975	0.056
48.000000	117	14	0.973	0.057
54.000000	117	14	0.970	0.059
60.000000	117	14	0.965	0.060
66.000000	117	82	0.959	0.062
72.000000	117	82	0.952	0.064
78.000000	117	82	0.944	0.065
84.000000	117	82	0.935	0.066
90.000000	117	82	0.926	0.066
96.000000	117	82	0.915	0.066
102.000000	117	82	0.902	0.065
108.000000	117	82	0.886	0.064
114.000000	117	82	0.868	0.062
120.000000	117	82	0.846	0.060
126.000000	117	82	0.818	0.056
132.000000	117	82	0.783	0.052
138.000000	117	198	0.735	0.047
144.000000	117	198	0.666	0.045
150.000000	117	198	0.565	0.040
156.000000	117	198	0.409	0.033
162.000000	117	198	0.204	0.022
168.000000	117	198	0.038	0.011
174.000000	198	69	0.004	0.004
