0.000000	125	102	0.000	0.000
6.000000	66	39	0.981	0.036
12.000000	66	39	0.980	0.042
18.000000	66	39	0.979	0.047
24.000000	66	39	0.977	0.052
30.000000	66	39	0.976	0.056
36.000000	66	39	0.975	0.059
42.000000	66	39	0.974	0.062
48.000000	66	39	0.972	0.063
54.000000	66	39	0.968	0.065
60.000000	66	39	0.963	0.066
66.000000	66	39	0.957	0.066
72.000000	66	39	0.951	0.066
78.000000	66	39	0.943	0.065
84.000000	66	39	0.935	0.065
90.000000	66	39	0.925	0.063
96.000000	66	39	0.914	0.062
102.000000	66	39	0.902	0.060
108.000000	66	39	0.887	0.058
114.000000	66	39	0.869	0.055
120.000000	66	39	0.846	0.053
126.000000	66	39	0.818	0.049
132.000000	66	26	0.781	0.045
138.000000	66	26	0.730	0.042
144.000000	66	26	0.657	0.039
150.000000	66	26	0.545	0.033
156.000000	66	26	0.377	0.025
162.000000	66	26	0.169	0.015
168.000000	66	18	0.021	0.006
174.000000	141	18	0.003	0.002
