0.000000	125	102	0.000	0.000
6.000000	96	105	0.981	0.031
12.000000	96	105	0.980	0.034
18.000000	96	55	0.979	0.036
24.000000	96	55	0.978	0.040
30.000000	96	55	0.977	0.043
36.000000	96	55	0.977	0.046
42.000000	96	55	0.976	0.048
48.000000	96	55	0.974	0.050
54.000000	96	55	0.971	0.052
60.000000	96	55	0.966	0.053
66.000000	96	55	0.960	0.053
72.000000	96	55	0.952	0.054
78.000000	96	55	0.944	0.054
84.000000	96	55	0.935	0.054
90.000000	96	55	0.924	0.053
96.000000	96	55	0.911	0.053
102.000000	96	55	0.897	0.052
108.000000	96	55	0.880	0.051
114.000000	96	55	0.859	0.049
120.000000	96	55	0.833	0.047
126.000000	96	55	0.801	0.045
132.000000	96	55	0.758	0.043
138.000000	96	55	0.698	0.039
144.000000	96	55	0.610	0.034
150.000000	96	55	0.475	0.028
156.000000	96	55	0.284	0.019
162.000000	96	53	0.090	0.011
168.000000	188	53	0.005	0.004
