0.000000	125	102	0.000	0.000
6.000000	168	156	0.981	0.032
12.000000	168	156	0.980	0.035
18.000000	168	169	0.979	0.039
24.000000	168	169	0.978	0.043
30.000000	168	169	0.977	0.047
36.000000	168	169	0.976	0.050
42.000000	168	169	0.975	0.053
48.000000	168	169	0.973	0.055
54.000000	168	169	0.968	0.057
60.000000	168	169	0.963	0.058
66.000000	168	169	0.955	0.058
72.000000	168	169	0.947	0.059
78.000000	168	169	0.939	0.058
84.000000	168	169	0.929	0.058
90.000000	168	169	0.918	0.057
96.000000	168	169	0.905	0.056
102.000000	168	169	0.891	0.055
108.000000	168	169	0.873	0.053
114.000000	168	169	0.853	0.051
120.000000	168	169	0.827	0.048
126.000000	168	169	0.794	0.045
132.000000	168	169	0.751	0.041
138.000000	168	169	0.691	0.036
144.000000	168	156	0.603	0.030
150.000000	168	156	0.470	0.025
156.000000	168	45	0.281	0.017
162.000000	168	45	0.090	0.010
168.000000	71	64	0.005	0.004
