0.000000	125	102	0.000	0.000
6.000000	199	185	0.981	0.033
12.000000	199	185	0.980	0.036
18.000000	199	185	0.979	0.039
24.000000	199	185	0.978	0.041
30.000000	199	185	0.978	0.044
36.000000	199	185	0.977	0.046
42.000000	199	27	0.976	0.047
48.000000	199	27	0.974	0.049
54.000000	199	27	0.970	0.051
60.000000	199	27	0.964	0.052
66.000000	199	27	0.957	0.052
72.000000	199	27	0.949	0.053
78.000000	199	27	0.940	0.052
84.000000	199	27	0.931	0.052
90.000000	199	27	0.919	0.051
96.000000	199	27	0.906	0.050
102.000000	199	66	0.891	0.048
108.000000	199	66	0.874	0.048
114.000000	199	66	0.852	0.047
120.000000	199	66	0.825	0.045
126.000000	199	66	0.791	0.043
132.000000	199	66	0.746	0.041
138.000000	199	66	0.682	0.038
144.000000	199	121	0.588	0.033
150.000000	199	121	0.446	0.028
156.000000	199	121	0.251	0.020
162.000000	199	72	0.069	0.011
168.000000	72	121	0.005	0.004
