0.000000	125	102	0.000	0.000
6.000000	4	100	0.981	0.037
12.000000	4	100	0.980	0.042
18.000000	4	100	0.979	0.047
24.000000	4	100	0.978	0.052
30.000000	4	100	0.977	0.057
36.000000	4	100	0.977	0.062
42.000000	4	100	0.976	0.066
48.000000	4	100	0.974	0.070
54.000000	4	100	0.971	0.074
60.000000	4	100	0.966	0.077
66.000000	4	100	0.961	0.079
72.000000	4	100	0.954	0.082
78.000000	4	100	0.947	0.083
84.000000	4	100	0.939	0.084
90.000000	4	100	0.929	0.085
96.000000	4	100	0.919	0.085
102.000000	4	100	0.906	0.085
108.000000	4	100	0.891	0.084
114.000000	4	100	0.874	0.082
120.000000	4	100	0.851	0.080
126.000000	4	100	0.824	0.077
132.000000	4	100	0.787	0.073
138.000000	4	100	0.738	0.067
144.000000	4	100	0.667	0.060
150.000000	4	100	0.560	0.051
156.000000	4	100	0.398	0.038
162.000000	4	100	0.191	0.022
168.000000	4	100	0.031	0.009
174.000000	104	29	0.003	0.002
