0.000000	125	102	0.000	0.000
6.000000	121	40	0.981	0.034
12.000000	121	40	0.980	0.036
18.000000	121	190	0.979	0.040
24.000000	121	190	0.978	0.044
30.000000	121	190	0.977	0.047
36.000000	121	18	0.976	0.050
42.000000	121	18	0.975	0.054
48.000000	121	18	0.973	0.057
54.000000	121	18	0.970	0.060
60.000000	121	18	0.965	0.062
66.000000	121	18	0.958	0.064
72.000000	121	18	0.951	0.066
78.000000	121	18	0.942	0.067
84.000000	121	18	0.932	0.067
90.000000	121	18	0.922	0.068
96.000000	121	18	0.909	0.067
102.000000	121	18	0.895	0.067
108.000000	121	18	0.878	0.065
114.000000	121	18	0.857	0.064
120.000000	121	18	0.832	0.062
126.000000	121	18	0.800	0.059
132.000000	121	18	0.758	0.056
138.000000	121	18	0.701	0.051
144.000000	121	18	0.619	0.046
150.000000	121	18	0.495	0.038
156.000000	121	18	0.316	0.028
162.000000	121	27	0.117	0.016
168.000000	190	27	0.007	0.007
