0.000000	125	102	0.000	0.000
6.000000	63	89	0.981	0.038
12.000000	63	89	0.980	0.044
18.000000	63	89	0.979	0.049
24.000000	63	89	0.978	0.055
30.000000	63	89	0.977	0.060
36.000000	63	89	0.977	0.064
42.000000	63	89	0.976	0.068
48.000000	63	89	0.974	0.072
54.000000	63	89	0.971	0.075
60.000000	63	89	0.967	0.077
66.000000	63	89	0.962	0.079
72.000000	63	89	0.957	0.080
78.000000	63	89	0.950	0.081
84.000000	63	89	0.943	0.081
90.000000	63	89	0.935	0.081
96.000000	63	89	0.926	0.080
102.000000	63	89	0.915	0.079
108.000000	63	89	0.903	0.077
114.000000	63	89	0.888	0.075
120.000000	63	89	0.871	0.073
126.000000	63	89	0.849	0.069
132.000000	63	89	0.822	0.065
138.000000	63	89	0.787	0.061
144.000000	63	89	0.738	0.055
150.000000	63	89	0.669	0.048
156.000000	63	89	0.562	0.039
162.000000	63	89	0.397	0.028
168.000000	63	89	0.185	0.015
174.000000	63	39	0.027	0.006
180.000000	39	25	0.003	0.002
