0.000000	125	102	0.000	0.000
6.000000	18	9	0.981	0.045
12.000000	18	9	0.980	0.049
18.000000	18	9	0.979	0.054
24.000000	18	9	0.978	0.059
30.000000	18	9	0.977	0.063
36.000000	18	9	0.976	0.067
42.000000	18	9	0.974	0.070
48.000000	18	9	0.972	0.073
54.000000	18	9	0.969	0.076
60.000000	18	9	0.964	0.078
66.000000	18	9	0.957	0.080
72.000000	18	9	0.950	0.081
78.000000	18	9	0.942	0.082
84.000000	18	9	0.933	0.082
90.000000	18	9	0.923	0.082
96.000000	18	9	0.911	0.081
102.000000	18	9	0.898	0.080
108.000000	18	9	0.882	0.079
114.000000	18	9	0.864	0.077
120.000000	18	9	0.841	0.075
126.000000	18	9	0.813	0.072
132.000000	18	9	0.778	0.068
138.000000	18	9	0.730	0.063
144.000000	18	9	0.662	0.057
150.000000	18	9	0.560	0.049
156.000000	18	9	0.405	0.037
162.000000	18	17	0.202	0.023
168.000000	18	135	0.038	0.011
174.000000	135	64	0.005	0.003
