0.000000	125	102	0.000	0.000
6.000000	138	93	0.981	0.033
12.000000	138	93	0.980	0.037
18.000000	138	93	0.979	0.041
24.000000	138	93	0.978	0.044
30.000000	138	93	0.977	0.048
36.000000	138	93	0.976	0.050
42.000000	138	93	0.976	0.053
48.000000	138	93	0.974	0.055
54.000000	138	93	0.970	0.057
60.000000	138	93	0.965	0.058
66.000000	138	93	0.959	0.059
72.000000	138	93	0.952	0.060
78.000000	138	93	0.944	0.060
84.000000	138	93	0.935	0.060
90.000000	138	93	0.924	0.059
96.000000	138	93	0.912	0.059
102.000000	138	93	0.897	0.057
108.000000	138	93	0.880	0.056
114.000000	138	93	0.858	0.054
120.000000	138	93	0.831	0.052
126.000000	138	93	0.796	0.049
132.000000	138	93	0.749	0.046
138.000000	138	1	0.681	0.042
144.000000	138	1	0.581	0.037
150.000000	138	1	0.430	0.030
156.000000	138	1	0.228	0.020
162.000000	138	1	0.054	0.010
168.000000	1	42	0.004	0.003
