0.000000	125	102	0.000	0.000
6.000000	183	49	0.981	0.041
12.000000	183	49	0.980	0.044
18.000000	183	49	0.979	0.047
24.000000	183	49	0.978	0.050
30.000000	183	49	0.978	0.051
36.000000	183	49	0.977	0.053
42.000000	183	49	0.976	0.054
48.000000	183	49	0.974	0.054
54.000000	183	49	0.971	0.055
60.000000	183	49	0.967	0.055
66.000000	183	49	0.961	0.055
72.000000	183	49	0.954	0.054
78.000000	183	49	0.947	0.054
84.000000	183	49	0.939	0.053
90.000000	183	49	0.929	0.053
96.000000	183	49	0.919	0.052
102.000000	183	49	0.906	0.051
108.000000	183	49	0.891	0.050
114.000000	183	49	0.873	0.049
120.000000	183	49	0.850	0.048
126.000000	183	49	0.822	0.047
132.000000	183	49	0.785	0.045
138.000000	183	49	0.734	0.042
144.000000	183	49	0.660	0.039
150.000000	183	49	0.548	0.033
156.000000	183	49	0.379	0.025
162.000000	183	49	0.170	0.015
168.000000	183	49	0.021	0.006
174.000000	145	55	0.002	0.002
