0.000000	125	102	0.000	0.000
6.000000	159	146	0.981	0.035
12.000000	159	146	0.980	0.037
18.000000	159	122	0.979	0.043
24.000000	159	122	0.978	0.048
30.000000	159	122	0.977	0.053
36.000000	159	122	0.976	0.057
42.000000	159	122	0.975	0.060
48.000000	159	122	0.973	0.062
54.000000	159	122	0.969	0.064
60.000000	159	145	0.964	0.066
66.000000	159	145	0.957	0.067
72.000000	159	145	0.949	0.068
78.000000	159	145	0.941	0.068
84.000000	159	145	0.932	0.067
90.000000	159	145	0.921	0.066
96.000000	159	44	0.909	0.065
102.000000	159	44	0.895	0.064
108.000000	159	44	0.879	0.062
114.000000	159	44	0.860	0.059
120.000000	159	44	0.836	0.056
126.000000	159	44	0.806	0.053
132.000000	159	44	0.768	0.048
138.000000	159	122	0.716	0.043
144.000000	159	122	0.641	0.038
150.000000	159	122	0.529	0.032
156.000000	159	85	0.360	0.024
162.000000	159	85	0.156	0.015
168.000000	159	85	0.017	0.007
174.000000	95	85	0.002	0.002
