0.000000	125	102	0.000	0.000
6.000000	176	131	0.981	0.036
12.000000	176	131	0.980	0.040
18.000000	176	131	0.979	0.044
24.000000	176	131	0.978	0.047
30.000000	176	131	0.978	0.049
36.000000	176	131	0.977	0.051
42.000000	176	131	0.976	0.052
48.000000	176	131	0.974	0.053
54.000000	176	58	0.970	0.055
60.000000	176	58	0.965	0.058
66.000000	176	58	0.959	0.060
72.000000	176	58	0.951	0.062
78.000000	176	58	0.943	0.063
84.000000	176	58	0.933	0.064
90.000000	176	58	0.922	0.064
96.000000	176	58	0.910	0.064
102.000000	176	58	0.895	0.063
108.000000	176	58	0.878	0.062
114.000000	176	58	0.857	0.060
120.000000	176	58	0.830	0.058
126.000000	176	58	0.796	0.055
132.000000	176	58	0.751	0.051
138.000000	176	58	0.689	0.046
144.000000	176	58	0.596	0.040
150.000000	176	83	0.455	0.031
156.000000	176	83	0.259	0.021
162.000000	176	83	0.074	0.011
168.000000	83	189	0.004	0.004
