0.000000	125	102	0.000	0.000
6.000000	112	198	0.981	0.039
12.000000	112	198	0.980	0.042
18.000000	112	107	0.979	0.049
24.000000	112	107	0.977	0.056
30.000000	112	107	0.976	0.063
36.000000	112	107	0.975	0.070
42.000000	112	107	0.973	0.076
48.000000	112	107	0.972	0.082
54.000000	112	107	0.969	0.086
60.000000	112	107	0.966	0.091
66.000000	112	107	0.963	0.094
72.000000	112	107	0.959	0.097
78.000000	112	107	0.955	0.099
84.000000	112	107	0.950	0.101
90.000000	112	107	0.945	0.103
96.000000	112	107	0.940	0.104
102.000000	112	107	0.934	0.105
108.000000	112	107	0.927	0.105
114.000000	112	107	0.920	0.105
120.000000	112	107	0.911	0.104
126.000000	112	107	0.901	0.102
132.000000	112	107	0.889	0.099
138.000000	112	107	0.875	0.096
144.000000	112	107	0.858	0.092
150.000000	112	107	0.837	0.088
156.000000	112	107	0.810	0.082
162.000000	112	107	0.774	0.075
168.000000	112	107	0.725	0.067
174.000000	112	107	0.652	0.056
180.000000	112	107	0.538	0.044
186.000000	112	107	0.357	0.029
192.000000	112	140	0.135	0.015
198.000000	108	141	0.008	0.007
