0.000000	125	102	0.000	0.000
6.000000	60	23	0.981	0.027
12.000000	60	23	0.980	0.030
18.000000	60	23	0.979	0.032
24.000000	60	23	0.978	0.035
30.000000	60	23	0.977	0.037
36.000000	60	23	0.976	0.039
42.000000	60	23	0.975	0.041
48.000000	60	23	0.974	0.043
54.000000	60	23	0.972	0.045
60.000000	60	23	0.969	0.047
66.000000	60	23	0.967	0.048
72.000000	60	23	0.963	0.049
78.000000	60	111	0.959	0.050
84.000000	60	111	0.955	0.052
90.000000	60	111	0.950	0.053
96.000000	60	111	0.945	0.053
102.000000	60	111	0.939	0.053
108.000000	60	111	0.932	0.053
114.000000	60	111	0.924	0.052
120.000000	60	111	0.914	0.051
126.000000	60	111	0.903	0.049
132.000000	60	111	0.890	0.047
138.000000	60	111	0.874	0.044
144.000000	60	111	0.854	0.040
150.000000	60	111	0.830	0.035
156.000000	60	111	0.798	0.030
162.000000	60	133	0.754	0.028
168.000000	60	133	0.691	0.025
174.000000	60	133	0.595	0.022
180.000000	60	133	0.441	0.018
186.000000	60	151	0.220	0.012
192.000000	60	140	0.038	0.007
198.000000	140	151	0.004	0.003
