0.000000	125	102	0.000	0.000
6.000000	0	82	0.981	0.036
12.000000	0	82	0.980	0.040
18.000000	0	82	0.979	0.044
24.000000	0	82	0.978	0.048
30.000000	0	82	0.976	0.051
36.000000	0	82	0.975	0.055
42.000000	0	82	0.974	0.058
48.000000	0	82	0.973	0.061
54.000000	0	82	0.970	0.064
60.000000	0	82	0.968	0.067
66.000000	0	82	0.964	0.069
72.000000	0	82	0.961	0.071
78.000000	0	82	0.957	0.073
84.000000	0	82	0.952	0.073
90.000000	0	82	0.947	0.074
96.000000	0	82	0.942	0.074
102.000000	0	82	0.936	0.073
108.000000	0	82	0.928	0.072
114.000000	0	82	0.920	0.071
120.000000	0	82	0.910	0.069
126.000000	0	82	0.899	0.067
132.000000	0	82	0.885	0.064
138.000000	0	82	0.868	0.061
144.000000	0	82	0.847	0.057
150.000000	0	82	0.820	0.053
156.000000	0	82	0.785	0.048
162.000000	0	82	0.736	0.042
168.000000	0	82	0.665	0.035
174.000000	0	132	0.553	0.028
180.000000	0	132	0.377	0.022
186.000000	0	132	0.154	0.012
192.000000	0	145	0.010	0.005
198.000000	43	56	0.003	0.003
