0.000000	125	102	0.000	0.000
6.000000	69	170	0.981	0.037
12.000000	69	170	0.980	0.041
18.000000	69	170	0.979	0.045
24.000000	69	170	0.977	0.048
30.000000	69	170	0.976	0.052
36.000000	69	170	0.975	0.055
42.000000	69	170	0.974	0.057
48.000000	69	170	0.972	0.059
54.000000	69	170	0.969	0.061
60.000000	69	170	0.966	0.062
66.000000	69	33	0.962	0.064
72.000000	69	33	0.957	0.066
78.000000	69	33	0.952	0.068
84.000000	69	33	0.947	0.070
90.000000	69	33	0.941	0.070
96.000000	69	33	0.934	0.070
102.000000	69	33	0.926	0.069
108.000000	69	33	0.918	0.068
114.000000	69	33	0.908	0.066
120.000000	69	33	0.896	0.063
126.000000	69	33	0.882	0.060
132.000000	69	33	0.865	0.057
138.000000	69	33	0.843	0.052
144.000000	69	33	0.816	0.048
150.000000	69	170	0.779	0.044
156.000000	69	170	0.727	0.041
162.000000	69	170	0.650	0.037
168.000000	69	170	0.530	0.032
174.000000	69	170	0.343	0.023
180.000000	69	118	0.128	0.014
186.000000	118	127	0.007	0.007
