0.000000	125	102	0.000	0.000
6.000000	34	32	0.981	0.040
12.000000	34	32	0.980	0.044
18.000000	34	32	0.979	0.048
24.000000	34	140	0.978	0.052
30.000000	34	140	0.977	0.059
36.000000	34	140	0.976	0.065
42.000000	34	140	0.975	0.071
48.000000	34	140	0.973	0.076
54.000000	34	140	0.971	0.081
60.000000	34	140	0.969	0.085
66.000000	34	140	0.965	0.088
72.000000	34	140	0.962	0.091
78.000000	34	140	0.958	0.093
84.000000	34	140	0.953	0.094
90.000000	34	140	0.948	0.095
96.000000	34	140	0.943	0.095
102.000000	34	140	0.936	0.094
108.000000	34	140	0.929	0.093
114.000000	34	140	0.921	0.091
120.000000	34	140	0.912	0.088
126.000000	34	140	0.901	0.084
132.000000	34	140	0.888	0.080
138.000000	34	140	0.872	0.075
144.000000	34	140	0.853	0.068
150.000000	34	140	0.828	0.061
156.000000	34	140	0.796	0.053
162.000000	34	9	0.754	0.050
168.000000	34	9	0.693	0.046
174.000000	34	9	0.600	0.041
180.000000	34	9	0.452	0.033
186.000000	34	141	0.238	0.021
192.000000	34	141	0.049	0.012
198.000000	141	15	0.006	0.004
