0.000000	125	102	0.000	0.000
6.000000	104	159	0.981	0.032
12.000000	104	159	0.980	0.037
18.000000	104	159	0.979	0.042
24.000000	104	159	0.977	0.047
30.000000	104	159	0.976	0.051
36.000000	104	159	0.975	0.055
42.000000	104	159	0.974	0.059
48.000000	104	159	0.972	0.063
54.000000	104	159	0.970	0.066
60.000000	104	159	0.967	0.068
66.000000	104	159	0.964	0.071
72.000000	104	159	0.960	0.073
78.000000	104	159	0.955	0.074
84.000000	104	159	0.951	0.075
90.000000	104	159	0.946	0.076
96.000000	104	159	0.940	0.076
102.000000	104	159	0.934	0.076
108.000000	104	159	0.927	0.075
114.000000	104	159	0.919	0.074
120.000000	104	159	0.909	0.072
126.000000	104	159	0.898	0.070
132.000000	104	159	0.884	0.067
138.000000	104	159	0.867	0.063
144.000000	104	159	0.845	0.059
150.000000	104	159	0.818	0.054
156.000000	104	159	0.781	0.048
162.000000	104	159	0.729	0.041
168.000000	104	159	0.651	0.033
174.000000	104	173	0.528	0.027
180.000000	104	150	0.336	0.020
186.000000	104	150	0.116	0.011
192.000000	60	194	0.005	0.004
