0.000000	125	102	0.000	0.000
6.000000	193	164	0.981	0.050
12.000000	193	164	0.980	0.055
18.000000	193	164	0.979	0.060
24.000000	193	164	0.978	0.065
30.000000	193	164	0.976	0.069
36.000000	193	164	0.975	0.073
42.000000	193	164	0.974	0.076
48.000000	193	164	0.972	0.078
54.000000	193	164	0.970	0.080
60.000000	193	164	0.967	0.082
66.000000	193	164	0.963	0.083
72.000000	193	164	0.959	0.084
78.000000	193	164	0.954	0.085
84.000000	193	164	0.949	0.085
90.000000	193	164	0.944	0.085
96.000000	193	164	0.938	0.084
102.000000	193	164	0.931	0.083
108.000000	193	164	0.923	0.081
114.000000	193	164	0.915	0.079
120.000000	193	164	0.904	0.077
126.000000	193	164	0.892	0.074
132.000000	193	164	0.878	0.072
138.000000	193	164	0.860	0.069
144.000000	193	164	0.837	0.066
150.000000	193	164	0.808	0.062
156.000000	193	164	0.769	0.059
162.000000	193	164	0.714	0.055
168.000000	193	164	0.630	0.051
174.000000	193	164	0.497	0.043
180.000000	193	164	0.296	0.031
186.000000	193	164	0.087	0.017
192.000000	164	87	0.007	0.005
