0.000000	125	102	0.000	0.000
6.000000	117	198	0.981	0.040
12.000000	117	198	0.980	0.043
18.000000	117	198	0.979	0.046
24.000000	117	14	0.978	0.049
30.000000	117	14	0.976	0.053
36.000000	117	14	0.975	0.056
42.000000	117	14	0.974	0.060
48.000000	117	14	0.972	0.062
54.000000	117	82	0.970	0.068
60.000000	117	82	0.967	0.073
66.000000	117	82	0.964	0.077
72.000000	117	82	0.960	0.081
78.000000	117	82	0.956	0.085
84.000000	117	82	0.952	0.088
90.000000	117	82	0.947	0.091
96.000000	117	82	0.941	0.093
102.000000	117	82	0.935	0.094
108.000000	117	82	0.929	0.095
114.000000	117	82	0.921	0.094
120.000000	117	82	0.912	0.092
126.000000	117	82	0.902	0.090
132.000000	117	82	0.890	0.086
138.000000	117	82	0.875	0.082
144.000000	117	82	0.858	0.076
150.000000	117	82	0.836	0.069
156.000000	117	82	0.808	0.061
162.000000	117	82	0.771	0.052
168.000000	117	198	0.719	0.044
174.000000	117	198	0.641	0.041
180.000000	117	198	0.517	0.036
186.000000	117	198	0.323	0.028
192.000000	117	198	0.104	0.015
198.000000	198	69	0.006	0.006
