0.000000	125	102	0.000	0.000
6.000000	194	170	0.981	0.037
12.000000	194	170	0.980	0.042
18.000000	194	170	0.979	0.048
24.000000	194	170	0.977	0.053
30.000000	194	170	0.976	0.058
36.000000	194	170	0.975	0.063
42.000000	194	170	0.974	0.068
48.000000	194	170	0.972	0.072
54.000000	194	170	0.969	0.076
60.000000	194	170	0.966	0.079
66.000000	194	170	0.962	0.081
72.000000	194	170	0.958	0.083
78.000000	194	170	0.953	0.084
84.000000	194	170	0.948	0.085
90.000000	194	170	0.943	0.085
96.000000	194	170	0.937	0.084
102.000000	194	170	0.930	0.083
108.000000	194	170	0.923	0.082
114.000000	194	170	0.914	0.080
120.000000	194	170	0.904	0.078
126.000000	194	170	0.892	0.075
132.000000	194	170	0.878	0.071
138.000000	194	170	0.861	0.067
144.000000	194	170	0.839	0.062
150.000000	194	170	0.811	0.057
156.000000	194	170	0.774	0.051
162.000000	194	170	0.722	0.045
168.000000	194	170	0.643	0.038
174.000000	194	170	0.520	0.030
180.000000	194	170	0.328	0.020
186.000000	194	117	0.112	0.011
192.000000	117	128	0.005	0.005
