0.000000	125	102	0.000	0.000
6.000000	18	9	0.981	0.045
12.000000	18	9	0.980	0.050
18.000000	18	9	0.978	0.055
24.000000	18	9	0.977	0.060
30.000000	18	9	0.976	0.066
36.000000	18	9	0.974	0.071
42.000000	18	9	0.973	0.076
48.000000	18	9	0.971	0.080
54.000000	18	9	0.969	0.084
60.000000	18	9	0.966	0.088
66.000000	18	9	0.962	0.091
72.000000	18	9	0.958	0.094
78.000000	18	9	0.954	0.096
84.000000	18	9	0.949	0.097
90.000000	18	9	0.944	0.097
96.000000	18	9	0.939	0.097
102.000000	18	9	0.932	0.097
108.000000	18	9	0.926	0.095
114.000000	18	9	0.918	0.094
120.000000	18	9	0.909	0.092
126.000000	18	9	0.899	0.089
132.000000	18	9	0.886	0.086
138.000000	18	9	0.872	0.083
144.000000	18	9	0.855	0.079
150.000000	18	9	0.833	0.074
156.000000	18	9	0.806	0.069
162.000000	18	9	0.769	0.063
168.000000	18	9	0.717	0.056
174.000000	18	9	0.640	0.049
180.000000	18	9	0.517	0.040
186.000000	18	9	0.325	0.027
192.000000	18	135	0.107	0.016
198.000000	135	184	0.008	0.005
