0.000000	125	102	0.000	0.000
6.000000	28	162	0.981	0.044
12.000000	28	162	0.980	0.049
18.000000	28	162	0.979	0.055
24.000000	28	162	0.977	0.060
30.000000	28	162	0.976	0.066
36.000000	28	162	0.975	0.070
42.000000	28	162	0.973	0.075
48.000000	28	162	0.972	0.079
54.000000	28	162	0.970	0.083
60.000000	28	162	0.967	0.086
66.000000	28	162	0.965	0.089
72.000000	28	162	0.962	0.091
78.000000	28	162	0.959	0.093
84.000000	28	162	0.955	0.094
90.000000	28	162	0.952	0.094
96.000000	28	162	0.948	0.094
102.000000	28	162	0.944	0.093
108.000000	28	162	0.939	0.091
114.000000	28	162	0.933	0.089
120.000000	28	162	0.926	0.086
126.000000	28	162	0.918	0.083
132.000000	28	162	0.909	0.080
138.000000	28	162	0.897	0.075
144.000000	28	162	0.883	0.071
150.000000	28	162	0.866	0.065
156.000000	28	162	0.843	0.060
162.000000	28	162	0.814	0.054
168.000000	28	162	0.774	0.049
174.000000	28	162	0.717	0.043
180.000000	28	162	0.628	0.037
186.000000	28	162	0.482	0.028
192.000000	28	162	0.261	0.016
198.000000	28	106	0.057	0.006
204.000000	112	106	0.004	0.004
