0.000000	125	102	0.000	0.000
6.000000	92	197	0.981	0.032
12.000000	92	197	0.980	0.036
18.000000	92	197	0.979	0.040
24.000000	92	197	0.977	0.044
30.000000	92	197	0.976	0.047
36.000000	92	197	0.975	0.051
42.000000	92	197	0.974	0.053
48.000000	92	100	0.972	0.057
54.000000	92	100	0.969	0.061
60.000000	92	100	0.966	0.064
66.000000	92	100	0.962	0.066
72.000000	92	100	0.958	0.069
78.000000	92	100	0.953	0.070
84.000000	92	100	0.948	0.072
90.000000	92	100	0.943	0.072
96.000000	92	100	0.937	0.072
102.000000	92	100	0.930	0.071
108.000000	92	100	0.922	0.070
114.000000	92	100	0.913	0.068
120.000000	92	100	0.902	0.066
126.000000	92	100	0.889	0.063
132.000000	92	100	0.873	0.059
138.000000	92	197	0.853	0.055
144.000000	92	197	0.828	0.053
150.000000	92	197	0.796	0.051
156.000000	92	197	0.751	0.048
162.000000	92	197	0.687	0.044
168.000000	92	197	0.589	0.038
174.000000	92	197	0.433	0.030
180.000000	92	197	0.216	0.018
186.000000	92	197	0.039	0.008
192.000000	173	101	0.004	0.004
