0.000000	125	102	0.000	0.000
6.000000	154	124	0.981	0.042
12.000000	154	124	0.980	0.049
18.000000	154	124	0.979	0.055
24.000000	154	124	0.978	0.061
30.000000	154	124	0.977	0.066
36.000000	154	124	0.976	0.071
42.000000	154	124	0.974	0.076
48.000000	154	124	0.973	0.081
54.000000	154	124	0.971	0.085
60.000000	154	124	0.968	0.089
66.000000	154	124	0.965	0.093
72.000000	154	124	0.962	0.097
78.000000	154	124	0.958	0.100
84.000000	154	124	0.953	0.102
90.000000	154	124	0.948	0.104
96.000000	154	124	0.943	0.106
102.000000	154	124	0.937	0.107
108.000000	154	124	0.930	0.107
114.000000	154	124	0.922	0.107
120.000000	154	124	0.912	0.106
126.000000	154	124	0.901	0.105
132.000000	154	124	0.888	0.103
138.000000	154	124	0.871	0.102
144.000000	154	124	0.852	0.099
150.000000	154	124	0.826	0.096
156.000000	154	124	0.793	0.092
162.000000	154	124	0.747	0.087
168.000000	154	124	0.681	0.080
174.000000	154	124	0.577	0.070
180.000000	154	124	0.410	0.055
186.000000	154	124	0.184	0.035
192.000000	154	124	0.022	0.017
198.000000	124	71	0.006	0.003
