0.000000	125	102	0.000	0.000
6.000000	160	13	0.981	0.048
12.000000	160	13	0.980	0.053
18.000000	160	13	0.979	0.056
24.000000	160	13	0.977	0.060
30.000000	160	13	0.976	0.064
36.000000	160	13	0.975	0.067
42.000000	160	13	0.973	0.070
48.000000	160	13	0.972	0.073
54.000000	160	13	0.970	0.075
60.000000	160	13	0.968	0.077
66.000000	160	174	0.965	0.081
72.000000	160	174	0.961	0.085
78.000000	160	174	0.958	0.089
84.000000	160	174	0.954	0.092
90.000000	160	174	0.949	0.094
96.000000	160	174	0.944	0.095
102.000000	160	174	0.939	0.096
108.000000	160	174	0.932	0.096
114.000000	160	174	0.925	0.095
120.000000	160	174	0.916	0.093
126.000000	160	174	0.906	0.091
132.000000	160	174	0.893	0.087
138.000000	160	174	0.878	0.083
144.000000	160	174	0.859	0.078
150.000000	160	174	0.836	0.071
156.000000	160	174	0.804	0.064
162.000000	160	13	0.762	0.057
168.000000	160	13	0.700	0.055
174.000000	160	13	0.607	0.051
180.000000	160	13	0.457	0.043
186.000000	160	13	0.240	0.029
192.000000	160	13	0.049	0.014
198.000000	13	80	0.006	0.004
