0.000000	125	102	0.000	0.000
6.000000	166	91	0.981	0.032
12.000000	166	91	0.980	0.038
18.000000	166	91	0.979	0.043
24.000000	166	91	0.977	0.048
30.000000	166	91	0.976	0.053
36.000000	166	91	0.975	0.058
42.000000	166	91	0.973	0.063
48.000000	166	91	0.972	0.067
54.000000	166	91	0.969	0.071
60.000000	166	91	0.966	0.074
66.000000	166	91	0.961	0.077
72.000000	166	91	0.957	0.079
78.000000	166	91	0.952	0.080
84.000000	166	91	0.947	0.081
90.000000	166	91	0.941	0.082
96.000000	166	91	0.934	0.082
102.000000	166	91	0.927	0.081
108.000000	166	91	0.918	0.080
114.000000	166	91	0.909	0.079
120.000000	166	91	0.898	0.077
126.000000	166	91	0.884	0.074
132.000000	166	91	0.869	0.071
138.000000	166	91	0.850	0.068
144.000000	166	91	0.826	0.063
150.000000	166	91	0.795	0.058
156.000000	166	91	0.754	0.052
162.000000	166	91	0.696	0.045
168.000000	166	91	0.609	0.038
174.000000	166	91	0.469	0.029
180.000000	166	84	0.263	0.018
186.000000	166	84	0.067	0.010
192.000000	84	145	0.005	0.003
