0.000000	125	102	0.000	0.000
6.000000	131	124	0.981	0.037
12.000000	131	124	0.980	0.043
18.000000	131	124	0.979	0.049
24.000000	131	124	0.978	0.055
30.000000	131	124	0.976	0.061
36.000000	131	124	0.975	0.065
42.000000	131	124	0.974	0.069
48.000000	131	124	0.973	0.072
54.000000	131	124	0.971	0.074
60.000000	131	124	0.969	0.075
66.000000	131	124	0.966	0.076
72.000000	131	124	0.962	0.077
78.000000	131	124	0.959	0.076
84.000000	131	1	0.955	0.076
90.000000	131	1	0.950	0.076
96.000000	131	1	0.945	0.076
102.000000	131	1	0.939	0.075
108.000000	131	1	0.932	0.073
114.000000	131	1	0.924	0.071
120.000000	131	1	0.914	0.069
126.000000	131	1	0.902	0.066
132.000000	131	1	0.888	0.063
138.000000	131	1	0.870	0.059
144.000000	131	1	0.847	0.055
150.000000	131	1	0.817	0.051
156.000000	131	1	0.777	0.047
162.000000	131	1	0.719	0.041
168.000000	131	1	0.631	0.035
174.000000	131	1	0.489	0.027
180.000000	131	175	0.279	0.018
186.000000	131	175	0.073	0.008
192.000000	190	8	0.004	0.003
