0.000000	125	102	0.000	0.000
6.000000	87	5	0.981	0.059
12.000000	87	5	0.980	0.068
18.000000	87	5	0.978	0.077
24.000000	87	5	0.977	0.086
30.000000	87	5	0.976	0.096
36.000000	87	5	0.974	0.107
42.000000	87	5	0.973	0.117
48.000000	87	5	0.971	0.129
54.000000	87	5	0.969	0.140
60.000000	87	5	0.966	0.151
66.000000	87	5	0.963	0.161
72.000000	87	5	0.959	0.172
78.000000	87	5	0.954	0.181
84.000000	87	5	0.950	0.189
90.000000	87	5	0.945	0.197
96.000000	87	5	0.939	0.204
102.000000	87	5	0.933	0.210
108.000000	87	5	0.926	0.215
114.000000	87	5	0.918	0.220
120.000000	87	5	0.909	0.225
126.000000	87	5	0.898	0.232
132.000000	87	5	0.885	0.239
138.000000	87	5	0.869	0.246
144.000000	87	5	0.849	0.256
150.000000	87	5	0.825	0.266
156.000000	87	5	0.793	0.279
162.000000	87	5	0.750	0.297
168.000000	87	5	0.689	0.320
174.000000	87	5	0.596	0.350
180.000000	87	5	0.451	0.388
186.000000	5	87	0.451	0.246
192.000000	5	87	0.587	0.069
198.000000	5	164	0.752	0.037
204.000000	5	164	0.852	0.037
210.000000	5	162	0.899	0.040
216.000000	5	162	0.919	0.047
222.000000	5	162	0.928	0.054
228.000000	5	162	0.932	0.061
234.000000	5	162	0.934	0.068
240.000000	5	162	0.933	0.076
246.000000	5	162	0.931	0.083
252.000000	5	162	0.928	0.090
258.000000	5	162	0.924	0.097
264.000000	5	162	0.918	0.105
270.000000	5	162	0.912	0.112
276.000000	5	162	0.904	0.119
282.000000	5	162	0.894	0.127
288.000000	5	162	0.883	0.134
294.000000	5	162	0.869	0.142
300.000000	5	162	0.852	0.150
306.000000	5	162	0.831	0.159
312.000000	5	162	0.804	0.169
318.000000	5	162	0.768	0.180
324.000000	5	162	0.718	0.195
330.000000	5	162	0.643	0.213
336.000000	5	162	0.526	0.237
342.000000	5	162	0.343	0.273
348.000000	162	5	0.341	0.132
354.000000	162	28	0.477	0.027
360.000000	162	28	0.660	0.038
366.000000	162	28	0.811	0.046
372.000000	162	28	0.890	0.052
378.000000	162	24	0.922	0.057
384.000000	162	24	0.936	0.064
390.000000	162	24	0.942	0.070
396.000000	162	24	0.945	0.076
402.000000	162	24	0.945	0.082
408.000000	162	24	0.944	0.087
414.000000	162	24	0.942	0.091
420.000000	162	24	0.940	0.095
426.000000	162	24	0.937	0.097
432.000000	162	24	0.933	0.099
438.000000	162	24	0.928	0.100
444.000000	162	24	0.922	0.101
450.000000	162	76	0.916	0.101
456.000000	162	76	0.908	0.102
462.000000	162	76	0.899	0.103
468.000000	162	76	0.889	0.103
474.000000	162	76	0.876	0.102
480.000000	162	76	0.860	0.100
486.000000	162	76	0.841	0.098
492.000000	162	76	0.816	0.095
498.000000	162	76	0.783	0.090
504.000000	162	164	0.737	0.086
510.000000	162	164	0.671	0.080
516.000000	162	164	0.566	0.071
522.000000	162	164	0.397	0.057
528.000000	162	164	0.174	0.037
534.000000	164	162	0.020	0.019
540.000000	164	76	0.008	0.006
