0.000000	125	102	0.000	0.000
6.000000	51	175	0.981	0.041
12.000000	51	175	0.980	0.046
18.000000	51	175	0.978	0.051
24.000000	51	175	0.977	0.056
30.000000	51	175	0.976	0.061
36.000000	51	175	0.974	0.065
42.000000	51	175	0.973	0.069
48.000000	51	175	0.971	0.073
54.000000	51	175	0.969	0.077
60.000000	51	175	0.966	0.081
66.000000	51	175	0.963	0.084
72.000000	51	175	0.959	0.086
78.000000	51	175	0.956	0.089
84.000000	51	175	0.951	0.091
90.000000	51	175	0.947	0.093
96.000000	51	175	0.941	0.095
102.000000	51	175	0.936	0.096
108.000000	51	175	0.929	0.096
114.000000	51	175	0.922	0.096
120.000000	51	175	0.913	0.095
126.000000	51	175	0.902	0.094
132.000000	51	175	0.890	0.092
138.000000	51	175	0.875	0.090
144.000000	51	175	0.857	0.087
150.000000	51	175	0.833	0.083
156.000000	51	175	0.802	0.079
162.000000	51	175	0.759	0.073
168.000000	51	175	0.697	0.065
174.000000	51	175	0.599	0.055
180.000000	51	175	0.442	0.042
186.000000	51	175	0.220	0.026
192.000000	51	175	0.038	0.012
198.000000	183	55	0.005	0.004
