0.000000	125	102	0.000	0.000
6.000000	139	143	0.981	0.036
12.000000	139	143	0.980	0.039
18.000000	139	39	0.979	0.047
24.000000	139	39	0.978	0.057
30.000000	139	39	0.976	0.067
36.000000	139	39	0.975	0.076
42.000000	139	39	0.974	0.085
48.000000	139	39	0.972	0.094
54.000000	139	39	0.970	0.102
60.000000	139	39	0.967	0.110
66.000000	139	39	0.964	0.117
72.000000	139	39	0.960	0.125
78.000000	139	39	0.956	0.131
84.000000	139	39	0.952	0.137
90.000000	139	39	0.947	0.142
96.000000	139	39	0.941	0.147
102.000000	139	39	0.935	0.150
108.000000	139	39	0.929	0.153
114.000000	139	39	0.921	0.155
120.000000	139	39	0.912	0.157
126.000000	139	39	0.902	0.159
132.000000	139	39	0.890	0.160
138.000000	139	39	0.876	0.162
144.000000	139	39	0.858	0.165
150.000000	139	39	0.836	0.169
156.000000	139	39	0.808	0.173
162.000000	139	39	0.772	0.178
168.000000	139	39	0.720	0.182
174.000000	139	39	0.644	0.187
180.000000	139	39	0.525	0.192
186.000000	139	39	0.337	0.196
192.000000	39	139	0.200	0.120
198.000000	39	114	0.219	0.013
204.000000	39	95	0.260	0.013
210.000000	39	95	0.328	0.018
216.000000	39	95	0.431	0.024
222.000000	39	95	0.566	0.031
228.000000	39	95	0.704	0.037
234.000000	39	95	0.810	0.042
240.000000	39	95	0.874	0.045
246.000000	39	95	0.908	0.048
252.000000	39	95	0.925	0.050
258.000000	39	95	0.935	0.053
264.000000	39	95	0.939	0.055
270.000000	39	95	0.941	0.057
276.000000	39	66	0.942	0.059
282.000000	39	66	0.942	0.060
288.000000	39	66	0.941	0.062
294.000000	39	66	0.938	0.063
300.000000	39	66	0.936	0.064
306.000000	39	66	0.934	0.064
312.000000	39	66	0.930	0.065
318.000000	39	66	0.925	0.065
324.000000	39	66	0.920	0.064
330.000000	39	66	0.913	0.064
336.000000	39	66	0.905	0.063
342.000000	39	66	0.893	0.061
348.000000	39	66	0.880	0.059
354.000000	39	66	0.862	0.057
360.000000	39	66	0.840	0.054
366.000000	39	66	0.811	0.050
372.000000	39	66	0.771	0.046
378.000000	39	66	0.712	0.041
384.000000	39	66	0.620	0.035
390.000000	39	66	0.468	0.028
396.000000	39	66	0.242	0.017
402.000000	39	8	0.044	0.008
408.000000	84	8	0.003	0.003
