0.000000	125	102	0.000	0.000
6.000000	185	179	0.981	0.041
12.000000	185	179	0.980	0.047
18.000000	185	179	0.979	0.053
24.000000	185	179	0.978	0.059
30.000000	185	179	0.977	0.065
36.000000	185	179	0.976	0.071
42.000000	185	179	0.974	0.076
48.000000	185	179	0.973	0.081
54.000000	185	179	0.971	0.086
60.000000	185	179	0.969	0.089
66.000000	185	179	0.966	0.092
72.000000	185	179	0.963	0.094
78.000000	185	179	0.960	0.096
84.000000	185	179	0.956	0.097
90.000000	185	179	0.952	0.097
96.000000	185	179	0.947	0.097
102.000000	185	179	0.942	0.096
108.000000	185	179	0.936	0.095
114.000000	185	179	0.929	0.093
120.000000	185	179	0.921	0.090
126.000000	185	179	0.911	0.087
132.000000	185	179	0.900	0.083
138.000000	185	179	0.886	0.078
144.000000	185	179	0.870	0.072
150.000000	185	179	0.849	0.066
156.000000	185	179	0.822	0.058
162.000000	185	179	0.788	0.050
168.000000	185	179	0.739	0.042
174.000000	185	128	0.668	0.035
180.000000	185	128	0.555	0.030
186.000000	185	128	0.373	0.023
192.000000	185	128	0.146	0.014
198.000000	185	36	0.007	0.006
