0.000000	125	102	0.000	0.000
6.000000	71	73	0.981	0.042
12.000000	71	73	0.980	0.047
18.000000	71	73	0.979	0.052
24.000000	71	73	0.978	0.058
30.000000	71	73	0.977	0.062
36.000000	71	73	0.975	0.067
42.000000	71	73	0.974	0.070
48.000000	71	73	0.973	0.074
54.000000	71	73	0.971	0.077
60.000000	71	73	0.968	0.079
66.000000	71	73	0.965	0.080
72.000000	71	73	0.961	0.081
78.000000	71	73	0.957	0.082
84.000000	71	73	0.952	0.081
90.000000	71	73	0.948	0.081
96.000000	71	73	0.942	0.080
102.000000	71	126	0.937	0.079
108.000000	71	126	0.930	0.078
114.000000	71	126	0.923	0.077
120.000000	71	126	0.914	0.075
126.000000	71	126	0.904	0.073
132.000000	71	126	0.892	0.071
138.000000	71	126	0.878	0.068
144.000000	71	126	0.861	0.065
150.000000	71	126	0.839	0.062
156.000000	71	126	0.811	0.058
162.000000	71	126	0.774	0.054
168.000000	71	126	0.723	0.049
174.000000	71	126	0.646	0.045
180.000000	71	126	0.524	0.039
186.000000	71	126	0.330	0.028
192.000000	71	126	0.109	0.014
198.000000	37	79	0.008	0.004
