0.000000	125	102	0.000	0.000
6.000000	129	184	0.981	0.039
12.000000	129	184	0.980	0.046
18.000000	129	184	0.979	0.055
24.000000	129	184	0.977	0.064
30.000000	129	184	0.976	0.073
36.000000	129	184	0.974	0.082
42.000000	129	184	0.973	0.091
48.000000	129	184	0.971	0.100
54.000000	129	184	0.969	0.108
60.000000	129	184	0.966	0.116
66.000000	129	184	0.962	0.123
72.000000	129	184	0.958	0.130
78.000000	129	184	0.953	0.136
84.000000	129	184	0.948	0.141
90.000000	129	184	0.943	0.146
96.000000	129	184	0.937	0.150
102.000000	129	184	0.931	0.154
108.000000	129	184	0.923	0.157
114.000000	129	184	0.915	0.159
120.000000	129	184	0.905	0.160
126.000000	129	184	0.893	0.160
132.000000	129	184	0.880	0.160
138.000000	129	184	0.863	0.158
144.000000	129	184	0.843	0.156
150.000000	129	184	0.817	0.154
156.000000	129	184	0.783	0.151
162.000000	129	184	0.736	0.148
168.000000	129	184	0.667	0.143
174.000000	129	184	0.559	0.134
180.000000	129	184	0.387	0.118
186.000000	129	184	0.166	0.093
192.000000	184	129	0.066	0.016
198.000000	184	194	0.046	0.006
204.000000	184	137	0.030	0.005
210.000000	184	137	0.017	0.004
216.000000	184	137	0.007	0.003
