0.000000	125	102	0.000	0.000
6.000000	197	40	0.981	0.032
12.000000	197	40	0.980	0.037
18.000000	197	40	0.979	0.042
24.000000	197	40	0.978	0.048
30.000000	197	40	0.977	0.055
36.000000	197	40	0.976	0.062
42.000000	197	40	0.975	0.068
48.000000	197	40	0.973	0.073
54.000000	197	40	0.971	0.078
60.000000	197	40	0.969	0.082
66.000000	197	40	0.966	0.085
72.000000	197	40	0.962	0.088
78.000000	197	40	0.959	0.090
84.000000	197	40	0.955	0.091
90.000000	197	40	0.951	0.091
96.000000	197	40	0.946	0.091
102.000000	197	40	0.941	0.090
108.000000	197	40	0.935	0.088
114.000000	197	40	0.928	0.086
120.000000	197	40	0.920	0.083
126.000000	197	40	0.910	0.079
132.000000	197	40	0.899	0.075
138.000000	197	40	0.885	0.070
144.000000	197	40	0.868	0.065
150.000000	197	40	0.846	0.059
156.000000	197	40	0.818	0.052
162.000000	197	40	0.780	0.045
168.000000	197	92	0.727	0.039
174.000000	197	92	0.645	0.035
180.000000	197	92	0.513	0.030
186.000000	197	92	0.308	0.021
192.000000	197	92	0.090	0.011
198.000000	92	37	0.005	0.003
