0.000000	125	102	0.000	0.000
6.000000	191	22	0.981	0.036
12.000000	191	22	0.980	0.041
18.000000	191	22	0.979	0.046
24.000000	191	22	0.977	0.051
30.000000	191	22	0.976	0.056
36.000000	191	22	0.975	0.061
42.000000	191	22	0.973	0.066
48.000000	191	22	0.972	0.071
54.000000	191	22	0.969	0.075
60.000000	191	22	0.966	0.078
66.000000	191	22	0.962	0.081
72.000000	191	22	0.958	0.083
78.000000	191	22	0.954	0.084
84.000000	191	22	0.949	0.085
90.000000	191	22	0.944	0.085
96.000000	191	22	0.938	0.085
102.000000	191	22	0.932	0.084
108.000000	191	22	0.925	0.083
114.000000	191	22	0.916	0.082
120.000000	191	22	0.907	0.081
126.000000	191	22	0.896	0.078
132.000000	191	22	0.883	0.076
138.000000	191	22	0.867	0.073
144.000000	191	22	0.847	0.069
150.000000	191	22	0.822	0.064
156.000000	191	22	0.788	0.059
162.000000	191	22	0.742	0.053
168.000000	191	22	0.674	0.046
174.000000	191	22	0.568	0.038
180.000000	191	22	0.399	0.028
186.000000	191	11	0.176	0.017
192.000000	191	124	0.019	0.008
198.000000	23	87	0.004	0.003
