0.000000	119	165	0.000	0.000
6.000000	34	32	0.986	0.039
12.000000	34	32	0.985	0.043
18.000000	34	32	0.984	0.047
24.000000	34	32	0.982	0.053
30.000000	34	140	0.980	0.065
36.000000	34	140	0.978	0.079
42.000000	34	140	0.975	0.094
48.000000	34	140	0.972	0.109
54.000000	34	140	0.969	0.125
60.000000	34	140	0.965	0.142
66.000000	34	140	0.962	0.160
72.000000	34	140	0.958	0.180
78.000000	34	140	0.954	0.201
84.000000	34	140	0.950	0.224
90.000000	34	140	0.946	0.245
96.000000	34	140	0.942	0.262
102.000000	34	140	0.938	0.274
108.000000	34	140	0.935	0.284
114.000000	34	140	0.931	0.293
120.000000	34	140	0.928	0.302
126.000000	34	140	0.926	0.312
132.000000	34	140	0.923	0.323
138.000000	34	140	0.920	0.332
144.000000	34	140	0.918	0.340
150.000000	34	140	0.916	0.348
156.000000	34	140	0.915	0.355
162.000000	34	140	0.914	0.363
168.000000	34	140	0.914	0.376
174.000000	34	140	0.914	0.388
180.000000	34	140	0.914	0.396
186.000000	34	140	0.915	0.404
192.000000	34	140	0.916	0.412
198.000000	34	140	0.917	0.421
204.000000	34	140	0.918	0.437
210.000000	34	140	0.918	0.460
216.000000	34	140	0.917	0.491
222.000000	34	140	0.917	0.524
228.000000	34	140	0.916	0.561
234.000000	34	140	0.912	0.604
240.000000	34	140	0.906	0.635
246.000000	34	140	0.896	0.653
252.000000	34	140	0.885	0.673
258.000000	34	140	0.874	0.685
264.000000	34	140	0.858	0.693
270.000000	34	140	0.826	0.711
276.000000	34	140	0.790	0.728
282.000000	34	140	0.747	0.745
288.000000	140	34	0.761	0.691
294.000000	140	34	0.789	0.602
300.000000	140	34	0.827	0.462
306.000000	140	34	0.854	0.270
312.000000	140	41	0.892	0.213
318.000000	140	41	0.912	0.235
324.000000	140	41	0.912	0.265
330.000000	140	41	0.911	0.298
336.000000	140	41	0.909	0.333
342.000000	140	41	0.906	0.360
348.000000	140	41	0.902	0.378
354.000000	140	41	0.896	0.392
360.000000	140	41	0.891	0.405
366.000000	140	41	0.884	0.417
372.000000	140	41	0.878	0.428
378.000000	140	41	0.872	0.439
384.000000	140	41	0.866	0.452
390.000000	140	41	0.861	0.462
396.000000	140	41	0.856	0.469
402.000000	140	41	0.852	0.474
408.000000	140	41	0.848	0.477
414.000000	140	41	0.844	0.483
420.000000	140	41	0.837	0.485
426.000000	140	41	0.830	0.489
432.000000	140	41	0.821	0.492
438.000000	140	41	0.811	0.496
444.000000	140	41	0.799	0.506
450.000000	140	41	0.780	0.526
456.000000	140	41	0.757	0.552
462.000000	140	41	0.728	0.584
468.000000	140	41	0.692	0.611
474.000000	140	41	0.644	0.630
480.000000	41	140	0.656	0.583
486.000000	41	140	0.677	0.507
492.000000	41	140	0.702	0.392
498.000000	41	66	0.739	0.323
504.000000	41	66	0.784	0.363
510.000000	41	66	0.814	0.394
516.000000	41	66	0.830	0.424
522.000000	41	66	0.833	0.464
528.000000	41	66	0.830	0.493
534.000000	41	66	0.825	0.515
540.000000	41	66	0.819	0.540
546.000000	41	66	0.819	0.560
552.000000	41	66	0.817	0.575
558.000000	41	66	0.811	0.586
564.000000	41	66	0.804	0.600
570.000000	41	66	0.800	0.609
576.000000	41	66	0.795	0.619
582.000000	41	66	0.788	0.630
588.000000	41	66	0.779	0.642
594.000000	41	66	0.767	0.651
600.000000	41	66	0.756	0.662
606.000000	41	66	0.742	0.672
612.000000	41	66	0.729	0.672
618.000000	41	66	0.713	0.673
624.000000	41	66	0.689	0.680
630.000000	66	41	0.685	0.658
636.000000	66	41	0.690	0.618
642.000000	66	41	0.701	0.560
648.000000	66	41	0.710	0.488
654.000000	66	41	0.728	0.391
660.000000	66	41	0.751	0.263
666.000000	66	41	0.778	0.124
672.000000	66	95	0.806	0.118
678.000000	66	95	0.834	0.126
684.000000	66	95	0.859	0.134
690.000000	66	95	0.876	0.143
696.000000	66	95	0.884	0.155
702.000000	66	95	0.889	0.167
708.000000	66	157	0.892	0.179
714.000000	66	157	0.893	0.191
720.000000	66	157	0.892	0.206
726.000000	66	157	0.890	0.221
732.000000	66	157	0.890	0.237
738.000000	66	157	0.884	0.254
744.000000	66	157	0.876	0.269
750.000000	66	157	0.869	0.287
756.000000	66	157	0.863	0.305
762.000000	66	157	0.860	0.316
768.000000	66	157	0.854	0.324
774.000000	66	157	0.845	0.334
780.000000	66	157	0.833	0.347
786.000000	66	157	0.821	0.361
792.000000	66	157	0.809	0.371
798.000000	66	157	0.795	0.381
804.000000	66	157	0.781	0.389
810.000000	66	157	0.764	0.396
816.000000	66	157	0.740	0.405
822.000000	66	157	0.711	0.419
828.000000	66	157	0.677	0.437
834.000000	66	157	0.633	0.466
840.000000	66	157	0.573	0.497
846.000000	157	66	0.532	0.473
852.000000	157	66	0.583	0.329
858.000000	157	95	0.654	0.214
864.000000	157	95	0.735	0.210
870.000000	157	31	0.794	0.217
876.000000	157	31	0.845	0.231
882.000000	157	31	0.870	0.252
888.000000	157	31	0.881	0.274
894.000000	157	31	0.889	0.297
900.000000	157	31	0.894	0.320
906.000000	157	31	0.899	0.341
912.000000	157	31	0.898	0.363
918.000000	157	31	0.895	0.382
924.000000	157	31	0.892	0.407
930.000000	157	31	0.888	0.432
936.000000	157	31	0.885	0.451
942.000000	157	31	0.886	0.465
948.000000	157	31	0.889	0.475
954.000000	157	31	0.890	0.485
960.000000	157	31	0.890	0.495
966.000000	157	31	0.888	0.507
972.000000	157	31	0.884	0.523
978.000000	157	31	0.880	0.531
984.000000	157	31	0.875	0.544
990.000000	157	31	0.870	0.563
996.000000	157	31	0.863	0.583
1002.000000	157	31	0.857	0.594
1008.000000	157	31	0.850	0.604
1014.000000	157	31	0.838	0.628
1020.000000	157	31	0.827	0.643
1026.000000	157	31	0.815	0.650
1032.000000	157	31	0.799	0.663
1038.000000	157	31	0.781	0.675
1044.000000	157	31	0.759	0.683
1050.000000	157	31	0.726	0.692
1056.000000	31	157	0.703	0.684
1062.000000	31	157	0.713	0.628
1068.000000	31	157	0.733	0.540
1074.000000	31	157	0.758	0.422
1080.000000	31	157	0.791	0.271
1086.000000	31	160	0.839	0.207
1092.000000	31	160	0.871	0.220
1098.000000	31	160	0.885	0.238
1104.000000	31	160	0.892	0.261
1110.000000	31	160	0.898	0.294
1116.000000	31	160	0.902	0.332
1122.000000	31	160	0.904	0.370
1128.000000	31	160	0.904	0.400
1134.000000	31	160	0.906	0.421
1140.000000	31	160	0.907	0.440
1146.000000	31	160	0.903	0.453
1152.000000	31	160	0.899	0.462
1158.000000	31	160	0.894	0.469
1164.000000	31	160	0.888	0.474
1170.000000	31	160	0.880	0.481
1176.000000	31	160	0.872	0.491
1182.000000	31	160	0.863	0.498
1188.000000	31	160	0.852	0.504
1194.000000	31	160	0.839	0.511
1200.000000	31	160	0.824	0.520
1206.000000	31	160	0.809	0.531
1212.000000	31	160	0.790	0.538
1218.000000	31	160	0.769	0.545
1224.000000	31	160	0.743	0.559
1230.000000	31	160	0.709	0.575
1236.000000	31	160	0.660	0.594
1242.000000	160	31	0.615	0.597
1248.000000	160	31	0.640	0.507
1254.000000	160	31	0.683	0.385
1260.000000	160	13	0.740	0.388
1266.000000	160	13	0.803	0.409
1272.000000	160	13	0.846	0.428
1278.000000	160	13	0.858	0.444
1284.000000	160	13	0.864	0.450
1290.000000	160	13	0.867	0.452
1296.000000	160	13	0.864	0.459
1302.000000	160	13	0.864	0.463
1308.000000	160	13	0.861	0.466
1314.000000	160	13	0.856	0.467
1320.000000	160	13	0.851	0.466
1326.000000	160	13	0.845	0.465
1332.000000	160	13	0.841	0.461
1338.000000	160	13	0.842	0.449
1344.000000	160	13	0.841	0.435
1350.000000	160	13	0.838	0.419
1356.000000	160	13	0.836	0.400
1362.000000	160	13	0.833	0.378
1368.000000	160	13	0.830	0.355
1374.000000	160	13	0.828	0.330
1380.000000	160	13	0.826	0.298
1386.000000	160	13	0.828	0.255
1392.000000	160	13	0.828	0.208
1398.000000	160	13	0.823	0.161
1404.000000	160	174	0.814	0.142
1410.000000	160	174	0.804	0.155
1416.000000	160	174	0.789	0.169
1422.000000	160	174	0.770	0.188
1428.000000	160	174	0.745	0.207
1434.000000	160	174	0.711	0.225
1440.000000	160	174	0.667	0.239
1446.000000	160	174	0.612	0.256
1452.000000	160	174	0.538	0.281
1458.000000	160	174	0.438	0.306
1464.000000	174	160	0.332	0.309
1470.000000	174	188	0.369	0.242
1476.000000	174	188	0.411	0.266
1482.000000	174	188	0.449	0.281
1488.000000	174	188	0.478	0.294
1494.000000	174	188	0.499	0.308
1500.000000	174	188	0.521	0.314
1506.000000	174	188	0.538	0.321
1512.000000	174	188	0.552	0.331
1518.000000	174	188	0.569	0.340
1524.000000	174	188	0.584	0.343
1530.000000	174	188	0.596	0.347
1536.000000	174	188	0.610	0.352
1542.000000	174	188	0.621	0.360
1548.000000	174	188	0.636	0.369
1554.000000	174	188	0.648	0.374
1560.000000	174	188	0.664	0.386
1566.000000	174	188	0.679	0.388
1572.000000	174	188	0.699	0.380
1578.000000	174	188	0.716	0.374
1584.000000	174	83	0.730	0.376
1590.000000	174	83	0.743	0.393
1596.000000	174	83	0.756	0.410
1602.000000	174	83	0.764	0.429
1608.000000	174	83	0.774	0.453
1614.000000	174	83	0.782	0.475
1620.000000	174	83	0.790	0.498
1626.000000	174	83	0.804	0.518
1632.000000	174	83	0.820	0.535
1638.000000	174	83	0.830	0.547
1644.000000	174	83	0.836	0.557
1650.000000	174	83	0.838	0.561
1656.000000	174	83	0.842	0.564
1662.000000	174	83	0.842	0.570
1668.000000	174	83	0.843	0.575
1674.000000	174	83	0.843	0.578
1680.000000	174	83	0.844	0.578
1686.000000	174	83	0.841	0.575
1692.000000	174	83	0.835	0.576
1698.000000	174	83	0.830	0.577
1704.000000	174	83	0.829	0.570
1710.000000	174	83	0.827	0.561
1716.000000	174	83	0.822	0.550
1722.000000	174	83	0.818	0.530
1728.000000	174	83	0.821	0.500
1734.000000	174	83	0.819	0.471
1740.000000	174	83	0.814	0.436
1746.000000	174	83	0.806	0.393
1752.000000	174	83	0.796	0.339
1758.000000	174	83	0.783	0.269
1764.000000	174	83	0.769	0.185
1770.000000	174	51	0.752	0.167
1776.000000	174	51	0.727	0.181
1782.000000	174	51	0.692	0.197
1788.000000	174	51	0.637	0.212
1794.000000	174	51	0.552	0.229
1800.000000	174	51	0.431	0.255
1806.000000	51	174	0.286	0.278
1812.000000	51	63	0.324	0.259
1818.000000	51	63	0.376	0.295
1824.000000	51	63	0.432	0.330
1830.000000	51	63	0.485	0.359
1836.000000	51	63	0.518	0.383
1842.000000	51	63	0.545	0.405
1848.000000	51	63	0.564	0.419
1854.000000	51	63	0.574	0.427
1860.000000	51	63	0.583	0.434
1866.000000	51	63	0.588	0.435
1872.000000	51	63	0.600	0.434
1878.000000	51	63	0.620	0.432
1884.000000	51	63	0.634	0.432
1890.000000	51	63	0.646	0.432
1896.000000	51	63	0.655	0.430
1902.000000	51	63	0.664	0.428
1908.000000	51	63	0.676	0.425
1914.000000	51	63	0.691	0.428
1920.000000	51	63	0.703	0.425
1926.000000	51	63	0.712	0.424
1932.000000	51	63	0.721	0.421
1938.000000	51	63	0.734	0.407
1944.000000	51	63	0.750	0.392
1950.000000	51	63	0.761	0.375
1956.000000	51	63	0.782	0.351
1962.000000	51	63	0.793	0.322
1968.000000	51	172	0.810	0.286
1974.000000	51	172	0.826	0.279
1980.000000	51	172	0.844	0.271
1986.000000	51	172	0.862	0.256
1992.000000	51	172	0.882	0.234
1998.000000	51	172	0.901	0.204
2004.000000	51	172	0.913	0.175
2010.000000	51	172	0.917	0.153
2016.000000	51	172	0.918	0.133
2022.000000	51	105	0.920	0.138
2028.000000	51	105	0.925	0.152
2034.000000	51	105	0.929	0.168
2040.000000	51	105	0.927	0.186
2046.000000	51	105	0.923	0.206
2052.000000	51	105	0.919	0.226
2058.000000	51	105	0.912	0.245
2064.000000	51	105	0.905	0.263
2070.000000	51	105	0.895	0.281
2076.000000	51	105	0.884	0.298
2082.000000	51	105	0.873	0.315
2088.000000	51	105	0.861	0.330
2094.000000	51	105	0.845	0.343
2100.000000	51	105	0.823	0.360
2106.000000	51	105	0.795	0.375
2112.000000	51	105	0.761	0.394
2118.000000	51	105	0.722	0.412
2124.000000	51	105	0.671	0.437
2130.000000	51	105	0.602	0.463
2136.000000	51	105	0.507	0.491
2142.000000	105	51	0.527	0.377
2148.000000	105	50	0.560	0.299
2154.000000	105	50	0.606	0.317
2160.000000	105	50	0.649	0.341
2166.000000	105	50	0.684	0.364
2172.000000	105	50	0.714	0.385
2178.000000	105	50	0.733	0.397
2184.000000	105	50	0.753	0.410
2190.000000	105	50	0.770	0.419
2196.000000	105	50	0.772	0.428
2202.000000	105	50	0.776	0.433
2208.000000	105	50	0.781	0.433
2214.000000	105	50	0.781	0.432
2220.000000	105	50	0.782	0.428
2226.000000	105	50	0.781	0.421
2232.000000	105	50	0.786	0.412
2238.000000	105	50	0.794	0.397
2244.000000	105	50	0.802	0.381
2250.000000	105	50	0.810	0.359
2256.000000	105	50	0.816	0.333
2262.000000	105	50	0.819	0.306
2268.000000	105	12	0.830	0.289
2274.000000	105	12	0.843	0.292
2280.000000	105	12	0.847	0.296
2286.000000	105	12	0.850	0.304
2292.000000	105	12	0.857	0.312
2298.000000	105	12	0.858	0.318
2304.000000	105	12	0.856	0.314
2310.000000	105	12	0.854	0.303
2316.000000	105	12	0.852	0.292
2322.000000	105	12	0.846	0.282
2328.000000	105	12	0.838	0.272
2334.000000	105	12	0.827	0.263
2340.000000	105	12	0.814	0.254
2346.000000	105	12	0.798	0.244
2352.000000	105	12	0.780	0.234
2358.000000	105	12	0.758	0.221
2364.000000	105	12	0.730	0.210
2370.000000	105	196	0.694	0.209
2376.000000	105	196	0.651	0.220
2382.000000	105	196	0.594	0.234
2388.000000	105	196	0.516	0.252
2394.000000	105	196	0.406	0.273
2400.000000	196	105	0.298	0.269
2406.000000	196	167	0.334	0.213
2412.000000	196	167	0.373	0.228
2418.000000	196	167	0.415	0.231
2424.000000	196	167	0.452	0.230
2430.000000	196	167	0.479	0.228
2436.000000	196	167	0.504	0.225
2442.000000	196	167	0.525	0.222
2448.000000	196	164	0.550	0.221
2454.000000	196	164	0.575	0.221
2460.000000	196	164	0.600	0.222
2466.000000	196	164	0.616	0.220
2472.000000	196	164	0.630	0.215
2478.000000	196	164	0.645	0.207
2484.000000	196	81	0.661	0.204
2490.000000	196	81	0.677	0.212
2496.000000	196	81	0.696	0.214
2502.000000	196	81	0.720	0.220
2508.000000	196	81	0.742	0.229
2514.000000	196	81	0.761	0.238
2520.000000	196	81	0.775	0.246
2526.000000	196	81	0.792	0.252
2532.000000	196	81	0.802	0.262
2538.000000	196	81	0.814	0.269
2544.000000	196	81	0.826	0.273
2550.000000	196	81	0.836	0.279
2556.000000	196	81	0.855	0.280
2562.000000	196	81	0.869	0.285
2568.000000	196	81	0.878	0.289
2574.000000	196	81	0.887	0.290
2580.000000	196	81	0.895	0.289
2586.000000	196	81	0.898	0.289
2592.000000	196	81	0.900	0.285
2598.000000	196	81	0.904	0.281
2604.000000	196	81	0.908	0.275
2610.000000	196	81	0.908	0.271
2616.000000	196	81	0.908	0.262
2622.000000	196	81	0.909	0.248
2628.000000	196	81	0.911	0.233
2634.000000	196	81	0.913	0.216
2640.000000	196	124	0.913	0.205
2646.000000	196	124	0.913	0.198
2652.000000	196	124	0.913	0.190
2658.000000	196	72	0.913	0.192
2664.000000	196	72	0.912	0.197
2670.000000	196	72	0.912	0.201
2676.000000	196	72	0.913	0.204
2682.000000	196	72	0.912	0.205
2688.000000	196	72	0.910	0.207
2694.000000	196	72	0.908	0.208
2700.000000	196	72	0.906	0.210
2706.000000	196	72	0.903	0.213
2712.000000	196	72	0.897	0.219
2718.000000	196	72	0.889	0.227
2724.000000	196	72	0.879	0.235
2730.000000	196	72	0.867	0.242
2736.000000	196	72	0.854	0.245
2742.000000	196	72	0.841	0.247
2748.000000	196	72	0.822	0.249
2754.000000	196	72	0.793	0.252
2760.000000	196	72	0.752	0.254
2766.000000	196	72	0.698	0.256
2772.000000	196	72	0.618	0.260
2778.000000	196	72	0.489	0.264
2784.000000	196	72	0.291	0.268
2790.000000	72	86	0.267	0.168
2796.000000	72	86	0.272	0.188
2802.000000	72	99	0.287	0.219
2808.000000	72	99	0.302	0.275
2814.000000	99	72	0.330	0.313
2820.000000	99	72	0.385	0.320
2826.000000	99	86	0.437	0.334
2832.000000	99	86	0.482	0.348
2838.000000	99	86	0.518	0.357
2844.000000	99	86	0.538	0.365
2850.000000	99	86	0.556	0.373
2856.000000	99	86	0.569	0.390
2862.000000	99	86	0.584	0.399
2868.000000	99	86	0.600	0.407
2874.000000	99	86	0.605	0.413
2880.000000	99	86	0.610	0.415
2886.000000	99	86	0.615	0.417
2892.000000	99	86	0.626	0.420
2898.000000	99	86	0.639	0.417
2904.000000	99	86	0.656	0.417
2910.000000	99	86	0.665	0.425
2916.000000	99	86	0.673	0.431
2922.000000	99	86	0.683	0.434
2928.000000	99	86	0.695	0.434
2934.000000	99	86	0.703	0.428
2940.000000	99	86	0.716	0.419
2946.000000	99	86	0.733	0.409
2952.000000	99	86	0.760	0.395
2958.000000	99	86	0.789	0.372
2964.000000	99	86	0.811	0.345
2970.000000	99	42	0.828	0.329
2976.000000	99	42	0.835	0.334
2982.000000	99	42	0.845	0.336
2988.000000	99	42	0.855	0.339
2994.000000	99	42	0.859	0.346
3000.000000	99	42	0.863	0.351
3006.000000	99	42	0.867	0.351
3012.000000	99	42	0.867	0.354
3018.000000	99	42	0.866	0.358
3024.000000	99	42	0.866	0.357
3030.000000	99	42	0.865	0.354
3036.000000	99	42	0.860	0.351
3042.000000	99	42	0.854	0.347
3048.000000	99	42	0.847	0.341
3054.000000	99	42	0.843	0.330
3060.000000	99	42	0.842	0.318
3066.000000	99	42	0.843	0.305
3072.000000	99	42	0.838	0.292
3078.000000	99	42	0.829	0.279
3084.000000	99	42	0.818	0.264
3090.000000	99	42	0.805	0.245
3096.000000	99	42	0.792	0.218
3102.000000	99	42	0.790	0.186
3108.000000	99	50	0.783	0.177
3114.000000	99	50	0.769	0.188
3120.000000	99	50	0.748	0.201
3126.000000	99	50	0.720	0.219
3132.000000	99	50	0.685	0.240
3138.000000	99	50	0.642	0.264
3144.000000	99	50	0.586	0.288
3150.000000	99	50	0.504	0.316
3156.000000	99	50	0.388	0.356
3162.000000	50	133	0.408	0.259
3168.000000	50	133	0.456	0.281
3174.000000	50	133	0.506	0.305
3180.000000	50	133	0.556	0.323
3186.000000	50	133	0.589	0.337
3192.000000	50	133	0.608	0.346
3198.000000	50	133	0.621	0.350
3204.000000	50	133	0.629	0.353
3210.000000	50	133	0.632	0.360
3216.000000	50	133	0.638	0.365
3222.000000	50	133	0.643	0.366
3228.000000	50	133	0.648	0.363
3234.000000	50	160	0.650	0.368
3240.000000	50	160	0.651	0.373
3246.000000	50	160	0.654	0.378
3252.000000	50	160	0.663	0.381
3258.000000	50	160	0.677	0.385
3264.000000	50	160	0.681	0.390
3270.000000	50	160	0.689	0.396
3276.000000	50	160	0.700	0.399
3282.000000	50	160	0.707	0.402
3288.000000	50	160	0.714	0.408
3294.000000	50	160	0.722	0.412
3300.000000	50	189	0.731	0.419
3306.000000	50	189	0.751	0.429
3312.000000	50	189	0.768	0.436
3318.000000	50	189	0.785	0.445
3324.000000	50	189	0.804	0.454
3330.000000	50	189	0.814	0.464
3336.000000	50	189	0.820	0.463
3342.000000	50	189	0.828	0.463
3348.000000	50	189	0.833	0.462
3354.000000	50	189	0.835	0.465
3360.000000	50	189	0.842	0.463
3366.000000	50	189	0.844	0.460
3372.000000	50	189	0.847	0.456
3378.000000	50	189	0.847	0.451
3384.000000	50	189	0.846	0.440
3390.000000	50	189	0.848	0.427
3396.000000	50	189	0.859	0.411
3402.000000	50	189	0.864	0.400
3408.000000	50	189	0.868	0.385
3414.000000	50	189	0.868	0.365
3420.000000	50	189	0.868	0.336
3426.000000	50	189	0.868	0.297
3432.000000	50	189	0.866	0.252
3438.000000	50	59	0.863	0.204
3444.000000	50	59	0.861	0.222
3450.000000	50	59	0.861	0.242
3456.000000	50	59	0.858	0.266
3462.000000	50	59	0.854	0.298
3468.000000	50	59	0.852	0.347
3474.000000	50	59	0.841	0.410
3480.000000	50	59	0.821	0.478
3486.000000	50	59	0.795	0.541
3492.000000	50	59	0.761	0.601
3498.000000	50	59	0.707	0.650
3504.000000	59	50	0.688	0.625
3510.000000	59	50	0.738	0.492
3516.000000	59	50	0.807	0.307
3522.000000	59	8	0.873	0.182
3528.000000	59	8	0.910	0.189
3534.000000	59	8	0.926	0.208
3540.000000	59	8	0.927	0.229
3546.000000	59	8	0.924	0.245
3552.000000	59	8	0.925	0.259
3558.000000	59	8	0.925	0.272
3564.000000	59	8	0.923	0.284
3570.000000	59	8	0.922	0.296
3576.000000	59	8	0.920	0.304
3582.000000	59	8	0.918	0.310
3588.000000	59	8	0.919	0.319
3594.000000	59	8	0.917	0.325
3600.000000	59	8	0.915	0.328
3606.000000	59	8	0.911	0.333
3612.000000	59	8	0.909	0.337
3618.000000	59	8	0.908	0.337
3624.000000	59	8	0.907	0.337
3630.000000	59	8	0.905	0.335
3636.000000	59	8	0.904	0.329
3642.000000	59	8	0.903	0.318
3648.000000	59	8	0.902	0.305
3654.000000	59	8	0.900	0.291
3660.000000	59	8	0.899	0.276
3666.000000	59	140	0.898	0.276
3672.000000	59	140	0.895	0.291
3678.000000	59	140	0.892	0.307
3684.000000	59	140	0.889	0.329
3690.000000	59	140	0.884	0.355
3696.000000	59	140	0.879	0.378
3702.000000	59	140	0.873	0.401
3708.000000	59	140	0.865	0.421
3714.000000	59	140	0.856	0.440
3720.000000	59	140	0.845	0.460
3726.000000	59	140	0.828	0.479
3732.000000	59	140	0.808	0.497
3738.000000	59	140	0.781	0.515
3744.000000	59	140	0.746	0.534
3750.000000	59	140	0.697	0.555
3756.000000	59	140	0.622	0.583
3762.000000	140	59	0.611	0.508
3768.000000	140	39	0.646	0.344
3774.000000	140	39	0.717	0.363
3780.000000	140	39	0.781	0.402
3786.000000	140	39	0.813	0.435
3792.000000	140	39	0.826	0.459
3798.000000	140	39	0.834	0.482
3804.000000	140	39	0.839	0.497
3810.000000	140	39	0.840	0.507
3816.000000	140	39	0.838	0.516
3822.000000	140	39	0.836	0.527
3828.000000	140	39	0.836	0.537
3834.000000	140	39	0.837	0.546
3840.000000	140	39	0.837	0.554
3846.000000	140	39	0.839	0.559
3852.000000	140	39	0.840	0.561
3858.000000	140	39	0.840	0.564
3864.000000	140	39	0.836	0.570
3870.000000	140	39	0.835	0.571
3876.000000	140	39	0.831	0.572
3882.000000	140	39	0.827	0.573
3888.000000	140	39	0.825	0.571
3894.000000	140	39	0.821	0.567
3900.000000	140	39	0.817	0.561
3906.000000	140	39	0.809	0.555
3912.000000	140	39	0.804	0.547
3918.000000	140	39	0.800	0.536
3924.000000	140	39	0.794	0.519
3930.000000	140	39	0.788	0.500
3936.000000	140	39	0.783	0.475
3942.000000	140	39	0.775	0.446
3948.000000	140	39	0.767	0.403
3954.000000	140	39	0.759	0.349
3960.000000	140	39	0.752	0.289
3966.000000	140	112	0.744	0.300
3972.000000	140	112	0.731	0.331
3978.000000	140	112	0.713	0.370
3984.000000	140	112	0.688	0.417
3990.000000	140	112	0.646	0.464
3996.000000	140	112	0.586	0.516
4002.000000	112	140	0.569	0.500
4008.000000	112	140	0.612	0.376
4014.000000	112	84	0.652	0.268
4020.000000	112	84	0.700	0.266
4026.000000	112	84	0.745	0.252
4032.000000	112	84	0.773	0.237
4038.000000	112	109	0.795	0.233
4044.000000	112	109	0.813	0.256
4050.000000	112	109	0.830	0.272
4056.000000	112	109	0.842	0.289
4062.000000	112	109	0.844	0.300
4068.000000	112	109	0.848	0.309
4074.000000	112	109	0.852	0.314
4080.000000	112	109	0.852	0.317
4086.000000	112	109	0.853	0.318
4092.000000	112	109	0.855	0.320
4098.000000	112	109	0.854	0.321
4104.000000	112	109	0.857	0.316
4110.000000	112	109	0.860	0.313
4116.000000	112	109	0.861	0.312
4122.000000	112	109	0.861	0.313
4128.000000	112	109	0.863	0.310
4134.000000	112	109	0.861	0.306
4140.000000	112	109	0.860	0.301
4146.000000	112	109	0.861	0.292
4152.000000	112	109	0.860	0.287
4158.000000	112	109	0.859	0.279
4164.000000	112	109	0.860	0.271
4170.000000	112	109	0.860	0.259
4176.000000	112	109	0.861	0.239
4182.000000	112	109	0.861	0.219
4188.000000	112	109	0.859	0.197
4194.000000	112	128	0.858	0.194
4200.000000	112	128	0.857	0.191
4206.000000	112	128	0.856	0.188
4212.000000	112	128	0.853	0.186
4218.000000	112	128	0.851	0.185
4224.000000	112	128	0.845	0.181
4230.000000	112	53	0.837	0.184
4236.000000	112	53	0.827	0.195
4242.000000	112	78	0.812	0.213
4248.000000	112	78	0.795	0.236
4254.000000	112	78	0.778	0.263
4260.000000	112	78	0.754	0.288
4266.000000	112	78	0.721	0.310
4272.000000	112	78	0.672	0.329
4278.000000	112	78	0.601	0.349
4284.000000	112	78	0.503	0.373
4290.000000	78	112	0.402	0.370
4296.000000	78	105	0.431	0.381
4302.000000	78	105	0.463	0.412
4308.000000	78	105	0.498	0.446
4314.000000	78	105	0.529	0.473
4320.000000	78	105	0.551	0.494
4326.000000	78	105	0.567	0.505
4332.000000	78	105	0.583	0.504
4338.000000	78	105	0.591	0.509
4344.000000	78	105	0.598	0.513
4350.000000	78	105	0.607	0.515
4356.000000	78	105	0.616	0.516
4362.000000	78	105	0.621	0.524
4368.000000	78	105	0.627	0.537
4374.000000	78	105	0.635	0.542
4380.000000	78	105	0.634	0.549
4386.000000	78	105	0.637	0.558
4392.000000	78	105	0.648	0.565
4398.000000	78	105	0.663	0.571
4404.000000	78	105	0.672	0.577
4410.000000	78	105	0.679	0.584
4416.000000	78	105	0.684	0.589
4422.000000	78	105	0.690	0.593
4428.000000	78	105	0.706	0.595
4434.000000	78	105	0.719	0.596
4440.000000	78	105	0.721	0.603
4446.000000	78	105	0.724	0.606
4452.000000	78	105	0.724	0.606
4458.000000	78	105	0.720	0.609
4464.000000	78	105	0.716	0.608
4470.000000	78	105	0.712	0.604
4476.000000	78	105	0.714	0.595
4482.000000	78	105	0.706	0.585
4488.000000	78	105	0.692	0.576
4494.000000	78	105	0.679	0.556
4500.000000	78	105	0.661	0.533
4506.000000	78	105	0.645	0.498
4512.000000	78	105	0.626	0.456
4518.000000	78	105	0.602	0.409
4524.000000	78	105	0.570	0.351
4530.000000	78	173	0.529	0.329
4536.000000	78	173	0.479	0.355
4542.000000	78	173	0.409	0.388
4548.000000	173	78	0.429	0.325
4554.000000	173	73	0.495	0.282
4560.000000	173	153	0.573	0.303
4566.000000	173	153	0.644	0.334
4572.000000	173	153	0.700	0.362
4578.000000	173	153	0.742	0.392
4584.000000	173	153	0.774	0.418
4590.000000	173	153	0.788	0.441
4596.000000	173	153	0.794	0.463
4602.000000	173	153	0.799	0.476
4608.000000	173	153	0.807	0.489
4614.000000	173	153	0.818	0.500
4620.000000	173	153	0.824	0.510
4626.000000	173	153	0.828	0.520
4632.000000	173	153	0.837	0.527
4638.000000	173	153	0.837	0.533
4644.000000	173	153	0.837	0.539
4650.000000	173	153	0.839	0.544
4656.000000	173	153	0.837	0.548
4662.000000	173	153	0.836	0.551
4668.000000	173	153	0.834	0.549
4674.000000	173	153	0.831	0.553
4680.000000	173	153	0.828	0.553
4686.000000	173	153	0.828	0.551
4692.000000	173	153	0.828	0.548
4698.000000	173	153	0.825	0.551
4704.000000	173	153	0.824	0.555
4710.000000	173	153	0.818	0.562
4716.000000	173	153	0.811	0.572
4722.000000	173	153	0.806	0.579
4728.000000	173	153	0.807	0.577
4734.000000	173	153	0.816	0.570
4740.000000	173	153	0.821	0.562
4746.000000	173	153	0.822	0.556
4752.000000	173	153	0.822	0.543
4758.000000	173	153	0.817	0.528
4764.000000	173	153	0.811	0.506
4770.000000	173	153	0.803	0.479
4776.000000	173	153	0.795	0.443
4782.000000	173	153	0.789	0.392
4788.000000	173	153	0.783	0.328
4794.000000	173	153	0.777	0.257
4800.000000	173	153	0.770	0.184
4806.000000	173	153	0.760	0.121
4812.000000	173	99	0.744	0.116
4818.000000	173	99	0.724	0.117
4824.000000	173	99	0.691	0.120
4830.000000	173	99	0.644	0.124
4836.000000	173	99	0.578	0.129
4842.000000	173	99	0.477	0.137
4848.000000	173	99	0.315	0.146
4854.000000	99	162	0.158	0.155
4860.000000	162	99	0.178	0.172
4866.000000	162	99	0.211	0.190
4872.000000	162	99	0.253	0.211
4878.000000	162	99	0.295	0.229
4884.000000	162	99	0.334	0.242
4890.000000	162	99	0.370	0.253
4896.000000	162	99	0.397	0.260
4902.000000	162	99	0.416	0.266
4908.000000	162	92	0.431	0.275
4914.000000	162	92	0.442	0.284
4920.000000	162	92	0.456	0.293
4926.000000	162	92	0.468	0.301
4932.000000	162	92	0.479	0.304
4938.000000	162	92	0.485	0.305
4944.000000	162	92	0.495	0.306
4950.000000	162	92	0.505	0.309
4956.000000	162	92	0.516	0.315
4962.000000	162	92	0.533	0.327
4968.000000	162	92	0.543	0.338
4974.000000	162	92	0.557	0.344
4980.000000	162	92	0.579	0.350
4986.000000	162	92	0.611	0.355
4992.000000	162	92	0.637	0.364
4998.000000	162	92	0.657	0.374
5004.000000	162	92	0.682	0.379
5010.000000	162	92	0.719	0.384
5016.000000	162	92	0.754	0.391
5022.000000	162	92	0.769	0.400
5028.000000	162	92	0.781	0.405
5034.000000	162	92	0.796	0.408
5040.000000	162	92	0.807	0.407
5046.000000	162	92	0.818	0.403
5052.000000	162	92	0.826	0.394
5058.000000	162	92	0.835	0.386
5064.000000	162	92	0.834	0.378
5070.000000	162	92	0.833	0.370
5076.000000	162	92	0.831	0.361
5082.000000	162	92	0.833	0.347
5088.000000	162	92	0.841	0.323
5094.000000	162	100	0.847	0.305
5100.000000	162	100	0.855	0.286
5106.000000	162	100	0.866	0.261
5112.000000	162	100	0.875	0.230
5118.000000	162	164	0.881	0.196
5124.000000	162	164	0.887	0.205
5130.000000	162	164	0.894	0.216
5136.000000	162	164	0.904	0.230
5142.000000	162	164	0.907	0.249
5148.000000	162	164	0.908	0.271
5154.000000	162	164	0.907	0.301
5160.000000	162	164	0.908	0.331
5166.000000	162	164	0.906	0.369
5172.000000	162	164	0.901	0.415
5178.000000	162	164	0.895	0.463
5184.000000	162	164	0.888	0.504
5190.000000	162	164	0.877	0.545
5196.000000	162	164	0.860	0.592
5202.000000	162	164	0.840	0.635
5208.000000	162	164	0.819	0.669
5214.000000	162	164	0.788	0.698
5220.000000	162	164	0.745	0.725
5226.000000	164	162	0.748	0.688
5232.000000	164	162	0.768	0.614
5238.000000	164	162	0.804	0.500
5244.000000	164	162	0.842	0.341
5250.000000	164	24	0.875	0.336
5256.000000	164	24	0.905	0.373
5262.000000	164	24	0.922	0.419
5268.000000	164	24	0.922	0.464
5274.000000	164	24	0.920	0.506
5280.000000	164	24	0.914	0.546
5286.000000	164	24	0.910	0.576
5292.000000	164	24	0.908	0.601
5298.000000	164	24	0.906	0.619
5304.000000	164	24	0.902	0.632
5310.000000	164	24	0.898	0.638
5316.000000	164	24	0.893	0.640
5322.000000	164	24	0.889	0.642
5328.000000	164	24	0.884	0.643
5334.000000	164	24	0.878	0.643
5340.000000	164	24	0.871	0.643
5346.000000	164	24	0.862	0.649
5352.000000	164	24	0.855	0.653
5358.000000	164	24	0.846	0.655
5364.000000	164	24	0.834	0.658
5370.000000	164	24	0.823	0.660
5376.000000	164	24	0.810	0.657
5382.000000	164	24	0.796	0.654
5388.000000	164	24	0.779	0.655
5394.000000	164	24	0.760	0.651
5400.000000	164	24	0.736	0.645
5406.000000	164	24	0.705	0.640
5412.000000	164	24	0.666	0.636
5418.000000	24	164	0.628	0.612
5424.000000	193	24	0.638	0.627
5430.000000	193	24	0.670	0.635
5436.000000	193	24	0.707	0.638
5442.000000	193	24	0.742	0.651
5448.000000	193	24	0.779	0.660
5454.000000	193	24	0.787	0.670
5460.000000	193	24	0.796	0.665
5466.000000	193	24	0.800	0.653
5472.000000	193	24	0.795	0.634
5478.000000	193	24	0.791	0.611
5484.000000	193	24	0.802	0.570
5490.000000	193	24	0.813	0.520
5496.000000	193	24	0.819	0.462
5502.000000	193	24	0.823	0.387
5508.000000	193	24	0.840	0.293
5514.000000	193	24	0.849	0.214
5520.000000	193	95	0.849	0.196
5526.000000	193	95	0.847	0.195
5532.000000	193	95	0.845	0.199
5538.000000	193	95	0.841	0.204
5544.000000	193	95	0.835	0.207
5550.000000	193	95	0.831	0.208
5556.000000	193	95	0.822	0.207
5562.000000	193	95	0.813	0.204
5568.000000	193	95	0.802	0.200
5574.000000	193	95	0.788	0.196
5580.000000	193	95	0.770	0.192
5586.000000	193	13	0.747	0.199
5592.000000	193	13	0.717	0.207
5598.000000	193	13	0.680	0.212
5604.000000	193	13	0.634	0.217
5610.000000	193	13	0.582	0.224
5616.000000	193	13	0.519	0.232
5622.000000	193	13	0.444	0.240
5628.000000	193	13	0.334	0.245
5634.000000	13	52	0.253	0.194
5640.000000	13	52	0.263	0.190
5646.000000	13	52	0.284	0.189
5652.000000	13	52	0.306	0.193
5658.000000	13	52	0.326	0.207
5664.000000	13	52	0.350	0.225
5670.000000	13	52	0.377	0.251
5676.000000	13	52	0.403	0.271
5682.000000	13	52	0.424	0.285
5688.000000	13	54	0.438	0.301
5694.000000	13	52	0.448	0.317
5700.000000	13	52	0.457	0.327
5706.000000	13	52	0.467	0.337
5712.000000	13	52	0.477	0.348
5718.000000	13	52	0.483	0.357
5724.000000	13	52	0.487	0.365
5730.000000	13	52	0.490	0.368
5736.000000	13	52	0.489	0.372
5742.000000	13	52	0.490	0.376
5748.000000	13	52	0.489	0.385
5754.000000	13	52	0.487	0.392
5760.000000	13	52	0.485	0.392
5766.000000	13	52	0.482	0.389
5772.000000	13	52	0.479	0.390
5778.000000	13	52	0.468	0.391
5784.000000	13	52	0.452	0.391
5790.000000	13	52	0.434	0.392
5796.000000	13	52	0.407	0.392
5802.000000	52	13	0.391	0.373
5808.000000	52	13	0.387	0.336
5814.000000	52	13	0.383	0.296
5820.000000	52	54	0.379	0.270
5826.000000	52	54	0.370	0.253
5832.000000	52	89	0.355	0.269
5838.000000	52	63	0.329	0.300
5844.000000	63	89	0.328	0.312
5850.000000	63	89	0.361	0.327
5856.000000	63	89	0.400	0.337
5862.000000	63	89	0.440	0.347
5868.000000	63	89	0.482	0.354
5874.000000	63	89	0.515	0.360
5880.000000	63	89	0.544	0.358
5886.000000	63	89	0.572	0.356
5892.000000	63	89	0.599	0.356
5898.000000	63	89	0.626	0.354
5904.000000	63	89	0.643	0.347
5910.000000	63	102	0.665	0.351
5916.000000	63	102	0.685	0.356
5922.000000	63	102	0.702	0.360
5928.000000	63	102	0.713	0.363
5934.000000	63	102	0.720	0.363
5940.000000	63	102	0.731	0.363
5946.000000	63	102	0.760	0.362
5952.000000	63	102	0.778	0.360
5958.000000	63	102	0.802	0.352
5964.000000	63	102	0.822	0.338
5970.000000	63	173	0.834	0.329
5976.000000	63	173	0.848	0.325
5982.000000	63	173	0.859	0.318
5988.000000	63	173	0.871	0.308
5994.000000	63	196	0.882	0.316
6000.000000	63	196	0.890	0.324
6006.000000	63	196	0.896	0.334
6012.000000	63	196	0.903	0.339
6018.000000	63	196	0.908	0.338
6024.000000	63	196	0.912	0.333
6030.000000	63	196	0.917	0.328
6036.000000	63	196	0.925	0.321
6042.000000	63	196	0.927	0.314
6048.000000	63	196	0.930	0.305
6054.000000	63	196	0.933	0.294
6060.000000	63	196	0.934	0.284
6066.000000	63	196	0.934	0.272
6072.000000	63	196	0.933	0.256
6078.000000	63	196	0.932	0.236
6084.000000	63	196	0.933	0.218
6090.000000	63	196	0.934	0.201
6096.000000	63	196	0.937	0.179
6102.000000	63	196	0.936	0.156
6108.000000	63	196	0.935	0.132
6114.000000	63	152	0.933	0.130
6120.000000	63	152	0.931	0.134
6126.000000	63	152	0.928	0.139
6132.000000	63	152	0.926	0.144
6138.000000	63	152	0.924	0.147
6144.000000	63	152	0.921	0.149
6150.000000	63	152	0.918	0.149
6156.000000	63	152	0.913	0.148
6162.000000	63	152	0.907	0.148
6168.000000	63	72	0.900	0.150
6174.000000	63	186	0.891	0.164
6180.000000	63	186	0.878	0.183
6186.000000	63	186	0.863	0.206
6192.000000	63	186	0.845	0.231
6198.000000	63	186	0.824	0.261
6204.000000	63	186	0.796	0.299
6210.000000	63	186	0.759	0.351
6216.000000	63	186	0.706	0.420
6222.000000	63	186	0.627	0.493
6228.000000	186	63	0.569	0.496
6234.000000	186	72	0.666	0.393
6240.000000	186	72	0.773	0.443
6246.000000	186	72	0.833	0.492
6252.000000	186	72	0.855	0.535
6258.000000	186	72	0.856	0.569
6264.000000	186	72	0.860	0.598
6270.000000	186	72	0.859	0.626
6276.000000	186	72	0.854	0.645
6282.000000	186	72	0.853	0.655
6288.000000	186	72	0.848	0.663
6294.000000	186	72	0.842	0.667
6300.000000	186	72	0.840	0.672
6306.000000	186	72	0.840	0.673
6312.000000	186	72	0.836	0.671
6318.000000	186	72	0.831	0.668
6324.000000	186	72	0.825	0.667
6330.000000	186	72	0.816	0.672
6336.000000	186	72	0.812	0.672
6342.000000	186	72	0.810	0.670
6348.000000	186	72	0.809	0.667
6354.000000	186	72	0.804	0.664
6360.000000	186	72	0.796	0.661
6366.000000	186	72	0.792	0.653
6372.000000	186	72	0.784	0.648
6378.000000	186	72	0.772	0.648
6384.000000	186	72	0.763	0.645
6390.000000	186	72	0.757	0.638
6396.000000	186	72	0.751	0.628
6402.000000	186	72	0.745	0.612
6408.000000	186	72	0.732	0.600
6414.000000	186	72	0.713	0.591
6420.000000	186	72	0.691	0.576
6426.000000	186	72	0.662	0.556
6432.000000	186	72	0.629	0.525
6438.000000	186	72	0.587	0.473
6444.000000	186	72	0.529	0.415
6450.000000	186	72	0.444	0.343
6456.000000	186	72	0.319	0.263
6462.000000	107	72	0.243	0.189
6468.000000	107	167	0.248	0.125
6474.000000	107	167	0.265	0.133
6480.000000	107	167	0.285	0.142
6486.000000	107	167	0.306	0.155
6492.000000	107	167	0.330	0.173
6498.000000	107	167	0.349	0.193
6504.000000	107	167	0.362	0.210
6510.000000	107	167	0.368	0.225
6516.000000	107	167	0.368	0.242
6522.000000	107	167	0.365	0.259
6528.000000	107	167	0.362	0.273
6534.000000	107	155	0.360	0.287
6540.000000	107	155	0.359	0.299
6546.000000	107	155	0.355	0.309
6552.000000	107	155	0.349	0.315
6558.000000	107	155	0.340	0.322
6564.000000	107	155	0.331	0.330
6570.000000	155	107	0.340	0.319
6576.000000	155	107	0.354	0.303
6582.000000	155	167	0.363	0.305
6588.000000	155	167	0.373	0.312
6594.000000	155	167	0.382	0.315
6600.000000	155	167	0.396	0.314
6606.000000	155	42	0.406	0.314
6612.000000	155	42	0.416	0.320
6618.000000	155	42	0.427	0.330
6624.000000	155	42	0.445	0.344
6630.000000	155	42	0.467	0.363
6636.000000	155	42	0.489	0.384
6642.000000	155	42	0.510	0.403
6648.000000	155	42	0.545	0.423
6654.000000	155	42	0.571	0.443
6660.000000	155	42	0.589	0.465
6666.000000	155	42	0.602	0.481
6672.000000	155	42	0.620	0.496
6678.000000	155	42	0.642	0.504
6684.000000	155	42	0.661	0.505
6690.000000	155	42	0.676	0.504
6696.000000	155	42	0.690	0.507
6702.000000	155	42	0.706	0.510
6708.000000	155	42	0.720	0.510
6714.000000	155	42	0.733	0.514
6720.000000	155	42	0.741	0.521
6726.000000	155	42	0.745	0.523
6732.000000	155	42	0.749	0.520
6738.000000	155	42	0.754	0.520
6744.000000	155	42	0.756	0.523
6750.000000	155	42	0.759	0.516
6756.000000	155	42	0.764	0.507
6762.000000	155	42	0.764	0.496
6768.000000	155	42	0.762	0.481
6774.000000	155	42	0.758	0.464
6780.000000	155	42	0.754	0.441
6786.000000	155	42	0.752	0.412
6792.000000	155	42	0.751	0.373
6798.000000	155	42	0.754	0.325
6804.000000	155	42	0.756	0.267
6810.000000	155	42	0.760	0.199
6816.000000	155	81	0.769	0.181
6822.000000	155	81	0.777	0.186
6828.000000	155	81	0.778	0.189
6834.000000	155	81	0.776	0.190
6840.000000	155	81	0.772	0.191
6846.000000	155	70	0.770	0.196
6852.000000	155	70	0.768	0.206
6858.000000	155	70	0.764	0.215
6864.000000	155	70	0.760	0.223
6870.000000	155	70	0.751	0.230
6876.000000	155	70	0.739	0.234
6882.000000	155	70	0.723	0.234
6888.000000	155	70	0.702	0.233
6894.000000	155	70	0.674	0.231
6900.000000	155	70	0.639	0.228
6906.000000	155	70	0.595	0.228
6912.000000	155	71	0.537	0.229
6918.000000	155	54	0.460	0.240
6924.000000	155	54	0.360	0.262
6930.000000	54	71	0.280	0.256
6936.000000	54	71	0.307	0.270
6942.000000	54	71	0.335	0.286
6948.000000	54	71	0.360	0.306
6954.000000	54	71	0.388	0.326
6960.000000	54	71	0.421	0.341
6966.000000	54	71	0.446	0.353
6972.000000	54	71	0.464	0.366
6978.000000	54	71	0.485	0.375
6984.000000	54	71	0.506	0.381
6990.000000	54	71	0.527	0.387
6996.000000	54	71	0.546	0.393
7002.000000	54	71	0.563	0.395
7008.000000	54	71	0.575	0.403
7014.000000	54	71	0.588	0.408
7020.000000	54	71	0.599	0.410
7026.000000	54	71	0.617	0.416
7032.000000	54	71	0.636	0.417
7038.000000	54	71	0.652	0.416
7044.000000	54	71	0.669	0.412
7050.000000	54	71	0.686	0.407
7056.000000	54	71	0.711	0.396
7062.000000	54	71	0.744	0.378
7068.000000	54	71	0.769	0.360
7074.000000	54	71	0.789	0.336
7080.000000	54	71	0.807	0.300
7086.000000	54	71	0.825	0.261
7092.000000	54	71	0.843	0.217
7098.000000	54	8	0.854	0.204
7104.000000	54	8	0.868	0.209
7110.000000	54	8	0.879	0.213
7116.000000	54	8	0.891	0.216
7122.000000	54	8	0.894	0.222
7128.000000	54	8	0.895	0.224
7134.000000	54	8	0.896	0.223
7140.000000	54	8	0.896	0.219
7146.000000	54	8	0.895	0.214
7152.000000	54	8	0.898	0.206
7158.000000	54	8	0.898	0.201
7164.000000	54	8	0.898	0.196
7170.000000	54	39	0.896	0.199
7176.000000	54	39	0.893	0.221
7182.000000	54	39	0.889	0.242
7188.000000	54	39	0.881	0.265
7194.000000	54	39	0.875	0.287
7200.000000	54	39	0.867	0.316
7206.000000	54	39	0.858	0.355
7212.000000	54	39	0.848	0.394
7218.000000	54	39	0.835	0.434
7224.000000	54	39	0.818	0.475
7230.000000	54	39	0.794	0.526
7236.000000	54	39	0.762	0.582
7242.000000	54	39	0.715	0.626
7248.000000	39	54	0.659	0.654
7254.000000	39	54	0.699	0.551
7260.000000	39	28	0.735	0.492
7266.000000	39	28	0.782	0.546
7272.000000	39	28	0.820	0.618
7278.000000	39	28	0.843	0.685
7284.000000	39	28	0.854	0.725
7290.000000	39	28	0.867	0.745
7296.000000	39	28	0.870	0.759
7302.000000	39	28	0.871	0.762
7308.000000	39	28	0.871	0.762
7314.000000	39	28	0.869	0.762
7320.000000	39	28	0.867	0.762
7326.000000	39	28	0.868	0.757
7332.000000	39	28	0.866	0.754
7338.000000	39	28	0.865	0.753
7344.000000	39	28	0.863	0.750
7350.000000	39	28	0.862	0.747
7356.000000	39	28	0.860	0.745
7362.000000	39	28	0.859	0.743
7368.000000	39	28	0.862	0.736
7374.000000	39	28	0.864	0.730
7380.000000	39	28	0.863	0.726
7386.000000	39	28	0.862	0.721
7392.000000	39	28	0.862	0.715
7398.000000	39	28	0.861	0.707
7404.000000	39	28	0.864	0.693
7410.000000	39	28	0.865	0.678
7416.000000	39	28	0.869	0.656
7422.000000	39	28	0.871	0.628
7428.000000	39	28	0.876	0.584
7434.000000	39	28	0.882	0.519
7440.000000	39	28	0.887	0.429
7446.000000	39	28	0.902	0.298
7452.000000	39	28	0.916	0.129
7458.000000	39	66	0.931	0.124
7464.000000	39	66	0.938	0.121
7470.000000	39	66	0.938	0.121
7476.000000	39	66	0.936	0.120
7482.000000	39	66	0.931	0.120
7488.000000	39	66	0.926	0.120
7494.000000	39	131	0.921	0.120
7500.000000	39	131	0.914	0.120
7506.000000	39	66	0.906	0.121
7512.000000	39	66	0.898	0.125
7518.000000	39	66	0.889	0.128
7524.000000	39	196	0.879	0.135
7530.000000	39	196	0.868	0.143
7536.000000	39	196	0.852	0.151
7542.000000	39	196	0.832	0.160
7548.000000	39	196	0.805	0.172
7554.000000	39	131	0.769	0.181
7560.000000	39	131	0.721	0.192
7566.000000	39	131	0.652	0.201
7572.000000	39	196	0.550	0.212
7578.000000	39	196	0.397	0.234
7584.000000	196	131	0.263	0.214
7590.000000	196	131	0.295	0.207
7596.000000	196	131	0.337	0.208
7602.000000	196	131	0.392	0.212
7608.000000	196	26	0.449	0.212
7614.000000	196	26	0.509	0.238
7620.000000	196	26	0.562	0.257
7626.000000	196	26	0.617	0.270
7632.000000	196	26	0.649	0.278
7638.000000	196	26	0.668	0.288
7644.000000	196	26	0.682	0.303
7650.000000	196	26	0.695	0.315
7656.000000	196	26	0.705	0.323
7662.000000	196	26	0.711	0.331
7668.000000	196	26	0.727	0.341
7674.000000	196	26	0.736	0.353
7680.000000	196	26	0.744	0.363
7686.000000	196	26	0.756	0.379
7692.000000	196	26	0.764	0.393
7698.000000	196	26	0.774	0.409
7704.000000	196	26	0.778	0.424
7710.000000	196	26	0.780	0.432
7716.000000	196	26	0.784	0.437
7722.000000	196	26	0.783	0.435
7728.000000	196	26	0.781	0.433
7734.000000	196	26	0.780	0.424
7740.000000	196	26	0.785	0.414
7746.000000	196	89	0.790	0.417
7752.000000	196	89	0.791	0.424
7758.000000	196	89	0.788	0.430
7764.000000	196	89	0.787	0.434
7770.000000	196	89	0.786	0.436
7776.000000	196	89	0.787	0.434
7782.000000	196	89	0.788	0.429
7788.000000	196	89	0.788	0.424
7794.000000	196	89	0.785	0.422
7800.000000	196	89	0.781	0.423
7806.000000	196	89	0.779	0.416
7812.000000	196	89	0.781	0.409
7818.000000	196	89	0.784	0.399
7824.000000	196	89	0.787	0.383
7830.000000	196	89	0.789	0.369
7836.000000	196	89	0.790	0.356
7842.000000	196	89	0.786	0.339
7848.000000	196	89	0.785	0.317
7854.000000	196	89	0.777	0.293
7860.000000	196	89	0.770	0.266
7866.000000	196	89	0.761	0.235
7872.000000	196	89	0.751	0.202
7878.000000	196	72	0.741	0.177
7884.000000	196	72	0.731	0.179
7890.000000	196	72	0.714	0.179
7896.000000	196	72	0.688	0.177
7902.000000	196	17	0.652	0.176
7908.000000	196	17	0.601	0.191
7914.000000	196	17	0.526	0.208
7920.000000	196	17	0.416	0.230
7926.000000	196	17	0.266	0.259
7932.000000	17	23	0.292	0.172
7938.000000	17	23	0.332	0.177
7944.000000	17	197	0.391	0.187
7950.000000	17	23	0.465	0.199
7956.000000	17	23	0.530	0.214
7962.000000	17	148	0.586	0.233
7968.000000	17	148	0.622	0.255
7974.000000	17	148	0.646	0.277
7980.000000	17	148	0.663	0.295
7986.000000	17	148	0.672	0.309
7992.000000	17	148	0.681	0.317
7998.000000	17	148	0.688	0.325
8004.000000	17	148	0.696	0.335
8010.000000	17	148	0.705	0.346
8016.000000	17	148	0.723	0.361
8022.000000	17	148	0.735	0.370
8028.000000	17	148	0.743	0.380
8034.000000	17	148	0.759	0.389
8040.000000	17	148	0.777	0.394
8046.000000	17	148	0.794	0.397
8052.000000	17	148	0.825	0.399
8058.000000	17	148	0.844	0.407
8064.000000	17	148	0.859	0.417
8070.000000	17	148	0.873	0.429
8076.000000	17	148	0.889	0.441
8082.000000	17	148	0.896	0.457
8088.000000	17	148	0.904	0.470
8094.000000	17	148	0.907	0.482
8100.000000	17	148	0.906	0.489
8106.000000	17	148	0.904	0.498
8112.000000	17	148	0.902	0.503
8118.000000	17	148	0.899	0.505
8124.000000	17	148	0.896	0.504
8130.000000	17	148	0.892	0.500
8136.000000	17	148	0.889	0.493
8142.000000	17	148	0.887	0.482
8148.000000	17	148	0.883	0.465
8154.000000	17	148	0.880	0.444
8160.000000	17	148	0.878	0.418
8166.000000	17	148	0.875	0.388
8172.000000	17	148	0.870	0.353
8178.000000	17	148	0.866	0.316
8184.000000	17	148	0.862	0.275
8190.000000	17	8	0.857	0.251
8196.000000	17	8	0.853	0.270
8202.000000	17	8	0.851	0.286
8208.000000	17	8	0.859	0.298
8214.000000	17	8	0.859	0.311
8220.000000	17	8	0.854	0.328
8226.000000	17	8	0.847	0.348
8232.000000	17	8	0.838	0.371
8238.000000	17	8	0.827	0.399
8244.000000	17	8	0.810	0.430
8250.000000	17	8	0.784	0.465
8256.000000	17	8	0.744	0.502
8262.000000	17	8	0.676	0.543
8268.000000	8	17	0.581	0.568
8274.000000	8	178	0.625	0.436
8280.000000	8	178	0.658	0.492
8286.000000	8	178	0.705	0.528
8292.000000	8	178	0.764	0.549
8298.000000	8	178	0.799	0.568
8304.000000	8	178	0.819	0.591
8310.000000	8	178	0.841	0.614
8316.000000	8	178	0.860	0.636
8322.000000	8	178	0.872	0.650
8328.000000	8	178	0.880	0.655
8334.000000	8	178	0.879	0.661
8340.000000	8	178	0.877	0.664
8346.000000	8	178	0.877	0.667
8352.000000	8	178	0.877	0.666
8358.000000	8	178	0.876	0.665
8364.000000	8	178	0.876	0.664
8370.000000	8	178	0.875	0.661
8376.000000	8	178	0.874	0.659
8382.000000	8	178	0.876	0.659
8388.000000	8	178	0.876	0.658
8394.000000	8	178	0.875	0.655
8400.000000	8	178	0.876	0.652
8406.000000	8	178	0.876	0.648
8412.000000	8	178	0.874	0.645
8418.000000	8	178	0.874	0.637
8424.000000	8	178	0.878	0.623
8430.000000	8	178	0.881	0.608
8436.000000	8	178	0.881	0.587
8442.000000	8	178	0.881	0.559
8448.000000	8	178	0.886	0.521
8454.000000	8	178	0.885	0.472
8460.000000	8	178	0.885	0.401
8466.000000	8	178	0.884	0.302
8472.000000	8	178	0.887	0.183
8478.000000	8	178	0.890	0.091
8484.000000	8	154	0.895	0.073
8490.000000	8	108	0.893	0.074
8496.000000	8	170	0.892	0.077
8502.000000	8	170	0.890	0.084
8508.000000	8	170	0.887	0.092
8514.000000	8	170	0.882	0.100
8520.000000	8	170	0.874	0.109
8526.000000	8	170	0.864	0.118
8532.000000	8	170	0.852	0.128
8538.000000	8	170	0.836	0.138
8544.000000	8	170	0.815	0.150
8550.000000	8	170	0.787	0.164
8556.000000	8	170	0.750	0.177
8562.000000	8	170	0.696	0.190
8568.000000	8	170	0.612	0.202
8574.000000	8	170	0.488	0.218
8580.000000	8	170	0.318	0.236
8586.000000	170	125	0.256	0.240
8592.000000	170	125	0.285	0.272
8598.000000	170	125	0.316	0.299
8604.000000	170	125	0.340	0.322
8610.000000	170	125	0.364	0.343
8616.000000	170	125	0.386	0.360
8622.000000	170	125	0.406	0.377
8628.000000	170	194	0.423	0.399
8634.000000	170	194	0.438	0.418
8640.000000	170	194	0.453	0.435
8646.000000	170	194	0.462	0.459
8652.000000	194	170	0.484	0.468
8658.000000	194	170	0.501	0.475
8664.000000	194	170	0.518	0.474
8670.000000	194	170	0.529	0.473
8676.000000	194	170	0.544	0.474
8682.000000	194	170	0.559	0.473
8688.000000	194	170	0.573	0.476
8694.000000	194	170	0.594	0.475
8700.000000	194	170	0.613	0.471
8706.000000	194	170	0.630	0.467
8712.000000	194	170	0.653	0.461
8718.000000	194	170	0.677	0.453
8724.000000	194	170	0.696	0.443
8730.000000	194	170	0.710	0.426
8736.000000	194	170	0.729	0.405
8742.000000	194	39	0.749	0.388
8748.000000	194	39	0.781	0.387
8754.000000	194	39	0.803	0.387
8760.000000	194	39	0.820	0.393
8766.000000	194	39	0.836	0.395
8772.000000	194	39	0.855	0.390
8778.000000	194	39	0.874	0.382
8784.000000	194	39	0.890	0.375
8790.000000	194	39	0.901	0.363
8796.000000	194	39	0.905	0.345
8802.000000	194	39	0.911	0.319
8808.000000	194	39	0.915	0.289
8814.000000	194	39	0.917	0.257
8820.000000	194	39	0.919	0.224
8826.000000	194	39	0.919	0.190
8832.000000	194	117	0.920	0.169
8838.000000	194	117	0.917	0.175
8844.000000	194	117	0.913	0.183
8850.000000	194	117	0.910	0.192
8856.000000	194	117	0.913	0.200
8862.000000	194	117	0.910	0.210
8868.000000	194	117	0.905	0.219
8874.000000	194	117	0.899	0.229
8880.000000	194	117	0.893	0.239
8886.000000	194	117	0.886	0.248
8892.000000	194	117	0.878	0.255
8898.000000	194	117	0.869	0.262
8904.000000	194	71	0.860	0.274
8910.000000	194	71	0.849	0.293
8916.000000	194	71	0.836	0.316
8922.000000	194	71	0.815	0.341
8928.000000	194	71	0.786	0.366
8934.000000	194	71	0.746	0.390
8940.000000	194	71	0.689	0.417
8946.000000	194	71	0.609	0.449
8952.000000	194	71	0.502	0.483
8958.000000	71	117	0.525	0.405
8964.000000	71	117	0.567	0.434
8970.000000	71	117	0.621	0.465
8976.000000	71	117	0.674	0.494
8982.000000	71	117	0.704	0.518
8988.000000	71	117	0.724	0.531
8994.000000	71	117	0.737	0.536
9000.000000	71	117	0.751	0.539
9006.000000	71	117	0.764	0.540
9012.000000	71	117	0.769	0.542
9018.000000	71	117	0.777	0.544
9024.000000	71	117	0.778	0.548
9030.000000	71	117	0.777	0.550
9036.000000	71	117	0.774	0.549
9042.000000	71	117	0.771	0.543
9048.000000	71	117	0.768	0.534
9054.000000	71	117	0.766	0.522
9060.000000	71	117	0.760	0.516
9066.000000	71	117	0.757	0.504
9072.000000	71	164	0.753	0.501
9078.000000	71	164	0.749	0.517
9084.000000	71	164	0.749	0.535
9090.000000	71	164	0.748	0.554
9096.000000	71	164	0.751	0.570
9102.000000	71	164	0.754	0.585
9108.000000	71	164	0.758	0.595
9114.000000	71	164	0.761	0.609
9120.000000	71	164	0.763	0.625
9126.000000	71	164	0.762	0.647
9132.000000	71	164	0.767	0.665
9138.000000	71	164	0.774	0.682
9144.000000	71	164	0.774	0.698
9150.000000	71	164	0.773	0.707
9156.000000	71	164	0.771	0.719
9162.000000	71	164	0.768	0.723
9168.000000	71	164	0.758	0.729
9174.000000	71	164	0.743	0.732
9180.000000	164	71	0.737	0.722
9186.000000	164	71	0.741	0.700
9192.000000	164	71	0.740	0.672
9198.000000	164	71	0.745	0.630
9204.000000	164	71	0.753	0.567
9210.000000	164	71	0.763	0.474
9216.000000	164	71	0.791	0.328
9222.000000	164	71	0.827	0.171
9228.000000	164	79	0.866	0.135
9234.000000	164	17	0.897	0.127
9240.000000	164	17	0.907	0.124
9246.000000	164	17	0.908	0.122
9252.000000	164	193	0.905	0.125
9258.000000	164	193	0.903	0.136
9264.000000	164	193	0.901	0.151
9270.000000	164	193	0.899	0.169
9276.000000	164	193	0.898	0.186
9282.000000	164	193	0.891	0.199
9288.000000	164	193	0.883	0.212
9294.000000	164	193	0.873	0.226
9300.000000	164	193	0.863	0.242
9306.000000	164	193	0.853	0.263
9312.000000	164	193	0.840	0.285
9318.000000	164	193	0.826	0.305
9324.000000	164	193	0.811	0.323
9330.000000	164	193	0.795	0.340
9336.000000	164	193	0.777	0.356
9342.000000	164	193	0.758	0.368
9348.000000	164	193	0.737	0.379
9354.000000	164	193	0.710	0.391
9360.000000	164	193	0.672	0.407
9366.000000	164	193	0.619	0.427
9372.000000	164	193	0.545	0.445
9378.000000	193	164	0.468	0.441
9384.000000	193	164	0.505	0.309
9390.000000	193	47	0.566	0.177
9396.000000	193	47	0.626	0.168
9402.000000	193	146	0.690	0.173
9408.000000	193	146	0.733	0.183
9414.000000	193	146	0.758	0.191
9420.000000	193	146	0.773	0.198
9426.000000	193	146	0.789	0.205
9432.000000	193	146	0.803	0.213
9438.000000	193	146	0.809	0.223
9444.000000	193	146	0.819	0.227
9450.000000	193	146	0.831	0.228
9456.000000	193	146	0.843	0.228
9462.000000	193	146	0.856	0.227
9468.000000	193	146	0.856	0.226
9474.000000	193	146	0.857	0.222
9480.000000	193	146	0.859	0.217
9486.000000	193	146	0.860	0.211
9492.000000	193	146	0.860	0.203
9498.000000	193	94	0.858	0.197
9504.000000	193	94	0.854	0.207
9510.000000	193	94	0.851	0.222
9516.000000	193	94	0.848	0.240
9522.000000	193	94	0.845	0.259
9528.000000	193	94	0.841	0.280
9534.000000	193	94	0.837	0.300
9540.000000	193	94	0.830	0.320
9546.000000	193	94	0.821	0.345
9552.000000	193	94	0.813	0.372
9558.000000	193	94	0.806	0.399
9564.000000	193	94	0.796	0.426
9570.000000	193	94	0.782	0.454
9576.000000	193	94	0.763	0.483
9582.000000	193	94	0.740	0.498
9588.000000	193	94	0.707	0.512
9594.000000	193	94	0.660	0.534
9600.000000	193	94	0.592	0.559
9606.000000	94	193	0.585	0.503
9612.000000	94	193	0.612	0.398
9618.000000	94	193	0.651	0.276
9624.000000	94	140	0.708	0.223
9630.000000	94	140	0.752	0.235
9636.000000	94	140	0.787	0.249
9642.000000	94	140	0.813	0.264
9648.000000	94	140	0.830	0.276
9654.000000	94	140	0.844	0.288
9660.000000	94	140	0.851	0.304
9666.000000	94	140	0.854	0.322
9672.000000	94	140	0.863	0.335
9678.000000	94	140	0.867	0.346
9684.000000	94	140	0.873	0.358
9690.000000	94	140	0.877	0.366
9696.000000	94	140	0.879	0.375
9702.000000	94	140	0.878	0.384
9708.000000	94	140	0.875	0.394
9714.000000	94	140	0.872	0.406
9720.000000	94	140	0.872	0.420
9726.000000	94	140	0.872	0.435
9732.000000	94	140	0.871	0.449
9738.000000	94	140	0.869	0.461
9744.000000	94	140	0.868	0.471
9750.000000	94	140	0.866	0.481
9756.000000	94	140	0.863	0.491
9762.000000	94	140	0.859	0.500
9768.000000	94	140	0.853	0.504
9774.000000	94	140	0.846	0.505
9780.000000	94	140	0.838	0.505
9786.000000	94	140	0.830	0.502
9792.000000	94	140	0.821	0.502
9798.000000	94	140	0.810	0.499
9804.000000	94	140	0.795	0.491
9810.000000	94	140	0.778	0.480
9816.000000	94	140	0.756	0.472
9822.000000	94	140	0.728	0.465
9828.000000	94	140	0.693	0.460
9834.000000	94	140	0.643	0.455
9840.000000	94	140	0.580	0.447
9846.000000	94	140	0.477	0.440
9852.000000	140	94	0.444	0.325
9858.000000	140	150	0.457	0.262
9864.000000	140	150	0.461	0.271
9870.000000	140	150	0.457	0.291
9876.000000	140	150	0.444	0.325
9882.000000	140	150	0.429	0.367
9888.000000	140	150	0.412	0.405
9894.000000	150	140	0.437	0.398
9900.000000	150	140	0.469	0.384
9906.000000	150	140	0.500	0.372
9912.000000	150	140	0.523	0.363
9918.000000	150	140	0.537	0.351
9924.000000	150	140	0.547	0.332
9930.000000	150	30	0.557	0.335
9936.000000	150	30	0.573	0.346
9942.000000	150	30	0.591	0.359
9948.000000	150	30	0.609	0.380
9954.000000	150	30	0.618	0.397
9960.000000	150	30	0.628	0.410
9966.000000	150	30	0.643	0.414
9972.000000	150	30	0.663	0.421
9978.000000	150	30	0.679	0.429
9984.000000	150	30	0.690	0.441
9990.000000	150	30	0.692	0.451
9996.000000	150	30	0.690	0.459
10002.000000	150	30	0.688	0.463
10008.000000	150	30	0.693	0.467
10014.000000	150	30	0.701	0.474
10020.000000	150	30	0.710	0.484
10026.000000	150	30	0.716	0.492
10032.000000	150	30	0.722	0.499
10038.000000	150	30	0.730	0.503
10044.000000	150	30	0.738	0.512
10050.000000	150	30	0.749	0.520
10056.000000	150	30	0.756	0.523
10062.000000	150	30	0.760	0.526
10068.000000	150	30	0.761	0.530
10074.000000	150	30	0.761	0.530
10080.000000	150	30	0.762	0.529
10086.000000	150	30	0.762	0.521
10092.000000	150	30	0.769	0.505
10098.000000	150	30	0.769	0.489
10104.000000	150	30	0.773	0.466
10110.000000	150	30	0.777	0.438
10116.000000	150	30	0.779	0.409
10122.000000	150	30	0.781	0.374
10128.000000	150	30	0.781	0.334
10134.000000	150	163	0.777	0.326
10140.000000	150	163	0.774	0.348
10146.000000	150	163	0.768	0.376
10152.000000	150	163	0.760	0.412
10158.000000	150	163	0.759	0.457
10164.000000	150	163	0.748	0.496
10170.000000	150	163	0.724	0.536
10176.000000	150	163	0.686	0.575
10182.000000	150	163	0.634	0.618
10188.000000	163	150	0.660	0.565
10194.000000	163	150	0.705	0.469
10200.000000	163	150	0.750	0.340
10206.000000	163	88	0.787	0.327
10212.000000	163	88	0.835	0.364
10218.000000	163	88	0.873	0.401
10224.000000	163	88	0.883	0.438
10230.000000	163	88	0.884	0.466
10236.000000	163	88	0.885	0.487
10242.000000	163	88	0.884	0.504
10248.000000	163	88	0.882	0.519
10254.000000	163	88	0.883	0.532
10260.000000	163	88	0.882	0.543
10266.000000	163	88	0.881	0.556
10272.000000	163	88	0.878	0.569
10278.000000	163	88	0.876	0.578
10284.000000	163	88	0.872	0.586
10290.000000	163	88	0.867	0.596
10296.000000	163	88	0.862	0.609
10302.000000	163	88	0.863	0.626
10308.000000	163	88	0.861	0.642
10314.000000	163	88	0.860	0.652
10320.000000	163	88	0.858	0.664
10326.000000	163	88	0.857	0.675
10332.000000	163	88	0.856	0.687
10338.000000	163	88	0.854	0.703
10344.000000	163	88	0.850	0.715
10350.000000	163	88	0.843	0.731
10356.000000	163	88	0.836	0.744
10362.000000	163	88	0.830	0.751
10368.000000	163	88	0.822	0.755
10374.000000	163	88	0.813	0.758
10380.000000	163	88	0.804	0.762
10386.000000	163	88	0.791	0.767
10392.000000	163	88	0.770	0.770
10398.000000	88	163	0.770	0.744
10404.000000	88	163	0.769	0.708
10410.000000	88	163	0.770	0.651
10416.000000	88	163	0.781	0.561
10422.000000	88	163	0.813	0.418
10428.000000	88	163	0.853	0.217
10434.000000	88	183	0.901	0.122
10440.000000	88	183	0.923	0.116
10446.000000	88	183	0.935	0.112
10452.000000	88	183	0.941	0.109
10458.000000	88	27	0.945	0.116
10464.000000	88	27	0.948	0.131
10470.000000	88	27	0.947	0.148
10476.000000	88	27	0.945	0.165
10482.000000	88	27	0.941	0.181
10488.000000	88	27	0.937	0.200
10494.000000	88	27	0.933	0.223
10500.000000	88	27	0.926	0.252
10506.000000	88	27	0.916	0.288
10512.000000	88	27	0.903	0.330
10518.000000	88	27	0.886	0.379
10524.000000	88	27	0.865	0.426
10530.000000	88	27	0.839	0.472
10536.000000	88	27	0.807	0.515
10542.000000	88	27	0.765	0.556
10548.000000	88	27	0.712	0.600
10554.000000	27	88	0.657	0.632
10560.000000	27	88	0.705	0.512
10566.000000	27	88	0.766	0.343
10572.000000	27	42	0.828	0.259
10578.000000	27	42	0.871	0.283
10584.000000	27	42	0.891	0.306
10590.000000	27	42	0.908	0.322
10596.000000	27	42	0.920	0.342
10602.000000	27	42	0.929	0.360
10608.000000	27	42	0.931	0.382
10614.000000	27	42	0.929	0.401
10620.000000	27	42	0.926	0.416
10626.000000	27	42	0.923	0.429
10632.000000	27	42	0.920	0.441
10638.000000	27	42	0.916	0.450
10644.000000	27	42	0.912	0.462
10650.000000	27	42	0.910	0.472
10656.000000	27	42	0.908	0.477
10662.000000	27	42	0.906	0.480
10668.000000	27	42	0.905	0.485
10674.000000	27	42	0.903	0.489
10680.000000	27	42	0.901	0.492
10686.000000	27	42	0.900	0.492
10692.000000	27	42	0.899	0.494
10698.000000	27	42	0.898	0.491
10704.000000	27	42	0.898	0.486
10710.000000	27	42	0.898	0.482
10716.000000	27	42	0.902	0.478
10722.000000	27	42	0.903	0.475
10728.000000	27	42	0.903	0.475
10734.000000	27	42	0.902	0.475
10740.000000	27	42	0.903	0.472
10746.000000	27	42	0.900	0.468
10752.000000	27	42	0.896	0.459
10758.000000	27	42	0.891	0.449
10764.000000	27	42	0.885	0.434
10770.000000	27	42	0.876	0.414
10776.000000	27	42	0.869	0.382
10782.000000	27	42	0.861	0.342
10788.000000	27	42	0.852	0.295
10794.000000	27	42	0.842	0.248
10800.000000	27	42	0.833	0.202
10806.000000	27	77	0.818	0.193
10812.000000	27	77	0.800	0.203
10818.000000	27	77	0.780	0.217
10824.000000	27	77	0.754	0.233
10830.000000	27	77	0.717	0.253
10836.000000	27	77	0.663	0.275
10842.000000	27	77	0.573	0.299
10848.000000	27	77	0.418	0.333
10854.000000	77	190	0.385	0.221
10860.000000	77	190	0.464	0.251
10866.000000	77	190	0.539	0.289
10872.000000	77	190	0.607	0.334
10878.000000	77	190	0.648	0.377
10884.000000	77	190	0.673	0.408
10890.000000	77	190	0.690	0.434
10896.000000	77	190	0.702	0.461
10902.000000	77	190	0.712	0.485
10908.000000	77	190	0.718	0.507
10914.000000	77	190	0.720	0.526
10920.000000	77	190	0.723	0.544
10926.000000	77	190	0.727	0.563
10932.000000	77	190	0.731	0.576
10938.000000	77	190	0.735	0.600
10944.000000	77	190	0.747	0.631
10950.000000	77	190	0.754	0.648
10956.000000	77	190	0.756	0.663
10962.000000	77	190	0.760	0.674
10968.000000	77	190	0.769	0.690
10974.000000	77	190	0.780	0.706
10980.000000	77	190	0.783	0.719
10986.000000	77	190	0.786	0.728
10992.000000	77	190	0.788	0.736
10998.000000	77	190	0.793	0.742
11004.000000	77	190	0.792	0.753
11010.000000	77	190	0.796	0.765
11016.000000	77	190	0.803	0.773
11022.000000	77	190	0.806	0.779
11028.000000	77	190	0.806	0.788
11034.000000	77	190	0.804	0.793
11040.000000	77	190	0.802	0.798
11046.000000	77	190	0.799	0.797
11052.000000	190	77	0.795	0.794
11058.000000	190	77	0.795	0.784
11064.000000	190	77	0.797	0.769
11070.000000	190	77	0.799	0.748
11076.000000	190	77	0.801	0.723
11082.000000	190	77	0.809	0.684
11088.000000	190	77	0.812	0.641
11094.000000	190	77	0.814	0.583
11100.000000	190	77	0.818	0.490
11106.000000	190	77	0.835	0.352
11112.000000	190	77	0.861	0.177
11118.000000	190	118	0.881	0.163
11124.000000	190	118	0.889	0.167
11130.000000	190	118	0.894	0.172
11136.000000	190	118	0.895	0.178
11142.000000	190	118	0.893	0.186
11148.000000	190	118	0.890	0.196
11154.000000	190	118	0.884	0.204
11160.000000	190	118	0.877	0.211
11166.000000	190	118	0.870	0.216
11172.000000	190	118	0.860	0.221
11178.000000	190	118	0.847	0.226
11184.000000	190	118	0.833	0.231
11190.000000	190	118	0.819	0.235
11196.000000	190	118	0.804	0.238
11202.000000	190	118	0.785	0.240
11208.000000	190	118	0.760	0.242
11214.000000	190	118	0.728	0.243
11220.000000	190	118	0.687	0.241
11226.000000	190	118	0.632	0.236
11232.000000	190	170	0.556	0.244
11238.000000	190	170	0.457	0.267
11244.000000	190	170	0.331	0.291
11250.000000	170	20	0.322	0.289
11256.000000	170	20	0.367	0.312
11262.000000	170	20	0.423	0.342
11268.000000	170	20	0.487	0.373
11274.000000	170	20	0.547	0.401
11280.000000	170	20	0.594	0.423
11286.000000	170	20	0.629	0.450
11292.000000	170	20	0.651	0.476
11298.000000	170	20	0.668	0.495
11304.000000	170	20	0.683	0.513
11310.000000	170	20	0.692	0.532
11316.000000	170	20	0.699	0.549
11322.000000	170	20	0.707	0.559
11328.000000	170	20	0.725	0.561
11334.000000	170	20	0.745	0.559
11340.000000	170	20	0.753	0.558
11346.000000	170	20	0.766	0.554
11352.000000	170	20	0.771	0.554
11358.000000	170	20	0.771	0.555
11364.000000	170	20	0.774	0.552
11370.000000	170	20	0.776	0.548
11376.000000	170	20	0.780	0.540
11382.000000	170	20	0.782	0.526
11388.000000	170	20	0.787	0.511
11394.000000	170	20	0.794	0.494
11400.000000	170	20	0.803	0.473
11406.000000	170	20	0.810	0.449
11412.000000	170	20	0.815	0.420
11418.000000	170	20	0.824	0.378
11424.000000	170	20	0.833	0.324
11430.000000	170	94	0.844	0.286
11436.000000	170	94	0.852	0.292
11442.000000	170	94	0.864	0.298
11448.000000	170	75	0.874	0.301
11454.000000	170	75	0.882	0.322
11460.000000	170	75	0.890	0.339
11466.000000	170	75	0.890	0.356
11472.000000	170	75	0.887	0.377
11478.000000	170	75	0.885	0.402
11484.000000	170	75	0.880	0.430
11490.000000	170	75	0.873	0.456
11496.000000	170	75	0.863	0.480
11502.000000	170	75	0.852	0.504
11508.000000	170	75	0.834	0.533
11514.000000	170	75	0.818	0.552
11520.000000	170	75	0.798	0.569
11526.000000	170	75	0.777	0.590
11532.000000	170	75	0.754	0.613
11538.000000	170	75	0.721	0.640
11544.000000	170	75	0.672	0.669
11550.000000	75	170	0.706	0.602
11556.000000	75	170	0.739	0.508
11562.000000	75	170	0.773	0.376
11568.000000	75	37	0.827	0.247
11574.000000	75	37	0.874	0.251
11580.000000	75	37	0.905	0.251
11586.000000	75	37	0.918	0.253
11592.000000	75	37	0.921	0.256
11598.000000	75	37	0.924	0.265
11604.000000	75	37	0.929	0.278
11610.000000	75	37	0.926	0.297
11616.000000	75	37	0.922	0.319
11622.000000	75	37	0.919	0.340
11628.000000	75	37	0.918	0.356
11634.000000	75	37	0.918	0.368
11640.000000	75	37	0.913	0.380
11646.000000	75	37	0.908	0.393
11652.000000	75	37	0.902	0.401
11658.000000	75	37	0.895	0.406
11664.000000	75	37	0.888	0.410
11670.000000	75	37	0.881	0.417
11676.000000	75	37	0.874	0.423
11682.000000	75	37	0.867	0.422
11688.000000	75	37	0.860	0.420
11694.000000	75	37	0.851	0.416
11700.000000	75	37	0.841	0.410
11706.000000	75	37	0.828	0.401
11712.000000	75	37	0.811	0.390
11718.000000	75	37	0.793	0.381
11724.000000	75	37	0.777	0.365
11730.000000	75	37	0.759	0.342
11736.000000	75	37	0.739	0.316
11742.000000	75	37	0.715	0.286
11748.000000	75	1	0.686	0.287
11754.000000	75	1	0.647	0.289
11760.000000	75	1	0.599	0.288
11766.000000	75	1	0.530	0.291
11772.000000	75	1	0.419	0.304
11778.000000	1	75	0.329	0.250
11784.000000	1	103	0.369	0.238
11790.000000	1	103	0.429	0.269
11796.000000	1	103	0.490	0.308
11802.000000	1	103	0.544	0.349
11808.000000	1	103	0.576	0.385
11814.000000	1	103	0.593	0.419
11820.000000	1	103	0.607	0.445
11826.000000	1	103	0.619	0.463
11832.000000	1	103	0.625	0.475
11838.000000	1	103	0.632	0.484
11844.000000	1	103	0.641	0.490
11850.000000	1	103	0.648	0.500
11856.000000	1	103	0.653	0.513
11862.000000	1	103	0.656	0.527
11868.000000	1	103	0.660	0.539
11874.000000	1	103	0.670	0.551
11880.000000	1	103	0.677	0.560
11886.000000	1	103	0.682	0.575
11892.000000	1	103	0.688	0.592
11898.000000	1	103	0.696	0.605
11904.000000	1	103	0.699	0.622
11910.000000	1	103	0.700	0.640
11916.000000	1	103	0.705	0.656
11922.000000	1	103	0.711	0.675
11928.000000	1	103	0.720	0.687
11934.000000	1	103	0.723	0.699
11940.000000	1	103	0.723	0.718
11946.000000	103	1	0.727	0.725
11952.000000	103	1	0.732	0.726
11958.000000	103	1	0.735	0.726
11964.000000	103	1	0.732	0.726
11970.000000	103	1	0.730	0.724
11976.000000	103	1	0.729	0.718
11982.000000	103	1	0.734	0.703
11988.000000	103	1	0.735	0.686
11994.000000	103	1	0.735	0.661
12000.000000	103	1	0.736	0.624
12006.000000	103	1	0.740	0.569
12012.000000	103	1	0.759	0.480
12018.000000	103	1	0.773	0.364
12024.000000	103	1	0.790	0.219
12030.000000	103	149	0.827	0.181
12036.000000	103	149	0.853	0.193
12042.000000	103	149	0.860	0.210
12048.000000	103	149	0.863	0.230
12054.000000	103	149	0.866	0.252
12060.000000	103	149	0.865	0.272
12066.000000	103	149	0.863	0.294
12072.000000	103	149	0.857	0.318
12078.000000	103	149	0.849	0.341
12084.000000	103	149	0.839	0.370
12090.000000	103	149	0.833	0.400
12096.000000	103	149	0.826	0.423
12102.000000	103	149	0.814	0.442
12108.000000	103	149	0.793	0.463
12114.000000	103	149	0.769	0.483
12120.000000	103	149	0.743	0.503
12126.000000	103	149	0.710	0.524
12132.000000	103	149	0.667	0.549
12138.000000	103	149	0.616	0.578
12144.000000	149	103	0.603	0.545
12150.000000	149	103	0.643	0.433
12156.000000	149	80	0.682	0.380
12162.000000	149	80	0.722	0.416
12168.000000	149	80	0.763	0.450
12174.000000	149	80	0.798	0.488
12180.000000	149	80	0.822	0.527
12186.000000	149	80	0.838	0.570
12192.000000	149	80	0.852	0.611
12198.000000	149	80	0.857	0.645
12204.000000	149	80	0.851	0.672
12210.000000	149	80	0.846	0.687
12216.000000	149	80	0.841	0.699
12222.000000	149	80	0.837	0.706
12228.000000	149	80	0.831	0.713
12234.000000	149	80	0.826	0.718
12240.000000	149	80	0.824	0.721
12246.000000	149	80	0.823	0.720
12252.000000	149	80	0.820	0.724
12258.000000	149	80	0.817	0.731
12264.000000	149	80	0.817	0.728
12270.000000	149	80	0.815	0.727
12276.000000	149	80	0.810	0.730
12282.000000	149	80	0.803	0.737
12288.000000	149	80	0.794	0.742
12294.000000	149	80	0.782	0.747
12300.000000	149	80	0.767	0.752
12306.000000	80	149	0.759	0.753
12312.000000	80	149	0.761	0.739
12318.000000	80	149	0.762	0.720
12324.000000	80	149	0.769	0.691
12330.000000	80	149	0.776	0.657
12336.000000	80	149	0.791	0.608
12342.000000	80	149	0.798	0.542
12348.000000	80	149	0.809	0.438
12354.000000	80	149	0.824	0.292
12360.000000	80	169	0.851	0.171
12366.000000	80	169	0.877	0.186
12372.000000	80	169	0.890	0.206
12378.000000	80	169	0.895	0.230
12384.000000	80	169	0.897	0.262
12390.000000	80	169	0.895	0.290
12396.000000	80	169	0.889	0.313
12402.000000	80	169	0.882	0.336
12408.000000	80	169	0.873	0.362
12414.000000	80	169	0.862	0.390
12420.000000	80	169	0.848	0.419
12426.000000	80	169	0.830	0.448
12432.000000	80	169	0.810	0.470
12438.000000	80	169	0.785	0.493
12444.000000	80	169	0.752	0.516
12450.000000	80	169	0.710	0.533
12456.000000	80	169	0.649	0.551
12462.000000	169	80	0.569	0.564
12468.000000	169	80	0.602	0.452
12474.000000	169	80	0.639	0.333
12480.000000	169	160	0.692	0.345
12486.000000	169	160	0.727	0.365
12492.000000	169	160	0.749	0.383
12498.000000	169	160	0.763	0.398
12504.000000	169	160	0.768	0.409
12510.000000	169	160	0.773	0.417
12516.000000	169	160	0.780	0.423
12522.000000	169	160	0.792	0.430
12528.000000	169	160	0.805	0.437
12534.000000	169	160	0.810	0.441
12540.000000	169	145	0.813	0.453
12546.000000	169	145	0.817	0.467
12552.000000	169	145	0.819	0.481
12558.000000	169	145	0.824	0.495
12564.000000	169	145	0.825	0.505
12570.000000	169	145	0.822	0.514
12576.000000	169	145	0.821	0.523
12582.000000	169	145	0.819	0.530
12588.000000	169	145	0.818	0.538
12594.000000	169	145	0.822	0.550
12600.000000	169	145	0.831	0.569
12606.000000	169	145	0.837	0.586
12612.000000	169	145	0.840	0.603
12618.000000	169	145	0.841	0.621
12624.000000	169	145	0.843	0.646
12630.000000	169	145	0.842	0.669
12636.000000	169	145	0.842	0.690
12642.000000	169	145	0.842	0.704
12648.000000	169	145	0.841	0.713
12654.000000	169	145	0.840	0.722
12660.000000	169	145	0.832	0.736
12666.000000	169	145	0.827	0.742
12672.000000	169	145	0.817	0.747
12678.000000	169	145	0.808	0.752
12684.000000	169	145	0.797	0.758
12690.000000	169	145	0.781	0.761
12696.000000	145	169	0.760	0.759
12702.000000	145	169	0.764	0.726
12708.000000	145	169	0.764	0.685
12714.000000	145	169	0.773	0.620
12720.000000	145	169	0.793	0.515
12726.000000	145	169	0.821	0.346
12732.000000	145	169	0.862	0.138
12738.000000	145	15	0.899	0.099
12744.000000	145	179	0.911	0.098
12750.000000	145	179	0.918	0.102
12756.000000	145	16	0.921	0.111
12762.000000	145	16	0.920	0.133
12768.000000	145	16	0.915	0.158
12774.000000	145	16	0.908	0.187
12780.000000	145	16	0.899	0.219
12786.000000	145	16	0.887	0.251
12792.000000	145	16	0.873	0.285
12798.000000	145	16	0.859	0.320
12804.000000	145	16	0.845	0.352
12810.000000	145	16	0.828	0.381
12816.000000	145	16	0.807	0.413
12822.000000	145	16	0.780	0.446
12828.000000	145	16	0.746	0.476
12834.000000	145	16	0.704	0.502
12840.000000	145	16	0.648	0.531
12846.000000	16	145	0.568	0.567
12852.000000	16	145	0.606	0.456
12858.000000	16	128	0.645	0.420
12864.000000	16	128	0.690	0.463
12870.000000	16	128	0.739	0.518
12876.000000	16	128	0.791	0.564
12882.000000	16	128	0.819	0.609
12888.000000	16	128	0.837	0.644
12894.000000	16	128	0.842	0.676
12900.000000	16	128	0.846	0.700
12906.000000	16	128	0.856	0.714
12912.000000	16	128	0.862	0.716
12918.000000	16	128	0.862	0.718
12924.000000	16	128	0.861	0.725
12930.000000	16	128	0.859	0.725
12936.000000	16	128	0.858	0.725
12942.000000	16	128	0.856	0.724
12948.000000	16	128	0.852	0.726
12954.000000	16	128	0.850	0.725
12960.000000	16	128	0.842	0.734
12966.000000	16	128	0.837	0.734
12972.000000	16	128	0.830	0.735
12978.000000	16	128	0.825	0.734
12984.000000	16	128	0.816	0.740
12990.000000	16	128	0.808	0.742
12996.000000	16	128	0.804	0.738
13002.000000	16	128	0.797	0.735
13008.000000	16	128	0.786	0.732
13014.000000	16	128	0.773	0.731
13020.000000	16	128	0.755	0.731
13026.000000	16	128	0.738	0.726
13032.000000	128	16	0.723	0.716
13038.000000	128	16	0.717	0.690
13044.000000	128	16	0.710	0.652
13050.000000	128	16	0.715	0.591
13056.000000	128	16	0.718	0.508
13062.000000	128	16	0.724	0.392
13068.000000	128	16	0.730	0.241
13074.000000	128	188	0.740	0.171
13080.000000	128	188	0.750	0.176
13086.000000	128	188	0.765	0.188
13092.000000	128	188	0.770	0.201
13098.000000	128	188	0.770	0.214
13104.000000	128	188	0.764	0.229
13110.000000	128	188	0.754	0.248
13116.000000	128	188	0.741	0.270
13122.000000	128	188	0.725	0.294
13128.000000	128	188	0.706	0.322
13134.000000	128	188	0.683	0.355
13140.000000	128	188	0.654	0.393
13146.000000	128	188	0.615	0.432
13152.000000	128	188	0.559	0.470
13158.000000	188	128	0.502	0.486
13164.000000	188	180	0.530	0.396
13170.000000	188	180	0.560	0.425
13176.000000	188	180	0.595	0.460
13182.000000	188	180	0.634	0.509
13188.000000	188	180	0.667	0.566
13194.000000	188	180	0.698	0.617
13200.000000	188	180	0.716	0.663
13206.000000	188	180	0.730	0.692
13212.000000	188	180	0.737	0.727
13218.000000	180	188	0.753	0.740
13224.000000	180	188	0.765	0.742
13230.000000	180	188	0.773	0.745
13236.000000	180	188	0.787	0.753
13242.000000	180	188	0.799	0.757
13248.000000	180	188	0.810	0.758
13254.000000	180	188	0.817	0.765
13260.000000	180	188	0.820	0.769
13266.000000	180	188	0.827	0.767
13272.000000	180	188	0.838	0.761
13278.000000	180	188	0.840	0.759
13284.000000	180	188	0.839	0.758
13290.000000	180	188	0.836	0.760
13296.000000	180	188	0.837	0.762
13302.000000	180	188	0.842	0.765
13308.000000	180	188	0.845	0.765
13314.000000	180	188	0.846	0.767
13320.000000	180	188	0.850	0.765
13326.000000	180	188	0.854	0.763
13332.000000	180	188	0.855	0.762
13338.000000	180	188	0.864	0.755
13344.000000	180	188	0.866	0.751
13350.000000	180	188	0.865	0.744
13356.000000	180	188	0.867	0.731
13362.000000	180	188	0.868	0.712
13368.000000	180	188	0.869	0.686
13374.000000	180	188	0.873	0.646
13380.000000	180	188	0.876	0.595
13386.000000	180	188	0.880	0.525
13392.000000	180	188	0.888	0.424
13398.000000	180	188	0.894	0.281
13404.000000	180	188	0.906	0.125
13410.000000	180	108	0.921	0.077
13416.000000	180	108	0.927	0.084
13422.000000	180	108	0.927	0.090
13428.000000	180	108	0.926	0.096
13434.000000	180	108	0.925	0.101
13440.000000	180	108	0.922	0.106
13446.000000	180	108	0.918	0.110
13452.000000	180	108	0.913	0.115
13458.000000	180	108	0.906	0.120
13464.000000	180	108	0.897	0.125
13470.000000	180	29	0.887	0.135
13476.000000	180	29	0.873	0.149
13482.000000	180	29	0.858	0.166
13488.000000	180	29	0.837	0.185
13494.000000	180	29	0.809	0.205
13500.000000	180	29	0.769	0.232
13506.000000	180	29	0.714	0.264
13512.000000	180	29	0.638	0.296
13518.000000	180	29	0.523	0.330
13524.000000	29	180	0.373	0.343
13530.000000	29	19	0.425	0.284
13536.000000	29	19	0.484	0.306
13542.000000	29	19	0.539	0.328
13548.000000	29	19	0.584	0.355
13554.000000	29	19	0.607	0.379
13560.000000	29	19	0.624	0.400
13566.000000	29	19	0.644	0.421
13572.000000	29	19	0.659	0.440
13578.000000	29	19	0.673	0.450
13584.000000	29	19	0.690	0.457
13590.000000	29	19	0.699	0.464
13596.000000	29	19	0.709	0.467
13602.000000	29	19	0.718	0.470
13608.000000	29	19	0.728	0.475
13614.000000	29	19	0.737	0.487
13620.000000	29	19	0.752	0.497
13626.000000	29	19	0.768	0.503
13632.000000	29	19	0.776	0.514
13638.000000	29	19	0.783	0.526
13644.000000	29	19	0.793	0.538
13650.000000	29	19	0.801	0.546
13656.000000	29	19	0.808	0.553
13662.000000	29	19	0.815	0.566
13668.000000	29	19	0.821	0.576
13674.000000	29	19	0.821	0.583
13680.000000	29	19	0.818	0.586
13686.000000	29	19	0.821	0.582
13692.000000	29	19	0.822	0.576
13698.000000	29	19	0.825	0.571
13704.000000	29	19	0.830	0.565
13710.000000	29	19	0.838	0.556
13716.000000	29	19	0.842	0.543
13722.000000	29	19	0.844	0.529
13728.000000	29	19	0.845	0.509
13734.000000	29	19	0.851	0.476
13740.000000	29	19	0.862	0.431
13746.000000	29	19	0.869	0.375
13752.000000	29	19	0.874	0.311
13758.000000	29	19	0.876	0.242
13764.000000	29	39	0.880	0.207
13770.000000	29	39	0.884	0.231
13776.000000	29	39	0.888	0.262
13782.000000	29	39	0.891	0.299
13788.000000	29	39	0.890	0.343
13794.000000	29	39	0.886	0.393
13800.000000	29	39	0.879	0.439
13806.000000	29	39	0.867	0.484
13812.000000	29	39	0.849	0.534
13818.000000	29	39	0.826	0.582
13824.000000	29	39	0.795	0.622
13830.000000	29	39	0.757	0.653
13836.000000	29	39	0.708	0.683
13842.000000	39	29	0.717	0.644
13848.000000	39	29	0.747	0.548
13854.000000	39	29	0.792	0.391
13860.000000	39	29	0.844	0.208
13866.000000	39	18	0.897	0.195
13872.000000	39	18	0.919	0.203
13878.000000	39	18	0.922	0.222
13884.000000	39	18	0.919	0.246
13890.000000	39	18	0.915	0.270
13896.000000	39	18	0.911	0.290
13902.000000	39	18	0.908	0.307
13908.000000	39	18	0.905	0.321
13914.000000	39	18	0.903	0.332
13920.000000	39	18	0.900	0.343
13926.000000	39	18	0.896	0.357
13932.000000	39	18	0.893	0.369
13938.000000	39	18	0.891	0.379
13944.000000	39	18	0.890	0.385
13950.000000	39	18	0.888	0.389
13956.000000	39	18	0.884	0.390
13962.000000	39	18	0.877	0.395
13968.000000	39	18	0.870	0.401
13974.000000	39	18	0.864	0.401
13980.000000	39	18	0.860	0.400
13986.000000	39	18	0.853	0.402
13992.000000	39	18	0.850	0.408
13998.000000	39	18	0.844	0.421
14004.000000	39	18	0.836	0.431
14010.000000	39	18	0.828	0.436
14016.000000	39	18	0.819	0.437
14022.000000	39	18	0.809	0.439
14028.000000	39	18	0.798	0.438
14034.000000	39	18	0.783	0.438
14040.000000	39	18	0.765	0.433
14046.000000	39	18	0.744	0.424
14052.000000	39	18	0.719	0.413
14058.000000	39	18	0.690	0.397
14064.000000	39	18	0.654	0.375
14070.000000	39	18	0.595	0.355
14076.000000	39	18	0.500	0.331
14082.000000	39	18	0.365	0.310
14088.000000	18	39	0.291	0.205
14094.000000	18	31	0.271	0.207
14100.000000	18	31	0.252	0.219
14106.000000	31	170	0.240	0.232
14112.000000	170	31	0.272	0.264
14118.000000	170	31	0.323	0.292
14124.000000	170	31	0.388	0.327
14130.000000	170	31	0.463	0.361
14136.000000	170	31	0.526	0.395
14142.000000	170	31	0.563	0.428
14148.000000	170	31	0.589	0.458
14154.000000	170	31	0.612	0.478
14160.000000	170	31	0.630	0.490
14166.000000	170	31	0.640	0.502
14172.000000	170	31	0.645	0.514
14178.000000	170	31	0.651	0.522
14184.000000	170	31	0.662	0.528
14190.000000	170	31	0.669	0.534
14196.000000	170	31	0.678	0.536
14202.000000	170	31	0.683	0.541
14208.000000	170	31	0.686	0.543
14214.000000	170	31	0.690	0.544
14220.000000	170	31	0.695	0.542
14226.000000	170	31	0.701	0.538
14232.000000	170	31	0.710	0.531
14238.000000	170	31	0.714	0.524
14244.000000	170	31	0.718	0.518
14250.000000	170	31	0.721	0.510
14256.000000	170	31	0.735	0.497
14262.000000	170	31	0.752	0.482
14268.000000	170	31	0.774	0.462
14274.000000	170	31	0.792	0.432
14280.000000	170	31	0.802	0.393
14286.000000	170	31	0.812	0.338
14292.000000	170	31	0.828	0.260
14298.000000	170	110	0.848	0.252
14304.000000	170	110	0.865	0.248
14310.000000	170	110	0.881	0.235
14316.000000	170	110	0.896	0.213
14322.000000	170	110	0.907	0.195
14328.000000	170	110	0.914	0.180
14334.000000	170	110	0.922	0.167
14340.000000	170	110	0.931	0.154
14346.000000	170	110	0.935	0.140
14352.000000	170	110	0.936	0.127
14358.000000	170	194	0.937	0.129
14364.000000	170	194	0.934	0.140
14370.000000	170	194	0.931	0.152
14376.000000	170	194	0.927	0.163
14382.000000	170	194	0.922	0.177
14388.000000	170	194	0.915	0.190
14394.000000	170	194	0.907	0.202
14400.000000	170	194	0.898	0.214
14406.000000	170	194	0.888	0.228
14412.000000	170	194	0.876	0.239
14418.000000	170	194	0.859	0.251
14424.000000	170	194	0.836	0.265
14430.000000	170	194	0.807	0.280
14436.000000	170	194	0.769	0.300
14442.000000	170	194	0.712	0.317
14448.000000	170	194	0.627	0.337
14454.000000	170	194	0.520	0.359
14460.000000	170	90	0.397	0.383
14466.000000	90	194	0.413	0.402
14472.000000	90	194	0.446	0.424
14478.000000	90	194	0.476	0.455
14484.000000	90	194	0.509	0.480
14490.000000	90	194	0.535	0.496
14496.000000	90	194	0.554	0.503
14502.000000	90	194	0.567	0.504
14508.000000	90	194	0.575	0.506
14514.000000	90	194	0.581	0.510
14520.000000	90	194	0.585	0.514
14526.000000	90	194	0.592	0.519
14532.000000	90	194	0.596	0.525
14538.000000	90	194	0.601	0.526
14544.000000	90	194	0.612	0.522
14550.000000	90	194	0.625	0.518
14556.000000	90	194	0.637	0.516
14562.000000	90	194	0.653	0.518
14568.000000	90	194	0.665	0.526
14574.000000	90	194	0.684	0.532
14580.000000	90	194	0.698	0.541
14586.000000	90	194	0.708	0.547
14592.000000	90	194	0.727	0.547
14598.000000	90	194	0.743	0.550
14604.000000	90	194	0.757	0.550
14610.000000	90	194	0.779	0.552
14616.000000	90	194	0.797	0.553
14622.000000	90	194	0.811	0.548
14628.000000	90	194	0.827	0.540
14634.000000	90	194	0.836	0.532
14640.000000	90	194	0.850	0.513
14646.000000	90	194	0.859	0.492
14652.000000	90	194	0.863	0.465
14658.000000	90	194	0.869	0.426
14664.000000	90	194	0.876	0.376
14670.000000	90	194	0.890	0.314
14676.000000	90	194	0.902	0.254
14682.000000	90	194	0.909	0.200
14688.000000	90	194	0.912	0.152
14694.000000	90	36	0.916	0.138
14700.000000	90	36	0.917	0.137
14706.000000	90	36	0.918	0.134
14712.000000	90	36	0.916	0.130
14718.000000	90	166	0.916	0.132
14724.000000	90	166	0.913	0.138
14730.000000	90	166	0.907	0.144
14736.000000	90	166	0.899	0.150
14742.000000	90	164	0.890	0.157
14748.000000	90	164	0.879	0.168
14754.000000	90	164	0.868	0.177
14760.000000	90	164	0.855	0.186
14766.000000	90	164	0.838	0.194
14772.000000	90	164	0.817	0.201
14778.000000	90	164	0.792	0.210
14784.000000	90	164	0.760	0.222
14790.000000	90	164	0.720	0.235
14796.000000	90	196	0.664	0.258
14802.000000	90	196	0.579	0.278
14808.000000	90	196	0.445	0.304
14814.000000	196	164	0.351	0.308
14820.000000	196	164	0.400	0.340
14826.000000	196	164	0.455	0.368
14832.000000	196	164	0.513	0.394
14838.000000	196	164	0.562	0.410
14844.000000	196	164	0.591	0.428
14850.000000	196	164	0.614	0.448
14856.000000	196	164	0.634	0.470
14862.000000	196	164	0.648	0.492
14868.000000	196	164	0.656	0.512
14874.000000	196	164	0.657	0.527
14880.000000	196	164	0.659	0.540
14886.000000	196	164	0.660	0.553
14892.000000	196	164	0.662	0.563
14898.000000	196	164	0.664	0.575
14904.000000	196	164	0.665	0.584
14910.000000	196	164	0.665	0.592
14916.000000	196	164	0.667	0.601
14922.000000	196	164	0.675	0.614
14928.000000	196	164	0.678	0.631
14934.000000	196	164	0.685	0.648
14940.000000	196	164	0.688	0.664
14946.000000	196	164	0.688	0.676
14952.000000	196	164	0.694	0.690
14958.000000	164	196	0.710	0.698
14964.000000	164	196	0.722	0.705
14970.000000	164	196	0.735	0.710
14976.000000	164	196	0.755	0.711
14982.000000	164	196	0.774	0.712
14988.000000	164	196	0.792	0.707
14994.000000	164	196	0.808	0.699
15000.000000	164	196	0.819	0.688
15006.000000	164	196	0.833	0.676
15012.000000	164	196	0.841	0.662
15018.000000	164	196	0.847	0.642
15024.000000	164	196	0.850	0.618
15030.000000	164	196	0.858	0.582
15036.000000	164	196	0.866	0.529
15042.000000	164	196	0.873	0.457
15048.000000	164	196	0.891	0.359
15054.000000	164	196	0.913	0.233
15060.000000	164	193	0.925	0.164
15066.000000	164	193	0.932	0.163
15072.000000	164	193	0.940	0.162
15078.000000	164	193	0.938	0.163
15084.000000	164	193	0.933	0.164
15090.000000	164	193	0.927	0.166
15096.000000	164	193	0.920	0.167
15102.000000	164	193	0.913	0.168
15108.000000	164	193	0.906	0.168
15114.000000	164	193	0.899	0.167
15120.000000	164	19	0.891	0.167
15126.000000	164	19	0.884	0.177
15132.000000	164	19	0.878	0.189
15138.000000	164	19	0.871	0.201
15144.000000	164	19	0.860	0.213
15150.000000	164	19	0.847	0.224
15156.000000	164	19	0.830	0.236
15162.000000	164	19	0.808	0.246
15168.000000	164	19	0.783	0.254
15174.000000	164	19	0.752	0.261
15180.000000	164	19	0.713	0.267
15186.000000	164	19	0.661	0.274
15192.000000	164	19	0.594	0.284
15198.000000	164	19	0.506	0.292
15204.000000	164	19	0.383	0.300
15210.000000	19	146	0.318	0.294
15216.000000	19	146	0.335	0.317
15222.000000	19	146	0.358	0.346
15228.000000	19	146	0.390	0.386
15234.000000	146	19	0.424	0.417
15240.000000	146	19	0.452	0.434
15246.000000	146	19	0.478	0.445
15252.000000	146	19	0.497	0.453
15258.000000	146	19	0.515	0.458
15264.000000	146	19	0.535	0.458
15270.000000	146	19	0.551	0.455
15276.000000	146	19	0.571	0.455
15282.000000	146	19	0.580	0.460
15288.000000	146	19	0.587	0.457
15294.000000	146	19	0.593	0.451
15300.000000	146	19	0.601	0.446
15306.000000	146	19	0.612	0.442
15312.000000	146	19	0.621	0.440
15318.000000	146	19	0.628	0.433
15324.000000	146	19	0.633	0.426
15330.000000	146	19	0.638	0.421
15336.000000	146	19	0.645	0.412
15342.000000	146	19	0.655	0.401
15348.000000	146	19	0.670	0.384
15354.000000	146	112	0.683	0.368
15360.000000	146	112	0.698	0.361
15366.000000	146	112	0.710	0.355
15372.000000	146	112	0.727	0.345
15378.000000	146	112	0.754	0.334
15384.000000	146	112	0.774	0.317
15390.000000	146	112	0.794	0.292
15396.000000	146	112	0.817	0.256
15402.000000	146	112	0.837	0.222
15408.000000	146	112	0.851	0.190
15414.000000	146	112	0.865	0.155
15420.000000	146	52	0.877	0.126
15426.000000	146	52	0.886	0.134
15432.000000	146	52	0.891	0.141
15438.000000	146	52	0.894	0.149
15444.000000	146	52	0.897	0.156
15450.000000	146	52	0.898	0.164
15456.000000	146	52	0.896	0.174
15462.000000	146	52	0.893	0.186
15468.000000	146	52	0.892	0.200
15474.000000	146	52	0.889	0.215
15480.000000	146	52	0.886	0.229
15486.000000	146	52	0.881	0.242
15492.000000	146	52	0.877	0.253
15498.000000	146	52	0.871	0.263
15504.000000	146	52	0.864	0.271
15510.000000	146	52	0.856	0.278
15516.000000	146	52	0.846	0.284
15522.000000	146	52	0.834	0.287
15528.000000	146	52	0.821	0.289
15534.000000	146	52	0.806	0.291
15540.000000	146	52	0.790	0.292
15546.000000	146	52	0.769	0.292
15552.000000	146	52	0.739	0.292
15558.000000	146	52	0.698	0.291
15564.000000	146	52	0.636	0.288
15570.000000	146	52	0.545	0.288
15576.000000	146	52	0.409	0.287
15582.000000	106	68	0.302	0.288
15588.000000	106	68	0.324	0.315
15594.000000	68	106	0.352	0.347
15600.000000	68	106	0.406	0.383
15606.000000	68	106	0.459	0.425
15612.000000	68	106	0.498	0.469
15618.000000	68	106	0.534	0.504
15624.000000	68	106	0.557	0.540
15630.000000	68	106	0.583	0.566
15636.000000	68	106	0.604	0.583
15642.000000	68	106	0.619	0.603
15648.000000	68	106	0.633	0.620
15654.000000	68	106	0.645	0.633
15660.000000	68	106	0.654	0.643
15666.000000	68	106	0.663	0.659
15672.000000	106	68	0.671	0.670
15678.000000	68	106	0.678	0.677
15684.000000	106	68	0.687	0.684
15690.000000	106	68	0.706	0.692
15696.000000	106	68	0.717	0.696
15702.000000	106	68	0.730	0.701
15708.000000	106	68	0.736	0.704
15714.000000	106	68	0.742	0.707
15720.000000	106	68	0.742	0.713
15726.000000	106	68	0.744	0.719
15732.000000	106	68	0.744	0.725
15738.000000	106	68	0.744	0.729
15744.000000	106	68	0.742	0.730
15750.000000	106	68	0.741	0.731
15756.000000	106	68	0.735	0.732
15762.000000	106	68	0.731	0.729
15768.000000	68	106	0.728	0.722
15774.000000	68	106	0.726	0.713
15780.000000	68	106	0.727	0.702
15786.000000	68	106	0.722	0.690
15792.000000	68	106	0.718	0.672
15798.000000	68	106	0.712	0.654
15804.000000	68	106	0.702	0.637
15810.000000	68	106	0.692	0.611
15816.000000	68	106	0.674	0.578
15822.000000	68	106	0.654	0.537
15828.000000	68	106	0.632	0.468
15834.000000	68	106	0.615	0.360
15840.000000	68	106	0.602	0.218
15846.000000	68	9	0.586	0.139
15852.000000	68	9	0.557	0.150
15858.000000	68	9	0.504	0.168
15864.000000	68	9	0.433	0.194
15870.000000	68	9	0.341	0.234
15876.000000	9	68	0.295	0.234
15882.000000	9	172	0.383	0.196
15888.000000	9	172	0.487	0.227
15894.000000	9	172	0.580	0.269
15900.000000	9	172	0.645	0.312
15906.000000	9	172	0.696	0.353
15912.000000	9	172	0.730	0.393
15918.000000	9	172	0.744	0.430
15924.000000	9	172	0.754	0.460
15930.000000	9	172	0.756	0.479
15936.000000	9	172	0.757	0.490
15942.000000	9	172	0.760	0.498
15948.000000	9	172	0.763	0.505
15954.000000	9	172	0.768	0.509
15960.000000	9	172	0.775	0.511
15966.000000	9	172	0.778	0.512
15972.000000	9	172	0.785	0.512
15978.000000	9	172	0.791	0.516
15984.000000	9	172	0.795	0.520
15990.000000	9	172	0.796	0.526
15996.000000	9	172	0.797	0.530
16002.000000	9	172	0.800	0.529
16008.000000	9	172	0.799	0.528
16014.000000	9	172	0.799	0.528
16020.000000	9	172	0.799	0.526
16026.000000	9	172	0.796	0.527
16032.000000	9	172	0.796	0.524
16038.000000	9	172	0.798	0.515
16044.000000	9	172	0.803	0.502
16050.000000	9	172	0.812	0.483
16056.000000	9	172	0.816	0.463
16062.000000	9	172	0.823	0.437
16068.000000	9	172	0.826	0.404
16074.000000	9	172	0.831	0.359
16080.000000	9	172	0.838	0.298
16086.000000	9	167	0.848	0.272
16092.000000	9	167	0.856	0.273
16098.000000	9	167	0.868	0.272
16104.000000	9	167	0.871	0.268
16110.000000	9	167	0.871	0.264
16116.000000	9	167	0.871	0.259
16122.000000	9	167	0.869	0.256
16128.000000	9	167	0.867	0.252
16134.000000	9	167	0.862	0.246
16140.000000	9	167	0.854	0.238
16146.000000	9	167	0.844	0.231
16152.000000	9	167	0.832	0.223
16158.000000	9	167	0.818	0.214
16164.000000	9	167	0.802	0.202
16170.000000	9	167	0.777	0.187
16176.000000	9	167	0.745	0.167
16182.000000	9	87	0.706	0.143
16188.000000	9	87	0.659	0.152
16194.000000	9	87	0.592	0.162
16200.000000	9	87	0.499	0.177
16206.000000	9	87	0.363	0.194
16212.000000	87	9	0.211	0.174
16218.000000	87	157	0.235	0.171
16224.000000	87	157	0.268	0.198
16230.000000	87	157	0.317	0.231
16236.000000	87	157	0.375	0.271
16242.000000	87	157	0.428	0.314
16248.000000	87	157	0.466	0.364
16254.000000	87	157	0.498	0.412
16260.000000	87	157	0.523	0.441
16266.000000	87	157	0.544	0.462
16272.000000	87	157	0.557	0.482
16278.000000	87	157	0.565	0.501
16284.000000	87	157	0.581	0.516
16290.000000	87	157	0.595	0.528
16296.000000	87	157	0.606	0.535
16302.000000	87	157	0.615	0.544
16308.000000	87	157	0.619	0.555
16314.000000	87	157	0.624	0.568
16320.000000	87	157	0.635	0.575
16326.000000	87	157	0.641	0.583
16332.000000	87	157	0.642	0.595
16338.000000	87	157	0.646	0.606
16344.000000	87	157	0.649	0.615
16350.000000	87	157	0.653	0.623
16356.000000	87	157	0.661	0.628
16362.000000	87	157	0.670	0.634
16368.000000	87	157	0.680	0.639
16374.000000	87	157	0.683	0.653
16380.000000	87	157	0.688	0.663
16386.000000	87	157	0.691	0.666
16392.000000	87	157	0.693	0.671
16398.000000	87	157	0.693	0.673
16404.000000	87	157	0.695	0.666
16410.000000	87	157	0.699	0.653
16416.000000	87	157	0.695	0.644
16422.000000	87	157	0.686	0.632
16428.000000	87	157	0.673	0.616
16434.000000	87	157	0.657	0.606
16440.000000	87	157	0.642	0.595
16446.000000	87	157	0.621	0.583
16452.000000	87	157	0.588	0.572
16458.000000	157	87	0.555	0.548
16464.000000	157	87	0.534	0.501
16470.000000	157	95	0.514	0.488
16476.000000	95	157	0.491	0.486
16482.000000	95	157	0.505	0.451
16488.000000	95	157	0.520	0.402
16494.000000	95	157	0.546	0.344
16500.000000	95	157	0.563	0.292
16506.000000	95	157	0.572	0.239
16512.000000	95	157	0.574	0.188
16518.000000	95	98	0.574	0.197
16524.000000	95	98	0.573	0.223
16530.000000	95	98	0.574	0.255
16536.000000	95	98	0.571	0.289
16542.000000	95	98	0.564	0.324
16548.000000	95	98	0.550	0.358
16554.000000	95	98	0.532	0.386
16560.000000	95	98	0.512	0.411
16566.000000	95	98	0.487	0.434
16572.000000	95	98	0.457	0.455
16578.000000	98	95	0.474	0.421
16584.000000	98	24	0.495	0.405
16590.000000	98	24	0.510	0.428
16596.000000	98	24	0.523	0.454
16602.000000	98	24	0.545	0.477
16608.000000	98	24	0.575	0.502
16614.000000	98	24	0.602	0.532
16620.000000	98	24	0.621	0.568
16626.000000	98	24	0.637	0.600
16632.000000	98	24	0.658	0.628
16638.000000	98	24	0.679	0.644
16644.000000	98	24	0.703	0.654
16650.000000	98	24	0.720	0.665
16656.000000	98	24	0.734	0.677
16662.000000	98	24	0.743	0.685
16668.000000	98	24	0.747	0.700
16674.000000	98	24	0.748	0.710
16680.000000	98	24	0.751	0.719
16686.000000	98	24	0.751	0.725
16692.000000	98	24	0.749	0.729
16698.000000	98	24	0.748	0.733
16704.000000	98	24	0.749	0.737
16710.000000	98	24	0.750	0.738
16716.000000	98	24	0.747	0.743
16722.000000	98	24	0.749	0.748
16728.000000	98	24	0.756	0.748
16734.000000	98	24	0.756	0.748
16740.000000	24	98	0.752	0.746
16746.000000	24	98	0.756	0.732
16752.000000	24	98	0.757	0.717
16758.000000	24	98	0.760	0.701
16764.000000	24	98	0.759	0.685
16770.000000	24	98	0.759	0.661
16776.000000	24	98	0.762	0.627
16782.000000	24	98	0.762	0.581
16788.000000	24	98	0.761	0.518
16794.000000	24	98	0.767	0.422
16800.000000	24	98	0.785	0.290
16806.000000	24	98	0.808	0.141
16812.000000	24	161	0.835	0.087
16818.000000	24	161	0.855	0.083
16824.000000	24	161	0.868	0.088
16830.000000	24	161	0.873	0.096
16836.000000	24	161	0.875	0.104
16842.000000	24	161	0.876	0.110
16848.000000	24	73	0.878	0.115
16854.000000	24	73	0.880	0.130
16860.000000	24	73	0.879	0.146
16866.000000	24	73	0.876	0.160
16872.000000	24	73	0.870	0.174
16878.000000	24	73	0.862	0.187
16884.000000	24	73	0.851	0.201
16890.000000	24	73	0.837	0.217
16896.000000	24	73	0.818	0.235
16902.000000	24	73	0.792	0.254
16908.000000	24	73	0.758	0.273
16914.000000	24	73	0.711	0.296
16920.000000	24	73	0.644	0.326
16926.000000	24	73	0.550	0.353
16932.000000	24	73	0.415	0.388
16938.000000	73	24	0.438	0.258
16944.000000	73	10	0.496	0.184
16950.000000	73	10	0.561	0.182
16956.000000	73	10	0.636	0.182
16962.000000	73	118	0.697	0.191
16968.000000	73	118	0.740	0.203
16974.000000	73	118	0.762	0.212
16980.000000	73	118	0.785	0.220
16986.000000	73	118	0.800	0.230
16992.000000	73	118	0.815	0.241
16998.000000	73	118	0.828	0.251
17004.000000	73	118	0.839	0.260
17010.000000	73	118	0.844	0.268
17016.000000	73	118	0.849	0.274
17022.000000	73	118	0.855	0.278
17028.000000	73	118	0.864	0.281
17034.000000	73	118	0.870	0.284
17040.000000	73	118	0.874	0.286
17046.000000	73	118	0.879	0.285
17052.000000	73	118	0.883	0.278
17058.000000	73	118	0.890	0.266
17064.000000	73	118	0.892	0.257
17070.000000	73	118	0.898	0.244
17076.000000	73	118	0.908	0.226
17082.000000	73	38	0.912	0.212
17088.000000	73	38	0.912	0.217
17094.000000	73	38	0.912	0.222
17100.000000	73	38	0.912	0.225
17106.000000	73	38	0.912	0.225
17112.000000	73	38	0.912	0.224
17118.000000	73	38	0.912	0.222
17124.000000	73	38	0.912	0.219
17130.000000	73	38	0.915	0.213
17136.000000	73	38	0.916	0.203
17142.000000	73	38	0.916	0.191
17148.000000	73	38	0.918	0.177
17154.000000	73	38	0.919	0.161
17160.000000	73	38	0.922	0.142
17166.000000	73	38	0.922	0.121
17172.000000	73	78	0.921	0.107
17178.000000	73	78	0.920	0.100
17184.000000	73	78	0.918	0.093
17190.000000	73	78	0.916	0.085
17196.000000	73	78	0.914	0.074
17202.000000	73	32	0.912	0.072
17208.000000	73	32	0.908	0.072
17214.000000	73	32	0.904	0.073
17220.000000	73	32	0.900	0.073
17226.000000	73	32	0.896	0.072
17232.000000	73	32	0.890	0.071
17238.000000	73	32	0.883	0.069
17244.000000	73	32	0.873	0.067
17250.000000	73	32	0.860	0.064
17256.000000	73	71	0.842	0.062
17262.000000	73	71	0.818	0.063
17268.000000	73	71	0.784	0.066
17274.000000	73	146	0.735	0.068
17280.000000	73	146	0.657	0.074
17286.000000	73	146	0.524	0.080
17292.000000	73	146	0.287	0.082
17298.000000	146	155	0.077	0.058
17304.000000	146	155	0.074	0.057
17310.000000	146	155	0.074	0.056
17316.000000	146	155	0.072	0.055
17322.000000	146	155	0.072	0.055
17328.000000	146	155	0.071	0.053
17334.000000	146	155	0.071	0.050
17340.000000	146	155	0.070	0.045
17346.000000	146	155	0.067	0.039
17352.000000	146	155	0.064	0.032
17358.000000	146	184	0.060	0.027
17364.000000	146	184	0.056	0.024
17370.000000	146	184	0.049	0.019
17376.000000	146	8	0.042	0.015
17382.000000	146	8	0.032	0.012
17388.000000	146	8	0.022	0.008
17394.000000	146	13	0.013	0.005
17400.000000	146	121	0.005	0.004
