0.000000	119	165	0.000	0.000
6.000000	49	151	0.986	0.056
12.000000	49	151	0.985	0.059
18.000000	49	151	0.984	0.063
24.000000	49	151	0.982	0.067
30.000000	49	183	0.980	0.071
36.000000	49	183	0.977	0.085
42.000000	49	183	0.973	0.103
48.000000	49	183	0.969	0.124
54.000000	49	183	0.964	0.151
60.000000	49	183	0.959	0.185
66.000000	49	183	0.954	0.225
72.000000	49	183	0.949	0.274
78.000000	49	183	0.944	0.323
84.000000	49	183	0.939	0.362
90.000000	49	183	0.935	0.394
96.000000	49	183	0.931	0.422
102.000000	49	183	0.928	0.444
108.000000	49	183	0.925	0.460
114.000000	49	183	0.923	0.472
120.000000	49	183	0.921	0.481
126.000000	49	183	0.920	0.488
132.000000	49	183	0.919	0.492
138.000000	49	183	0.918	0.493
144.000000	49	183	0.917	0.495
150.000000	49	183	0.916	0.501
156.000000	49	183	0.915	0.508
162.000000	49	183	0.914	0.519
168.000000	49	183	0.914	0.524
174.000000	49	183	0.914	0.536
180.000000	49	183	0.914	0.549
186.000000	49	183	0.913	0.565
192.000000	49	183	0.912	0.587
198.000000	49	183	0.910	0.616
204.000000	49	183	0.907	0.643
210.000000	49	183	0.904	0.665
216.000000	49	183	0.901	0.688
222.000000	49	183	0.895	0.711
228.000000	49	183	0.887	0.731
234.000000	49	183	0.879	0.743
240.000000	49	183	0.872	0.752
246.000000	49	183	0.863	0.758
252.000000	49	183	0.855	0.762
258.000000	49	183	0.844	0.763
264.000000	49	183	0.830	0.767
270.000000	49	183	0.810	0.773
276.000000	183	49	0.784	0.779
282.000000	183	49	0.785	0.748
288.000000	183	49	0.792	0.699
294.000000	183	49	0.810	0.617
300.000000	183	49	0.827	0.491
306.000000	183	49	0.870	0.291
312.000000	183	37	0.915	0.095
318.000000	183	37	0.939	0.099
324.000000	183	37	0.941	0.104
330.000000	183	130	0.940	0.109
336.000000	183	170	0.936	0.121
342.000000	183	170	0.930	0.135
348.000000	183	170	0.923	0.146
354.000000	183	170	0.915	0.155
360.000000	183	170	0.906	0.163
366.000000	183	170	0.896	0.171
372.000000	183	170	0.886	0.182
378.000000	183	170	0.872	0.197
384.000000	183	170	0.858	0.212
390.000000	183	170	0.841	0.224
396.000000	183	170	0.823	0.234
402.000000	183	170	0.804	0.245
408.000000	183	170	0.783	0.256
414.000000	183	170	0.760	0.269
420.000000	183	170	0.731	0.282
426.000000	183	170	0.694	0.299
432.000000	183	170	0.652	0.319
438.000000	183	170	0.602	0.333
444.000000	183	170	0.543	0.357
450.000000	183	170	0.468	0.385
456.000000	170	183	0.429	0.369
462.000000	170	183	0.483	0.240
468.000000	170	124	0.536	0.229
474.000000	170	124	0.594	0.234
480.000000	170	124	0.654	0.238
486.000000	170	124	0.695	0.246
492.000000	170	124	0.713	0.257
498.000000	170	124	0.724	0.262
504.000000	170	124	0.739	0.261
510.000000	170	124	0.751	0.259
516.000000	170	124	0.754	0.256
522.000000	170	124	0.754	0.248
528.000000	170	51	0.753	0.238
534.000000	170	51	0.754	0.245
540.000000	170	51	0.758	0.246
546.000000	170	185	0.760	0.252
552.000000	170	185	0.763	0.260
558.000000	170	185	0.768	0.267
564.000000	170	185	0.775	0.279
570.000000	170	185	0.787	0.291
576.000000	170	185	0.790	0.300
582.000000	170	185	0.791	0.310
588.000000	170	185	0.793	0.318
594.000000	170	185	0.804	0.324
600.000000	170	185	0.816	0.334
606.000000	170	185	0.828	0.345
612.000000	170	185	0.833	0.356
618.000000	170	185	0.838	0.364
624.000000	170	185	0.846	0.372
630.000000	170	185	0.849	0.380
636.000000	170	185	0.855	0.383
642.000000	170	185	0.864	0.377
648.000000	170	185	0.873	0.368
654.000000	170	185	0.876	0.360
660.000000	170	185	0.876	0.352
666.000000	170	185	0.878	0.340
672.000000	170	185	0.875	0.329
678.000000	170	185	0.871	0.321
684.000000	170	185	0.867	0.314
690.000000	170	185	0.864	0.299
696.000000	170	185	0.860	0.280
702.000000	170	185	0.853	0.259
708.000000	170	185	0.845	0.239
714.000000	170	185	0.836	0.217
720.000000	170	185	0.825	0.195
726.000000	170	66	0.814	0.187
732.000000	170	66	0.802	0.202
738.000000	170	66	0.784	0.220
744.000000	170	66	0.759	0.239
750.000000	170	66	0.723	0.259
756.000000	170	66	0.674	0.288
762.000000	170	66	0.609	0.319
768.000000	170	66	0.518	0.354
774.000000	170	66	0.395	0.394
780.000000	66	170	0.444	0.239
786.000000	66	118	0.494	0.191
792.000000	66	118	0.548	0.208
798.000000	66	118	0.592	0.220
804.000000	66	118	0.625	0.226
810.000000	66	118	0.651	0.234
816.000000	66	118	0.660	0.242
822.000000	66	118	0.668	0.253
828.000000	66	118	0.675	0.258
834.000000	66	118	0.684	0.262
840.000000	66	118	0.690	0.266
846.000000	66	118	0.698	0.274
852.000000	66	118	0.701	0.281
858.000000	66	118	0.701	0.289
864.000000	66	118	0.709	0.299
870.000000	66	118	0.717	0.305
876.000000	66	118	0.737	0.299
882.000000	66	118	0.762	0.296
888.000000	66	118	0.773	0.293
894.000000	66	118	0.788	0.290
900.000000	66	118	0.807	0.292
906.000000	66	118	0.817	0.292
912.000000	66	118	0.821	0.292
918.000000	66	118	0.829	0.292
924.000000	66	118	0.837	0.290
930.000000	66	118	0.848	0.288
936.000000	66	118	0.854	0.287
942.000000	66	118	0.857	0.282
948.000000	66	118	0.862	0.275
954.000000	66	118	0.868	0.266
960.000000	66	118	0.879	0.249
966.000000	66	118	0.882	0.232
972.000000	66	117	0.882	0.226
978.000000	66	117	0.881	0.244
984.000000	66	117	0.881	0.264
990.000000	66	117	0.881	0.287
996.000000	66	117	0.880	0.319
1002.000000	66	117	0.877	0.358
1008.000000	66	117	0.874	0.391
1014.000000	66	117	0.870	0.422
1020.000000	66	117	0.860	0.453
1026.000000	66	117	0.846	0.488
1032.000000	66	117	0.832	0.513
1038.000000	66	117	0.814	0.537
1044.000000	66	117	0.796	0.558
1050.000000	66	117	0.771	0.584
1056.000000	66	117	0.747	0.606
1062.000000	66	117	0.719	0.630
1068.000000	66	117	0.683	0.654
1074.000000	117	66	0.672	0.626
1080.000000	117	66	0.696	0.534
1086.000000	117	150	0.731	0.478
1092.000000	117	150	0.779	0.511
1098.000000	117	150	0.822	0.555
1104.000000	117	150	0.851	0.598
1110.000000	117	150	0.858	0.627
1116.000000	117	150	0.856	0.649
1122.000000	117	150	0.857	0.669
1128.000000	117	150	0.855	0.685
1134.000000	117	150	0.854	0.691
1140.000000	117	150	0.852	0.693
1146.000000	117	150	0.850	0.693
1152.000000	117	150	0.846	0.693
1158.000000	117	150	0.842	0.692
1164.000000	117	150	0.839	0.689
1170.000000	117	150	0.836	0.684
1176.000000	117	150	0.833	0.679
1182.000000	117	150	0.832	0.672
1188.000000	117	150	0.830	0.667
1194.000000	117	150	0.825	0.658
1200.000000	117	150	0.824	0.644
1206.000000	117	150	0.820	0.631
1212.000000	117	150	0.818	0.615
1218.000000	117	150	0.814	0.595
1224.000000	117	150	0.813	0.570
1230.000000	117	150	0.810	0.539
1236.000000	117	150	0.808	0.497
1242.000000	117	150	0.807	0.440
1248.000000	117	150	0.808	0.367
1254.000000	117	150	0.811	0.280
1260.000000	117	150	0.814	0.190
1266.000000	117	29	0.820	0.104
1272.000000	117	74	0.822	0.102
1278.000000	117	128	0.821	0.104
1284.000000	117	128	0.818	0.111
1290.000000	117	128	0.815	0.116
1296.000000	117	128	0.812	0.119
1302.000000	117	128	0.805	0.123
1308.000000	117	128	0.796	0.127
1314.000000	117	198	0.784	0.133
1320.000000	117	198	0.769	0.142
1326.000000	117	198	0.751	0.153
1332.000000	117	198	0.726	0.165
1338.000000	117	198	0.693	0.177
1344.000000	117	198	0.646	0.188
1350.000000	117	198	0.577	0.200
1356.000000	117	198	0.468	0.214
1362.000000	117	198	0.312	0.233
1368.000000	198	128	0.255	0.200
1374.000000	198	160	0.278	0.219
1380.000000	198	160	0.306	0.243
1386.000000	198	160	0.333	0.270
1392.000000	198	160	0.360	0.297
1398.000000	198	160	0.389	0.322
1404.000000	198	160	0.419	0.346
1410.000000	198	160	0.436	0.360
1416.000000	198	160	0.445	0.369
1422.000000	198	160	0.450	0.380
1428.000000	198	160	0.455	0.393
1434.000000	198	160	0.459	0.404
1440.000000	198	160	0.461	0.413
1446.000000	198	160	0.460	0.414
1452.000000	198	160	0.456	0.415
1458.000000	198	160	0.451	0.420
1464.000000	198	160	0.447	0.425
1470.000000	198	160	0.448	0.425
1476.000000	198	160	0.446	0.423
1482.000000	198	160	0.440	0.422
1488.000000	198	160	0.438	0.419
1494.000000	198	160	0.436	0.414
1500.000000	198	160	0.427	0.416
1506.000000	160	198	0.426	0.419
1512.000000	160	198	0.442	0.404
1518.000000	160	198	0.453	0.385
1524.000000	160	198	0.464	0.357
1530.000000	160	198	0.475	0.327
1536.000000	160	198	0.496	0.292
1542.000000	160	198	0.503	0.256
1548.000000	160	192	0.516	0.227
1554.000000	160	192	0.533	0.234
1560.000000	160	192	0.553	0.239
1566.000000	160	192	0.573	0.241
1572.000000	160	192	0.600	0.243
1578.000000	160	192	0.621	0.245
1584.000000	160	192	0.641	0.248
1590.000000	160	192	0.665	0.251
1596.000000	160	192	0.684	0.261
1602.000000	160	192	0.700	0.271
1608.000000	160	192	0.714	0.276
1614.000000	160	192	0.724	0.282
1620.000000	160	192	0.731	0.290
1626.000000	160	192	0.735	0.300
1632.000000	160	192	0.739	0.306
1638.000000	160	192	0.745	0.308
1644.000000	160	1	0.755	0.315
1650.000000	160	1	0.762	0.334
1656.000000	160	1	0.760	0.352
1662.000000	160	1	0.754	0.369
1668.000000	160	1	0.749	0.385
1674.000000	160	1	0.747	0.398
1680.000000	160	1	0.745	0.413
1686.000000	160	1	0.741	0.432
1692.000000	160	1	0.741	0.458
1698.000000	160	1	0.743	0.483
1704.000000	160	1	0.739	0.507
1710.000000	160	1	0.733	0.534
1716.000000	160	1	0.727	0.554
1722.000000	160	1	0.713	0.577
1728.000000	160	1	0.699	0.598
1734.000000	160	1	0.682	0.631
1740.000000	1	160	0.661	0.658
1746.000000	1	160	0.680	0.627
1752.000000	1	160	0.704	0.586
1758.000000	1	160	0.731	0.530
1764.000000	1	160	0.765	0.454
1770.000000	1	160	0.808	0.347
1776.000000	1	160	0.853	0.226
1782.000000	1	163	0.877	0.176
1788.000000	1	163	0.892	0.176
1794.000000	1	163	0.902	0.174
1800.000000	1	163	0.912	0.174
1806.000000	1	163	0.929	0.170
1812.000000	1	163	0.931	0.168
1818.000000	1	163	0.930	0.163
1824.000000	1	183	0.928	0.166
1830.000000	1	183	0.930	0.167
1836.000000	1	183	0.929	0.166
1842.000000	1	149	0.927	0.175
1848.000000	1	149	0.925	0.184
1854.000000	1	149	0.923	0.192
1860.000000	1	149	0.921	0.202
1866.000000	1	149	0.918	0.212
1872.000000	1	149	0.915	0.223
1878.000000	1	149	0.911	0.234
1884.000000	1	149	0.906	0.247
1890.000000	1	149	0.901	0.263
1896.000000	1	149	0.895	0.282
1902.000000	1	149	0.889	0.303
1908.000000	1	149	0.882	0.325
1914.000000	1	149	0.874	0.342
1920.000000	1	149	0.865	0.356
1926.000000	1	149	0.852	0.379
1932.000000	1	149	0.835	0.415
1938.000000	1	149	0.816	0.453
1944.000000	1	149	0.796	0.486
1950.000000	1	149	0.771	0.513
1956.000000	1	149	0.742	0.539
1962.000000	1	149	0.701	0.574
1968.000000	1	149	0.644	0.615
1974.000000	149	1	0.650	0.560
1980.000000	149	1	0.697	0.435
1986.000000	149	1	0.751	0.258
1992.000000	149	131	0.837	0.224
1998.000000	149	131	0.901	0.217
2004.000000	149	131	0.915	0.210
2010.000000	149	131	0.918	0.203
2016.000000	149	131	0.916	0.194
2022.000000	149	131	0.916	0.186
2028.000000	149	131	0.915	0.179
2034.000000	149	131	0.917	0.165
2040.000000	149	15	0.913	0.147
2046.000000	149	15	0.910	0.154
2052.000000	149	15	0.905	0.160
2058.000000	149	15	0.903	0.165
2064.000000	149	15	0.902	0.171
2070.000000	149	15	0.901	0.177
2076.000000	149	15	0.897	0.181
2082.000000	149	15	0.891	0.183
2088.000000	149	15	0.885	0.184
2094.000000	149	15	0.877	0.186
2100.000000	149	15	0.870	0.188
2106.000000	149	15	0.863	0.191
2112.000000	149	15	0.856	0.193
2118.000000	149	15	0.848	0.194
2124.000000	149	15	0.840	0.196
2130.000000	149	15	0.831	0.196
2136.000000	149	15	0.819	0.196
2142.000000	149	15	0.807	0.198
2148.000000	149	15	0.792	0.196
2154.000000	149	15	0.775	0.195
2160.000000	149	15	0.755	0.193
2166.000000	149	15	0.729	0.189
2172.000000	149	147	0.699	0.186
2178.000000	149	147	0.666	0.185
2184.000000	149	147	0.625	0.180
2190.000000	149	189	0.567	0.184
2196.000000	149	189	0.487	0.188
2202.000000	149	189	0.378	0.194
2208.000000	149	189	0.245	0.202
2214.000000	189	147	0.211	0.178
2220.000000	189	51	0.222	0.191
2226.000000	189	51	0.234	0.213
2232.000000	189	51	0.247	0.234
2238.000000	189	51	0.261	0.246
2244.000000	189	51	0.275	0.255
2250.000000	189	51	0.283	0.265
2256.000000	189	51	0.283	0.274
2262.000000	51	189	0.287	0.284
2268.000000	51	189	0.298	0.287
2274.000000	51	189	0.310	0.290
2280.000000	51	189	0.316	0.289
2286.000000	51	72	0.317	0.294
2292.000000	51	72	0.317	0.297
2298.000000	51	72	0.316	0.302
2304.000000	51	72	0.314	0.308
2310.000000	72	51	0.318	0.314
2316.000000	72	51	0.325	0.312
2322.000000	72	51	0.326	0.311
2328.000000	72	51	0.328	0.310
2334.000000	72	51	0.333	0.309
2340.000000	72	51	0.335	0.306
2346.000000	72	51	0.333	0.305
2352.000000	72	51	0.330	0.302
2358.000000	72	51	0.324	0.296
2364.000000	72	29	0.321	0.297
2370.000000	72	29	0.321	0.310
2376.000000	29	72	0.324	0.321
2382.000000	29	148	0.336	0.325
2388.000000	29	148	0.349	0.341
2394.000000	29	148	0.361	0.349
2400.000000	29	148	0.372	0.356
2406.000000	29	148	0.381	0.357
2412.000000	29	148	0.387	0.358
2418.000000	29	72	0.398	0.362
2424.000000	29	72	0.409	0.362
2430.000000	29	72	0.421	0.353
2436.000000	29	148	0.434	0.354
2442.000000	29	148	0.445	0.356
2448.000000	29	148	0.453	0.359
2454.000000	29	148	0.464	0.362
2460.000000	29	148	0.474	0.364
2466.000000	29	148	0.487	0.370
2472.000000	29	148	0.504	0.372
2478.000000	29	148	0.522	0.369
2484.000000	29	148	0.543	0.365
2490.000000	29	148	0.567	0.363
2496.000000	29	148	0.596	0.361
2502.000000	29	148	0.627	0.352
2508.000000	29	148	0.649	0.336
2514.000000	29	148	0.663	0.318
2520.000000	29	148	0.680	0.299
2526.000000	29	148	0.695	0.280
2532.000000	29	148	0.703	0.258
2538.000000	29	148	0.714	0.234
2544.000000	29	148	0.723	0.209
2550.000000	29	108	0.723	0.224
2556.000000	29	108	0.725	0.236
2562.000000	29	108	0.733	0.244
2568.000000	29	108	0.740	0.255
2574.000000	29	108	0.747	0.269
2580.000000	29	108	0.755	0.295
2586.000000	29	108	0.758	0.320
2592.000000	29	108	0.759	0.339
2598.000000	29	108	0.762	0.357
2604.000000	29	108	0.768	0.373
2610.000000	29	108	0.767	0.390
2616.000000	29	108	0.764	0.407
2622.000000	29	108	0.764	0.423
2628.000000	29	108	0.760	0.436
2634.000000	29	108	0.754	0.447
2640.000000	29	108	0.744	0.458
2646.000000	29	108	0.734	0.472
2652.000000	29	108	0.721	0.482
2658.000000	29	108	0.709	0.495
2664.000000	29	108	0.693	0.509
2670.000000	29	108	0.666	0.527
2676.000000	29	108	0.633	0.544
2682.000000	29	108	0.595	0.557
2688.000000	108	29	0.569	0.548
2694.000000	108	29	0.586	0.481
2700.000000	108	29	0.617	0.385
2706.000000	108	29	0.652	0.269
2712.000000	108	184	0.701	0.275
2718.000000	108	184	0.750	0.295
2724.000000	108	184	0.794	0.321
2730.000000	108	184	0.814	0.358
2736.000000	108	184	0.829	0.393
2742.000000	108	184	0.848	0.425
2748.000000	108	184	0.858	0.453
2754.000000	108	184	0.861	0.476
2760.000000	108	184	0.859	0.498
2766.000000	108	184	0.857	0.520
2772.000000	108	184	0.856	0.538
2778.000000	108	184	0.856	0.551
2784.000000	108	184	0.853	0.563
2790.000000	108	184	0.852	0.576
2796.000000	108	184	0.851	0.590
2802.000000	108	184	0.852	0.603
2808.000000	108	184	0.845	0.625
2814.000000	108	184	0.838	0.650
2820.000000	108	184	0.834	0.665
2826.000000	108	184	0.829	0.675
2832.000000	108	184	0.824	0.689
2838.000000	108	184	0.818	0.698
2844.000000	108	184	0.812	0.715
2850.000000	108	184	0.803	0.730
2856.000000	108	184	0.794	0.741
2862.000000	108	184	0.783	0.757
2868.000000	108	184	0.770	0.768
2874.000000	184	108	0.771	0.756
2880.000000	184	108	0.776	0.737
2886.000000	184	108	0.778	0.713
2892.000000	184	108	0.784	0.676
2898.000000	184	108	0.791	0.624
2904.000000	184	108	0.804	0.545
2910.000000	184	108	0.825	0.433
2916.000000	184	108	0.858	0.271
2922.000000	184	108	0.899	0.095
2928.000000	184	149	0.924	0.066
2934.000000	184	149	0.939	0.067
2940.000000	184	22	0.942	0.070
2946.000000	184	22	0.943	0.071
2952.000000	184	64	0.943	0.079
2958.000000	184	64	0.942	0.087
2964.000000	184	14	0.941	0.097
2970.000000	184	14	0.939	0.113
2976.000000	184	14	0.936	0.132
2982.000000	184	14	0.931	0.154
2988.000000	184	14	0.926	0.179
2994.000000	184	14	0.919	0.202
3000.000000	184	14	0.911	0.222
3006.000000	184	14	0.902	0.240
3012.000000	184	14	0.891	0.259
3018.000000	184	14	0.880	0.278
3024.000000	184	14	0.868	0.296
3030.000000	184	14	0.853	0.313
3036.000000	184	14	0.836	0.333
3042.000000	184	14	0.816	0.354
3048.000000	184	14	0.792	0.371
3054.000000	184	14	0.762	0.388
3060.000000	184	14	0.723	0.402
3066.000000	184	14	0.672	0.415
3072.000000	184	14	0.599	0.435
3078.000000	184	14	0.495	0.463
3084.000000	14	184	0.486	0.365
3090.000000	14	9	0.517	0.228
3096.000000	14	9	0.554	0.223
3102.000000	14	9	0.630	0.220
3108.000000	14	9	0.707	0.209
3114.000000	14	9	0.747	0.195
3120.000000	14	18	0.768	0.190
3126.000000	14	18	0.780	0.193
3132.000000	14	18	0.785	0.193
3138.000000	14	118	0.798	0.197
3144.000000	14	118	0.810	0.204
3150.000000	14	118	0.825	0.206
3156.000000	14	118	0.839	0.204
3162.000000	14	118	0.848	0.201
3168.000000	14	118	0.854	0.198
3174.000000	14	118	0.859	0.196
3180.000000	14	118	0.867	0.192
3186.000000	14	118	0.874	0.186
3192.000000	14	118	0.873	0.184
3198.000000	14	118	0.872	0.185
3204.000000	14	118	0.875	0.182
3210.000000	14	118	0.885	0.176
3216.000000	14	118	0.892	0.172
3222.000000	14	118	0.900	0.165
3228.000000	14	118	0.901	0.156
3234.000000	14	37	0.898	0.160
3240.000000	14	123	0.895	0.169
3246.000000	14	123	0.891	0.180
3252.000000	14	123	0.886	0.190
3258.000000	14	123	0.881	0.200
3264.000000	14	123	0.874	0.213
3270.000000	14	123	0.863	0.230
3276.000000	14	123	0.852	0.244
3282.000000	14	123	0.840	0.259
3288.000000	14	123	0.826	0.277
3294.000000	14	123	0.806	0.294
3300.000000	14	123	0.781	0.318
3306.000000	14	123	0.750	0.342
3312.000000	14	123	0.713	0.362
3318.000000	14	123	0.666	0.385
3324.000000	14	123	0.605	0.411
3330.000000	14	123	0.524	0.454
3336.000000	123	14	0.497	0.410
3342.000000	123	14	0.550	0.273
3348.000000	123	40	0.607	0.157
3354.000000	123	40	0.667	0.152
3360.000000	123	40	0.716	0.144
3366.000000	123	151	0.754	0.148
3372.000000	123	151	0.785	0.166
3378.000000	123	151	0.805	0.177
3384.000000	123	151	0.824	0.188
3390.000000	123	151	0.831	0.202
3396.000000	123	151	0.833	0.220
3402.000000	123	151	0.834	0.242
3408.000000	123	151	0.837	0.263
3414.000000	123	151	0.839	0.281
3420.000000	123	151	0.841	0.296
3426.000000	123	151	0.841	0.319
3432.000000	123	151	0.840	0.340
3438.000000	123	151	0.846	0.355
3444.000000	123	151	0.845	0.367
3450.000000	123	151	0.847	0.383
3456.000000	123	151	0.845	0.405
3462.000000	123	151	0.841	0.430
3468.000000	123	151	0.841	0.453
3474.000000	123	151	0.843	0.478
3480.000000	123	151	0.842	0.502
3486.000000	123	151	0.842	0.521
3492.000000	123	151	0.845	0.544
3498.000000	123	151	0.843	0.578
3504.000000	123	151	0.842	0.606
3510.000000	123	151	0.840	0.628
3516.000000	123	151	0.838	0.644
3522.000000	123	151	0.835	0.658
3528.000000	123	151	0.831	0.671
3534.000000	123	151	0.825	0.691
3540.000000	123	151	0.818	0.706
3546.000000	123	151	0.807	0.716
3552.000000	123	151	0.797	0.721
3558.000000	123	151	0.785	0.727
3564.000000	123	151	0.768	0.735
3570.000000	123	151	0.748	0.741
3576.000000	151	123	0.747	0.720
3582.000000	151	123	0.752	0.683
3588.000000	151	123	0.771	0.618
3594.000000	151	123	0.796	0.520
3600.000000	151	123	0.825	0.374
3606.000000	151	49	0.868	0.258
3612.000000	151	49	0.909	0.286
3618.000000	151	49	0.930	0.324
3624.000000	151	49	0.938	0.371
3630.000000	151	49	0.938	0.419
3636.000000	151	49	0.937	0.461
3642.000000	151	49	0.935	0.496
3648.000000	151	49	0.931	0.521
3654.000000	151	49	0.927	0.540
3660.000000	151	49	0.923	0.553
3666.000000	151	49	0.917	0.561
3672.000000	151	49	0.912	0.568
3678.000000	151	49	0.907	0.573
3684.000000	151	49	0.901	0.579
3690.000000	151	49	0.892	0.585
3696.000000	151	49	0.882	0.593
3702.000000	151	49	0.874	0.597
3708.000000	151	49	0.866	0.599
3714.000000	151	49	0.854	0.605
3720.000000	151	49	0.841	0.612
3726.000000	151	49	0.830	0.616
3732.000000	151	49	0.811	0.624
3738.000000	151	49	0.790	0.631
3744.000000	151	49	0.765	0.638
3750.000000	151	49	0.733	0.642
3756.000000	151	49	0.690	0.643
3762.000000	49	151	0.653	0.624
3768.000000	49	151	0.673	0.527
3774.000000	49	151	0.701	0.395
3780.000000	49	145	0.746	0.397
3786.000000	49	145	0.811	0.411
3792.000000	49	145	0.847	0.417
3798.000000	49	145	0.867	0.419
3804.000000	49	145	0.874	0.415
3810.000000	49	145	0.876	0.406
3816.000000	49	145	0.874	0.394
3822.000000	49	145	0.872	0.380
3828.000000	49	145	0.870	0.365
3834.000000	49	145	0.867	0.349
3840.000000	49	145	0.863	0.329
3846.000000	49	145	0.859	0.308
3852.000000	49	145	0.854	0.289
3858.000000	49	145	0.848	0.270
3864.000000	49	145	0.844	0.247
3870.000000	49	145	0.839	0.222
3876.000000	49	145	0.833	0.193
3882.000000	49	183	0.827	0.190
3888.000000	49	183	0.823	0.193
3894.000000	49	183	0.818	0.196
3900.000000	49	183	0.811	0.192
3906.000000	49	183	0.801	0.187
3912.000000	49	183	0.789	0.182
3918.000000	49	183	0.776	0.178
3924.000000	49	183	0.764	0.173
3930.000000	49	190	0.748	0.174
3936.000000	49	190	0.729	0.181
3942.000000	49	190	0.705	0.190
3948.000000	49	190	0.673	0.200
3954.000000	49	190	0.627	0.215
3960.000000	49	190	0.559	0.236
3966.000000	49	190	0.460	0.261
3972.000000	49	190	0.326	0.286
3978.000000	190	49	0.316	0.162
3984.000000	190	27	0.351	0.149
3990.000000	190	27	0.397	0.161
3996.000000	190	121	0.449	0.175
4002.000000	190	121	0.487	0.198
4008.000000	190	121	0.521	0.220
4014.000000	190	121	0.548	0.244
4020.000000	190	121	0.574	0.266
4026.000000	190	121	0.596	0.282
4032.000000	190	121	0.614	0.295
4038.000000	190	121	0.627	0.310
4044.000000	190	121	0.638	0.326
4050.000000	190	121	0.649	0.341
4056.000000	190	121	0.666	0.354
4062.000000	190	121	0.682	0.368
4068.000000	190	121	0.702	0.378
4074.000000	190	121	0.714	0.390
4080.000000	190	121	0.726	0.404
4086.000000	190	121	0.742	0.415
4092.000000	190	121	0.755	0.421
4098.000000	190	121	0.757	0.429
4104.000000	190	121	0.759	0.437
4110.000000	190	121	0.762	0.443
4116.000000	190	121	0.765	0.451
4122.000000	190	121	0.769	0.459
4128.000000	190	121	0.774	0.467
4134.000000	190	121	0.769	0.476
4140.000000	190	121	0.767	0.480
4146.000000	190	121	0.767	0.482
4152.000000	190	121	0.769	0.479
4158.000000	190	121	0.774	0.481
4164.000000	190	121	0.780	0.482
4170.000000	190	121	0.787	0.480
4176.000000	190	121	0.795	0.480
4182.000000	190	121	0.803	0.481
4188.000000	190	121	0.810	0.481
4194.000000	190	121	0.816	0.482
4200.000000	190	121	0.819	0.482
4206.000000	190	121	0.820	0.483
4212.000000	190	121	0.821	0.478
4218.000000	190	121	0.822	0.465
4224.000000	190	121	0.819	0.448
4230.000000	190	121	0.816	0.425
4236.000000	190	121	0.815	0.397
4242.000000	190	121	0.810	0.367
4248.000000	190	121	0.805	0.329
4254.000000	190	18	0.802	0.289
4260.000000	190	18	0.797	0.295
4266.000000	190	18	0.788	0.302
4272.000000	190	18	0.781	0.310
4278.000000	190	18	0.767	0.320
4284.000000	190	18	0.748	0.338
4290.000000	190	18	0.724	0.357
4296.000000	190	18	0.692	0.373
4302.000000	190	18	0.642	0.394
4308.000000	190	18	0.561	0.418
4314.000000	18	190	0.445	0.441
4320.000000	18	190	0.477	0.282
4326.000000	18	135	0.517	0.209
4332.000000	18	135	0.561	0.218
4338.000000	18	135	0.593	0.235
4344.000000	18	135	0.617	0.254
4350.000000	18	135	0.641	0.277
4356.000000	18	135	0.659	0.309
4362.000000	18	135	0.678	0.346
4368.000000	18	135	0.689	0.374
4374.000000	18	135	0.694	0.400
4380.000000	18	135	0.695	0.421
4386.000000	18	135	0.694	0.437
4392.000000	18	135	0.691	0.450
4398.000000	18	135	0.689	0.459
4404.000000	18	135	0.690	0.467
4410.000000	18	135	0.694	0.474
4416.000000	18	135	0.698	0.476
4422.000000	18	135	0.700	0.476
4428.000000	18	135	0.703	0.477
4434.000000	18	135	0.703	0.481
4440.000000	18	135	0.705	0.484
4446.000000	18	135	0.710	0.485
4452.000000	18	135	0.712	0.486
4458.000000	18	135	0.717	0.487
4464.000000	18	135	0.716	0.491
4470.000000	18	135	0.712	0.503
4476.000000	18	135	0.712	0.510
4482.000000	18	135	0.717	0.513
4488.000000	18	135	0.725	0.522
4494.000000	18	135	0.728	0.536
4500.000000	18	135	0.731	0.553
4506.000000	18	135	0.729	0.572
4512.000000	18	135	0.724	0.590
4518.000000	18	135	0.717	0.607
4524.000000	18	135	0.713	0.621
4530.000000	18	135	0.710	0.634
4536.000000	18	135	0.700	0.661
4542.000000	135	18	0.697	0.681
4548.000000	135	18	0.727	0.657
4554.000000	135	18	0.747	0.625
4560.000000	135	18	0.764	0.581
4566.000000	135	18	0.784	0.521
4572.000000	135	18	0.814	0.435
4578.000000	135	18	0.835	0.321
4584.000000	135	18	0.868	0.181
4590.000000	135	17	0.886	0.101
4596.000000	135	105	0.896	0.090
4602.000000	135	105	0.909	0.088
4608.000000	135	76	0.919	0.088
4614.000000	135	76	0.921	0.093
4620.000000	135	76	0.920	0.099
4626.000000	135	76	0.923	0.106
4632.000000	135	76	0.927	0.118
4638.000000	135	76	0.927	0.127
4644.000000	135	76	0.927	0.137
4650.000000	135	76	0.922	0.147
4656.000000	135	76	0.916	0.156
4662.000000	135	76	0.910	0.164
4668.000000	135	76	0.903	0.170
4674.000000	135	76	0.894	0.176
4680.000000	135	76	0.881	0.182
4686.000000	135	76	0.865	0.187
4692.000000	135	37	0.846	0.192
4698.000000	135	37	0.824	0.201
4704.000000	135	37	0.797	0.209
4710.000000	135	37	0.766	0.215
4716.000000	135	37	0.730	0.224
4722.000000	135	13	0.689	0.232
4728.000000	135	13	0.639	0.247
4734.000000	135	13	0.577	0.264
4740.000000	135	13	0.496	0.282
4746.000000	135	13	0.374	0.304
4752.000000	13	189	0.333	0.296
4758.000000	13	189	0.370	0.316
4764.000000	13	189	0.419	0.340
4770.000000	13	189	0.468	0.364
4776.000000	13	189	0.514	0.391
4782.000000	13	189	0.548	0.419
4788.000000	13	189	0.579	0.445
4794.000000	13	189	0.596	0.461
4800.000000	13	189	0.609	0.470
4806.000000	13	189	0.618	0.491
4812.000000	13	189	0.627	0.508
4818.000000	13	189	0.643	0.517
4824.000000	13	189	0.654	0.518
4830.000000	13	189	0.659	0.520
4836.000000	13	189	0.663	0.517
4842.000000	13	189	0.666	0.515
4848.000000	13	189	0.668	0.514
4854.000000	13	189	0.678	0.509
4860.000000	13	189	0.682	0.512
4866.000000	13	189	0.689	0.516
4872.000000	13	189	0.698	0.516
4878.000000	13	189	0.714	0.515
4884.000000	13	189	0.737	0.519
4890.000000	13	189	0.747	0.518
4896.000000	13	189	0.760	0.512
4902.000000	13	189	0.781	0.502
4908.000000	13	189	0.797	0.497
4914.000000	13	189	0.806	0.489
4920.000000	13	189	0.818	0.481
4926.000000	13	189	0.828	0.468
4932.000000	13	189	0.837	0.456
4938.000000	13	189	0.841	0.432
4944.000000	13	189	0.842	0.396
4950.000000	13	189	0.845	0.350
4956.000000	13	189	0.850	0.295
4962.000000	13	189	0.852	0.231
4968.000000	13	100	0.863	0.241
4974.000000	13	100	0.878	0.259
4980.000000	13	100	0.885	0.279
4986.000000	13	100	0.886	0.300
4992.000000	13	100	0.886	0.324
4998.000000	13	100	0.883	0.348
5004.000000	13	100	0.878	0.371
5010.000000	13	100	0.867	0.394
5016.000000	13	100	0.855	0.416
5022.000000	13	100	0.841	0.437
5028.000000	13	100	0.822	0.461
5034.000000	13	100	0.801	0.482
5040.000000	13	100	0.775	0.508
5046.000000	13	100	0.742	0.528
5052.000000	13	100	0.703	0.544
5058.000000	13	100	0.648	0.559
5064.000000	100	13	0.575	0.569
5070.000000	100	13	0.599	0.455
5076.000000	100	11	0.636	0.474
5082.000000	100	11	0.670	0.508
5088.000000	100	11	0.709	0.558
5094.000000	100	11	0.726	0.594
5100.000000	100	11	0.738	0.620
5106.000000	100	11	0.742	0.649
5112.000000	100	11	0.743	0.670
5118.000000	100	11	0.742	0.688
5124.000000	100	11	0.746	0.697
5130.000000	100	11	0.750	0.701
5136.000000	100	11	0.749	0.706
5142.000000	100	11	0.750	0.711
5148.000000	100	11	0.749	0.714
5154.000000	100	11	0.745	0.718
5160.000000	100	11	0.737	0.723
5166.000000	11	100	0.730	0.725
5172.000000	11	100	0.736	0.717
5178.000000	11	100	0.742	0.711
5184.000000	11	100	0.745	0.701
5190.000000	11	100	0.746	0.693
5196.000000	11	100	0.751	0.682
5202.000000	11	100	0.755	0.669
5208.000000	11	100	0.756	0.652
5214.000000	11	100	0.760	0.630
5220.000000	11	100	0.760	0.604
5226.000000	11	100	0.766	0.566
5232.000000	11	100	0.771	0.516
5238.000000	11	100	0.780	0.439
5244.000000	11	100	0.800	0.333
5250.000000	11	100	0.821	0.208
5256.000000	11	148	0.848	0.133
5262.000000	11	148	0.863	0.143
5268.000000	11	148	0.875	0.162
5274.000000	11	148	0.884	0.186
5280.000000	11	148	0.889	0.214
5286.000000	11	148	0.891	0.246
5292.000000	11	148	0.890	0.285
5298.000000	11	148	0.886	0.323
5304.000000	11	148	0.882	0.357
5310.000000	11	148	0.876	0.387
5316.000000	11	148	0.868	0.413
5322.000000	11	148	0.853	0.438
5328.000000	11	148	0.835	0.461
5334.000000	11	148	0.814	0.485
5340.000000	11	148	0.788	0.505
5346.000000	11	148	0.758	0.525
5352.000000	11	148	0.721	0.546
5358.000000	11	148	0.674	0.568
5364.000000	11	148	0.616	0.586
5370.000000	148	11	0.614	0.526
5376.000000	148	11	0.644	0.402
5382.000000	148	9	0.672	0.294
5388.000000	148	9	0.713	0.304
5394.000000	148	9	0.756	0.311
5400.000000	148	9	0.782	0.315
5406.000000	148	9	0.805	0.316
5412.000000	148	56	0.810	0.317
5418.000000	148	56	0.811	0.332
5424.000000	148	56	0.810	0.352
5430.000000	148	56	0.813	0.367
5436.000000	148	56	0.821	0.378
5442.000000	148	56	0.833	0.388
5448.000000	148	56	0.838	0.401
5454.000000	148	56	0.840	0.411
5460.000000	148	56	0.841	0.422
5466.000000	148	56	0.845	0.432
5472.000000	148	56	0.844	0.443
5478.000000	148	56	0.844	0.453
5484.000000	148	56	0.846	0.464
5490.000000	148	56	0.845	0.476
5496.000000	148	56	0.845	0.488
5502.000000	148	56	0.842	0.500
5508.000000	148	56	0.840	0.510
5514.000000	148	56	0.839	0.522
5520.000000	148	56	0.835	0.533
5526.000000	148	56	0.830	0.540
5532.000000	148	56	0.822	0.547
5538.000000	148	56	0.813	0.554
5544.000000	148	56	0.803	0.561
5550.000000	148	56	0.782	0.579
5556.000000	148	56	0.766	0.594
5562.000000	148	56	0.748	0.607
5568.000000	148	56	0.722	0.623
5574.000000	148	56	0.689	0.632
5580.000000	148	56	0.641	0.639
5586.000000	56	148	0.662	0.575
5592.000000	56	148	0.688	0.482
5598.000000	56	148	0.715	0.357
5604.000000	56	148	0.748	0.208
5610.000000	56	116	0.788	0.160
5616.000000	56	116	0.817	0.171
5622.000000	56	116	0.839	0.182
5628.000000	56	116	0.851	0.190
5634.000000	56	116	0.864	0.193
5640.000000	56	116	0.872	0.196
5646.000000	56	116	0.880	0.197
5652.000000	56	116	0.883	0.204
5658.000000	56	116	0.883	0.212
5664.000000	56	116	0.881	0.217
5670.000000	56	116	0.876	0.221
5676.000000	56	116	0.870	0.226
5682.000000	56	116	0.862	0.231
5688.000000	56	116	0.854	0.238
5694.000000	56	116	0.845	0.244
5700.000000	56	116	0.835	0.250
5706.000000	56	116	0.824	0.257
5712.000000	56	116	0.813	0.264
5718.000000	56	116	0.800	0.270
5724.000000	56	116	0.785	0.275
5730.000000	56	116	0.769	0.281
5736.000000	56	116	0.750	0.287
5742.000000	56	116	0.726	0.296
5748.000000	56	116	0.696	0.302
5754.000000	56	116	0.657	0.302
5760.000000	56	116	0.609	0.300
5766.000000	56	116	0.547	0.301
5772.000000	56	116	0.466	0.306
5778.000000	56	116	0.354	0.316
5784.000000	116	92	0.334	0.248
5790.000000	116	92	0.358	0.261
5796.000000	116	92	0.383	0.277
5802.000000	116	92	0.413	0.294
5808.000000	116	92	0.450	0.313
5814.000000	116	92	0.478	0.336
5820.000000	116	92	0.495	0.359
5826.000000	116	92	0.504	0.384
5832.000000	116	92	0.505	0.410
5838.000000	116	92	0.502	0.431
5844.000000	116	92	0.500	0.445
5850.000000	116	92	0.499	0.456
5856.000000	116	66	0.493	0.464
5862.000000	116	66	0.486	0.483
5868.000000	66	116	0.501	0.478
5874.000000	66	116	0.520	0.469
5880.000000	66	116	0.537	0.462
5886.000000	66	92	0.547	0.457
5892.000000	66	92	0.560	0.452
5898.000000	66	92	0.575	0.448
5904.000000	66	92	0.594	0.443
5910.000000	66	92	0.616	0.437
5916.000000	66	92	0.637	0.431
5922.000000	66	92	0.652	0.426
5928.000000	66	92	0.668	0.416
5934.000000	66	92	0.691	0.403
5940.000000	66	92	0.727	0.381
5946.000000	66	92	0.759	0.352
5952.000000	66	92	0.782	0.323
5958.000000	66	92	0.797	0.293
5964.000000	66	92	0.821	0.254
5970.000000	66	92	0.843	0.207
5976.000000	66	44	0.868	0.198
5982.000000	66	44	0.877	0.196
5988.000000	66	44	0.896	0.190
5994.000000	66	44	0.911	0.177
6000.000000	66	44	0.916	0.166
6006.000000	66	44	0.916	0.159
6012.000000	66	130	0.915	0.153
6018.000000	66	130	0.914	0.163
6024.000000	66	130	0.913	0.175
6030.000000	66	130	0.908	0.186
6036.000000	66	130	0.902	0.196
6042.000000	66	130	0.895	0.204
6048.000000	66	130	0.887	0.213
6054.000000	66	130	0.878	0.220
6060.000000	66	130	0.869	0.228
6066.000000	66	130	0.857	0.235
6072.000000	66	130	0.844	0.241
6078.000000	66	130	0.830	0.246
6084.000000	66	130	0.814	0.250
6090.000000	66	130	0.798	0.254
6096.000000	66	130	0.780	0.258
6102.000000	66	130	0.760	0.263
6108.000000	66	130	0.736	0.270
6114.000000	66	130	0.710	0.279
6120.000000	66	130	0.679	0.285
6126.000000	66	130	0.637	0.288
6132.000000	66	130	0.580	0.288
6138.000000	66	130	0.496	0.286
6144.000000	66	130	0.384	0.281
6150.000000	130	150	0.274	0.272
6156.000000	150	130	0.282	0.266
6162.000000	150	93	0.292	0.288
6168.000000	93	150	0.316	0.303
6174.000000	93	150	0.337	0.318
6180.000000	93	150	0.362	0.328
6186.000000	93	150	0.389	0.343
6192.000000	93	150	0.408	0.355
6198.000000	93	150	0.423	0.371
6204.000000	93	150	0.434	0.393
6210.000000	93	150	0.447	0.412
6216.000000	93	150	0.469	0.424
6222.000000	93	150	0.486	0.431
6228.000000	93	150	0.506	0.436
6234.000000	93	150	0.525	0.442
6240.000000	93	150	0.545	0.444
6246.000000	93	150	0.554	0.444
6252.000000	93	150	0.565	0.446
6258.000000	93	150	0.581	0.445
6264.000000	93	150	0.595	0.441
6270.000000	93	150	0.610	0.440
6276.000000	93	150	0.619	0.447
6282.000000	93	150	0.632	0.447
6288.000000	93	150	0.650	0.448
6294.000000	93	150	0.673	0.444
6300.000000	93	150	0.699	0.442
6306.000000	93	150	0.727	0.429
6312.000000	93	150	0.748	0.415
6318.000000	93	150	0.759	0.404
6324.000000	93	150	0.776	0.385
6330.000000	93	150	0.792	0.366
6336.000000	93	150	0.807	0.347
6342.000000	93	150	0.823	0.327
6348.000000	93	150	0.837	0.303
6354.000000	93	150	0.852	0.268
6360.000000	93	150	0.858	0.234
6366.000000	93	150	0.864	0.194
6372.000000	93	150	0.872	0.145
6378.000000	93	6	0.881	0.104
6384.000000	93	6	0.892	0.096
6390.000000	93	6	0.899	0.089
6396.000000	93	2	0.906	0.083
6402.000000	93	2	0.914	0.078
6408.000000	93	88	0.915	0.077
6414.000000	93	109	0.914	0.078
6420.000000	93	109	0.911	0.079
6426.000000	93	109	0.908	0.081
6432.000000	93	109	0.905	0.082
6438.000000	93	109	0.903	0.083
6444.000000	93	139	0.901	0.089
6450.000000	93	139	0.900	0.098
6456.000000	93	139	0.899	0.107
6462.000000	93	139	0.897	0.116
6468.000000	93	139	0.894	0.123
6474.000000	93	139	0.891	0.129
6480.000000	93	139	0.887	0.134
6486.000000	93	139	0.883	0.136
6492.000000	93	139	0.878	0.138
6498.000000	93	139	0.872	0.140
6504.000000	93	73	0.865	0.144
6510.000000	93	73	0.856	0.148
6516.000000	93	73	0.846	0.150
6522.000000	93	73	0.833	0.152
6528.000000	93	49	0.817	0.154
6534.000000	93	49	0.799	0.162
6540.000000	93	49	0.773	0.168
6546.000000	93	49	0.737	0.175
6552.000000	93	49	0.686	0.186
6558.000000	93	49	0.604	0.203
6564.000000	93	49	0.465	0.231
6570.000000	49	93	0.275	0.257
6576.000000	49	73	0.344	0.139
6582.000000	49	139	0.442	0.129
6588.000000	49	139	0.568	0.133
6594.000000	49	139	0.687	0.139
6600.000000	49	139	0.757	0.147
6606.000000	49	190	0.794	0.162
6612.000000	49	190	0.824	0.182
6618.000000	49	190	0.844	0.202
6624.000000	49	190	0.854	0.226
6630.000000	49	190	0.854	0.252
6636.000000	49	190	0.854	0.270
6642.000000	49	190	0.855	0.284
6648.000000	49	190	0.856	0.294
6654.000000	49	190	0.862	0.302
6660.000000	49	190	0.866	0.316
6666.000000	49	190	0.866	0.334
6672.000000	49	190	0.868	0.357
6678.000000	49	190	0.880	0.381
6684.000000	49	190	0.892	0.402
6690.000000	49	190	0.898	0.422
6696.000000	49	190	0.901	0.441
6702.000000	49	190	0.901	0.464
6708.000000	49	190	0.905	0.484
6714.000000	49	190	0.906	0.498
6720.000000	49	190	0.909	0.517
6726.000000	49	190	0.911	0.529
6732.000000	49	190	0.912	0.539
6738.000000	49	190	0.913	0.555
6744.000000	49	190	0.910	0.569
6750.000000	49	190	0.905	0.585
6756.000000	49	190	0.902	0.597
6762.000000	49	190	0.898	0.615
6768.000000	49	190	0.891	0.633
6774.000000	49	190	0.884	0.648
6780.000000	49	190	0.877	0.656
6786.000000	49	190	0.870	0.664
6792.000000	49	190	0.862	0.673
6798.000000	49	190	0.854	0.681
6804.000000	49	190	0.843	0.689
6810.000000	49	190	0.827	0.698
6816.000000	49	190	0.808	0.702
6822.000000	49	190	0.784	0.710
6828.000000	49	190	0.757	0.718
6834.000000	190	49	0.723	0.722
6840.000000	190	49	0.740	0.663
6846.000000	190	49	0.776	0.564
6852.000000	190	49	0.811	0.427
6858.000000	190	49	0.848	0.232
6864.000000	190	53	0.895	0.149
6870.000000	190	53	0.927	0.155
6876.000000	190	53	0.933	0.170
6882.000000	190	53	0.931	0.189
6888.000000	190	53	0.927	0.213
6894.000000	190	53	0.923	0.240
6900.000000	190	53	0.915	0.262
6906.000000	190	53	0.906	0.285
6912.000000	190	53	0.897	0.308
6918.000000	190	53	0.886	0.332
6924.000000	190	53	0.875	0.354
6930.000000	190	53	0.863	0.370
6936.000000	190	53	0.851	0.383
6942.000000	190	53	0.836	0.396
6948.000000	190	53	0.817	0.406
6954.000000	190	53	0.792	0.414
6960.000000	190	53	0.762	0.423
6966.000000	190	53	0.731	0.432
6972.000000	190	53	0.694	0.446
6978.000000	190	53	0.652	0.461
6984.000000	190	53	0.604	0.471
6990.000000	190	53	0.541	0.482
6996.000000	53	190	0.499	0.456
7002.000000	53	190	0.528	0.343
7008.000000	53	195	0.571	0.316
7014.000000	53	195	0.615	0.330
7020.000000	53	195	0.652	0.338
7026.000000	53	195	0.687	0.346
7032.000000	53	195	0.717	0.362
7038.000000	53	195	0.727	0.379
7044.000000	53	195	0.732	0.394
7050.000000	53	195	0.736	0.406
7056.000000	53	195	0.744	0.414
7062.000000	53	195	0.748	0.420
7068.000000	53	195	0.752	0.426
7074.000000	53	195	0.756	0.434
7080.000000	53	195	0.752	0.442
7086.000000	53	195	0.752	0.450
7092.000000	53	195	0.752	0.454
7098.000000	53	195	0.749	0.457
7104.000000	53	195	0.741	0.466
7110.000000	53	195	0.738	0.469
7116.000000	53	195	0.736	0.470
7122.000000	53	195	0.730	0.471
7128.000000	53	195	0.722	0.472
7134.000000	53	195	0.715	0.464
7140.000000	53	22	0.699	0.492
7146.000000	53	22	0.675	0.528
7152.000000	53	22	0.649	0.553
7158.000000	53	22	0.621	0.579
7164.000000	22	53	0.609	0.585
7170.000000	22	53	0.639	0.543
7176.000000	22	53	0.680	0.492
7182.000000	22	53	0.715	0.436
7188.000000	22	53	0.751	0.370
7194.000000	22	195	0.781	0.319
7200.000000	22	195	0.809	0.291
7206.000000	22	195	0.834	0.257
7212.000000	22	189	0.858	0.242
7218.000000	22	189	0.872	0.246
7224.000000	22	189	0.880	0.252
7230.000000	22	189	0.885	0.260
7236.000000	22	189	0.888	0.269
7242.000000	22	189	0.889	0.275
7248.000000	22	189	0.889	0.282
7254.000000	22	189	0.885	0.295
7260.000000	22	189	0.882	0.302
7266.000000	22	189	0.879	0.304
7272.000000	22	189	0.879	0.302
7278.000000	22	67	0.876	0.320
7284.000000	22	67	0.873	0.334
7290.000000	22	67	0.869	0.345
7296.000000	22	67	0.868	0.356
7302.000000	22	67	0.864	0.365
7308.000000	22	67	0.858	0.375
7314.000000	22	67	0.852	0.390
7320.000000	22	67	0.847	0.404
7326.000000	22	67	0.842	0.428
7332.000000	22	67	0.840	0.455
7338.000000	22	67	0.840	0.486
7344.000000	22	67	0.835	0.518
7350.000000	22	67	0.829	0.541
7356.000000	22	67	0.821	0.564
7362.000000	22	67	0.808	0.588
7368.000000	22	67	0.793	0.612
7374.000000	22	67	0.770	0.634
7380.000000	22	67	0.743	0.657
7386.000000	22	67	0.708	0.683
7392.000000	67	22	0.708	0.660
7398.000000	67	22	0.740	0.586
7404.000000	67	22	0.773	0.485
7410.000000	67	22	0.811	0.344
7416.000000	67	32	0.868	0.291
7422.000000	67	32	0.907	0.292
7428.000000	67	32	0.932	0.299
7434.000000	67	32	0.940	0.310
7440.000000	67	32	0.938	0.328
7446.000000	67	32	0.933	0.347
7452.000000	67	32	0.926	0.365
7458.000000	67	32	0.918	0.384
7464.000000	67	32	0.911	0.404
7470.000000	67	32	0.902	0.425
7476.000000	67	32	0.894	0.447
7482.000000	67	32	0.887	0.469
7488.000000	67	32	0.882	0.484
7494.000000	67	32	0.877	0.496
7500.000000	67	32	0.872	0.508
7506.000000	67	32	0.866	0.524
7512.000000	67	32	0.858	0.542
7518.000000	67	32	0.848	0.558
7524.000000	67	32	0.839	0.573
7530.000000	67	32	0.831	0.587
7536.000000	67	32	0.821	0.596
7542.000000	67	32	0.808	0.605
7548.000000	67	32	0.792	0.616
7554.000000	67	32	0.777	0.620
7560.000000	67	32	0.761	0.625
7566.000000	67	32	0.738	0.634
7572.000000	67	32	0.709	0.640
7578.000000	67	32	0.671	0.656
7584.000000	32	67	0.679	0.626
7590.000000	32	67	0.711	0.560
7596.000000	32	67	0.741	0.467
7602.000000	32	67	0.791	0.321
7608.000000	32	112	0.842	0.197
7614.000000	32	112	0.878	0.210
7620.000000	32	112	0.899	0.234
7626.000000	32	112	0.908	0.260
7632.000000	32	112	0.911	0.292
7638.000000	32	112	0.912	0.327
7644.000000	32	112	0.911	0.363
7650.000000	32	112	0.908	0.401
7656.000000	32	112	0.902	0.439
7662.000000	32	112	0.894	0.473
7668.000000	32	112	0.886	0.500
7674.000000	32	112	0.877	0.521
7680.000000	32	112	0.868	0.536
7686.000000	32	112	0.859	0.551
7692.000000	32	112	0.848	0.565
7698.000000	32	112	0.836	0.580
7704.000000	32	112	0.820	0.595
7710.000000	32	112	0.800	0.603
7716.000000	32	112	0.775	0.611
7722.000000	32	112	0.745	0.622
7728.000000	32	112	0.706	0.643
7734.000000	112	32	0.675	0.652
7740.000000	112	32	0.712	0.567
7746.000000	112	32	0.740	0.459
7752.000000	112	32	0.794	0.315
7758.000000	112	132	0.827	0.296
7764.000000	112	132	0.863	0.309
7770.000000	112	132	0.884	0.328
7776.000000	112	132	0.898	0.349
7782.000000	112	132	0.901	0.368
7788.000000	112	132	0.902	0.384
7794.000000	112	132	0.908	0.396
7800.000000	112	132	0.910	0.406
7806.000000	112	132	0.909	0.415
7812.000000	112	132	0.908	0.420
7818.000000	112	132	0.905	0.422
7824.000000	112	132	0.900	0.422
7830.000000	112	132	0.895	0.419
7836.000000	112	132	0.889	0.417
7842.000000	112	132	0.884	0.416
7848.000000	112	132	0.881	0.410
7854.000000	112	132	0.876	0.402
7860.000000	112	132	0.873	0.390
7866.000000	112	132	0.870	0.372
7872.000000	112	132	0.866	0.351
7878.000000	112	132	0.863	0.325
7884.000000	112	132	0.860	0.297
7890.000000	112	132	0.855	0.263
7896.000000	112	132	0.850	0.223
7902.000000	112	33	0.843	0.183
7908.000000	112	33	0.835	0.183
7914.000000	112	33	0.823	0.189
7920.000000	112	33	0.807	0.200
7926.000000	112	33	0.786	0.211
7932.000000	112	33	0.757	0.220
7938.000000	112	33	0.718	0.228
7944.000000	112	33	0.664	0.240
7950.000000	112	33	0.593	0.252
7956.000000	112	33	0.493	0.267
7962.000000	112	33	0.358	0.280
7968.000000	33	177	0.292	0.289
7974.000000	177	33	0.316	0.306
7980.000000	177	33	0.352	0.327
7986.000000	177	33	0.396	0.346
7992.000000	177	33	0.432	0.367
7998.000000	177	33	0.452	0.385
8004.000000	177	91	0.465	0.421
8010.000000	177	91	0.473	0.451
8016.000000	177	91	0.485	0.469
8022.000000	177	91	0.494	0.485
8028.000000	177	91	0.506	0.501
8034.000000	91	177	0.512	0.511
8040.000000	91	177	0.521	0.514
8046.000000	91	177	0.532	0.516
8052.000000	91	177	0.544	0.518
8058.000000	91	177	0.557	0.519
8064.000000	91	177	0.567	0.520
8070.000000	91	177	0.576	0.522
8076.000000	91	177	0.584	0.526
8082.000000	91	177	0.593	0.528
8088.000000	91	177	0.605	0.529
8094.000000	91	177	0.618	0.528
8100.000000	91	177	0.629	0.526
8106.000000	91	177	0.646	0.523
8112.000000	91	177	0.674	0.519
8118.000000	91	177	0.696	0.515
8124.000000	91	105	0.716	0.514
8130.000000	91	105	0.731	0.518
8136.000000	91	105	0.753	0.515
8142.000000	91	105	0.777	0.505
8148.000000	91	105	0.798	0.497
8154.000000	91	105	0.818	0.482
8160.000000	91	105	0.836	0.470
8166.000000	91	105	0.855	0.468
8172.000000	91	105	0.869	0.468
8178.000000	91	105	0.874	0.457
8184.000000	91	105	0.878	0.437
8190.000000	91	105	0.884	0.405
8196.000000	91	105	0.890	0.372
8202.000000	91	105	0.889	0.336
8208.000000	91	105	0.886	0.298
8214.000000	91	105	0.884	0.255
8220.000000	91	105	0.883	0.209
8226.000000	91	185	0.882	0.211
8232.000000	91	185	0.878	0.227
8238.000000	91	185	0.871	0.242
8244.000000	91	185	0.864	0.258
8250.000000	91	185	0.858	0.274
8256.000000	91	185	0.848	0.293
8262.000000	91	185	0.835	0.309
8268.000000	91	185	0.817	0.328
8274.000000	91	185	0.796	0.350
8280.000000	91	185	0.772	0.375
8286.000000	91	185	0.742	0.402
8292.000000	91	185	0.703	0.437
8298.000000	91	185	0.657	0.472
8304.000000	91	185	0.597	0.510
8310.000000	185	91	0.550	0.516
8316.000000	185	91	0.605	0.394
8322.000000	185	91	0.674	0.251
8328.000000	185	59	0.731	0.222
8334.000000	185	59	0.786	0.226
8340.000000	185	59	0.837	0.232
8346.000000	185	59	0.869	0.240
8352.000000	185	59	0.881	0.249
8358.000000	185	59	0.891	0.256
8364.000000	185	59	0.901	0.260
8370.000000	185	59	0.908	0.265
8376.000000	185	59	0.909	0.271
8382.000000	185	59	0.913	0.277
8388.000000	185	59	0.916	0.282
8394.000000	185	59	0.915	0.289
8400.000000	185	59	0.914	0.297
8406.000000	185	59	0.912	0.307
8412.000000	185	57	0.911	0.316
8418.000000	185	57	0.913	0.330
8424.000000	185	57	0.914	0.343
8430.000000	185	57	0.913	0.354
8436.000000	185	57	0.911	0.362
8442.000000	185	57	0.910	0.372
8448.000000	185	57	0.909	0.381
8454.000000	185	57	0.907	0.387
8460.000000	185	57	0.905	0.390
8466.000000	185	57	0.904	0.394
8472.000000	185	57	0.902	0.401
8478.000000	185	57	0.899	0.410
8484.000000	185	57	0.896	0.424
8490.000000	185	57	0.893	0.437
8496.000000	185	57	0.889	0.449
8502.000000	185	57	0.885	0.457
8508.000000	185	57	0.884	0.470
8514.000000	185	57	0.880	0.484
8520.000000	185	57	0.874	0.501
8526.000000	185	57	0.871	0.512
8532.000000	185	57	0.863	0.520
8538.000000	185	57	0.853	0.528
8544.000000	185	57	0.837	0.541
8550.000000	185	57	0.816	0.553
8556.000000	185	57	0.791	0.562
8562.000000	185	57	0.758	0.571
8568.000000	185	57	0.709	0.578
8574.000000	185	57	0.632	0.595
8580.000000	57	185	0.607	0.528
8586.000000	57	65	0.629	0.408
8592.000000	57	65	0.681	0.474
8598.000000	57	65	0.727	0.557
8604.000000	57	65	0.760	0.626
8610.000000	57	65	0.776	0.672
8616.000000	57	65	0.781	0.702
8622.000000	57	65	0.780	0.722
8628.000000	57	65	0.775	0.732
8634.000000	57	65	0.771	0.740
8640.000000	57	65	0.765	0.751
8646.000000	57	65	0.762	0.753
8652.000000	57	65	0.758	0.754
8658.000000	65	57	0.763	0.749
8664.000000	65	57	0.767	0.741
8670.000000	65	57	0.774	0.731
8676.000000	65	57	0.778	0.719
8682.000000	65	57	0.779	0.707
8688.000000	65	57	0.782	0.696
8694.000000	65	57	0.786	0.685
8700.000000	65	57	0.794	0.668
8706.000000	65	57	0.802	0.644
8712.000000	65	57	0.807	0.617
8718.000000	65	57	0.816	0.583
8724.000000	65	57	0.826	0.539
8730.000000	65	57	0.835	0.480
8736.000000	65	57	0.854	0.389
8742.000000	65	57	0.878	0.277
8748.000000	65	4	0.895	0.211
8754.000000	65	4	0.906	0.216
8760.000000	65	4	0.920	0.225
8766.000000	65	4	0.924	0.236
8772.000000	65	4	0.921	0.249
8778.000000	65	4	0.919	0.263
8784.000000	65	4	0.912	0.281
8790.000000	65	4	0.903	0.298
8796.000000	65	4	0.895	0.312
8802.000000	65	4	0.886	0.325
8808.000000	65	4	0.876	0.338
8814.000000	65	4	0.863	0.351
8820.000000	65	4	0.850	0.363
8826.000000	65	4	0.833	0.373
8832.000000	65	4	0.813	0.384
8838.000000	65	4	0.790	0.399
8844.000000	65	4	0.765	0.409
8850.000000	65	4	0.733	0.420
8856.000000	65	4	0.692	0.427
8862.000000	65	4	0.633	0.440
8868.000000	65	4	0.547	0.464
8874.000000	4	65	0.494	0.432
8880.000000	4	65	0.519	0.292
8886.000000	4	63	0.553	0.283
8892.000000	4	63	0.616	0.311
8898.000000	4	63	0.667	0.344
8904.000000	4	63	0.706	0.376
8910.000000	4	63	0.730	0.406
8916.000000	4	63	0.742	0.429
8922.000000	4	63	0.749	0.443
8928.000000	4	63	0.755	0.447
8934.000000	4	63	0.759	0.446
8940.000000	4	63	0.770	0.445
8946.000000	4	63	0.779	0.447
8952.000000	4	63	0.786	0.453
8958.000000	4	63	0.789	0.458
8964.000000	4	63	0.788	0.462
8970.000000	4	63	0.784	0.466
8976.000000	4	63	0.779	0.472
8982.000000	4	63	0.775	0.477
8988.000000	4	63	0.773	0.482
8994.000000	4	63	0.773	0.485
9000.000000	4	63	0.772	0.489
9006.000000	4	63	0.772	0.490
9012.000000	4	63	0.770	0.491
9018.000000	4	63	0.768	0.491
9024.000000	4	63	0.764	0.491
9030.000000	4	63	0.761	0.485
9036.000000	4	63	0.761	0.472
9042.000000	4	63	0.763	0.459
9048.000000	4	63	0.765	0.439
9054.000000	4	63	0.761	0.412
9060.000000	4	95	0.753	0.382
9066.000000	4	95	0.742	0.387
9072.000000	4	95	0.731	0.398
9078.000000	4	95	0.718	0.418
9084.000000	4	95	0.703	0.436
9090.000000	4	95	0.674	0.448
9096.000000	4	95	0.627	0.463
9102.000000	4	3	0.567	0.493
9108.000000	3	95	0.531	0.495
9114.000000	3	95	0.574	0.518
9120.000000	3	95	0.627	0.542
9126.000000	3	95	0.691	0.569
9132.000000	3	95	0.739	0.601
9138.000000	3	95	0.766	0.622
9144.000000	3	95	0.781	0.635
9150.000000	3	95	0.797	0.646
9156.000000	3	95	0.807	0.651
9162.000000	3	95	0.817	0.655
9168.000000	3	95	0.821	0.657
9174.000000	3	95	0.829	0.662
9180.000000	3	95	0.834	0.660
9186.000000	3	95	0.838	0.656
9192.000000	3	95	0.837	0.649
9198.000000	3	95	0.834	0.643
9204.000000	3	95	0.834	0.631
9210.000000	3	95	0.839	0.611
9216.000000	3	95	0.847	0.587
9222.000000	3	95	0.849	0.560
9228.000000	3	95	0.850	0.530
9234.000000	3	95	0.853	0.496
9240.000000	3	95	0.856	0.453
9246.000000	3	95	0.859	0.391
9252.000000	3	95	0.865	0.304
9258.000000	3	95	0.879	0.202
9264.000000	3	191	0.885	0.181
9270.000000	3	191	0.887	0.193
9276.000000	3	191	0.885	0.205
9282.000000	3	124	0.883	0.218
9288.000000	3	124	0.881	0.237
9294.000000	3	124	0.878	0.260
9300.000000	3	124	0.869	0.288
9306.000000	3	124	0.858	0.318
9312.000000	3	124	0.848	0.346
9318.000000	3	124	0.836	0.371
9324.000000	3	124	0.823	0.397
9330.000000	3	124	0.805	0.424
9336.000000	3	124	0.784	0.455
9342.000000	3	124	0.761	0.488
9348.000000	3	124	0.733	0.520
9354.000000	3	124	0.697	0.542
9360.000000	3	124	0.647	0.563
9366.000000	124	3	0.585	0.579
9372.000000	124	3	0.623	0.466
9378.000000	124	191	0.675	0.362
9384.000000	124	191	0.749	0.394
9390.000000	124	191	0.810	0.437
9396.000000	124	191	0.839	0.484
9402.000000	124	191	0.859	0.516
9408.000000	124	191	0.867	0.542
9414.000000	124	191	0.867	0.568
9420.000000	124	191	0.867	0.587
9426.000000	124	191	0.863	0.601
9432.000000	124	191	0.861	0.609
9438.000000	124	191	0.858	0.617
9444.000000	124	191	0.855	0.626
9450.000000	124	191	0.852	0.629
9456.000000	124	191	0.850	0.629
9462.000000	124	191	0.850	0.627
9468.000000	124	191	0.848	0.625
9474.000000	124	191	0.845	0.626
9480.000000	124	191	0.843	0.629
9486.000000	124	191	0.844	0.630
9492.000000	124	191	0.844	0.628
9498.000000	124	191	0.842	0.627
9504.000000	124	191	0.839	0.623
9510.000000	124	191	0.839	0.614
9516.000000	124	191	0.837	0.604
9522.000000	124	191	0.836	0.591
9528.000000	124	191	0.831	0.577
9534.000000	124	191	0.831	0.559
9540.000000	124	191	0.831	0.542
9546.000000	124	191	0.827	0.516
9552.000000	124	191	0.826	0.475
9558.000000	124	191	0.826	0.421
9564.000000	124	191	0.826	0.354
9570.000000	124	191	0.832	0.272
9576.000000	124	72	0.844	0.188
9582.000000	124	72	0.849	0.207
9588.000000	124	72	0.855	0.227
9594.000000	124	72	0.859	0.247
9600.000000	124	72	0.858	0.272
9606.000000	124	72	0.854	0.303
9612.000000	124	72	0.847	0.340
9618.000000	124	72	0.838	0.377
9624.000000	124	72	0.826	0.408
9630.000000	124	72	0.809	0.435
9636.000000	124	72	0.783	0.463
9642.000000	124	72	0.746	0.488
9648.000000	124	72	0.686	0.512
9654.000000	124	72	0.584	0.540
9660.000000	72	124	0.585	0.423
9666.000000	72	124	0.641	0.226
9672.000000	72	89	0.709	0.173
9678.000000	72	89	0.762	0.177
9684.000000	72	89	0.795	0.192
9690.000000	72	89	0.801	0.208
9696.000000	72	89	0.806	0.224
9702.000000	72	89	0.811	0.239
9708.000000	72	89	0.813	0.255
9714.000000	72	89	0.820	0.268
9720.000000	72	89	0.832	0.277
9726.000000	72	89	0.841	0.282
9732.000000	72	89	0.844	0.283
9738.000000	72	89	0.851	0.283
9744.000000	72	89	0.864	0.279
9750.000000	72	89	0.873	0.277
9756.000000	72	89	0.874	0.273
9762.000000	72	89	0.873	0.267
9768.000000	72	89	0.871	0.256
9774.000000	72	42	0.869	0.243
9780.000000	72	42	0.868	0.246
9786.000000	72	42	0.869	0.252
9792.000000	72	42	0.871	0.263
9798.000000	72	42	0.872	0.270
9804.000000	72	42	0.872	0.277
9810.000000	72	42	0.874	0.284
9816.000000	72	42	0.875	0.296
9822.000000	72	42	0.874	0.308
9828.000000	72	42	0.875	0.317
9834.000000	72	42	0.875	0.330
9840.000000	72	42	0.871	0.343
9846.000000	72	42	0.864	0.353
9852.000000	72	42	0.854	0.361
9858.000000	72	42	0.843	0.369
9864.000000	72	42	0.830	0.377
9870.000000	72	143	0.811	0.390
9876.000000	72	143	0.794	0.408
9882.000000	72	143	0.772	0.427
9888.000000	72	143	0.747	0.447
9894.000000	72	143	0.718	0.469
9900.000000	72	143	0.680	0.489
9906.000000	72	143	0.630	0.510
9912.000000	72	143	0.557	0.537
9918.000000	143	72	0.570	0.456
9924.000000	143	42	0.606	0.436
9930.000000	143	42	0.643	0.451
9936.000000	143	42	0.690	0.463
9942.000000	143	42	0.725	0.476
9948.000000	143	42	0.741	0.491
9954.000000	143	42	0.750	0.507
9960.000000	143	42	0.761	0.516
9966.000000	143	42	0.777	0.526
9972.000000	143	42	0.790	0.531
9978.000000	143	42	0.795	0.525
9984.000000	143	42	0.799	0.519
9990.000000	143	42	0.802	0.511
9996.000000	143	42	0.813	0.501
10002.000000	143	42	0.821	0.489
10008.000000	143	42	0.830	0.469
10014.000000	143	42	0.838	0.440
10020.000000	143	42	0.850	0.406
10026.000000	143	42	0.860	0.370
10032.000000	143	42	0.874	0.330
10038.000000	143	42	0.881	0.291
10044.000000	143	42	0.886	0.242
10050.000000	143	38	0.890	0.247
10056.000000	143	38	0.897	0.273
10062.000000	143	38	0.899	0.297
10068.000000	143	38	0.899	0.322
10074.000000	143	38	0.899	0.348
10080.000000	143	38	0.895	0.375
10086.000000	143	38	0.890	0.401
10092.000000	143	38	0.882	0.429
10098.000000	143	38	0.874	0.457
10104.000000	143	38	0.864	0.490
10110.000000	143	38	0.855	0.520
10116.000000	143	38	0.844	0.546
10122.000000	143	38	0.831	0.571
10128.000000	143	38	0.816	0.598
10134.000000	143	38	0.800	0.625
10140.000000	143	38	0.781	0.645
10146.000000	143	38	0.753	0.666
10152.000000	143	38	0.718	0.689
10158.000000	38	143	0.712	0.668
10164.000000	38	143	0.747	0.586
10170.000000	38	143	0.786	0.465
10176.000000	38	143	0.836	0.301
10182.000000	38	143	0.885	0.137
10188.000000	38	83	0.914	0.115
10194.000000	38	83	0.937	0.122
10200.000000	38	83	0.947	0.126
10206.000000	38	83	0.958	0.131
10212.000000	38	83	0.960	0.140
10218.000000	38	83	0.959	0.152
10224.000000	38	83	0.957	0.166
10230.000000	38	83	0.953	0.184
10236.000000	38	83	0.949	0.206
10242.000000	38	83	0.944	0.231
10248.000000	38	83	0.940	0.255
10254.000000	38	83	0.935	0.279
10260.000000	38	116	0.930	0.307
10266.000000	38	116	0.925	0.341
10272.000000	38	116	0.919	0.376
10278.000000	38	116	0.912	0.405
10284.000000	38	116	0.904	0.429
10290.000000	38	116	0.897	0.450
10296.000000	38	116	0.889	0.471
10302.000000	38	116	0.880	0.502
10308.000000	38	116	0.867	0.536
10314.000000	38	116	0.856	0.569
10320.000000	38	116	0.844	0.594
10326.000000	38	116	0.827	0.619
10332.000000	38	116	0.804	0.650
10338.000000	38	116	0.774	0.683
10344.000000	38	116	0.733	0.706
10350.000000	116	38	0.724	0.682
10356.000000	116	83	0.750	0.665
10362.000000	116	83	0.778	0.694
10368.000000	116	83	0.809	0.723
10374.000000	116	83	0.848	0.760
10380.000000	116	83	0.875	0.793
10386.000000	116	83	0.885	0.807
10392.000000	116	83	0.881	0.814
10398.000000	116	83	0.875	0.814
10404.000000	116	83	0.866	0.814
10410.000000	116	83	0.860	0.812
10416.000000	116	83	0.852	0.809
10422.000000	116	83	0.841	0.809
10428.000000	116	83	0.833	0.806
10434.000000	116	83	0.823	0.804
10440.000000	116	83	0.812	0.803
10446.000000	116	83	0.805	0.800
10452.000000	116	83	0.798	0.797
10458.000000	116	83	0.791	0.790
10464.000000	116	83	0.784	0.783
10470.000000	116	83	0.778	0.774
10476.000000	116	83	0.771	0.766
10482.000000	116	83	0.761	0.757
10488.000000	116	83	0.748	0.745
10494.000000	116	83	0.735	0.731
10500.000000	116	83	0.720	0.714
10506.000000	116	83	0.701	0.693
10512.000000	116	83	0.677	0.666
10518.000000	116	83	0.649	0.625
10524.000000	116	83	0.618	0.569
10530.000000	116	83	0.582	0.499
10536.000000	116	83	0.531	0.416
10542.000000	116	84	0.456	0.348
10548.000000	84	116	0.406	0.350
10554.000000	84	116	0.495	0.220
10560.000000	84	133	0.630	0.172
10566.000000	84	133	0.760	0.174
10572.000000	84	133	0.831	0.182
10578.000000	84	133	0.856	0.198
10584.000000	84	133	0.864	0.222
10590.000000	84	133	0.865	0.250
10596.000000	84	133	0.863	0.276
10602.000000	84	133	0.862	0.302
10608.000000	84	133	0.864	0.326
10614.000000	84	133	0.868	0.348
10620.000000	84	133	0.866	0.365
10626.000000	84	133	0.863	0.382
10632.000000	84	133	0.861	0.398
10638.000000	84	133	0.860	0.409
10644.000000	84	133	0.858	0.420
10650.000000	84	133	0.856	0.427
10656.000000	84	133	0.854	0.432
10662.000000	84	133	0.853	0.434
10668.000000	84	133	0.852	0.437
10674.000000	84	133	0.850	0.445
10680.000000	84	133	0.850	0.450
10686.000000	84	133	0.851	0.456
10692.000000	84	133	0.848	0.463
10698.000000	84	133	0.846	0.468
10704.000000	84	133	0.849	0.472
10710.000000	84	133	0.853	0.475
10716.000000	84	133	0.851	0.480
10722.000000	84	133	0.848	0.479
10728.000000	84	133	0.846	0.472
10734.000000	84	133	0.842	0.465
10740.000000	84	133	0.836	0.459
10746.000000	84	133	0.829	0.454
10752.000000	84	133	0.822	0.450
10758.000000	84	133	0.813	0.444
10764.000000	84	133	0.808	0.425
10770.000000	84	133	0.800	0.402
10776.000000	84	133	0.789	0.371
10782.000000	84	133	0.773	0.333
10788.000000	84	85	0.757	0.336
10794.000000	84	85	0.733	0.353
10800.000000	84	85	0.701	0.380
10806.000000	84	85	0.656	0.423
10812.000000	84	85	0.590	0.473
10818.000000	85	84	0.513	0.495
10824.000000	85	84	0.564	0.348
10830.000000	85	110	0.638	0.207
10836.000000	85	110	0.726	0.237
10842.000000	85	110	0.795	0.271
10848.000000	85	110	0.823	0.318
10854.000000	85	110	0.830	0.380
10860.000000	85	110	0.836	0.447
10866.000000	85	110	0.835	0.503
10872.000000	85	110	0.833	0.544
10878.000000	85	110	0.831	0.569
10884.000000	85	110	0.828	0.581
10890.000000	85	110	0.823	0.590
10896.000000	85	110	0.819	0.595
10902.000000	85	110	0.817	0.596
10908.000000	85	110	0.812	0.597
10914.000000	85	110	0.807	0.597
10920.000000	85	110	0.803	0.597
10926.000000	85	110	0.798	0.598
10932.000000	85	110	0.792	0.602
10938.000000	85	110	0.786	0.607
10944.000000	85	110	0.780	0.611
10950.000000	85	110	0.775	0.616
10956.000000	85	110	0.772	0.618
10962.000000	85	110	0.770	0.621
10968.000000	85	110	0.766	0.626
10974.000000	85	110	0.757	0.636
10980.000000	85	110	0.747	0.649
10986.000000	85	110	0.733	0.663
10992.000000	85	110	0.714	0.674
10998.000000	85	110	0.689	0.680
11004.000000	110	85	0.687	0.658
11010.000000	110	85	0.694	0.618
11016.000000	110	85	0.701	0.561
11022.000000	110	15	0.721	0.471
11028.000000	110	15	0.759	0.474
11034.000000	110	15	0.801	0.483
11040.000000	110	15	0.836	0.482
11046.000000	110	15	0.859	0.474
11052.000000	110	15	0.877	0.458
11058.000000	110	15	0.890	0.434
11064.000000	110	15	0.894	0.409
11070.000000	110	15	0.896	0.374
11076.000000	110	15	0.901	0.332
11082.000000	110	15	0.904	0.288
11088.000000	110	15	0.903	0.241
11094.000000	110	15	0.906	0.189
11100.000000	110	15	0.911	0.142
11106.000000	110	20	0.915	0.107
11112.000000	110	20	0.914	0.111
11118.000000	110	20	0.912	0.116
11124.000000	110	20	0.908	0.121
11130.000000	110	20	0.903	0.125
11136.000000	110	20	0.897	0.129
11142.000000	110	20	0.889	0.132
11148.000000	110	70	0.879	0.135
11154.000000	110	70	0.869	0.140
11160.000000	110	70	0.858	0.144
11166.000000	110	70	0.845	0.147
11172.000000	110	70	0.830	0.148
11178.000000	110	37	0.813	0.151
11184.000000	110	37	0.792	0.162
11190.000000	110	37	0.766	0.172
11196.000000	110	37	0.733	0.181
11202.000000	110	37	0.689	0.191
11208.000000	110	143	0.624	0.201
11214.000000	110	143	0.530	0.221
11220.000000	110	143	0.406	0.252
11226.000000	143	110	0.294	0.256
11232.000000	143	37	0.343	0.234
11238.000000	143	37	0.398	0.255
11244.000000	143	37	0.465	0.286
11250.000000	143	37	0.530	0.311
11256.000000	143	37	0.586	0.340
11262.000000	143	37	0.628	0.367
11268.000000	143	37	0.663	0.389
11274.000000	143	37	0.686	0.403
11280.000000	143	37	0.700	0.416
11286.000000	143	37	0.707	0.423
11292.000000	143	37	0.715	0.429
11298.000000	143	37	0.724	0.435
11304.000000	143	37	0.734	0.438
11310.000000	143	37	0.755	0.441
11316.000000	143	37	0.766	0.442
11322.000000	143	37	0.780	0.443
11328.000000	143	37	0.787	0.443
11334.000000	143	37	0.794	0.437
11340.000000	143	37	0.802	0.430
11346.000000	143	37	0.815	0.421
11352.000000	143	37	0.821	0.415
11358.000000	143	37	0.825	0.409
11364.000000	143	37	0.829	0.402
11370.000000	143	37	0.834	0.392
11376.000000	143	37	0.838	0.376
11382.000000	143	37	0.843	0.356
11388.000000	143	37	0.850	0.330
11394.000000	143	37	0.861	0.294
11400.000000	143	37	0.879	0.245
11406.000000	143	139	0.893	0.229
11412.000000	143	139	0.906	0.241
11418.000000	143	139	0.921	0.250
11424.000000	143	139	0.930	0.260
11430.000000	143	139	0.932	0.273
11436.000000	143	139	0.932	0.290
11442.000000	143	139	0.930	0.313
11448.000000	143	139	0.928	0.341
11454.000000	143	139	0.926	0.375
11460.000000	143	139	0.922	0.409
11466.000000	143	139	0.917	0.436
11472.000000	143	139	0.910	0.463
11478.000000	143	139	0.903	0.492
11484.000000	143	139	0.892	0.522
11490.000000	143	139	0.878	0.556
11496.000000	143	139	0.862	0.580
11502.000000	143	139	0.843	0.596
11508.000000	143	139	0.824	0.605
11514.000000	143	139	0.797	0.614
11520.000000	143	139	0.761	0.627
11526.000000	143	139	0.704	0.652
11532.000000	139	143	0.673	0.625
11538.000000	139	143	0.698	0.506
11544.000000	139	143	0.748	0.342
11550.000000	139	42	0.815	0.281
11556.000000	139	42	0.862	0.315
11562.000000	139	42	0.875	0.355
11568.000000	139	42	0.887	0.399
11574.000000	139	42	0.886	0.456
11580.000000	139	42	0.886	0.501
11586.000000	139	42	0.883	0.536
11592.000000	139	42	0.881	0.558
11598.000000	139	42	0.879	0.574
11604.000000	139	42	0.872	0.593
11610.000000	139	42	0.867	0.606
11616.000000	139	42	0.863	0.618
11622.000000	139	42	0.859	0.626
11628.000000	139	42	0.853	0.634
11634.000000	139	42	0.847	0.639
11640.000000	139	42	0.839	0.649
11646.000000	139	42	0.832	0.657
11652.000000	139	42	0.826	0.660
11658.000000	139	42	0.821	0.660
11664.000000	139	42	0.817	0.659
11670.000000	139	42	0.810	0.660
11676.000000	139	42	0.801	0.666
11682.000000	139	42	0.791	0.670
11688.000000	139	42	0.775	0.678
11694.000000	139	42	0.756	0.692
11700.000000	139	42	0.733	0.701
11706.000000	42	139	0.719	0.696
11712.000000	42	139	0.737	0.650
11718.000000	42	139	0.749	0.591
11724.000000	42	139	0.773	0.501
11730.000000	42	139	0.799	0.372
11736.000000	42	139	0.839	0.204
11742.000000	42	35	0.882	0.124
11748.000000	42	35	0.906	0.112
11754.000000	42	35	0.921	0.107
11760.000000	42	91	0.928	0.106
11766.000000	42	91	0.933	0.115
11772.000000	42	91	0.934	0.124
11778.000000	42	91	0.936	0.135
11784.000000	42	91	0.935	0.145
11790.000000	42	91	0.933	0.155
11796.000000	42	91	0.930	0.166
11802.000000	42	91	0.927	0.178
11808.000000	42	91	0.922	0.192
11814.000000	42	91	0.917	0.208
11820.000000	42	91	0.911	0.226
11826.000000	42	91	0.905	0.246
11832.000000	42	91	0.897	0.268
11838.000000	42	91	0.888	0.289
11844.000000	42	91	0.878	0.309
11850.000000	42	91	0.866	0.334
11856.000000	42	91	0.849	0.367
11862.000000	42	91	0.828	0.406
11868.000000	42	91	0.802	0.442
11874.000000	42	91	0.767	0.485
11880.000000	42	91	0.724	0.532
11886.000000	42	91	0.667	0.592
11892.000000	91	42	0.658	0.587
11898.000000	91	42	0.719	0.477
11904.000000	91	42	0.779	0.312
11910.000000	91	77	0.838	0.273
11916.000000	91	77	0.874	0.280
11922.000000	91	77	0.900	0.289
11928.000000	91	77	0.906	0.308
11934.000000	91	77	0.917	0.324
11940.000000	91	77	0.923	0.337
11946.000000	91	77	0.921	0.349
11952.000000	91	77	0.920	0.356
11958.000000	91	77	0.919	0.361
11964.000000	91	77	0.917	0.366
11970.000000	91	77	0.913	0.369
11976.000000	91	77	0.910	0.371
11982.000000	91	77	0.907	0.371
11988.000000	91	77	0.903	0.369
11994.000000	91	77	0.900	0.366
12000.000000	91	77	0.897	0.361
12006.000000	91	77	0.894	0.352
12012.000000	91	77	0.891	0.340
12018.000000	91	77	0.887	0.329
12024.000000	91	77	0.885	0.313
12030.000000	91	77	0.884	0.290
12036.000000	91	77	0.882	0.261
12042.000000	91	77	0.880	0.227
12048.000000	91	177	0.880	0.230
12054.000000	91	177	0.877	0.237
12060.000000	91	177	0.874	0.246
12066.000000	91	177	0.869	0.258
12072.000000	91	177	0.867	0.273
12078.000000	91	177	0.862	0.290
12084.000000	91	177	0.858	0.308
12090.000000	91	177	0.853	0.328
12096.000000	91	177	0.843	0.347
12102.000000	91	177	0.832	0.363
12108.000000	91	177	0.817	0.378
12114.000000	91	177	0.798	0.391
12120.000000	91	177	0.773	0.406
12126.000000	91	177	0.741	0.431
12132.000000	91	177	0.697	0.463
12138.000000	91	177	0.636	0.498
12144.000000	91	177	0.558	0.533
12150.000000	177	91	0.570	0.452
12156.000000	177	91	0.621	0.309
12162.000000	177	105	0.678	0.235
12168.000000	177	105	0.754	0.236
12174.000000	177	105	0.821	0.243
12180.000000	177	105	0.851	0.257
12186.000000	177	105	0.870	0.279
12192.000000	177	105	0.876	0.304
12198.000000	177	105	0.883	0.332
12204.000000	177	105	0.882	0.360
12210.000000	177	105	0.882	0.387
12216.000000	177	105	0.886	0.411
12222.000000	177	105	0.887	0.424
12228.000000	177	105	0.891	0.433
12234.000000	177	105	0.891	0.440
12240.000000	177	105	0.890	0.447
12246.000000	177	105	0.889	0.454
12252.000000	177	105	0.888	0.462
12258.000000	177	105	0.887	0.466
12264.000000	177	105	0.886	0.471
12270.000000	177	105	0.885	0.479
12276.000000	177	105	0.883	0.483
12282.000000	177	105	0.880	0.487
12288.000000	177	105	0.878	0.490
12294.000000	177	105	0.876	0.495
12300.000000	177	105	0.874	0.506
12306.000000	177	105	0.871	0.515
12312.000000	177	105	0.868	0.520
12318.000000	177	105	0.866	0.521
12324.000000	177	105	0.866	0.516
12330.000000	177	105	0.860	0.509
12336.000000	177	105	0.848	0.503
12342.000000	177	105	0.836	0.493
12348.000000	177	105	0.823	0.476
12354.000000	177	105	0.805	0.450
12360.000000	177	105	0.779	0.419
12366.000000	177	105	0.748	0.378
12372.000000	177	183	0.708	0.383
12378.000000	177	183	0.660	0.413
12384.000000	177	183	0.599	0.455
12390.000000	177	183	0.516	0.506
12396.000000	183	177	0.566	0.392
12402.000000	183	177	0.643	0.220
12408.000000	183	18	0.739	0.139
12414.000000	183	18	0.826	0.131
12420.000000	183	18	0.890	0.128
12426.000000	183	55	0.914	0.142
12432.000000	183	55	0.928	0.157
12438.000000	183	55	0.933	0.172
12444.000000	183	55	0.936	0.185
12450.000000	183	55	0.937	0.196
12456.000000	183	55	0.935	0.204
12462.000000	183	55	0.933	0.211
12468.000000	183	55	0.932	0.219
12474.000000	183	55	0.927	0.227
12480.000000	183	55	0.923	0.235
12486.000000	183	55	0.919	0.240
12492.000000	183	55	0.914	0.241
12498.000000	183	55	0.910	0.241
12504.000000	183	55	0.905	0.239
12510.000000	183	55	0.900	0.236
12516.000000	183	55	0.894	0.231
12522.000000	183	55	0.889	0.224
12528.000000	183	55	0.884	0.213
12534.000000	183	55	0.881	0.198
12540.000000	183	22	0.878	0.201
12546.000000	183	22	0.873	0.219
12552.000000	183	22	0.867	0.238
12558.000000	183	22	0.861	0.256
12564.000000	183	22	0.855	0.270
12570.000000	183	22	0.847	0.285
12576.000000	183	22	0.834	0.298
12582.000000	183	22	0.822	0.312
12588.000000	183	22	0.808	0.327
12594.000000	183	22	0.789	0.352
12600.000000	183	22	0.766	0.386
12606.000000	183	22	0.735	0.431
12612.000000	183	22	0.692	0.478
12618.000000	183	22	0.629	0.518
12624.000000	22	183	0.557	0.543
12630.000000	22	169	0.599	0.425
12636.000000	22	169	0.652	0.470
12642.000000	22	169	0.712	0.529
12648.000000	22	169	0.761	0.600
12654.000000	22	169	0.784	0.655
12660.000000	22	169	0.793	0.691
12666.000000	22	169	0.793	0.727
12672.000000	22	169	0.797	0.742
12678.000000	22	169	0.799	0.755
12684.000000	22	169	0.799	0.761
12690.000000	22	169	0.799	0.765
12696.000000	22	169	0.800	0.769
12702.000000	22	169	0.800	0.774
12708.000000	22	169	0.800	0.783
12714.000000	22	169	0.798	0.787
12720.000000	22	169	0.795	0.791
12726.000000	22	169	0.793	0.792
12732.000000	169	22	0.794	0.793
12738.000000	169	22	0.795	0.791
12744.000000	169	22	0.794	0.789
12750.000000	169	22	0.793	0.788
12756.000000	169	22	0.790	0.786
12762.000000	22	169	0.788	0.784
12768.000000	22	169	0.791	0.778
12774.000000	22	169	0.787	0.774
12780.000000	22	169	0.783	0.770
12786.000000	22	169	0.778	0.764
12792.000000	22	169	0.774	0.756
12798.000000	22	169	0.770	0.747
12804.000000	22	169	0.766	0.737
12810.000000	22	169	0.760	0.726
12816.000000	22	169	0.750	0.715
12822.000000	22	169	0.737	0.703
12828.000000	22	169	0.725	0.682
12834.000000	22	169	0.706	0.659
12840.000000	22	169	0.680	0.630
12846.000000	22	169	0.647	0.588
12852.000000	22	169	0.604	0.528
12858.000000	22	169	0.534	0.448
12864.000000	22	169	0.423	0.348
12870.000000	22	169	0.279	0.239
12876.000000	81	169	0.262	0.131
12882.000000	81	84	0.341	0.119
12888.000000	81	84	0.481	0.129
12894.000000	81	84	0.665	0.136
12900.000000	81	84	0.798	0.145
12906.000000	81	84	0.849	0.160
12912.000000	81	84	0.873	0.184
12918.000000	81	84	0.887	0.212
12924.000000	81	84	0.892	0.249
12930.000000	81	84	0.894	0.290
12936.000000	81	84	0.893	0.328
12942.000000	81	84	0.895	0.360
12948.000000	81	84	0.896	0.392
12954.000000	81	84	0.896	0.424
12960.000000	81	84	0.899	0.455
12966.000000	81	84	0.900	0.479
12972.000000	81	84	0.899	0.502
12978.000000	81	84	0.898	0.522
12984.000000	81	84	0.898	0.538
12990.000000	81	84	0.897	0.548
12996.000000	81	84	0.897	0.556
13002.000000	81	84	0.897	0.568
13008.000000	81	84	0.897	0.579
13014.000000	81	84	0.899	0.589
13020.000000	81	84	0.900	0.602
13026.000000	81	84	0.900	0.609
13032.000000	81	84	0.900	0.614
13038.000000	81	84	0.900	0.623
13044.000000	81	84	0.900	0.634
13050.000000	81	84	0.900	0.644
13056.000000	81	84	0.899	0.655
13062.000000	81	84	0.899	0.665
13068.000000	81	84	0.898	0.674
13074.000000	81	84	0.897	0.684
13080.000000	81	84	0.898	0.693
13086.000000	81	84	0.904	0.696
13092.000000	81	84	0.906	0.697
13098.000000	81	84	0.907	0.701
13104.000000	81	84	0.906	0.705
13110.000000	81	84	0.905	0.706
13116.000000	81	84	0.904	0.702
13122.000000	81	84	0.902	0.695
13128.000000	81	84	0.897	0.686
13134.000000	81	84	0.888	0.677
13140.000000	81	84	0.882	0.661
13146.000000	81	84	0.874	0.640
13152.000000	81	84	0.865	0.607
13158.000000	81	84	0.853	0.561
13164.000000	81	84	0.841	0.493
13170.000000	81	84	0.831	0.396
13176.000000	81	84	0.824	0.272
13182.000000	81	84	0.816	0.141
13188.000000	81	62	0.802	0.067
13194.000000	81	62	0.784	0.062
13200.000000	81	62	0.755	0.057
13206.000000	81	62	0.709	0.051
13212.000000	81	145	0.635	0.046
13218.000000	81	145	0.499	0.047
13224.000000	81	145	0.248	0.046
13230.000000	145	81	0.038	0.037
13236.000000	145	16	0.034	0.030
13242.000000	145	16	0.029	0.028
13248.000000	16	145	0.026	0.023
13254.000000	16	132	0.023	0.019
13260.000000	16	132	0.018	0.016
13266.000000	16	132	0.013	0.013
13272.000000	132	16	0.011	0.009
13278.000000	132	4	0.008	0.006
