0.000000	119	165	0.000	0.000
6.000000	106	97	0.981	0.040
12.000000	106	97	0.980	0.043
18.000000	106	97	0.979	0.046
24.000000	106	97	0.977	0.049
30.000000	106	97	0.976	0.051
36.000000	106	97	0.974	0.052
42.000000	106	97	0.973	0.054
48.000000	106	97	0.971	0.055
54.000000	106	143	0.969	0.055
60.000000	106	143	0.968	0.058
66.000000	106	143	0.965	0.061
72.000000	106	143	0.963	0.063
78.000000	106	143	0.961	0.065
84.000000	106	143	0.959	0.066
90.000000	106	143	0.957	0.067
96.000000	106	143	0.954	0.067
102.000000	106	143	0.952	0.067
108.000000	106	143	0.949	0.066
114.000000	106	143	0.946	0.065
120.000000	106	143	0.942	0.063
126.000000	106	143	0.939	0.061
132.000000	106	143	0.934	0.058
138.000000	106	143	0.929	0.055
144.000000	106	44	0.924	0.052
150.000000	106	44	0.917	0.048
156.000000	106	44	0.908	0.045
162.000000	106	97	0.898	0.043
168.000000	106	97	0.885	0.042
174.000000	106	97	0.869	0.042
180.000000	106	97	0.848	0.042
186.000000	106	97	0.822	0.042
192.000000	106	97	0.785	0.042
198.000000	106	97	0.734	0.041
204.000000	106	97	0.657	0.039
210.000000	106	97	0.528	0.035
216.000000	106	97	0.316	0.026
222.000000	106	97	0.085	0.015
228.000000	97	151	0.008	0.007
