0.000000	119	165	0.000	0.000
6.000000	124	154	0.981	0.042
12.000000	124	154	0.980	0.048
18.000000	124	154	0.978	0.054
24.000000	124	154	0.977	0.061
30.000000	124	154	0.975	0.068
36.000000	124	154	0.973	0.075
42.000000	124	154	0.971	0.084
48.000000	124	154	0.970	0.092
54.000000	124	154	0.968	0.100
60.000000	124	154	0.966	0.107
66.000000	124	154	0.963	0.115
72.000000	124	154	0.961	0.122
78.000000	124	154	0.958	0.128
84.000000	124	154	0.956	0.133
90.000000	124	154	0.953	0.136
96.000000	124	154	0.950	0.139
102.000000	124	154	0.947	0.141
108.000000	124	154	0.944	0.141
114.000000	124	154	0.940	0.141
120.000000	124	154	0.936	0.139
126.000000	124	154	0.931	0.136
132.000000	124	154	0.926	0.133
138.000000	124	154	0.920	0.128
144.000000	124	154	0.913	0.123
150.000000	124	154	0.905	0.117
156.000000	124	154	0.895	0.111
162.000000	124	154	0.883	0.103
168.000000	124	154	0.867	0.095
174.000000	124	154	0.848	0.084
180.000000	124	154	0.823	0.074
186.000000	124	154	0.790	0.063
192.000000	124	154	0.742	0.054
198.000000	124	154	0.672	0.045
204.000000	124	154	0.557	0.036
210.000000	124	40	0.367	0.026
216.000000	124	40	0.128	0.020
222.000000	40	183	0.013	0.011
228.000000	40	183	0.009	0.007
