0.000000	119	165	0.000	0.000
6.000000	13	160	0.981	0.048
12.000000	13	160	0.980	0.053
18.000000	13	160	0.978	0.058
24.000000	13	160	0.977	0.064
30.000000	13	160	0.975	0.069
36.000000	13	160	0.973	0.075
42.000000	13	160	0.972	0.081
48.000000	13	160	0.970	0.086
54.000000	13	160	0.968	0.091
60.000000	13	160	0.966	0.095
66.000000	13	160	0.964	0.100
72.000000	13	160	0.962	0.103
78.000000	13	160	0.959	0.106
84.000000	13	76	0.957	0.108
90.000000	13	76	0.955	0.113
96.000000	13	76	0.952	0.119
102.000000	13	76	0.950	0.123
108.000000	13	76	0.947	0.126
114.000000	13	76	0.944	0.128
120.000000	13	89	0.941	0.130
126.000000	13	89	0.937	0.134
132.000000	13	89	0.932	0.137
138.000000	13	89	0.927	0.140
144.000000	13	89	0.920	0.143
150.000000	13	89	0.912	0.145
156.000000	13	89	0.903	0.147
162.000000	13	89	0.891	0.150
168.000000	13	89	0.877	0.152
174.000000	13	89	0.860	0.155
180.000000	13	89	0.837	0.159
186.000000	13	89	0.808	0.165
192.000000	13	89	0.768	0.171
198.000000	13	89	0.711	0.179
204.000000	13	89	0.622	0.191
210.000000	13	89	0.476	0.209
216.000000	13	89	0.252	0.237
222.000000	89	13	0.289	0.053
228.000000	89	196	0.401	0.028
234.000000	89	196	0.586	0.036
240.000000	89	196	0.779	0.045
246.000000	89	98	0.888	0.053
252.000000	89	98	0.930	0.061
258.000000	89	98	0.946	0.068
264.000000	89	98	0.952	0.076
270.000000	89	98	0.955	0.084
276.000000	89	98	0.955	0.092
282.000000	89	98	0.955	0.099
288.000000	89	98	0.953	0.106
294.000000	89	98	0.951	0.113
300.000000	89	98	0.949	0.120
306.000000	89	98	0.946	0.126
312.000000	89	98	0.943	0.133
318.000000	89	98	0.940	0.138
324.000000	89	98	0.936	0.143
330.000000	89	98	0.932	0.147
336.000000	89	98	0.927	0.151
342.000000	89	98	0.922	0.154
348.000000	89	98	0.916	0.157
354.000000	89	98	0.910	0.160
360.000000	89	98	0.903	0.161
366.000000	89	98	0.895	0.161
372.000000	89	98	0.885	0.160
378.000000	89	98	0.874	0.159
384.000000	89	98	0.861	0.157
390.000000	89	98	0.844	0.155
396.000000	89	98	0.821	0.151
402.000000	89	98	0.792	0.146
408.000000	89	98	0.750	0.138
414.000000	89	98	0.687	0.129
420.000000	89	98	0.583	0.116
426.000000	89	98	0.407	0.099
432.000000	89	98	0.165	0.076
438.000000	98	24	0.055	0.010
444.000000	98	24	0.041	0.008
450.000000	98	24	0.030	0.006
456.000000	98	24	0.020	0.005
462.000000	98	157	0.012	0.005
468.000000	98	157	0.005	0.004
