0.000000	119	165	0.000	0.000
6.000000	198	112	0.981	0.042
12.000000	198	112	0.980	0.050
18.000000	198	112	0.978	0.059
24.000000	198	112	0.977	0.068
30.000000	198	112	0.975	0.078
36.000000	198	112	0.973	0.087
42.000000	198	112	0.971	0.096
48.000000	198	112	0.969	0.104
54.000000	198	112	0.967	0.112
60.000000	198	112	0.965	0.120
66.000000	198	112	0.963	0.128
72.000000	198	112	0.960	0.136
78.000000	198	112	0.958	0.144
84.000000	198	112	0.955	0.151
90.000000	198	112	0.952	0.158
96.000000	198	112	0.949	0.165
102.000000	198	112	0.946	0.170
108.000000	198	112	0.942	0.175
114.000000	198	112	0.938	0.179
120.000000	198	112	0.934	0.184
126.000000	198	112	0.929	0.188
132.000000	198	112	0.923	0.193
138.000000	198	112	0.917	0.197
144.000000	198	112	0.910	0.201
150.000000	198	112	0.901	0.205
156.000000	198	112	0.890	0.211
162.000000	198	112	0.877	0.217
168.000000	198	112	0.861	0.225
174.000000	198	112	0.840	0.235
180.000000	198	112	0.813	0.248
186.000000	198	112	0.776	0.267
192.000000	198	112	0.724	0.293
198.000000	198	112	0.643	0.331
204.000000	198	112	0.514	0.389
210.000000	112	198	0.478	0.313
216.000000	112	198	0.642	0.102
222.000000	112	107	0.841	0.053
228.000000	112	107	0.922	0.060
234.000000	112	107	0.946	0.067
240.000000	112	107	0.953	0.073
246.000000	112	107	0.954	0.078
252.000000	112	107	0.953	0.083
258.000000	112	107	0.952	0.086
264.000000	112	107	0.950	0.090
270.000000	112	107	0.947	0.092
276.000000	112	107	0.944	0.095
282.000000	112	107	0.941	0.097
288.000000	112	107	0.938	0.098
294.000000	112	107	0.934	0.099
300.000000	112	107	0.930	0.099
306.000000	112	107	0.926	0.099
312.000000	112	107	0.921	0.097
318.000000	112	107	0.916	0.096
324.000000	112	107	0.910	0.093
330.000000	112	107	0.904	0.090
336.000000	112	107	0.896	0.087
342.000000	112	107	0.888	0.082
348.000000	112	177	0.878	0.080
354.000000	112	177	0.867	0.079
360.000000	112	177	0.853	0.077
366.000000	112	22	0.835	0.075
372.000000	112	22	0.813	0.075
378.000000	112	22	0.782	0.074
384.000000	112	22	0.740	0.072
390.000000	112	22	0.676	0.068
396.000000	112	22	0.573	0.063
402.000000	112	22	0.399	0.055
408.000000	112	22	0.162	0.044
414.000000	22	32	0.035	0.018
420.000000	22	32	0.029	0.013
426.000000	22	32	0.023	0.010
432.000000	22	32	0.017	0.007
438.000000	22	43	0.011	0.006
444.000000	22	43	0.006	0.005
