0.000000	119	165	0.000	0.000
6.000000	119	165	0.981	0.034
12.000000	119	165	0.979	0.041
18.000000	119	165	0.978	0.049
24.000000	119	165	0.976	0.056
30.000000	119	165	0.975	0.064
36.000000	119	165	0.973	0.071
42.000000	119	165	0.971	0.079
48.000000	119	165	0.969	0.086
54.000000	119	165	0.967	0.093
60.000000	119	165	0.964	0.100
66.000000	119	165	0.961	0.106
72.000000	119	165	0.959	0.111
78.000000	119	165	0.956	0.115
84.000000	119	165	0.953	0.119
90.000000	119	165	0.949	0.123
96.000000	119	165	0.946	0.125
102.000000	119	165	0.943	0.126
108.000000	119	165	0.939	0.126
114.000000	119	165	0.935	0.126
120.000000	119	165	0.931	0.125
126.000000	119	165	0.927	0.123
132.000000	119	165	0.922	0.120
138.000000	119	165	0.917	0.116
144.000000	119	165	0.910	0.112
150.000000	119	165	0.903	0.107
156.000000	119	165	0.895	0.101
162.000000	119	165	0.886	0.094
168.000000	119	165	0.874	0.086
174.000000	119	165	0.859	0.078
180.000000	119	165	0.840	0.070
186.000000	119	165	0.816	0.062
192.000000	119	165	0.782	0.055
198.000000	119	165	0.735	0.049
204.000000	119	165	0.664	0.044
210.000000	119	165	0.547	0.037
216.000000	119	165	0.351	0.028
222.000000	119	13	0.112	0.018
228.000000	116	13	0.011	0.011
234.000000	195	116	0.009	0.009
