0.000000	119	165	0.000	0.000
6.000000	104	159	0.981	0.032
12.000000	104	159	0.980	0.037
18.000000	104	159	0.978	0.043
24.000000	104	159	0.977	0.049
30.000000	104	159	0.975	0.054
36.000000	104	159	0.973	0.060
42.000000	104	159	0.972	0.065
48.000000	104	159	0.970	0.070
54.000000	104	159	0.968	0.075
60.000000	104	159	0.966	0.080
66.000000	104	159	0.963	0.084
72.000000	104	159	0.961	0.089
78.000000	104	159	0.958	0.093
84.000000	104	159	0.955	0.096
90.000000	104	159	0.953	0.099
96.000000	104	159	0.950	0.101
102.000000	104	159	0.947	0.102
108.000000	104	159	0.944	0.103
114.000000	104	159	0.940	0.103
120.000000	104	159	0.936	0.102
126.000000	104	159	0.932	0.100
132.000000	104	159	0.927	0.098
138.000000	104	159	0.922	0.095
144.000000	104	159	0.915	0.091
150.000000	104	159	0.907	0.087
156.000000	104	159	0.898	0.082
162.000000	104	159	0.886	0.076
168.000000	104	159	0.871	0.069
174.000000	104	159	0.852	0.062
180.000000	104	159	0.827	0.054
186.000000	104	159	0.794	0.046
192.000000	104	159	0.748	0.039
198.000000	104	159	0.678	0.032
204.000000	104	108	0.565	0.026
210.000000	104	108	0.377	0.019
216.000000	104	194	0.136	0.012
222.000000	194	60	0.007	0.007
