0.000000	119	165	0.000	0.000
6.000000	21	140	0.981	0.032
12.000000	21	140	0.980	0.036
18.000000	21	140	0.979	0.041
24.000000	21	140	0.977	0.047
30.000000	21	140	0.976	0.052
36.000000	21	140	0.974	0.056
42.000000	21	140	0.972	0.060
48.000000	21	140	0.971	0.063
54.000000	21	140	0.969	0.066
60.000000	21	140	0.967	0.068
66.000000	21	82	0.965	0.072
72.000000	21	82	0.962	0.076
78.000000	21	82	0.960	0.080
84.000000	21	82	0.958	0.082
90.000000	21	82	0.955	0.085
96.000000	21	82	0.953	0.087
102.000000	21	82	0.950	0.088
108.000000	21	82	0.947	0.089
114.000000	21	82	0.943	0.089
120.000000	21	82	0.939	0.089
126.000000	21	82	0.934	0.088
132.000000	21	82	0.929	0.086
138.000000	21	82	0.923	0.084
144.000000	21	82	0.915	0.081
150.000000	21	82	0.907	0.077
156.000000	21	82	0.896	0.073
162.000000	21	82	0.883	0.068
168.000000	21	82	0.866	0.061
174.000000	21	82	0.844	0.054
180.000000	21	82	0.815	0.047
186.000000	21	157	0.775	0.040
192.000000	21	157	0.717	0.033
198.000000	21	58	0.625	0.030
204.000000	21	58	0.472	0.026
210.000000	21	58	0.239	0.018
216.000000	21	115	0.041	0.012
222.000000	115	83	0.009	0.006
