0.000000	119	165	0.000	0.000
6.000000	48	101	0.981	0.033
12.000000	48	101	0.980	0.036
18.000000	48	126	0.978	0.041
24.000000	48	126	0.977	0.046
30.000000	48	126	0.975	0.050
36.000000	48	30	0.973	0.053
42.000000	48	30	0.971	0.060
48.000000	48	30	0.970	0.068
54.000000	48	30	0.968	0.075
60.000000	48	30	0.966	0.083
66.000000	48	30	0.963	0.091
72.000000	48	30	0.961	0.099
78.000000	48	30	0.959	0.106
84.000000	48	30	0.956	0.112
90.000000	48	30	0.954	0.119
96.000000	48	30	0.951	0.125
102.000000	48	30	0.949	0.130
108.000000	48	30	0.946	0.135
114.000000	48	30	0.943	0.140
120.000000	48	30	0.939	0.145
126.000000	48	30	0.935	0.150
132.000000	48	30	0.931	0.154
138.000000	48	30	0.926	0.159
144.000000	48	30	0.920	0.162
150.000000	48	30	0.913	0.165
156.000000	48	30	0.905	0.167
162.000000	48	30	0.896	0.170
168.000000	48	30	0.884	0.173
174.000000	48	30	0.869	0.177
180.000000	48	30	0.849	0.182
186.000000	48	30	0.824	0.188
192.000000	48	30	0.791	0.195
198.000000	48	30	0.744	0.204
204.000000	48	30	0.674	0.215
210.000000	48	30	0.563	0.231
216.000000	48	30	0.379	0.258
222.000000	30	48	0.307	0.146
228.000000	30	55	0.420	0.042
234.000000	30	55	0.619	0.050
240.000000	30	55	0.807	0.057
246.000000	30	55	0.901	0.063
252.000000	30	55	0.934	0.070
258.000000	30	55	0.946	0.076
264.000000	30	55	0.951	0.082
270.000000	30	55	0.953	0.088
276.000000	30	55	0.953	0.093
282.000000	30	55	0.952	0.098
288.000000	30	55	0.951	0.102
294.000000	30	55	0.949	0.106
300.000000	30	55	0.947	0.109
306.000000	30	55	0.945	0.111
312.000000	30	55	0.942	0.112
318.000000	30	55	0.940	0.111
324.000000	30	55	0.936	0.110
330.000000	30	55	0.933	0.108
336.000000	30	55	0.929	0.105
342.000000	30	55	0.925	0.101
348.000000	30	55	0.920	0.097
354.000000	30	55	0.914	0.091
360.000000	30	55	0.908	0.085
366.000000	30	1	0.900	0.079
372.000000	30	1	0.891	0.073
378.000000	30	41	0.880	0.067
384.000000	30	41	0.866	0.063
390.000000	30	41	0.849	0.057
396.000000	30	41	0.827	0.050
402.000000	30	41	0.796	0.043
408.000000	30	41	0.753	0.036
414.000000	30	41	0.687	0.030
420.000000	30	182	0.578	0.026
426.000000	30	102	0.393	0.022
432.000000	30	143	0.148	0.014
438.000000	84	143	0.012	0.008
444.000000	84	66	0.010	0.006
