0.000000	119	165	0.000	0.000
6.000000	165	46	0.981	0.037
12.000000	165	46	0.979	0.043
18.000000	165	46	0.978	0.049
24.000000	165	46	0.976	0.056
30.000000	165	82	0.974	0.062
36.000000	165	82	0.973	0.070
42.000000	165	82	0.971	0.078
48.000000	165	82	0.968	0.086
54.000000	165	82	0.966	0.093
60.000000	165	82	0.963	0.099
66.000000	165	82	0.960	0.104
72.000000	165	82	0.956	0.108
78.000000	165	82	0.953	0.111
84.000000	165	82	0.949	0.113
90.000000	165	82	0.945	0.114
96.000000	165	82	0.941	0.115
102.000000	165	82	0.937	0.115
108.000000	165	82	0.932	0.114
114.000000	165	82	0.927	0.112
120.000000	165	82	0.921	0.110
126.000000	165	82	0.915	0.106
132.000000	165	82	0.908	0.102
138.000000	165	82	0.899	0.097
144.000000	165	82	0.890	0.092
150.000000	165	82	0.878	0.087
156.000000	165	82	0.864	0.080
162.000000	165	82	0.847	0.072
168.000000	165	82	0.825	0.064
174.000000	165	82	0.795	0.056
180.000000	165	82	0.754	0.050
186.000000	165	82	0.693	0.044
192.000000	165	82	0.599	0.037
198.000000	165	82	0.445	0.029
204.000000	165	175	0.221	0.019
210.000000	165	175	0.036	0.011
216.000000	39	175	0.006	0.006
