0.000000	119	165	0.000	0.000
6.000000	93	138	0.981	0.032
12.000000	93	138	0.980	0.037
18.000000	93	138	0.978	0.042
24.000000	93	138	0.977	0.047
30.000000	93	138	0.975	0.052
36.000000	93	138	0.973	0.058
42.000000	93	138	0.972	0.062
48.000000	93	138	0.970	0.066
54.000000	93	169	0.968	0.071
60.000000	93	169	0.966	0.076
66.000000	93	169	0.963	0.081
72.000000	93	169	0.961	0.085
78.000000	93	169	0.958	0.089
84.000000	93	169	0.956	0.093
90.000000	93	169	0.953	0.097
96.000000	93	169	0.951	0.101
102.000000	93	169	0.948	0.104
108.000000	93	169	0.945	0.107
114.000000	93	169	0.941	0.110
120.000000	93	169	0.938	0.113
126.000000	93	169	0.933	0.115
132.000000	93	169	0.929	0.116
138.000000	93	169	0.923	0.118
144.000000	93	169	0.916	0.118
150.000000	93	169	0.908	0.118
156.000000	93	169	0.899	0.117
162.000000	93	169	0.888	0.115
168.000000	93	169	0.874	0.113
174.000000	93	169	0.856	0.108
180.000000	93	169	0.834	0.103
186.000000	93	169	0.806	0.095
192.000000	93	169	0.766	0.086
198.000000	93	169	0.709	0.075
204.000000	93	169	0.618	0.063
210.000000	93	169	0.466	0.050
216.000000	93	169	0.233	0.033
222.000000	93	169	0.038	0.017
228.000000	84	105	0.009	0.008
