0.000000	119	165	0.000	0.000
6.000000	33	149	0.981	0.036
12.000000	33	35	0.980	0.040
18.000000	33	35	0.978	0.045
24.000000	33	35	0.977	0.050
30.000000	33	35	0.975	0.053
36.000000	33	35	0.973	0.057
42.000000	33	35	0.972	0.060
48.000000	33	35	0.970	0.064
54.000000	33	35	0.968	0.067
60.000000	33	35	0.966	0.070
66.000000	33	35	0.964	0.072
72.000000	33	35	0.961	0.074
78.000000	33	42	0.959	0.077
84.000000	33	42	0.956	0.079
90.000000	33	42	0.954	0.082
96.000000	33	42	0.951	0.084
102.000000	33	42	0.949	0.085
108.000000	33	42	0.946	0.086
114.000000	33	42	0.942	0.087
120.000000	33	42	0.939	0.088
126.000000	33	42	0.934	0.088
132.000000	33	42	0.929	0.088
138.000000	33	42	0.924	0.087
144.000000	33	42	0.917	0.085
150.000000	33	42	0.909	0.084
156.000000	33	42	0.899	0.081
162.000000	33	42	0.887	0.079
168.000000	33	42	0.872	0.076
174.000000	33	42	0.853	0.072
180.000000	33	42	0.829	0.068
186.000000	33	42	0.796	0.063
192.000000	33	42	0.750	0.059
198.000000	33	42	0.683	0.054
204.000000	33	42	0.576	0.048
210.000000	33	42	0.400	0.040
216.000000	33	42	0.162	0.028
222.000000	42	192	0.017	0.015
228.000000	192	42	0.011	0.010
234.000000	192	149	0.009	0.007
