0.000000	119	165	0.000	0.000
6.000000	18	9	0.981	0.045
12.000000	18	9	0.979	0.050
18.000000	18	9	0.978	0.056
24.000000	18	9	0.976	0.062
30.000000	18	9	0.974	0.069
36.000000	18	9	0.972	0.076
42.000000	18	9	0.970	0.083
48.000000	18	9	0.968	0.090
54.000000	18	9	0.966	0.097
60.000000	18	9	0.963	0.103
66.000000	18	9	0.960	0.108
72.000000	18	9	0.958	0.113
78.000000	18	9	0.955	0.116
84.000000	18	9	0.952	0.119
90.000000	18	9	0.949	0.120
96.000000	18	9	0.946	0.121
102.000000	18	9	0.943	0.121
108.000000	18	9	0.940	0.120
114.000000	18	9	0.937	0.118
120.000000	18	9	0.934	0.116
126.000000	18	9	0.930	0.113
132.000000	18	9	0.926	0.110
138.000000	18	9	0.921	0.106
144.000000	18	9	0.916	0.102
150.000000	18	9	0.910	0.097
156.000000	18	9	0.903	0.091
162.000000	18	9	0.894	0.085
168.000000	18	9	0.882	0.078
174.000000	18	9	0.868	0.071
180.000000	18	9	0.849	0.065
186.000000	18	9	0.826	0.060
192.000000	18	9	0.794	0.055
198.000000	18	9	0.751	0.051
204.000000	18	9	0.687	0.046
210.000000	18	9	0.586	0.040
216.000000	18	9	0.417	0.031
222.000000	18	117	0.176	0.022
228.000000	117	18	0.015	0.014
234.000000	117	3	0.011	0.011
240.000000	117	3	0.009	0.009
