0.000000	119	165	0.000	0.000
6.000000	153	80	0.981	0.036
12.000000	153	80	0.980	0.040
18.000000	153	80	0.978	0.045
24.000000	153	80	0.977	0.050
30.000000	153	80	0.975	0.055
36.000000	153	80	0.973	0.060
42.000000	153	80	0.971	0.066
48.000000	153	80	0.969	0.072
54.000000	153	80	0.967	0.077
60.000000	153	80	0.964	0.082
66.000000	153	80	0.962	0.086
72.000000	153	80	0.959	0.090
78.000000	153	80	0.956	0.094
84.000000	153	80	0.953	0.097
90.000000	153	80	0.950	0.099
96.000000	153	80	0.947	0.100
102.000000	153	80	0.944	0.100
108.000000	153	80	0.941	0.100
114.000000	153	80	0.938	0.100
120.000000	153	80	0.934	0.098
126.000000	153	80	0.930	0.097
132.000000	153	80	0.925	0.094
138.000000	153	80	0.920	0.091
144.000000	153	80	0.914	0.088
150.000000	153	80	0.907	0.083
156.000000	153	80	0.899	0.079
162.000000	153	80	0.888	0.074
168.000000	153	80	0.875	0.068
174.000000	153	80	0.858	0.063
180.000000	153	80	0.837	0.057
186.000000	153	80	0.809	0.053
192.000000	153	80	0.772	0.049
198.000000	153	80	0.719	0.045
204.000000	153	85	0.640	0.042
210.000000	153	85	0.509	0.040
216.000000	153	85	0.298	0.034
222.000000	153	85	0.076	0.024
228.000000	85	167	0.015	0.010
234.000000	85	167	0.011	0.008
240.000000	85	167	0.007	0.006
