0.000000	119	165	0.000	0.000
6.000000	25	18	0.981	0.033
12.000000	25	18	0.980	0.037
18.000000	25	18	0.979	0.041
24.000000	25	18	0.977	0.046
30.000000	25	18	0.976	0.051
36.000000	25	18	0.974	0.055
42.000000	25	18	0.972	0.059
48.000000	25	18	0.971	0.063
54.000000	25	18	0.969	0.066
60.000000	25	18	0.967	0.069
66.000000	25	18	0.965	0.070
72.000000	25	132	0.962	0.075
78.000000	25	132	0.960	0.079
84.000000	25	132	0.957	0.083
90.000000	25	132	0.955	0.086
96.000000	25	132	0.952	0.089
102.000000	25	132	0.949	0.092
108.000000	25	132	0.946	0.094
114.000000	25	132	0.942	0.096
120.000000	25	132	0.938	0.096
126.000000	25	132	0.933	0.096
132.000000	25	132	0.928	0.096
138.000000	25	132	0.922	0.094
144.000000	25	132	0.915	0.091
150.000000	25	132	0.907	0.087
156.000000	25	132	0.898	0.082
162.000000	25	132	0.886	0.076
168.000000	25	132	0.871	0.068
174.000000	25	132	0.853	0.059
180.000000	25	132	0.830	0.049
186.000000	25	132	0.799	0.039
192.000000	25	58	0.756	0.035
198.000000	25	58	0.692	0.033
204.000000	25	47	0.591	0.030
210.000000	25	47	0.420	0.026
216.000000	25	47	0.178	0.018
222.000000	25	47	0.014	0.011
228.000000	47	128	0.007	0.007
