0.000000	119	165	0.000	0.000
6.000000	117	198	0.981	0.040
12.000000	117	198	0.980	0.043
18.000000	117	198	0.979	0.046
24.000000	117	14	0.977	0.050
30.000000	117	14	0.975	0.055
36.000000	117	14	0.973	0.060
42.000000	117	82	0.971	0.065
48.000000	117	82	0.969	0.074
54.000000	117	82	0.967	0.083
60.000000	117	82	0.965	0.092
66.000000	117	82	0.963	0.100
72.000000	117	82	0.960	0.109
78.000000	117	82	0.957	0.117
84.000000	117	82	0.955	0.124
90.000000	117	82	0.952	0.129
96.000000	117	82	0.949	0.134
102.000000	117	82	0.946	0.138
108.000000	117	82	0.942	0.141
114.000000	117	82	0.938	0.142
120.000000	117	82	0.934	0.142
126.000000	117	82	0.930	0.141
132.000000	117	82	0.925	0.138
138.000000	117	82	0.919	0.133
144.000000	117	82	0.912	0.126
150.000000	117	82	0.905	0.118
156.000000	117	82	0.897	0.109
162.000000	117	82	0.887	0.098
168.000000	117	82	0.875	0.085
174.000000	117	82	0.860	0.071
180.000000	117	18	0.842	0.057
186.000000	117	18	0.817	0.051
192.000000	117	18	0.785	0.045
198.000000	117	198	0.739	0.040
204.000000	117	198	0.671	0.038
210.000000	117	198	0.562	0.035
216.000000	117	198	0.378	0.029
222.000000	117	198	0.138	0.018
228.000000	69	53	0.010	0.009
