0.000000	119	165	0.000	0.000
6.000000	176	131	0.981	0.036
12.000000	176	131	0.980	0.041
18.000000	176	131	0.979	0.045
24.000000	176	131	0.977	0.049
30.000000	176	131	0.976	0.052
36.000000	176	131	0.974	0.055
42.000000	176	58	0.973	0.060
48.000000	176	58	0.971	0.067
54.000000	176	58	0.969	0.075
60.000000	176	58	0.967	0.083
66.000000	176	58	0.964	0.090
72.000000	176	58	0.962	0.098
78.000000	176	58	0.959	0.106
84.000000	176	58	0.957	0.113
90.000000	176	58	0.954	0.121
96.000000	176	58	0.950	0.128
102.000000	176	58	0.947	0.134
108.000000	176	58	0.943	0.140
114.000000	176	58	0.939	0.147
120.000000	176	58	0.935	0.153
126.000000	176	58	0.929	0.157
132.000000	176	58	0.924	0.161
138.000000	176	58	0.917	0.164
144.000000	176	58	0.909	0.168
150.000000	176	58	0.900	0.173
156.000000	176	58	0.889	0.179
162.000000	176	58	0.875	0.185
168.000000	176	58	0.859	0.193
174.000000	176	58	0.838	0.201
180.000000	176	58	0.810	0.211
186.000000	176	58	0.773	0.225
192.000000	176	58	0.720	0.243
198.000000	176	58	0.638	0.269
204.000000	176	58	0.504	0.307
210.000000	58	176	0.369	0.296
216.000000	58	176	0.492	0.086
222.000000	58	115	0.707	0.037
228.000000	58	115	0.861	0.044
234.000000	58	47	0.921	0.054
240.000000	58	47	0.941	0.064
246.000000	58	47	0.948	0.074
252.000000	58	47	0.949	0.085
258.000000	58	47	0.949	0.097
264.000000	58	47	0.947	0.108
270.000000	58	47	0.944	0.119
276.000000	58	47	0.941	0.130
282.000000	58	47	0.938	0.141
288.000000	58	47	0.934	0.151
294.000000	58	47	0.929	0.161
300.000000	58	47	0.925	0.171
306.000000	58	47	0.919	0.181
312.000000	58	47	0.913	0.190
318.000000	58	47	0.907	0.198
324.000000	58	47	0.899	0.206
330.000000	58	47	0.891	0.214
336.000000	58	47	0.880	0.222
342.000000	58	47	0.868	0.230
348.000000	58	47	0.854	0.240
354.000000	58	47	0.836	0.251
360.000000	58	47	0.813	0.263
366.000000	58	47	0.784	0.277
372.000000	58	47	0.743	0.296
378.000000	58	47	0.683	0.320
384.000000	58	47	0.590	0.353
390.000000	58	47	0.438	0.407
396.000000	47	58	0.509	0.227
402.000000	47	58	0.680	0.063
408.000000	47	154	0.847	0.050
414.000000	47	169	0.919	0.053
420.000000	47	35	0.944	0.054
426.000000	47	35	0.952	0.058
432.000000	47	35	0.955	0.062
438.000000	47	35	0.954	0.065
444.000000	47	6	0.953	0.068
450.000000	47	6	0.951	0.071
456.000000	47	6	0.948	0.075
462.000000	47	6	0.944	0.077
468.000000	47	6	0.940	0.080
474.000000	47	6	0.936	0.081
480.000000	47	6	0.931	0.083
486.000000	47	6	0.926	0.083
492.000000	47	6	0.920	0.084
498.000000	47	6	0.914	0.084
504.000000	47	6	0.907	0.084
510.000000	47	6	0.900	0.084
516.000000	47	6	0.891	0.082
522.000000	47	6	0.881	0.081
528.000000	47	6	0.870	0.078
534.000000	47	6	0.857	0.075
540.000000	47	6	0.840	0.071
546.000000	47	6	0.820	0.067
552.000000	47	6	0.793	0.061
558.000000	47	6	0.755	0.056
564.000000	47	6	0.700	0.049
570.000000	47	6	0.612	0.043
576.000000	47	6	0.463	0.034
582.000000	47	50	0.238	0.026
588.000000	47	50	0.047	0.016
594.000000	198	63	0.010	0.010
600.000000	198	82	0.008	0.008
