0.000000	119	165	0.000	0.000
6.000000	44	139	0.981	0.031
12.000000	44	139	0.980	0.034
18.000000	44	139	0.979	0.037
24.000000	44	139	0.977	0.039
30.000000	44	192	0.976	0.043
36.000000	44	192	0.974	0.048
42.000000	44	192	0.972	0.052
48.000000	44	192	0.971	0.056
54.000000	44	192	0.969	0.061
60.000000	44	192	0.967	0.064
66.000000	44	192	0.965	0.066
72.000000	44	192	0.963	0.068
78.000000	44	192	0.961	0.070
84.000000	44	192	0.959	0.070
90.000000	44	192	0.958	0.070
96.000000	44	192	0.956	0.070
102.000000	44	192	0.954	0.069
108.000000	44	192	0.952	0.068
114.000000	44	192	0.950	0.066
120.000000	44	192	0.948	0.064
126.000000	44	192	0.946	0.061
132.000000	44	192	0.943	0.060
138.000000	44	192	0.940	0.057
144.000000	44	10	0.936	0.055
150.000000	44	42	0.931	0.053
156.000000	44	42	0.925	0.052
162.000000	44	42	0.917	0.051
168.000000	44	42	0.908	0.050
174.000000	44	42	0.896	0.050
180.000000	44	42	0.881	0.049
186.000000	44	42	0.862	0.049
192.000000	44	42	0.838	0.048
198.000000	44	42	0.807	0.048
204.000000	44	42	0.763	0.048
210.000000	44	42	0.699	0.047
216.000000	44	42	0.596	0.045
222.000000	44	42	0.419	0.041
228.000000	44	42	0.169	0.032
234.000000	42	72	0.022	0.014
240.000000	42	72	0.016	0.011
246.000000	42	72	0.011	0.008
252.000000	42	72	0.006	0.006
