0.000000	119	165	0.000	0.000
6.000000	105	173	0.981	0.041
12.000000	105	173	0.980	0.048
18.000000	105	173	0.979	0.054
24.000000	105	173	0.977	0.061
30.000000	105	173	0.975	0.067
36.000000	105	173	0.974	0.074
42.000000	105	173	0.972	0.080
48.000000	105	173	0.970	0.087
54.000000	105	173	0.968	0.093
60.000000	105	173	0.966	0.099
66.000000	105	173	0.963	0.105
72.000000	105	173	0.961	0.110
78.000000	105	173	0.959	0.114
84.000000	105	173	0.956	0.117
90.000000	105	173	0.954	0.120
96.000000	105	173	0.951	0.123
102.000000	105	135	0.949	0.125
108.000000	105	135	0.946	0.126
114.000000	105	135	0.943	0.127
120.000000	105	135	0.940	0.127
126.000000	105	135	0.936	0.126
132.000000	105	135	0.932	0.124
138.000000	105	135	0.927	0.122
144.000000	105	135	0.921	0.118
150.000000	105	173	0.914	0.113
156.000000	105	173	0.906	0.109
162.000000	105	173	0.896	0.104
168.000000	105	173	0.884	0.097
174.000000	105	173	0.868	0.089
180.000000	105	173	0.848	0.079
186.000000	105	173	0.821	0.070
192.000000	105	173	0.784	0.060
198.000000	105	173	0.731	0.052
204.000000	105	173	0.650	0.044
210.000000	105	173	0.514	0.034
216.000000	105	96	0.293	0.026
222.000000	105	96	0.068	0.015
228.000000	96	89	0.009	0.008
