0.000000	119	165	0.000	0.000
6.000000	190	23	0.981	0.038
12.000000	190	23	0.979	0.044
18.000000	190	23	0.978	0.052
24.000000	190	23	0.976	0.061
30.000000	190	23	0.974	0.069
36.000000	190	23	0.971	0.077
42.000000	190	23	0.969	0.084
48.000000	190	23	0.966	0.090
54.000000	190	23	0.964	0.095
60.000000	190	23	0.961	0.099
66.000000	190	23	0.958	0.101
72.000000	190	23	0.955	0.103
78.000000	190	195	0.952	0.108
84.000000	190	195	0.949	0.112
90.000000	190	195	0.946	0.116
96.000000	190	195	0.943	0.119
102.000000	190	195	0.940	0.121
108.000000	190	195	0.937	0.122
114.000000	190	195	0.934	0.122
120.000000	190	195	0.930	0.120
126.000000	190	195	0.926	0.117
132.000000	190	195	0.922	0.113
138.000000	190	195	0.918	0.108
144.000000	190	195	0.913	0.102
150.000000	190	195	0.907	0.095
156.000000	190	195	0.901	0.086
162.000000	190	195	0.892	0.077
168.000000	190	195	0.882	0.066
174.000000	190	195	0.869	0.055
180.000000	190	23	0.851	0.047
186.000000	190	23	0.828	0.046
192.000000	190	23	0.796	0.045
198.000000	190	23	0.753	0.045
204.000000	190	23	0.689	0.045
210.000000	190	23	0.588	0.043
216.000000	190	23	0.418	0.037
222.000000	190	23	0.177	0.025
228.000000	141	23	0.016	0.014
234.000000	141	23	0.012	0.008
240.000000	141	119	0.009	0.005
