0.000000	119	165	0.000	0.000
6.000000	16	7	0.981	0.031
12.000000	16	7	0.980	0.035
18.000000	16	110	0.979	0.040
24.000000	16	110	0.978	0.047
30.000000	16	110	0.976	0.055
36.000000	16	110	0.974	0.062
42.000000	16	110	0.973	0.068
48.000000	16	110	0.971	0.073
54.000000	16	110	0.969	0.078
60.000000	16	110	0.967	0.082
66.000000	16	110	0.964	0.086
72.000000	16	110	0.961	0.089
78.000000	16	188	0.958	0.094
84.000000	16	188	0.955	0.100
90.000000	16	188	0.952	0.105
96.000000	16	188	0.948	0.110
102.000000	16	188	0.944	0.114
108.000000	16	188	0.940	0.117
114.000000	16	188	0.935	0.120
120.000000	16	188	0.930	0.122
126.000000	16	188	0.925	0.123
132.000000	16	188	0.919	0.123
138.000000	16	188	0.912	0.123
144.000000	16	188	0.904	0.122
150.000000	16	188	0.895	0.120
156.000000	16	188	0.884	0.118
162.000000	16	188	0.872	0.117
168.000000	16	188	0.856	0.113
174.000000	16	188	0.836	0.108
180.000000	16	188	0.810	0.101
186.000000	16	188	0.775	0.093
192.000000	16	188	0.726	0.083
198.000000	16	188	0.652	0.072
204.000000	16	188	0.533	0.060
210.000000	16	188	0.336	0.047
216.000000	16	188	0.106	0.031
222.000000	188	7	0.019	0.012
228.000000	188	35	0.011	0.008
234.000000	122	35	0.006	0.006
