0.000000	119	165	0.000	0.000
6.000000	185	179	0.981	0.041
12.000000	185	179	0.980	0.047
18.000000	185	179	0.979	0.054
24.000000	185	179	0.977	0.061
30.000000	185	179	0.976	0.069
36.000000	185	179	0.974	0.076
42.000000	185	179	0.972	0.084
48.000000	185	179	0.971	0.092
54.000000	185	179	0.969	0.098
60.000000	185	179	0.967	0.105
66.000000	185	179	0.965	0.110
72.000000	185	179	0.964	0.115
78.000000	185	179	0.962	0.120
84.000000	185	179	0.960	0.124
90.000000	185	179	0.958	0.128
96.000000	185	179	0.955	0.131
102.000000	185	179	0.953	0.134
108.000000	185	179	0.951	0.136
114.000000	185	179	0.948	0.137
120.000000	185	179	0.945	0.138
126.000000	185	179	0.941	0.139
132.000000	185	179	0.937	0.138
138.000000	185	179	0.932	0.137
144.000000	185	179	0.926	0.135
150.000000	185	179	0.919	0.134
156.000000	185	179	0.911	0.131
162.000000	185	179	0.901	0.128
168.000000	185	179	0.889	0.123
174.000000	185	179	0.875	0.116
180.000000	185	179	0.857	0.107
186.000000	185	179	0.834	0.096
192.000000	185	179	0.804	0.084
198.000000	185	179	0.764	0.071
204.000000	185	179	0.705	0.058
210.000000	185	179	0.613	0.045
216.000000	185	179	0.456	0.030
222.000000	185	165	0.218	0.019
228.000000	185	1	0.030	0.011
234.000000	1	14	0.007	0.007
