0.000000	119	165	0.000	0.000
6.000000	32	61	0.981	0.044
12.000000	32	34	0.980	0.049
18.000000	32	34	0.978	0.056
24.000000	32	34	0.977	0.062
30.000000	32	34	0.975	0.068
36.000000	32	34	0.973	0.073
42.000000	32	34	0.971	0.078
48.000000	32	34	0.969	0.081
54.000000	32	112	0.967	0.086
60.000000	32	112	0.965	0.091
66.000000	32	112	0.963	0.095
72.000000	32	112	0.960	0.099
78.000000	32	112	0.958	0.102
84.000000	32	112	0.956	0.105
90.000000	32	112	0.953	0.108
96.000000	32	112	0.951	0.110
102.000000	32	112	0.948	0.110
108.000000	32	112	0.946	0.111
114.000000	32	112	0.943	0.110
120.000000	32	112	0.939	0.109
126.000000	32	112	0.935	0.107
132.000000	32	112	0.931	0.104
138.000000	32	112	0.926	0.100
144.000000	32	112	0.920	0.095
150.000000	32	112	0.913	0.090
156.000000	32	112	0.904	0.084
162.000000	32	112	0.892	0.077
168.000000	32	112	0.877	0.069
174.000000	32	112	0.858	0.060
180.000000	32	112	0.832	0.052
186.000000	32	34	0.796	0.048
192.000000	32	34	0.745	0.046
198.000000	32	34	0.667	0.043
204.000000	32	34	0.540	0.037
210.000000	32	34	0.332	0.026
216.000000	32	132	0.098	0.015
222.000000	132	38	0.009	0.009
