0.000000	119	165	0.000	0.000
6.000000	6	72	0.981	0.035
12.000000	6	72	0.980	0.038
18.000000	6	72	0.978	0.042
24.000000	6	2	0.977	0.048
30.000000	6	2	0.975	0.056
36.000000	6	2	0.973	0.063
42.000000	6	2	0.972	0.070
48.000000	6	2	0.970	0.077
54.000000	6	2	0.968	0.083
60.000000	6	2	0.965	0.090
66.000000	6	2	0.962	0.097
72.000000	6	2	0.959	0.104
78.000000	6	2	0.956	0.111
84.000000	6	2	0.952	0.118
90.000000	6	2	0.948	0.124
96.000000	6	2	0.944	0.129
102.000000	6	2	0.940	0.134
108.000000	6	2	0.935	0.138
114.000000	6	2	0.930	0.141
120.000000	6	2	0.925	0.143
126.000000	6	2	0.919	0.145
132.000000	6	2	0.912	0.146
138.000000	6	2	0.904	0.146
144.000000	6	2	0.895	0.147
150.000000	6	2	0.885	0.146
156.000000	6	2	0.873	0.146
162.000000	6	2	0.858	0.147
168.000000	6	2	0.839	0.149
174.000000	6	2	0.816	0.151
180.000000	6	2	0.785	0.152
186.000000	6	2	0.742	0.153
192.000000	6	2	0.680	0.152
198.000000	6	2	0.582	0.149
204.000000	6	2	0.418	0.144
210.000000	6	2	0.187	0.134
216.000000	2	6	0.128	0.019
222.000000	2	48	0.130	0.009
228.000000	2	59	0.141	0.010
234.000000	2	59	0.161	0.013
240.000000	2	59	0.191	0.016
246.000000	2	59	0.237	0.020
252.000000	2	59	0.303	0.024
258.000000	2	59	0.400	0.031
264.000000	2	59	0.535	0.039
270.000000	2	59	0.692	0.047
276.000000	2	59	0.814	0.055
282.000000	2	59	0.878	0.064
288.000000	2	59	0.909	0.073
294.000000	2	59	0.924	0.083
300.000000	2	59	0.932	0.092
306.000000	2	59	0.935	0.102
312.000000	2	59	0.936	0.111
318.000000	2	59	0.936	0.120
324.000000	2	59	0.935	0.130
330.000000	2	59	0.934	0.138
336.000000	2	59	0.933	0.146
342.000000	2	59	0.933	0.152
348.000000	2	59	0.931	0.158
354.000000	2	59	0.928	0.163
360.000000	2	59	0.925	0.168
366.000000	2	59	0.921	0.171
372.000000	2	59	0.917	0.175
378.000000	2	59	0.913	0.177
384.000000	2	59	0.908	0.180
390.000000	2	59	0.903	0.182
396.000000	2	59	0.896	0.183
402.000000	2	59	0.888	0.184
408.000000	2	59	0.877	0.186
414.000000	2	59	0.865	0.186
420.000000	2	59	0.852	0.184
426.000000	2	59	0.833	0.182
432.000000	2	59	0.808	0.179
438.000000	2	59	0.773	0.175
444.000000	2	59	0.723	0.169
450.000000	2	59	0.648	0.159
456.000000	2	59	0.522	0.147
462.000000	2	59	0.315	0.130
468.000000	59	2	0.109	0.087
474.000000	59	64	0.094	0.018
480.000000	59	64	0.083	0.014
486.000000	59	140	0.073	0.013
492.000000	59	140	0.063	0.014
498.000000	59	140	0.053	0.014
504.000000	59	140	0.042	0.013
510.000000	59	140	0.031	0.012
516.000000	59	140	0.021	0.011
522.000000	59	140	0.011	0.009
528.000000	140	8	0.008	0.007
