0.000000	119	165	0.000	0.000
6.000000	80	153	0.981	0.037
12.000000	80	153	0.980	0.045
18.000000	80	153	0.978	0.054
24.000000	80	153	0.977	0.065
30.000000	80	153	0.975	0.076
36.000000	80	153	0.973	0.087
42.000000	80	153	0.971	0.099
48.000000	80	153	0.969	0.112
54.000000	80	153	0.967	0.125
60.000000	80	153	0.965	0.140
66.000000	80	153	0.962	0.154
72.000000	80	153	0.959	0.168
78.000000	80	153	0.956	0.182
84.000000	80	153	0.953	0.195
90.000000	80	153	0.950	0.207
96.000000	80	153	0.947	0.219
102.000000	80	153	0.943	0.232
108.000000	80	153	0.939	0.244
114.000000	80	153	0.935	0.254
120.000000	80	153	0.930	0.264
126.000000	80	153	0.925	0.273
132.000000	80	153	0.919	0.281
138.000000	80	153	0.912	0.291
144.000000	80	153	0.904	0.306
150.000000	80	153	0.894	0.327
156.000000	80	153	0.882	0.356
162.000000	80	153	0.866	0.393
168.000000	80	153	0.845	0.438
174.000000	80	153	0.818	0.487
180.000000	80	153	0.778	0.540
186.000000	80	153	0.719	0.595
192.000000	153	80	0.655	0.623
198.000000	153	80	0.721	0.468
204.000000	153	80	0.822	0.249
210.000000	153	80	0.918	0.078
216.000000	153	85	0.951	0.049
222.000000	153	104	0.956	0.054
228.000000	153	104	0.956	0.059
234.000000	153	104	0.954	0.065
240.000000	153	104	0.951	0.071
246.000000	153	104	0.947	0.076
252.000000	153	104	0.943	0.080
258.000000	153	104	0.938	0.084
264.000000	153	104	0.933	0.087
270.000000	153	104	0.928	0.090
276.000000	153	104	0.922	0.091
282.000000	153	104	0.916	0.092
288.000000	153	104	0.909	0.092
294.000000	153	81	0.902	0.093
300.000000	153	81	0.894	0.094
306.000000	153	81	0.884	0.094
312.000000	153	81	0.873	0.093
318.000000	153	81	0.860	0.091
324.000000	153	81	0.845	0.089
330.000000	153	81	0.825	0.085
336.000000	153	81	0.801	0.081
342.000000	153	81	0.768	0.076
348.000000	153	81	0.722	0.071
354.000000	153	81	0.651	0.064
360.000000	153	81	0.536	0.056
366.000000	153	81	0.348	0.045
372.000000	153	81	0.125	0.031
378.000000	81	89	0.019	0.018
384.000000	89	85	0.014	0.013
390.000000	89	85	0.011	0.010
396.000000	89	85	0.008	0.007
