0.000000	119	165	0.000	0.000
6.000000	84	169	0.981	0.036
12.000000	84	169	0.980	0.040
18.000000	84	169	0.979	0.044
24.000000	84	169	0.977	0.048
30.000000	84	169	0.976	0.052
36.000000	84	169	0.974	0.055
42.000000	84	169	0.973	0.059
48.000000	84	169	0.971	0.062
54.000000	84	169	0.969	0.065
60.000000	84	169	0.967	0.069
66.000000	84	169	0.965	0.072
72.000000	84	169	0.963	0.074
78.000000	84	169	0.960	0.077
84.000000	84	169	0.958	0.079
90.000000	84	169	0.955	0.081
96.000000	84	169	0.953	0.083
102.000000	84	169	0.950	0.084
108.000000	84	169	0.947	0.085
114.000000	84	169	0.943	0.085
120.000000	84	169	0.940	0.085
126.000000	84	169	0.936	0.084
132.000000	84	169	0.931	0.082
138.000000	84	169	0.925	0.080
144.000000	84	169	0.919	0.078
150.000000	84	169	0.912	0.075
156.000000	84	169	0.903	0.071
162.000000	84	169	0.892	0.066
168.000000	84	169	0.878	0.061
174.000000	84	169	0.861	0.055
180.000000	84	169	0.839	0.050
186.000000	84	169	0.810	0.044
192.000000	84	169	0.771	0.038
198.000000	84	169	0.715	0.032
204.000000	84	169	0.628	0.026
210.000000	84	164	0.485	0.020
216.000000	84	50	0.259	0.016
222.000000	84	50	0.051	0.011
228.000000	50	172	0.008	0.005
