0.000000	125	102	0.000	0.000
6.000000	145	16	0.986	0.031
12.000000	145	16	0.985	0.033
18.000000	145	16	0.984	0.036
24.000000	145	183	0.983	0.039
30.000000	145	183	0.982	0.041
36.000000	145	183	0.980	0.044
42.000000	145	183	0.979	0.047
48.000000	145	15	0.977	0.050
54.000000	145	15	0.976	0.054
60.000000	145	15	0.974	0.058
66.000000	145	153	0.973	0.062
72.000000	145	55	0.972	0.068
78.000000	145	55	0.970	0.073
84.000000	145	55	0.969	0.077
90.000000	145	55	0.968	0.081
96.000000	145	55	0.967	0.085
102.000000	145	55	0.966	0.088
108.000000	145	55	0.965	0.091
114.000000	145	55	0.964	0.093
120.000000	145	55	0.963	0.094
126.000000	145	95	0.963	0.094
132.000000	145	95	0.963	0.095
138.000000	145	85	0.963	0.094
144.000000	145	85	0.963	0.091
150.000000	145	95	0.963	0.086
156.000000	145	95	0.964	0.078
162.000000	145	95	0.964	0.067
168.000000	145	95	0.965	0.055
174.000000	145	16	0.965	0.049
180.000000	145	16	0.963	0.043
186.000000	145	16	0.961	0.038
192.000000	145	16	0.958	0.035
198.000000	145	16	0.954	0.033
204.000000	145	16	0.950	0.032
210.000000	145	16	0.944	0.031
216.000000	145	16	0.937	0.031
222.000000	145	16	0.928	0.031
228.000000	145	16	0.917	0.031
234.000000	145	16	0.903	0.031
240.000000	145	183	0.885	0.031
246.000000	145	183	0.862	0.031
252.000000	145	183	0.828	0.031
258.000000	145	183	0.777	0.031
264.000000	145	80	0.693	0.030
270.000000	145	80	0.531	0.029
276.000000	145	80	0.202	0.018
282.000000	192	80	0.005	0.005
