0.000000	125	102	0.000	0.000
6.000000	164	193	0.986	0.050
12.000000	164	193	0.985	0.056
18.000000	164	193	0.984	0.063
24.000000	164	193	0.982	0.071
30.000000	164	193	0.981	0.079
36.000000	164	193	0.980	0.088
42.000000	164	193	0.978	0.098
48.000000	164	193	0.976	0.109
54.000000	164	193	0.975	0.120
60.000000	164	193	0.973	0.131
66.000000	164	193	0.971	0.143
72.000000	164	193	0.969	0.156
78.000000	164	193	0.968	0.168
84.000000	164	193	0.966	0.182
90.000000	164	193	0.964	0.197
96.000000	164	193	0.962	0.215
102.000000	164	193	0.960	0.236
108.000000	164	193	0.958	0.261
114.000000	164	193	0.956	0.293
120.000000	164	193	0.954	0.330
126.000000	164	193	0.951	0.374
132.000000	164	193	0.948	0.425
138.000000	164	193	0.944	0.482
144.000000	164	193	0.940	0.536
150.000000	164	193	0.935	0.587
156.000000	164	193	0.930	0.634
162.000000	164	193	0.924	0.672
168.000000	164	193	0.917	0.700
174.000000	164	193	0.905	0.732
180.000000	164	193	0.888	0.761
186.000000	164	193	0.874	0.780
192.000000	164	193	0.858	0.793
198.000000	164	193	0.835	0.803
204.000000	193	164	0.814	0.801
210.000000	193	164	0.827	0.757
216.000000	193	164	0.849	0.687
222.000000	193	164	0.872	0.582
228.000000	193	164	0.904	0.407
234.000000	193	164	0.952	0.166
240.000000	193	94	0.973	0.050
246.000000	193	94	0.974	0.053
252.000000	193	94	0.972	0.058
258.000000	193	94	0.968	0.062
264.000000	193	94	0.964	0.066
270.000000	193	94	0.960	0.069
276.000000	193	13	0.955	0.076
282.000000	193	13	0.950	0.083
288.000000	193	13	0.943	0.091
294.000000	193	13	0.936	0.099
300.000000	193	13	0.929	0.108
306.000000	193	13	0.921	0.116
312.000000	193	13	0.914	0.125
318.000000	193	13	0.905	0.134
324.000000	193	13	0.896	0.143
330.000000	193	13	0.886	0.154
336.000000	193	13	0.874	0.166
342.000000	193	13	0.860	0.181
348.000000	193	13	0.843	0.199
354.000000	193	13	0.822	0.225
360.000000	193	13	0.792	0.262
366.000000	193	13	0.748	0.317
372.000000	193	13	0.676	0.399
378.000000	193	13	0.543	0.523
384.000000	13	193	0.698	0.292
390.000000	13	193	0.886	0.059
396.000000	13	160	0.963	0.054
402.000000	13	160	0.973	0.058
408.000000	13	160	0.973	0.063
414.000000	13	160	0.971	0.069
420.000000	13	160	0.969	0.075
426.000000	13	160	0.966	0.082
432.000000	13	160	0.964	0.090
438.000000	13	160	0.962	0.099
444.000000	13	160	0.959	0.108
450.000000	13	160	0.957	0.118
456.000000	13	160	0.955	0.128
462.000000	13	160	0.952	0.140
468.000000	13	160	0.950	0.152
474.000000	13	160	0.948	0.168
480.000000	13	160	0.946	0.186
486.000000	13	160	0.944	0.208
492.000000	13	160	0.941	0.233
498.000000	13	160	0.938	0.262
504.000000	13	160	0.935	0.299
510.000000	13	160	0.931	0.350
516.000000	13	160	0.926	0.416
522.000000	13	160	0.920	0.494
528.000000	13	160	0.913	0.569
534.000000	13	160	0.905	0.633
540.000000	13	160	0.895	0.676
546.000000	13	160	0.883	0.703
552.000000	13	160	0.866	0.722
558.000000	13	160	0.839	0.743
564.000000	13	160	0.808	0.761
570.000000	160	13	0.775	0.763
576.000000	160	13	0.795	0.691
582.000000	160	13	0.825	0.562
588.000000	160	13	0.880	0.342
594.000000	160	13	0.948	0.109
600.000000	160	80	0.976	0.058
606.000000	160	80	0.975	0.058
612.000000	160	163	0.973	0.061
618.000000	160	163	0.970	0.065
624.000000	160	163	0.967	0.069
630.000000	160	163	0.964	0.073
636.000000	160	163	0.961	0.076
642.000000	160	163	0.959	0.079
648.000000	160	163	0.956	0.081
654.000000	160	163	0.953	0.084
660.000000	160	163	0.950	0.086
666.000000	160	163	0.948	0.087
672.000000	160	163	0.945	0.089
678.000000	160	163	0.942	0.090
684.000000	160	163	0.939	0.090
690.000000	160	163	0.936	0.089
696.000000	160	163	0.932	0.087
702.000000	160	96	0.928	0.086
708.000000	160	96	0.924	0.083
714.000000	160	96	0.920	0.078
720.000000	160	96	0.916	0.070
726.000000	160	96	0.911	0.059
732.000000	160	1	0.906	0.049
738.000000	160	1	0.900	0.044
744.000000	160	1	0.893	0.040
750.000000	160	1	0.884	0.037
756.000000	160	1	0.871	0.034
762.000000	160	28	0.852	0.032
768.000000	160	28	0.825	0.031
774.000000	160	28	0.782	0.030
780.000000	160	80	0.707	0.029
786.000000	160	80	0.562	0.028
792.000000	160	80	0.276	0.021
798.000000	160	28	0.021	0.008
804.000000	28	14	0.004	0.003
