0.000000	125	102	0.000	0.000
6.000000	199	185	0.986	0.032
12.000000	199	185	0.985	0.034
18.000000	199	185	0.984	0.037
24.000000	199	185	0.983	0.039
30.000000	199	185	0.982	0.042
36.000000	199	185	0.981	0.046
42.000000	199	185	0.980	0.049
48.000000	199	185	0.979	0.053
54.000000	199	185	0.977	0.056
60.000000	199	185	0.976	0.060
66.000000	199	185	0.975	0.063
72.000000	199	185	0.974	0.065
78.000000	199	185	0.973	0.067
84.000000	199	107	0.972	0.070
90.000000	199	107	0.971	0.072
96.000000	199	107	0.971	0.074
102.000000	199	107	0.970	0.075
108.000000	199	107	0.970	0.075
114.000000	199	107	0.970	0.075
120.000000	199	107	0.970	0.073
126.000000	199	107	0.970	0.071
132.000000	199	107	0.970	0.066
138.000000	199	107	0.970	0.060
144.000000	199	66	0.971	0.053
150.000000	199	66	0.970	0.048
156.000000	199	66	0.970	0.043
162.000000	199	66	0.968	0.038
168.000000	199	66	0.966	0.035
174.000000	199	121	0.963	0.032
180.000000	199	108	0.959	0.032
186.000000	199	108	0.955	0.032
192.000000	199	185	0.950	0.032
198.000000	199	185	0.944	0.032
204.000000	199	185	0.937	0.032
210.000000	199	185	0.929	0.032
216.000000	199	185	0.919	0.032
222.000000	199	185	0.907	0.032
228.000000	199	185	0.892	0.032
234.000000	199	185	0.874	0.033
240.000000	199	185	0.850	0.033
246.000000	199	185	0.817	0.033
252.000000	199	185	0.767	0.032
258.000000	199	185	0.686	0.031
264.000000	199	185	0.533	0.028
270.000000	199	72	0.236	0.024
276.000000	72	23	0.007	0.005
