0.000000	125	102	0.000	0.000
6.000000	97	106	0.986	0.040
12.000000	97	106	0.985	0.043
18.000000	97	106	0.984	0.046
24.000000	97	106	0.983	0.049
30.000000	97	106	0.982	0.051
36.000000	97	106	0.981	0.054
42.000000	97	106	0.980	0.056
48.000000	97	74	0.979	0.059
54.000000	97	74	0.977	0.065
60.000000	97	74	0.976	0.071
66.000000	97	74	0.975	0.076
72.000000	97	74	0.974	0.081
78.000000	97	74	0.973	0.085
84.000000	97	103	0.972	0.089
90.000000	97	103	0.971	0.093
96.000000	97	103	0.970	0.097
102.000000	97	103	0.969	0.101
108.000000	97	103	0.969	0.104
114.000000	97	103	0.968	0.107
120.000000	97	103	0.968	0.108
126.000000	97	103	0.967	0.110
132.000000	97	103	0.967	0.110
138.000000	97	103	0.966	0.108
144.000000	97	103	0.966	0.104
150.000000	97	103	0.965	0.097
156.000000	97	103	0.964	0.087
162.000000	97	103	0.963	0.072
168.000000	97	103	0.962	0.057
174.000000	97	106	0.959	0.047
180.000000	97	106	0.955	0.046
186.000000	97	106	0.951	0.045
192.000000	97	106	0.946	0.045
198.000000	97	106	0.940	0.045
204.000000	97	106	0.933	0.044
210.000000	97	106	0.924	0.044
216.000000	97	106	0.914	0.043
222.000000	97	106	0.902	0.042
228.000000	97	106	0.887	0.041
234.000000	97	106	0.868	0.039
240.000000	97	106	0.843	0.038
246.000000	97	106	0.808	0.035
252.000000	97	56	0.757	0.035
258.000000	97	56	0.673	0.034
264.000000	97	56	0.513	0.031
270.000000	97	56	0.205	0.019
276.000000	56	30	0.006	0.004
