0.000000	125	102	0.000	0.000
6.000000	71	73	0.986	0.040
12.000000	71	73	0.985	0.044
18.000000	71	73	0.984	0.047
24.000000	71	73	0.983	0.051
30.000000	71	73	0.982	0.054
36.000000	71	73	0.981	0.057
42.000000	71	73	0.980	0.061
48.000000	71	73	0.979	0.064
54.000000	71	73	0.977	0.066
60.000000	71	73	0.976	0.069
66.000000	71	73	0.975	0.071
72.000000	71	73	0.974	0.072
78.000000	71	73	0.973	0.074
84.000000	71	126	0.972	0.076
90.000000	71	126	0.971	0.079
96.000000	71	126	0.970	0.082
102.000000	71	126	0.969	0.085
108.000000	71	126	0.969	0.087
114.000000	71	126	0.969	0.090
120.000000	71	126	0.968	0.091
126.000000	71	126	0.968	0.093
132.000000	71	126	0.969	0.093
138.000000	71	126	0.969	0.092
144.000000	71	126	0.970	0.089
150.000000	71	126	0.970	0.083
156.000000	71	126	0.971	0.076
162.000000	71	126	0.970	0.067
168.000000	71	126	0.969	0.058
174.000000	71	126	0.967	0.052
180.000000	71	126	0.964	0.047
186.000000	71	73	0.961	0.045
192.000000	71	73	0.957	0.045
198.000000	71	73	0.953	0.044
204.000000	71	73	0.948	0.044
210.000000	71	73	0.942	0.044
216.000000	71	73	0.935	0.043
222.000000	71	73	0.926	0.043
228.000000	71	73	0.916	0.043
234.000000	71	73	0.904	0.042
240.000000	71	73	0.890	0.042
246.000000	71	73	0.870	0.041
252.000000	71	73	0.845	0.040
258.000000	71	73	0.808	0.039
264.000000	71	73	0.750	0.037
270.000000	71	126	0.647	0.033
276.000000	71	126	0.439	0.030
282.000000	71	37	0.103	0.017
288.000000	37	191	0.007	0.004
