0.000000	125	102	0.000	0.000
6.000000	125	27	0.986	0.048
12.000000	125	27	0.985	0.053
18.000000	125	27	0.984	0.057
24.000000	125	27	0.983	0.062
30.000000	125	27	0.982	0.067
36.000000	125	27	0.981	0.073
42.000000	125	27	0.979	0.077
48.000000	125	27	0.978	0.082
54.000000	125	27	0.977	0.087
60.000000	125	27	0.975	0.092
66.000000	125	27	0.974	0.096
72.000000	125	27	0.972	0.101
78.000000	125	52	0.970	0.112
84.000000	125	52	0.969	0.126
90.000000	125	52	0.967	0.141
96.000000	125	52	0.965	0.156
102.000000	125	52	0.963	0.174
108.000000	125	52	0.961	0.193
114.000000	125	52	0.959	0.214
120.000000	125	52	0.957	0.238
126.000000	125	52	0.954	0.264
132.000000	125	52	0.952	0.293
138.000000	125	52	0.949	0.327
144.000000	125	52	0.946	0.370
150.000000	125	52	0.942	0.427
156.000000	125	52	0.937	0.497
162.000000	125	52	0.931	0.574
168.000000	125	52	0.922	0.652
174.000000	125	52	0.909	0.708
180.000000	125	52	0.894	0.742
186.000000	125	52	0.871	0.770
192.000000	125	52	0.842	0.790
198.000000	125	52	0.806	0.805
204.000000	52	125	0.819	0.759
210.000000	52	125	0.839	0.688
216.000000	52	125	0.868	0.574
222.000000	52	125	0.912	0.375
228.000000	52	125	0.955	0.123
234.000000	52	23	0.975	0.053
240.000000	52	23	0.976	0.055
246.000000	52	23	0.974	0.057
252.000000	52	4	0.972	0.064
258.000000	52	4	0.970	0.073
264.000000	52	4	0.968	0.082
270.000000	52	4	0.965	0.091
276.000000	52	4	0.963	0.101
282.000000	52	4	0.960	0.110
288.000000	52	4	0.957	0.119
294.000000	52	4	0.954	0.127
300.000000	52	4	0.950	0.135
306.000000	52	4	0.946	0.142
312.000000	52	4	0.941	0.149
318.000000	52	4	0.936	0.155
324.000000	52	4	0.930	0.161
330.000000	52	4	0.923	0.169
336.000000	52	4	0.915	0.177
342.000000	52	4	0.906	0.188
348.000000	52	4	0.894	0.202
354.000000	52	4	0.880	0.220
360.000000	52	4	0.863	0.245
366.000000	52	4	0.839	0.281
372.000000	52	4	0.805	0.337
378.000000	52	4	0.753	0.424
384.000000	52	4	0.662	0.551
390.000000	4	52	0.701	0.504
396.000000	4	52	0.829	0.251
402.000000	4	95	0.935	0.095
408.000000	4	95	0.972	0.082
414.000000	4	95	0.976	0.076
420.000000	4	95	0.975	0.071
426.000000	4	95	0.974	0.066
432.000000	4	95	0.972	0.062
438.000000	4	100	0.970	0.062
444.000000	4	100	0.968	0.068
450.000000	4	100	0.966	0.075
456.000000	4	100	0.964	0.082
462.000000	4	100	0.962	0.089
468.000000	4	100	0.959	0.098
474.000000	4	100	0.957	0.108
480.000000	4	100	0.955	0.119
486.000000	4	100	0.952	0.133
492.000000	4	100	0.949	0.147
498.000000	4	100	0.946	0.163
504.000000	4	100	0.942	0.181
510.000000	4	100	0.938	0.201
516.000000	4	100	0.932	0.225
522.000000	4	100	0.926	0.255
528.000000	4	100	0.918	0.291
534.000000	4	100	0.909	0.335
540.000000	4	100	0.898	0.384
546.000000	4	100	0.886	0.436
552.000000	4	100	0.872	0.488
558.000000	4	100	0.854	0.535
564.000000	4	100	0.831	0.576
570.000000	4	100	0.800	0.614
576.000000	4	100	0.751	0.658
582.000000	100	4	0.698	0.670
588.000000	100	4	0.740	0.532
594.000000	100	13	0.809	0.426
600.000000	100	13	0.886	0.500
606.000000	100	13	0.914	0.587
612.000000	100	13	0.917	0.658
618.000000	100	13	0.917	0.699
624.000000	100	13	0.918	0.721
630.000000	100	13	0.916	0.737
636.000000	100	13	0.909	0.750
642.000000	100	13	0.901	0.763
648.000000	100	13	0.897	0.769
654.000000	100	13	0.894	0.771
660.000000	100	13	0.889	0.772
666.000000	100	13	0.880	0.777
672.000000	100	13	0.872	0.779
678.000000	100	13	0.867	0.779
684.000000	100	13	0.861	0.776
690.000000	100	13	0.855	0.773
696.000000	100	13	0.847	0.769
702.000000	100	13	0.836	0.766
708.000000	100	13	0.824	0.761
714.000000	100	13	0.814	0.753
720.000000	100	13	0.795	0.747
726.000000	100	13	0.771	0.741
732.000000	13	100	0.743	0.732
738.000000	13	100	0.741	0.685
744.000000	13	100	0.740	0.616
750.000000	13	100	0.744	0.504
756.000000	13	100	0.769	0.312
762.000000	13	100	0.814	0.103
768.000000	13	160	0.865	0.038
774.000000	13	160	0.897	0.043
780.000000	13	160	0.917	0.046
786.000000	13	160	0.928	0.047
792.000000	13	160	0.935	0.048
798.000000	13	110	0.938	0.052
804.000000	13	110	0.938	0.055
810.000000	13	110	0.937	0.058
816.000000	13	110	0.934	0.061
822.000000	13	110	0.931	0.063
828.000000	13	101	0.926	0.066
834.000000	13	101	0.921	0.071
840.000000	13	101	0.914	0.075
846.000000	13	101	0.905	0.079
852.000000	13	101	0.895	0.082
858.000000	13	101	0.882	0.084
864.000000	13	101	0.865	0.085
870.000000	13	101	0.841	0.085
876.000000	13	101	0.807	0.084
882.000000	13	101	0.751	0.081
888.000000	13	101	0.650	0.076
894.000000	13	101	0.450	0.065
900.000000	13	101	0.160	0.046
906.000000	101	118	0.025	0.023
912.000000	118	101	0.014	0.014
918.000000	118	101	0.008	0.007
