0.000000	125	102	0.000	0.000
6.000000	106	97	0.986	0.039
12.000000	106	97	0.985	0.042
18.000000	106	97	0.984	0.044
24.000000	106	97	0.983	0.045
30.000000	106	97	0.982	0.047
36.000000	106	97	0.981	0.049
42.000000	106	97	0.980	0.050
48.000000	106	97	0.979	0.052
54.000000	106	97	0.978	0.053
60.000000	106	97	0.977	0.054
66.000000	106	97	0.976	0.054
72.000000	106	143	0.975	0.056
78.000000	106	143	0.974	0.059
84.000000	106	143	0.973	0.062
90.000000	106	109	0.972	0.067
96.000000	106	109	0.971	0.072
102.000000	106	109	0.970	0.077
108.000000	106	109	0.969	0.082
114.000000	106	109	0.969	0.086
120.000000	106	109	0.968	0.090
126.000000	106	109	0.968	0.092
132.000000	106	109	0.967	0.094
138.000000	106	109	0.967	0.093
144.000000	106	109	0.967	0.091
150.000000	106	109	0.967	0.086
156.000000	106	109	0.967	0.077
162.000000	106	109	0.967	0.065
168.000000	106	109	0.966	0.050
174.000000	106	97	0.965	0.039
180.000000	106	97	0.962	0.040
186.000000	106	97	0.959	0.040
192.000000	106	97	0.955	0.041
198.000000	106	97	0.950	0.041
204.000000	106	97	0.945	0.042
210.000000	106	97	0.938	0.042
216.000000	106	97	0.930	0.042
222.000000	106	97	0.921	0.043
228.000000	106	97	0.910	0.043
234.000000	106	97	0.897	0.043
240.000000	106	97	0.880	0.044
246.000000	106	97	0.858	0.044
252.000000	106	97	0.827	0.044
258.000000	106	97	0.782	0.044
264.000000	106	97	0.708	0.044
270.000000	106	97	0.565	0.042
276.000000	106	97	0.269	0.029
282.000000	97	106	0.009	0.009
