0.000000	125	102	0.000	0.000
6.000000	198	112	0.986	0.041
12.000000	198	112	0.985	0.046
18.000000	198	112	0.984	0.053
24.000000	198	112	0.983	0.060
30.000000	198	112	0.981	0.067
36.000000	198	112	0.980	0.076
42.000000	198	112	0.978	0.084
48.000000	198	112	0.977	0.094
54.000000	198	112	0.975	0.103
60.000000	198	112	0.974	0.112
66.000000	198	112	0.972	0.121
72.000000	198	112	0.970	0.131
78.000000	198	112	0.969	0.141
84.000000	198	112	0.968	0.153
90.000000	198	112	0.966	0.166
96.000000	198	112	0.965	0.180
102.000000	198	112	0.963	0.196
108.000000	198	112	0.962	0.214
114.000000	198	112	0.961	0.237
120.000000	198	112	0.959	0.265
126.000000	198	112	0.957	0.302
132.000000	198	112	0.955	0.348
138.000000	198	112	0.952	0.404
144.000000	198	112	0.948	0.474
150.000000	198	112	0.944	0.550
156.000000	198	112	0.937	0.616
162.000000	198	112	0.926	0.661
168.000000	198	112	0.913	0.698
174.000000	198	112	0.901	0.723
180.000000	198	112	0.886	0.740
186.000000	198	112	0.868	0.752
192.000000	198	112	0.838	0.769
198.000000	198	112	0.805	0.783
204.000000	112	198	0.798	0.758
210.000000	112	198	0.825	0.685
216.000000	112	198	0.860	0.569
222.000000	112	198	0.917	0.352
228.000000	112	198	0.964	0.115
234.000000	112	107	0.976	0.089
240.000000	112	107	0.976	0.082
246.000000	112	107	0.974	0.078
252.000000	112	107	0.972	0.077
258.000000	112	107	0.970	0.074
264.000000	112	107	0.968	0.072
270.000000	112	107	0.965	0.069
276.000000	112	107	0.963	0.066
282.000000	112	29	0.960	0.067
288.000000	112	29	0.958	0.069
294.000000	112	29	0.955	0.071
300.000000	112	29	0.953	0.073
306.000000	112	29	0.950	0.074
312.000000	112	29	0.947	0.074
318.000000	112	29	0.943	0.074
324.000000	112	22	0.940	0.078
330.000000	112	22	0.936	0.082
336.000000	112	22	0.932	0.085
342.000000	112	22	0.927	0.088
348.000000	112	22	0.921	0.089
354.000000	112	22	0.915	0.087
360.000000	112	22	0.907	0.084
366.000000	112	22	0.898	0.077
372.000000	112	22	0.887	0.068
378.000000	112	22	0.874	0.059
384.000000	112	22	0.856	0.050
390.000000	112	32	0.831	0.049
396.000000	112	32	0.796	0.048
402.000000	112	32	0.739	0.046
408.000000	112	32	0.638	0.042
414.000000	112	32	0.442	0.036
420.000000	112	32	0.135	0.020
426.000000	32	155	0.007	0.004
