0.000000	125	102	0.000	0.000
6.000000	173	105	0.986	0.040
12.000000	173	105	0.985	0.044
18.000000	173	105	0.984	0.048
24.000000	173	105	0.983	0.052
30.000000	173	105	0.982	0.057
36.000000	173	105	0.981	0.063
42.000000	173	105	0.980	0.068
48.000000	173	105	0.978	0.073
54.000000	173	105	0.977	0.078
60.000000	173	105	0.976	0.084
66.000000	173	105	0.975	0.090
72.000000	173	105	0.974	0.096
78.000000	173	105	0.973	0.102
84.000000	173	105	0.972	0.109
90.000000	173	105	0.971	0.116
96.000000	173	105	0.970	0.123
102.000000	173	105	0.969	0.130
108.000000	173	105	0.969	0.138
114.000000	173	105	0.968	0.145
120.000000	173	105	0.967	0.154
126.000000	173	105	0.967	0.163
132.000000	173	105	0.966	0.173
138.000000	173	105	0.965	0.184
144.000000	173	105	0.964	0.198
150.000000	173	105	0.962	0.216
156.000000	173	105	0.959	0.239
162.000000	173	105	0.956	0.272
168.000000	173	105	0.951	0.324
174.000000	173	105	0.943	0.405
180.000000	173	105	0.932	0.521
186.000000	173	105	0.918	0.638
192.000000	173	105	0.900	0.708
198.000000	173	105	0.871	0.751
204.000000	173	105	0.837	0.779
210.000000	173	105	0.798	0.794
216.000000	105	173	0.816	0.735
222.000000	105	173	0.846	0.629
228.000000	105	173	0.885	0.444
234.000000	105	173	0.952	0.169
240.000000	105	135	0.974	0.052
246.000000	105	135	0.977	0.052
252.000000	105	107	0.976	0.054
258.000000	105	107	0.974	0.061
264.000000	105	107	0.971	0.067
270.000000	105	107	0.969	0.073
276.000000	105	107	0.966	0.078
282.000000	105	107	0.963	0.082
288.000000	105	107	0.961	0.085
294.000000	105	107	0.958	0.087
300.000000	105	107	0.955	0.088
306.000000	105	107	0.952	0.088
312.000000	105	73	0.949	0.089
318.000000	105	73	0.946	0.095
324.000000	105	73	0.943	0.102
330.000000	105	73	0.940	0.108
336.000000	105	73	0.937	0.115
342.000000	105	73	0.935	0.121
348.000000	105	73	0.932	0.126
354.000000	105	73	0.929	0.131
360.000000	105	73	0.926	0.134
366.000000	105	73	0.923	0.135
372.000000	105	73	0.919	0.134
378.000000	105	73	0.914	0.130
384.000000	105	73	0.908	0.122
390.000000	105	73	0.900	0.111
396.000000	105	73	0.891	0.097
402.000000	105	73	0.880	0.081
408.000000	105	73	0.865	0.066
414.000000	105	73	0.843	0.053
420.000000	105	73	0.811	0.042
426.000000	105	73	0.759	0.035
432.000000	105	135	0.660	0.031
438.000000	105	60	0.454	0.024
444.000000	105	60	0.118	0.014
450.000000	60	53	0.006	0.005
