0.000000	125	102	0.000	0.000
6.000000	172	156	0.986	0.035
12.000000	172	156	0.985	0.037
18.000000	172	156	0.984	0.039
24.000000	172	156	0.983	0.041
30.000000	172	113	0.982	0.045
36.000000	172	113	0.980	0.051
42.000000	172	113	0.979	0.055
48.000000	172	113	0.978	0.060
54.000000	172	113	0.977	0.064
60.000000	172	113	0.976	0.068
66.000000	172	113	0.975	0.072
72.000000	172	113	0.973	0.076
78.000000	172	113	0.972	0.081
84.000000	172	113	0.972	0.085
90.000000	172	113	0.971	0.090
96.000000	172	113	0.970	0.094
102.000000	172	113	0.970	0.098
108.000000	172	113	0.970	0.102
114.000000	172	113	0.969	0.105
120.000000	172	113	0.970	0.107
126.000000	172	113	0.970	0.108
132.000000	172	113	0.970	0.109
138.000000	172	113	0.971	0.107
144.000000	172	113	0.971	0.104
150.000000	172	113	0.972	0.097
156.000000	172	113	0.973	0.088
162.000000	172	113	0.973	0.075
168.000000	172	113	0.973	0.061
174.000000	172	113	0.972	0.048
180.000000	172	113	0.970	0.039
186.000000	172	156	0.967	0.037
192.000000	172	156	0.964	0.037
198.000000	172	156	0.960	0.037
204.000000	172	156	0.956	0.037
210.000000	172	156	0.951	0.037
216.000000	172	156	0.945	0.038
222.000000	172	156	0.938	0.038
228.000000	172	156	0.930	0.038
234.000000	172	156	0.921	0.038
240.000000	172	156	0.909	0.039
246.000000	172	156	0.894	0.039
252.000000	172	156	0.875	0.039
258.000000	172	156	0.850	0.039
264.000000	172	156	0.814	0.038
270.000000	172	156	0.756	0.036
276.000000	172	156	0.655	0.032
282.000000	172	97	0.448	0.027
288.000000	172	140	0.102	0.014
294.000000	140	156	0.004	0.003
