0.000000	125	102	0.000	0.000
6.000000	54	118	0.986	0.044
12.000000	54	118	0.985	0.047
18.000000	54	118	0.984	0.050
24.000000	54	118	0.983	0.053
30.000000	54	118	0.982	0.057
36.000000	54	61	0.980	0.061
42.000000	54	61	0.979	0.065
48.000000	54	61	0.978	0.070
54.000000	54	61	0.976	0.076
60.000000	54	61	0.975	0.081
66.000000	54	61	0.973	0.087
72.000000	54	61	0.971	0.092
78.000000	54	61	0.970	0.097
84.000000	54	61	0.968	0.102
90.000000	54	61	0.967	0.107
96.000000	54	61	0.966	0.112
102.000000	54	127	0.964	0.120
108.000000	54	127	0.963	0.127
114.000000	54	127	0.962	0.134
120.000000	54	127	0.961	0.139
126.000000	54	127	0.960	0.143
132.000000	54	127	0.959	0.146
138.000000	54	127	0.959	0.147
144.000000	54	127	0.959	0.145
150.000000	54	127	0.959	0.140
156.000000	54	127	0.959	0.131
162.000000	54	127	0.960	0.117
168.000000	54	127	0.961	0.098
174.000000	54	127	0.961	0.075
180.000000	54	127	0.960	0.053
186.000000	54	118	0.958	0.049
192.000000	54	118	0.954	0.048
198.000000	54	118	0.950	0.047
204.000000	54	118	0.944	0.047
210.000000	54	118	0.938	0.046
216.000000	54	118	0.930	0.046
222.000000	54	118	0.921	0.045
228.000000	54	118	0.909	0.045
234.000000	54	118	0.894	0.044
240.000000	54	118	0.875	0.043
246.000000	54	118	0.848	0.041
252.000000	54	118	0.809	0.039
258.000000	54	118	0.745	0.037
264.000000	54	118	0.632	0.032
270.000000	54	65	0.409	0.026
276.000000	54	65	0.089	0.013
282.000000	65	41	0.004	0.003
