0.000000	125	102	0.000	0.000
6.000000	19	2	0.986	0.039
12.000000	19	2	0.985	0.042
18.000000	19	2	0.984	0.044
24.000000	19	2	0.983	0.046
30.000000	19	2	0.982	0.048
36.000000	19	2	0.981	0.050
42.000000	19	2	0.979	0.052
48.000000	19	2	0.978	0.054
54.000000	19	134	0.977	0.057
60.000000	19	134	0.975	0.059
66.000000	19	134	0.974	0.062
72.000000	19	13	0.973	0.069
78.000000	19	13	0.971	0.077
84.000000	19	13	0.970	0.086
90.000000	19	13	0.969	0.095
96.000000	19	13	0.967	0.103
102.000000	19	13	0.966	0.112
108.000000	19	13	0.965	0.121
114.000000	19	13	0.964	0.129
120.000000	19	13	0.963	0.137
126.000000	19	13	0.962	0.145
132.000000	19	13	0.961	0.151
138.000000	19	13	0.959	0.157
144.000000	19	13	0.958	0.162
150.000000	19	13	0.957	0.167
156.000000	19	13	0.956	0.171
162.000000	19	13	0.954	0.173
168.000000	19	13	0.953	0.172
174.000000	19	13	0.951	0.167
180.000000	19	13	0.949	0.157
186.000000	19	13	0.946	0.139
192.000000	19	13	0.943	0.116
198.000000	19	13	0.940	0.088
204.000000	19	13	0.935	0.061
210.000000	19	2	0.930	0.044
216.000000	19	2	0.923	0.044
222.000000	19	2	0.915	0.045
228.000000	19	2	0.905	0.046
234.000000	19	2	0.893	0.046
240.000000	19	2	0.877	0.047
246.000000	19	2	0.857	0.047
252.000000	19	2	0.829	0.048
258.000000	19	2	0.787	0.048
264.000000	19	2	0.720	0.048
270.000000	19	2	0.589	0.047
276.000000	19	2	0.312	0.040
282.000000	19	2	0.025	0.015
288.000000	2	117	0.005	0.004
