0.000000	125	102	0.000	0.000
6.000000	46	182	0.986	0.040
12.000000	46	56	0.985	0.044
18.000000	46	56	0.984	0.048
24.000000	46	56	0.982	0.054
30.000000	46	56	0.981	0.060
36.000000	46	56	0.980	0.066
42.000000	46	56	0.978	0.072
48.000000	46	56	0.976	0.078
54.000000	46	56	0.975	0.083
60.000000	46	56	0.973	0.088
66.000000	46	56	0.971	0.092
72.000000	46	165	0.970	0.098
78.000000	46	165	0.968	0.104
84.000000	46	165	0.967	0.110
90.000000	46	165	0.965	0.115
96.000000	46	165	0.964	0.120
102.000000	46	165	0.963	0.125
108.000000	46	165	0.961	0.128
114.000000	46	165	0.960	0.131
120.000000	46	165	0.959	0.134
126.000000	46	165	0.958	0.135
132.000000	46	165	0.957	0.135
138.000000	46	165	0.957	0.134
144.000000	46	165	0.956	0.131
150.000000	46	165	0.955	0.126
156.000000	46	165	0.955	0.117
162.000000	46	165	0.954	0.105
168.000000	46	39	0.952	0.094
174.000000	46	39	0.951	0.087
180.000000	46	39	0.949	0.076
186.000000	46	39	0.947	0.061
192.000000	46	165	0.945	0.046
198.000000	46	135	0.943	0.045
204.000000	46	135	0.939	0.043
210.000000	46	135	0.934	0.042
216.000000	46	135	0.929	0.040
222.000000	46	182	0.922	0.040
228.000000	46	182	0.914	0.040
234.000000	46	182	0.904	0.040
240.000000	46	182	0.891	0.040
246.000000	46	56	0.875	0.040
252.000000	46	56	0.853	0.039
258.000000	46	56	0.823	0.039
264.000000	46	56	0.776	0.037
270.000000	46	28	0.698	0.035
276.000000	46	28	0.545	0.032
282.000000	46	72	0.235	0.024
288.000000	72	122	0.006	0.005
