0.000000	125	102	0.000	0.000
6.000000	134	179	0.986	0.031
12.000000	134	179	0.985	0.037
18.000000	134	179	0.984	0.043
24.000000	134	179	0.983	0.049
30.000000	134	179	0.981	0.055
36.000000	134	179	0.980	0.061
42.000000	134	179	0.978	0.067
48.000000	134	179	0.977	0.073
54.000000	134	179	0.975	0.079
60.000000	134	179	0.974	0.084
66.000000	134	179	0.973	0.089
72.000000	134	179	0.971	0.093
78.000000	134	179	0.970	0.097
84.000000	134	179	0.969	0.100
90.000000	134	179	0.968	0.102
96.000000	134	179	0.967	0.103
102.000000	134	179	0.966	0.103
108.000000	134	179	0.966	0.103
114.000000	134	179	0.965	0.101
120.000000	134	179	0.965	0.099
126.000000	134	179	0.965	0.095
132.000000	134	179	0.965	0.090
138.000000	134	179	0.966	0.083
144.000000	134	179	0.966	0.075
150.000000	134	179	0.967	0.065
156.000000	134	179	0.966	0.054
162.000000	134	179	0.965	0.044
168.000000	134	73	0.963	0.039
174.000000	134	73	0.959	0.037
180.000000	134	73	0.955	0.036
186.000000	134	73	0.950	0.035
192.000000	134	151	0.944	0.035
198.000000	134	151	0.937	0.036
204.000000	134	151	0.929	0.037
210.000000	134	151	0.919	0.037
216.000000	134	151	0.908	0.038
222.000000	134	151	0.894	0.039
228.000000	134	151	0.877	0.039
234.000000	134	151	0.856	0.040
240.000000	134	151	0.827	0.040
246.000000	134	151	0.787	0.040
252.000000	134	151	0.723	0.040
258.000000	134	151	0.608	0.039
264.000000	134	151	0.365	0.033
270.000000	134	151	0.045	0.013
276.000000	151	64	0.005	0.004
