0.000000	125	102	0.000	0.000
6.000000	131	124	0.986	0.036
12.000000	131	124	0.985	0.041
18.000000	131	124	0.984	0.046
24.000000	131	124	0.983	0.052
30.000000	131	124	0.982	0.058
36.000000	131	124	0.981	0.064
42.000000	131	124	0.979	0.070
48.000000	131	124	0.978	0.076
54.000000	131	124	0.977	0.081
60.000000	131	124	0.976	0.085
66.000000	131	124	0.975	0.089
72.000000	131	124	0.974	0.093
78.000000	131	124	0.973	0.096
84.000000	131	124	0.972	0.098
90.000000	131	124	0.972	0.100
96.000000	131	124	0.971	0.101
102.000000	131	124	0.971	0.101
108.000000	131	124	0.970	0.101
114.000000	131	124	0.970	0.100
120.000000	131	124	0.970	0.099
126.000000	131	124	0.970	0.096
132.000000	131	124	0.970	0.091
138.000000	131	124	0.970	0.086
144.000000	131	124	0.971	0.078
150.000000	131	1	0.971	0.070
156.000000	131	1	0.971	0.062
162.000000	131	1	0.971	0.053
168.000000	131	1	0.971	0.045
174.000000	131	1	0.970	0.039
180.000000	131	176	0.968	0.038
186.000000	131	176	0.965	0.038
192.000000	131	176	0.962	0.039
198.000000	131	176	0.958	0.039
204.000000	131	176	0.954	0.039
210.000000	131	176	0.948	0.039
216.000000	131	176	0.942	0.039
222.000000	131	176	0.935	0.039
228.000000	131	176	0.925	0.038
234.000000	131	176	0.914	0.038
240.000000	131	176	0.899	0.038
246.000000	131	176	0.880	0.037
252.000000	131	176	0.852	0.036
258.000000	131	176	0.810	0.034
264.000000	131	176	0.738	0.030
270.000000	131	1	0.596	0.027
276.000000	131	65	0.290	0.021
282.000000	131	65	0.012	0.006
288.000000	188	190	0.002	0.002
