0.000000	125	102	0.000	0.000
6.000000	35	33	0.986	0.036
12.000000	35	33	0.985	0.040
18.000000	35	33	0.984	0.045
24.000000	35	33	0.983	0.051
30.000000	35	33	0.981	0.058
36.000000	35	33	0.979	0.065
42.000000	35	33	0.978	0.072
48.000000	35	33	0.976	0.079
54.000000	35	33	0.974	0.087
60.000000	35	33	0.973	0.095
66.000000	35	33	0.971	0.101
72.000000	35	33	0.969	0.108
78.000000	35	33	0.968	0.115
84.000000	35	33	0.966	0.121
90.000000	35	33	0.965	0.128
96.000000	35	33	0.963	0.134
102.000000	35	33	0.962	0.140
108.000000	35	33	0.961	0.146
114.000000	35	33	0.960	0.151
120.000000	35	33	0.959	0.155
126.000000	35	33	0.959	0.159
132.000000	35	33	0.958	0.162
138.000000	35	33	0.958	0.164
144.000000	35	33	0.958	0.164
150.000000	35	33	0.957	0.162
156.000000	35	33	0.957	0.156
162.000000	35	33	0.956	0.145
168.000000	35	33	0.956	0.129
174.000000	35	33	0.955	0.110
180.000000	35	33	0.953	0.090
186.000000	35	33	0.950	0.071
192.000000	35	33	0.946	0.057
198.000000	35	33	0.940	0.047
204.000000	35	33	0.934	0.041
210.000000	35	33	0.927	0.038
216.000000	35	191	0.918	0.038
222.000000	35	191	0.907	0.038
228.000000	35	191	0.895	0.039
234.000000	35	191	0.880	0.039
240.000000	35	191	0.860	0.038
246.000000	35	191	0.834	0.038
252.000000	35	191	0.797	0.038
258.000000	35	191	0.740	0.037
264.000000	35	191	0.639	0.034
270.000000	35	122	0.440	0.030
276.000000	35	63	0.109	0.017
282.000000	63	122	0.007	0.005
