0.000000	125	102	0.000	0.000
6.000000	57	107	0.986	0.045
12.000000	57	107	0.985	0.051
18.000000	57	107	0.984	0.058
24.000000	57	107	0.983	0.065
30.000000	57	107	0.982	0.073
36.000000	57	107	0.981	0.082
42.000000	57	107	0.980	0.092
48.000000	57	107	0.979	0.102
54.000000	57	107	0.977	0.113
60.000000	57	107	0.976	0.125
66.000000	57	107	0.975	0.139
72.000000	57	107	0.973	0.156
78.000000	57	107	0.971	0.176
84.000000	57	107	0.969	0.200
90.000000	57	107	0.967	0.228
96.000000	57	107	0.964	0.261
102.000000	57	107	0.961	0.299
108.000000	57	107	0.958	0.346
114.000000	57	107	0.954	0.398
120.000000	57	107	0.949	0.454
126.000000	57	107	0.945	0.505
132.000000	57	107	0.940	0.545
138.000000	57	107	0.933	0.583
144.000000	57	107	0.926	0.625
150.000000	57	107	0.920	0.653
156.000000	57	107	0.914	0.670
162.000000	57	107	0.904	0.684
168.000000	57	107	0.893	0.697
174.000000	57	107	0.880	0.715
180.000000	57	107	0.862	0.731
186.000000	57	107	0.841	0.747
192.000000	57	107	0.817	0.761
198.000000	57	107	0.783	0.777
204.000000	107	57	0.801	0.727
210.000000	107	57	0.844	0.624
216.000000	107	57	0.895	0.466
222.000000	107	57	0.942	0.251
228.000000	107	57	0.966	0.082
234.000000	107	112	0.973	0.048
240.000000	107	112	0.971	0.052
246.000000	107	112	0.969	0.057
252.000000	107	112	0.966	0.063
258.000000	107	112	0.962	0.070
264.000000	107	112	0.959	0.078
270.000000	107	112	0.955	0.086
276.000000	107	112	0.952	0.094
282.000000	107	112	0.948	0.103
288.000000	107	112	0.943	0.111
294.000000	107	112	0.938	0.120
300.000000	107	112	0.933	0.130
306.000000	107	112	0.927	0.140
312.000000	107	112	0.920	0.150
318.000000	107	112	0.911	0.161
324.000000	107	112	0.901	0.174
330.000000	107	112	0.888	0.189
336.000000	107	112	0.872	0.208
342.000000	107	112	0.851	0.234
348.000000	107	112	0.823	0.272
354.000000	107	112	0.782	0.331
360.000000	107	112	0.720	0.430
366.000000	107	112	0.620	0.574
372.000000	112	107	0.718	0.449
378.000000	112	107	0.862	0.205
384.000000	112	198	0.959	0.057
390.000000	112	198	0.976	0.054
396.000000	112	198	0.976	0.054
402.000000	112	198	0.975	0.055
408.000000	112	31	0.973	0.058
414.000000	112	31	0.971	0.062
420.000000	112	31	0.968	0.067
426.000000	112	31	0.966	0.072
432.000000	112	31	0.964	0.077
438.000000	112	31	0.962	0.082
444.000000	112	31	0.961	0.086
450.000000	112	31	0.959	0.090
456.000000	112	31	0.957	0.093
462.000000	112	31	0.956	0.096
468.000000	112	31	0.954	0.098
474.000000	112	29	0.952	0.104
480.000000	112	29	0.951	0.109
486.000000	112	29	0.949	0.114
492.000000	112	29	0.948	0.119
498.000000	112	29	0.946	0.125
504.000000	112	29	0.945	0.130
510.000000	112	29	0.943	0.135
516.000000	112	29	0.942	0.140
522.000000	112	29	0.941	0.145
528.000000	112	29	0.939	0.149
534.000000	112	29	0.937	0.151
540.000000	112	29	0.934	0.151
546.000000	112	29	0.930	0.147
552.000000	112	29	0.925	0.140
558.000000	112	29	0.919	0.130
564.000000	112	29	0.912	0.116
570.000000	112	29	0.904	0.099
576.000000	112	29	0.894	0.083
582.000000	112	29	0.881	0.067
588.000000	112	29	0.865	0.053
594.000000	112	29	0.843	0.042
600.000000	112	198	0.810	0.041
606.000000	112	198	0.759	0.040
612.000000	112	198	0.669	0.039
618.000000	112	198	0.491	0.033
624.000000	112	26	0.182	0.021
630.000000	141	140	0.005	0.005
