0.000000	125	102	0.000	0.000
6.000000	181	195	0.986	0.040
12.000000	181	195	0.985	0.043
18.000000	181	195	0.984	0.047
24.000000	181	195	0.982	0.052
30.000000	181	195	0.981	0.056
36.000000	181	195	0.980	0.059
42.000000	181	195	0.978	0.062
48.000000	181	195	0.977	0.063
54.000000	181	130	0.975	0.065
60.000000	181	130	0.974	0.070
66.000000	181	130	0.973	0.074
72.000000	181	130	0.972	0.077
78.000000	181	130	0.971	0.080
84.000000	181	130	0.970	0.083
90.000000	181	73	0.969	0.088
96.000000	181	73	0.968	0.093
102.000000	181	73	0.968	0.097
108.000000	181	73	0.967	0.101
114.000000	181	73	0.967	0.105
120.000000	181	73	0.967	0.106
126.000000	181	73	0.967	0.107
132.000000	181	73	0.967	0.106
138.000000	181	73	0.968	0.104
144.000000	181	73	0.969	0.099
150.000000	181	73	0.969	0.092
156.000000	181	73	0.970	0.081
162.000000	181	73	0.971	0.069
168.000000	181	73	0.970	0.056
174.000000	181	73	0.969	0.045
180.000000	181	195	0.967	0.040
186.000000	181	195	0.964	0.041
192.000000	181	195	0.960	0.042
198.000000	181	195	0.956	0.042
204.000000	181	195	0.951	0.043
210.000000	181	195	0.945	0.043
216.000000	181	195	0.939	0.044
222.000000	181	195	0.930	0.044
228.000000	181	195	0.920	0.044
234.000000	181	195	0.908	0.044
240.000000	181	195	0.891	0.044
246.000000	181	195	0.870	0.043
252.000000	181	195	0.839	0.043
258.000000	181	195	0.791	0.042
264.000000	181	195	0.710	0.040
270.000000	181	195	0.550	0.035
276.000000	181	197	0.235	0.022
282.000000	197	32	0.006	0.006
