0.000000	125	102	0.000	0.000
6.000000	74	97	0.986	0.026
12.000000	74	97	0.985	0.028
18.000000	74	97	0.984	0.031
24.000000	74	97	0.983	0.033
30.000000	74	188	0.982	0.037
36.000000	74	39	0.981	0.043
42.000000	74	39	0.979	0.050
48.000000	74	39	0.978	0.057
54.000000	74	39	0.977	0.065
60.000000	74	39	0.975	0.073
66.000000	74	39	0.974	0.082
72.000000	74	39	0.972	0.091
78.000000	74	39	0.971	0.101
84.000000	74	39	0.969	0.112
90.000000	74	39	0.968	0.122
96.000000	74	39	0.967	0.132
102.000000	74	39	0.965	0.141
108.000000	74	39	0.964	0.150
114.000000	74	39	0.963	0.159
120.000000	74	39	0.961	0.169
126.000000	74	39	0.960	0.178
132.000000	74	39	0.958	0.190
138.000000	74	39	0.957	0.203
144.000000	74	39	0.955	0.217
150.000000	74	39	0.953	0.230
156.000000	74	39	0.951	0.245
162.000000	74	39	0.949	0.263
168.000000	74	39	0.946	0.287
174.000000	74	39	0.942	0.318
180.000000	74	39	0.937	0.360
186.000000	74	39	0.930	0.416
192.000000	74	39	0.920	0.488
198.000000	74	39	0.905	0.572
204.000000	74	39	0.881	0.646
210.000000	74	39	0.842	0.706
216.000000	74	39	0.794	0.749
222.000000	39	74	0.785	0.717
228.000000	39	74	0.836	0.575
234.000000	39	74	0.899	0.321
240.000000	39	74	0.968	0.055
246.000000	39	114	0.977	0.043
252.000000	39	114	0.975	0.045
258.000000	39	131	0.972	0.049
264.000000	39	131	0.968	0.054
270.000000	39	131	0.965	0.059
276.000000	39	131	0.961	0.064
282.000000	39	131	0.958	0.069
288.000000	39	131	0.955	0.074
294.000000	39	131	0.952	0.077
300.000000	39	131	0.949	0.080
306.000000	39	131	0.947	0.082
312.000000	39	131	0.944	0.084
318.000000	39	131	0.941	0.085
324.000000	39	131	0.938	0.087
330.000000	39	131	0.935	0.089
336.000000	39	139	0.932	0.091
342.000000	39	139	0.930	0.094
348.000000	39	139	0.927	0.095
354.000000	39	124	0.924	0.096
360.000000	39	124	0.921	0.098
366.000000	39	124	0.918	0.098
372.000000	39	124	0.916	0.095
378.000000	39	124	0.913	0.089
384.000000	39	124	0.909	0.082
390.000000	39	124	0.905	0.074
396.000000	39	124	0.901	0.065
402.000000	39	124	0.897	0.057
408.000000	39	124	0.892	0.050
414.000000	39	124	0.886	0.044
420.000000	39	175	0.878	0.041
426.000000	39	175	0.867	0.041
432.000000	39	175	0.852	0.041
438.000000	39	175	0.830	0.041
444.000000	39	175	0.796	0.040
450.000000	39	175	0.739	0.037
456.000000	39	196	0.636	0.033
462.000000	39	196	0.427	0.030
468.000000	39	196	0.095	0.018
474.000000	196	175	0.006	0.005
