0.000000	125	102	0.000	0.000
6.000000	120	175	0.986	0.027
12.000000	120	175	0.985	0.030
18.000000	120	180	0.984	0.033
24.000000	120	180	0.983	0.036
30.000000	120	180	0.982	0.038
36.000000	120	180	0.980	0.041
42.000000	120	180	0.979	0.045
48.000000	120	180	0.978	0.049
54.000000	120	180	0.977	0.054
60.000000	120	180	0.975	0.059
66.000000	120	180	0.974	0.064
72.000000	120	180	0.973	0.069
78.000000	120	180	0.972	0.073
84.000000	120	180	0.971	0.077
90.000000	120	180	0.970	0.081
96.000000	120	180	0.969	0.085
102.000000	120	180	0.969	0.088
108.000000	120	180	0.968	0.090
114.000000	120	180	0.968	0.091
120.000000	120	180	0.967	0.091
126.000000	120	180	0.967	0.089
132.000000	120	180	0.967	0.085
138.000000	120	180	0.967	0.080
144.000000	120	180	0.967	0.072
150.000000	120	72	0.967	0.062
156.000000	120	32	0.967	0.053
162.000000	120	32	0.967	0.045
168.000000	120	175	0.965	0.039
174.000000	120	175	0.962	0.035
180.000000	120	175	0.959	0.032
186.000000	120	67	0.954	0.032
192.000000	120	67	0.949	0.032
198.000000	120	67	0.943	0.032
204.000000	120	67	0.935	0.033
210.000000	120	67	0.926	0.033
216.000000	120	67	0.914	0.033
222.000000	120	67	0.900	0.034
228.000000	120	67	0.883	0.034
234.000000	120	67	0.859	0.034
240.000000	120	67	0.827	0.034
246.000000	120	67	0.781	0.034
252.000000	120	67	0.708	0.033
258.000000	120	67	0.578	0.032
264.000000	120	67	0.318	0.028
270.000000	120	67	0.027	0.011
276.000000	67	42	0.004	0.004
