0.000000	125	102	0.000	0.000
6.000000	43	79	0.986	0.039
12.000000	43	79	0.985	0.042
18.000000	43	79	0.984	0.045
24.000000	43	22	0.983	0.049
30.000000	43	22	0.981	0.053
36.000000	43	22	0.980	0.057
42.000000	43	22	0.978	0.061
48.000000	43	22	0.977	0.064
54.000000	43	22	0.975	0.067
60.000000	43	100	0.974	0.071
66.000000	43	100	0.973	0.076
72.000000	43	100	0.971	0.082
78.000000	43	100	0.970	0.088
84.000000	43	100	0.969	0.095
90.000000	43	100	0.968	0.102
96.000000	43	100	0.967	0.110
102.000000	43	100	0.966	0.118
108.000000	43	100	0.965	0.127
114.000000	43	100	0.964	0.137
120.000000	43	100	0.963	0.148
126.000000	43	100	0.962	0.160
132.000000	43	100	0.961	0.173
138.000000	43	100	0.960	0.189
144.000000	43	100	0.958	0.206
150.000000	43	100	0.956	0.227
156.000000	43	100	0.954	0.251
162.000000	43	100	0.950	0.280
168.000000	43	100	0.945	0.317
174.000000	43	100	0.937	0.365
180.000000	43	100	0.927	0.423
186.000000	43	100	0.913	0.485
192.000000	43	100	0.895	0.544
198.000000	43	100	0.870	0.595
204.000000	43	100	0.836	0.636
210.000000	43	100	0.785	0.671
216.000000	100	43	0.710	0.708
222.000000	100	43	0.752	0.593
228.000000	100	140	0.804	0.549
234.000000	100	140	0.861	0.639
240.000000	100	140	0.895	0.714
246.000000	100	140	0.904	0.746
252.000000	100	140	0.907	0.760
258.000000	100	140	0.902	0.768
264.000000	100	140	0.899	0.768
270.000000	100	140	0.895	0.766
276.000000	100	140	0.892	0.763
282.000000	100	140	0.887	0.761
288.000000	100	140	0.882	0.759
294.000000	100	140	0.879	0.754
300.000000	100	140	0.876	0.749
306.000000	100	140	0.872	0.744
312.000000	100	140	0.868	0.738
318.000000	100	140	0.861	0.734
324.000000	100	140	0.860	0.723
330.000000	100	140	0.855	0.713
336.000000	100	140	0.853	0.698
342.000000	100	140	0.848	0.679
348.000000	100	140	0.843	0.651
354.000000	100	140	0.840	0.614
360.000000	100	140	0.835	0.562
366.000000	100	140	0.833	0.484
372.000000	100	140	0.831	0.376
378.000000	100	140	0.836	0.233
384.000000	100	140	0.847	0.094
390.000000	100	29	0.858	0.054
396.000000	100	29	0.863	0.051
402.000000	100	29	0.866	0.049
408.000000	100	29	0.865	0.048
414.000000	100	29	0.862	0.046
420.000000	100	4	0.855	0.045
426.000000	100	4	0.846	0.045
432.000000	100	4	0.832	0.045
438.000000	100	4	0.813	0.044
444.000000	100	4	0.785	0.042
450.000000	100	13	0.741	0.042
456.000000	100	13	0.663	0.043
462.000000	100	13	0.511	0.043
468.000000	100	13	0.229	0.042
474.000000	13	100	0.033	0.028
480.000000	13	180	0.022	0.019
486.000000	13	180	0.014	0.013
492.000000	13	71	0.009	0.009
