0.000000	125	102	0.000	0.000
6.000000	127	85	0.986	0.034
12.000000	127	85	0.985	0.036
18.000000	127	85	0.984	0.039
24.000000	127	8	0.983	0.042
30.000000	127	8	0.982	0.048
36.000000	127	8	0.980	0.056
42.000000	127	8	0.979	0.063
48.000000	127	8	0.977	0.071
54.000000	127	8	0.976	0.079
60.000000	127	8	0.974	0.086
66.000000	127	8	0.972	0.091
72.000000	127	8	0.971	0.096
78.000000	127	8	0.969	0.100
84.000000	127	8	0.968	0.103
90.000000	127	8	0.966	0.105
96.000000	127	8	0.965	0.106
102.000000	127	8	0.963	0.107
108.000000	127	8	0.962	0.107
114.000000	127	8	0.961	0.106
120.000000	127	8	0.960	0.105
126.000000	127	141	0.959	0.105
132.000000	127	141	0.958	0.107
138.000000	127	141	0.957	0.108
144.000000	127	141	0.956	0.108
150.000000	127	141	0.956	0.107
156.000000	127	141	0.956	0.102
162.000000	127	141	0.956	0.094
168.000000	127	81	0.956	0.083
174.000000	127	81	0.956	0.068
180.000000	127	85	0.955	0.054
186.000000	127	85	0.953	0.049
192.000000	127	85	0.950	0.043
198.000000	127	85	0.945	0.039
204.000000	127	85	0.939	0.036
210.000000	127	85	0.932	0.034
216.000000	127	36	0.924	0.033
222.000000	127	36	0.915	0.033
228.000000	127	36	0.904	0.034
234.000000	127	36	0.889	0.034
240.000000	127	36	0.871	0.034
246.000000	127	36	0.845	0.034
252.000000	127	36	0.808	0.034
258.000000	127	36	0.749	0.032
264.000000	127	36	0.645	0.029
270.000000	127	36	0.438	0.023
276.000000	127	40	0.105	0.011
282.000000	91	140	0.004	0.003
