0.000000	125	102	0.000	0.000
6.000000	64	189	0.986	0.036
12.000000	64	189	0.985	0.040
18.000000	64	189	0.984	0.043
24.000000	64	189	0.983	0.048
30.000000	64	189	0.981	0.052
36.000000	64	189	0.980	0.057
42.000000	64	189	0.978	0.062
48.000000	64	189	0.977	0.067
54.000000	64	189	0.976	0.072
60.000000	64	189	0.974	0.077
66.000000	64	189	0.973	0.082
72.000000	64	189	0.972	0.087
78.000000	64	189	0.970	0.092
84.000000	64	189	0.969	0.097
90.000000	64	189	0.968	0.102
96.000000	64	189	0.967	0.107
102.000000	64	189	0.966	0.112
108.000000	64	189	0.965	0.117
114.000000	64	189	0.965	0.121
120.000000	64	189	0.964	0.124
126.000000	64	189	0.964	0.127
132.000000	64	189	0.964	0.129
138.000000	64	189	0.963	0.131
144.000000	64	189	0.963	0.131
150.000000	64	189	0.963	0.129
156.000000	64	189	0.963	0.123
162.000000	64	189	0.963	0.113
168.000000	64	189	0.963	0.101
174.000000	64	189	0.962	0.086
180.000000	64	189	0.960	0.071
186.000000	64	189	0.958	0.059
192.000000	64	189	0.954	0.050
198.000000	64	189	0.949	0.044
204.000000	64	189	0.944	0.039
210.000000	64	76	0.937	0.039
216.000000	64	76	0.930	0.039
222.000000	64	76	0.921	0.039
228.000000	64	76	0.910	0.039
234.000000	64	134	0.896	0.040
240.000000	64	134	0.878	0.040
246.000000	64	134	0.853	0.040
252.000000	64	134	0.816	0.040
258.000000	64	134	0.757	0.039
264.000000	64	134	0.652	0.036
270.000000	64	134	0.444	0.027
276.000000	64	84	0.117	0.016
282.000000	144	134	0.007	0.006
