0.000000	125	102	0.000	0.000
6.000000	40	118	0.986	0.039
12.000000	40	118	0.985	0.043
18.000000	40	118	0.984	0.047
24.000000	40	118	0.982	0.051
30.000000	40	118	0.981	0.055
36.000000	40	121	0.980	0.061
42.000000	40	121	0.978	0.067
48.000000	40	121	0.977	0.074
54.000000	40	121	0.975	0.080
60.000000	40	121	0.974	0.086
66.000000	40	121	0.972	0.092
72.000000	40	121	0.971	0.098
78.000000	40	121	0.970	0.104
84.000000	40	121	0.968	0.110
90.000000	40	121	0.967	0.115
96.000000	40	121	0.966	0.120
102.000000	40	121	0.965	0.125
108.000000	40	121	0.964	0.130
114.000000	40	121	0.963	0.135
120.000000	40	121	0.962	0.139
126.000000	40	121	0.962	0.143
132.000000	40	121	0.961	0.147
138.000000	40	121	0.961	0.151
144.000000	40	121	0.960	0.154
150.000000	40	121	0.960	0.157
156.000000	40	121	0.959	0.159
162.000000	40	121	0.959	0.159
168.000000	40	121	0.957	0.156
174.000000	40	121	0.956	0.150
180.000000	40	121	0.953	0.141
186.000000	40	121	0.950	0.129
192.000000	40	121	0.947	0.113
198.000000	40	121	0.943	0.095
204.000000	40	121	0.937	0.077
210.000000	40	121	0.931	0.061
216.000000	40	121	0.924	0.049
222.000000	40	121	0.915	0.040
228.000000	40	121	0.903	0.034
234.000000	40	118	0.889	0.032
240.000000	40	55	0.871	0.032
246.000000	40	55	0.847	0.032
252.000000	40	55	0.812	0.032
258.000000	40	55	0.761	0.032
264.000000	40	154	0.673	0.031
270.000000	40	135	0.504	0.031
276.000000	40	135	0.181	0.021
282.000000	153	154	0.008	0.007
