0.000000	125	102	0.000	0.000
6.000000	195	181	0.986	0.039
12.000000	195	181	0.985	0.041
18.000000	195	181	0.984	0.043
24.000000	195	7	0.983	0.045
30.000000	195	7	0.982	0.048
36.000000	195	7	0.981	0.051
42.000000	195	7	0.979	0.053
48.000000	195	7	0.978	0.055
54.000000	195	78	0.977	0.059
60.000000	195	78	0.975	0.062
66.000000	195	78	0.974	0.065
72.000000	195	36	0.973	0.068
78.000000	195	36	0.971	0.075
84.000000	195	36	0.970	0.083
90.000000	195	36	0.969	0.091
96.000000	195	36	0.968	0.099
102.000000	195	36	0.967	0.106
108.000000	195	36	0.966	0.114
114.000000	195	36	0.965	0.122
120.000000	195	36	0.964	0.130
126.000000	195	36	0.963	0.137
132.000000	195	36	0.962	0.143
138.000000	195	36	0.961	0.149
144.000000	195	36	0.960	0.153
150.000000	195	36	0.959	0.154
156.000000	195	36	0.958	0.153
162.000000	195	36	0.957	0.147
168.000000	195	36	0.956	0.135
174.000000	195	36	0.954	0.118
180.000000	195	36	0.952	0.095
186.000000	195	36	0.949	0.070
192.000000	195	181	0.946	0.049
198.000000	195	181	0.941	0.047
204.000000	195	181	0.935	0.045
210.000000	195	181	0.928	0.045
216.000000	195	181	0.919	0.044
222.000000	195	181	0.907	0.044
228.000000	195	181	0.893	0.043
234.000000	195	181	0.874	0.043
240.000000	195	181	0.850	0.042
246.000000	195	181	0.815	0.041
252.000000	195	181	0.763	0.039
258.000000	195	181	0.674	0.035
264.000000	195	130	0.500	0.032
270.000000	195	130	0.173	0.018
276.000000	130	59	0.006	0.005
