0.000000	125	102	0.000	0.000
6.000000	140	100	0.986	0.036
12.000000	140	100	0.985	0.041
18.000000	140	100	0.984	0.047
24.000000	140	100	0.983	0.054
30.000000	140	100	0.981	0.061
36.000000	140	100	0.980	0.069
42.000000	140	100	0.978	0.076
48.000000	140	100	0.977	0.084
54.000000	140	100	0.975	0.091
60.000000	140	100	0.974	0.099
66.000000	140	100	0.972	0.107
72.000000	140	100	0.971	0.115
78.000000	140	100	0.969	0.124
84.000000	140	100	0.968	0.133
90.000000	140	100	0.966	0.142
96.000000	140	100	0.965	0.152
102.000000	140	100	0.964	0.161
108.000000	140	100	0.963	0.170
114.000000	140	100	0.962	0.180
120.000000	140	100	0.961	0.190
126.000000	140	100	0.961	0.201
132.000000	140	100	0.960	0.213
138.000000	140	100	0.959	0.228
144.000000	140	100	0.958	0.249
150.000000	140	100	0.956	0.277
156.000000	140	100	0.954	0.314
162.000000	140	100	0.951	0.364
168.000000	140	100	0.947	0.435
174.000000	140	100	0.939	0.536
180.000000	140	100	0.928	0.644
186.000000	140	100	0.914	0.721
192.000000	140	100	0.899	0.752
198.000000	140	100	0.877	0.768
204.000000	140	100	0.846	0.783
210.000000	100	140	0.805	0.799
216.000000	100	140	0.828	0.735
222.000000	100	140	0.858	0.634
228.000000	100	140	0.895	0.470
234.000000	100	140	0.940	0.228
240.000000	100	105	0.970	0.065
246.000000	100	29	0.975	0.067
252.000000	100	29	0.972	0.070
258.000000	100	29	0.968	0.073
264.000000	100	29	0.964	0.076
270.000000	100	29	0.959	0.079
276.000000	100	29	0.954	0.082
282.000000	100	29	0.949	0.085
288.000000	100	29	0.945	0.088
294.000000	100	29	0.940	0.091
300.000000	100	29	0.936	0.094
306.000000	100	29	0.931	0.098
312.000000	100	29	0.927	0.101
318.000000	100	29	0.922	0.103
324.000000	100	29	0.917	0.105
330.000000	100	29	0.911	0.106
336.000000	100	29	0.906	0.106
342.000000	100	29	0.900	0.106
348.000000	100	29	0.894	0.104
354.000000	100	132	0.888	0.109
360.000000	100	132	0.881	0.113
366.000000	100	132	0.874	0.116
372.000000	100	132	0.867	0.118
378.000000	100	132	0.858	0.117
384.000000	100	132	0.847	0.113
390.000000	100	132	0.832	0.103
396.000000	100	132	0.813	0.089
402.000000	100	132	0.784	0.072
408.000000	100	132	0.738	0.056
414.000000	100	132	0.660	0.041
420.000000	100	80	0.513	0.027
426.000000	100	80	0.235	0.022
432.000000	100	84	0.009	0.008
