0.000000	125	102	0.000	0.000
6.000000	92	197	0.986	0.031
12.000000	92	197	0.985	0.034
18.000000	92	197	0.984	0.037
24.000000	92	197	0.983	0.039
30.000000	92	197	0.982	0.043
36.000000	92	197	0.980	0.046
42.000000	92	197	0.979	0.049
48.000000	92	197	0.977	0.052
54.000000	92	100	0.976	0.057
60.000000	92	100	0.974	0.062
66.000000	92	100	0.973	0.067
72.000000	92	100	0.972	0.072
78.000000	92	100	0.970	0.076
84.000000	92	100	0.969	0.081
90.000000	92	100	0.968	0.086
96.000000	92	100	0.967	0.090
102.000000	92	100	0.966	0.095
108.000000	92	100	0.965	0.100
114.000000	92	100	0.964	0.105
120.000000	92	100	0.964	0.111
126.000000	92	100	0.963	0.117
132.000000	92	100	0.963	0.122
138.000000	92	100	0.963	0.126
144.000000	92	100	0.963	0.128
150.000000	92	100	0.963	0.128
156.000000	92	100	0.962	0.126
162.000000	92	100	0.961	0.120
168.000000	92	100	0.959	0.111
174.000000	92	100	0.956	0.100
180.000000	92	100	0.953	0.087
186.000000	92	100	0.948	0.072
192.000000	92	100	0.943	0.058
198.000000	92	100	0.937	0.045
204.000000	92	197	0.930	0.035
210.000000	92	197	0.921	0.033
216.000000	92	197	0.910	0.033
222.000000	92	197	0.896	0.032
228.000000	92	197	0.878	0.031
234.000000	92	197	0.855	0.031
240.000000	92	197	0.822	0.031
246.000000	92	187	0.772	0.032
252.000000	92	187	0.689	0.032
258.000000	92	187	0.529	0.031
264.000000	92	187	0.219	0.022
270.000000	187	173	0.007	0.005
