0.000000	125	102	0.000	0.000
6.000000	179	185	0.986	0.039
12.000000	179	185	0.985	0.043
18.000000	179	185	0.984	0.046
24.000000	179	185	0.983	0.049
30.000000	179	185	0.981	0.052
36.000000	179	23	0.980	0.057
42.000000	179	23	0.979	0.062
48.000000	179	23	0.977	0.066
54.000000	179	23	0.976	0.070
60.000000	179	23	0.974	0.073
66.000000	179	23	0.973	0.076
72.000000	179	23	0.972	0.078
78.000000	179	23	0.970	0.080
84.000000	179	185	0.969	0.081
90.000000	179	185	0.968	0.084
96.000000	179	22	0.967	0.090
102.000000	179	22	0.966	0.098
108.000000	179	22	0.965	0.106
114.000000	179	22	0.965	0.115
120.000000	179	22	0.964	0.124
126.000000	179	22	0.963	0.133
132.000000	179	22	0.962	0.143
138.000000	179	22	0.962	0.155
144.000000	179	22	0.961	0.167
150.000000	179	22	0.960	0.180
156.000000	179	22	0.959	0.194
162.000000	179	22	0.957	0.210
168.000000	179	22	0.954	0.230
174.000000	179	22	0.950	0.256
180.000000	179	22	0.944	0.294
186.000000	179	22	0.935	0.350
192.000000	179	22	0.922	0.426
198.000000	179	22	0.904	0.523
204.000000	179	22	0.879	0.622
210.000000	179	22	0.843	0.696
216.000000	179	22	0.790	0.744
222.000000	22	179	0.786	0.706
228.000000	22	179	0.839	0.553
234.000000	22	179	0.915	0.282
240.000000	22	43	0.968	0.059
246.000000	22	43	0.978	0.059
252.000000	22	53	0.976	0.065
258.000000	22	53	0.973	0.073
264.000000	22	53	0.970	0.082
270.000000	22	53	0.967	0.091
276.000000	22	53	0.965	0.100
282.000000	22	53	0.962	0.110
288.000000	22	53	0.960	0.121
294.000000	22	53	0.957	0.132
300.000000	22	53	0.954	0.144
306.000000	22	53	0.951	0.157
312.000000	22	53	0.947	0.172
318.000000	22	53	0.944	0.189
324.000000	22	53	0.940	0.208
330.000000	22	53	0.935	0.229
336.000000	22	53	0.931	0.251
342.000000	22	53	0.926	0.277
348.000000	22	53	0.921	0.309
354.000000	22	53	0.915	0.354
360.000000	22	53	0.907	0.413
366.000000	22	53	0.895	0.482
372.000000	22	53	0.879	0.557
378.000000	22	53	0.858	0.632
384.000000	22	53	0.830	0.692
390.000000	22	53	0.798	0.730
396.000000	53	22	0.761	0.753
402.000000	53	22	0.788	0.687
408.000000	53	22	0.821	0.579
414.000000	53	22	0.877	0.381
420.000000	53	22	0.946	0.130
426.000000	53	190	0.975	0.045
432.000000	53	190	0.976	0.047
438.000000	53	190	0.973	0.048
444.000000	53	78	0.970	0.051
450.000000	53	78	0.967	0.054
456.000000	53	78	0.964	0.057
462.000000	53	78	0.961	0.061
468.000000	53	78	0.958	0.065
474.000000	53	78	0.954	0.069
480.000000	53	78	0.951	0.072
486.000000	53	78	0.948	0.075
492.000000	53	78	0.944	0.078
498.000000	53	78	0.941	0.080
504.000000	53	27	0.938	0.082
510.000000	53	27	0.934	0.085
516.000000	53	27	0.930	0.088
522.000000	53	27	0.926	0.089
528.000000	53	27	0.922	0.089
534.000000	53	27	0.918	0.087
540.000000	53	27	0.914	0.082
546.000000	53	27	0.910	0.075
552.000000	53	27	0.905	0.064
558.000000	53	78	0.899	0.053
564.000000	53	78	0.892	0.047
570.000000	53	78	0.883	0.043
576.000000	53	78	0.871	0.041
582.000000	53	78	0.855	0.039
588.000000	53	78	0.833	0.038
594.000000	53	78	0.802	0.038
600.000000	53	78	0.753	0.038
606.000000	53	78	0.670	0.037
612.000000	53	78	0.512	0.035
618.000000	53	78	0.224	0.024
624.000000	53	78	0.008	0.008
