0.000000	125	102	0.000	0.000
6.000000	73	71	0.992	0.040
12.000000	73	71	0.992	0.044
18.000000	73	71	0.992	0.049
24.000000	73	71	0.991	0.054
30.000000	73	71	0.990	0.062
36.000000	73	71	0.988	0.073
42.000000	73	71	0.987	0.083
48.000000	73	71	0.985	0.095
54.000000	73	71	0.982	0.111
60.000000	73	71	0.980	0.126
66.000000	73	71	0.978	0.144
72.000000	73	71	0.975	0.164
78.000000	73	71	0.973	0.188
84.000000	73	71	0.970	0.217
90.000000	73	71	0.967	0.251
96.000000	73	71	0.963	0.300
102.000000	73	71	0.959	0.354
108.000000	73	71	0.955	0.401
114.000000	73	71	0.951	0.447
120.000000	73	71	0.946	0.490
126.000000	73	71	0.943	0.522
132.000000	73	71	0.938	0.557
138.000000	73	71	0.933	0.582
144.000000	73	71	0.931	0.598
150.000000	73	71	0.929	0.614
156.000000	73	71	0.925	0.630
162.000000	73	71	0.918	0.647
168.000000	73	71	0.915	0.656
174.000000	73	71	0.911	0.665
180.000000	73	71	0.909	0.678
186.000000	73	71	0.905	0.689
192.000000	73	71	0.901	0.698
198.000000	73	71	0.898	0.703
204.000000	73	71	0.892	0.712
210.000000	73	71	0.885	0.722
216.000000	73	71	0.880	0.733
222.000000	73	71	0.879	0.743
228.000000	73	71	0.874	0.758
234.000000	73	71	0.867	0.770
240.000000	73	71	0.853	0.784
246.000000	73	71	0.842	0.801
252.000000	73	71	0.826	0.821
258.000000	71	73	0.836	0.815
264.000000	71	73	0.843	0.805
270.000000	71	73	0.854	0.786
276.000000	71	73	0.863	0.768
282.000000	71	73	0.872	0.743
288.000000	71	73	0.882	0.713
294.000000	71	73	0.891	0.685
300.000000	71	73	0.898	0.652
306.000000	71	73	0.908	0.597
312.000000	71	73	0.924	0.511
318.000000	71	73	0.941	0.380
324.000000	71	73	0.951	0.232
330.000000	71	168	0.959	0.101
336.000000	71	168	0.963	0.105
342.000000	71	168	0.962	0.116
348.000000	71	168	0.961	0.123
354.000000	71	168	0.958	0.127
360.000000	71	168	0.954	0.131
366.000000	71	168	0.950	0.136
372.000000	71	168	0.946	0.144
378.000000	71	168	0.940	0.153
384.000000	71	168	0.935	0.159
390.000000	71	168	0.930	0.166
396.000000	71	168	0.923	0.179
402.000000	71	168	0.919	0.187
408.000000	71	84	0.914	0.195
414.000000	71	84	0.911	0.204
420.000000	71	84	0.908	0.212
426.000000	71	84	0.903	0.226
432.000000	71	84	0.896	0.241
438.000000	71	84	0.889	0.253
444.000000	71	84	0.878	0.265
450.000000	71	84	0.869	0.273
456.000000	71	84	0.861	0.281
462.000000	71	84	0.851	0.285
468.000000	71	137	0.837	0.294
474.000000	71	137	0.819	0.314
480.000000	71	137	0.792	0.334
486.000000	71	137	0.766	0.354
492.000000	71	137	0.736	0.381
498.000000	71	137	0.706	0.403
504.000000	71	137	0.671	0.440
510.000000	71	137	0.630	0.479
516.000000	71	137	0.571	0.500
522.000000	137	71	0.519	0.500
528.000000	137	84	0.547	0.455
534.000000	137	84	0.590	0.495
540.000000	137	84	0.641	0.541
546.000000	137	84	0.673	0.585
552.000000	137	84	0.699	0.620
558.000000	137	84	0.731	0.635
564.000000	137	84	0.741	0.643
570.000000	137	84	0.746	0.653
576.000000	137	84	0.761	0.657
582.000000	137	84	0.774	0.660
588.000000	137	84	0.789	0.665
594.000000	137	84	0.797	0.671
600.000000	137	84	0.803	0.677
606.000000	137	84	0.804	0.676
612.000000	137	84	0.808	0.681
618.000000	137	84	0.820	0.680
624.000000	137	84	0.825	0.678
630.000000	137	84	0.828	0.679
636.000000	137	84	0.830	0.680
642.000000	137	84	0.831	0.687
648.000000	137	84	0.832	0.690
654.000000	137	84	0.833	0.694
660.000000	137	84	0.838	0.692
666.000000	137	84	0.845	0.688
672.000000	137	84	0.851	0.681
678.000000	137	84	0.860	0.671
684.000000	137	84	0.864	0.661
690.000000	137	84	0.868	0.650
696.000000	137	84	0.867	0.644
702.000000	137	84	0.863	0.638
708.000000	137	84	0.865	0.626
714.000000	137	84	0.863	0.619
720.000000	137	84	0.862	0.611
726.000000	137	84	0.866	0.598
732.000000	137	84	0.870	0.582
738.000000	137	84	0.876	0.563
744.000000	137	84	0.882	0.535
750.000000	137	84	0.882	0.504
756.000000	137	84	0.882	0.465
762.000000	137	84	0.886	0.409
768.000000	137	84	0.888	0.342
774.000000	137	83	0.888	0.315
780.000000	137	83	0.889	0.351
786.000000	137	83	0.892	0.402
792.000000	137	83	0.891	0.455
798.000000	137	83	0.887	0.515
804.000000	137	83	0.878	0.574
810.000000	137	83	0.863	0.623
816.000000	137	83	0.852	0.671
822.000000	137	83	0.842	0.702
828.000000	137	83	0.828	0.730
834.000000	137	83	0.800	0.763
840.000000	83	137	0.796	0.765
846.000000	83	137	0.812	0.733
852.000000	83	137	0.839	0.674
858.000000	83	137	0.872	0.595
864.000000	83	137	0.907	0.497
870.000000	83	137	0.922	0.385
876.000000	83	137	0.948	0.211
882.000000	83	90	0.962	0.102
888.000000	83	90	0.966	0.099
894.000000	83	90	0.966	0.102
900.000000	83	90	0.965	0.104
906.000000	83	90	0.964	0.106
912.000000	83	90	0.963	0.116
918.000000	83	90	0.963	0.125
924.000000	83	90	0.962	0.135
930.000000	83	90	0.961	0.146
936.000000	83	11	0.959	0.155
942.000000	83	11	0.957	0.171
948.000000	83	11	0.954	0.185
954.000000	83	11	0.951	0.201
960.000000	83	11	0.948	0.215
966.000000	83	11	0.945	0.229
972.000000	83	11	0.939	0.243
978.000000	83	11	0.935	0.261
984.000000	83	11	0.931	0.279
990.000000	83	11	0.929	0.301
996.000000	83	11	0.928	0.323
1002.000000	83	11	0.925	0.344
1008.000000	83	11	0.920	0.362
1014.000000	83	11	0.917	0.373
1020.000000	83	11	0.913	0.386
1026.000000	83	11	0.908	0.402
1032.000000	83	11	0.904	0.414
1038.000000	83	11	0.898	0.427
1044.000000	83	11	0.888	0.442
1050.000000	83	11	0.881	0.459
1056.000000	83	11	0.874	0.475
1062.000000	83	11	0.863	0.494
1068.000000	83	11	0.851	0.506
1074.000000	83	11	0.833	0.523
1080.000000	83	11	0.816	0.537
1086.000000	83	11	0.792	0.556
1092.000000	83	11	0.768	0.583
1098.000000	83	11	0.738	0.605
1104.000000	83	11	0.702	0.625
1110.000000	83	11	0.661	0.649
1116.000000	11	83	0.674	0.597
1122.000000	11	83	0.701	0.514
1128.000000	11	122	0.726	0.516
1134.000000	11	122	0.762	0.549
1140.000000	11	122	0.784	0.587
1146.000000	11	122	0.800	0.614
1152.000000	11	122	0.816	0.638
1158.000000	11	122	0.819	0.651
1164.000000	11	122	0.810	0.658
1170.000000	11	122	0.803	0.667
1176.000000	11	122	0.802	0.675
1182.000000	11	122	0.800	0.686
1188.000000	11	122	0.796	0.687
1194.000000	11	122	0.798	0.689
1200.000000	11	122	0.796	0.693
1206.000000	11	122	0.794	0.697
1212.000000	11	122	0.788	0.698
1218.000000	11	122	0.785	0.704
1224.000000	11	122	0.777	0.709
1230.000000	11	122	0.768	0.717
1236.000000	11	122	0.767	0.717
1242.000000	11	122	0.763	0.723
1248.000000	11	122	0.756	0.725
1254.000000	11	122	0.745	0.730
1260.000000	122	11	0.736	0.731
1266.000000	122	11	0.748	0.715
1272.000000	122	11	0.760	0.700
1278.000000	122	11	0.768	0.683
1284.000000	122	11	0.776	0.665
1290.000000	122	11	0.786	0.646
1296.000000	122	11	0.797	0.618
1302.000000	122	11	0.804	0.588
1308.000000	122	11	0.819	0.544
1314.000000	122	11	0.825	0.496
1320.000000	122	11	0.837	0.427
1326.000000	122	11	0.851	0.351
1332.000000	122	11	0.862	0.256
1338.000000	122	9	0.872	0.197
1344.000000	122	9	0.875	0.203
1350.000000	122	9	0.880	0.209
1356.000000	122	9	0.894	0.214
1362.000000	122	9	0.901	0.226
1368.000000	122	9	0.900	0.239
1374.000000	122	9	0.899	0.249
1380.000000	122	9	0.899	0.261
1386.000000	122	9	0.895	0.271
1392.000000	122	9	0.893	0.277
1398.000000	122	41	0.896	0.284
1404.000000	122	41	0.896	0.301
1410.000000	122	41	0.893	0.313
1416.000000	122	41	0.890	0.322
1422.000000	122	41	0.888	0.330
1428.000000	122	41	0.885	0.341
1434.000000	122	41	0.880	0.355
1440.000000	122	41	0.874	0.363
1446.000000	122	41	0.869	0.369
1452.000000	122	41	0.865	0.375
1458.000000	122	41	0.862	0.383
1464.000000	122	41	0.856	0.392
1470.000000	122	41	0.849	0.403
1476.000000	122	41	0.842	0.412
1482.000000	122	41	0.835	0.419
1488.000000	122	41	0.822	0.432
1494.000000	122	41	0.805	0.455
1500.000000	122	41	0.786	0.478
1506.000000	122	41	0.764	0.494
1512.000000	122	41	0.724	0.520
1518.000000	122	41	0.686	0.547
1524.000000	122	41	0.631	0.578
1530.000000	41	122	0.613	0.554
1536.000000	41	122	0.642	0.456
1542.000000	41	9	0.685	0.406
1548.000000	41	9	0.720	0.419
1554.000000	41	9	0.762	0.409
1560.000000	41	9	0.800	0.396
1566.000000	41	9	0.816	0.384
1572.000000	41	187	0.817	0.389
1578.000000	41	187	0.825	0.395
1584.000000	41	187	0.839	0.404
1590.000000	41	187	0.854	0.412
1596.000000	41	187	0.862	0.417
1602.000000	41	187	0.862	0.425
1608.000000	41	187	0.864	0.427
1614.000000	41	187	0.863	0.432
1620.000000	41	187	0.860	0.438
1626.000000	41	187	0.860	0.440
1632.000000	41	187	0.865	0.445
1638.000000	41	187	0.863	0.450
1644.000000	41	187	0.860	0.453
1650.000000	41	187	0.865	0.455
1656.000000	41	187	0.871	0.461
1662.000000	41	187	0.873	0.466
1668.000000	41	187	0.873	0.475
1674.000000	41	187	0.873	0.484
1680.000000	41	187	0.871	0.487
1686.000000	41	187	0.868	0.489
1692.000000	41	187	0.869	0.486
1698.000000	41	187	0.870	0.485
1704.000000	41	187	0.870	0.480
1710.000000	41	187	0.868	0.477
1716.000000	41	187	0.868	0.475
1722.000000	41	187	0.867	0.465
1728.000000	41	187	0.863	0.449
1734.000000	41	187	0.856	0.435
1740.000000	41	187	0.856	0.411
1746.000000	41	187	0.858	0.391
1752.000000	41	187	0.861	0.371
1758.000000	41	187	0.862	0.341
1764.000000	41	187	0.861	0.311
1770.000000	41	187	0.856	0.280
1776.000000	41	187	0.855	0.233
1782.000000	41	42	0.848	0.223
1788.000000	41	42	0.841	0.223
1794.000000	41	42	0.835	0.229
1800.000000	41	181	0.827	0.234
1806.000000	41	181	0.818	0.237
1812.000000	41	181	0.810	0.246
1818.000000	41	181	0.800	0.252
1824.000000	41	181	0.782	0.257
1830.000000	41	181	0.759	0.264
1836.000000	41	181	0.729	0.269
1842.000000	41	181	0.684	0.277
1848.000000	41	181	0.636	0.299
1854.000000	41	181	0.575	0.318
1860.000000	41	181	0.481	0.332
1866.000000	99	181	0.365	0.352
1872.000000	99	181	0.406	0.377
1878.000000	99	181	0.445	0.396
1884.000000	99	181	0.489	0.402
1890.000000	99	181	0.528	0.413
1896.000000	99	181	0.565	0.423
1902.000000	99	181	0.583	0.427
1908.000000	99	181	0.598	0.432
1914.000000	99	181	0.616	0.437
1920.000000	99	181	0.635	0.427
1926.000000	99	181	0.645	0.421
1932.000000	99	27	0.651	0.436
1938.000000	99	27	0.665	0.448
1944.000000	99	27	0.688	0.452
1950.000000	99	27	0.708	0.453
1956.000000	99	27	0.728	0.450
1962.000000	99	27	0.743	0.459
1968.000000	99	27	0.750	0.469
1974.000000	99	27	0.753	0.479
1980.000000	99	27	0.762	0.488
1986.000000	99	27	0.769	0.495
1992.000000	99	27	0.774	0.499
1998.000000	99	27	0.781	0.505
2004.000000	99	27	0.783	0.516
2010.000000	99	27	0.784	0.533
2016.000000	99	27	0.791	0.552
2022.000000	99	27	0.804	0.568
2028.000000	99	27	0.819	0.588
2034.000000	99	27	0.822	0.612
2040.000000	99	27	0.827	0.632
2046.000000	99	27	0.834	0.644
2052.000000	99	27	0.846	0.651
2058.000000	99	27	0.854	0.662
2064.000000	99	27	0.859	0.675
2070.000000	99	27	0.864	0.677
2076.000000	99	27	0.870	0.681
2082.000000	99	27	0.878	0.684
2088.000000	99	27	0.883	0.688
2094.000000	99	27	0.881	0.699
2100.000000	99	27	0.879	0.702
2106.000000	99	27	0.878	0.707
2112.000000	99	27	0.877	0.712
2118.000000	99	27	0.873	0.714
2124.000000	99	27	0.873	0.714
2130.000000	99	27	0.870	0.719
2136.000000	99	27	0.865	0.724
2142.000000	99	27	0.857	0.732
2148.000000	99	27	0.854	0.736
2154.000000	99	27	0.852	0.740
2160.000000	99	27	0.847	0.741
2166.000000	99	27	0.836	0.742
2172.000000	99	27	0.833	0.734
2178.000000	99	27	0.831	0.728
2184.000000	99	27	0.828	0.721
2190.000000	99	27	0.824	0.710
2196.000000	99	27	0.815	0.704
2202.000000	99	27	0.804	0.700
2208.000000	99	27	0.791	0.696
2214.000000	99	27	0.781	0.687
2220.000000	99	27	0.769	0.679
2226.000000	99	27	0.750	0.677
2232.000000	99	27	0.727	0.676
2238.000000	99	27	0.700	0.679
2244.000000	27	99	0.679	0.670
2250.000000	27	99	0.678	0.630
2256.000000	27	99	0.687	0.550
2262.000000	27	99	0.685	0.437
2268.000000	27	99	0.688	0.283
2274.000000	27	99	0.708	0.107
2280.000000	27	164	0.724	0.099
2286.000000	27	164	0.738	0.105
2292.000000	27	164	0.741	0.113
2298.000000	27	164	0.735	0.121
2304.000000	27	164	0.726	0.127
2310.000000	27	164	0.712	0.125
2316.000000	27	164	0.691	0.125
2322.000000	27	164	0.664	0.126
2328.000000	27	164	0.639	0.130
2334.000000	27	93	0.611	0.147
2340.000000	27	93	0.581	0.175
2346.000000	27	93	0.540	0.210
2352.000000	27	93	0.494	0.243
2358.000000	27	93	0.437	0.271
2364.000000	27	93	0.362	0.301
2370.000000	93	27	0.338	0.263
2376.000000	93	55	0.388	0.250
2382.000000	93	55	0.444	0.272
2388.000000	93	55	0.489	0.294
2394.000000	93	55	0.535	0.325
2400.000000	93	55	0.564	0.356
2406.000000	93	55	0.585	0.384
2412.000000	93	55	0.597	0.412
2418.000000	93	55	0.606	0.429
2424.000000	93	55	0.616	0.450
2430.000000	93	55	0.617	0.475
2436.000000	93	55	0.618	0.497
2442.000000	93	55	0.616	0.515
2448.000000	93	55	0.613	0.526
2454.000000	93	55	0.612	0.536
2460.000000	93	55	0.612	0.551
2466.000000	93	55	0.611	0.566
2472.000000	93	55	0.612	0.579
2478.000000	93	55	0.615	0.588
2484.000000	93	55	0.618	0.596
2490.000000	93	55	0.621	0.602
2496.000000	93	55	0.627	0.622
2502.000000	93	55	0.639	0.635
2508.000000	93	55	0.649	0.639
2514.000000	93	55	0.660	0.646
2520.000000	93	55	0.667	0.667
2526.000000	55	93	0.686	0.670
2532.000000	55	93	0.708	0.671
2538.000000	55	93	0.723	0.672
2544.000000	55	93	0.743	0.673
2550.000000	55	93	0.762	0.670
2556.000000	55	93	0.772	0.672
2562.000000	55	93	0.793	0.668
2568.000000	55	93	0.807	0.663
2574.000000	55	93	0.808	0.661
2580.000000	55	93	0.818	0.650
2586.000000	55	93	0.838	0.643
2592.000000	55	93	0.847	0.641
2598.000000	55	93	0.853	0.630
2604.000000	55	93	0.864	0.613
2610.000000	55	93	0.871	0.595
2616.000000	55	93	0.874	0.582
2622.000000	55	93	0.880	0.556
2628.000000	55	93	0.886	0.524
2634.000000	55	93	0.890	0.486
2640.000000	55	93	0.897	0.445
2646.000000	55	93	0.902	0.394
2652.000000	55	93	0.903	0.333
2658.000000	55	93	0.905	0.265
2664.000000	55	169	0.912	0.246
2670.000000	55	169	0.914	0.254
2676.000000	55	169	0.918	0.264
2682.000000	55	169	0.920	0.275
2688.000000	55	169	0.919	0.285
2694.000000	55	169	0.916	0.300
2700.000000	55	169	0.914	0.321
2706.000000	55	169	0.911	0.344
2712.000000	55	169	0.907	0.363
2718.000000	55	169	0.902	0.384
2724.000000	55	169	0.893	0.407
2730.000000	55	169	0.882	0.433
2736.000000	55	169	0.870	0.464
2742.000000	55	169	0.856	0.491
2748.000000	55	169	0.838	0.511
2754.000000	55	169	0.815	0.532
2760.000000	55	169	0.794	0.559
2766.000000	55	169	0.766	0.591
2772.000000	55	169	0.732	0.614
2778.000000	55	169	0.689	0.640
2784.000000	169	55	0.670	0.633
2790.000000	169	55	0.691	0.571
2796.000000	169	55	0.720	0.479
2802.000000	169	55	0.752	0.346
2808.000000	169	55	0.801	0.199
2814.000000	169	10	0.849	0.172
2820.000000	169	10	0.871	0.180
2826.000000	169	10	0.885	0.187
2832.000000	169	10	0.903	0.198
2838.000000	169	10	0.903	0.204
2844.000000	169	10	0.904	0.210
2850.000000	169	10	0.902	0.210
2856.000000	169	10	0.902	0.206
2862.000000	169	10	0.904	0.204
2868.000000	169	10	0.905	0.207
2874.000000	169	10	0.907	0.213
2880.000000	169	10	0.907	0.219
2886.000000	169	10	0.909	0.228
2892.000000	169	10	0.909	0.234
2898.000000	169	10	0.909	0.234
2904.000000	169	10	0.908	0.232
2910.000000	169	10	0.908	0.228
2916.000000	169	10	0.908	0.225
2922.000000	169	10	0.907	0.223
2928.000000	169	10	0.907	0.220
2934.000000	169	10	0.906	0.211
2940.000000	169	10	0.904	0.199
2946.000000	169	10	0.900	0.192
2952.000000	169	20	0.898	0.187
2958.000000	169	20	0.896	0.186
2964.000000	169	20	0.895	0.182
2970.000000	169	10	0.892	0.179
2976.000000	169	88	0.888	0.182
2982.000000	169	88	0.883	0.189
2988.000000	169	88	0.876	0.194
2994.000000	169	88	0.868	0.202
3000.000000	169	88	0.861	0.208
3006.000000	169	88	0.859	0.218
3012.000000	169	88	0.858	0.229
3018.000000	169	88	0.857	0.240
3024.000000	169	88	0.854	0.258
3030.000000	169	88	0.848	0.270
3036.000000	169	88	0.840	0.281
3042.000000	169	84	0.829	0.296
3048.000000	169	84	0.820	0.313
3054.000000	169	88	0.808	0.327
3060.000000	169	88	0.796	0.343
3066.000000	169	84	0.778	0.365
3072.000000	169	84	0.761	0.384
3078.000000	169	88	0.741	0.404
3084.000000	169	88	0.715	0.428
3090.000000	169	84	0.672	0.453
3096.000000	169	84	0.610	0.487
3102.000000	169	84	0.514	0.513
3108.000000	88	84	0.554	0.541
3114.000000	88	84	0.607	0.591
3120.000000	88	84	0.641	0.636
3126.000000	84	88	0.672	0.670
3132.000000	84	88	0.693	0.683
3138.000000	84	88	0.705	0.695
3144.000000	84	88	0.722	0.699
3150.000000	84	88	0.729	0.708
3156.000000	84	88	0.732	0.715
3162.000000	84	88	0.731	0.721
3168.000000	84	88	0.730	0.728
3174.000000	88	84	0.740	0.726
3180.000000	88	84	0.745	0.720
3186.000000	88	84	0.747	0.717
3192.000000	88	84	0.750	0.716
3198.000000	88	84	0.758	0.711
3204.000000	88	84	0.761	0.714
3210.000000	88	84	0.762	0.715
3216.000000	88	84	0.764	0.713
3222.000000	88	84	0.765	0.710
3228.000000	88	84	0.765	0.705
3234.000000	88	84	0.770	0.706
3240.000000	88	84	0.773	0.706
3246.000000	88	84	0.777	0.704
3252.000000	88	84	0.778	0.700
3258.000000	88	84	0.778	0.696
3264.000000	88	84	0.773	0.692
3270.000000	88	84	0.770	0.687
3276.000000	88	84	0.772	0.673
3282.000000	88	84	0.773	0.658
3288.000000	88	84	0.777	0.644
3294.000000	88	84	0.780	0.627
3300.000000	88	84	0.778	0.609
3306.000000	88	84	0.779	0.585
3312.000000	88	84	0.780	0.558
3318.000000	88	84	0.778	0.520
3324.000000	88	172	0.775	0.490
3330.000000	88	172	0.780	0.519
3336.000000	88	172	0.786	0.551
3342.000000	88	172	0.789	0.589
3348.000000	88	172	0.796	0.625
3354.000000	88	172	0.788	0.658
3360.000000	88	172	0.773	0.696
3366.000000	88	172	0.757	0.729
3372.000000	172	88	0.742	0.740
3378.000000	172	88	0.752	0.707
3384.000000	172	88	0.767	0.659
3390.000000	172	88	0.783	0.604
3396.000000	172	151	0.809	0.585
3402.000000	172	151	0.833	0.614
3408.000000	172	151	0.853	0.639
3414.000000	172	151	0.875	0.681
3420.000000	172	151	0.883	0.702
3426.000000	172	151	0.886	0.718
3432.000000	172	151	0.890	0.720
3438.000000	172	151	0.891	0.722
3444.000000	172	151	0.887	0.723
3450.000000	172	151	0.882	0.726
3456.000000	172	151	0.882	0.726
3462.000000	172	151	0.880	0.729
3468.000000	172	151	0.877	0.730
3474.000000	172	151	0.878	0.731
3480.000000	172	151	0.877	0.735
3486.000000	172	151	0.875	0.736
3492.000000	172	151	0.873	0.737
3498.000000	172	151	0.869	0.738
3504.000000	172	151	0.863	0.742
3510.000000	172	151	0.860	0.742
3516.000000	172	151	0.858	0.744
3522.000000	172	151	0.856	0.747
3528.000000	172	151	0.856	0.750
3534.000000	172	151	0.855	0.751
3540.000000	172	151	0.853	0.753
3546.000000	172	151	0.850	0.755
3552.000000	172	151	0.844	0.757
3558.000000	172	151	0.839	0.759
3564.000000	172	151	0.835	0.754
3570.000000	172	151	0.831	0.748
3576.000000	172	151	0.823	0.745
3582.000000	172	151	0.816	0.742
3588.000000	172	151	0.810	0.734
3594.000000	172	151	0.804	0.727
3600.000000	172	151	0.797	0.721
3606.000000	172	151	0.786	0.717
3612.000000	172	151	0.770	0.717
3618.000000	172	151	0.757	0.716
3624.000000	172	151	0.743	0.717
3630.000000	172	151	0.722	0.717
3636.000000	151	172	0.710	0.696
3642.000000	151	172	0.703	0.667
3648.000000	151	172	0.693	0.638
3654.000000	151	172	0.688	0.601
3660.000000	151	172	0.682	0.547
3666.000000	151	172	0.678	0.465
3672.000000	151	172	0.684	0.329
3678.000000	151	172	0.689	0.164
3684.000000	151	49	0.692	0.124
3690.000000	151	49	0.696	0.124
3696.000000	151	49	0.695	0.126
3702.000000	151	49	0.689	0.129
3708.000000	151	49	0.678	0.130
3714.000000	151	49	0.665	0.130
3720.000000	151	49	0.649	0.134
3726.000000	151	49	0.633	0.136
3732.000000	151	76	0.610	0.138
3738.000000	151	76	0.570	0.164
3744.000000	151	76	0.513	0.187
3750.000000	151	76	0.439	0.216
3756.000000	151	76	0.362	0.254
3762.000000	76	151	0.300	0.286
3768.000000	76	151	0.339	0.200
3774.000000	76	57	0.380	0.143
3780.000000	76	175	0.444	0.161
3786.000000	76	175	0.501	0.178
3792.000000	76	175	0.550	0.190
3798.000000	76	175	0.581	0.199
3804.000000	76	175	0.613	0.209
3810.000000	76	175	0.632	0.221
3816.000000	76	175	0.642	0.231
3822.000000	76	175	0.659	0.243
3828.000000	76	175	0.671	0.255
3834.000000	76	175	0.687	0.254
3840.000000	76	175	0.698	0.255
3846.000000	76	175	0.705	0.261
3852.000000	76	175	0.714	0.268
3858.000000	76	175	0.720	0.277
3864.000000	76	175	0.730	0.278
3870.000000	76	175	0.745	0.282
3876.000000	76	175	0.760	0.287
3882.000000	76	175	0.772	0.295
3888.000000	76	175	0.785	0.300
3894.000000	76	175	0.790	0.301
3900.000000	76	175	0.792	0.306
3906.000000	76	175	0.797	0.311
3912.000000	76	175	0.804	0.322
3918.000000	76	175	0.816	0.331
3924.000000	76	175	0.833	0.330
3930.000000	76	95	0.844	0.339
3936.000000	76	95	0.852	0.348
3942.000000	76	95	0.856	0.354
3948.000000	76	95	0.863	0.361
3954.000000	76	95	0.865	0.371
3960.000000	76	95	0.870	0.389
3966.000000	76	95	0.873	0.406
3972.000000	76	95	0.875	0.429
3978.000000	76	95	0.876	0.451
3984.000000	76	95	0.875	0.469
3990.000000	76	95	0.878	0.483
3996.000000	76	95	0.876	0.499
4002.000000	76	95	0.874	0.508
4008.000000	76	95	0.873	0.515
4014.000000	76	95	0.877	0.525
4020.000000	76	95	0.870	0.547
4026.000000	76	95	0.866	0.572
4032.000000	76	95	0.867	0.591
4038.000000	76	95	0.868	0.603
4044.000000	76	95	0.868	0.614
4050.000000	76	95	0.863	0.631
4056.000000	76	95	0.856	0.645
4062.000000	76	95	0.850	0.660
4068.000000	76	95	0.844	0.674
4074.000000	76	95	0.839	0.685
4080.000000	76	95	0.836	0.694
4086.000000	76	95	0.829	0.706
4092.000000	76	95	0.820	0.722
4098.000000	76	95	0.808	0.738
4104.000000	76	95	0.797	0.754
4110.000000	76	95	0.783	0.773
4116.000000	95	76	0.797	0.755
4122.000000	95	76	0.811	0.735
4128.000000	95	76	0.825	0.707
4134.000000	95	76	0.845	0.670
4140.000000	95	76	0.872	0.618
4146.000000	95	76	0.886	0.556
4152.000000	95	76	0.903	0.457
4158.000000	95	76	0.915	0.337
4164.000000	95	76	0.925	0.178
4170.000000	95	157	0.940	0.128
4176.000000	95	157	0.947	0.132
4182.000000	95	157	0.947	0.138
4188.000000	95	157	0.945	0.142
4194.000000	95	157	0.943	0.148
4200.000000	95	157	0.941	0.154
4206.000000	95	157	0.942	0.159
4212.000000	95	157	0.944	0.165
4218.000000	95	157	0.942	0.180
4224.000000	95	157	0.940	0.200
4230.000000	95	157	0.939	0.219
4236.000000	95	157	0.938	0.232
4242.000000	95	157	0.936	0.242
4248.000000	95	157	0.933	0.251
4254.000000	95	157	0.929	0.260
4260.000000	95	157	0.924	0.271
4266.000000	95	157	0.920	0.285
4272.000000	95	157	0.916	0.299
4278.000000	95	157	0.911	0.313
4284.000000	95	157	0.903	0.334
4290.000000	95	157	0.891	0.357
4296.000000	95	157	0.882	0.378
4302.000000	95	157	0.875	0.396
4308.000000	95	157	0.865	0.409
4314.000000	95	157	0.847	0.424
4320.000000	95	157	0.831	0.440
4326.000000	95	157	0.816	0.454
4332.000000	95	157	0.796	0.470
4338.000000	95	157	0.770	0.489
4344.000000	95	157	0.750	0.506
4350.000000	95	157	0.722	0.531
4356.000000	95	157	0.679	0.569
4362.000000	157	95	0.612	0.609
4368.000000	157	95	0.650	0.518
4374.000000	157	95	0.708	0.408
4380.000000	157	31	0.788	0.302
4386.000000	157	31	0.843	0.316
4392.000000	157	31	0.893	0.320
4398.000000	157	31	0.917	0.330
4404.000000	157	31	0.924	0.354
4410.000000	157	31	0.932	0.378
4416.000000	157	31	0.935	0.405
4422.000000	157	31	0.933	0.429
4428.000000	157	31	0.931	0.448
4434.000000	157	31	0.930	0.472
4440.000000	157	31	0.929	0.489
4446.000000	157	31	0.927	0.508
4452.000000	157	31	0.923	0.530
4458.000000	157	31	0.921	0.549
4464.000000	157	31	0.919	0.566
4470.000000	157	31	0.917	0.585
4476.000000	157	31	0.913	0.599
4482.000000	157	31	0.910	0.605
4488.000000	157	31	0.905	0.614
4494.000000	157	31	0.899	0.629
4500.000000	157	31	0.897	0.643
4506.000000	157	31	0.896	0.650
4512.000000	157	31	0.893	0.660
4518.000000	157	31	0.893	0.666
4524.000000	157	31	0.892	0.674
4530.000000	157	31	0.885	0.683
4536.000000	157	31	0.882	0.687
4542.000000	157	31	0.879	0.692
4548.000000	157	31	0.871	0.701
4554.000000	157	31	0.863	0.712
4560.000000	157	31	0.861	0.721
4566.000000	157	31	0.856	0.733
4572.000000	157	31	0.851	0.739
4578.000000	157	31	0.843	0.749
4584.000000	157	31	0.832	0.761
4590.000000	157	31	0.818	0.772
4596.000000	157	31	0.809	0.782
4602.000000	157	31	0.797	0.793
4608.000000	31	157	0.805	0.782
4614.000000	31	157	0.822	0.762
4620.000000	31	157	0.842	0.735
4626.000000	31	157	0.856	0.702
4632.000000	31	157	0.874	0.658
4638.000000	31	157	0.888	0.601
4644.000000	31	157	0.905	0.518
4650.000000	31	157	0.927	0.399
4656.000000	31	157	0.948	0.241
4662.000000	31	35	0.965	0.090
4668.000000	31	35	0.968	0.069
4674.000000	31	35	0.969	0.054
4680.000000	31	178	0.971	0.046
4686.000000	31	178	0.971	0.048
4692.000000	31	178	0.970	0.051
4698.000000	31	66	0.969	0.054
4704.000000	31	66	0.967	0.058
4710.000000	31	66	0.964	0.062
4716.000000	31	66	0.962	0.067
4722.000000	31	66	0.962	0.071
4728.000000	31	66	0.964	0.072
4734.000000	31	66	0.963	0.072
4740.000000	31	11	0.963	0.072
4746.000000	31	11	0.962	0.075
4752.000000	31	11	0.961	0.078
4758.000000	31	11	0.959	0.083
4764.000000	31	11	0.957	0.088
4770.000000	31	11	0.954	0.093
4776.000000	31	11	0.950	0.096
4782.000000	31	11	0.947	0.099
4788.000000	31	11	0.942	0.103
4794.000000	31	11	0.937	0.109
4800.000000	31	11	0.933	0.114
4806.000000	31	11	0.930	0.118
4812.000000	31	11	0.925	0.124
4818.000000	31	11	0.920	0.130
4824.000000	31	11	0.913	0.136
4830.000000	31	11	0.903	0.148
4836.000000	31	11	0.895	0.161
4842.000000	31	11	0.885	0.170
4848.000000	31	11	0.876	0.175
4854.000000	31	11	0.867	0.178
4860.000000	31	11	0.856	0.182
4866.000000	31	11	0.838	0.188
4872.000000	31	11	0.820	0.191
4878.000000	31	11	0.800	0.192
4884.000000	31	87	0.768	0.190
4890.000000	31	87	0.722	0.199
4896.000000	31	87	0.659	0.210
4902.000000	31	87	0.582	0.218
4908.000000	31	87	0.481	0.230
4914.000000	31	87	0.334	0.253
4920.000000	87	101	0.276	0.268
4926.000000	101	87	0.309	0.305
4932.000000	101	87	0.344	0.321
4938.000000	101	87	0.380	0.338
4944.000000	101	87	0.418	0.365
4950.000000	101	87	0.448	0.388
4956.000000	101	87	0.465	0.408
4962.000000	101	87	0.473	0.428
4968.000000	101	87	0.481	0.436
4974.000000	101	87	0.482	0.439
4980.000000	101	87	0.485	0.437
4986.000000	101	87	0.492	0.440
4992.000000	101	87	0.501	0.446
4998.000000	101	87	0.513	0.450
5004.000000	101	87	0.522	0.456
5010.000000	101	87	0.531	0.460
5016.000000	101	87	0.534	0.466
5022.000000	101	87	0.540	0.472
5028.000000	101	87	0.542	0.483
5034.000000	101	87	0.544	0.488
5040.000000	101	87	0.551	0.491
5046.000000	101	87	0.560	0.490
5052.000000	101	87	0.564	0.495
5058.000000	101	87	0.567	0.498
5064.000000	101	164	0.575	0.502
5070.000000	101	87	0.578	0.511
5076.000000	101	164	0.583	0.523
5082.000000	101	164	0.593	0.535
5088.000000	101	164	0.596	0.553
5094.000000	101	164	0.599	0.568
5100.000000	101	164	0.603	0.579
5106.000000	101	164	0.613	0.590
5112.000000	101	164	0.618	0.599
5118.000000	101	164	0.620	0.609
5124.000000	101	164	0.619	0.617
5130.000000	164	101	0.634	0.617
5136.000000	164	101	0.646	0.616
5142.000000	164	101	0.665	0.613
5148.000000	164	101	0.676	0.611
5154.000000	164	101	0.689	0.599
5160.000000	164	101	0.709	0.587
5166.000000	164	101	0.730	0.580
5172.000000	164	101	0.743	0.579
5178.000000	164	101	0.761	0.575
5184.000000	164	101	0.790	0.560
5190.000000	164	101	0.805	0.556
5196.000000	164	101	0.817	0.550
5202.000000	164	101	0.836	0.537
5208.000000	164	101	0.853	0.514
5214.000000	164	101	0.860	0.486
5220.000000	164	101	0.867	0.447
5226.000000	164	101	0.874	0.406
5232.000000	164	101	0.882	0.365
5238.000000	164	101	0.890	0.322
5244.000000	164	101	0.894	0.274
5250.000000	164	101	0.901	0.220
5256.000000	164	86	0.912	0.176
5262.000000	164	86	0.917	0.176
5268.000000	164	162	0.921	0.182
5274.000000	164	162	0.924	0.199
5280.000000	164	162	0.925	0.223
5286.000000	164	162	0.927	0.244
5292.000000	164	162	0.925	0.264
5298.000000	164	162	0.923	0.290
5304.000000	164	162	0.920	0.315
5310.000000	164	162	0.916	0.347
5316.000000	164	162	0.913	0.380
5322.000000	164	162	0.909	0.403
5328.000000	164	162	0.906	0.421
5334.000000	164	162	0.903	0.447
5340.000000	164	162	0.900	0.480
5346.000000	164	162	0.895	0.501
5352.000000	164	162	0.891	0.523
5358.000000	164	162	0.883	0.544
5364.000000	164	162	0.866	0.567
5370.000000	164	162	0.853	0.592
5376.000000	164	162	0.842	0.614
5382.000000	164	162	0.834	0.638
5388.000000	164	162	0.819	0.667
5394.000000	164	162	0.799	0.698
5400.000000	164	162	0.778	0.718
5406.000000	162	164	0.756	0.748
5412.000000	162	164	0.786	0.711
5418.000000	162	164	0.824	0.657
5424.000000	162	164	0.856	0.596
5430.000000	162	164	0.879	0.509
5436.000000	162	164	0.905	0.382
5442.000000	162	164	0.930	0.234
5448.000000	162	127	0.943	0.099
5454.000000	162	127	0.961	0.082
5460.000000	162	76	0.969	0.073
5466.000000	162	105	0.972	0.077
5472.000000	162	105	0.972	0.079
5478.000000	162	105	0.975	0.080
5484.000000	162	105	0.975	0.081
5490.000000	162	105	0.975	0.086
5496.000000	162	105	0.974	0.091
5502.000000	162	105	0.974	0.096
5508.000000	162	105	0.973	0.104
5514.000000	162	105	0.972	0.110
5520.000000	162	105	0.970	0.116
5526.000000	162	105	0.969	0.124
5532.000000	162	105	0.968	0.130
5538.000000	162	105	0.967	0.137
5544.000000	162	105	0.966	0.139
5550.000000	162	105	0.964	0.139
5556.000000	162	105	0.962	0.140
5562.000000	162	105	0.959	0.143
5568.000000	162	105	0.956	0.147
5574.000000	162	105	0.955	0.153
5580.000000	162	105	0.953	0.159
5586.000000	162	105	0.952	0.163
5592.000000	162	105	0.951	0.169
5598.000000	162	105	0.949	0.179
5604.000000	162	105	0.946	0.186
5610.000000	162	105	0.942	0.196
5616.000000	162	105	0.938	0.206
5622.000000	162	105	0.934	0.216
5628.000000	162	105	0.931	0.229
5634.000000	162	105	0.926	0.245
5640.000000	162	105	0.921	0.265
5646.000000	162	105	0.914	0.288
5652.000000	162	105	0.907	0.316
5658.000000	162	105	0.901	0.341
5664.000000	162	105	0.893	0.366
5670.000000	162	105	0.884	0.398
5676.000000	162	105	0.877	0.430
5682.000000	162	105	0.869	0.468
5688.000000	162	105	0.855	0.514
5694.000000	162	105	0.828	0.566
5700.000000	162	105	0.787	0.625
5706.000000	162	105	0.740	0.675
5712.000000	105	162	0.715	0.684
5718.000000	105	162	0.753	0.617
5724.000000	105	162	0.811	0.501
5730.000000	105	162	0.871	0.306
5736.000000	105	166	0.923	0.227
5742.000000	105	166	0.943	0.236
5748.000000	105	166	0.945	0.246
5754.000000	105	166	0.942	0.265
5760.000000	105	166	0.940	0.285
5766.000000	105	166	0.939	0.309
5772.000000	105	166	0.938	0.341
5778.000000	105	166	0.935	0.368
5784.000000	105	166	0.931	0.392
5790.000000	105	166	0.926	0.413
5796.000000	105	166	0.922	0.425
5802.000000	105	166	0.914	0.441
5808.000000	105	166	0.911	0.458
5814.000000	105	166	0.908	0.468
5820.000000	105	166	0.905	0.480
5826.000000	105	166	0.902	0.486
5832.000000	105	166	0.899	0.491
5838.000000	105	166	0.894	0.496
5844.000000	105	166	0.892	0.498
5850.000000	105	166	0.889	0.502
5856.000000	105	166	0.887	0.506
5862.000000	105	135	0.883	0.514
5868.000000	105	135	0.881	0.520
5874.000000	105	135	0.876	0.525
5880.000000	105	135	0.870	0.533
5886.000000	105	135	0.866	0.538
5892.000000	105	135	0.860	0.546
5898.000000	105	135	0.855	0.555
5904.000000	105	135	0.854	0.562
5910.000000	105	135	0.852	0.567
5916.000000	105	135	0.848	0.583
5922.000000	105	135	0.842	0.607
5928.000000	105	135	0.837	0.619
5934.000000	105	135	0.832	0.628
5940.000000	105	135	0.821	0.643
5946.000000	105	135	0.804	0.662
5952.000000	105	135	0.789	0.687
5958.000000	105	135	0.783	0.720
5964.000000	105	135	0.767	0.751
5970.000000	135	105	0.793	0.751
5976.000000	135	105	0.817	0.731
5982.000000	135	105	0.838	0.707
5988.000000	135	105	0.865	0.664
5994.000000	135	105	0.893	0.611
6000.000000	135	105	0.920	0.545
6006.000000	135	105	0.935	0.467
6012.000000	135	105	0.954	0.330
6018.000000	135	105	0.966	0.161
6024.000000	135	20	0.974	0.077
6030.000000	135	20	0.975	0.074
6036.000000	135	20	0.977	0.074
6042.000000	135	20	0.978	0.074
6048.000000	135	20	0.977	0.074
6054.000000	135	20	0.977	0.077
6060.000000	135	20	0.976	0.080
6066.000000	135	20	0.974	0.082
6072.000000	135	20	0.973	0.083
6078.000000	135	20	0.971	0.084
6084.000000	135	20	0.968	0.083
6090.000000	135	41	0.964	0.086
6096.000000	135	41	0.960	0.096
6102.000000	135	41	0.956	0.112
6108.000000	135	41	0.953	0.127
6114.000000	135	41	0.950	0.136
6120.000000	135	41	0.946	0.143
6126.000000	135	41	0.942	0.149
6132.000000	135	41	0.938	0.150
6138.000000	135	41	0.932	0.152
6144.000000	135	41	0.927	0.155
6150.000000	135	41	0.923	0.158
6156.000000	135	41	0.919	0.159
6162.000000	135	41	0.914	0.162
6168.000000	135	18	0.907	0.170
6174.000000	135	18	0.900	0.180
6180.000000	135	18	0.888	0.188
6186.000000	135	18	0.870	0.197
6192.000000	135	18	0.851	0.205
6198.000000	135	168	0.835	0.215
6204.000000	135	168	0.819	0.227
6210.000000	135	168	0.799	0.242
6216.000000	135	168	0.773	0.255
6222.000000	135	168	0.744	0.265
6228.000000	135	168	0.701	0.278
6234.000000	135	168	0.625	0.299
6240.000000	135	168	0.545	0.314
6246.000000	135	168	0.449	0.335
6252.000000	168	18	0.361	0.360
6258.000000	168	18	0.390	0.386
6264.000000	168	18	0.421	0.413
6270.000000	168	18	0.452	0.446
6276.000000	168	18	0.479	0.473
6282.000000	168	18	0.502	0.488
6288.000000	168	18	0.510	0.499
6294.000000	168	18	0.517	0.503
6300.000000	168	18	0.531	0.505
6306.000000	168	18	0.541	0.514
6312.000000	168	18	0.547	0.516
6318.000000	168	18	0.556	0.520
6324.000000	168	18	0.560	0.524
6330.000000	168	18	0.567	0.529
6336.000000	168	18	0.571	0.540
6342.000000	168	18	0.580	0.546
6348.000000	168	18	0.592	0.546
6354.000000	168	18	0.606	0.549
6360.000000	168	18	0.617	0.551
6366.000000	168	18	0.626	0.551
6372.000000	168	18	0.636	0.549
6378.000000	168	18	0.644	0.543
6384.000000	168	18	0.655	0.535
6390.000000	168	18	0.662	0.526
6396.000000	168	18	0.667	0.521
6402.000000	168	18	0.670	0.512
6408.000000	168	18	0.679	0.488
6414.000000	168	18	0.698	0.461
6420.000000	168	18	0.710	0.437
6426.000000	168	18	0.717	0.419
6432.000000	168	82	0.723	0.407
6438.000000	168	82	0.729	0.402
6444.000000	168	82	0.737	0.401
6450.000000	168	82	0.744	0.391
6456.000000	168	82	0.760	0.374
6462.000000	168	167	0.776	0.366
6468.000000	168	64	0.783	0.367
6474.000000	168	64	0.789	0.385
6480.000000	168	64	0.798	0.392
6486.000000	168	64	0.808	0.401
6492.000000	168	64	0.815	0.422
6498.000000	168	64	0.824	0.440
6504.000000	168	64	0.836	0.456
6510.000000	168	64	0.854	0.462
6516.000000	168	64	0.861	0.483
6522.000000	168	64	0.868	0.496
6528.000000	168	64	0.872	0.508
6534.000000	168	64	0.868	0.519
6540.000000	168	64	0.868	0.530
6546.000000	168	64	0.873	0.544
6552.000000	168	64	0.875	0.558
6558.000000	168	64	0.876	0.566
6564.000000	168	64	0.876	0.566
6570.000000	168	64	0.873	0.564
6576.000000	168	64	0.869	0.559
6582.000000	168	64	0.861	0.557
6588.000000	168	64	0.856	0.552
6594.000000	168	64	0.850	0.549
6600.000000	168	64	0.842	0.550
6606.000000	168	64	0.831	0.550
6612.000000	168	64	0.818	0.553
6618.000000	168	64	0.798	0.555
6624.000000	168	64	0.778	0.561
6630.000000	168	64	0.760	0.565
6636.000000	168	64	0.738	0.562
6642.000000	168	64	0.713	0.562
6648.000000	168	64	0.682	0.567
6654.000000	168	64	0.639	0.577
6660.000000	168	64	0.589	0.579
6666.000000	64	168	0.583	0.521
6672.000000	64	168	0.584	0.442
6678.000000	64	168	0.597	0.334
6684.000000	64	93	0.618	0.244
6690.000000	64	93	0.644	0.257
6696.000000	64	93	0.662	0.269
6702.000000	64	93	0.672	0.284
6708.000000	64	93	0.679	0.301
6714.000000	64	93	0.679	0.319
6720.000000	64	93	0.672	0.348
6726.000000	64	93	0.664	0.374
6732.000000	64	93	0.655	0.399
6738.000000	64	93	0.646	0.428
6744.000000	64	93	0.638	0.461
6750.000000	64	93	0.630	0.489
6756.000000	64	93	0.624	0.509
6762.000000	64	93	0.609	0.530
6768.000000	64	93	0.591	0.554
6774.000000	93	64	0.585	0.560
6780.000000	93	64	0.622	0.517
6786.000000	93	64	0.658	0.472
6792.000000	93	64	0.691	0.427
6798.000000	93	64	0.736	0.373
6804.000000	93	64	0.777	0.309
6810.000000	93	64	0.811	0.232
6816.000000	93	194	0.841	0.230
6822.000000	93	194	0.863	0.228
6828.000000	93	150	0.884	0.237
6834.000000	93	150	0.904	0.235
6840.000000	93	150	0.916	0.239
6846.000000	93	150	0.925	0.248
6852.000000	93	150	0.928	0.261
6858.000000	93	150	0.929	0.275
6864.000000	93	150	0.933	0.284
6870.000000	93	150	0.938	0.291
6876.000000	93	150	0.940	0.305
6882.000000	93	150	0.943	0.321
6888.000000	93	150	0.944	0.335
6894.000000	93	150	0.946	0.345
6900.000000	93	150	0.946	0.352
6906.000000	93	150	0.945	0.365
6912.000000	93	150	0.944	0.375
6918.000000	93	150	0.944	0.386
6924.000000	93	150	0.943	0.399
6930.000000	93	150	0.943	0.412
6936.000000	93	150	0.941	0.422
6942.000000	93	150	0.939	0.438
6948.000000	93	150	0.936	0.451
6954.000000	93	150	0.931	0.463
6960.000000	93	150	0.929	0.473
6966.000000	93	150	0.926	0.486
6972.000000	93	150	0.922	0.497
6978.000000	93	150	0.918	0.513
6984.000000	93	150	0.914	0.532
6990.000000	93	150	0.911	0.549
6996.000000	93	150	0.907	0.565
7002.000000	93	150	0.901	0.578
7008.000000	93	150	0.896	0.583
7014.000000	93	150	0.891	0.587
7020.000000	93	150	0.886	0.597
7026.000000	93	150	0.879	0.610
7032.000000	93	150	0.867	0.626
7038.000000	93	150	0.853	0.647
7044.000000	93	150	0.837	0.671
7050.000000	93	150	0.820	0.690
7056.000000	93	150	0.796	0.706
7062.000000	93	150	0.773	0.719
7068.000000	93	150	0.744	0.731
7074.000000	150	93	0.753	0.698
7080.000000	150	93	0.772	0.635
7086.000000	150	93	0.805	0.557
7092.000000	150	93	0.848	0.437
7098.000000	150	93	0.884	0.282
7104.000000	150	163	0.909	0.187
7110.000000	150	163	0.936	0.188
7116.000000	150	163	0.943	0.194
7122.000000	150	163	0.946	0.208
7128.000000	150	163	0.946	0.222
7134.000000	150	163	0.947	0.237
7140.000000	150	163	0.946	0.255
7146.000000	150	163	0.944	0.278
7152.000000	150	163	0.942	0.304
7158.000000	150	163	0.940	0.330
7164.000000	150	163	0.941	0.355
7170.000000	150	163	0.939	0.384
7176.000000	150	163	0.936	0.415
7182.000000	150	163	0.933	0.456
7188.000000	150	163	0.931	0.489
7194.000000	150	163	0.930	0.518
7200.000000	150	163	0.933	0.538
7206.000000	150	163	0.931	0.559
7212.000000	150	163	0.925	0.580
7218.000000	150	163	0.919	0.601
7224.000000	150	163	0.909	0.623
7230.000000	150	163	0.895	0.649
7236.000000	150	163	0.885	0.667
7242.000000	150	163	0.874	0.681
7248.000000	150	163	0.862	0.699
7254.000000	150	163	0.847	0.707
7260.000000	150	163	0.826	0.718
7266.000000	150	163	0.806	0.728
7272.000000	150	163	0.783	0.734
7278.000000	150	163	0.754	0.747
7284.000000	163	150	0.763	0.712
7290.000000	163	150	0.786	0.654
7296.000000	163	150	0.821	0.571
7302.000000	163	150	0.850	0.460
7308.000000	163	150	0.876	0.308
7314.000000	163	68	0.902	0.317
7320.000000	163	68	0.928	0.355
7326.000000	163	68	0.936	0.404
7332.000000	163	68	0.937	0.467
7338.000000	163	68	0.935	0.519
7344.000000	163	68	0.933	0.569
7350.000000	163	68	0.934	0.623
7356.000000	163	68	0.934	0.652
7362.000000	163	68	0.930	0.680
7368.000000	163	68	0.928	0.700
7374.000000	163	68	0.923	0.715
7380.000000	163	68	0.916	0.724
7386.000000	163	68	0.907	0.734
7392.000000	163	68	0.902	0.743
7398.000000	163	68	0.897	0.753
7404.000000	163	68	0.887	0.770
7410.000000	163	68	0.880	0.780
7416.000000	163	68	0.872	0.789
7422.000000	163	68	0.864	0.797
7428.000000	163	68	0.859	0.801
7434.000000	163	68	0.848	0.809
7440.000000	163	68	0.834	0.820
7446.000000	68	163	0.832	0.818
7452.000000	68	163	0.844	0.799
7458.000000	68	163	0.858	0.776
7464.000000	68	163	0.873	0.747
7470.000000	68	163	0.879	0.721
7476.000000	68	163	0.884	0.691
7482.000000	68	163	0.897	0.646
7488.000000	68	163	0.919	0.579
7494.000000	68	163	0.929	0.506
7500.000000	68	163	0.941	0.397
7506.000000	68	163	0.951	0.255
7512.000000	68	163	0.961	0.115
7518.000000	68	5	0.970	0.088
7524.000000	68	5	0.975	0.084
7530.000000	68	5	0.977	0.078
7536.000000	68	5	0.977	0.076
7542.000000	68	5	0.977	0.073
7548.000000	68	5	0.977	0.069
7554.000000	68	5	0.976	0.064
7560.000000	68	5	0.976	0.062
7566.000000	68	1	0.975	0.063
7572.000000	68	1	0.973	0.065
7578.000000	68	1	0.972	0.067
7584.000000	68	1	0.971	0.067
7590.000000	68	1	0.971	0.067
7596.000000	68	1	0.972	0.065
7602.000000	68	1	0.972	0.065
7608.000000	68	1	0.972	0.065
7614.000000	68	1	0.971	0.064
7620.000000	68	1	0.971	0.063
7626.000000	68	1	0.970	0.062
7632.000000	68	1	0.969	0.061
7638.000000	68	1	0.967	0.061
7644.000000	68	1	0.966	0.061
7650.000000	68	1	0.966	0.063
7656.000000	68	1	0.965	0.063
7662.000000	68	1	0.964	0.064
7668.000000	68	1	0.964	0.064
7674.000000	68	1	0.964	0.063
7680.000000	68	1	0.964	0.062
7686.000000	68	1	0.964	0.062
7692.000000	68	1	0.965	0.060
7698.000000	68	1	0.965	0.057
7704.000000	68	1	0.964	0.053
7710.000000	68	1	0.964	0.051
7716.000000	68	1	0.963	0.049
7722.000000	68	1	0.963	0.047
7728.000000	68	1	0.964	0.046
7734.000000	68	1	0.965	0.044
7740.000000	68	113	0.965	0.042
7746.000000	68	113	0.964	0.042
7752.000000	68	113	0.962	0.041
7758.000000	68	113	0.961	0.040
7764.000000	68	113	0.959	0.040
7770.000000	68	113	0.957	0.040
7776.000000	68	113	0.957	0.039
7782.000000	68	14	0.957	0.037
7788.000000	68	14	0.958	0.037
7794.000000	68	5	0.958	0.038
7800.000000	68	5	0.958	0.039
7806.000000	68	113	0.957	0.040
7812.000000	68	113	0.957	0.040
7818.000000	68	5	0.956	0.040
7824.000000	68	5	0.956	0.041
7830.000000	68	14	0.955	0.041
7836.000000	68	14	0.953	0.042
7842.000000	68	14	0.952	0.044
7848.000000	68	14	0.953	0.046
7854.000000	68	14	0.955	0.049
7860.000000	68	14	0.954	0.051
7866.000000	68	14	0.951	0.053
7872.000000	68	14	0.948	0.057
7878.000000	68	14	0.946	0.061
7884.000000	68	14	0.944	0.063
7890.000000	68	14	0.944	0.065
7896.000000	68	14	0.940	0.068
7902.000000	68	14	0.933	0.070
7908.000000	68	14	0.924	0.072
7914.000000	68	14	0.916	0.074
7920.000000	68	14	0.907	0.075
7926.000000	68	14	0.894	0.076
7932.000000	68	14	0.879	0.077
7938.000000	68	14	0.861	0.078
7944.000000	68	14	0.839	0.078
7950.000000	68	14	0.809	0.078
7956.000000	68	14	0.767	0.077
7962.000000	68	14	0.712	0.077
7968.000000	68	14	0.617	0.075
7974.000000	68	14	0.438	0.063
7980.000000	68	14	0.097	0.032
7986.000000	14	9	0.015	0.009
7992.000000	9	170	0.007	0.007
