0.000000	125	102	0.000	0.000
6.000000	48	101	0.992	0.031
12.000000	48	126	0.992	0.032
18.000000	48	126	0.992	0.034
24.000000	48	126	0.991	0.035
30.000000	48	126	0.990	0.037
36.000000	48	126	0.989	0.041
42.000000	48	126	0.987	0.048
48.000000	48	126	0.986	0.053
54.000000	48	126	0.984	0.058
60.000000	48	126	0.982	0.059
66.000000	48	126	0.981	0.059
72.000000	48	126	0.979	0.060
78.000000	48	126	0.978	0.062
84.000000	48	126	0.976	0.066
90.000000	48	126	0.974	0.072
96.000000	48	126	0.971	0.077
102.000000	48	100	0.969	0.084
108.000000	48	100	0.966	0.091
114.000000	48	100	0.964	0.097
120.000000	48	100	0.961	0.109
126.000000	48	100	0.958	0.119
132.000000	48	100	0.956	0.125
138.000000	48	30	0.953	0.135
144.000000	48	30	0.951	0.147
150.000000	48	30	0.948	0.157
156.000000	48	30	0.946	0.172
162.000000	48	30	0.943	0.190
168.000000	48	30	0.940	0.203
174.000000	48	30	0.937	0.219
180.000000	48	30	0.934	0.234
186.000000	48	30	0.931	0.249
192.000000	48	30	0.928	0.261
198.000000	48	30	0.925	0.270
204.000000	48	30	0.923	0.280
210.000000	48	30	0.921	0.292
216.000000	48	30	0.918	0.301
222.000000	48	30	0.916	0.310
228.000000	48	30	0.915	0.323
234.000000	48	30	0.911	0.337
240.000000	48	30	0.906	0.352
246.000000	48	30	0.901	0.368
252.000000	48	30	0.898	0.381
258.000000	48	30	0.896	0.393
264.000000	48	30	0.893	0.400
270.000000	48	30	0.888	0.414
276.000000	48	30	0.877	0.443
282.000000	48	30	0.872	0.467
288.000000	48	30	0.866	0.489
294.000000	48	30	0.860	0.514
300.000000	48	30	0.848	0.537
306.000000	48	30	0.832	0.560
312.000000	48	30	0.812	0.583
318.000000	48	30	0.787	0.609
324.000000	48	30	0.749	0.640
330.000000	48	30	0.699	0.679
336.000000	30	48	0.729	0.637
342.000000	30	48	0.770	0.577
348.000000	30	48	0.808	0.475
354.000000	30	48	0.853	0.333
360.000000	30	100	0.891	0.298
366.000000	30	100	0.909	0.294
372.000000	30	100	0.911	0.284
378.000000	30	100	0.909	0.280
384.000000	30	100	0.913	0.276
390.000000	30	100	0.914	0.272
396.000000	30	100	0.916	0.275
402.000000	30	100	0.917	0.270
408.000000	30	100	0.917	0.263
414.000000	30	100	0.918	0.255
420.000000	30	100	0.916	0.253
426.000000	30	100	0.915	0.254
432.000000	30	100	0.916	0.254
438.000000	30	100	0.916	0.250
444.000000	30	100	0.916	0.250
450.000000	30	100	0.915	0.249
456.000000	30	100	0.915	0.248
462.000000	30	100	0.916	0.248
468.000000	30	100	0.912	0.246
474.000000	30	100	0.908	0.239
480.000000	30	159	0.906	0.236
486.000000	30	159	0.907	0.247
492.000000	30	159	0.904	0.261
498.000000	30	159	0.899	0.284
504.000000	30	159	0.896	0.310
510.000000	30	159	0.894	0.334
516.000000	30	159	0.889	0.359
522.000000	30	159	0.878	0.390
528.000000	30	159	0.871	0.414
534.000000	30	159	0.862	0.442
540.000000	30	159	0.858	0.465
546.000000	30	159	0.853	0.504
552.000000	30	159	0.847	0.544
558.000000	30	159	0.833	0.595
564.000000	30	159	0.817	0.622
570.000000	30	159	0.803	0.646
576.000000	30	159	0.785	0.674
582.000000	30	159	0.762	0.696
588.000000	30	159	0.725	0.723
594.000000	159	30	0.755	0.683
600.000000	159	30	0.775	0.624
606.000000	159	30	0.806	0.535
612.000000	159	30	0.841	0.394
618.000000	159	30	0.872	0.223
624.000000	159	172	0.899	0.156
630.000000	159	172	0.916	0.144
636.000000	159	172	0.926	0.139
642.000000	159	80	0.928	0.150
648.000000	159	80	0.927	0.166
654.000000	159	80	0.926	0.184
660.000000	159	80	0.925	0.204
666.000000	159	80	0.927	0.219
672.000000	159	80	0.927	0.229
678.000000	159	80	0.926	0.241
684.000000	159	80	0.925	0.260
690.000000	159	80	0.925	0.278
696.000000	159	80	0.925	0.288
702.000000	159	80	0.924	0.293
708.000000	159	80	0.921	0.300
714.000000	159	80	0.916	0.310
720.000000	159	80	0.915	0.318
726.000000	159	80	0.913	0.326
732.000000	159	80	0.910	0.331
738.000000	159	80	0.907	0.334
744.000000	159	80	0.905	0.339
750.000000	159	80	0.904	0.345
756.000000	159	80	0.901	0.350
762.000000	159	80	0.899	0.353
768.000000	159	80	0.897	0.353
774.000000	159	80	0.895	0.353
780.000000	159	44	0.893	0.362
786.000000	159	44	0.891	0.376
792.000000	159	44	0.886	0.389
798.000000	159	44	0.880	0.400
804.000000	159	44	0.875	0.404
810.000000	159	44	0.866	0.413
816.000000	159	44	0.857	0.421
822.000000	159	44	0.850	0.435
828.000000	159	44	0.842	0.449
834.000000	159	44	0.829	0.457
840.000000	159	44	0.817	0.466
846.000000	159	44	0.807	0.483
852.000000	159	44	0.799	0.501
858.000000	159	44	0.782	0.524
864.000000	159	44	0.763	0.555
870.000000	159	44	0.729	0.599
876.000000	159	44	0.686	0.639
882.000000	44	159	0.676	0.633
888.000000	44	159	0.727	0.568
894.000000	44	159	0.796	0.453
900.000000	44	159	0.849	0.281
906.000000	44	52	0.884	0.166
912.000000	44	52	0.892	0.167
918.000000	44	52	0.899	0.167
924.000000	44	52	0.907	0.170
930.000000	44	52	0.915	0.172
936.000000	44	52	0.919	0.177
942.000000	44	52	0.923	0.192
948.000000	44	52	0.920	0.208
954.000000	44	52	0.916	0.227
960.000000	44	52	0.914	0.239
966.000000	44	52	0.911	0.245
972.000000	44	52	0.908	0.251
978.000000	44	52	0.907	0.262
984.000000	44	52	0.905	0.275
990.000000	44	52	0.902	0.278
996.000000	44	52	0.899	0.280
1002.000000	44	52	0.898	0.284
1008.000000	44	52	0.896	0.290
1014.000000	44	52	0.893	0.300
1020.000000	44	52	0.893	0.309
1026.000000	44	52	0.890	0.319
1032.000000	44	52	0.889	0.331
1038.000000	44	52	0.884	0.341
1044.000000	44	52	0.881	0.352
1050.000000	44	52	0.875	0.358
1056.000000	44	52	0.866	0.359
1062.000000	44	52	0.860	0.362
1068.000000	44	52	0.858	0.364
1074.000000	44	52	0.854	0.366
1080.000000	44	52	0.849	0.365
1086.000000	44	52	0.844	0.365
1092.000000	44	52	0.840	0.370
1098.000000	44	52	0.838	0.376
1104.000000	44	23	0.832	0.393
1110.000000	44	23	0.830	0.414
1116.000000	44	23	0.821	0.436
1122.000000	44	23	0.808	0.454
1128.000000	44	23	0.793	0.476
1134.000000	44	23	0.778	0.505
1140.000000	44	23	0.758	0.529
1146.000000	44	23	0.731	0.561
1152.000000	44	23	0.689	0.596
1158.000000	44	23	0.648	0.635
1164.000000	23	44	0.681	0.588
1170.000000	23	44	0.722	0.520
1176.000000	23	44	0.778	0.412
1182.000000	23	56	0.825	0.286
1188.000000	23	56	0.873	0.283
1194.000000	23	56	0.897	0.266
1200.000000	23	56	0.912	0.260
1206.000000	23	56	0.924	0.252
1212.000000	23	56	0.935	0.242
1218.000000	23	56	0.936	0.227
1224.000000	23	56	0.939	0.215
1230.000000	23	56	0.944	0.208
1236.000000	23	56	0.946	0.199
1242.000000	23	56	0.946	0.189
1248.000000	23	56	0.945	0.174
1254.000000	23	56	0.943	0.161
1260.000000	23	56	0.939	0.149
1266.000000	23	94	0.938	0.143
1272.000000	23	94	0.935	0.151
1278.000000	23	94	0.931	0.163
1284.000000	23	94	0.929	0.179
1290.000000	23	94	0.926	0.193
1296.000000	23	94	0.924	0.203
1302.000000	23	94	0.922	0.217
1308.000000	23	94	0.919	0.230
1314.000000	23	94	0.918	0.241
1320.000000	23	94	0.917	0.252
1326.000000	23	94	0.915	0.260
1332.000000	23	94	0.914	0.267
1338.000000	23	94	0.913	0.278
1344.000000	23	94	0.911	0.287
1350.000000	23	94	0.907	0.297
1356.000000	23	94	0.902	0.309
1362.000000	23	94	0.897	0.318
1368.000000	23	94	0.892	0.325
1374.000000	23	94	0.887	0.330
1380.000000	23	94	0.880	0.338
1386.000000	23	94	0.871	0.343
1392.000000	23	94	0.862	0.349
1398.000000	23	94	0.853	0.359
1404.000000	23	94	0.846	0.364
1410.000000	23	94	0.834	0.364
1416.000000	23	94	0.826	0.367
1422.000000	23	94	0.813	0.371
1428.000000	23	94	0.797	0.373
1434.000000	23	94	0.782	0.372
1440.000000	23	94	0.759	0.371
1446.000000	23	39	0.728	0.382
1452.000000	23	39	0.687	0.409
1458.000000	23	39	0.632	0.434
1464.000000	23	39	0.568	0.465
1470.000000	39	23	0.500	0.469
1476.000000	39	94	0.544	0.441
1482.000000	39	94	0.594	0.441
1488.000000	39	94	0.648	0.439
1494.000000	39	94	0.690	0.438
1500.000000	39	94	0.716	0.437
1506.000000	39	94	0.736	0.436
1512.000000	39	94	0.746	0.429
1518.000000	39	29	0.758	0.417
1524.000000	39	29	0.757	0.414
1530.000000	39	29	0.763	0.412
1536.000000	39	29	0.771	0.407
1542.000000	39	29	0.780	0.402
1548.000000	39	29	0.787	0.402
1554.000000	39	29	0.792	0.406
1560.000000	39	29	0.796	0.409
1566.000000	39	29	0.798	0.409
1572.000000	39	29	0.800	0.405
1578.000000	39	29	0.809	0.404
1584.000000	39	29	0.812	0.407
1590.000000	39	29	0.817	0.409
1596.000000	39	29	0.825	0.411
1602.000000	39	29	0.833	0.407
1608.000000	39	29	0.847	0.403
1614.000000	39	29	0.854	0.396
1620.000000	39	29	0.858	0.396
1626.000000	39	29	0.859	0.399
1632.000000	39	29	0.863	0.398
1638.000000	39	29	0.865	0.394
1644.000000	39	29	0.864	0.385
1650.000000	39	29	0.863	0.380
1656.000000	39	29	0.864	0.370
1662.000000	39	29	0.867	0.347
1668.000000	39	29	0.872	0.328
1674.000000	39	29	0.878	0.307
1680.000000	39	29	0.883	0.290
1686.000000	39	29	0.886	0.271
1692.000000	39	29	0.890	0.247
1698.000000	39	29	0.894	0.219
1704.000000	39	29	0.898	0.190
1710.000000	39	180	0.902	0.185
1716.000000	39	180	0.908	0.184
1722.000000	39	180	0.913	0.180
1728.000000	39	180	0.916	0.175
1734.000000	39	180	0.918	0.175
1740.000000	39	180	0.920	0.178
1746.000000	39	180	0.921	0.172
1752.000000	39	57	0.922	0.167
1758.000000	39	57	0.919	0.171
1764.000000	39	57	0.912	0.181
1770.000000	39	57	0.908	0.187
1776.000000	39	57	0.909	0.194
1782.000000	39	57	0.911	0.196
1788.000000	39	57	0.910	0.200
1794.000000	39	57	0.907	0.202
1800.000000	39	57	0.903	0.203
1806.000000	39	57	0.900	0.205
1812.000000	39	57	0.899	0.207
1818.000000	39	57	0.900	0.206
1824.000000	39	57	0.902	0.205
1830.000000	39	57	0.904	0.210
1836.000000	39	57	0.902	0.213
1842.000000	39	57	0.899	0.218
1848.000000	39	57	0.896	0.226
1854.000000	39	57	0.892	0.234
1860.000000	39	57	0.888	0.238
1866.000000	39	57	0.883	0.245
1872.000000	39	57	0.879	0.250
1878.000000	39	57	0.877	0.252
1884.000000	39	57	0.874	0.253
1890.000000	39	57	0.870	0.258
1896.000000	39	57	0.861	0.258
1902.000000	39	57	0.850	0.260
1908.000000	39	57	0.835	0.264
1914.000000	39	57	0.819	0.268
1920.000000	39	136	0.804	0.284
1926.000000	39	136	0.781	0.310
1932.000000	39	136	0.748	0.338
1938.000000	39	136	0.692	0.374
1944.000000	39	136	0.627	0.423
1950.000000	39	136	0.539	0.478
1956.000000	136	39	0.550	0.404
1962.000000	136	57	0.618	0.334
1968.000000	136	22	0.688	0.350
1974.000000	136	22	0.729	0.362
1980.000000	136	22	0.754	0.379
1986.000000	136	22	0.767	0.398
1992.000000	136	22	0.769	0.410
1998.000000	136	22	0.769	0.417
2004.000000	136	31	0.773	0.435
2010.000000	136	31	0.778	0.454
2016.000000	136	31	0.780	0.477
2022.000000	136	31	0.788	0.490
2028.000000	136	31	0.792	0.508
2034.000000	136	31	0.797	0.528
2040.000000	136	31	0.801	0.551
2046.000000	136	31	0.806	0.566
2052.000000	136	31	0.813	0.576
2058.000000	136	31	0.821	0.591
2064.000000	136	31	0.827	0.596
2070.000000	136	31	0.835	0.599
2076.000000	136	31	0.831	0.613
2082.000000	136	31	0.830	0.624
2088.000000	136	31	0.832	0.640
2094.000000	136	31	0.836	0.659
2100.000000	136	31	0.839	0.667
2106.000000	136	31	0.840	0.679
2112.000000	136	31	0.841	0.686
2118.000000	136	31	0.842	0.694
2124.000000	136	31	0.843	0.709
2130.000000	136	31	0.845	0.728
2136.000000	136	31	0.844	0.751
2142.000000	136	31	0.832	0.777
2148.000000	136	31	0.825	0.789
2154.000000	136	31	0.819	0.801
2160.000000	136	31	0.819	0.809
2166.000000	136	31	0.816	0.814
2172.000000	31	136	0.824	0.809
2178.000000	31	136	0.830	0.799
2184.000000	31	136	0.833	0.790
2190.000000	31	136	0.841	0.774
2196.000000	31	136	0.849	0.761
2202.000000	31	136	0.856	0.747
2208.000000	31	136	0.861	0.732
2214.000000	31	136	0.867	0.710
2220.000000	31	136	0.872	0.688
2226.000000	31	136	0.875	0.662
2232.000000	31	136	0.884	0.618
2238.000000	31	136	0.893	0.564
2244.000000	31	136	0.909	0.476
2250.000000	31	136	0.920	0.367
2256.000000	31	136	0.931	0.233
2262.000000	31	164	0.946	0.103
2268.000000	31	164	0.952	0.110
2274.000000	31	164	0.952	0.120
2280.000000	31	164	0.952	0.129
2286.000000	31	164	0.950	0.134
2292.000000	31	164	0.946	0.138
2298.000000	31	164	0.942	0.151
2304.000000	31	164	0.939	0.167
2310.000000	31	164	0.935	0.186
2316.000000	31	164	0.928	0.211
2322.000000	31	164	0.920	0.238
2328.000000	31	164	0.912	0.259
2334.000000	31	164	0.906	0.276
2340.000000	31	164	0.901	0.296
2346.000000	31	164	0.889	0.326
2352.000000	31	164	0.875	0.359
2358.000000	31	164	0.858	0.399
2364.000000	31	164	0.840	0.434
2370.000000	31	164	0.816	0.472
2376.000000	31	164	0.792	0.505
2382.000000	31	164	0.757	0.550
2388.000000	31	164	0.716	0.581
2394.000000	31	164	0.655	0.615
2400.000000	164	31	0.651	0.593
2406.000000	164	31	0.695	0.506
2412.000000	164	31	0.722	0.409
2418.000000	164	31	0.751	0.275
2424.000000	164	47	0.790	0.265
2430.000000	164	47	0.824	0.280
2436.000000	164	47	0.842	0.288
2442.000000	164	47	0.843	0.300
2448.000000	164	47	0.850	0.318
2454.000000	164	47	0.854	0.325
2460.000000	164	47	0.861	0.340
2466.000000	164	47	0.865	0.352
2472.000000	164	47	0.869	0.359
2478.000000	164	47	0.874	0.361
2484.000000	164	47	0.874	0.367
2490.000000	164	47	0.877	0.371
2496.000000	164	47	0.880	0.376
2502.000000	164	47	0.881	0.382
2508.000000	164	47	0.879	0.390
2514.000000	164	47	0.876	0.396
2520.000000	164	47	0.875	0.407
2526.000000	164	47	0.881	0.409
2532.000000	164	47	0.882	0.410
2538.000000	164	47	0.880	0.411
2544.000000	164	47	0.879	0.409
2550.000000	164	47	0.878	0.407
2556.000000	164	47	0.881	0.401
2562.000000	164	47	0.882	0.392
2568.000000	164	193	0.882	0.393
2574.000000	164	193	0.881	0.393
2580.000000	164	193	0.880	0.391
2586.000000	164	193	0.877	0.388
2592.000000	164	193	0.874	0.384
2598.000000	164	193	0.871	0.376
2604.000000	164	47	0.869	0.371
2610.000000	164	47	0.865	0.364
2616.000000	164	47	0.862	0.355
2622.000000	164	193	0.858	0.340
2628.000000	164	193	0.854	0.323
2634.000000	164	193	0.851	0.302
2640.000000	164	193	0.851	0.291
2646.000000	164	193	0.852	0.280
2652.000000	164	193	0.852	0.270
2658.000000	164	193	0.850	0.261
2664.000000	164	196	0.849	0.259
2670.000000	164	196	0.848	0.266
2676.000000	164	196	0.847	0.269
2682.000000	164	196	0.848	0.272
2688.000000	164	196	0.850	0.279
2694.000000	164	196	0.854	0.280
2700.000000	164	196	0.859	0.280
2706.000000	164	196	0.861	0.290
2712.000000	164	196	0.865	0.307
2718.000000	164	196	0.865	0.321
2724.000000	164	196	0.865	0.338
2730.000000	164	196	0.864	0.352
2736.000000	164	196	0.863	0.364
2742.000000	164	196	0.863	0.377
2748.000000	164	196	0.861	0.391
2754.000000	164	196	0.860	0.404
2760.000000	164	196	0.853	0.416
2766.000000	164	196	0.840	0.428
2772.000000	164	196	0.815	0.445
2778.000000	164	196	0.776	0.466
2784.000000	164	196	0.734	0.485
2790.000000	164	196	0.696	0.503
2796.000000	164	196	0.649	0.523
2802.000000	164	196	0.590	0.544
2808.000000	196	164	0.571	0.504
2814.000000	196	164	0.622	0.377
2820.000000	196	95	0.688	0.250
2826.000000	196	95	0.749	0.271
2832.000000	196	95	0.792	0.289
2838.000000	196	95	0.815	0.306
2844.000000	196	95	0.831	0.325
2850.000000	196	95	0.850	0.349
2856.000000	196	95	0.862	0.374
2862.000000	196	95	0.864	0.402
2868.000000	196	95	0.874	0.423
2874.000000	196	95	0.877	0.435
2880.000000	196	95	0.879	0.452
2886.000000	196	95	0.879	0.471
2892.000000	196	95	0.878	0.490
2898.000000	196	95	0.880	0.504
2904.000000	196	95	0.879	0.520
2910.000000	196	95	0.878	0.529
2916.000000	196	95	0.876	0.538
2922.000000	196	95	0.873	0.552
2928.000000	196	95	0.869	0.570
2934.000000	196	95	0.868	0.588
2940.000000	196	95	0.868	0.600
2946.000000	196	95	0.867	0.611
2952.000000	196	95	0.867	0.623
2958.000000	196	95	0.865	0.633
2964.000000	196	95	0.861	0.641
2970.000000	196	95	0.854	0.646
2976.000000	196	95	0.841	0.657
2982.000000	196	95	0.838	0.660
2988.000000	196	95	0.834	0.663
2994.000000	196	95	0.828	0.666
3000.000000	196	95	0.819	0.673
3006.000000	196	95	0.810	0.681
3012.000000	196	95	0.808	0.684
3018.000000	196	95	0.804	0.690
3024.000000	196	95	0.796	0.696
3030.000000	196	95	0.791	0.698
3036.000000	196	95	0.787	0.700
3042.000000	196	95	0.780	0.709
3048.000000	196	95	0.768	0.718
3054.000000	196	95	0.750	0.734
3060.000000	95	196	0.740	0.732
3066.000000	95	196	0.745	0.710
3072.000000	95	196	0.753	0.682
3078.000000	95	196	0.767	0.648
3084.000000	95	196	0.776	0.618
3090.000000	95	196	0.781	0.578
3096.000000	95	196	0.788	0.523
3102.000000	95	196	0.801	0.437
3108.000000	95	196	0.827	0.301
3114.000000	95	39	0.860	0.193
3120.000000	95	39	0.896	0.192
3126.000000	95	39	0.903	0.206
3132.000000	95	39	0.907	0.215
3138.000000	95	39	0.912	0.216
3144.000000	95	39	0.909	0.222
3150.000000	95	39	0.906	0.231
3156.000000	95	39	0.909	0.238
3162.000000	95	39	0.909	0.244
3168.000000	95	39	0.911	0.247
3174.000000	95	157	0.908	0.262
3180.000000	95	157	0.909	0.285
3186.000000	95	157	0.901	0.315
3192.000000	95	157	0.895	0.345
3198.000000	95	157	0.891	0.380
3204.000000	95	157	0.888	0.407
3210.000000	95	157	0.883	0.430
3216.000000	95	157	0.875	0.456
3222.000000	95	157	0.865	0.478
3228.000000	95	157	0.855	0.499
3234.000000	95	157	0.845	0.521
3240.000000	95	157	0.830	0.537
3246.000000	95	157	0.810	0.553
3252.000000	95	157	0.797	0.567
3258.000000	95	157	0.781	0.578
3264.000000	95	157	0.755	0.595
3270.000000	95	157	0.716	0.615
3276.000000	95	157	0.678	0.635
3282.000000	157	95	0.670	0.636
3288.000000	157	95	0.703	0.576
3294.000000	157	95	0.735	0.489
3300.000000	157	95	0.777	0.374
3306.000000	157	95	0.831	0.223
3312.000000	157	194	0.871	0.131
3318.000000	157	194	0.892	0.132
3324.000000	157	194	0.902	0.129
3330.000000	157	37	0.904	0.134
3336.000000	157	37	0.907	0.143
3342.000000	157	37	0.912	0.159
3348.000000	157	37	0.919	0.173
3354.000000	157	37	0.919	0.186
3360.000000	157	37	0.920	0.194
3366.000000	157	37	0.919	0.199
3372.000000	157	37	0.918	0.202
3378.000000	157	37	0.917	0.206
3384.000000	157	37	0.915	0.211
3390.000000	157	37	0.914	0.211
3396.000000	157	37	0.913	0.212
3402.000000	157	37	0.913	0.209
3408.000000	157	37	0.913	0.205
3414.000000	157	37	0.914	0.201
3420.000000	157	37	0.914	0.201
3426.000000	157	37	0.915	0.204
3432.000000	157	37	0.915	0.198
3438.000000	157	37	0.916	0.191
3444.000000	157	37	0.916	0.189
3450.000000	157	194	0.919	0.188
3456.000000	157	36	0.917	0.200
3462.000000	157	36	0.914	0.217
3468.000000	157	36	0.912	0.231
3474.000000	157	36	0.910	0.246
3480.000000	157	36	0.910	0.266
3486.000000	157	36	0.909	0.287
3492.000000	157	36	0.909	0.304
3498.000000	157	36	0.906	0.334
3504.000000	157	36	0.906	0.374
3510.000000	157	36	0.904	0.418
3516.000000	157	36	0.903	0.475
3522.000000	157	36	0.898	0.532
3528.000000	157	36	0.892	0.591
3534.000000	157	36	0.879	0.641
3540.000000	157	36	0.864	0.680
3546.000000	157	36	0.846	0.717
3552.000000	157	36	0.828	0.746
3558.000000	157	36	0.803	0.778
3564.000000	36	157	0.789	0.784
3570.000000	36	157	0.808	0.751
3576.000000	36	157	0.835	0.700
3582.000000	36	157	0.862	0.636
3588.000000	36	157	0.882	0.568
3594.000000	36	157	0.900	0.462
3600.000000	36	157	0.922	0.295
3606.000000	36	10	0.947	0.110
3612.000000	36	10	0.952	0.110
3618.000000	36	10	0.957	0.108
3624.000000	36	155	0.959	0.105
3630.000000	36	155	0.957	0.116
3636.000000	36	155	0.955	0.128
3642.000000	36	155	0.952	0.141
3648.000000	36	155	0.948	0.155
3654.000000	36	155	0.945	0.172
3660.000000	36	155	0.942	0.189
3666.000000	36	155	0.940	0.203
3672.000000	36	155	0.937	0.210
3678.000000	36	155	0.934	0.218
3684.000000	36	155	0.930	0.225
3690.000000	36	155	0.927	0.230
3696.000000	36	155	0.925	0.235
3702.000000	36	155	0.924	0.242
3708.000000	36	155	0.922	0.252
3714.000000	36	155	0.921	0.260
3720.000000	36	155	0.919	0.264
3726.000000	36	155	0.918	0.267
3732.000000	36	155	0.915	0.272
3738.000000	36	155	0.913	0.278
3744.000000	36	155	0.910	0.284
3750.000000	36	155	0.905	0.287
3756.000000	36	155	0.897	0.289
3762.000000	36	155	0.889	0.292
3768.000000	36	155	0.883	0.293
3774.000000	36	155	0.877	0.294
3780.000000	36	155	0.869	0.293
3786.000000	36	155	0.859	0.290
3792.000000	36	105	0.848	0.302
3798.000000	36	105	0.841	0.320
3804.000000	36	105	0.832	0.344
3810.000000	36	105	0.822	0.373
3816.000000	36	105	0.808	0.407
3822.000000	36	105	0.789	0.444
3828.000000	36	105	0.764	0.480
3834.000000	36	105	0.722	0.513
3840.000000	36	105	0.679	0.550
3846.000000	36	105	0.629	0.605
3852.000000	105	36	0.657	0.570
3858.000000	105	36	0.712	0.473
3864.000000	105	36	0.762	0.337
3870.000000	105	173	0.827	0.209
3876.000000	105	173	0.874	0.221
3882.000000	105	173	0.904	0.235
3888.000000	105	173	0.919	0.253
3894.000000	105	173	0.924	0.272
3900.000000	105	173	0.923	0.294
3906.000000	105	173	0.925	0.309
3912.000000	105	173	0.921	0.329
3918.000000	105	173	0.919	0.354
3924.000000	105	173	0.917	0.372
3930.000000	105	173	0.915	0.391
3936.000000	105	173	0.913	0.406
3942.000000	105	173	0.911	0.419
3948.000000	105	173	0.909	0.436
3954.000000	105	173	0.907	0.448
3960.000000	105	173	0.904	0.458
3966.000000	105	173	0.900	0.467
3972.000000	105	173	0.898	0.476
3978.000000	105	173	0.897	0.484
3984.000000	105	173	0.896	0.490
3990.000000	105	173	0.893	0.497
3996.000000	105	173	0.890	0.502
4002.000000	105	173	0.888	0.507
4008.000000	105	173	0.887	0.516
4014.000000	105	173	0.887	0.520
4020.000000	105	173	0.885	0.520
4026.000000	105	173	0.881	0.527
4032.000000	105	173	0.880	0.538
4038.000000	105	173	0.880	0.550
4044.000000	105	173	0.877	0.561
4050.000000	105	173	0.875	0.573
4056.000000	105	173	0.871	0.587
4062.000000	105	173	0.866	0.600
4068.000000	105	173	0.861	0.607
4074.000000	105	173	0.853	0.606
4080.000000	105	173	0.837	0.608
4086.000000	105	173	0.821	0.608
4092.000000	105	174	0.802	0.623
4098.000000	105	174	0.779	0.661
4104.000000	105	174	0.752	0.692
4110.000000	105	174	0.720	0.719
4116.000000	174	105	0.735	0.685
4122.000000	174	173	0.755	0.640
4128.000000	174	173	0.789	0.647
4134.000000	174	173	0.814	0.665
4140.000000	174	173	0.847	0.684
4146.000000	174	173	0.885	0.678
4152.000000	174	173	0.898	0.667
4158.000000	174	173	0.902	0.653
4164.000000	174	173	0.905	0.643
4170.000000	174	173	0.908	0.632
4176.000000	174	173	0.909	0.622
4182.000000	174	173	0.908	0.607
4188.000000	174	173	0.912	0.581
4194.000000	174	173	0.915	0.554
4200.000000	174	173	0.917	0.526
4206.000000	174	173	0.920	0.489
4212.000000	174	173	0.921	0.447
4218.000000	174	173	0.921	0.391
4224.000000	174	173	0.924	0.325
4230.000000	174	173	0.933	0.251
4236.000000	174	173	0.942	0.177
4242.000000	174	173	0.951	0.102
4248.000000	174	24	0.957	0.079
4254.000000	174	24	0.960	0.080
4260.000000	174	24	0.958	0.085
4266.000000	174	24	0.958	0.090
4272.000000	174	24	0.956	0.095
4278.000000	174	24	0.954	0.100
4284.000000	174	24	0.952	0.107
4290.000000	174	24	0.952	0.111
4296.000000	174	24	0.950	0.117
4302.000000	174	24	0.947	0.123
4308.000000	174	24	0.945	0.128
4314.000000	174	24	0.943	0.130
4320.000000	174	40	0.941	0.138
4326.000000	174	40	0.939	0.144
4332.000000	174	40	0.937	0.150
4338.000000	174	40	0.934	0.159
4344.000000	174	40	0.931	0.167
4350.000000	174	40	0.928	0.176
4356.000000	174	40	0.923	0.189
4362.000000	174	40	0.917	0.198
4368.000000	174	40	0.912	0.207
4374.000000	174	40	0.908	0.218
4380.000000	174	40	0.901	0.228
4386.000000	174	40	0.892	0.237
4392.000000	174	40	0.881	0.245
4398.000000	174	40	0.869	0.255
4404.000000	174	40	0.851	0.265
4410.000000	174	40	0.822	0.278
4416.000000	174	40	0.788	0.289
4422.000000	174	40	0.747	0.300
4428.000000	174	40	0.692	0.311
4434.000000	174	40	0.629	0.323
4440.000000	174	10	0.540	0.349
4446.000000	174	10	0.425	0.386
4452.000000	10	40	0.431	0.378
4458.000000	10	40	0.462	0.408
4464.000000	10	40	0.502	0.414
4470.000000	10	40	0.528	0.417
4476.000000	10	40	0.547	0.423
4482.000000	10	40	0.574	0.430
4488.000000	10	40	0.581	0.429
4494.000000	10	40	0.595	0.429
4500.000000	10	40	0.604	0.439
4506.000000	10	40	0.611	0.443
4512.000000	10	40	0.606	0.446
4518.000000	10	40	0.606	0.444
4524.000000	10	40	0.617	0.448
4530.000000	10	40	0.628	0.450
4536.000000	10	40	0.635	0.448
4542.000000	10	40	0.642	0.445
4548.000000	10	40	0.649	0.448
4554.000000	10	40	0.659	0.449
4560.000000	10	40	0.666	0.447
4566.000000	10	40	0.668	0.449
4572.000000	10	40	0.677	0.447
4578.000000	10	40	0.689	0.443
4584.000000	10	40	0.701	0.445
4590.000000	10	40	0.710	0.445
4596.000000	10	40	0.721	0.444
4602.000000	10	40	0.727	0.446
4608.000000	10	40	0.740	0.442
4614.000000	10	40	0.757	0.435
4620.000000	10	40	0.770	0.434
4626.000000	10	40	0.785	0.427
4632.000000	10	40	0.797	0.414
4638.000000	10	40	0.800	0.408
4644.000000	10	40	0.812	0.394
4650.000000	10	40	0.827	0.373
4656.000000	10	40	0.839	0.343
4662.000000	10	40	0.855	0.313
4668.000000	10	42	0.868	0.292
4674.000000	10	42	0.877	0.277
4680.000000	10	42	0.884	0.261
4686.000000	10	42	0.887	0.245
4692.000000	10	42	0.894	0.223
4698.000000	10	73	0.897	0.216
4704.000000	10	73	0.901	0.221
4710.000000	10	73	0.899	0.219
4716.000000	10	73	0.903	0.220
4722.000000	10	73	0.908	0.226
4728.000000	10	73	0.909	0.226
4734.000000	10	73	0.910	0.225
4740.000000	10	73	0.911	0.231
4746.000000	10	73	0.909	0.240
4752.000000	10	73	0.907	0.243
4758.000000	10	73	0.907	0.236
4764.000000	10	73	0.907	0.229
4770.000000	10	73	0.904	0.223
4776.000000	10	73	0.900	0.219
4782.000000	10	36	0.895	0.216
4788.000000	10	36	0.889	0.218
4794.000000	10	36	0.885	0.220
4800.000000	10	36	0.881	0.225
4806.000000	10	36	0.873	0.226
4812.000000	10	36	0.867	0.224
4818.000000	10	36	0.861	0.226
4824.000000	10	36	0.852	0.230
4830.000000	10	36	0.843	0.239
4836.000000	10	36	0.828	0.247
4842.000000	10	36	0.816	0.253
4848.000000	10	36	0.803	0.262
4854.000000	10	36	0.792	0.269
4860.000000	10	36	0.769	0.278
4866.000000	10	36	0.740	0.291
4872.000000	10	36	0.706	0.308
4878.000000	10	36	0.651	0.335
4884.000000	10	36	0.581	0.367
4890.000000	10	36	0.496	0.408
4896.000000	36	10	0.456	0.372
4902.000000	36	10	0.519	0.221
4908.000000	36	155	0.590	0.175
4914.000000	36	155	0.660	0.187
4920.000000	36	155	0.707	0.204
4926.000000	36	155	0.746	0.223
4932.000000	36	155	0.772	0.244
4938.000000	36	155	0.788	0.260
4944.000000	36	155	0.797	0.279
4950.000000	36	155	0.801	0.303
4956.000000	36	155	0.803	0.328
4962.000000	36	155	0.804	0.358
4968.000000	36	155	0.806	0.389
4974.000000	36	155	0.812	0.410
4980.000000	36	155	0.819	0.428
4986.000000	36	155	0.823	0.451
4992.000000	36	155	0.822	0.466
4998.000000	36	155	0.821	0.480
5004.000000	36	155	0.824	0.492
5010.000000	36	155	0.832	0.502
5016.000000	36	155	0.834	0.515
5022.000000	36	155	0.837	0.525
5028.000000	36	155	0.837	0.538
5034.000000	36	155	0.835	0.552
5040.000000	36	155	0.835	0.575
5046.000000	36	155	0.832	0.593
5052.000000	36	155	0.831	0.609
5058.000000	36	155	0.834	0.620
5064.000000	36	155	0.831	0.635
5070.000000	36	155	0.829	0.647
5076.000000	36	155	0.824	0.662
5082.000000	36	155	0.819	0.676
5088.000000	36	155	0.811	0.693
5094.000000	36	155	0.804	0.702
5100.000000	36	155	0.798	0.711
5106.000000	36	155	0.786	0.729
5112.000000	36	155	0.774	0.742
5118.000000	36	155	0.767	0.752
5124.000000	155	36	0.769	0.755
5130.000000	155	36	0.786	0.742
5136.000000	155	36	0.805	0.726
5142.000000	155	36	0.817	0.709
5148.000000	155	36	0.829	0.688
5154.000000	155	36	0.841	0.661
5160.000000	155	36	0.865	0.613
5166.000000	155	36	0.880	0.558
5172.000000	155	36	0.901	0.481
5178.000000	155	36	0.919	0.372
5184.000000	155	36	0.946	0.211
5190.000000	155	113	0.959	0.191
5196.000000	155	113	0.962	0.209
5202.000000	155	113	0.962	0.224
5208.000000	155	113	0.961	0.241
5214.000000	155	113	0.960	0.264
5220.000000	155	113	0.959	0.285
5226.000000	155	113	0.957	0.310
5232.000000	155	113	0.954	0.345
5238.000000	155	113	0.949	0.385
5244.000000	155	113	0.947	0.425
5250.000000	155	113	0.944	0.463
5256.000000	155	113	0.941	0.492
5262.000000	155	113	0.937	0.518
5268.000000	155	113	0.929	0.545
5274.000000	155	113	0.915	0.577
5280.000000	155	113	0.907	0.596
5286.000000	155	113	0.900	0.617
5292.000000	155	113	0.896	0.634
5298.000000	155	113	0.887	0.653
5304.000000	155	113	0.874	0.672
5310.000000	155	113	0.864	0.682
5316.000000	155	113	0.849	0.698
5322.000000	155	113	0.830	0.712
5328.000000	155	113	0.812	0.722
5334.000000	155	113	0.784	0.741
5340.000000	113	155	0.762	0.750
5346.000000	113	155	0.788	0.704
5352.000000	113	155	0.813	0.641
5358.000000	113	155	0.842	0.557
5364.000000	113	155	0.873	0.453
5370.000000	113	155	0.899	0.322
5376.000000	113	142	0.935	0.219
5382.000000	113	142	0.954	0.218
5388.000000	113	142	0.960	0.216
5394.000000	113	142	0.962	0.214
5400.000000	113	142	0.961	0.220
5406.000000	113	142	0.960	0.228
5412.000000	113	142	0.959	0.230
5418.000000	113	142	0.958	0.230
5424.000000	113	142	0.956	0.232
5430.000000	113	142	0.954	0.233
5436.000000	113	142	0.951	0.232
5442.000000	113	142	0.950	0.232
5448.000000	113	142	0.948	0.235
5454.000000	113	142	0.946	0.233
5460.000000	113	142	0.945	0.226
5466.000000	113	142	0.943	0.218
5472.000000	113	142	0.940	0.208
5478.000000	113	142	0.938	0.201
5484.000000	113	59	0.940	0.191
5490.000000	113	59	0.940	0.199
5496.000000	113	59	0.940	0.207
5502.000000	113	59	0.938	0.223
5508.000000	113	59	0.936	0.237
5514.000000	113	59	0.933	0.248
5520.000000	113	59	0.929	0.259
5526.000000	113	59	0.925	0.276
5532.000000	113	59	0.920	0.295
5538.000000	113	59	0.915	0.317
5544.000000	113	59	0.910	0.342
5550.000000	113	59	0.905	0.364
5556.000000	113	59	0.898	0.390
5562.000000	113	59	0.892	0.415
5568.000000	113	59	0.883	0.439
5574.000000	113	59	0.874	0.465
5580.000000	113	59	0.864	0.496
5586.000000	113	59	0.849	0.532
5592.000000	113	59	0.831	0.564
5598.000000	113	59	0.806	0.597
5604.000000	113	59	0.771	0.633
5610.000000	113	59	0.724	0.677
5616.000000	59	113	0.726	0.663
5622.000000	59	113	0.784	0.576
5628.000000	59	113	0.832	0.465
5634.000000	59	113	0.880	0.314
5640.000000	59	113	0.924	0.139
5646.000000	59	16	0.945	0.125
5652.000000	59	16	0.949	0.125
5658.000000	59	16	0.953	0.124
5664.000000	59	16	0.953	0.123
5670.000000	59	16	0.951	0.125
5676.000000	59	16	0.951	0.131
5682.000000	59	16	0.950	0.134
5688.000000	59	16	0.950	0.139
5694.000000	59	16	0.952	0.143
5700.000000	59	16	0.950	0.147
5706.000000	59	16	0.949	0.146
5712.000000	59	16	0.946	0.147
5718.000000	59	16	0.944	0.150
5724.000000	59	16	0.940	0.152
5730.000000	59	143	0.936	0.162
5736.000000	59	143	0.932	0.170
5742.000000	59	143	0.930	0.174
5748.000000	59	143	0.930	0.176
5754.000000	59	143	0.929	0.179
5760.000000	59	143	0.927	0.182
5766.000000	59	143	0.924	0.186
5772.000000	59	143	0.922	0.189
5778.000000	59	143	0.919	0.193
5784.000000	59	143	0.916	0.197
5790.000000	59	143	0.913	0.204
5796.000000	59	143	0.910	0.212
5802.000000	59	143	0.904	0.219
5808.000000	59	143	0.899	0.223
5814.000000	59	143	0.893	0.227
5820.000000	59	143	0.886	0.234
5826.000000	59	143	0.880	0.237
5832.000000	59	143	0.874	0.239
5838.000000	59	143	0.867	0.237
5844.000000	59	143	0.856	0.234
5850.000000	59	143	0.847	0.230
5856.000000	59	143	0.837	0.223
5862.000000	59	8	0.826	0.220
5868.000000	59	8	0.813	0.228
5874.000000	59	8	0.794	0.238
5880.000000	59	8	0.776	0.251
5886.000000	59	8	0.761	0.270
5892.000000	59	8	0.741	0.287
5898.000000	59	8	0.711	0.307
5904.000000	59	8	0.673	0.340
5910.000000	59	8	0.619	0.378
5916.000000	59	8	0.561	0.414
5922.000000	59	8	0.480	0.450
5928.000000	8	59	0.503	0.355
5934.000000	8	58	0.570	0.218
5940.000000	8	58	0.650	0.224
5946.000000	8	58	0.702	0.237
5952.000000	8	58	0.734	0.256
5958.000000	8	58	0.755	0.274
5964.000000	8	58	0.772	0.295
5970.000000	8	58	0.790	0.307
5976.000000	8	58	0.811	0.325
5982.000000	8	58	0.828	0.344
5988.000000	8	58	0.848	0.355
5994.000000	8	58	0.855	0.371
6000.000000	8	58	0.855	0.387
6006.000000	8	58	0.862	0.402
6012.000000	8	58	0.869	0.408
6018.000000	8	58	0.875	0.412
6024.000000	8	58	0.878	0.418
6030.000000	8	58	0.879	0.428
6036.000000	8	58	0.882	0.436
6042.000000	8	58	0.886	0.438
6048.000000	8	58	0.889	0.437
6054.000000	8	58	0.891	0.439
6060.000000	8	58	0.898	0.441
6066.000000	8	58	0.901	0.448
6072.000000	8	58	0.903	0.451
6078.000000	8	58	0.904	0.450
6084.000000	8	58	0.907	0.443
6090.000000	8	58	0.909	0.439
6096.000000	8	58	0.909	0.436
6102.000000	8	58	0.907	0.434
6108.000000	8	58	0.905	0.431
6114.000000	8	58	0.904	0.423
6120.000000	8	58	0.904	0.413
6126.000000	8	58	0.904	0.399
6132.000000	8	58	0.906	0.378
6138.000000	8	58	0.906	0.360
6144.000000	8	58	0.909	0.332
6150.000000	8	58	0.909	0.290
6156.000000	8	58	0.909	0.242
6162.000000	8	58	0.910	0.188
6168.000000	8	125	0.916	0.173
6174.000000	8	54	0.919	0.185
6180.000000	8	54	0.920	0.214
6186.000000	8	54	0.919	0.239
6192.000000	8	54	0.918	0.260
6198.000000	8	54	0.916	0.276
6204.000000	8	54	0.913	0.295
6210.000000	8	54	0.910	0.315
6216.000000	8	54	0.906	0.345
6222.000000	8	54	0.904	0.372
6228.000000	8	54	0.901	0.392
6234.000000	8	54	0.894	0.406
6240.000000	8	54	0.882	0.428
6246.000000	8	54	0.870	0.452
6252.000000	8	54	0.859	0.484
6258.000000	8	54	0.845	0.521
6264.000000	8	54	0.829	0.553
6270.000000	8	54	0.806	0.592
6276.000000	8	54	0.784	0.637
6282.000000	8	54	0.745	0.679
6288.000000	54	8	0.725	0.685
6294.000000	54	8	0.769	0.615
6300.000000	54	8	0.804	0.531
6306.000000	54	8	0.853	0.391
6312.000000	54	8	0.887	0.221
6318.000000	54	125	0.922	0.172
6324.000000	54	125	0.938	0.171
6330.000000	54	125	0.943	0.171
6336.000000	54	125	0.947	0.174
6342.000000	54	125	0.947	0.170
6348.000000	54	39	0.946	0.169
6354.000000	54	39	0.948	0.173
6360.000000	54	39	0.947	0.176
6366.000000	54	39	0.944	0.179
6372.000000	54	39	0.943	0.182
6378.000000	54	39	0.940	0.186
6384.000000	54	39	0.937	0.187
6390.000000	54	39	0.935	0.184
6396.000000	54	39	0.932	0.182
6402.000000	54	39	0.929	0.189
6408.000000	54	39	0.926	0.195
6414.000000	54	39	0.923	0.198
6420.000000	54	39	0.919	0.204
6426.000000	54	39	0.916	0.210
6432.000000	54	39	0.911	0.216
6438.000000	54	39	0.904	0.221
6444.000000	54	39	0.896	0.222
6450.000000	54	39	0.893	0.225
6456.000000	54	39	0.891	0.226
6462.000000	54	39	0.888	0.226
6468.000000	54	39	0.886	0.237
6474.000000	54	39	0.885	0.246
6480.000000	54	39	0.882	0.247
6486.000000	54	39	0.876	0.248
6492.000000	54	39	0.869	0.248
6498.000000	54	39	0.865	0.240
6504.000000	54	39	0.859	0.228
6510.000000	54	39	0.851	0.218
6516.000000	54	36	0.845	0.211
6522.000000	54	36	0.839	0.225
6528.000000	54	36	0.827	0.245
6534.000000	54	36	0.817	0.268
6540.000000	54	36	0.812	0.286
6546.000000	54	36	0.808	0.298
6552.000000	54	36	0.801	0.313
6558.000000	54	36	0.790	0.339
6564.000000	54	36	0.778	0.373
6570.000000	54	36	0.760	0.404
6576.000000	54	36	0.739	0.436
6582.000000	54	36	0.715	0.466
6588.000000	54	36	0.681	0.493
6594.000000	54	36	0.632	0.526
6600.000000	54	36	0.568	0.563
6606.000000	36	54	0.608	0.469
6612.000000	36	54	0.664	0.330
6618.000000	36	84	0.714	0.363
6624.000000	36	84	0.750	0.401
6630.000000	36	84	0.787	0.431
6636.000000	36	84	0.802	0.458
6642.000000	36	84	0.812	0.484
6648.000000	36	84	0.822	0.503
6654.000000	36	84	0.835	0.516
6660.000000	36	84	0.846	0.533
6666.000000	36	84	0.852	0.551
6672.000000	36	84	0.857	0.566
6678.000000	36	84	0.860	0.578
6684.000000	36	84	0.862	0.596
6690.000000	36	84	0.863	0.604
6696.000000	36	84	0.867	0.609
6702.000000	36	84	0.867	0.625
6708.000000	36	84	0.867	0.639
6714.000000	36	84	0.867	0.653
6720.000000	36	84	0.866	0.673
6726.000000	36	84	0.864	0.696
6732.000000	36	84	0.857	0.711
6738.000000	36	84	0.850	0.733
6744.000000	36	84	0.846	0.748
6750.000000	36	84	0.842	0.759
6756.000000	36	84	0.838	0.770
6762.000000	36	84	0.827	0.784
6768.000000	36	84	0.818	0.794
6774.000000	36	84	0.813	0.804
6780.000000	84	36	0.816	0.805
6786.000000	84	36	0.823	0.797
6792.000000	84	36	0.825	0.790
6798.000000	84	36	0.827	0.783
6804.000000	84	36	0.836	0.768
6810.000000	84	36	0.838	0.760
6816.000000	84	36	0.846	0.747
6822.000000	84	36	0.853	0.729
6828.000000	84	36	0.855	0.710
6834.000000	84	36	0.863	0.685
6840.000000	84	36	0.873	0.650
6846.000000	84	36	0.881	0.615
6852.000000	84	36	0.893	0.562
6858.000000	84	36	0.902	0.489
6864.000000	84	36	0.915	0.379
6870.000000	84	36	0.933	0.224
6876.000000	84	151	0.945	0.111
6882.000000	84	151	0.950	0.107
6888.000000	84	151	0.955	0.107
6894.000000	84	151	0.958	0.108
6900.000000	84	151	0.961	0.111
6906.000000	84	151	0.963	0.110
6912.000000	84	151	0.961	0.109
6918.000000	84	151	0.960	0.108
6924.000000	84	151	0.959	0.110
6930.000000	84	151	0.957	0.117
6936.000000	84	151	0.955	0.128
6942.000000	84	151	0.954	0.136
6948.000000	84	151	0.952	0.139
6954.000000	84	151	0.951	0.139
6960.000000	84	151	0.949	0.138
6966.000000	84	151	0.950	0.139
6972.000000	84	151	0.950	0.139
6978.000000	84	151	0.949	0.136
6984.000000	84	151	0.948	0.136
6990.000000	84	151	0.946	0.135
6996.000000	84	151	0.943	0.133
7002.000000	84	151	0.940	0.130
7008.000000	84	151	0.939	0.126
7014.000000	84	151	0.938	0.119
7020.000000	84	151	0.937	0.109
7026.000000	84	151	0.936	0.100
7032.000000	84	151	0.935	0.094
7038.000000	84	151	0.933	0.085
7044.000000	84	169	0.930	0.085
7050.000000	84	169	0.928	0.089
7056.000000	84	169	0.928	0.092
7062.000000	84	166	0.928	0.095
7068.000000	84	166	0.928	0.095
7074.000000	84	166	0.928	0.095
7080.000000	84	169	0.928	0.098
7086.000000	84	169	0.928	0.101
7092.000000	84	169	0.927	0.102
7098.000000	84	169	0.923	0.102
7104.000000	84	169	0.919	0.104
7110.000000	84	169	0.915	0.104
7116.000000	84	169	0.912	0.106
7122.000000	84	169	0.912	0.104
7128.000000	84	169	0.912	0.101
7134.000000	84	169	0.910	0.099
7140.000000	84	169	0.905	0.095
7146.000000	84	169	0.900	0.094
7152.000000	84	169	0.892	0.092
7158.000000	84	169	0.882	0.090
7164.000000	84	169	0.874	0.086
7170.000000	84	169	0.869	0.083
7176.000000	84	169	0.863	0.080
7182.000000	84	169	0.854	0.079
7188.000000	84	169	0.842	0.080
7194.000000	84	169	0.822	0.079
7200.000000	84	169	0.794	0.078
7206.000000	84	169	0.755	0.076
7212.000000	84	169	0.702	0.073
7218.000000	84	169	0.617	0.068
7224.000000	84	161	0.452	0.054
7230.000000	84	164	0.177	0.043
7236.000000	164	161	0.027	0.025
7242.000000	161	164	0.022	0.022
7248.000000	164	161	0.018	0.018
7254.000000	28	169	0.018	0.016
7260.000000	28	121	0.016	0.014
7266.000000	11	121	0.013	0.013
7272.000000	121	28	0.012	0.011
7278.000000	121	169	0.010	0.009
7284.000000	28	169	0.008	0.007
