0.000000	125	102	0.000	0.000
6.000000	2	19	0.992	0.038
12.000000	2	19	0.992	0.039
18.000000	2	19	0.992	0.040
24.000000	2	19	0.992	0.042
30.000000	2	19	0.991	0.044
36.000000	2	19	0.990	0.046
42.000000	2	19	0.989	0.048
48.000000	2	59	0.987	0.049
54.000000	2	59	0.986	0.056
60.000000	2	59	0.985	0.062
66.000000	2	59	0.983	0.069
72.000000	2	59	0.982	0.075
78.000000	2	59	0.981	0.079
84.000000	2	59	0.979	0.080
90.000000	2	59	0.977	0.083
96.000000	2	59	0.975	0.088
102.000000	2	174	0.974	0.091
108.000000	2	174	0.972	0.097
114.000000	2	174	0.971	0.104
120.000000	2	174	0.969	0.113
126.000000	2	174	0.967	0.123
132.000000	2	174	0.965	0.137
138.000000	2	174	0.963	0.151
144.000000	2	174	0.960	0.163
150.000000	2	174	0.958	0.179
156.000000	2	174	0.955	0.194
162.000000	2	174	0.952	0.205
168.000000	2	174	0.950	0.221
174.000000	2	174	0.947	0.235
180.000000	2	174	0.945	0.249
186.000000	2	174	0.943	0.267
192.000000	2	174	0.942	0.286
198.000000	2	174	0.940	0.303
204.000000	2	174	0.938	0.318
210.000000	2	174	0.936	0.336
216.000000	2	174	0.934	0.355
222.000000	2	174	0.931	0.373
228.000000	2	174	0.928	0.392
234.000000	2	174	0.923	0.408
240.000000	2	174	0.919	0.425
246.000000	2	174	0.915	0.438
252.000000	2	174	0.911	0.456
258.000000	2	174	0.907	0.477
264.000000	2	174	0.901	0.507
270.000000	2	174	0.894	0.530
276.000000	2	174	0.884	0.550
282.000000	2	174	0.865	0.591
288.000000	2	174	0.854	0.623
294.000000	2	174	0.839	0.658
300.000000	2	174	0.823	0.691
306.000000	2	174	0.807	0.720
312.000000	2	174	0.792	0.734
318.000000	2	174	0.773	0.745
324.000000	174	2	0.760	0.749
330.000000	174	2	0.785	0.722
336.000000	174	2	0.803	0.691
342.000000	174	2	0.824	0.648
348.000000	174	2	0.849	0.586
354.000000	174	2	0.873	0.502
360.000000	174	2	0.906	0.355
366.000000	174	18	0.923	0.328
372.000000	174	18	0.932	0.355
378.000000	174	18	0.936	0.385
384.000000	174	18	0.939	0.408
390.000000	174	18	0.941	0.417
396.000000	174	18	0.938	0.428
402.000000	174	18	0.934	0.438
408.000000	174	18	0.931	0.449
414.000000	174	18	0.929	0.468
420.000000	174	18	0.926	0.483
426.000000	174	18	0.923	0.494
432.000000	174	18	0.920	0.502
438.000000	174	18	0.913	0.514
444.000000	174	18	0.907	0.523
450.000000	174	18	0.903	0.530
456.000000	174	18	0.898	0.538
462.000000	174	18	0.890	0.552
468.000000	174	18	0.885	0.558
474.000000	174	18	0.879	0.564
480.000000	174	18	0.869	0.569
486.000000	174	18	0.861	0.573
492.000000	174	18	0.854	0.577
498.000000	174	18	0.849	0.578
504.000000	174	18	0.843	0.579
510.000000	174	18	0.836	0.582
516.000000	174	18	0.823	0.587
522.000000	174	18	0.809	0.589
528.000000	174	18	0.790	0.593
534.000000	174	18	0.779	0.595
540.000000	174	18	0.767	0.601
546.000000	174	18	0.750	0.616
552.000000	174	18	0.722	0.626
558.000000	174	18	0.678	0.644
564.000000	18	174	0.662	0.633
570.000000	18	174	0.672	0.568
576.000000	18	174	0.688	0.477
582.000000	18	174	0.716	0.344
588.000000	18	170	0.744	0.247
594.000000	18	170	0.784	0.264
600.000000	18	170	0.801	0.285
606.000000	18	170	0.811	0.305
612.000000	18	170	0.814	0.324
618.000000	18	170	0.815	0.346
624.000000	18	63	0.818	0.366
630.000000	18	63	0.825	0.390
636.000000	18	63	0.828	0.409
642.000000	18	63	0.826	0.426
648.000000	18	63	0.823	0.443
654.000000	18	63	0.818	0.460
660.000000	18	63	0.812	0.471
666.000000	18	63	0.808	0.486
672.000000	18	63	0.804	0.504
678.000000	18	63	0.796	0.518
684.000000	18	63	0.784	0.537
690.000000	18	63	0.774	0.556
696.000000	18	63	0.756	0.572
702.000000	18	63	0.739	0.582
708.000000	18	63	0.719	0.596
714.000000	18	63	0.687	0.618
720.000000	18	63	0.656	0.648
726.000000	63	18	0.667	0.626
732.000000	63	18	0.688	0.585
738.000000	63	170	0.712	0.598
744.000000	63	170	0.740	0.621
750.000000	63	170	0.761	0.651
756.000000	63	170	0.783	0.679
762.000000	63	170	0.802	0.714
768.000000	63	170	0.821	0.734
774.000000	63	170	0.829	0.749
780.000000	63	170	0.847	0.747
786.000000	63	170	0.856	0.743
792.000000	63	170	0.859	0.740
798.000000	63	170	0.864	0.736
804.000000	63	170	0.860	0.737
810.000000	63	170	0.858	0.735
816.000000	63	170	0.854	0.733
822.000000	63	170	0.850	0.726
828.000000	63	170	0.845	0.720
834.000000	63	170	0.844	0.712
840.000000	63	170	0.841	0.711
846.000000	63	170	0.834	0.717
852.000000	63	170	0.830	0.716
858.000000	63	170	0.824	0.717
864.000000	63	170	0.822	0.715
870.000000	63	170	0.818	0.712
876.000000	63	170	0.818	0.705
882.000000	63	170	0.815	0.698
888.000000	63	170	0.811	0.694
894.000000	63	170	0.810	0.686
900.000000	63	170	0.809	0.676
906.000000	63	170	0.802	0.667
912.000000	63	170	0.798	0.648
918.000000	63	170	0.796	0.619
924.000000	63	170	0.790	0.589
930.000000	63	170	0.787	0.561
936.000000	63	170	0.787	0.527
942.000000	63	170	0.787	0.485
948.000000	63	170	0.788	0.434
954.000000	63	170	0.793	0.367
960.000000	63	170	0.794	0.293
966.000000	63	90	0.792	0.219
972.000000	63	90	0.792	0.226
978.000000	63	90	0.785	0.232
984.000000	63	39	0.781	0.245
990.000000	63	39	0.783	0.273
996.000000	63	39	0.789	0.307
1002.000000	63	39	0.790	0.335
1008.000000	63	39	0.782	0.360
1014.000000	63	39	0.771	0.384
1020.000000	63	39	0.759	0.416
1026.000000	63	39	0.743	0.452
1032.000000	63	39	0.724	0.493
1038.000000	63	39	0.701	0.534
1044.000000	63	39	0.664	0.574
1050.000000	39	63	0.614	0.612
1056.000000	39	63	0.645	0.555
1062.000000	39	63	0.670	0.480
1068.000000	39	63	0.704	0.372
1074.000000	39	90	0.747	0.309
1080.000000	39	90	0.779	0.315
1086.000000	39	90	0.801	0.322
1092.000000	39	90	0.813	0.319
1098.000000	39	90	0.828	0.324
1104.000000	39	90	0.835	0.325
1110.000000	39	90	0.835	0.321
1116.000000	39	90	0.835	0.323
1122.000000	39	90	0.842	0.324
1128.000000	39	90	0.844	0.313
1134.000000	39	90	0.843	0.306
1140.000000	39	57	0.842	0.301
1146.000000	39	57	0.843	0.315
1152.000000	39	57	0.842	0.327
1158.000000	39	57	0.842	0.335
1164.000000	39	57	0.844	0.338
1170.000000	39	57	0.854	0.341
1176.000000	39	57	0.860	0.348
1182.000000	39	57	0.862	0.356
1188.000000	39	57	0.866	0.364
1194.000000	39	57	0.871	0.370
1200.000000	39	57	0.871	0.370
1206.000000	39	57	0.871	0.367
1212.000000	39	57	0.875	0.365
1218.000000	39	57	0.878	0.365
1224.000000	39	57	0.880	0.369
1230.000000	39	57	0.880	0.374
1236.000000	39	57	0.880	0.375
1242.000000	39	57	0.880	0.377
1248.000000	39	57	0.880	0.375
1254.000000	39	57	0.878	0.378
1260.000000	39	57	0.876	0.378
1266.000000	39	57	0.873	0.379
1272.000000	39	57	0.864	0.380
1278.000000	39	29	0.860	0.382
1284.000000	39	29	0.858	0.398
1290.000000	39	29	0.857	0.416
1296.000000	39	29	0.857	0.433
1302.000000	39	29	0.855	0.453
1308.000000	39	29	0.848	0.469
1314.000000	39	29	0.844	0.478
1320.000000	39	29	0.843	0.492
1326.000000	39	29	0.838	0.506
1332.000000	39	29	0.829	0.524
1338.000000	39	29	0.822	0.546
1344.000000	39	29	0.814	0.572
1350.000000	39	29	0.801	0.595
1356.000000	39	29	0.794	0.614
1362.000000	39	29	0.780	0.634
1368.000000	39	29	0.757	0.659
1374.000000	39	29	0.727	0.687
1380.000000	29	39	0.711	0.692
1386.000000	29	39	0.744	0.641
1392.000000	29	39	0.770	0.577
1398.000000	29	39	0.799	0.481
1404.000000	29	39	0.838	0.351
1410.000000	29	65	0.867	0.263
1416.000000	29	65	0.886	0.262
1422.000000	29	65	0.896	0.266
1428.000000	29	65	0.900	0.280
1434.000000	29	65	0.903	0.291
1440.000000	29	65	0.906	0.291
1446.000000	29	65	0.908	0.290
1452.000000	29	65	0.910	0.287
1458.000000	29	65	0.911	0.282
1464.000000	29	65	0.915	0.280
1470.000000	29	65	0.920	0.278
1476.000000	29	65	0.923	0.277
1482.000000	29	65	0.923	0.276
1488.000000	29	65	0.921	0.275
1494.000000	29	65	0.919	0.274
1500.000000	29	65	0.919	0.271
1506.000000	29	65	0.918	0.265
1512.000000	29	65	0.915	0.257
1518.000000	29	65	0.912	0.247
1524.000000	29	65	0.909	0.237
1530.000000	29	65	0.904	0.226
1536.000000	29	65	0.898	0.212
1542.000000	29	180	0.893	0.206
1548.000000	29	180	0.888	0.208
1554.000000	29	180	0.881	0.212
1560.000000	29	180	0.874	0.223
1566.000000	29	180	0.870	0.236
1572.000000	29	180	0.869	0.250
1578.000000	29	180	0.866	0.264
1584.000000	29	180	0.861	0.279
1590.000000	29	180	0.857	0.294
1596.000000	29	180	0.854	0.313
1602.000000	29	180	0.850	0.328
1608.000000	29	180	0.846	0.339
1614.000000	29	180	0.838	0.358
1620.000000	29	180	0.831	0.386
1626.000000	29	180	0.819	0.419
1632.000000	29	180	0.801	0.448
1638.000000	29	180	0.779	0.483
1644.000000	29	180	0.762	0.518
1650.000000	29	180	0.730	0.557
1656.000000	29	180	0.703	0.595
1662.000000	29	180	0.671	0.618
1668.000000	180	29	0.640	0.627
1674.000000	180	29	0.670	0.571
1680.000000	180	29	0.700	0.478
1686.000000	180	29	0.750	0.357
1692.000000	180	100	0.791	0.258
1698.000000	180	100	0.826	0.264
1704.000000	180	100	0.859	0.283
1710.000000	180	100	0.892	0.292
1716.000000	180	100	0.900	0.309
1722.000000	180	100	0.904	0.328
1728.000000	180	100	0.913	0.338
1734.000000	180	100	0.919	0.345
1740.000000	180	100	0.918	0.364
1746.000000	180	100	0.918	0.382
1752.000000	180	100	0.918	0.391
1758.000000	180	100	0.914	0.404
1764.000000	180	100	0.912	0.415
1770.000000	180	100	0.913	0.424
1776.000000	180	100	0.911	0.443
1782.000000	180	100	0.909	0.464
1788.000000	180	100	0.907	0.472
1794.000000	180	100	0.907	0.472
1800.000000	180	100	0.905	0.476
1806.000000	180	100	0.899	0.484
1812.000000	180	100	0.896	0.491
1818.000000	180	100	0.892	0.497
1824.000000	180	100	0.888	0.501
1830.000000	180	100	0.885	0.509
1836.000000	180	100	0.879	0.510
1842.000000	180	100	0.873	0.509
1848.000000	180	100	0.864	0.511
1854.000000	180	100	0.858	0.512
1860.000000	180	100	0.855	0.516
1866.000000	180	100	0.849	0.521
1872.000000	180	100	0.846	0.513
1878.000000	180	100	0.843	0.503
1884.000000	180	100	0.834	0.503
1890.000000	180	100	0.823	0.508
1896.000000	180	100	0.810	0.517
1902.000000	180	100	0.802	0.524
1908.000000	180	100	0.791	0.527
1914.000000	180	100	0.775	0.532
1920.000000	180	100	0.758	0.540
1926.000000	180	100	0.744	0.551
1932.000000	180	100	0.724	0.560
1938.000000	180	100	0.698	0.572
1944.000000	180	100	0.662	0.580
1950.000000	180	100	0.610	0.590
1956.000000	100	180	0.600	0.557
1962.000000	100	180	0.624	0.476
1968.000000	100	180	0.641	0.371
1974.000000	100	189	0.664	0.294
1980.000000	100	189	0.682	0.305
1986.000000	100	189	0.695	0.317
1992.000000	100	189	0.707	0.342
1998.000000	100	189	0.710	0.371
2004.000000	100	189	0.707	0.395
2010.000000	100	189	0.696	0.416
2016.000000	100	189	0.686	0.435
2022.000000	100	189	0.680	0.451
2028.000000	100	189	0.674	0.469
2034.000000	100	189	0.664	0.490
2040.000000	100	189	0.653	0.505
2046.000000	100	189	0.643	0.518
2052.000000	100	189	0.636	0.526
2058.000000	100	189	0.629	0.539
2064.000000	100	189	0.622	0.562
2070.000000	100	189	0.614	0.579
2076.000000	100	189	0.605	0.590
2082.000000	189	100	0.609	0.592
2088.000000	189	100	0.618	0.573
2094.000000	189	100	0.627	0.552
2100.000000	189	100	0.641	0.526
2106.000000	189	100	0.674	0.505
2112.000000	189	100	0.702	0.475
2118.000000	189	100	0.731	0.432
2124.000000	189	100	0.761	0.379
2130.000000	189	149	0.776	0.322
2136.000000	189	149	0.786	0.319
2142.000000	189	149	0.794	0.319
2148.000000	189	149	0.810	0.318
2154.000000	189	149	0.838	0.304
2160.000000	189	149	0.853	0.286
2166.000000	189	149	0.872	0.253
2172.000000	189	172	0.875	0.222
2178.000000	189	172	0.879	0.228
2184.000000	189	172	0.883	0.233
2190.000000	189	172	0.895	0.238
2196.000000	189	172	0.902	0.243
2202.000000	189	172	0.904	0.251
2208.000000	189	172	0.912	0.255
2214.000000	189	172	0.915	0.255
2220.000000	189	172	0.916	0.259
2226.000000	189	172	0.917	0.262
2232.000000	189	172	0.915	0.262
2238.000000	189	172	0.913	0.262
2244.000000	189	172	0.911	0.261
2250.000000	189	81	0.909	0.263
2256.000000	189	81	0.907	0.265
2262.000000	189	81	0.907	0.268
2268.000000	189	81	0.904	0.275
2274.000000	189	81	0.902	0.280
2280.000000	189	130	0.901	0.284
2286.000000	189	130	0.902	0.298
2292.000000	189	130	0.900	0.311
2298.000000	189	130	0.900	0.320
2304.000000	189	130	0.896	0.335
2310.000000	189	130	0.891	0.355
2316.000000	189	130	0.886	0.374
2322.000000	189	130	0.878	0.389
2328.000000	189	130	0.871	0.412
2334.000000	189	130	0.861	0.438
2340.000000	189	130	0.854	0.453
2346.000000	189	130	0.846	0.461
2352.000000	189	130	0.834	0.475
2358.000000	189	130	0.816	0.494
2364.000000	189	130	0.800	0.515
2370.000000	189	130	0.778	0.546
2376.000000	189	130	0.751	0.573
2382.000000	189	130	0.716	0.608
2388.000000	189	130	0.680	0.643
2394.000000	130	189	0.662	0.633
2400.000000	130	189	0.703	0.551
2406.000000	130	189	0.734	0.445
2412.000000	130	81	0.781	0.446
2418.000000	130	81	0.822	0.466
2424.000000	130	81	0.846	0.482
2430.000000	130	81	0.869	0.507
2436.000000	130	81	0.884	0.519
2442.000000	130	81	0.891	0.526
2448.000000	130	81	0.891	0.533
2454.000000	130	81	0.886	0.545
2460.000000	130	81	0.880	0.551
2466.000000	130	81	0.877	0.555
2472.000000	130	81	0.874	0.553
2478.000000	130	81	0.871	0.553
2484.000000	130	81	0.872	0.549
2490.000000	130	81	0.871	0.541
2496.000000	130	81	0.866	0.537
2502.000000	130	81	0.861	0.532
2508.000000	130	81	0.854	0.528
2514.000000	130	81	0.849	0.520
2520.000000	130	81	0.846	0.516
2526.000000	130	81	0.844	0.513
2532.000000	130	81	0.843	0.512
2538.000000	130	81	0.843	0.508
2544.000000	130	81	0.842	0.500
2550.000000	130	81	0.839	0.488
2556.000000	130	81	0.839	0.476
2562.000000	130	81	0.840	0.467
2568.000000	130	81	0.835	0.459
2574.000000	130	81	0.829	0.445
2580.000000	130	81	0.825	0.426
2586.000000	130	81	0.820	0.400
2592.000000	130	81	0.814	0.364
2598.000000	130	81	0.807	0.324
2604.000000	130	81	0.802	0.273
2610.000000	130	41	0.796	0.213
2616.000000	130	41	0.792	0.220
2622.000000	130	41	0.788	0.228
2628.000000	130	41	0.781	0.230
2634.000000	130	41	0.769	0.227
2640.000000	130	41	0.753	0.231
2646.000000	130	41	0.732	0.238
2652.000000	130	41	0.706	0.246
2658.000000	130	41	0.678	0.255
2664.000000	130	41	0.646	0.266
2670.000000	130	41	0.605	0.278
2676.000000	130	41	0.543	0.296
2682.000000	130	41	0.466	0.307
2688.000000	130	41	0.362	0.316
2694.000000	41	164	0.337	0.261
2700.000000	41	164	0.358	0.273
2706.000000	41	164	0.371	0.284
2712.000000	41	164	0.381	0.301
2718.000000	41	164	0.390	0.317
2724.000000	41	164	0.397	0.328
2730.000000	41	164	0.396	0.342
2736.000000	41	164	0.398	0.350
2742.000000	41	164	0.401	0.355
2748.000000	41	164	0.400	0.361
2754.000000	41	164	0.395	0.369
2760.000000	41	164	0.396	0.381
2766.000000	41	164	0.400	0.390
2772.000000	164	41	0.400	0.398
2778.000000	164	41	0.407	0.397
2784.000000	164	41	0.412	0.396
2790.000000	164	41	0.418	0.395
2796.000000	164	41	0.421	0.391
2802.000000	164	41	0.427	0.385
2808.000000	164	11	0.432	0.391
2814.000000	164	11	0.440	0.400
2820.000000	164	11	0.452	0.410
2826.000000	164	11	0.460	0.421
2832.000000	164	11	0.467	0.426
2838.000000	164	11	0.478	0.436
2844.000000	164	11	0.491	0.436
2850.000000	164	11	0.508	0.439
2856.000000	164	11	0.528	0.437
2862.000000	164	11	0.545	0.430
2868.000000	164	13	0.562	0.431
2874.000000	164	13	0.584	0.444
2880.000000	164	13	0.609	0.458
2886.000000	164	13	0.642	0.466
2892.000000	164	13	0.666	0.475
2898.000000	164	13	0.676	0.487
2904.000000	164	13	0.689	0.504
2910.000000	164	13	0.701	0.516
2916.000000	164	13	0.722	0.518
2922.000000	164	13	0.738	0.527
2928.000000	164	13	0.757	0.544
2934.000000	164	13	0.774	0.560
2940.000000	164	13	0.791	0.577
2946.000000	164	13	0.802	0.593
2952.000000	164	13	0.815	0.614
2958.000000	164	13	0.828	0.636
2964.000000	164	13	0.835	0.652
2970.000000	164	13	0.844	0.655
2976.000000	164	13	0.847	0.662
2982.000000	164	13	0.853	0.669
2988.000000	164	13	0.856	0.675
2994.000000	164	13	0.856	0.682
3000.000000	164	13	0.854	0.688
3006.000000	164	13	0.854	0.699
3012.000000	164	13	0.854	0.708
3018.000000	164	13	0.852	0.717
3024.000000	164	13	0.850	0.725
3030.000000	164	13	0.844	0.732
3036.000000	164	13	0.840	0.740
3042.000000	164	13	0.836	0.749
3048.000000	164	13	0.833	0.755
3054.000000	164	13	0.828	0.759
3060.000000	164	13	0.823	0.762
3066.000000	164	13	0.814	0.767
3072.000000	164	13	0.808	0.770
3078.000000	164	13	0.801	0.773
3084.000000	164	13	0.794	0.777
3090.000000	164	13	0.785	0.782
3096.000000	13	164	0.784	0.778
3102.000000	13	164	0.785	0.773
3108.000000	13	164	0.789	0.763
3114.000000	13	164	0.795	0.748
3120.000000	13	164	0.801	0.728
3126.000000	13	164	0.803	0.705
3132.000000	13	164	0.807	0.675
3138.000000	13	164	0.816	0.635
3144.000000	13	164	0.840	0.569
3150.000000	13	164	0.849	0.485
3156.000000	13	164	0.856	0.380
3162.000000	13	76	0.882	0.230
3168.000000	13	76	0.904	0.255
3174.000000	13	76	0.918	0.285
3180.000000	13	76	0.912	0.329
3186.000000	13	76	0.904	0.370
3192.000000	13	76	0.896	0.422
3198.000000	13	76	0.889	0.465
3204.000000	13	76	0.877	0.507
3210.000000	13	76	0.861	0.545
3216.000000	13	76	0.846	0.584
3222.000000	13	76	0.830	0.616
3228.000000	13	76	0.808	0.647
3234.000000	13	76	0.770	0.681
3240.000000	13	76	0.731	0.705
3246.000000	76	13	0.738	0.687
3252.000000	76	13	0.763	0.630
3258.000000	76	13	0.790	0.568
3264.000000	76	13	0.815	0.489
3270.000000	76	13	0.840	0.406
3276.000000	76	13	0.869	0.309
3282.000000	76	86	0.890	0.191
3288.000000	76	86	0.906	0.179
3294.000000	76	86	0.921	0.173
3300.000000	76	86	0.933	0.177
3306.000000	76	86	0.942	0.178
3312.000000	76	86	0.945	0.172
3318.000000	76	86	0.946	0.169
3324.000000	76	86	0.945	0.169
3330.000000	76	86	0.947	0.168
3336.000000	76	86	0.946	0.166
3342.000000	76	86	0.946	0.164
3348.000000	76	86	0.948	0.162
3354.000000	76	171	0.948	0.158
3360.000000	76	171	0.947	0.158
3366.000000	76	171	0.946	0.160
3372.000000	76	171	0.945	0.167
3378.000000	76	171	0.944	0.173
3384.000000	76	171	0.943	0.176
3390.000000	76	171	0.941	0.180
3396.000000	76	100	0.940	0.180
3402.000000	76	100	0.939	0.187
3408.000000	76	100	0.938	0.201
3414.000000	76	100	0.937	0.212
3420.000000	76	100	0.936	0.216
3426.000000	76	100	0.934	0.213
3432.000000	76	100	0.931	0.206
3438.000000	76	100	0.930	0.199
3444.000000	76	122	0.928	0.195
3450.000000	76	122	0.925	0.210
3456.000000	76	122	0.923	0.222
3462.000000	76	122	0.921	0.236
3468.000000	76	122	0.918	0.251
3474.000000	76	122	0.914	0.270
3480.000000	76	122	0.911	0.288
3486.000000	76	122	0.904	0.312
3492.000000	76	122	0.895	0.338
3498.000000	76	122	0.887	0.365
3504.000000	76	122	0.877	0.393
3510.000000	76	122	0.868	0.427
3516.000000	76	122	0.856	0.469
3522.000000	76	122	0.838	0.504
3528.000000	76	122	0.822	0.531
3534.000000	76	122	0.802	0.556
3540.000000	76	122	0.779	0.593
3546.000000	76	122	0.749	0.645
3552.000000	76	122	0.711	0.689
3558.000000	122	76	0.729	0.664
3564.000000	122	76	0.777	0.591
3570.000000	122	76	0.829	0.480
3576.000000	122	76	0.893	0.290
3582.000000	122	64	0.926	0.112
3588.000000	122	64	0.939	0.106
3594.000000	122	64	0.950	0.111
3600.000000	122	64	0.952	0.117
3606.000000	122	64	0.951	0.116
3612.000000	122	83	0.950	0.124
3618.000000	122	83	0.949	0.137
3624.000000	122	83	0.949	0.153
3630.000000	122	83	0.948	0.161
3636.000000	122	83	0.947	0.165
3642.000000	122	83	0.947	0.171
3648.000000	122	83	0.945	0.182
3654.000000	122	83	0.942	0.195
3660.000000	122	83	0.941	0.206
3666.000000	122	83	0.942	0.211
3672.000000	122	83	0.940	0.219
3678.000000	122	83	0.938	0.229
3684.000000	122	83	0.938	0.241
3690.000000	122	83	0.935	0.258
3696.000000	122	83	0.932	0.272
3702.000000	122	83	0.930	0.288
3708.000000	122	83	0.927	0.303
3714.000000	122	83	0.924	0.313
3720.000000	122	83	0.919	0.318
3726.000000	122	83	0.917	0.323
3732.000000	122	83	0.915	0.333
3738.000000	122	83	0.912	0.347
3744.000000	122	83	0.909	0.364
3750.000000	122	83	0.904	0.382
3756.000000	122	83	0.895	0.399
3762.000000	122	83	0.888	0.416
3768.000000	122	83	0.878	0.438
3774.000000	122	83	0.864	0.451
3780.000000	122	83	0.857	0.461
3786.000000	122	83	0.849	0.468
3792.000000	122	83	0.844	0.476
3798.000000	122	83	0.839	0.489
3804.000000	122	83	0.826	0.504
3810.000000	122	83	0.814	0.524
3816.000000	122	83	0.796	0.542
3822.000000	122	83	0.771	0.561
3828.000000	122	83	0.738	0.579
3834.000000	122	83	0.711	0.603
3840.000000	122	83	0.678	0.634
3846.000000	83	122	0.661	0.644
3852.000000	83	122	0.686	0.594
3858.000000	83	90	0.708	0.589
3864.000000	83	90	0.732	0.619
3870.000000	83	90	0.759	0.652
3876.000000	83	90	0.784	0.686
3882.000000	83	90	0.797	0.713
3888.000000	83	90	0.804	0.730
3894.000000	83	90	0.807	0.741
3900.000000	83	90	0.813	0.738
3906.000000	83	90	0.817	0.737
3912.000000	83	90	0.820	0.735
3918.000000	83	90	0.829	0.732
3924.000000	83	90	0.830	0.724
3930.000000	83	90	0.832	0.720
3936.000000	83	90	0.834	0.718
3942.000000	83	90	0.830	0.718
3948.000000	83	90	0.832	0.717
3954.000000	83	90	0.831	0.714
3960.000000	83	90	0.828	0.708
3966.000000	83	90	0.825	0.701
3972.000000	83	90	0.823	0.698
3978.000000	83	90	0.822	0.699
3984.000000	83	90	0.822	0.699
3990.000000	83	90	0.830	0.690
3996.000000	83	90	0.830	0.684
4002.000000	83	90	0.830	0.677
4008.000000	83	90	0.827	0.670
4014.000000	83	90	0.820	0.667
4020.000000	83	90	0.816	0.662
4026.000000	83	90	0.805	0.664
4032.000000	83	90	0.799	0.659
4038.000000	83	90	0.797	0.646
4044.000000	83	90	0.792	0.636
4050.000000	83	90	0.792	0.616
4056.000000	83	90	0.795	0.593
4062.000000	83	90	0.792	0.566
4068.000000	83	90	0.788	0.529
4074.000000	83	90	0.790	0.485
4080.000000	83	90	0.790	0.437
4086.000000	83	90	0.795	0.367
4092.000000	83	90	0.809	0.276
4098.000000	83	90	0.817	0.160
4104.000000	83	78	0.831	0.119
4110.000000	83	78	0.841	0.119
4116.000000	83	78	0.846	0.113
4122.000000	83	78	0.852	0.110
4128.000000	83	78	0.859	0.108
4134.000000	83	78	0.868	0.107
4140.000000	83	34	0.877	0.111
4146.000000	83	34	0.883	0.117
4152.000000	83	34	0.888	0.120
4158.000000	83	34	0.899	0.119
4164.000000	83	34	0.906	0.118
4170.000000	83	34	0.910	0.116
4176.000000	83	34	0.920	0.113
4182.000000	83	34	0.922	0.111
4188.000000	83	34	0.921	0.108
4194.000000	83	34	0.922	0.104
4200.000000	83	34	0.923	0.101
4206.000000	83	176	0.923	0.101
4212.000000	83	176	0.922	0.105
4218.000000	83	176	0.922	0.108
4224.000000	83	176	0.921	0.113
4230.000000	83	176	0.920	0.115
4236.000000	83	176	0.918	0.116
4242.000000	83	176	0.914	0.121
4248.000000	83	199	0.909	0.126
4254.000000	83	199	0.908	0.133
4260.000000	83	199	0.904	0.138
4266.000000	83	199	0.900	0.147
4272.000000	83	199	0.893	0.157
4278.000000	83	199	0.884	0.165
4284.000000	83	199	0.876	0.171
4290.000000	83	199	0.865	0.177
4296.000000	83	199	0.854	0.184
4302.000000	83	199	0.842	0.190
4308.000000	83	199	0.827	0.194
4314.000000	83	199	0.806	0.197
4320.000000	83	199	0.776	0.202
4326.000000	83	199	0.741	0.209
4332.000000	83	199	0.692	0.217
4338.000000	83	199	0.620	0.220
4344.000000	83	43	0.526	0.239
4350.000000	83	43	0.374	0.269
4356.000000	43	199	0.295	0.273
4362.000000	43	199	0.323	0.295
4368.000000	43	199	0.359	0.317
4374.000000	43	199	0.400	0.350
4380.000000	43	199	0.438	0.379
4386.000000	43	199	0.468	0.399
4392.000000	43	199	0.483	0.427
4398.000000	43	199	0.492	0.443
4404.000000	43	199	0.494	0.462
4410.000000	43	199	0.499	0.481
4416.000000	43	199	0.498	0.486
4422.000000	43	199	0.497	0.492
4428.000000	199	43	0.505	0.496
4434.000000	199	43	0.512	0.504
4440.000000	199	43	0.519	0.513
4446.000000	199	43	0.524	0.517
4452.000000	199	43	0.525	0.516
4458.000000	199	43	0.522	0.520
4464.000000	43	199	0.525	0.520
4470.000000	43	199	0.527	0.521
4476.000000	43	199	0.535	0.526
4482.000000	43	199	0.542	0.523
4488.000000	43	199	0.548	0.521
4494.000000	43	199	0.550	0.521
4500.000000	43	199	0.557	0.519
4506.000000	43	199	0.564	0.519
4512.000000	43	199	0.572	0.513
4518.000000	43	199	0.584	0.501
4524.000000	43	199	0.596	0.490
4530.000000	43	199	0.600	0.480
4536.000000	43	199	0.608	0.463
4542.000000	43	199	0.628	0.438
4548.000000	43	22	0.640	0.418
4554.000000	43	22	0.655	0.412
4560.000000	43	22	0.677	0.399
4566.000000	43	22	0.696	0.391
4572.000000	43	22	0.719	0.381
4578.000000	43	22	0.747	0.368
4584.000000	43	22	0.760	0.356
4590.000000	43	22	0.773	0.343
4596.000000	43	22	0.797	0.328
4602.000000	43	22	0.813	0.303
4608.000000	43	140	0.824	0.307
4614.000000	43	140	0.832	0.303
4620.000000	43	140	0.838	0.305
4626.000000	43	140	0.841	0.307
4632.000000	43	140	0.845	0.313
4638.000000	43	140	0.847	0.318
4644.000000	43	140	0.845	0.321
4650.000000	43	140	0.844	0.323
4656.000000	43	140	0.843	0.323
4662.000000	43	140	0.842	0.320
4668.000000	43	140	0.843	0.314
4674.000000	43	140	0.844	0.304
4680.000000	43	140	0.844	0.295
4686.000000	43	140	0.850	0.289
4692.000000	43	140	0.859	0.279
4698.000000	43	140	0.862	0.265
4704.000000	43	140	0.863	0.253
4710.000000	43	79	0.864	0.235
4716.000000	43	170	0.864	0.234
4722.000000	43	170	0.865	0.246
4728.000000	43	170	0.864	0.253
4734.000000	43	170	0.862	0.265
4740.000000	43	170	0.855	0.281
4746.000000	43	170	0.851	0.293
4752.000000	43	170	0.846	0.306
4758.000000	43	170	0.842	0.330
4764.000000	43	170	0.835	0.362
4770.000000	43	170	0.825	0.403
4776.000000	43	170	0.813	0.447
4782.000000	43	170	0.799	0.487
4788.000000	43	170	0.781	0.525
4794.000000	43	170	0.754	0.562
4800.000000	43	170	0.718	0.609
4806.000000	43	170	0.671	0.644
4812.000000	170	43	0.672	0.607
4818.000000	170	43	0.694	0.540
4824.000000	170	43	0.731	0.433
4830.000000	170	54	0.778	0.335
4836.000000	170	54	0.817	0.369
4842.000000	170	54	0.849	0.385
4848.000000	170	54	0.869	0.403
4854.000000	170	54	0.872	0.428
4860.000000	170	54	0.871	0.450
4866.000000	170	54	0.871	0.472
4872.000000	170	54	0.869	0.489
4878.000000	170	54	0.866	0.509
4884.000000	170	54	0.863	0.523
4890.000000	170	54	0.861	0.536
4896.000000	170	54	0.860	0.546
4902.000000	170	54	0.862	0.547
4908.000000	170	54	0.866	0.547
4914.000000	170	54	0.868	0.550
4920.000000	170	54	0.868	0.553
4926.000000	170	54	0.861	0.560
4932.000000	170	54	0.853	0.563
4938.000000	170	54	0.847	0.562
4944.000000	170	54	0.839	0.563
4950.000000	170	54	0.834	0.575
4956.000000	170	54	0.825	0.587
4962.000000	170	54	0.820	0.592
4968.000000	170	54	0.814	0.595
4974.000000	170	54	0.806	0.603
4980.000000	170	54	0.804	0.605
4986.000000	170	54	0.804	0.608
4992.000000	170	54	0.800	0.619
4998.000000	170	54	0.795	0.629
5004.000000	170	54	0.790	0.639
5010.000000	170	54	0.786	0.642
5016.000000	170	54	0.784	0.647
5022.000000	170	54	0.781	0.649
5028.000000	170	54	0.777	0.650
5034.000000	170	54	0.771	0.651
5040.000000	170	54	0.763	0.656
5046.000000	170	54	0.757	0.663
5052.000000	170	54	0.749	0.673
5058.000000	170	54	0.732	0.680
5064.000000	170	54	0.720	0.678
5070.000000	54	170	0.689	0.687
5076.000000	54	170	0.696	0.652
5082.000000	54	170	0.704	0.613
5088.000000	54	170	0.715	0.554
5094.000000	54	170	0.744	0.452
5100.000000	54	37	0.763	0.421
5106.000000	54	37	0.782	0.441
5112.000000	54	37	0.802	0.463
5118.000000	54	37	0.810	0.493
5124.000000	54	37	0.811	0.518
5130.000000	54	37	0.814	0.532
5136.000000	54	37	0.813	0.535
5142.000000	54	37	0.811	0.538
5148.000000	54	37	0.806	0.542
5154.000000	54	37	0.800	0.552
5160.000000	54	37	0.795	0.558
5166.000000	54	37	0.790	0.567
5172.000000	54	37	0.781	0.579
5178.000000	54	37	0.766	0.587
5184.000000	54	37	0.753	0.599
5190.000000	54	37	0.738	0.615
5196.000000	54	37	0.721	0.628
5202.000000	54	37	0.704	0.640
5208.000000	54	37	0.680	0.658
5214.000000	37	54	0.682	0.645
5220.000000	37	54	0.705	0.606
5226.000000	37	54	0.722	0.567
5232.000000	37	54	0.741	0.504
5238.000000	37	54	0.761	0.440
5244.000000	37	54	0.789	0.358
5250.000000	37	153	0.820	0.338
5256.000000	37	153	0.837	0.370
5262.000000	37	153	0.852	0.410
5268.000000	37	153	0.860	0.448
5274.000000	37	153	0.873	0.485
5280.000000	37	153	0.878	0.525
5286.000000	37	153	0.874	0.567
5292.000000	37	153	0.871	0.607
5298.000000	37	153	0.872	0.636
5304.000000	37	153	0.872	0.653
5310.000000	37	153	0.872	0.667
5316.000000	37	153	0.867	0.681
5322.000000	37	153	0.864	0.691
5328.000000	37	153	0.856	0.708
5334.000000	37	153	0.855	0.713
5340.000000	37	153	0.853	0.719
5346.000000	37	153	0.851	0.719
5352.000000	37	153	0.852	0.718
5358.000000	37	153	0.850	0.718
5364.000000	37	153	0.845	0.720
5370.000000	37	153	0.839	0.723
5376.000000	37	153	0.832	0.727
5382.000000	37	153	0.827	0.730
5388.000000	37	153	0.816	0.734
5394.000000	37	153	0.797	0.740
5400.000000	37	153	0.776	0.746
5406.000000	37	153	0.758	0.749
5412.000000	153	37	0.751	0.737
5418.000000	153	37	0.761	0.708
5424.000000	153	37	0.774	0.667
5430.000000	153	37	0.793	0.611
5436.000000	153	37	0.818	0.546
5442.000000	153	37	0.843	0.468
5448.000000	153	37	0.877	0.335
5454.000000	153	37	0.912	0.165
5460.000000	153	110	0.935	0.102
5466.000000	153	110	0.952	0.093
5472.000000	153	110	0.956	0.090
5478.000000	153	110	0.954	0.090
5484.000000	153	110	0.952	0.092
5490.000000	153	110	0.950	0.095
5496.000000	153	110	0.947	0.099
5502.000000	153	110	0.945	0.100
5508.000000	153	110	0.943	0.099
5514.000000	153	110	0.938	0.099
5520.000000	153	80	0.936	0.105
5526.000000	153	80	0.935	0.114
5532.000000	153	80	0.934	0.128
5538.000000	153	80	0.933	0.142
5544.000000	153	80	0.930	0.151
5550.000000	153	80	0.930	0.159
5556.000000	153	80	0.929	0.169
5562.000000	153	80	0.927	0.178
5568.000000	153	80	0.924	0.190
5574.000000	153	80	0.920	0.205
5580.000000	153	80	0.916	0.219
5586.000000	153	80	0.913	0.234
5592.000000	153	80	0.911	0.252
5598.000000	153	80	0.907	0.281
5604.000000	153	80	0.900	0.310
5610.000000	153	80	0.890	0.339
5616.000000	153	80	0.879	0.366
5622.000000	153	80	0.867	0.403
5628.000000	153	80	0.852	0.445
5634.000000	153	80	0.836	0.487
5640.000000	153	80	0.810	0.533
5646.000000	153	80	0.778	0.579
5652.000000	153	80	0.743	0.623
5658.000000	153	80	0.701	0.664
5664.000000	80	153	0.706	0.642
5670.000000	80	153	0.741	0.567
5676.000000	80	153	0.797	0.450
5682.000000	80	153	0.845	0.304
5688.000000	80	2	0.883	0.291
5694.000000	80	2	0.902	0.299
5700.000000	80	2	0.921	0.310
5706.000000	80	2	0.933	0.321
5712.000000	80	2	0.933	0.330
5718.000000	80	2	0.934	0.341
5724.000000	80	2	0.934	0.352
5730.000000	80	2	0.937	0.370
5736.000000	80	2	0.937	0.395
5742.000000	80	2	0.936	0.409
5748.000000	80	2	0.933	0.422
5754.000000	80	2	0.932	0.433
5760.000000	80	2	0.932	0.443
5766.000000	80	2	0.932	0.460
5772.000000	80	2	0.932	0.478
5778.000000	80	2	0.932	0.489
5784.000000	80	2	0.931	0.499
5790.000000	80	2	0.929	0.507
5796.000000	80	2	0.928	0.513
5802.000000	80	2	0.926	0.523
5808.000000	80	2	0.923	0.529
5814.000000	80	2	0.916	0.537
5820.000000	80	2	0.913	0.537
5826.000000	80	2	0.910	0.537
5832.000000	80	2	0.904	0.544
5838.000000	80	2	0.900	0.551
5844.000000	80	2	0.895	0.553
5850.000000	80	2	0.889	0.560
5856.000000	80	2	0.883	0.565
5862.000000	80	2	0.876	0.565
5868.000000	80	2	0.870	0.564
5874.000000	80	2	0.863	0.563
5880.000000	80	2	0.858	0.562
5886.000000	80	2	0.848	0.564
5892.000000	80	2	0.830	0.570
5898.000000	80	2	0.819	0.563
5904.000000	80	2	0.807	0.561
5910.000000	80	2	0.793	0.556
5916.000000	80	2	0.773	0.547
5922.000000	80	2	0.747	0.531
5928.000000	80	2	0.718	0.511
5934.000000	80	149	0.682	0.537
5940.000000	80	149	0.633	0.575
5946.000000	149	80	0.619	0.552
5952.000000	149	80	0.684	0.439
5958.000000	149	2	0.762	0.406
5964.000000	149	2	0.828	0.374
5970.000000	149	2	0.874	0.334
5976.000000	149	2	0.905	0.293
5982.000000	149	2	0.927	0.246
5988.000000	149	2	0.937	0.203
5994.000000	149	2	0.943	0.163
6000.000000	149	88	0.946	0.162
6006.000000	149	88	0.946	0.159
6012.000000	149	88	0.946	0.158
6018.000000	149	15	0.948	0.163
6024.000000	149	15	0.948	0.173
6030.000000	149	15	0.946	0.184
6036.000000	149	15	0.944	0.195
6042.000000	149	15	0.942	0.203
6048.000000	149	15	0.943	0.211
6054.000000	149	15	0.941	0.222
6060.000000	149	15	0.940	0.236
6066.000000	149	15	0.941	0.251
6072.000000	149	15	0.941	0.264
6078.000000	149	15	0.940	0.272
6084.000000	149	15	0.938	0.285
6090.000000	149	15	0.936	0.302
6096.000000	149	15	0.934	0.321
6102.000000	149	15	0.931	0.341
6108.000000	149	15	0.929	0.359
6114.000000	149	15	0.927	0.371
6120.000000	149	15	0.923	0.388
6126.000000	149	15	0.916	0.403
6132.000000	149	15	0.906	0.422
6138.000000	149	15	0.898	0.442
6144.000000	149	15	0.893	0.459
6150.000000	149	15	0.891	0.474
6156.000000	149	15	0.888	0.492
6162.000000	149	15	0.880	0.508
6168.000000	149	15	0.871	0.526
6174.000000	149	15	0.865	0.538
6180.000000	149	15	0.852	0.552
6186.000000	149	15	0.841	0.568
6192.000000	149	15	0.831	0.592
6198.000000	149	15	0.819	0.608
6204.000000	149	15	0.798	0.630
6210.000000	149	15	0.774	0.658
6216.000000	149	15	0.735	0.697
6222.000000	15	149	0.738	0.687
6228.000000	15	149	0.768	0.626
6234.000000	15	149	0.821	0.522
6240.000000	15	149	0.875	0.397
6246.000000	15	149	0.909	0.255
6252.000000	15	144	0.930	0.133
6258.000000	15	144	0.946	0.128
6264.000000	15	144	0.945	0.128
6270.000000	15	144	0.941	0.127
6276.000000	15	169	0.936	0.123
6282.000000	15	169	0.935	0.125
6288.000000	15	85	0.933	0.129
6294.000000	15	85	0.931	0.138
6300.000000	15	85	0.928	0.151
6306.000000	15	85	0.925	0.165
6312.000000	15	85	0.922	0.175
6318.000000	15	85	0.920	0.185
6324.000000	15	85	0.919	0.195
6330.000000	15	85	0.915	0.210
6336.000000	15	85	0.912	0.228
6342.000000	15	85	0.910	0.247
6348.000000	15	85	0.907	0.262
6354.000000	15	85	0.904	0.278
6360.000000	15	85	0.900	0.296
6366.000000	15	85	0.896	0.309
6372.000000	15	85	0.892	0.318
6378.000000	15	85	0.889	0.328
6384.000000	15	85	0.885	0.336
6390.000000	15	85	0.879	0.349
6396.000000	15	85	0.874	0.369
6402.000000	15	85	0.871	0.392
6408.000000	15	85	0.866	0.419
6414.000000	15	85	0.856	0.450
6420.000000	15	85	0.842	0.486
6426.000000	15	85	0.827	0.516
6432.000000	15	85	0.809	0.549
6438.000000	15	85	0.784	0.590
6444.000000	15	85	0.751	0.632
6450.000000	85	15	0.701	0.696
6456.000000	85	15	0.773	0.637
6462.000000	85	15	0.826	0.573
6468.000000	85	15	0.863	0.504
6474.000000	85	15	0.887	0.412
6480.000000	85	15	0.912	0.295
6486.000000	85	145	0.926	0.167
6492.000000	85	145	0.937	0.165
6498.000000	85	110	0.945	0.162
6504.000000	85	110	0.953	0.169
6510.000000	85	110	0.956	0.171
6516.000000	85	110	0.952	0.173
6522.000000	85	110	0.950	0.180
6528.000000	85	110	0.949	0.185
6534.000000	85	110	0.951	0.195
6540.000000	85	110	0.950	0.204
6546.000000	85	110	0.949	0.212
6552.000000	85	110	0.948	0.216
6558.000000	85	110	0.947	0.218
6564.000000	85	110	0.945	0.220
6570.000000	85	110	0.942	0.226
6576.000000	85	110	0.941	0.236
6582.000000	85	110	0.938	0.246
6588.000000	85	110	0.935	0.256
6594.000000	85	110	0.935	0.267
6600.000000	85	110	0.934	0.283
6606.000000	85	110	0.931	0.298
6612.000000	85	110	0.929	0.311
6618.000000	85	110	0.928	0.322
6624.000000	85	110	0.926	0.333
6630.000000	85	110	0.925	0.343
6636.000000	85	110	0.923	0.348
6642.000000	85	110	0.919	0.356
6648.000000	85	110	0.917	0.364
6654.000000	85	110	0.914	0.371
6660.000000	85	110	0.910	0.379
6666.000000	85	110	0.906	0.388
6672.000000	85	110	0.900	0.397
6678.000000	85	110	0.896	0.407
6684.000000	85	110	0.891	0.421
6690.000000	85	110	0.885	0.434
6696.000000	85	110	0.876	0.446
6702.000000	85	110	0.866	0.458
6708.000000	85	110	0.859	0.471
6714.000000	85	110	0.843	0.491
6720.000000	85	110	0.822	0.512
6726.000000	85	110	0.793	0.532
6732.000000	85	110	0.758	0.560
6738.000000	85	110	0.722	0.585
6744.000000	85	110	0.668	0.615
6750.000000	110	85	0.665	0.580
6756.000000	110	85	0.726	0.452
6762.000000	110	85	0.783	0.293
6768.000000	110	70	0.819	0.241
6774.000000	110	70	0.844	0.251
6780.000000	110	70	0.860	0.269
6786.000000	110	70	0.871	0.288
6792.000000	110	70	0.880	0.307
6798.000000	110	70	0.885	0.332
6804.000000	110	70	0.888	0.356
6810.000000	110	70	0.896	0.371
6816.000000	110	70	0.899	0.382
6822.000000	110	70	0.901	0.393
6828.000000	110	70	0.903	0.410
6834.000000	110	70	0.903	0.426
6840.000000	110	70	0.905	0.441
6846.000000	110	70	0.903	0.454
6852.000000	110	70	0.900	0.468
6858.000000	110	70	0.898	0.481
6864.000000	110	70	0.896	0.497
6870.000000	110	70	0.894	0.512
6876.000000	110	70	0.892	0.527
6882.000000	110	70	0.887	0.539
6888.000000	110	70	0.879	0.555
6894.000000	110	70	0.873	0.570
6900.000000	110	70	0.866	0.585
6906.000000	110	70	0.858	0.594
6912.000000	110	70	0.852	0.608
6918.000000	110	70	0.846	0.621
6924.000000	110	70	0.844	0.633
6930.000000	110	70	0.838	0.654
6936.000000	110	70	0.829	0.677
6942.000000	110	70	0.820	0.692
6948.000000	110	70	0.806	0.711
6954.000000	110	70	0.798	0.722
6960.000000	110	70	0.786	0.734
6966.000000	110	70	0.772	0.745
6972.000000	70	110	0.760	0.754
6978.000000	70	110	0.769	0.725
6984.000000	70	110	0.776	0.694
6990.000000	70	110	0.787	0.658
6996.000000	70	110	0.797	0.618
7002.000000	70	110	0.815	0.570
7008.000000	70	110	0.834	0.493
7014.000000	70	110	0.862	0.350
7020.000000	70	155	0.904	0.171
7026.000000	70	155	0.932	0.174
7032.000000	70	155	0.947	0.178
7038.000000	70	155	0.952	0.185
7044.000000	70	155	0.954	0.193
7050.000000	70	155	0.956	0.199
7056.000000	70	155	0.952	0.213
7062.000000	70	155	0.949	0.231
7068.000000	70	155	0.945	0.251
7074.000000	70	155	0.941	0.278
7080.000000	70	155	0.935	0.311
7086.000000	70	155	0.932	0.346
7092.000000	70	155	0.930	0.377
7098.000000	70	155	0.927	0.408
7104.000000	70	155	0.924	0.444
7110.000000	70	155	0.922	0.479
7116.000000	70	155	0.917	0.508
7122.000000	70	155	0.912	0.528
7128.000000	70	155	0.906	0.543
7134.000000	70	155	0.893	0.561
7140.000000	70	155	0.878	0.584
7146.000000	70	155	0.868	0.603
7152.000000	70	155	0.857	0.623
7158.000000	70	155	0.841	0.639
7164.000000	70	155	0.819	0.660
7170.000000	70	155	0.787	0.687
7176.000000	70	155	0.751	0.711
7182.000000	155	70	0.733	0.703
7188.000000	155	70	0.757	0.649
7194.000000	155	70	0.783	0.583
7200.000000	155	70	0.818	0.503
7206.000000	155	70	0.859	0.380
7212.000000	155	70	0.889	0.246
7218.000000	155	25	0.914	0.151
7224.000000	155	25	0.927	0.163
7230.000000	155	25	0.930	0.169
7236.000000	155	25	0.927	0.176
7242.000000	155	25	0.928	0.183
7248.000000	155	25	0.930	0.189
7254.000000	155	25	0.933	0.195
7260.000000	155	25	0.935	0.199
7266.000000	155	25	0.934	0.206
7272.000000	155	25	0.932	0.212
7278.000000	155	25	0.930	0.218
7284.000000	155	25	0.929	0.224
7290.000000	155	25	0.928	0.228
7296.000000	155	25	0.926	0.231
7302.000000	155	25	0.925	0.235
7308.000000	155	25	0.923	0.239
7314.000000	155	25	0.922	0.243
7320.000000	155	25	0.920	0.247
7326.000000	155	25	0.917	0.250
7332.000000	155	25	0.914	0.251
7338.000000	155	25	0.911	0.245
7344.000000	155	25	0.907	0.241
7350.000000	155	25	0.906	0.244
7356.000000	155	25	0.902	0.246
7362.000000	155	25	0.898	0.246
7368.000000	155	25	0.893	0.246
7374.000000	155	25	0.887	0.240
7380.000000	155	25	0.884	0.233
7386.000000	155	25	0.882	0.223
7392.000000	155	25	0.882	0.214
7398.000000	155	25	0.881	0.203
7404.000000	155	25	0.879	0.188
7410.000000	155	81	0.874	0.191
7416.000000	155	81	0.868	0.200
7422.000000	155	81	0.864	0.203
7428.000000	155	81	0.860	0.202
7434.000000	155	81	0.856	0.196
7440.000000	155	81	0.852	0.193
7446.000000	155	81	0.848	0.190
7452.000000	155	81	0.844	0.186
7458.000000	155	81	0.836	0.184
7464.000000	155	81	0.824	0.181
7470.000000	155	81	0.809	0.181
7476.000000	155	81	0.791	0.178
7482.000000	155	81	0.773	0.177
7488.000000	155	81	0.754	0.178
7494.000000	155	81	0.732	0.181
7500.000000	155	81	0.702	0.185
7506.000000	155	81	0.659	0.195
7512.000000	155	81	0.583	0.209
7518.000000	155	81	0.503	0.216
7524.000000	155	69	0.375	0.229
7530.000000	69	81	0.251	0.234
7536.000000	69	81	0.284	0.253
7542.000000	69	81	0.324	0.276
7548.000000	69	81	0.376	0.300
7554.000000	69	81	0.434	0.326
7560.000000	69	81	0.485	0.343
7566.000000	69	81	0.522	0.357
7572.000000	69	81	0.555	0.370
7578.000000	69	81	0.591	0.383
7584.000000	69	81	0.615	0.395
7590.000000	69	81	0.633	0.406
7596.000000	69	81	0.648	0.416
7602.000000	69	81	0.659	0.424
7608.000000	69	81	0.664	0.433
7614.000000	69	81	0.671	0.447
7620.000000	69	81	0.674	0.460
7626.000000	69	81	0.681	0.468
7632.000000	69	81	0.688	0.474
7638.000000	69	81	0.695	0.479
7644.000000	69	81	0.701	0.484
7650.000000	69	81	0.702	0.492
7656.000000	69	81	0.710	0.500
7662.000000	69	81	0.719	0.508
7668.000000	69	81	0.732	0.512
7674.000000	69	81	0.745	0.516
7680.000000	69	81	0.750	0.520
7686.000000	69	81	0.764	0.527
7692.000000	69	81	0.774	0.530
7698.000000	69	81	0.783	0.526
7704.000000	69	81	0.797	0.525
7710.000000	69	81	0.811	0.525
7716.000000	69	81	0.817	0.529
7722.000000	69	81	0.826	0.532
7728.000000	69	81	0.841	0.530
7734.000000	69	81	0.843	0.537
7740.000000	69	81	0.846	0.547
7746.000000	69	81	0.852	0.556
7752.000000	69	81	0.855	0.555
7758.000000	69	81	0.860	0.547
7764.000000	69	81	0.867	0.541
7770.000000	69	81	0.873	0.538
7776.000000	69	81	0.874	0.530
7782.000000	69	81	0.880	0.516
7788.000000	69	81	0.879	0.509
7794.000000	69	81	0.881	0.496
7800.000000	69	81	0.882	0.484
7806.000000	69	81	0.883	0.464
7812.000000	69	81	0.887	0.436
7818.000000	69	81	0.891	0.406
7824.000000	69	81	0.892	0.374
7830.000000	69	81	0.893	0.337
7836.000000	69	81	0.895	0.291
7842.000000	69	81	0.898	0.234
7848.000000	69	81	0.899	0.174
7854.000000	69	81	0.899	0.127
7860.000000	69	33	0.903	0.122
7866.000000	69	33	0.912	0.126
7872.000000	69	28	0.913	0.127
7878.000000	69	28	0.909	0.133
7884.000000	69	28	0.904	0.141
7890.000000	69	28	0.901	0.152
7896.000000	69	28	0.896	0.160
7902.000000	69	28	0.889	0.165
7908.000000	69	28	0.881	0.168
7914.000000	69	28	0.876	0.166
7920.000000	69	194	0.869	0.170
7926.000000	69	194	0.856	0.180
7932.000000	69	194	0.836	0.195
7938.000000	69	194	0.818	0.208
7944.000000	69	194	0.796	0.221
7950.000000	69	194	0.763	0.233
7956.000000	69	194	0.720	0.245
7962.000000	69	194	0.669	0.256
7968.000000	69	194	0.598	0.278
7974.000000	69	194	0.488	0.314
7980.000000	69	194	0.366	0.363
7986.000000	194	36	0.414	0.277
7992.000000	194	36	0.463	0.282
7998.000000	194	36	0.514	0.300
8004.000000	194	36	0.559	0.313
8010.000000	194	36	0.585	0.319
8016.000000	194	36	0.601	0.322
8022.000000	194	36	0.608	0.327
8028.000000	194	36	0.624	0.333
8034.000000	194	36	0.642	0.338
8040.000000	194	36	0.660	0.332
8046.000000	194	36	0.674	0.333
8052.000000	194	36	0.690	0.338
8058.000000	194	36	0.701	0.340
8064.000000	194	36	0.713	0.335
8070.000000	194	36	0.724	0.329
8076.000000	194	36	0.733	0.324
8082.000000	194	191	0.759	0.323
8088.000000	194	191	0.780	0.326
8094.000000	194	191	0.790	0.329
8100.000000	194	191	0.794	0.331
8106.000000	194	191	0.798	0.335
8112.000000	194	191	0.809	0.329
8118.000000	194	191	0.823	0.321
8124.000000	194	191	0.829	0.316
8130.000000	194	191	0.832	0.315
8136.000000	194	191	0.840	0.316
8142.000000	194	191	0.855	0.318
8148.000000	194	191	0.874	0.312
8154.000000	194	191	0.893	0.305
8160.000000	194	191	0.909	0.299
8166.000000	194	191	0.915	0.289
8172.000000	194	191	0.918	0.281
8178.000000	194	191	0.921	0.272
8184.000000	194	191	0.927	0.258
8190.000000	194	191	0.929	0.244
8196.000000	194	191	0.930	0.226
8202.000000	194	157	0.931	0.210
8208.000000	194	157	0.933	0.209
8214.000000	194	157	0.934	0.206
8220.000000	194	157	0.933	0.208
8226.000000	194	157	0.932	0.213
8232.000000	194	157	0.929	0.221
8238.000000	194	157	0.924	0.227
8244.000000	194	157	0.922	0.230
8250.000000	194	157	0.921	0.233
8256.000000	194	157	0.920	0.233
8262.000000	194	157	0.918	0.230
8268.000000	194	157	0.916	0.231
8274.000000	194	157	0.914	0.234
8280.000000	194	157	0.912	0.240
8286.000000	194	157	0.909	0.245
8292.000000	194	157	0.905	0.249
8298.000000	194	157	0.902	0.256
8304.000000	194	157	0.899	0.264
8310.000000	194	157	0.893	0.277
8316.000000	194	157	0.887	0.291
8322.000000	194	157	0.883	0.301
8328.000000	194	157	0.879	0.304
8334.000000	194	157	0.874	0.301
8340.000000	194	157	0.872	0.304
8346.000000	194	157	0.866	0.311
8352.000000	194	157	0.859	0.313
8358.000000	194	157	0.852	0.314
8364.000000	194	157	0.844	0.309
8370.000000	194	157	0.832	0.306
8376.000000	194	157	0.818	0.300
8382.000000	194	157	0.793	0.290
8388.000000	194	117	0.763	0.289
8394.000000	194	117	0.728	0.315
8400.000000	194	117	0.682	0.351
8406.000000	194	117	0.617	0.395
8412.000000	194	117	0.508	0.449
8418.000000	117	194	0.527	0.316
8424.000000	117	157	0.638	0.197
8430.000000	117	157	0.750	0.168
8436.000000	117	157	0.846	0.129
8442.000000	117	157	0.908	0.105
8448.000000	117	157	0.943	0.082
8454.000000	117	128	0.962	0.074
8460.000000	117	128	0.968	0.078
8466.000000	117	128	0.970	0.084
8472.000000	117	128	0.971	0.091
8478.000000	117	128	0.971	0.099
8484.000000	117	128	0.970	0.111
8490.000000	117	128	0.969	0.123
8496.000000	117	128	0.969	0.132
8502.000000	117	128	0.971	0.141
8508.000000	117	128	0.970	0.153
8514.000000	117	128	0.968	0.161
8520.000000	117	128	0.967	0.171
8526.000000	117	128	0.965	0.181
8532.000000	117	128	0.963	0.189
8538.000000	117	128	0.961	0.198
8544.000000	117	128	0.959	0.206
8550.000000	117	128	0.958	0.212
8556.000000	117	128	0.956	0.219
8562.000000	117	128	0.954	0.228
8568.000000	117	107	0.952	0.239
8574.000000	117	107	0.950	0.250
8580.000000	117	107	0.947	0.259
8586.000000	117	107	0.944	0.267
8592.000000	117	107	0.940	0.278
8598.000000	117	107	0.938	0.288
8604.000000	117	107	0.937	0.298
8610.000000	117	107	0.935	0.312
8616.000000	117	107	0.933	0.330
8622.000000	117	107	0.931	0.344
8628.000000	117	107	0.929	0.355
8634.000000	117	107	0.926	0.365
8640.000000	117	107	0.925	0.378
8646.000000	117	107	0.922	0.392
8652.000000	117	107	0.917	0.406
8658.000000	117	107	0.911	0.427
8664.000000	117	107	0.904	0.449
8670.000000	117	107	0.899	0.472
8676.000000	117	107	0.892	0.497
8682.000000	117	107	0.886	0.520
8688.000000	117	107	0.882	0.550
8694.000000	117	107	0.874	0.601
8700.000000	117	107	0.864	0.645
8706.000000	117	107	0.850	0.686
8712.000000	117	107	0.829	0.732
8718.000000	117	107	0.808	0.768
8724.000000	107	117	0.799	0.774
8730.000000	107	117	0.829	0.727
8736.000000	107	117	0.865	0.657
8742.000000	107	117	0.898	0.552
8748.000000	107	117	0.926	0.419
8754.000000	107	117	0.941	0.261
8760.000000	107	82	0.949	0.169
8766.000000	107	82	0.958	0.166
8772.000000	107	82	0.960	0.167
8778.000000	107	82	0.958	0.173
8784.000000	107	82	0.954	0.187
8790.000000	107	82	0.951	0.203
8796.000000	107	112	0.947	0.214
8802.000000	107	112	0.942	0.230
8808.000000	107	112	0.938	0.243
8814.000000	107	112	0.934	0.254
8820.000000	107	112	0.929	0.267
8826.000000	107	112	0.921	0.280
8832.000000	107	112	0.913	0.290
8838.000000	107	112	0.908	0.300
8844.000000	107	112	0.902	0.312
8850.000000	107	112	0.896	0.324
8856.000000	107	112	0.890	0.341
8862.000000	107	112	0.886	0.353
8868.000000	107	112	0.879	0.358
8874.000000	107	112	0.871	0.364
8880.000000	107	112	0.860	0.376
8886.000000	107	112	0.850	0.389
8892.000000	107	112	0.842	0.399
8898.000000	107	112	0.833	0.416
8904.000000	107	112	0.826	0.430
8910.000000	107	112	0.817	0.447
8916.000000	107	112	0.800	0.465
8922.000000	107	112	0.781	0.481
8928.000000	107	112	0.758	0.503
8934.000000	107	112	0.734	0.525
8940.000000	107	112	0.708	0.546
8946.000000	107	112	0.668	0.561
8952.000000	107	112	0.625	0.579
8958.000000	112	107	0.603	0.569
8964.000000	112	107	0.630	0.500
8970.000000	112	167	0.660	0.416
8976.000000	112	167	0.698	0.435
8982.000000	112	167	0.736	0.443
8988.000000	112	167	0.768	0.443
8994.000000	112	167	0.805	0.428
9000.000000	112	167	0.837	0.412
9006.000000	112	167	0.848	0.401
9012.000000	112	167	0.857	0.396
9018.000000	112	167	0.860	0.392
9024.000000	112	167	0.872	0.385
9030.000000	112	167	0.876	0.374
9036.000000	112	136	0.875	0.370
9042.000000	112	136	0.875	0.378
9048.000000	112	136	0.872	0.382
9054.000000	112	136	0.869	0.383
9060.000000	112	136	0.877	0.376
9066.000000	112	136	0.875	0.379
9072.000000	112	136	0.869	0.387
9078.000000	112	136	0.865	0.393
9084.000000	112	136	0.864	0.402
9090.000000	112	136	0.864	0.411
9096.000000	112	136	0.871	0.418
9102.000000	112	136	0.877	0.431
9108.000000	112	136	0.881	0.439
9114.000000	112	136	0.882	0.439
9120.000000	112	136	0.881	0.443
9126.000000	112	136	0.879	0.449
9132.000000	112	136	0.878	0.452
9138.000000	112	136	0.877	0.447
9144.000000	112	136	0.874	0.444
9150.000000	112	136	0.872	0.445
9156.000000	112	136	0.870	0.452
9162.000000	112	136	0.863	0.464
9168.000000	112	136	0.857	0.475
9174.000000	112	136	0.852	0.480
9180.000000	112	136	0.846	0.480
9186.000000	112	136	0.838	0.480
9192.000000	112	136	0.829	0.483
9198.000000	112	136	0.812	0.485
9204.000000	112	136	0.800	0.480
9210.000000	112	136	0.784	0.473
9216.000000	112	136	0.762	0.467
9222.000000	112	136	0.735	0.464
9228.000000	112	136	0.707	0.454
9234.000000	112	136	0.662	0.447
9240.000000	112	136	0.610	0.437
9246.000000	112	31	0.547	0.435
9252.000000	31	112	0.506	0.468
9258.000000	31	136	0.567	0.390
9264.000000	31	136	0.648	0.376
9270.000000	31	136	0.735	0.357
9276.000000	31	136	0.813	0.336
9282.000000	31	136	0.850	0.305
9288.000000	31	136	0.873	0.273
9294.000000	31	136	0.879	0.236
9300.000000	31	136	0.887	0.207
9306.000000	31	136	0.900	0.173
9312.000000	31	8	0.912	0.162
9318.000000	31	8	0.923	0.165
9324.000000	31	8	0.928	0.167
9330.000000	31	8	0.930	0.170
9336.000000	31	8	0.932	0.176
9342.000000	31	8	0.932	0.177
9348.000000	31	8	0.933	0.181
9354.000000	31	8	0.932	0.188
9360.000000	31	8	0.932	0.191
9366.000000	31	8	0.933	0.191
9372.000000	31	8	0.931	0.192
9378.000000	31	8	0.929	0.194
9384.000000	31	8	0.928	0.197
9390.000000	31	8	0.927	0.198
9396.000000	31	8	0.926	0.201
9402.000000	31	8	0.926	0.201
9408.000000	31	127	0.924	0.202
9414.000000	31	127	0.921	0.199
9420.000000	31	8	0.917	0.197
9426.000000	31	8	0.915	0.197
9432.000000	31	8	0.918	0.196
9438.000000	31	8	0.914	0.195
9444.000000	31	8	0.909	0.191
9450.000000	31	8	0.907	0.187
9456.000000	31	162	0.906	0.185
9462.000000	31	162	0.904	0.191
9468.000000	31	162	0.903	0.197
9474.000000	31	162	0.900	0.204
9480.000000	31	162	0.896	0.210
9486.000000	31	162	0.895	0.213
9492.000000	31	162	0.893	0.219
9498.000000	31	162	0.892	0.222
9504.000000	31	162	0.889	0.224
9510.000000	31	162	0.886	0.230
9516.000000	31	162	0.880	0.235
9522.000000	31	162	0.877	0.239
9528.000000	31	101	0.873	0.244
9534.000000	31	101	0.867	0.261
9540.000000	31	101	0.857	0.283
9546.000000	31	101	0.845	0.308
9552.000000	31	101	0.832	0.339
9558.000000	31	101	0.818	0.375
9564.000000	31	101	0.798	0.420
9570.000000	31	101	0.778	0.462
9576.000000	31	101	0.757	0.499
9582.000000	31	101	0.723	0.544
9588.000000	31	101	0.674	0.600
9594.000000	101	31	0.642	0.612
9600.000000	101	31	0.694	0.499
9606.000000	101	31	0.769	0.323
9612.000000	101	164	0.842	0.171
9618.000000	101	164	0.874	0.171
9624.000000	101	164	0.902	0.164
9630.000000	101	164	0.920	0.159
9636.000000	101	164	0.931	0.162
9642.000000	101	164	0.947	0.166
9648.000000	101	164	0.949	0.167
9654.000000	101	164	0.949	0.166
9660.000000	101	164	0.948	0.166
9666.000000	101	164	0.947	0.166
9672.000000	101	164	0.946	0.168
9678.000000	101	164	0.946	0.171
9684.000000	101	164	0.949	0.174
9690.000000	101	164	0.949	0.175
9696.000000	101	164	0.949	0.173
9702.000000	101	164	0.949	0.167
9708.000000	101	164	0.948	0.164
9714.000000	101	164	0.947	0.160
9720.000000	101	48	0.945	0.159
9726.000000	101	48	0.942	0.169
9732.000000	101	48	0.941	0.175
9738.000000	101	48	0.940	0.183
9744.000000	101	48	0.939	0.194
9750.000000	101	48	0.939	0.206
9756.000000	101	48	0.939	0.219
9762.000000	101	48	0.938	0.226
9768.000000	101	48	0.937	0.235
9774.000000	101	48	0.935	0.247
9780.000000	101	48	0.934	0.261
9786.000000	101	48	0.932	0.275
9792.000000	101	48	0.930	0.289
9798.000000	101	48	0.929	0.302
9804.000000	101	48	0.926	0.320
9810.000000	101	48	0.924	0.345
9816.000000	101	48	0.921	0.372
9822.000000	101	48	0.918	0.397
9828.000000	101	48	0.913	0.430
9834.000000	101	48	0.907	0.455
9840.000000	101	48	0.897	0.483
9846.000000	101	48	0.889	0.513
9852.000000	101	48	0.883	0.550
9858.000000	101	48	0.872	0.601
9864.000000	101	48	0.865	0.647
9870.000000	101	48	0.856	0.679
9876.000000	101	48	0.836	0.717
9882.000000	101	48	0.811	0.761
9888.000000	48	101	0.804	0.779
9894.000000	48	101	0.833	0.744
9900.000000	48	101	0.848	0.701
9906.000000	48	101	0.876	0.630
9912.000000	48	101	0.907	0.536
9918.000000	48	101	0.927	0.406
9924.000000	48	101	0.950	0.220
9930.000000	48	64	0.962	0.173
9936.000000	48	64	0.965	0.169
9942.000000	48	64	0.964	0.166
9948.000000	48	64	0.964	0.157
9954.000000	48	64	0.970	0.147
9960.000000	48	64	0.969	0.144
9966.000000	48	64	0.967	0.139
9972.000000	48	64	0.966	0.135
9978.000000	48	64	0.965	0.135
9984.000000	48	64	0.964	0.134
9990.000000	48	30	0.962	0.136
9996.000000	48	30	0.959	0.147
10002.000000	48	30	0.956	0.163
10008.000000	48	30	0.954	0.184
10014.000000	48	30	0.953	0.210
10020.000000	48	30	0.951	0.235
10026.000000	48	30	0.948	0.264
10032.000000	48	30	0.944	0.296
10038.000000	48	30	0.940	0.323
10044.000000	48	30	0.937	0.351
10050.000000	48	30	0.935	0.375
10056.000000	48	30	0.932	0.402
10062.000000	48	30	0.930	0.427
10068.000000	48	30	0.928	0.460
10074.000000	48	30	0.926	0.496
10080.000000	48	30	0.923	0.537
10086.000000	48	30	0.917	0.585
10092.000000	48	30	0.913	0.619
10098.000000	48	30	0.904	0.647
10104.000000	48	30	0.895	0.671
10110.000000	48	30	0.886	0.692
10116.000000	48	30	0.873	0.713
10122.000000	48	30	0.857	0.739
10128.000000	48	30	0.829	0.770
10134.000000	30	48	0.800	0.796
10140.000000	30	48	0.821	0.767
10146.000000	30	48	0.845	0.719
10152.000000	30	48	0.866	0.657
10158.000000	30	48	0.895	0.569
10164.000000	30	48	0.915	0.452
10170.000000	30	48	0.939	0.281
10176.000000	30	167	0.956	0.132
10182.000000	30	167	0.967	0.123
10188.000000	30	167	0.966	0.115
10194.000000	30	167	0.966	0.107
10200.000000	30	167	0.964	0.101
10206.000000	30	167	0.963	0.094
10212.000000	30	89	0.966	0.091
10218.000000	30	89	0.966	0.096
10224.000000	30	89	0.966	0.101
10230.000000	30	89	0.966	0.103
10236.000000	30	89	0.969	0.107
10242.000000	30	89	0.969	0.112
10248.000000	30	89	0.969	0.115
10254.000000	30	89	0.969	0.115
10260.000000	30	89	0.969	0.116
10266.000000	30	89	0.968	0.117
10272.000000	30	89	0.968	0.117
10278.000000	30	89	0.967	0.118
10284.000000	30	89	0.967	0.118
10290.000000	30	1	0.966	0.124
10296.000000	30	1	0.966	0.131
10302.000000	30	1	0.965	0.138
10308.000000	30	1	0.965	0.143
10314.000000	30	1	0.964	0.146
10320.000000	30	1	0.964	0.151
10326.000000	30	1	0.963	0.152
10332.000000	30	1	0.963	0.155
10338.000000	30	1	0.963	0.164
10344.000000	30	1	0.962	0.175
10350.000000	30	1	0.961	0.184
10356.000000	30	1	0.959	0.188
10362.000000	30	1	0.959	0.191
10368.000000	30	1	0.960	0.196
10374.000000	30	1	0.960	0.204
10380.000000	30	1	0.960	0.214
10386.000000	30	1	0.960	0.220
10392.000000	30	1	0.960	0.226
10398.000000	30	1	0.959	0.234
10404.000000	30	1	0.958	0.240
10410.000000	30	1	0.958	0.242
10416.000000	30	1	0.956	0.250
10422.000000	30	1	0.954	0.266
10428.000000	30	1	0.953	0.283
10434.000000	30	1	0.952	0.300
10440.000000	30	1	0.950	0.324
10446.000000	30	1	0.948	0.359
10452.000000	30	1	0.942	0.405
10458.000000	30	1	0.934	0.465
10464.000000	30	1	0.927	0.525
10470.000000	30	1	0.911	0.594
10476.000000	30	1	0.887	0.668
10482.000000	30	1	0.851	0.723
10488.000000	30	1	0.812	0.762
10494.000000	1	30	0.806	0.750
10500.000000	1	30	0.859	0.656
10506.000000	1	30	0.918	0.515
10512.000000	1	30	0.964	0.290
10518.000000	1	131	0.987	0.060
10524.000000	1	131	0.989	0.058
10530.000000	1	131	0.988	0.057
10536.000000	1	131	0.988	0.055
10542.000000	1	131	0.986	0.054
10548.000000	1	131	0.984	0.054
10554.000000	1	131	0.982	0.055
10560.000000	1	131	0.981	0.054
10566.000000	1	131	0.980	0.055
10572.000000	1	131	0.980	0.057
10578.000000	1	131	0.979	0.058
10584.000000	1	131	0.978	0.058
10590.000000	1	131	0.977	0.058
10596.000000	1	131	0.976	0.057
10602.000000	1	131	0.975	0.057
10608.000000	1	138	0.974	0.060
10614.000000	1	175	0.973	0.065
10620.000000	1	175	0.972	0.068
10626.000000	1	175	0.971	0.072
10632.000000	1	175	0.970	0.079
10638.000000	1	175	0.968	0.087
10644.000000	1	175	0.966	0.094
10650.000000	1	175	0.964	0.102
10656.000000	1	175	0.962	0.107
10662.000000	1	175	0.962	0.109
10668.000000	1	175	0.961	0.112
10674.000000	1	175	0.959	0.116
10680.000000	1	175	0.958	0.121
10686.000000	1	175	0.957	0.129
10692.000000	1	175	0.956	0.140
10698.000000	1	175	0.954	0.149
10704.000000	1	175	0.953	0.156
10710.000000	1	175	0.951	0.162
10716.000000	1	175	0.949	0.166
10722.000000	1	175	0.947	0.168
10728.000000	1	175	0.945	0.172
10734.000000	1	175	0.943	0.180
10740.000000	1	175	0.940	0.190
10746.000000	1	175	0.937	0.201
10752.000000	1	175	0.932	0.213
10758.000000	1	175	0.926	0.225
10764.000000	1	175	0.923	0.241
10770.000000	1	175	0.920	0.256
10776.000000	1	175	0.917	0.274
10782.000000	1	175	0.915	0.293
10788.000000	1	175	0.911	0.321
10794.000000	1	175	0.905	0.358
10800.000000	1	175	0.896	0.404
10806.000000	1	175	0.887	0.455
10812.000000	1	175	0.876	0.509
10818.000000	1	175	0.861	0.564
10824.000000	1	175	0.839	0.620
10830.000000	1	175	0.810	0.676
10836.000000	1	175	0.761	0.743
10842.000000	175	1	0.807	0.677
10848.000000	175	1	0.879	0.525
10854.000000	175	1	0.939	0.279
10860.000000	175	86	0.972	0.091
10866.000000	175	86	0.980	0.077
10872.000000	175	51	0.979	0.078
10878.000000	175	51	0.978	0.086
10884.000000	175	51	0.976	0.094
10890.000000	175	51	0.974	0.102
10896.000000	175	51	0.972	0.111
10902.000000	175	51	0.969	0.121
10908.000000	175	51	0.966	0.132
10914.000000	175	51	0.963	0.144
10920.000000	175	51	0.961	0.155
10926.000000	175	51	0.958	0.167
10932.000000	175	51	0.955	0.188
10938.000000	175	51	0.952	0.209
10944.000000	175	51	0.950	0.229
10950.000000	175	51	0.947	0.249
10956.000000	175	51	0.945	0.265
10962.000000	175	51	0.942	0.283
10968.000000	175	51	0.938	0.304
10974.000000	175	51	0.935	0.319
10980.000000	175	51	0.933	0.345
10986.000000	175	51	0.928	0.378
10992.000000	175	51	0.925	0.403
10998.000000	175	51	0.920	0.433
11004.000000	175	51	0.917	0.468
11010.000000	175	51	0.912	0.500
11016.000000	175	51	0.907	0.534
11022.000000	175	51	0.903	0.562
11028.000000	175	51	0.899	0.583
11034.000000	175	51	0.894	0.608
11040.000000	175	51	0.890	0.626
11046.000000	175	51	0.879	0.650
11052.000000	175	51	0.869	0.673
11058.000000	175	51	0.862	0.688
11064.000000	175	51	0.856	0.701
11070.000000	175	51	0.847	0.716
11076.000000	175	51	0.837	0.730
11082.000000	175	51	0.826	0.743
11088.000000	175	51	0.809	0.759
11094.000000	175	51	0.791	0.767
11100.000000	51	175	0.780	0.761
11106.000000	51	175	0.798	0.728
11112.000000	51	175	0.822	0.689
11118.000000	51	175	0.847	0.634
11124.000000	51	175	0.888	0.546
11130.000000	51	175	0.915	0.450
11136.000000	51	175	0.941	0.299
11142.000000	51	42	0.959	0.156
11148.000000	51	42	0.966	0.149
11154.000000	51	42	0.969	0.143
11160.000000	51	105	0.968	0.143
11166.000000	51	105	0.966	0.153
11172.000000	51	105	0.963	0.162
11178.000000	51	105	0.961	0.169
11184.000000	51	105	0.958	0.173
11190.000000	51	105	0.956	0.174
11196.000000	51	105	0.954	0.174
11202.000000	51	73	0.953	0.185
11208.000000	51	73	0.951	0.199
11214.000000	51	73	0.949	0.214
11220.000000	51	73	0.947	0.229
11226.000000	51	73	0.944	0.245
11232.000000	51	73	0.939	0.264
11238.000000	51	73	0.935	0.280
11244.000000	51	73	0.932	0.295
11250.000000	51	73	0.928	0.314
11256.000000	51	73	0.924	0.335
11262.000000	51	73	0.920	0.364
11268.000000	51	73	0.915	0.396
11274.000000	51	73	0.908	0.424
11280.000000	51	73	0.899	0.462
11286.000000	51	73	0.888	0.504
11292.000000	51	73	0.876	0.540
11298.000000	51	73	0.863	0.577
11304.000000	51	73	0.850	0.614
11310.000000	51	73	0.838	0.646
11316.000000	51	73	0.817	0.673
11322.000000	51	73	0.781	0.719
11328.000000	73	51	0.758	0.746
11334.000000	73	51	0.793	0.700
11340.000000	73	51	0.835	0.618
11346.000000	73	51	0.875	0.520
11352.000000	73	51	0.909	0.391
11358.000000	73	51	0.942	0.211
11364.000000	73	110	0.957	0.133
11370.000000	73	110	0.971	0.121
11376.000000	73	110	0.975	0.115
11382.000000	73	110	0.975	0.115
11388.000000	73	72	0.974	0.117
11394.000000	73	72	0.973	0.128
11400.000000	73	72	0.972	0.143
11406.000000	73	72	0.969	0.153
11412.000000	73	72	0.966	0.164
11418.000000	73	72	0.964	0.173
11424.000000	73	72	0.962	0.182
11430.000000	73	72	0.961	0.194
11436.000000	73	72	0.960	0.205
11442.000000	73	72	0.959	0.215
11448.000000	73	72	0.957	0.232
11454.000000	73	72	0.956	0.249
11460.000000	73	72	0.955	0.263
11466.000000	73	72	0.953	0.282
11472.000000	73	72	0.950	0.300
11478.000000	73	72	0.947	0.320
11484.000000	73	72	0.943	0.347
11490.000000	73	72	0.935	0.382
11496.000000	73	72	0.930	0.410
11502.000000	73	72	0.927	0.429
11508.000000	73	72	0.924	0.454
11514.000000	73	72	0.921	0.491
11520.000000	73	72	0.917	0.532
11526.000000	73	72	0.912	0.564
11532.000000	73	72	0.899	0.603
11538.000000	73	72	0.886	0.639
11544.000000	73	72	0.873	0.671
11550.000000	73	72	0.855	0.703
11556.000000	73	72	0.831	0.726
11562.000000	73	72	0.799	0.751
11568.000000	73	72	0.771	0.770
11574.000000	72	73	0.805	0.725
11580.000000	72	73	0.836	0.671
11586.000000	72	73	0.874	0.598
11592.000000	72	73	0.894	0.518
11598.000000	72	73	0.915	0.389
11604.000000	72	71	0.933	0.424
11610.000000	72	71	0.941	0.474
11616.000000	72	71	0.942	0.524
11622.000000	72	71	0.946	0.571
11628.000000	72	71	0.945	0.600
11634.000000	72	71	0.944	0.612
11640.000000	72	71	0.941	0.631
11646.000000	72	71	0.935	0.654
11652.000000	72	71	0.931	0.669
11658.000000	72	71	0.926	0.685
11664.000000	72	71	0.917	0.700
11670.000000	72	71	0.914	0.704
11676.000000	72	71	0.907	0.712
11682.000000	72	71	0.902	0.721
11688.000000	72	71	0.900	0.725
11694.000000	72	71	0.898	0.731
11700.000000	72	71	0.895	0.738
11706.000000	72	71	0.893	0.744
11712.000000	72	71	0.887	0.749
11718.000000	72	71	0.882	0.753
11724.000000	72	71	0.876	0.758
11730.000000	72	71	0.873	0.759
11736.000000	72	71	0.867	0.762
11742.000000	72	71	0.860	0.762
11748.000000	72	71	0.851	0.766
11754.000000	72	71	0.845	0.768
11760.000000	72	71	0.831	0.778
11766.000000	72	71	0.818	0.787
11772.000000	72	71	0.804	0.795
11778.000000	71	72	0.799	0.796
11784.000000	71	72	0.811	0.780
11790.000000	71	72	0.818	0.756
11796.000000	71	72	0.823	0.731
11802.000000	71	72	0.835	0.697
11808.000000	71	72	0.850	0.647
11814.000000	71	72	0.867	0.574
11820.000000	71	72	0.877	0.473
11826.000000	71	72	0.895	0.323
11832.000000	71	72	0.930	0.122
11838.000000	71	120	0.945	0.089
11844.000000	71	120	0.953	0.071
11850.000000	71	56	0.958	0.070
11856.000000	71	56	0.961	0.073
11862.000000	71	56	0.962	0.075
11868.000000	71	56	0.963	0.077
11874.000000	71	56	0.964	0.079
11880.000000	71	56	0.965	0.078
11886.000000	71	56	0.964	0.077
11892.000000	71	56	0.964	0.078
11898.000000	71	56	0.963	0.081
11904.000000	71	56	0.962	0.084
11910.000000	71	56	0.960	0.085
11916.000000	71	56	0.958	0.086
11922.000000	71	56	0.956	0.087
11928.000000	71	56	0.953	0.086
11934.000000	71	56	0.950	0.085
11940.000000	71	12	0.947	0.086
11946.000000	71	12	0.943	0.091
11952.000000	71	12	0.941	0.095
11958.000000	71	12	0.940	0.095
11964.000000	71	12	0.937	0.095
11970.000000	71	12	0.933	0.094
11976.000000	71	12	0.927	0.094
11982.000000	71	3	0.920	0.092
11988.000000	71	170	0.914	0.098
11994.000000	71	170	0.908	0.104
12000.000000	71	170	0.900	0.111
12006.000000	71	170	0.887	0.114
12012.000000	71	170	0.872	0.118
12018.000000	71	158	0.859	0.123
12024.000000	71	158	0.845	0.134
12030.000000	71	158	0.831	0.143
12036.000000	71	158	0.814	0.154
12042.000000	71	158	0.789	0.164
12048.000000	71	158	0.761	0.177
12054.000000	71	158	0.721	0.195
12060.000000	71	158	0.658	0.210
12066.000000	71	158	0.555	0.229
12072.000000	71	158	0.420	0.250
12078.000000	158	71	0.277	0.234
12084.000000	158	198	0.320	0.201
12090.000000	158	198	0.379	0.212
12096.000000	158	198	0.459	0.237
12102.000000	158	198	0.546	0.273
12108.000000	158	198	0.614	0.314
12114.000000	158	198	0.663	0.349
12120.000000	158	198	0.695	0.383
12126.000000	158	198	0.713	0.410
12132.000000	158	198	0.728	0.432
12138.000000	158	198	0.738	0.447
12144.000000	158	198	0.749	0.456
12150.000000	158	198	0.751	0.460
12156.000000	158	198	0.752	0.465
12162.000000	158	198	0.756	0.467
12168.000000	158	198	0.760	0.468
12174.000000	158	198	0.761	0.472
12180.000000	158	198	0.761	0.475
12186.000000	158	198	0.767	0.482
12192.000000	158	198	0.771	0.486
12198.000000	158	198	0.775	0.491
12204.000000	158	198	0.787	0.488
12210.000000	158	198	0.790	0.484
12216.000000	158	198	0.793	0.478
12222.000000	158	198	0.796	0.472
12228.000000	158	198	0.801	0.467
12234.000000	158	198	0.808	0.467
12240.000000	158	198	0.814	0.465
12246.000000	158	198	0.820	0.460
12252.000000	158	198	0.829	0.454
12258.000000	158	198	0.838	0.453
12264.000000	158	198	0.845	0.445
12270.000000	158	198	0.850	0.431
12276.000000	158	198	0.854	0.414
12282.000000	158	198	0.860	0.388
12288.000000	158	198	0.872	0.358
12294.000000	158	198	0.888	0.317
12300.000000	158	198	0.905	0.272
12306.000000	158	198	0.926	0.214
12312.000000	158	132	0.934	0.166
12318.000000	158	132	0.943	0.143
12324.000000	158	132	0.951	0.122
12330.000000	158	132	0.956	0.106
12336.000000	158	115	0.957	0.086
12342.000000	158	115	0.959	0.081
12348.000000	158	115	0.962	0.074
12354.000000	158	115	0.962	0.075
12360.000000	158	115	0.962	0.077
12366.000000	158	115	0.962	0.078
12372.000000	158	115	0.962	0.076
12378.000000	158	55	0.962	0.075
12384.000000	158	55	0.965	0.074
12390.000000	158	115	0.969	0.074
12396.000000	158	115	0.970	0.075
12402.000000	158	115	0.970	0.072
12408.000000	158	156	0.971	0.070
12414.000000	158	156	0.970	0.071
12420.000000	158	156	0.969	0.072
12426.000000	158	156	0.969	0.072
12432.000000	158	156	0.968	0.072
12438.000000	158	156	0.969	0.071
12444.000000	158	156	0.970	0.069
12450.000000	158	156	0.971	0.068
12456.000000	158	156	0.972	0.066
12462.000000	158	100	0.973	0.063
12468.000000	158	100	0.972	0.062
12474.000000	158	100	0.972	0.061
12480.000000	158	100	0.970	0.059
12486.000000	158	100	0.968	0.058
12492.000000	158	100	0.966	0.054
12498.000000	158	100	0.965	0.052
12504.000000	158	16	0.965	0.052
12510.000000	158	16	0.963	0.051
12516.000000	158	20	0.961	0.052
12522.000000	158	20	0.960	0.053
12528.000000	158	20	0.959	0.054
12534.000000	158	20	0.957	0.056
12540.000000	158	20	0.956	0.057
12546.000000	158	20	0.954	0.057
12552.000000	158	20	0.951	0.057
12558.000000	158	20	0.946	0.057
12564.000000	158	20	0.942	0.055
12570.000000	158	20	0.941	0.052
12576.000000	158	20	0.937	0.049
12582.000000	158	20	0.933	0.048
12588.000000	158	20	0.930	0.048
12594.000000	158	20	0.927	0.048
12600.000000	158	20	0.923	0.048
12606.000000	158	20	0.919	0.048
12612.000000	158	20	0.913	0.048
12618.000000	158	20	0.909	0.047
12624.000000	158	20	0.905	0.046
12630.000000	158	20	0.899	0.044
12636.000000	158	20	0.890	0.042
12642.000000	158	20	0.880	0.041
12648.000000	158	20	0.867	0.039
12654.000000	158	20	0.851	0.038
12660.000000	158	20	0.828	0.036
12666.000000	158	20	0.796	0.035
12672.000000	158	20	0.740	0.034
12678.000000	158	20	0.627	0.032
12684.000000	158	44	0.404	0.024
12690.000000	158	44	0.063	0.010
12696.000000	44	60	0.001	0.001
