0.000000	125	102	0.000	0.000
6.000000	97	106	0.992	0.039
12.000000	97	106	0.992	0.040
18.000000	97	106	0.992	0.041
24.000000	97	106	0.991	0.043
30.000000	97	106	0.990	0.045
36.000000	97	106	0.990	0.046
42.000000	97	106	0.989	0.047
48.000000	97	74	0.988	0.049
54.000000	97	74	0.987	0.055
60.000000	97	74	0.985	0.061
66.000000	97	74	0.984	0.068
72.000000	97	74	0.983	0.076
78.000000	97	74	0.981	0.085
84.000000	97	74	0.979	0.093
90.000000	97	74	0.978	0.099
96.000000	97	74	0.976	0.104
102.000000	97	74	0.975	0.111
108.000000	97	74	0.972	0.116
114.000000	97	74	0.970	0.126
120.000000	97	74	0.967	0.138
126.000000	97	74	0.965	0.149
132.000000	97	74	0.963	0.155
138.000000	97	74	0.960	0.163
144.000000	97	74	0.958	0.178
150.000000	97	74	0.955	0.192
156.000000	97	74	0.953	0.202
162.000000	97	74	0.951	0.211
168.000000	97	74	0.948	0.218
174.000000	97	74	0.946	0.228
180.000000	97	74	0.943	0.236
186.000000	97	74	0.941	0.245
192.000000	97	74	0.939	0.255
198.000000	97	74	0.936	0.267
204.000000	97	74	0.933	0.283
210.000000	97	74	0.931	0.297
216.000000	97	74	0.929	0.307
222.000000	97	74	0.926	0.316
228.000000	97	74	0.923	0.322
234.000000	97	74	0.921	0.325
240.000000	97	74	0.919	0.326
246.000000	97	74	0.918	0.325
252.000000	97	74	0.917	0.327
258.000000	97	74	0.915	0.332
264.000000	97	74	0.913	0.335
270.000000	97	74	0.908	0.340
276.000000	97	74	0.902	0.344
282.000000	97	74	0.897	0.350
288.000000	97	74	0.888	0.357
294.000000	97	74	0.882	0.366
300.000000	97	74	0.876	0.380
306.000000	97	74	0.868	0.395
312.000000	97	74	0.862	0.416
318.000000	97	74	0.853	0.436
324.000000	97	74	0.843	0.456
330.000000	97	74	0.829	0.477
336.000000	97	74	0.812	0.502
342.000000	97	74	0.791	0.531
348.000000	97	74	0.773	0.554
354.000000	97	74	0.748	0.580
360.000000	97	74	0.717	0.610
366.000000	97	74	0.667	0.648
372.000000	74	97	0.704	0.584
378.000000	74	97	0.756	0.469
384.000000	74	97	0.818	0.300
390.000000	74	134	0.860	0.145
396.000000	74	134	0.898	0.127
402.000000	74	134	0.910	0.113
408.000000	74	166	0.921	0.116
414.000000	74	166	0.927	0.121
420.000000	74	166	0.930	0.128
426.000000	74	166	0.932	0.135
432.000000	74	166	0.931	0.141
438.000000	74	166	0.929	0.145
444.000000	74	166	0.929	0.149
450.000000	74	166	0.927	0.157
456.000000	74	166	0.923	0.167
462.000000	74	166	0.919	0.174
468.000000	74	166	0.916	0.182
474.000000	74	166	0.913	0.192
480.000000	74	166	0.910	0.202
486.000000	74	166	0.906	0.208
492.000000	74	166	0.904	0.213
498.000000	74	166	0.901	0.217
504.000000	74	157	0.896	0.225
510.000000	74	157	0.889	0.236
516.000000	74	157	0.884	0.254
522.000000	74	157	0.881	0.266
528.000000	74	157	0.875	0.275
534.000000	74	157	0.871	0.282
540.000000	74	157	0.868	0.288
546.000000	74	157	0.863	0.301
552.000000	74	157	0.857	0.315
558.000000	74	157	0.852	0.326
564.000000	74	157	0.841	0.333
570.000000	74	157	0.830	0.344
576.000000	74	157	0.818	0.357
582.000000	74	157	0.804	0.367
588.000000	74	157	0.783	0.374
594.000000	74	157	0.754	0.385
600.000000	74	157	0.722	0.404
606.000000	74	157	0.687	0.422
612.000000	74	157	0.646	0.437
618.000000	74	157	0.590	0.468
624.000000	74	157	0.513	0.498
630.000000	157	194	0.531	0.478
636.000000	157	194	0.572	0.506
642.000000	157	194	0.634	0.541
648.000000	157	194	0.686	0.586
654.000000	157	194	0.721	0.628
660.000000	157	194	0.738	0.652
666.000000	157	194	0.749	0.660
672.000000	157	194	0.756	0.667
678.000000	157	194	0.754	0.675
684.000000	157	194	0.757	0.678
690.000000	157	194	0.755	0.686
696.000000	157	194	0.751	0.691
702.000000	157	194	0.748	0.693
708.000000	157	194	0.748	0.695
714.000000	157	194	0.748	0.694
720.000000	157	194	0.751	0.688
726.000000	157	194	0.750	0.689
732.000000	157	194	0.751	0.694
738.000000	157	194	0.748	0.698
744.000000	157	194	0.744	0.704
750.000000	157	194	0.743	0.708
756.000000	157	194	0.742	0.708
762.000000	157	194	0.736	0.712
768.000000	157	194	0.734	0.711
774.000000	157	194	0.730	0.717
780.000000	157	194	0.727	0.725
786.000000	194	157	0.728	0.722
792.000000	194	157	0.729	0.717
798.000000	194	157	0.730	0.718
804.000000	194	157	0.732	0.722
810.000000	194	157	0.736	0.720
816.000000	194	157	0.741	0.716
822.000000	194	157	0.749	0.714
828.000000	194	157	0.749	0.710
834.000000	194	157	0.749	0.705
840.000000	194	157	0.748	0.699
846.000000	194	157	0.753	0.688
852.000000	194	157	0.754	0.677
858.000000	194	157	0.755	0.659
864.000000	194	157	0.759	0.637
870.000000	194	157	0.765	0.608
876.000000	194	157	0.772	0.575
882.000000	194	157	0.778	0.539
888.000000	194	157	0.780	0.493
894.000000	194	157	0.782	0.429
900.000000	194	157	0.794	0.316
906.000000	194	160	0.817	0.235
912.000000	194	160	0.841	0.245
918.000000	194	160	0.863	0.249
924.000000	194	160	0.872	0.255
930.000000	194	160	0.872	0.259
936.000000	194	160	0.869	0.262
942.000000	194	160	0.869	0.268
948.000000	194	160	0.865	0.276
954.000000	194	160	0.860	0.284
960.000000	194	160	0.856	0.290
966.000000	194	160	0.851	0.298
972.000000	194	160	0.845	0.301
978.000000	194	160	0.840	0.303
984.000000	194	160	0.832	0.304
990.000000	194	160	0.825	0.299
996.000000	194	160	0.818	0.297
1002.000000	194	160	0.810	0.302
1008.000000	194	160	0.798	0.307
1014.000000	194	160	0.793	0.312
1020.000000	194	160	0.786	0.319
1026.000000	194	160	0.775	0.325
1032.000000	194	160	0.762	0.327
1038.000000	194	170	0.747	0.328
1044.000000	194	170	0.724	0.345
1050.000000	194	170	0.702	0.365
1056.000000	194	170	0.667	0.386
1062.000000	194	170	0.620	0.415
1068.000000	194	170	0.548	0.452
1074.000000	170	194	0.502	0.460
1080.000000	170	160	0.566	0.341
1086.000000	170	160	0.616	0.338
1092.000000	170	160	0.684	0.325
1098.000000	170	160	0.742	0.307
1104.000000	170	160	0.778	0.284
1110.000000	170	183	0.804	0.266
1116.000000	170	183	0.829	0.274
1122.000000	170	61	0.846	0.289
1128.000000	170	61	0.858	0.298
1134.000000	170	61	0.859	0.305
1140.000000	170	61	0.860	0.315
1146.000000	170	61	0.860	0.324
1152.000000	170	61	0.863	0.327
1158.000000	170	61	0.872	0.329
1164.000000	170	183	0.883	0.331
1170.000000	170	183	0.885	0.335
1176.000000	170	183	0.891	0.339
1182.000000	170	183	0.897	0.343
1188.000000	170	183	0.898	0.346
1194.000000	170	183	0.899	0.351
1200.000000	170	183	0.904	0.357
1206.000000	170	183	0.904	0.360
1212.000000	170	183	0.904	0.364
1218.000000	170	183	0.903	0.368
1224.000000	170	183	0.908	0.370
1230.000000	170	183	0.908	0.370
1236.000000	170	183	0.908	0.370
1242.000000	170	183	0.909	0.374
1248.000000	170	183	0.914	0.374
1254.000000	170	183	0.916	0.376
1260.000000	170	183	0.919	0.378
1266.000000	170	183	0.924	0.374
1272.000000	170	183	0.929	0.363
1278.000000	170	183	0.930	0.351
1284.000000	170	183	0.930	0.341
1290.000000	170	183	0.930	0.326
1296.000000	170	183	0.930	0.306
1302.000000	170	183	0.930	0.284
1308.000000	170	183	0.930	0.261
1314.000000	170	183	0.930	0.242
1320.000000	170	54	0.930	0.234
1326.000000	170	54	0.929	0.236
1332.000000	170	54	0.928	0.241
1338.000000	170	54	0.924	0.243
1344.000000	170	54	0.920	0.246
1350.000000	170	54	0.918	0.242
1356.000000	170	54	0.915	0.237
1362.000000	170	54	0.913	0.239
1368.000000	170	54	0.910	0.236
1374.000000	170	54	0.906	0.235
1380.000000	170	54	0.901	0.236
1386.000000	170	54	0.894	0.232
1392.000000	170	54	0.888	0.229
1398.000000	170	54	0.878	0.225
1404.000000	170	54	0.868	0.218
1410.000000	170	54	0.854	0.210
1416.000000	170	54	0.845	0.201
1422.000000	170	85	0.836	0.204
1428.000000	170	85	0.822	0.224
1434.000000	170	85	0.807	0.247
1440.000000	170	85	0.784	0.271
1446.000000	170	85	0.764	0.292
1452.000000	170	85	0.734	0.323
1458.000000	170	85	0.693	0.363
1464.000000	170	85	0.643	0.403
1470.000000	170	85	0.564	0.447
1476.000000	85	170	0.505	0.437
1482.000000	85	170	0.575	0.271
1488.000000	85	41	0.652	0.200
1494.000000	85	41	0.720	0.203
1500.000000	85	41	0.753	0.207
1506.000000	85	41	0.768	0.212
1512.000000	85	41	0.787	0.219
1518.000000	85	41	0.794	0.229
1524.000000	85	41	0.800	0.232
1530.000000	85	41	0.811	0.229
1536.000000	85	41	0.821	0.228
1542.000000	85	41	0.831	0.227
1548.000000	85	41	0.836	0.225
1554.000000	85	41	0.839	0.219
1560.000000	85	41	0.839	0.219
1566.000000	85	41	0.845	0.220
1572.000000	85	41	0.850	0.220
1578.000000	85	41	0.857	0.219
1584.000000	85	41	0.863	0.223
1590.000000	85	41	0.867	0.225
1596.000000	85	41	0.868	0.226
1602.000000	85	41	0.869	0.220
1608.000000	85	41	0.867	0.209
1614.000000	85	41	0.869	0.203
1620.000000	85	41	0.875	0.201
1626.000000	85	41	0.880	0.196
1632.000000	85	41	0.882	0.180
1638.000000	85	153	0.885	0.172
1644.000000	85	153	0.892	0.173
1650.000000	85	153	0.896	0.177
1656.000000	85	153	0.897	0.181
1662.000000	85	82	0.902	0.186
1668.000000	85	153	0.904	0.190
1674.000000	85	153	0.908	0.200
1680.000000	85	153	0.910	0.207
1686.000000	85	153	0.913	0.215
1692.000000	85	153	0.914	0.227
1698.000000	85	153	0.915	0.237
1704.000000	85	153	0.914	0.245
1710.000000	85	153	0.915	0.247
1716.000000	85	153	0.917	0.251
1722.000000	85	153	0.916	0.258
1728.000000	85	153	0.916	0.256
1734.000000	85	153	0.913	0.255
1740.000000	85	153	0.908	0.259
1746.000000	85	153	0.903	0.261
1752.000000	85	153	0.900	0.258
1758.000000	85	153	0.896	0.257
1764.000000	85	153	0.891	0.251
1770.000000	85	153	0.886	0.248
1776.000000	85	153	0.884	0.244
1782.000000	85	153	0.882	0.236
1788.000000	85	153	0.880	0.233
1794.000000	85	153	0.877	0.226
1800.000000	85	153	0.868	0.223
1806.000000	85	82	0.858	0.221
1812.000000	85	82	0.847	0.219
1818.000000	85	82	0.840	0.222
1824.000000	85	82	0.831	0.226
1830.000000	85	82	0.819	0.233
1836.000000	85	82	0.807	0.242
1842.000000	85	82	0.786	0.249
1848.000000	85	82	0.762	0.254
1854.000000	85	82	0.726	0.261
1860.000000	85	82	0.681	0.272
1866.000000	85	82	0.620	0.282
1872.000000	85	82	0.532	0.289
1878.000000	85	82	0.422	0.299
1884.000000	82	85	0.319	0.281
1890.000000	82	117	0.341	0.255
1896.000000	82	117	0.346	0.263
1902.000000	82	117	0.353	0.268
1908.000000	82	117	0.363	0.277
1914.000000	82	117	0.368	0.297
1920.000000	82	117	0.371	0.316
1926.000000	82	117	0.373	0.327
1932.000000	82	117	0.376	0.337
1938.000000	82	117	0.381	0.341
1944.000000	82	117	0.380	0.344
1950.000000	82	117	0.377	0.348
1956.000000	82	117	0.368	0.356
1962.000000	117	82	0.362	0.362
1968.000000	117	82	0.371	0.359
1974.000000	117	82	0.375	0.356
1980.000000	117	82	0.377	0.355
1986.000000	117	82	0.375	0.342
1992.000000	117	82	0.377	0.327
1998.000000	117	11	0.387	0.311
2004.000000	117	11	0.400	0.315
2010.000000	117	11	0.411	0.322
2016.000000	117	11	0.415	0.330
2022.000000	117	11	0.416	0.343
2028.000000	117	11	0.418	0.358
2034.000000	117	11	0.424	0.376
2040.000000	117	11	0.428	0.394
2046.000000	117	11	0.428	0.411
2052.000000	117	11	0.428	0.423
2058.000000	11	117	0.446	0.427
2064.000000	11	117	0.478	0.425
2070.000000	11	117	0.503	0.422
2076.000000	11	117	0.522	0.423
2082.000000	11	117	0.546	0.424
2088.000000	11	117	0.565	0.430
2094.000000	11	117	0.598	0.435
2100.000000	11	117	0.634	0.431
2106.000000	11	117	0.660	0.428
2112.000000	11	117	0.675	0.426
2118.000000	11	117	0.693	0.427
2124.000000	11	117	0.722	0.422
2130.000000	11	117	0.740	0.419
2136.000000	11	117	0.758	0.414
2142.000000	11	117	0.773	0.402
2148.000000	11	117	0.798	0.377
2154.000000	11	117	0.811	0.359
2160.000000	11	117	0.817	0.340
2166.000000	11	117	0.821	0.328
2172.000000	11	117	0.830	0.311
2178.000000	11	117	0.841	0.288
2184.000000	11	4	0.851	0.303
2190.000000	11	4	0.859	0.318
2196.000000	11	4	0.864	0.329
2202.000000	11	4	0.868	0.340
2208.000000	11	4	0.870	0.346
2214.000000	11	4	0.874	0.355
2220.000000	11	4	0.878	0.364
2226.000000	11	4	0.880	0.370
2232.000000	11	4	0.883	0.387
2238.000000	11	4	0.883	0.401
2244.000000	11	4	0.880	0.421
2250.000000	11	4	0.879	0.440
2256.000000	11	4	0.879	0.459
2262.000000	11	4	0.875	0.479
2268.000000	11	4	0.870	0.498
2274.000000	11	4	0.867	0.512
2280.000000	11	4	0.863	0.524
2286.000000	11	4	0.862	0.546
2292.000000	11	4	0.859	0.564
2298.000000	11	4	0.858	0.577
2304.000000	11	4	0.853	0.590
2310.000000	11	4	0.846	0.600
2316.000000	11	4	0.838	0.611
2322.000000	11	4	0.829	0.624
2328.000000	11	4	0.819	0.643
2334.000000	11	4	0.813	0.662
2340.000000	11	4	0.806	0.677
2346.000000	11	4	0.792	0.704
2352.000000	11	4	0.776	0.729
2358.000000	4	11	0.757	0.755
2364.000000	4	11	0.772	0.731
2370.000000	4	11	0.787	0.694
2376.000000	4	11	0.802	0.644
2382.000000	4	11	0.819	0.574
2388.000000	4	11	0.848	0.464
2394.000000	4	100	0.882	0.472
2400.000000	4	100	0.906	0.515
2406.000000	4	100	0.919	0.562
2412.000000	4	100	0.925	0.586
2418.000000	4	100	0.923	0.606
2424.000000	4	100	0.918	0.622
2430.000000	4	100	0.913	0.640
2436.000000	4	100	0.909	0.645
2442.000000	4	100	0.904	0.648
2448.000000	4	100	0.903	0.649
2454.000000	4	100	0.901	0.652
2460.000000	4	100	0.899	0.653
2466.000000	4	100	0.894	0.655
2472.000000	4	100	0.891	0.659
2478.000000	4	100	0.885	0.666
2484.000000	4	100	0.881	0.667
2490.000000	4	100	0.877	0.669
2496.000000	4	100	0.869	0.670
2502.000000	4	100	0.862	0.668
2508.000000	4	100	0.848	0.676
2514.000000	4	100	0.833	0.680
2520.000000	4	100	0.825	0.681
2526.000000	4	100	0.812	0.684
2532.000000	4	100	0.799	0.686
2538.000000	4	100	0.789	0.686
2544.000000	4	100	0.781	0.684
2550.000000	4	100	0.761	0.693
2556.000000	4	100	0.735	0.702
2562.000000	100	4	0.717	0.702
2568.000000	100	4	0.736	0.659
2574.000000	100	4	0.748	0.609
2580.000000	100	4	0.759	0.550
2586.000000	100	4	0.781	0.460
2592.000000	100	4	0.804	0.335
2598.000000	100	4	0.837	0.182
2604.000000	100	57	0.864	0.140
2610.000000	100	57	0.880	0.142
2616.000000	100	57	0.893	0.143
2622.000000	100	57	0.901	0.145
2628.000000	100	57	0.900	0.152
2634.000000	100	57	0.898	0.158
2640.000000	100	57	0.898	0.159
2646.000000	100	140	0.898	0.155
2652.000000	100	140	0.897	0.163
2658.000000	100	140	0.894	0.172
2664.000000	100	140	0.890	0.178
2670.000000	100	140	0.886	0.185
2676.000000	100	140	0.887	0.191
2682.000000	100	140	0.886	0.194
2688.000000	100	140	0.884	0.200
2694.000000	100	140	0.885	0.207
2700.000000	100	140	0.886	0.214
2706.000000	100	140	0.883	0.222
2712.000000	100	140	0.875	0.232
2718.000000	100	140	0.871	0.242
2724.000000	100	140	0.865	0.252
2730.000000	100	140	0.855	0.262
2736.000000	100	140	0.845	0.274
2742.000000	100	140	0.835	0.284
2748.000000	100	140	0.829	0.291
2754.000000	100	140	0.821	0.296
2760.000000	100	140	0.814	0.303
2766.000000	100	140	0.805	0.312
2772.000000	100	140	0.797	0.315
2778.000000	100	140	0.786	0.316
2784.000000	100	30	0.769	0.333
2790.000000	100	30	0.753	0.360
2796.000000	100	30	0.734	0.382
2802.000000	100	30	0.704	0.403
2808.000000	100	30	0.663	0.430
2814.000000	100	30	0.601	0.476
2820.000000	30	100	0.523	0.515
2826.000000	30	100	0.571	0.392
2832.000000	30	140	0.639	0.338
2838.000000	30	140	0.712	0.331
2844.000000	30	140	0.765	0.320
2850.000000	30	51	0.783	0.314
2856.000000	30	51	0.800	0.344
2862.000000	30	51	0.806	0.376
2868.000000	30	51	0.814	0.408
2874.000000	30	51	0.819	0.427
2880.000000	30	51	0.820	0.436
2886.000000	30	51	0.825	0.449
2892.000000	30	51	0.826	0.462
2898.000000	30	51	0.833	0.472
2904.000000	30	51	0.840	0.484
2910.000000	30	51	0.845	0.492
2916.000000	30	51	0.847	0.500
2922.000000	30	51	0.845	0.514
2928.000000	30	51	0.842	0.525
2934.000000	30	51	0.838	0.533
2940.000000	30	51	0.831	0.548
2946.000000	30	51	0.827	0.564
2952.000000	30	51	0.823	0.577
2958.000000	30	51	0.819	0.576
2964.000000	30	51	0.816	0.572
2970.000000	30	51	0.813	0.571
2976.000000	30	51	0.809	0.575
2982.000000	30	51	0.798	0.582
2988.000000	30	51	0.787	0.588
2994.000000	30	51	0.778	0.599
3000.000000	30	51	0.770	0.611
3006.000000	30	51	0.766	0.614
3012.000000	30	51	0.756	0.618
3018.000000	30	51	0.740	0.623
3024.000000	30	51	0.721	0.624
3030.000000	30	51	0.707	0.624
3036.000000	30	51	0.694	0.617
3042.000000	30	172	0.670	0.627
3048.000000	172	30	0.646	0.641
3054.000000	172	51	0.658	0.624
3060.000000	172	51	0.675	0.631
3066.000000	172	51	0.694	0.635
3072.000000	172	51	0.714	0.642
3078.000000	172	51	0.750	0.644
3084.000000	172	51	0.789	0.655
3090.000000	172	51	0.821	0.656
3096.000000	172	51	0.843	0.662
3102.000000	172	51	0.857	0.652
3108.000000	172	51	0.858	0.643
3114.000000	172	51	0.857	0.639
3120.000000	172	51	0.860	0.628
3126.000000	172	51	0.858	0.618
3132.000000	172	51	0.855	0.605
3138.000000	172	51	0.855	0.588
3144.000000	172	51	0.853	0.566
3150.000000	172	51	0.859	0.541
3156.000000	172	51	0.862	0.513
3162.000000	172	51	0.861	0.476
3168.000000	172	51	0.860	0.442
3174.000000	172	51	0.860	0.400
3180.000000	172	51	0.864	0.343
3186.000000	172	51	0.872	0.256
3192.000000	172	51	0.877	0.175
3198.000000	172	90	0.882	0.165
3204.000000	172	90	0.890	0.171
3210.000000	172	90	0.895	0.174
3216.000000	172	90	0.899	0.181
3222.000000	172	90	0.901	0.186
3228.000000	172	90	0.907	0.191
3234.000000	172	90	0.907	0.203
3240.000000	172	90	0.907	0.222
3246.000000	172	90	0.905	0.229
3252.000000	172	90	0.902	0.238
3258.000000	172	83	0.900	0.253
3264.000000	172	83	0.896	0.263
3270.000000	172	83	0.894	0.274
3276.000000	172	83	0.890	0.288
3282.000000	172	83	0.884	0.302
3288.000000	172	83	0.874	0.318
3294.000000	172	83	0.862	0.344
3300.000000	172	83	0.851	0.367
3306.000000	172	83	0.836	0.388
3312.000000	172	83	0.829	0.403
3318.000000	172	83	0.818	0.423
3324.000000	172	83	0.807	0.446
3330.000000	172	83	0.789	0.479
3336.000000	172	83	0.768	0.515
3342.000000	172	83	0.737	0.552
3348.000000	172	83	0.691	0.600
3354.000000	172	83	0.638	0.635
3360.000000	83	172	0.675	0.571
3366.000000	83	172	0.713	0.495
3372.000000	83	172	0.752	0.373
3378.000000	83	90	0.801	0.292
3384.000000	83	90	0.845	0.291
3390.000000	83	90	0.865	0.282
3396.000000	83	90	0.878	0.278
3402.000000	83	90	0.888	0.280
3408.000000	83	90	0.899	0.283
3414.000000	83	90	0.901	0.286
3420.000000	83	90	0.901	0.288
3426.000000	83	90	0.900	0.287
3432.000000	83	90	0.900	0.283
3438.000000	83	90	0.902	0.275
3444.000000	83	90	0.902	0.266
3450.000000	83	90	0.902	0.258
3456.000000	83	82	0.902	0.254
3462.000000	83	82	0.905	0.262
3468.000000	83	82	0.909	0.264
3474.000000	83	82	0.909	0.268
3480.000000	83	82	0.908	0.275
3486.000000	83	82	0.907	0.281
3492.000000	83	82	0.907	0.286
3498.000000	83	82	0.906	0.291
3504.000000	83	82	0.907	0.298
3510.000000	83	82	0.910	0.307
3516.000000	83	82	0.909	0.315
3522.000000	83	82	0.909	0.317
3528.000000	83	82	0.908	0.318
3534.000000	83	82	0.908	0.322
3540.000000	83	82	0.907	0.317
3546.000000	83	82	0.904	0.314
3552.000000	83	82	0.902	0.311
3558.000000	83	82	0.901	0.308
3564.000000	83	82	0.900	0.304
3570.000000	83	82	0.898	0.302
3576.000000	83	82	0.894	0.299
3582.000000	83	82	0.889	0.295
3588.000000	83	82	0.887	0.288
3594.000000	83	82	0.885	0.282
3600.000000	83	82	0.886	0.271
3606.000000	83	82	0.886	0.258
3612.000000	83	82	0.884	0.248
3618.000000	83	82	0.881	0.237
3624.000000	83	47	0.877	0.227
3630.000000	83	47	0.873	0.223
3636.000000	83	47	0.866	0.223
3642.000000	83	47	0.859	0.226
3648.000000	83	47	0.852	0.224
3654.000000	83	47	0.847	0.220
3660.000000	83	47	0.843	0.209
3666.000000	83	47	0.839	0.198
3672.000000	83	7	0.832	0.185
3678.000000	83	7	0.825	0.195
3684.000000	83	7	0.815	0.199
3690.000000	83	7	0.807	0.203
3696.000000	83	7	0.794	0.207
3702.000000	83	7	0.774	0.211
3708.000000	83	7	0.750	0.215
3714.000000	83	7	0.721	0.218
3720.000000	83	7	0.681	0.227
3726.000000	83	7	0.622	0.245
3732.000000	83	7	0.546	0.269
3738.000000	83	7	0.437	0.291
3744.000000	7	83	0.316	0.281
3750.000000	7	84	0.352	0.275
3756.000000	7	84	0.387	0.289
3762.000000	7	112	0.414	0.329
3768.000000	7	112	0.440	0.356
3774.000000	7	112	0.464	0.377
3780.000000	7	112	0.482	0.400
3786.000000	7	112	0.489	0.423
3792.000000	7	112	0.491	0.426
3798.000000	7	112	0.495	0.431
3804.000000	7	112	0.494	0.439
3810.000000	7	112	0.493	0.445
3816.000000	7	112	0.484	0.456
3822.000000	7	112	0.478	0.464
3828.000000	7	112	0.475	0.469
3834.000000	7	112	0.477	0.471
3840.000000	112	7	0.478	0.473
3846.000000	112	7	0.487	0.473
3852.000000	112	7	0.498	0.478
3858.000000	112	7	0.509	0.478
3864.000000	112	7	0.513	0.473
3870.000000	112	7	0.520	0.469
3876.000000	112	7	0.522	0.464
3882.000000	112	84	0.525	0.468
3888.000000	112	84	0.533	0.473
3894.000000	112	84	0.540	0.485
3900.000000	112	84	0.549	0.496
3906.000000	112	84	0.561	0.505
3912.000000	112	84	0.577	0.521
3918.000000	112	84	0.599	0.532
3924.000000	112	84	0.613	0.541
3930.000000	112	84	0.627	0.553
3936.000000	112	84	0.638	0.562
3942.000000	112	84	0.651	0.570
3948.000000	112	84	0.665	0.574
3954.000000	112	84	0.676	0.575
3960.000000	112	84	0.687	0.580
3966.000000	112	84	0.700	0.589
3972.000000	112	84	0.705	0.603
3978.000000	112	84	0.714	0.612
3984.000000	112	84	0.730	0.628
3990.000000	112	84	0.742	0.636
3996.000000	112	84	0.758	0.642
4002.000000	112	84	0.766	0.643
4008.000000	112	84	0.775	0.635
4014.000000	112	84	0.781	0.627
4020.000000	112	84	0.784	0.627
4026.000000	112	84	0.794	0.618
4032.000000	112	84	0.800	0.612
4038.000000	112	84	0.809	0.604
4044.000000	112	84	0.811	0.591
4050.000000	112	84	0.812	0.575
4056.000000	112	84	0.812	0.559
4062.000000	112	84	0.814	0.546
4068.000000	112	84	0.819	0.531
4074.000000	112	84	0.820	0.511
4080.000000	112	84	0.822	0.482
4086.000000	112	84	0.826	0.435
4092.000000	112	84	0.835	0.383
4098.000000	112	140	0.841	0.356
4104.000000	112	140	0.849	0.399
4110.000000	112	140	0.851	0.450
4116.000000	112	140	0.852	0.507
4122.000000	112	140	0.850	0.556
4128.000000	112	140	0.846	0.613
4134.000000	112	140	0.836	0.680
4140.000000	112	140	0.828	0.729
4146.000000	112	140	0.818	0.757
4152.000000	112	140	0.800	0.779
4158.000000	140	112	0.796	0.780
4164.000000	140	112	0.813	0.761
4170.000000	140	112	0.826	0.736
4176.000000	140	112	0.836	0.712
4182.000000	140	112	0.844	0.680
4188.000000	140	112	0.864	0.633
4194.000000	140	112	0.884	0.580
4200.000000	140	112	0.894	0.522
4206.000000	140	112	0.905	0.442
4212.000000	140	112	0.913	0.340
4218.000000	140	112	0.924	0.229
4224.000000	140	119	0.940	0.108
4230.000000	140	119	0.954	0.106
4236.000000	140	119	0.955	0.093
4242.000000	140	56	0.954	0.098
4248.000000	140	56	0.953	0.104
4254.000000	140	56	0.951	0.107
4260.000000	140	56	0.952	0.112
4266.000000	140	56	0.951	0.114
4272.000000	140	100	0.949	0.118
4278.000000	140	199	0.947	0.123
4284.000000	140	199	0.945	0.127
4290.000000	140	56	0.941	0.130
4296.000000	140	56	0.938	0.137
4302.000000	140	56	0.937	0.143
4308.000000	140	56	0.933	0.146
4314.000000	140	56	0.929	0.150
4320.000000	140	56	0.925	0.154
4326.000000	140	100	0.922	0.159
4332.000000	140	100	0.920	0.170
4338.000000	140	100	0.915	0.182
4344.000000	140	100	0.910	0.190
4350.000000	140	100	0.905	0.197
4356.000000	140	100	0.900	0.210
4362.000000	140	100	0.896	0.225
4368.000000	140	100	0.890	0.236
4374.000000	140	100	0.884	0.242
4380.000000	140	100	0.879	0.248
4386.000000	140	100	0.876	0.251
4392.000000	140	100	0.872	0.256
4398.000000	140	100	0.866	0.267
4404.000000	140	100	0.857	0.277
4410.000000	140	100	0.844	0.288
4416.000000	140	100	0.833	0.300
4422.000000	140	100	0.820	0.317
4428.000000	140	100	0.806	0.326
4434.000000	140	100	0.785	0.333
4440.000000	140	100	0.760	0.339
4446.000000	140	100	0.738	0.352
4452.000000	140	100	0.713	0.370
4458.000000	140	100	0.679	0.391
4464.000000	140	100	0.625	0.418
4470.000000	140	100	0.553	0.441
4476.000000	100	140	0.475	0.444
4482.000000	100	8	0.514	0.376
4488.000000	100	8	0.561	0.399
4494.000000	100	8	0.587	0.415
4500.000000	100	51	0.605	0.445
4506.000000	100	51	0.615	0.467
4512.000000	100	51	0.630	0.486
4518.000000	100	51	0.642	0.496
4524.000000	100	51	0.649	0.507
4530.000000	100	51	0.656	0.512
4536.000000	100	51	0.662	0.516
4542.000000	100	51	0.667	0.523
4548.000000	100	51	0.670	0.528
4554.000000	100	51	0.674	0.534
4560.000000	100	51	0.674	0.541
4566.000000	100	51	0.676	0.543
4572.000000	100	51	0.675	0.546
4578.000000	100	51	0.675	0.549
4584.000000	100	51	0.673	0.548
4590.000000	100	51	0.670	0.548
4596.000000	100	51	0.672	0.549
4602.000000	100	51	0.680	0.544
4608.000000	100	51	0.681	0.543
4614.000000	100	51	0.681	0.542
4620.000000	100	51	0.686	0.545
4626.000000	100	51	0.689	0.551
4632.000000	100	51	0.689	0.554
4638.000000	100	51	0.688	0.561
4644.000000	100	51	0.691	0.573
4650.000000	100	51	0.695	0.579
4656.000000	100	51	0.696	0.585
4662.000000	100	51	0.697	0.597
4668.000000	100	51	0.700	0.605
4674.000000	100	51	0.714	0.607
4680.000000	100	51	0.718	0.616
4686.000000	100	51	0.731	0.626
4692.000000	100	51	0.735	0.629
4698.000000	100	51	0.736	0.632
4704.000000	100	51	0.729	0.642
4710.000000	100	51	0.720	0.658
4716.000000	100	51	0.722	0.654
4722.000000	100	51	0.718	0.650
4728.000000	100	51	0.710	0.655
4734.000000	100	51	0.699	0.654
4740.000000	100	51	0.684	0.653
4746.000000	100	51	0.666	0.655
4752.000000	100	51	0.652	0.650
4758.000000	51	100	0.647	0.628
4764.000000	51	100	0.649	0.598
4770.000000	51	100	0.650	0.567
4776.000000	51	100	0.646	0.525
4782.000000	51	100	0.640	0.477
4788.000000	51	169	0.634	0.418
4794.000000	51	169	0.622	0.456
4800.000000	51	169	0.602	0.494
4806.000000	51	169	0.577	0.534
4812.000000	169	51	0.587	0.553
4818.000000	169	51	0.642	0.523
4824.000000	169	51	0.711	0.475
4830.000000	169	51	0.758	0.436
4836.000000	169	51	0.792	0.386
4842.000000	169	51	0.819	0.338
4848.000000	169	80	0.841	0.285
4854.000000	169	80	0.861	0.269
4860.000000	169	80	0.881	0.257
4866.000000	169	80	0.895	0.243
4872.000000	169	80	0.911	0.232
4878.000000	169	175	0.913	0.241
4884.000000	169	175	0.916	0.253
4890.000000	169	175	0.927	0.268
4896.000000	169	175	0.935	0.279
4902.000000	169	175	0.935	0.292
4908.000000	169	175	0.934	0.295
4914.000000	169	175	0.933	0.296
4920.000000	169	175	0.932	0.302
4926.000000	169	175	0.932	0.308
4932.000000	169	175	0.933	0.313
4938.000000	169	175	0.932	0.320
4944.000000	169	175	0.931	0.329
4950.000000	169	175	0.931	0.331
4956.000000	169	175	0.930	0.333
4962.000000	169	175	0.928	0.339
4968.000000	169	175	0.925	0.345
4974.000000	169	175	0.917	0.346
4980.000000	169	175	0.911	0.349
4986.000000	169	175	0.907	0.353
4992.000000	169	175	0.903	0.355
4998.000000	169	175	0.900	0.351
5004.000000	169	175	0.894	0.347
5010.000000	169	175	0.888	0.337
5016.000000	169	175	0.883	0.326
5022.000000	169	175	0.877	0.323
5028.000000	169	175	0.872	0.319
5034.000000	169	175	0.865	0.308
5040.000000	169	27	0.854	0.297
5046.000000	169	27	0.848	0.309
5052.000000	169	27	0.840	0.314
5058.000000	169	27	0.834	0.319
5064.000000	169	27	0.831	0.335
5070.000000	169	27	0.826	0.351
5076.000000	169	27	0.816	0.367
5082.000000	169	27	0.802	0.392
5088.000000	169	27	0.788	0.423
5094.000000	169	27	0.773	0.464
5100.000000	169	27	0.748	0.500
5106.000000	169	27	0.705	0.543
5112.000000	169	27	0.666	0.571
5118.000000	27	169	0.607	0.601
5124.000000	27	169	0.665	0.493
5130.000000	27	169	0.715	0.338
5136.000000	27	64	0.759	0.168
5142.000000	27	64	0.801	0.175
5148.000000	27	64	0.831	0.189
5154.000000	27	64	0.850	0.205
5160.000000	27	64	0.862	0.224
5166.000000	27	64	0.870	0.243
5172.000000	27	64	0.880	0.263
5178.000000	27	64	0.881	0.282
5184.000000	27	64	0.883	0.303
5190.000000	27	64	0.888	0.327
5196.000000	27	64	0.893	0.350
5202.000000	27	64	0.897	0.370
5208.000000	27	64	0.900	0.390
5214.000000	27	64	0.900	0.413
5220.000000	27	64	0.904	0.431
5226.000000	27	64	0.906	0.452
5232.000000	27	64	0.906	0.473
5238.000000	27	64	0.904	0.491
5244.000000	27	64	0.903	0.503
5250.000000	27	64	0.902	0.512
5256.000000	27	64	0.902	0.522
5262.000000	27	64	0.904	0.534
5268.000000	27	64	0.905	0.553
5274.000000	27	64	0.905	0.572
5280.000000	27	64	0.905	0.589
5286.000000	27	64	0.905	0.602
5292.000000	27	64	0.906	0.612
5298.000000	27	64	0.907	0.629
5304.000000	27	64	0.908	0.650
5310.000000	27	64	0.909	0.673
5316.000000	27	64	0.909	0.696
5322.000000	27	64	0.904	0.716
5328.000000	27	64	0.903	0.727
5334.000000	27	64	0.902	0.735
5340.000000	27	64	0.905	0.741
5346.000000	27	64	0.905	0.749
5352.000000	27	64	0.902	0.755
5358.000000	27	64	0.894	0.765
5364.000000	27	64	0.888	0.772
5370.000000	27	64	0.885	0.776
5376.000000	27	64	0.881	0.785
5382.000000	27	64	0.870	0.800
5388.000000	27	64	0.855	0.815
5394.000000	27	64	0.838	0.827
5400.000000	64	27	0.837	0.820
5406.000000	64	27	0.856	0.783
5412.000000	64	27	0.879	0.735
5418.000000	64	27	0.897	0.679
5424.000000	64	27	0.912	0.610
5430.000000	64	27	0.925	0.512
5436.000000	64	27	0.947	0.343
5442.000000	64	27	0.958	0.146
5448.000000	64	9	0.969	0.092
5454.000000	64	9	0.975	0.092
5460.000000	64	9	0.977	0.097
5466.000000	64	9	0.977	0.103
5472.000000	64	9	0.976	0.109
5478.000000	64	9	0.974	0.116
5484.000000	64	9	0.971	0.120
5490.000000	64	9	0.969	0.123
5496.000000	64	9	0.968	0.126
5502.000000	64	9	0.966	0.128
5508.000000	64	9	0.964	0.126
5514.000000	64	9	0.963	0.123
5520.000000	64	184	0.962	0.125
5526.000000	64	184	0.960	0.134
5532.000000	64	184	0.958	0.143
5538.000000	64	184	0.956	0.150
5544.000000	64	184	0.952	0.160
5550.000000	64	184	0.948	0.167
5556.000000	64	184	0.944	0.173
5562.000000	64	184	0.938	0.182
5568.000000	64	184	0.933	0.193
5574.000000	64	184	0.928	0.207
5580.000000	64	184	0.920	0.224
5586.000000	64	184	0.911	0.237
5592.000000	64	184	0.899	0.254
5598.000000	64	184	0.883	0.274
5604.000000	64	184	0.865	0.303
5610.000000	64	184	0.848	0.333
5616.000000	64	184	0.824	0.356
5622.000000	64	184	0.796	0.387
5628.000000	64	184	0.764	0.423
5634.000000	64	184	0.716	0.469
5640.000000	64	184	0.646	0.528
5646.000000	184	64	0.595	0.558
5652.000000	184	64	0.679	0.418
5658.000000	184	64	0.758	0.260
5664.000000	184	129	0.810	0.182
5670.000000	184	129	0.857	0.184
5676.000000	184	129	0.877	0.188
5682.000000	184	129	0.889	0.186
5688.000000	184	126	0.902	0.185
5694.000000	184	126	0.903	0.193
5700.000000	184	126	0.904	0.203
5706.000000	184	126	0.901	0.211
5712.000000	184	126	0.898	0.219
5718.000000	184	126	0.896	0.219
5724.000000	184	126	0.895	0.220
5730.000000	184	126	0.898	0.220
5736.000000	184	126	0.899	0.219
5742.000000	184	172	0.898	0.218
5748.000000	184	172	0.896	0.230
5754.000000	184	172	0.895	0.246
5760.000000	184	172	0.897	0.265
5766.000000	184	172	0.896	0.281
5772.000000	184	172	0.893	0.295
5778.000000	184	172	0.893	0.306
5784.000000	184	172	0.894	0.321
5790.000000	184	172	0.893	0.342
5796.000000	184	172	0.891	0.351
5802.000000	184	172	0.891	0.357
5808.000000	184	172	0.890	0.367
5814.000000	184	172	0.890	0.380
5820.000000	184	172	0.890	0.396
5826.000000	184	172	0.891	0.411
5832.000000	184	172	0.890	0.429
5838.000000	184	172	0.890	0.447
5844.000000	184	172	0.889	0.458
5850.000000	184	172	0.885	0.465
5856.000000	184	172	0.884	0.477
5862.000000	184	172	0.886	0.493
5868.000000	184	172	0.886	0.509
5874.000000	184	172	0.883	0.524
5880.000000	184	172	0.872	0.545
5886.000000	184	172	0.867	0.558
5892.000000	184	172	0.859	0.572
5898.000000	184	172	0.840	0.602
5904.000000	184	172	0.827	0.629
5910.000000	184	172	0.806	0.658
5916.000000	184	172	0.784	0.687
5922.000000	184	172	0.765	0.710
5928.000000	184	172	0.738	0.738
5934.000000	172	184	0.769	0.706
5940.000000	172	184	0.800	0.656
5946.000000	172	184	0.823	0.597
5952.000000	172	184	0.842	0.521
5958.000000	172	184	0.873	0.401
5964.000000	172	184	0.893	0.243
5970.000000	172	83	0.926	0.106
5976.000000	172	83	0.950	0.120
5982.000000	172	83	0.958	0.129
5988.000000	172	83	0.959	0.142
5994.000000	172	83	0.957	0.156
6000.000000	172	83	0.954	0.167
6006.000000	172	83	0.952	0.185
6012.000000	172	83	0.950	0.196
6018.000000	172	83	0.948	0.208
6024.000000	172	83	0.946	0.226
6030.000000	172	83	0.942	0.247
6036.000000	172	83	0.944	0.264
6042.000000	172	83	0.944	0.282
6048.000000	172	83	0.942	0.300
6054.000000	172	83	0.940	0.315
6060.000000	172	83	0.938	0.332
6066.000000	172	83	0.933	0.359
6072.000000	172	83	0.930	0.382
6078.000000	172	83	0.925	0.409
6084.000000	172	83	0.918	0.440
6090.000000	172	83	0.913	0.459
6096.000000	172	83	0.910	0.478
6102.000000	172	83	0.904	0.498
6108.000000	172	83	0.893	0.518
6114.000000	172	83	0.885	0.541
6120.000000	172	83	0.876	0.569
6126.000000	172	83	0.870	0.597
6132.000000	172	83	0.861	0.618
6138.000000	172	83	0.849	0.643
6144.000000	172	83	0.836	0.656
6150.000000	172	83	0.818	0.672
6156.000000	172	83	0.789	0.699
6162.000000	172	83	0.750	0.731
6168.000000	83	172	0.759	0.708
6174.000000	83	172	0.784	0.671
6180.000000	83	172	0.818	0.613
6186.000000	83	172	0.845	0.530
6192.000000	83	172	0.873	0.409
6198.000000	83	172	0.895	0.254
6204.000000	83	143	0.918	0.257
6210.000000	83	143	0.928	0.274
6216.000000	83	143	0.929	0.293
6222.000000	83	143	0.938	0.309
6228.000000	83	143	0.945	0.326
6234.000000	83	143	0.947	0.344
6240.000000	83	143	0.947	0.374
6246.000000	83	143	0.946	0.403
6252.000000	83	143	0.946	0.431
6258.000000	83	143	0.947	0.454
6264.000000	83	143	0.946	0.477
6270.000000	83	143	0.944	0.504
6276.000000	83	143	0.940	0.527
6282.000000	83	143	0.937	0.541
6288.000000	83	143	0.933	0.555
6294.000000	83	143	0.931	0.567
6300.000000	83	143	0.925	0.584
6306.000000	83	143	0.923	0.598
6312.000000	83	143	0.918	0.615
6318.000000	83	143	0.914	0.629
6324.000000	83	143	0.910	0.648
6330.000000	83	143	0.906	0.671
6336.000000	83	143	0.903	0.686
6342.000000	83	143	0.897	0.704
6348.000000	83	143	0.884	0.724
6354.000000	83	143	0.877	0.733
6360.000000	83	143	0.866	0.753
6366.000000	83	143	0.855	0.769
6372.000000	83	143	0.845	0.778
6378.000000	83	143	0.830	0.785
6384.000000	83	143	0.808	0.798
6390.000000	143	83	0.814	0.780
6396.000000	143	83	0.821	0.764
6402.000000	143	83	0.829	0.745
6408.000000	143	83	0.843	0.712
6414.000000	143	83	0.868	0.657
6420.000000	143	83	0.888	0.596
6426.000000	143	83	0.897	0.523
6432.000000	143	83	0.913	0.406
6438.000000	143	83	0.938	0.201
6444.000000	143	164	0.957	0.119
6450.000000	143	164	0.965	0.122
6456.000000	143	164	0.965	0.128
6462.000000	143	164	0.964	0.133
6468.000000	143	164	0.964	0.136
6474.000000	143	164	0.964	0.146
6480.000000	143	164	0.962	0.153
6486.000000	143	110	0.960	0.168
6492.000000	143	110	0.959	0.184
6498.000000	143	110	0.956	0.204
6504.000000	143	110	0.954	0.225
6510.000000	143	110	0.950	0.248
6516.000000	143	110	0.945	0.273
6522.000000	143	110	0.940	0.294
6528.000000	143	110	0.935	0.312
6534.000000	143	110	0.931	0.329
6540.000000	143	110	0.926	0.347
6546.000000	143	110	0.918	0.366
6552.000000	143	110	0.914	0.380
6558.000000	143	110	0.910	0.397
6564.000000	143	110	0.906	0.411
6570.000000	143	110	0.899	0.430
6576.000000	143	110	0.890	0.457
6582.000000	143	110	0.879	0.488
6588.000000	143	110	0.863	0.518
6594.000000	143	110	0.840	0.550
6600.000000	143	110	0.824	0.578
6606.000000	143	110	0.809	0.609
6612.000000	143	110	0.785	0.637
6618.000000	143	110	0.746	0.666
6624.000000	110	143	0.705	0.688
6630.000000	110	143	0.735	0.608
6636.000000	110	143	0.775	0.492
6642.000000	110	143	0.820	0.353
6648.000000	110	75	0.854	0.196
6654.000000	110	170	0.890	0.202
6660.000000	110	170	0.914	0.209
6666.000000	110	170	0.917	0.220
6672.000000	110	170	0.925	0.227
6678.000000	110	170	0.924	0.232
6684.000000	110	170	0.922	0.236
6690.000000	110	170	0.921	0.241
6696.000000	110	170	0.922	0.245
6702.000000	110	170	0.923	0.247
6708.000000	110	170	0.919	0.255
6714.000000	110	170	0.915	0.260
6720.000000	110	170	0.913	0.265
6726.000000	110	170	0.911	0.268
6732.000000	110	170	0.910	0.273
6738.000000	110	170	0.910	0.278
6744.000000	110	170	0.909	0.280
6750.000000	110	170	0.908	0.281
6756.000000	110	170	0.907	0.281
6762.000000	110	170	0.906	0.280
6768.000000	110	170	0.906	0.278
6774.000000	110	170	0.907	0.275
6780.000000	110	170	0.912	0.265
6786.000000	110	170	0.914	0.256
6792.000000	110	170	0.917	0.245
6798.000000	110	170	0.920	0.232
6804.000000	110	170	0.921	0.216
6810.000000	110	165	0.924	0.199
6816.000000	110	165	0.927	0.207
6822.000000	110	165	0.930	0.211
6828.000000	110	165	0.932	0.213
6834.000000	110	165	0.936	0.221
6840.000000	110	165	0.938	0.228
6846.000000	110	165	0.941	0.230
6852.000000	110	165	0.944	0.229
6858.000000	110	165	0.947	0.228
6864.000000	110	165	0.951	0.224
6870.000000	110	165	0.955	0.220
6876.000000	110	165	0.958	0.214
6882.000000	110	165	0.960	0.208
6888.000000	110	165	0.962	0.203
6894.000000	110	165	0.963	0.198
6900.000000	110	165	0.963	0.190
6906.000000	110	165	0.962	0.180
6912.000000	110	165	0.962	0.171
6918.000000	110	165	0.963	0.163
6924.000000	110	165	0.963	0.155
6930.000000	110	165	0.963	0.145
6936.000000	110	165	0.963	0.137
6942.000000	110	165	0.965	0.129
6948.000000	110	165	0.967	0.114
6954.000000	110	165	0.967	0.101
6960.000000	110	165	0.966	0.089
6966.000000	110	165	0.965	0.075
6972.000000	110	165	0.965	0.064
6978.000000	110	165	0.966	0.058
6984.000000	110	149	0.966	0.056
6990.000000	110	149	0.965	0.055
6996.000000	110	149	0.964	0.055
7002.000000	110	149	0.963	0.055
7008.000000	110	149	0.963	0.055
7014.000000	110	149	0.963	0.057
7020.000000	110	149	0.963	0.057
7026.000000	110	149	0.963	0.056
7032.000000	110	149	0.962	0.055
7038.000000	110	149	0.961	0.053
7044.000000	110	149	0.960	0.048
7050.000000	110	180	0.961	0.044
7056.000000	110	180	0.961	0.043
7062.000000	110	180	0.961	0.042
7068.000000	110	180	0.961	0.043
7074.000000	110	180	0.962	0.043
7080.000000	110	180	0.962	0.043
7086.000000	110	180	0.962	0.043
7092.000000	110	180	0.962	0.043
7098.000000	110	180	0.962	0.043
7104.000000	110	180	0.961	0.041
7110.000000	110	85	0.961	0.041
7116.000000	110	85	0.959	0.040
7122.000000	110	85	0.958	0.039
7128.000000	110	85	0.957	0.038
7134.000000	110	85	0.956	0.038
7140.000000	110	85	0.953	0.038
7146.000000	110	85	0.949	0.036
7152.000000	110	85	0.946	0.035
7158.000000	110	85	0.945	0.035
7164.000000	110	85	0.944	0.034
7170.000000	110	85	0.942	0.034
7176.000000	110	85	0.941	0.034
7182.000000	110	85	0.939	0.035
7188.000000	110	85	0.938	0.035
7194.000000	110	85	0.936	0.035
7200.000000	110	85	0.932	0.035
7206.000000	110	85	0.927	0.035
7212.000000	110	85	0.924	0.035
7218.000000	110	85	0.920	0.035
7224.000000	110	85	0.916	0.035
7230.000000	110	85	0.909	0.035
7236.000000	110	85	0.902	0.035
7242.000000	110	85	0.895	0.035
7248.000000	110	85	0.887	0.034
7254.000000	110	85	0.881	0.033
7260.000000	110	180	0.873	0.034
7266.000000	110	180	0.859	0.036
7272.000000	110	180	0.838	0.038
7278.000000	110	180	0.807	0.039
7284.000000	110	180	0.760	0.040
7290.000000	110	180	0.675	0.039
7296.000000	110	180	0.508	0.040
7302.000000	110	180	0.153	0.021
7308.000000	180	38	0.005	0.004
