0.000000	125	102	0.000	0.000
6.000000	160	13	0.992	0.047
12.000000	160	13	0.992	0.048
18.000000	160	13	0.992	0.049
24.000000	160	13	0.991	0.050
30.000000	160	13	0.990	0.051
36.000000	160	13	0.989	0.052
42.000000	160	13	0.988	0.057
48.000000	160	13	0.987	0.062
54.000000	160	13	0.985	0.066
60.000000	160	13	0.983	0.067
66.000000	160	13	0.980	0.070
72.000000	160	13	0.979	0.075
78.000000	160	13	0.977	0.079
84.000000	160	13	0.974	0.083
90.000000	160	13	0.972	0.088
96.000000	160	174	0.970	0.095
102.000000	160	174	0.967	0.105
108.000000	160	174	0.965	0.116
114.000000	160	174	0.962	0.131
120.000000	160	174	0.959	0.148
126.000000	160	174	0.956	0.164
132.000000	160	174	0.952	0.178
138.000000	160	174	0.949	0.197
144.000000	160	174	0.946	0.216
150.000000	160	174	0.943	0.234
156.000000	160	174	0.940	0.254
162.000000	160	174	0.938	0.276
168.000000	160	174	0.935	0.292
174.000000	160	174	0.933	0.307
180.000000	160	174	0.931	0.324
186.000000	160	174	0.928	0.336
192.000000	160	174	0.926	0.348
198.000000	160	174	0.923	0.358
204.000000	160	174	0.920	0.368
210.000000	160	174	0.915	0.381
216.000000	160	174	0.914	0.393
222.000000	160	174	0.911	0.409
228.000000	160	174	0.908	0.430
234.000000	160	174	0.907	0.448
240.000000	160	174	0.905	0.464
246.000000	160	174	0.899	0.485
252.000000	160	174	0.893	0.507
258.000000	160	174	0.888	0.524
264.000000	160	174	0.881	0.546
270.000000	160	174	0.876	0.561
276.000000	160	174	0.872	0.576
282.000000	160	174	0.867	0.596
288.000000	160	174	0.857	0.618
294.000000	160	174	0.841	0.643
300.000000	160	174	0.815	0.685
306.000000	160	174	0.794	0.711
312.000000	160	174	0.768	0.730
318.000000	174	160	0.764	0.734
324.000000	174	160	0.799	0.692
330.000000	174	160	0.819	0.656
336.000000	174	160	0.849	0.591
342.000000	174	160	0.884	0.509
348.000000	174	160	0.909	0.393
354.000000	174	160	0.928	0.225
360.000000	174	2	0.938	0.174
366.000000	174	2	0.941	0.197
372.000000	174	2	0.943	0.220
378.000000	174	2	0.946	0.238
384.000000	174	2	0.946	0.254
390.000000	174	2	0.943	0.271
396.000000	174	2	0.940	0.291
402.000000	174	2	0.937	0.312
408.000000	174	2	0.933	0.331
414.000000	174	2	0.930	0.347
420.000000	174	2	0.930	0.368
426.000000	174	2	0.926	0.396
432.000000	174	2	0.921	0.423
438.000000	174	2	0.916	0.442
444.000000	174	2	0.909	0.454
450.000000	174	2	0.902	0.468
456.000000	174	2	0.896	0.477
462.000000	174	2	0.891	0.491
468.000000	174	2	0.883	0.502
474.000000	174	2	0.875	0.511
480.000000	174	2	0.870	0.518
486.000000	174	2	0.859	0.533
492.000000	174	2	0.847	0.546
498.000000	174	2	0.833	0.561
504.000000	174	2	0.819	0.577
510.000000	174	2	0.805	0.597
516.000000	174	2	0.784	0.625
522.000000	174	2	0.756	0.653
528.000000	174	2	0.728	0.679
534.000000	174	2	0.703	0.702
540.000000	2	174	0.725	0.667
546.000000	2	174	0.755	0.615
552.000000	2	174	0.772	0.567
558.000000	2	174	0.791	0.500
564.000000	2	174	0.814	0.421
570.000000	2	174	0.837	0.319
576.000000	2	42	0.862	0.269
582.000000	2	42	0.881	0.284
588.000000	2	42	0.892	0.293
594.000000	2	42	0.893	0.302
600.000000	2	42	0.904	0.303
606.000000	2	42	0.903	0.312
612.000000	2	42	0.896	0.332
618.000000	2	42	0.886	0.354
624.000000	2	42	0.881	0.369
630.000000	2	42	0.877	0.379
636.000000	2	42	0.876	0.381
642.000000	2	42	0.878	0.381
648.000000	2	42	0.875	0.386
654.000000	2	42	0.871	0.396
660.000000	2	42	0.869	0.402
666.000000	2	42	0.865	0.403
672.000000	2	42	0.862	0.404
678.000000	2	42	0.861	0.403
684.000000	2	42	0.859	0.402
690.000000	2	42	0.856	0.403
696.000000	2	42	0.853	0.403
702.000000	2	42	0.852	0.403
708.000000	2	42	0.846	0.407
714.000000	2	42	0.841	0.405
720.000000	2	42	0.838	0.404
726.000000	2	42	0.836	0.405
732.000000	2	42	0.830	0.403
738.000000	2	42	0.822	0.405
744.000000	2	42	0.816	0.408
750.000000	2	42	0.809	0.411
756.000000	2	42	0.800	0.407
762.000000	2	42	0.788	0.395
768.000000	2	42	0.775	0.389
774.000000	2	42	0.756	0.377
780.000000	2	42	0.737	0.355
786.000000	2	42	0.713	0.332
792.000000	2	42	0.685	0.302
798.000000	2	27	0.641	0.303
804.000000	2	27	0.575	0.340
810.000000	2	27	0.511	0.375
816.000000	27	2	0.421	0.414
822.000000	27	2	0.482	0.275
828.000000	27	121	0.538	0.207
834.000000	27	121	0.579	0.201
840.000000	27	121	0.620	0.184
846.000000	27	155	0.659	0.189
852.000000	27	155	0.677	0.215
858.000000	27	155	0.698	0.226
864.000000	27	155	0.715	0.240
870.000000	27	155	0.728	0.249
876.000000	27	155	0.741	0.251
882.000000	27	155	0.762	0.254
888.000000	27	155	0.772	0.257
894.000000	27	155	0.778	0.259
900.000000	27	155	0.784	0.266
906.000000	27	155	0.787	0.271
912.000000	27	155	0.791	0.275
918.000000	27	155	0.802	0.280
924.000000	27	155	0.806	0.281
930.000000	27	155	0.811	0.280
936.000000	27	155	0.815	0.285
942.000000	27	155	0.818	0.299
948.000000	27	155	0.819	0.309
954.000000	27	155	0.822	0.320
960.000000	27	155	0.828	0.326
966.000000	27	155	0.834	0.326
972.000000	27	155	0.841	0.327
978.000000	27	155	0.840	0.331
984.000000	27	155	0.844	0.327
990.000000	27	155	0.843	0.324
996.000000	27	155	0.844	0.330
1002.000000	27	155	0.845	0.336
1008.000000	27	155	0.846	0.331
1014.000000	27	155	0.850	0.327
1020.000000	27	155	0.855	0.330
1026.000000	27	155	0.858	0.330
1032.000000	27	155	0.859	0.326
1038.000000	27	155	0.858	0.326
1044.000000	27	155	0.857	0.334
1050.000000	27	155	0.853	0.345
1056.000000	27	155	0.852	0.347
1062.000000	27	155	0.852	0.349
1068.000000	27	155	0.853	0.353
1074.000000	27	155	0.853	0.357
1080.000000	27	155	0.849	0.357
1086.000000	27	155	0.844	0.351
1092.000000	27	155	0.839	0.348
1098.000000	27	155	0.834	0.347
1104.000000	27	155	0.831	0.347
1110.000000	27	155	0.827	0.348
1116.000000	27	155	0.819	0.346
1122.000000	27	155	0.810	0.343
1128.000000	27	155	0.797	0.342
1134.000000	27	155	0.783	0.339
1140.000000	27	155	0.767	0.330
1146.000000	27	155	0.757	0.327
1152.000000	27	81	0.745	0.336
1158.000000	27	81	0.733	0.346
1164.000000	27	81	0.712	0.360
1170.000000	27	81	0.675	0.376
1176.000000	27	81	0.634	0.399
1182.000000	27	81	0.589	0.419
1188.000000	27	81	0.536	0.454
1194.000000	81	27	0.503	0.450
1200.000000	81	27	0.557	0.310
1206.000000	81	125	0.601	0.295
1212.000000	81	125	0.660	0.289
1218.000000	81	70	0.704	0.292
1224.000000	81	70	0.734	0.310
1230.000000	81	70	0.747	0.328
1236.000000	81	70	0.771	0.350
1242.000000	81	70	0.782	0.367
1248.000000	81	70	0.786	0.382
1254.000000	81	70	0.796	0.391
1260.000000	81	70	0.810	0.391
1266.000000	81	70	0.816	0.390
1272.000000	81	70	0.821	0.390
1278.000000	81	67	0.825	0.395
1284.000000	81	67	0.828	0.405
1290.000000	81	67	0.829	0.420
1296.000000	81	67	0.833	0.428
1302.000000	81	67	0.839	0.437
1308.000000	81	67	0.843	0.442
1314.000000	81	67	0.847	0.450
1320.000000	81	67	0.849	0.460
1326.000000	81	67	0.854	0.462
1332.000000	81	67	0.861	0.467
1338.000000	81	67	0.865	0.470
1344.000000	81	67	0.869	0.480
1350.000000	81	67	0.868	0.490
1356.000000	81	67	0.871	0.500
1362.000000	81	67	0.873	0.511
1368.000000	81	67	0.870	0.523
1374.000000	81	67	0.866	0.533
1380.000000	81	67	0.865	0.543
1386.000000	81	67	0.863	0.557
1392.000000	81	67	0.861	0.576
1398.000000	81	67	0.853	0.595
1404.000000	81	67	0.849	0.603
1410.000000	81	67	0.846	0.606
1416.000000	81	67	0.843	0.611
1422.000000	81	67	0.842	0.614
1428.000000	81	67	0.841	0.619
1434.000000	81	67	0.839	0.627
1440.000000	81	67	0.832	0.636
1446.000000	81	67	0.818	0.652
1452.000000	81	67	0.815	0.659
1458.000000	81	67	0.808	0.672
1464.000000	81	67	0.796	0.684
1470.000000	81	67	0.786	0.694
1476.000000	81	67	0.764	0.710
1482.000000	81	67	0.742	0.725
1488.000000	67	81	0.742	0.714
1494.000000	67	81	0.755	0.678
1500.000000	67	81	0.768	0.629
1506.000000	67	81	0.784	0.555
1512.000000	67	81	0.817	0.441
1518.000000	67	81	0.856	0.283
1524.000000	67	22	0.878	0.195
1530.000000	67	22	0.887	0.212
1536.000000	67	22	0.901	0.234
1542.000000	67	22	0.915	0.255
1548.000000	67	22	0.916	0.275
1554.000000	67	22	0.914	0.300
1560.000000	67	22	0.911	0.324
1566.000000	67	22	0.907	0.360
1572.000000	67	22	0.905	0.398
1578.000000	67	22	0.906	0.431
1584.000000	67	22	0.904	0.459
1590.000000	67	22	0.900	0.477
1596.000000	67	22	0.896	0.500
1602.000000	67	22	0.890	0.526
1608.000000	67	22	0.883	0.544
1614.000000	67	22	0.876	0.557
1620.000000	67	22	0.870	0.563
1626.000000	67	22	0.861	0.576
1632.000000	67	22	0.853	0.590
1638.000000	67	22	0.846	0.599
1644.000000	67	22	0.837	0.605
1650.000000	67	22	0.826	0.611
1656.000000	67	22	0.812	0.625
1662.000000	67	22	0.796	0.645
1668.000000	67	22	0.784	0.661
1674.000000	67	22	0.766	0.681
1680.000000	67	22	0.749	0.696
1686.000000	22	67	0.724	0.722
1692.000000	22	67	0.752	0.688
1698.000000	22	67	0.770	0.645
1704.000000	22	67	0.796	0.594
1710.000000	22	67	0.820	0.514
1716.000000	22	67	0.846	0.385
1722.000000	22	86	0.881	0.349
1728.000000	22	86	0.911	0.365
1734.000000	22	86	0.920	0.386
1740.000000	22	86	0.927	0.404
1746.000000	22	86	0.926	0.417
1752.000000	22	86	0.924	0.420
1758.000000	22	86	0.921	0.420
1764.000000	22	86	0.912	0.425
1770.000000	22	86	0.909	0.424
1776.000000	22	86	0.906	0.426
1782.000000	22	86	0.900	0.432
1788.000000	22	86	0.894	0.439
1794.000000	22	86	0.889	0.447
1800.000000	22	86	0.884	0.448
1806.000000	22	86	0.878	0.447
1812.000000	22	86	0.873	0.447
1818.000000	22	86	0.869	0.440
1824.000000	22	86	0.863	0.437
1830.000000	22	86	0.855	0.431
1836.000000	22	86	0.846	0.420
1842.000000	22	86	0.837	0.413
1848.000000	22	86	0.829	0.409
1854.000000	22	86	0.822	0.402
1860.000000	22	86	0.813	0.396
1866.000000	22	86	0.805	0.390
1872.000000	22	86	0.797	0.378
1878.000000	22	86	0.788	0.358
1884.000000	22	86	0.778	0.339
1890.000000	22	86	0.769	0.315
1896.000000	22	86	0.757	0.287
1902.000000	22	86	0.744	0.250
1908.000000	22	86	0.735	0.206
1914.000000	22	86	0.726	0.163
1920.000000	22	0	0.712	0.159
1926.000000	22	20	0.695	0.168
1932.000000	22	20	0.672	0.182
1938.000000	22	20	0.639	0.194
1944.000000	22	20	0.592	0.211
1950.000000	22	20	0.537	0.230
1956.000000	22	20	0.447	0.249
1962.000000	22	20	0.315	0.270
1968.000000	20	112	0.291	0.225
1974.000000	20	112	0.315	0.247
1980.000000	20	112	0.336	0.272
1986.000000	20	112	0.368	0.292
1992.000000	20	112	0.411	0.319
1998.000000	20	112	0.454	0.357
2004.000000	20	112	0.489	0.395
2010.000000	20	112	0.512	0.428
2016.000000	20	112	0.534	0.444
2022.000000	20	112	0.545	0.455
2028.000000	20	112	0.559	0.470
2034.000000	20	112	0.572	0.483
2040.000000	20	112	0.583	0.487
2046.000000	20	112	0.591	0.492
2052.000000	20	112	0.594	0.500
2058.000000	20	112	0.605	0.507
2064.000000	20	112	0.619	0.512
2070.000000	20	112	0.628	0.520
2076.000000	20	112	0.633	0.534
2082.000000	20	112	0.637	0.541
2088.000000	20	112	0.643	0.548
2094.000000	20	112	0.646	0.555
2100.000000	20	112	0.646	0.561
2106.000000	20	112	0.647	0.566
2112.000000	20	112	0.654	0.568
2118.000000	20	112	0.667	0.564
2124.000000	20	112	0.672	0.567
2130.000000	20	112	0.674	0.576
2136.000000	20	112	0.669	0.582
2142.000000	20	112	0.663	0.591
2148.000000	20	112	0.659	0.598
2154.000000	20	112	0.654	0.598
2160.000000	20	112	0.647	0.598
2166.000000	20	112	0.638	0.602
2172.000000	20	112	0.630	0.609
2178.000000	20	112	0.624	0.613
2184.000000	112	20	0.623	0.612
2190.000000	112	20	0.632	0.597
2196.000000	112	20	0.640	0.585
2202.000000	112	20	0.648	0.577
2208.000000	112	20	0.657	0.570
2214.000000	112	20	0.673	0.549
2220.000000	112	20	0.694	0.521
2226.000000	112	20	0.709	0.485
2232.000000	112	20	0.724	0.453
2238.000000	112	20	0.747	0.399
2244.000000	112	20	0.767	0.331
2250.000000	112	20	0.783	0.263
2256.000000	112	20	0.807	0.189
2262.000000	112	46	0.833	0.139
2268.000000	112	46	0.849	0.138
2274.000000	112	198	0.863	0.142
2280.000000	112	198	0.876	0.156
2286.000000	112	198	0.879	0.170
2292.000000	112	198	0.881	0.181
2298.000000	112	198	0.881	0.191
2304.000000	112	198	0.878	0.202
2310.000000	112	198	0.875	0.213
2316.000000	112	198	0.870	0.227
2322.000000	112	198	0.862	0.237
2328.000000	112	198	0.855	0.249
2334.000000	112	198	0.852	0.263
2340.000000	112	198	0.849	0.272
2346.000000	112	198	0.847	0.289
2352.000000	112	198	0.845	0.306
2358.000000	112	198	0.844	0.312
2364.000000	112	198	0.842	0.321
2370.000000	112	198	0.838	0.338
2376.000000	112	198	0.835	0.350
2382.000000	112	198	0.828	0.360
2388.000000	112	198	0.824	0.372
2394.000000	112	198	0.821	0.390
2400.000000	112	198	0.817	0.407
2406.000000	112	198	0.810	0.422
2412.000000	112	198	0.798	0.435
2418.000000	112	198	0.781	0.448
2424.000000	112	198	0.768	0.468
2430.000000	112	198	0.758	0.491
2436.000000	112	198	0.739	0.526
2442.000000	112	198	0.716	0.554
2448.000000	112	198	0.696	0.578
2454.000000	112	198	0.665	0.607
2460.000000	198	112	0.641	0.622
2466.000000	198	112	0.689	0.563
2472.000000	198	112	0.732	0.481
2478.000000	198	112	0.775	0.371
2484.000000	198	107	0.810	0.291
2490.000000	198	107	0.843	0.293
2496.000000	198	107	0.871	0.300
2502.000000	198	107	0.889	0.308
2508.000000	198	107	0.899	0.320
2514.000000	198	107	0.901	0.338
2520.000000	198	107	0.903	0.353
2526.000000	198	107	0.908	0.367
2532.000000	198	107	0.911	0.376
2538.000000	198	107	0.908	0.384
2544.000000	198	107	0.908	0.390
2550.000000	198	107	0.912	0.389
2556.000000	198	107	0.910	0.393
2562.000000	198	107	0.908	0.400
2568.000000	198	107	0.907	0.405
2574.000000	198	107	0.907	0.407
2580.000000	198	107	0.904	0.406
2586.000000	198	107	0.899	0.405
2592.000000	198	107	0.897	0.402
2598.000000	198	107	0.898	0.399
2604.000000	198	107	0.895	0.397
2610.000000	198	107	0.892	0.392
2616.000000	198	107	0.889	0.389
2622.000000	198	107	0.887	0.386
2628.000000	198	107	0.886	0.376
2634.000000	198	107	0.885	0.362
2640.000000	198	107	0.884	0.350
2646.000000	198	107	0.883	0.337
2652.000000	198	107	0.880	0.317
2658.000000	198	107	0.877	0.292
2664.000000	198	107	0.875	0.257
2670.000000	198	181	0.870	0.238
2676.000000	198	181	0.868	0.253
2682.000000	198	181	0.868	0.263
2688.000000	198	181	0.867	0.265
2694.000000	198	181	0.866	0.270
2700.000000	198	181	0.863	0.276
2706.000000	198	181	0.856	0.287
2712.000000	198	181	0.850	0.297
2718.000000	198	181	0.842	0.315
2724.000000	198	181	0.835	0.334
2730.000000	198	181	0.824	0.351
2736.000000	198	181	0.809	0.370
2742.000000	198	181	0.796	0.394
2748.000000	198	181	0.778	0.416
2754.000000	198	181	0.751	0.443
2760.000000	198	181	0.721	0.468
2766.000000	198	181	0.669	0.508
2772.000000	198	181	0.600	0.566
2778.000000	181	198	0.617	0.494
2784.000000	181	198	0.693	0.335
2790.000000	181	104	0.759	0.293
2796.000000	181	48	0.794	0.302
2802.000000	181	48	0.810	0.322
2808.000000	181	48	0.827	0.340
2814.000000	181	48	0.842	0.361
2820.000000	181	48	0.860	0.382
2826.000000	181	48	0.878	0.400
2832.000000	181	48	0.886	0.418
2838.000000	181	48	0.888	0.447
2844.000000	181	48	0.889	0.474
2850.000000	181	48	0.893	0.491
2856.000000	181	48	0.897	0.507
2862.000000	181	48	0.899	0.523
2868.000000	181	48	0.902	0.534
2874.000000	181	48	0.906	0.541
2880.000000	181	48	0.909	0.553
2886.000000	181	48	0.912	0.568
2892.000000	181	48	0.914	0.586
2898.000000	181	48	0.914	0.608
2904.000000	181	48	0.911	0.640
2910.000000	181	48	0.912	0.660
2916.000000	181	48	0.911	0.681
2922.000000	181	48	0.914	0.691
2928.000000	181	48	0.916	0.702
2934.000000	181	48	0.916	0.708
2940.000000	181	48	0.916	0.711
2946.000000	181	48	0.915	0.715
2952.000000	181	48	0.915	0.722
2958.000000	181	48	0.911	0.737
2964.000000	181	48	0.910	0.743
2970.000000	181	48	0.906	0.747
2976.000000	181	48	0.895	0.755
2982.000000	181	48	0.890	0.760
2988.000000	181	48	0.886	0.764
2994.000000	181	48	0.880	0.769
3000.000000	181	48	0.870	0.775
3006.000000	181	48	0.860	0.779
3012.000000	181	48	0.845	0.790
3018.000000	181	48	0.834	0.799
3024.000000	181	48	0.821	0.808
3030.000000	48	181	0.825	0.797
3036.000000	48	181	0.834	0.779
3042.000000	48	181	0.842	0.754
3048.000000	48	181	0.866	0.713
3054.000000	48	181	0.876	0.672
3060.000000	48	181	0.892	0.612
3066.000000	48	181	0.914	0.510
3072.000000	48	181	0.927	0.376
3078.000000	48	181	0.946	0.205
3084.000000	48	189	0.965	0.073
3090.000000	48	189	0.966	0.074
3096.000000	48	189	0.965	0.080
3102.000000	48	189	0.963	0.081
3108.000000	48	189	0.961	0.080
3114.000000	48	189	0.958	0.081
3120.000000	48	3	0.956	0.084
3126.000000	48	3	0.955	0.090
3132.000000	48	3	0.955	0.094
3138.000000	48	3	0.953	0.094
3144.000000	48	3	0.951	0.095
3150.000000	48	115	0.949	0.096
3156.000000	48	115	0.946	0.102
3162.000000	48	115	0.941	0.106
3168.000000	48	115	0.935	0.111
3174.000000	48	115	0.930	0.118
3180.000000	48	115	0.926	0.124
3186.000000	48	115	0.925	0.129
3192.000000	48	115	0.924	0.136
3198.000000	48	115	0.921	0.143
3204.000000	48	115	0.917	0.145
3210.000000	48	115	0.912	0.144
3216.000000	48	3	0.907	0.146
3222.000000	48	115	0.901	0.150
3228.000000	48	115	0.890	0.153
3234.000000	48	115	0.881	0.156
3240.000000	48	115	0.870	0.160
3246.000000	48	115	0.855	0.166
3252.000000	48	115	0.843	0.173
3258.000000	48	3	0.832	0.181
3264.000000	48	3	0.818	0.190
3270.000000	48	3	0.803	0.197
3276.000000	48	3	0.781	0.202
3282.000000	48	3	0.750	0.212
3288.000000	48	3	0.708	0.225
3294.000000	48	3	0.663	0.236
3300.000000	48	3	0.605	0.242
3306.000000	48	3	0.521	0.248
3312.000000	48	3	0.399	0.257
3318.000000	167	3	0.278	0.270
3324.000000	167	3	0.309	0.288
3330.000000	167	3	0.338	0.297
3336.000000	167	3	0.370	0.313
3342.000000	167	3	0.390	0.337
3348.000000	167	3	0.405	0.355
3354.000000	167	3	0.423	0.367
3360.000000	167	3	0.458	0.368
3366.000000	167	3	0.490	0.362
3372.000000	167	3	0.519	0.366
3378.000000	167	3	0.540	0.368
3384.000000	167	3	0.549	0.372
3390.000000	167	3	0.553	0.376
3396.000000	167	3	0.560	0.376
3402.000000	167	3	0.570	0.379
3408.000000	167	3	0.580	0.385
3414.000000	167	3	0.592	0.387
3420.000000	167	3	0.605	0.386
3426.000000	167	3	0.624	0.376
3432.000000	167	3	0.641	0.365
3438.000000	167	3	0.659	0.357
3444.000000	167	3	0.685	0.356
3450.000000	167	3	0.715	0.344
3456.000000	167	3	0.733	0.328
3462.000000	167	3	0.752	0.309
3468.000000	167	8	0.767	0.306
3474.000000	167	8	0.778	0.309
3480.000000	167	8	0.792	0.309
3486.000000	167	8	0.808	0.308
3492.000000	167	8	0.812	0.304
3498.000000	167	8	0.824	0.300
3504.000000	167	8	0.836	0.291
3510.000000	167	8	0.844	0.267
3516.000000	167	8	0.851	0.248
3522.000000	167	8	0.858	0.229
3528.000000	167	8	0.869	0.207
3534.000000	167	69	0.877	0.198
3540.000000	167	42	0.884	0.201
3546.000000	167	42	0.892	0.214
3552.000000	167	42	0.900	0.229
3558.000000	167	42	0.902	0.253
3564.000000	167	42	0.902	0.273
3570.000000	167	42	0.900	0.291
3576.000000	167	42	0.896	0.303
3582.000000	167	42	0.892	0.307
3588.000000	167	42	0.888	0.315
3594.000000	167	42	0.882	0.328
3600.000000	167	42	0.877	0.348
3606.000000	167	42	0.874	0.363
3612.000000	167	42	0.870	0.379
3618.000000	167	42	0.867	0.394
3624.000000	167	42	0.863	0.408
3630.000000	167	42	0.855	0.422
3636.000000	167	42	0.848	0.440
3642.000000	167	42	0.838	0.460
3648.000000	167	42	0.829	0.484
3654.000000	167	42	0.819	0.502
3660.000000	167	42	0.805	0.525
3666.000000	167	42	0.785	0.555
3672.000000	167	42	0.764	0.581
3678.000000	167	42	0.749	0.604
3684.000000	167	42	0.725	0.637
3690.000000	167	42	0.685	0.672
3696.000000	42	167	0.703	0.645
3702.000000	42	167	0.749	0.599
3708.000000	42	167	0.776	0.549
3714.000000	42	167	0.803	0.477
3720.000000	42	167	0.840	0.363
3726.000000	42	157	0.868	0.230
3732.000000	42	157	0.889	0.236
3738.000000	42	157	0.908	0.240
3744.000000	42	157	0.918	0.242
3750.000000	42	157	0.921	0.241
3756.000000	42	157	0.925	0.239
3762.000000	42	157	0.927	0.236
3768.000000	42	157	0.928	0.239
3774.000000	42	157	0.927	0.244
3780.000000	42	157	0.926	0.252
3786.000000	42	157	0.923	0.262
3792.000000	42	157	0.923	0.264
3798.000000	42	157	0.921	0.261
3804.000000	42	157	0.917	0.266
3810.000000	42	157	0.914	0.272
3816.000000	42	157	0.911	0.272
3822.000000	42	157	0.910	0.269
3828.000000	42	157	0.909	0.265
3834.000000	42	157	0.908	0.261
3840.000000	42	157	0.906	0.259
3846.000000	42	157	0.904	0.258
3852.000000	42	27	0.901	0.263
3858.000000	42	27	0.897	0.279
3864.000000	42	27	0.895	0.295
3870.000000	42	27	0.895	0.308
3876.000000	42	27	0.894	0.320
3882.000000	42	27	0.891	0.336
3888.000000	42	27	0.890	0.355
3894.000000	42	27	0.888	0.381
3900.000000	42	27	0.885	0.406
3906.000000	42	27	0.882	0.426
3912.000000	42	27	0.884	0.450
3918.000000	42	27	0.882	0.474
3924.000000	42	27	0.880	0.500
3930.000000	42	27	0.881	0.521
3936.000000	42	27	0.883	0.553
3942.000000	42	27	0.877	0.582
3948.000000	42	27	0.870	0.600
3954.000000	42	27	0.867	0.616
3960.000000	42	27	0.862	0.638
3966.000000	42	27	0.848	0.662
3972.000000	42	27	0.832	0.683
3978.000000	42	27	0.818	0.695
3984.000000	42	27	0.794	0.714
3990.000000	42	27	0.763	0.730
3996.000000	27	42	0.749	0.724
4002.000000	27	42	0.769	0.673
4008.000000	27	42	0.809	0.595
4014.000000	27	42	0.864	0.485
4020.000000	27	42	0.898	0.339
4026.000000	27	42	0.924	0.179
4032.000000	27	10	0.942	0.155
4038.000000	27	10	0.944	0.154
4044.000000	27	10	0.951	0.149
4050.000000	27	10	0.955	0.147
4056.000000	27	10	0.958	0.147
4062.000000	27	10	0.956	0.148
4068.000000	27	10	0.953	0.145
4074.000000	27	10	0.955	0.140
4080.000000	27	10	0.952	0.140
4086.000000	27	10	0.949	0.140
4092.000000	27	10	0.946	0.139
4098.000000	27	10	0.944	0.139
4104.000000	27	10	0.943	0.142
4110.000000	27	10	0.942	0.144
4116.000000	27	10	0.941	0.145
4122.000000	27	10	0.940	0.146
4128.000000	27	125	0.939	0.149
4134.000000	27	125	0.937	0.159
4140.000000	27	125	0.934	0.170
4146.000000	27	125	0.929	0.187
4152.000000	27	125	0.926	0.201
4158.000000	27	125	0.924	0.211
4164.000000	27	125	0.922	0.219
4170.000000	27	5	0.920	0.231
4176.000000	27	5	0.919	0.242
4182.000000	27	5	0.917	0.249
4188.000000	27	125	0.915	0.263
4194.000000	27	125	0.912	0.276
4200.000000	27	125	0.907	0.291
4206.000000	27	125	0.901	0.308
4212.000000	27	125	0.896	0.325
4218.000000	27	125	0.889	0.345
4224.000000	27	125	0.883	0.369
4230.000000	27	125	0.877	0.390
4236.000000	27	125	0.867	0.422
4242.000000	27	125	0.856	0.451
4248.000000	27	125	0.841	0.483
4254.000000	27	125	0.816	0.510
4260.000000	27	125	0.761	0.555
4266.000000	27	125	0.694	0.594
4272.000000	27	125	0.632	0.615
4278.000000	5	125	0.657	0.641
4284.000000	5	125	0.703	0.685
4290.000000	5	125	0.745	0.744
4296.000000	125	5	0.778	0.769
4302.000000	125	5	0.796	0.774
4308.000000	125	5	0.795	0.781
4314.000000	125	5	0.801	0.787
4320.000000	5	125	0.799	0.797
4326.000000	5	125	0.802	0.795
4332.000000	5	125	0.813	0.789
4338.000000	5	125	0.815	0.788
4344.000000	5	125	0.816	0.786
4350.000000	5	125	0.815	0.785
4356.000000	5	125	0.811	0.785
4362.000000	5	125	0.810	0.784
4368.000000	5	125	0.810	0.780
4374.000000	5	125	0.814	0.772
4380.000000	5	125	0.823	0.760
4386.000000	5	125	0.833	0.752
4392.000000	5	125	0.834	0.745
4398.000000	5	125	0.833	0.742
4404.000000	5	125	0.833	0.739
4410.000000	5	125	0.832	0.734
4416.000000	5	125	0.831	0.725
4422.000000	5	125	0.830	0.718
4428.000000	5	125	0.830	0.714
4434.000000	5	125	0.826	0.708
4440.000000	5	125	0.821	0.699
4446.000000	5	125	0.813	0.695
4452.000000	5	125	0.808	0.691
4458.000000	5	125	0.805	0.682
4464.000000	5	125	0.805	0.665
4470.000000	5	125	0.802	0.646
4476.000000	5	125	0.802	0.625
4482.000000	5	125	0.803	0.598
4488.000000	5	125	0.805	0.557
4494.000000	5	125	0.809	0.512
4500.000000	5	125	0.821	0.445
4506.000000	5	125	0.821	0.373
4512.000000	5	125	0.830	0.278
4518.000000	5	87	0.839	0.223
4524.000000	5	87	0.851	0.244
4530.000000	5	87	0.861	0.278
4536.000000	5	87	0.864	0.310
4542.000000	5	87	0.868	0.341
4548.000000	5	87	0.867	0.373
4554.000000	5	87	0.862	0.404
4560.000000	5	87	0.858	0.432
4566.000000	5	87	0.855	0.464
4572.000000	5	87	0.848	0.503
4578.000000	5	87	0.839	0.540
4584.000000	5	87	0.829	0.570
4590.000000	5	87	0.808	0.594
4596.000000	5	87	0.779	0.621
4602.000000	5	87	0.746	0.646
4608.000000	5	87	0.702	0.671
4614.000000	87	5	0.703	0.648
4620.000000	87	5	0.726	0.598
4626.000000	87	5	0.761	0.514
4632.000000	87	5	0.805	0.404
4638.000000	87	5	0.847	0.285
4644.000000	87	5	0.881	0.161
4650.000000	87	164	0.896	0.118
4656.000000	87	164	0.901	0.127
4662.000000	87	164	0.905	0.133
4668.000000	87	164	0.907	0.144
4674.000000	87	164	0.905	0.152
4680.000000	87	164	0.907	0.158
4686.000000	87	164	0.905	0.167
4692.000000	87	164	0.904	0.184
4698.000000	87	164	0.905	0.201
4704.000000	87	164	0.903	0.211
4710.000000	87	164	0.902	0.214
4716.000000	87	164	0.899	0.218
4722.000000	87	164	0.894	0.223
4728.000000	87	164	0.890	0.231
4734.000000	87	164	0.886	0.240
4740.000000	87	164	0.879	0.251
4746.000000	87	164	0.875	0.258
4752.000000	87	164	0.870	0.267
4758.000000	87	164	0.863	0.282
4764.000000	87	164	0.858	0.298
4770.000000	87	76	0.856	0.307
4776.000000	87	76	0.853	0.323
4782.000000	87	76	0.846	0.338
4788.000000	87	76	0.835	0.353
4794.000000	87	76	0.829	0.360
4800.000000	87	76	0.824	0.368
4806.000000	87	76	0.816	0.380
4812.000000	87	76	0.811	0.394
4818.000000	87	76	0.799	0.403
4824.000000	87	76	0.782	0.406
4830.000000	87	76	0.761	0.410
4836.000000	87	76	0.741	0.412
4842.000000	87	164	0.715	0.422
4848.000000	87	164	0.695	0.442
4854.000000	87	164	0.673	0.457
4860.000000	87	164	0.634	0.475
4866.000000	87	164	0.592	0.493
4872.000000	87	164	0.533	0.510
4878.000000	164	76	0.550	0.455
4884.000000	164	76	0.601	0.478
4890.000000	164	76	0.640	0.500
4896.000000	164	76	0.680	0.529
4902.000000	164	76	0.709	0.577
4908.000000	164	76	0.744	0.598
4914.000000	164	76	0.754	0.610
4920.000000	164	76	0.762	0.621
4926.000000	164	76	0.771	0.623
4932.000000	164	76	0.775	0.623
4938.000000	164	76	0.777	0.624
4944.000000	164	76	0.780	0.632
4950.000000	164	76	0.783	0.647
4956.000000	164	76	0.785	0.656
4962.000000	164	76	0.785	0.662
4968.000000	164	76	0.794	0.661
4974.000000	164	76	0.798	0.661
4980.000000	164	76	0.803	0.664
4986.000000	164	76	0.807	0.664
4992.000000	164	76	0.809	0.664
4998.000000	164	76	0.811	0.664
5004.000000	164	76	0.811	0.665
5010.000000	164	76	0.811	0.667
5016.000000	164	76	0.811	0.674
5022.000000	164	76	0.803	0.691
5028.000000	164	76	0.801	0.701
5034.000000	164	76	0.799	0.707
5040.000000	164	76	0.791	0.716
5046.000000	164	76	0.785	0.720
5052.000000	164	76	0.779	0.723
5058.000000	164	76	0.771	0.727
5064.000000	164	76	0.768	0.727
5070.000000	164	76	0.764	0.731
5076.000000	164	76	0.761	0.735
5082.000000	164	76	0.755	0.740
5088.000000	164	76	0.749	0.744
5094.000000	76	164	0.747	0.742
5100.000000	76	164	0.755	0.731
5106.000000	76	164	0.761	0.716
5112.000000	76	164	0.767	0.699
5118.000000	76	164	0.769	0.685
5124.000000	76	164	0.773	0.667
5130.000000	76	164	0.785	0.640
5136.000000	76	164	0.792	0.615
5142.000000	76	164	0.799	0.585
5148.000000	76	164	0.804	0.552
5154.000000	76	164	0.809	0.500
5160.000000	76	164	0.813	0.423
5166.000000	76	164	0.829	0.306
5172.000000	76	164	0.846	0.182
5178.000000	76	153	0.860	0.165
5184.000000	76	153	0.875	0.149
5190.000000	76	153	0.881	0.146
5196.000000	76	153	0.890	0.141
5202.000000	76	146	0.898	0.137
5208.000000	76	146	0.900	0.141
5214.000000	76	146	0.902	0.146
5220.000000	76	146	0.905	0.149
5226.000000	76	146	0.906	0.149
5232.000000	76	13	0.906	0.153
5238.000000	76	13	0.905	0.161
5244.000000	76	13	0.906	0.168
5250.000000	76	13	0.905	0.176
5256.000000	76	13	0.908	0.182
5262.000000	76	13	0.909	0.188
5268.000000	76	13	0.906	0.198
5274.000000	76	13	0.902	0.211
5280.000000	76	13	0.896	0.219
5286.000000	76	13	0.892	0.229
5292.000000	76	13	0.889	0.236
5298.000000	76	13	0.882	0.244
5304.000000	76	13	0.872	0.261
5310.000000	76	13	0.864	0.283
5316.000000	76	13	0.856	0.307
5322.000000	76	13	0.848	0.338
5328.000000	76	13	0.840	0.373
5334.000000	76	13	0.828	0.408
5340.000000	76	13	0.809	0.445
5346.000000	76	13	0.785	0.497
5352.000000	76	13	0.753	0.551
5358.000000	76	13	0.709	0.584
5364.000000	76	13	0.655	0.620
5370.000000	13	76	0.664	0.574
5376.000000	13	76	0.725	0.452
5382.000000	13	76	0.786	0.299
5388.000000	13	151	0.826	0.210
5394.000000	13	151	0.855	0.203
5400.000000	13	151	0.873	0.197
5406.000000	13	151	0.898	0.189
5412.000000	13	151	0.912	0.178
5418.000000	13	151	0.922	0.175
5424.000000	13	151	0.935	0.175
5430.000000	13	151	0.941	0.175
5436.000000	13	151	0.940	0.173
5442.000000	13	151	0.941	0.170
5448.000000	13	151	0.943	0.168
5454.000000	13	151	0.942	0.163
5460.000000	13	151	0.941	0.154
5466.000000	13	151	0.943	0.142
5472.000000	13	151	0.943	0.131
5478.000000	13	160	0.942	0.129
5484.000000	13	160	0.942	0.134
5490.000000	13	160	0.943	0.138
5496.000000	13	160	0.945	0.141
5502.000000	13	160	0.944	0.144
5508.000000	13	160	0.943	0.148
5514.000000	13	160	0.941	0.153
5520.000000	13	160	0.940	0.157
5526.000000	13	160	0.938	0.159
5532.000000	13	160	0.934	0.158
5538.000000	13	160	0.931	0.161
5544.000000	13	160	0.929	0.166
5550.000000	13	160	0.926	0.167
5556.000000	13	160	0.923	0.166
5562.000000	13	160	0.921	0.163
5568.000000	13	128	0.918	0.168
5574.000000	13	128	0.915	0.174
5580.000000	13	128	0.912	0.183
5586.000000	13	128	0.910	0.191
5592.000000	13	128	0.905	0.202
5598.000000	13	128	0.899	0.214
5604.000000	13	128	0.893	0.225
5610.000000	13	128	0.890	0.230
5616.000000	13	128	0.886	0.232
5622.000000	13	128	0.882	0.233
5628.000000	13	128	0.875	0.241
5634.000000	13	128	0.872	0.253
5640.000000	13	128	0.869	0.268
5646.000000	13	128	0.864	0.277
5652.000000	13	128	0.858	0.283
5658.000000	13	128	0.856	0.291
5664.000000	13	128	0.855	0.301
5670.000000	13	128	0.852	0.316
5676.000000	13	128	0.846	0.336
5682.000000	13	128	0.835	0.350
5688.000000	13	128	0.824	0.361
5694.000000	13	128	0.814	0.376
5700.000000	13	128	0.799	0.395
5706.000000	13	128	0.779	0.425
5712.000000	13	128	0.743	0.470
5718.000000	13	128	0.702	0.518
5724.000000	13	128	0.635	0.566
5730.000000	128	13	0.635	0.529
5736.000000	128	13	0.709	0.376
5742.000000	128	72	0.765	0.275
5748.000000	128	72	0.813	0.277
5754.000000	128	72	0.851	0.274
5760.000000	128	72	0.873	0.278
5766.000000	128	72	0.887	0.282
5772.000000	128	72	0.890	0.281
5778.000000	128	72	0.897	0.280
5784.000000	128	72	0.897	0.280
5790.000000	128	65	0.899	0.302
5796.000000	128	65	0.903	0.333
5802.000000	128	65	0.903	0.370
5808.000000	128	65	0.908	0.398
5814.000000	128	65	0.910	0.431
5820.000000	128	65	0.912	0.463
5826.000000	128	65	0.911	0.484
5832.000000	128	65	0.912	0.500
5838.000000	128	65	0.912	0.514
5844.000000	128	65	0.909	0.532
5850.000000	128	65	0.906	0.542
5856.000000	128	65	0.905	0.553
5862.000000	128	65	0.907	0.563
5868.000000	128	65	0.911	0.582
5874.000000	128	65	0.909	0.602
5880.000000	128	65	0.908	0.616
5886.000000	128	65	0.905	0.635
5892.000000	128	65	0.903	0.651
5898.000000	128	65	0.902	0.666
5904.000000	128	65	0.901	0.684
5910.000000	128	65	0.896	0.703
5916.000000	128	65	0.889	0.715
5922.000000	128	65	0.880	0.729
5928.000000	128	65	0.874	0.740
5934.000000	128	65	0.870	0.748
5940.000000	128	65	0.861	0.758
5946.000000	128	65	0.840	0.777
5952.000000	128	65	0.820	0.800
5958.000000	65	128	0.816	0.805
5964.000000	65	128	0.830	0.788
5970.000000	65	128	0.842	0.770
5976.000000	65	128	0.855	0.748
5982.000000	65	128	0.867	0.719
5988.000000	65	128	0.874	0.693
5994.000000	65	128	0.884	0.656
6000.000000	65	128	0.903	0.600
6006.000000	65	128	0.913	0.533
6012.000000	65	128	0.929	0.444
6018.000000	65	128	0.942	0.303
6024.000000	65	128	0.957	0.137
6030.000000	65	34	0.969	0.095
6036.000000	65	34	0.970	0.090
6042.000000	65	34	0.969	0.091
6048.000000	65	34	0.966	0.093
6054.000000	65	34	0.966	0.095
6060.000000	65	79	0.966	0.094
6066.000000	65	79	0.968	0.093
6072.000000	65	79	0.969	0.090
6078.000000	65	34	0.970	0.092
6084.000000	65	34	0.969	0.096
6090.000000	65	34	0.969	0.101
6096.000000	65	34	0.968	0.106
6102.000000	65	34	0.967	0.110
6108.000000	65	34	0.966	0.113
6114.000000	65	34	0.966	0.116
6120.000000	65	34	0.965	0.121
6126.000000	65	34	0.964	0.125
6132.000000	65	34	0.963	0.128
6138.000000	65	34	0.961	0.130
6144.000000	65	34	0.958	0.131
6150.000000	65	34	0.955	0.133
6156.000000	65	34	0.954	0.135
6162.000000	65	34	0.952	0.137
6168.000000	65	34	0.949	0.140
6174.000000	65	34	0.945	0.146
6180.000000	65	34	0.943	0.149
6186.000000	65	34	0.940	0.153
6192.000000	65	34	0.936	0.158
6198.000000	65	34	0.934	0.165
6204.000000	65	34	0.931	0.170
6210.000000	65	34	0.928	0.176
6216.000000	65	34	0.926	0.181
6222.000000	65	34	0.921	0.186
6228.000000	65	34	0.912	0.195
6234.000000	65	34	0.902	0.203
6240.000000	65	34	0.893	0.210
6246.000000	65	34	0.884	0.220
6252.000000	65	34	0.876	0.232
6258.000000	65	34	0.865	0.245
6264.000000	65	34	0.851	0.260
6270.000000	65	34	0.834	0.280
6276.000000	65	34	0.814	0.299
6282.000000	65	34	0.791	0.316
6288.000000	65	34	0.764	0.339
6294.000000	65	34	0.721	0.377
6300.000000	65	34	0.659	0.426
6306.000000	65	34	0.558	0.489
6312.000000	34	65	0.573	0.378
6318.000000	34	2	0.694	0.330
6324.000000	34	2	0.775	0.370
6330.000000	34	2	0.822	0.423
6336.000000	34	2	0.847	0.486
6342.000000	34	2	0.854	0.539
6348.000000	34	2	0.858	0.578
6354.000000	34	2	0.856	0.612
6360.000000	34	2	0.848	0.640
6366.000000	34	2	0.843	0.661
6372.000000	34	2	0.838	0.668
6378.000000	34	2	0.832	0.671
6384.000000	34	2	0.829	0.676
6390.000000	34	2	0.826	0.683
6396.000000	34	2	0.824	0.684
6402.000000	34	2	0.822	0.686
6408.000000	34	2	0.819	0.688
6414.000000	34	2	0.815	0.691
6420.000000	34	2	0.805	0.696
6426.000000	34	2	0.797	0.703
6432.000000	34	2	0.793	0.711
6438.000000	34	2	0.792	0.714
6444.000000	34	2	0.791	0.715
6450.000000	34	2	0.791	0.717
6456.000000	34	2	0.792	0.719
6462.000000	34	2	0.794	0.721
6468.000000	34	2	0.794	0.721
6474.000000	34	2	0.793	0.721
6480.000000	34	2	0.792	0.720
6486.000000	34	2	0.790	0.720
6492.000000	34	2	0.787	0.719
6498.000000	34	2	0.780	0.722
6504.000000	34	2	0.771	0.729
6510.000000	34	2	0.762	0.738
6516.000000	34	2	0.753	0.742
6522.000000	34	2	0.745	0.742
6528.000000	2	34	0.745	0.732
6534.000000	2	34	0.758	0.716
6540.000000	2	34	0.775	0.697
6546.000000	2	34	0.779	0.683
6552.000000	2	34	0.785	0.661
6558.000000	2	34	0.804	0.622
6564.000000	2	34	0.829	0.562
6570.000000	2	34	0.844	0.502
6576.000000	2	34	0.864	0.407
6582.000000	2	63	0.893	0.309
6588.000000	2	63	0.913	0.255
6594.000000	2	63	0.930	0.201
6600.000000	2	63	0.945	0.150
6606.000000	2	63	0.951	0.103
6612.000000	2	63	0.951	0.077
6618.000000	2	101	0.952	0.069
6624.000000	2	101	0.953	0.068
6630.000000	2	101	0.954	0.067
6636.000000	2	38	0.957	0.070
6642.000000	2	38	0.958	0.075
6648.000000	2	38	0.960	0.078
6654.000000	2	38	0.965	0.082
6660.000000	2	38	0.965	0.086
6666.000000	2	38	0.964	0.087
6672.000000	2	38	0.963	0.085
6678.000000	2	59	0.961	0.087
6684.000000	2	113	0.959	0.094
6690.000000	2	113	0.958	0.100
6696.000000	2	46	0.955	0.107
6702.000000	2	46	0.952	0.121
6708.000000	2	46	0.949	0.131
6714.000000	2	46	0.944	0.142
6720.000000	2	46	0.938	0.157
6726.000000	2	46	0.933	0.172
6732.000000	2	46	0.930	0.190
6738.000000	2	46	0.927	0.208
6744.000000	2	46	0.923	0.225
6750.000000	2	46	0.916	0.243
6756.000000	2	46	0.907	0.268
6762.000000	2	46	0.900	0.289
6768.000000	2	46	0.886	0.313
6774.000000	2	46	0.872	0.344
6780.000000	2	46	0.858	0.378
6786.000000	2	46	0.841	0.423
6792.000000	2	46	0.824	0.469
6798.000000	2	46	0.805	0.508
6804.000000	2	46	0.769	0.549
6810.000000	2	46	0.709	0.593
6816.000000	46	2	0.636	0.632
6822.000000	46	2	0.688	0.517
6828.000000	46	2	0.747	0.352
6834.000000	46	27	0.819	0.219
6840.000000	46	27	0.856	0.223
6846.000000	46	27	0.873	0.239
6852.000000	46	27	0.894	0.247
6858.000000	46	27	0.894	0.260
6864.000000	46	27	0.892	0.273
6870.000000	46	27	0.889	0.288
6876.000000	46	27	0.885	0.308
6882.000000	46	27	0.882	0.326
6888.000000	46	27	0.881	0.337
6894.000000	46	27	0.882	0.346
6900.000000	46	27	0.879	0.355
6906.000000	46	27	0.877	0.364
6912.000000	46	27	0.878	0.372
6918.000000	46	27	0.877	0.379
6924.000000	46	27	0.876	0.386
6930.000000	46	27	0.874	0.391
6936.000000	46	27	0.873	0.394
6942.000000	46	27	0.869	0.398
6948.000000	46	27	0.865	0.401
6954.000000	46	27	0.864	0.405
6960.000000	46	27	0.865	0.407
6966.000000	46	27	0.864	0.406
6972.000000	46	27	0.861	0.403
6978.000000	46	27	0.858	0.397
6984.000000	46	27	0.852	0.396
6990.000000	46	27	0.847	0.394
6996.000000	46	27	0.843	0.389
7002.000000	46	28	0.840	0.387
7008.000000	46	28	0.837	0.396
7014.000000	46	28	0.836	0.410
7020.000000	46	28	0.834	0.420
7026.000000	46	28	0.828	0.426
7032.000000	46	28	0.821	0.427
7038.000000	46	28	0.818	0.428
7044.000000	46	28	0.813	0.432
7050.000000	46	28	0.805	0.445
7056.000000	46	28	0.801	0.451
7062.000000	46	28	0.798	0.463
7068.000000	46	28	0.804	0.470
7074.000000	46	28	0.806	0.473
7080.000000	46	28	0.800	0.482
7086.000000	46	28	0.794	0.490
7092.000000	46	28	0.790	0.494
7098.000000	46	28	0.782	0.506
7104.000000	46	28	0.771	0.517
7110.000000	46	28	0.757	0.529
7116.000000	46	28	0.747	0.530
7122.000000	46	28	0.732	0.534
7128.000000	46	28	0.702	0.543
7134.000000	46	28	0.662	0.555
7140.000000	46	28	0.609	0.571
7146.000000	28	46	0.583	0.546
7152.000000	28	46	0.600	0.462
7158.000000	28	66	0.623	0.435
7164.000000	28	66	0.651	0.496
7170.000000	28	66	0.676	0.575
7176.000000	28	66	0.700	0.630
7182.000000	28	66	0.722	0.667
7188.000000	28	66	0.732	0.702
7194.000000	28	66	0.738	0.732
7200.000000	66	28	0.748	0.747
7206.000000	66	28	0.766	0.760
7212.000000	66	28	0.783	0.763
7218.000000	66	28	0.794	0.762
7224.000000	66	28	0.801	0.765
7230.000000	66	28	0.808	0.765
7236.000000	66	28	0.812	0.762
7242.000000	66	28	0.817	0.757
7248.000000	66	28	0.822	0.748
7254.000000	66	28	0.826	0.740
7260.000000	66	28	0.828	0.732
7266.000000	66	28	0.835	0.726
7272.000000	66	28	0.838	0.721
7278.000000	66	28	0.842	0.714
7284.000000	66	28	0.844	0.710
7290.000000	66	28	0.846	0.707
7296.000000	66	28	0.851	0.701
7302.000000	66	28	0.850	0.698
7308.000000	66	28	0.852	0.692
7314.000000	66	28	0.856	0.686
7320.000000	66	28	0.860	0.679
7326.000000	66	28	0.866	0.664
7332.000000	66	28	0.877	0.644
7338.000000	66	28	0.890	0.618
7344.000000	66	28	0.896	0.587
7350.000000	66	28	0.901	0.550
7356.000000	66	28	0.910	0.485
7362.000000	66	28	0.919	0.393
7368.000000	66	28	0.921	0.285
7374.000000	66	28	0.928	0.159
7380.000000	66	93	0.940	0.114
7386.000000	66	93	0.943	0.121
7392.000000	66	93	0.944	0.127
7398.000000	66	93	0.942	0.132
7404.000000	66	93	0.939	0.138
7410.000000	66	93	0.938	0.140
7416.000000	66	93	0.937	0.138
7422.000000	66	118	0.935	0.142
7428.000000	66	118	0.932	0.148
7434.000000	66	118	0.929	0.154
7440.000000	66	118	0.928	0.157
7446.000000	66	118	0.926	0.164
7452.000000	66	118	0.924	0.173
7458.000000	66	118	0.922	0.178
7464.000000	66	118	0.919	0.181
7470.000000	66	118	0.916	0.184
7476.000000	66	118	0.912	0.187
7482.000000	66	118	0.909	0.188
7488.000000	66	118	0.904	0.190
7494.000000	66	118	0.896	0.193
7500.000000	66	118	0.890	0.192
7506.000000	66	118	0.880	0.191
7512.000000	66	118	0.868	0.189
7518.000000	66	118	0.858	0.185
7524.000000	66	118	0.845	0.188
7530.000000	66	118	0.830	0.200
7536.000000	66	118	0.813	0.207
7542.000000	66	118	0.796	0.210
7548.000000	66	118	0.775	0.210
7554.000000	66	118	0.744	0.208
7560.000000	66	118	0.697	0.207
7566.000000	66	118	0.643	0.208
7572.000000	66	118	0.572	0.210
7578.000000	66	118	0.484	0.206
7584.000000	66	44	0.359	0.218
7590.000000	44	118	0.241	0.211
7596.000000	44	118	0.273	0.218
7602.000000	44	118	0.302	0.222
7608.000000	44	118	0.337	0.231
7614.000000	44	23	0.391	0.244
7620.000000	44	23	0.442	0.258
7626.000000	44	23	0.493	0.279
7632.000000	44	23	0.531	0.299
7638.000000	44	23	0.556	0.317
7644.000000	44	23	0.578	0.330
7650.000000	44	23	0.598	0.344
7656.000000	44	23	0.617	0.355
7662.000000	44	23	0.630	0.359
7668.000000	44	23	0.648	0.368
7674.000000	44	23	0.668	0.382
7680.000000	44	23	0.682	0.393
7686.000000	44	23	0.696	0.409
7692.000000	44	23	0.717	0.421
7698.000000	44	23	0.731	0.430
7704.000000	44	23	0.746	0.441
7710.000000	44	23	0.757	0.450
7716.000000	44	23	0.767	0.460
7722.000000	44	23	0.778	0.473
7728.000000	44	23	0.793	0.483
7734.000000	44	23	0.801	0.496
7740.000000	44	23	0.815	0.501
7746.000000	44	23	0.824	0.504
7752.000000	44	23	0.834	0.514
7758.000000	44	23	0.845	0.518
7764.000000	44	23	0.855	0.524
7770.000000	44	23	0.868	0.533
7776.000000	44	23	0.873	0.545
7782.000000	44	23	0.880	0.554
7788.000000	44	23	0.887	0.570
7794.000000	44	23	0.896	0.582
7800.000000	44	23	0.904	0.587
7806.000000	44	23	0.908	0.589
7812.000000	44	23	0.905	0.598
7818.000000	44	23	0.905	0.603
7824.000000	44	23	0.907	0.605
7830.000000	44	23	0.906	0.614
7836.000000	44	23	0.904	0.624
7842.000000	44	23	0.904	0.629
7848.000000	44	23	0.905	0.627
7854.000000	44	23	0.907	0.623
7860.000000	44	23	0.907	0.622
7866.000000	44	23	0.909	0.623
7872.000000	44	23	0.909	0.620
7878.000000	44	23	0.908	0.618
7884.000000	44	23	0.909	0.608
7890.000000	44	23	0.909	0.598
7896.000000	44	23	0.912	0.587
7902.000000	44	23	0.913	0.579
7908.000000	44	23	0.914	0.568
7914.000000	44	23	0.917	0.551
7920.000000	44	23	0.920	0.521
7926.000000	44	23	0.922	0.483
7932.000000	44	23	0.925	0.440
7938.000000	44	23	0.930	0.385
7944.000000	44	23	0.933	0.307
7950.000000	44	23	0.938	0.219
7956.000000	44	29	0.947	0.152
7962.000000	44	29	0.949	0.147
7968.000000	44	29	0.955	0.138
7974.000000	44	29	0.961	0.134
7980.000000	44	29	0.964	0.133
7986.000000	44	29	0.966	0.132
7992.000000	44	29	0.967	0.132
7998.000000	44	29	0.967	0.134
8004.000000	44	29	0.967	0.133
8010.000000	44	29	0.966	0.131
8016.000000	44	29	0.964	0.127
8022.000000	44	29	0.963	0.123
8028.000000	44	29	0.962	0.122
8034.000000	44	29	0.961	0.121
8040.000000	44	29	0.961	0.118
8046.000000	44	29	0.960	0.114
8052.000000	44	29	0.958	0.105
8058.000000	44	29	0.955	0.097
8064.000000	44	29	0.953	0.093
8070.000000	44	139	0.951	0.087
8076.000000	44	139	0.949	0.090
8082.000000	44	139	0.947	0.092
8088.000000	44	139	0.945	0.093
8094.000000	44	139	0.942	0.093
8100.000000	44	139	0.941	0.092
8106.000000	44	139	0.940	0.091
8112.000000	44	139	0.940	0.089
8118.000000	44	139	0.941	0.085
8124.000000	44	139	0.940	0.079
8130.000000	44	139	0.938	0.073
8136.000000	44	139	0.936	0.068
8142.000000	44	176	0.933	0.067
8148.000000	44	176	0.929	0.069
8154.000000	44	176	0.924	0.070
8160.000000	44	176	0.920	0.073
8166.000000	44	176	0.918	0.075
8172.000000	44	176	0.917	0.076
8178.000000	44	176	0.915	0.077
8184.000000	44	176	0.913	0.076
8190.000000	44	176	0.911	0.073
8196.000000	44	176	0.910	0.072
8202.000000	44	176	0.908	0.069
8208.000000	44	176	0.906	0.065
8214.000000	44	176	0.904	0.061
8220.000000	44	176	0.899	0.057
8226.000000	44	158	0.895	0.056
8232.000000	44	158	0.895	0.056
8238.000000	44	158	0.893	0.054
8244.000000	44	158	0.890	0.052
8250.000000	44	158	0.886	0.050
8256.000000	44	158	0.883	0.047
8262.000000	44	158	0.880	0.043
8268.000000	44	192	0.877	0.038
8274.000000	44	192	0.871	0.038
8280.000000	44	192	0.861	0.039
8286.000000	44	192	0.852	0.037
8292.000000	44	192	0.843	0.036
8298.000000	44	192	0.830	0.036
8304.000000	44	192	0.810	0.036
8310.000000	44	192	0.783	0.036
8316.000000	44	192	0.743	0.035
8322.000000	44	66	0.675	0.033
8328.000000	44	192	0.530	0.029
8334.000000	44	14	0.267	0.022
8340.000000	44	75	0.032	0.014
8346.000000	59	75	0.011	0.010
8352.000000	59	75	0.009	0.008
