0.000000	125	102	0.000	0.000
6.000000	173	105	0.992	0.039
12.000000	173	105	0.993	0.041
18.000000	173	105	0.992	0.042
24.000000	173	105	0.992	0.045
30.000000	173	105	0.991	0.049
36.000000	173	105	0.990	0.055
42.000000	173	105	0.989	0.060
48.000000	173	105	0.987	0.061
54.000000	173	105	0.986	0.062
60.000000	173	105	0.985	0.064
66.000000	173	105	0.984	0.067
72.000000	173	105	0.983	0.070
78.000000	173	105	0.982	0.073
84.000000	173	105	0.980	0.078
90.000000	173	105	0.979	0.085
96.000000	173	105	0.977	0.094
102.000000	173	105	0.975	0.100
108.000000	173	81	0.974	0.105
114.000000	173	81	0.972	0.112
120.000000	173	105	0.970	0.121
126.000000	173	81	0.968	0.131
132.000000	173	81	0.965	0.145
138.000000	173	81	0.963	0.160
144.000000	173	81	0.960	0.175
150.000000	173	81	0.956	0.190
156.000000	173	81	0.952	0.200
162.000000	173	81	0.946	0.210
168.000000	173	81	0.943	0.217
174.000000	173	81	0.940	0.224
180.000000	173	105	0.937	0.238
186.000000	173	105	0.934	0.254
192.000000	173	105	0.931	0.267
198.000000	173	105	0.928	0.276
204.000000	173	105	0.924	0.284
210.000000	173	105	0.920	0.296
216.000000	173	105	0.913	0.313
222.000000	173	105	0.907	0.329
228.000000	173	105	0.902	0.345
234.000000	173	105	0.897	0.360
240.000000	173	105	0.892	0.376
246.000000	173	105	0.883	0.397
252.000000	173	105	0.875	0.409
258.000000	173	105	0.866	0.420
264.000000	173	105	0.860	0.434
270.000000	173	105	0.847	0.451
276.000000	173	105	0.835	0.470
282.000000	173	105	0.822	0.484
288.000000	173	105	0.813	0.500
294.000000	173	105	0.799	0.519
300.000000	173	105	0.779	0.539
306.000000	173	105	0.763	0.558
312.000000	173	105	0.736	0.590
318.000000	173	105	0.700	0.632
324.000000	105	173	0.673	0.660
330.000000	105	173	0.709	0.611
336.000000	105	173	0.760	0.528
342.000000	105	173	0.801	0.444
348.000000	105	173	0.837	0.325
354.000000	105	81	0.886	0.234
360.000000	105	81	0.918	0.213
366.000000	105	81	0.930	0.194
372.000000	105	81	0.931	0.188
378.000000	105	81	0.934	0.183
384.000000	105	81	0.933	0.177
390.000000	105	167	0.932	0.175
396.000000	105	167	0.928	0.184
402.000000	105	167	0.925	0.194
408.000000	105	167	0.924	0.203
414.000000	105	167	0.922	0.217
420.000000	105	167	0.920	0.229
426.000000	105	167	0.918	0.241
432.000000	105	167	0.916	0.247
438.000000	105	167	0.913	0.253
444.000000	105	167	0.910	0.256
450.000000	105	167	0.908	0.258
456.000000	105	167	0.906	0.265
462.000000	105	167	0.902	0.271
468.000000	105	167	0.897	0.278
474.000000	105	196	0.893	0.287
480.000000	105	196	0.886	0.301
486.000000	105	196	0.882	0.312
492.000000	105	196	0.878	0.330
498.000000	105	196	0.873	0.348
504.000000	105	196	0.866	0.360
510.000000	105	196	0.859	0.373
516.000000	105	196	0.845	0.394
522.000000	105	196	0.830	0.405
528.000000	105	196	0.819	0.414
534.000000	105	196	0.803	0.433
540.000000	105	196	0.787	0.451
546.000000	105	196	0.769	0.464
552.000000	105	196	0.750	0.477
558.000000	105	196	0.725	0.500
564.000000	105	196	0.694	0.521
570.000000	105	196	0.652	0.554
576.000000	105	196	0.598	0.594
582.000000	196	105	0.648	0.522
588.000000	196	105	0.686	0.438
594.000000	196	167	0.720	0.355
600.000000	196	167	0.761	0.366
606.000000	196	167	0.794	0.377
612.000000	196	167	0.818	0.389
618.000000	196	167	0.840	0.392
624.000000	196	167	0.850	0.394
630.000000	196	167	0.858	0.384
636.000000	196	167	0.866	0.374
642.000000	196	167	0.866	0.364
648.000000	196	164	0.868	0.356
654.000000	196	164	0.871	0.365
660.000000	196	164	0.871	0.371
666.000000	196	164	0.873	0.383
672.000000	196	164	0.874	0.395
678.000000	196	164	0.879	0.407
684.000000	196	164	0.883	0.412
690.000000	196	164	0.887	0.418
696.000000	196	164	0.884	0.428
702.000000	196	164	0.882	0.434
708.000000	196	164	0.881	0.441
714.000000	196	164	0.881	0.453
720.000000	196	164	0.879	0.463
726.000000	196	164	0.877	0.471
732.000000	196	164	0.876	0.476
738.000000	196	164	0.878	0.484
744.000000	196	164	0.880	0.493
750.000000	196	164	0.879	0.504
756.000000	196	164	0.876	0.512
762.000000	196	164	0.872	0.519
768.000000	196	164	0.872	0.524
774.000000	196	164	0.868	0.530
780.000000	196	164	0.867	0.538
786.000000	196	164	0.864	0.552
792.000000	196	164	0.861	0.568
798.000000	196	164	0.857	0.589
804.000000	196	164	0.857	0.603
810.000000	196	164	0.855	0.611
816.000000	196	164	0.848	0.621
822.000000	196	164	0.840	0.632
828.000000	196	164	0.835	0.649
834.000000	196	164	0.827	0.667
840.000000	196	164	0.809	0.685
846.000000	196	164	0.792	0.706
852.000000	196	164	0.776	0.717
858.000000	196	164	0.744	0.731
864.000000	164	196	0.744	0.711
870.000000	164	196	0.756	0.673
876.000000	164	196	0.783	0.616
882.000000	164	196	0.807	0.546
888.000000	164	196	0.835	0.453
894.000000	164	196	0.865	0.323
900.000000	164	193	0.893	0.196
906.000000	164	193	0.908	0.215
912.000000	164	193	0.911	0.236
918.000000	164	193	0.912	0.263
924.000000	164	193	0.909	0.292
930.000000	164	193	0.903	0.316
936.000000	164	193	0.893	0.348
942.000000	164	193	0.885	0.389
948.000000	164	193	0.884	0.424
954.000000	164	193	0.878	0.452
960.000000	164	193	0.868	0.471
966.000000	164	193	0.860	0.494
972.000000	164	193	0.854	0.507
978.000000	164	193	0.850	0.515
984.000000	164	193	0.846	0.525
990.000000	164	193	0.839	0.532
996.000000	164	193	0.830	0.542
1002.000000	164	193	0.818	0.556
1008.000000	164	193	0.801	0.576
1014.000000	164	193	0.783	0.600
1020.000000	164	193	0.768	0.619
1026.000000	164	193	0.747	0.640
1032.000000	164	193	0.725	0.652
1038.000000	164	193	0.698	0.664
1044.000000	193	164	0.679	0.670
1050.000000	193	164	0.689	0.648
1056.000000	193	164	0.711	0.612
1062.000000	193	13	0.739	0.604
1068.000000	193	13	0.767	0.630
1074.000000	193	13	0.791	0.661
1080.000000	193	13	0.820	0.696
1086.000000	193	13	0.837	0.723
1092.000000	193	13	0.846	0.755
1098.000000	193	13	0.848	0.769
1104.000000	193	13	0.848	0.773
1110.000000	193	13	0.848	0.778
1116.000000	193	13	0.847	0.780
1122.000000	193	13	0.846	0.776
1128.000000	193	13	0.843	0.776
1134.000000	193	13	0.840	0.777
1140.000000	193	13	0.832	0.781
1146.000000	193	13	0.828	0.780
1152.000000	193	13	0.826	0.775
1158.000000	193	13	0.823	0.770
1164.000000	193	13	0.820	0.765
1170.000000	193	13	0.820	0.760
1176.000000	193	13	0.821	0.754
1182.000000	193	13	0.822	0.747
1188.000000	193	13	0.821	0.740
1194.000000	193	13	0.823	0.732
1200.000000	193	13	0.820	0.726
1206.000000	193	13	0.821	0.718
1212.000000	193	13	0.823	0.713
1218.000000	193	13	0.822	0.708
1224.000000	193	13	0.823	0.698
1230.000000	193	13	0.818	0.692
1236.000000	193	13	0.810	0.688
1242.000000	193	13	0.802	0.681
1248.000000	193	13	0.797	0.668
1254.000000	193	13	0.790	0.655
1260.000000	193	13	0.782	0.644
1266.000000	193	13	0.772	0.628
1272.000000	193	13	0.759	0.608
1278.000000	193	13	0.739	0.589
1284.000000	193	13	0.720	0.566
1290.000000	193	13	0.702	0.530
1296.000000	193	13	0.680	0.490
1302.000000	193	13	0.655	0.434
1308.000000	193	13	0.630	0.372
1314.000000	193	13	0.592	0.300
1320.000000	193	94	0.551	0.240
1326.000000	193	94	0.488	0.277
1332.000000	193	94	0.401	0.316
1338.000000	94	193	0.376	0.279
1344.000000	94	193	0.463	0.129
1350.000000	94	44	0.578	0.113
1356.000000	94	44	0.675	0.124
1362.000000	94	44	0.743	0.130
1368.000000	94	51	0.781	0.141
1374.000000	94	51	0.807	0.152
1380.000000	94	149	0.813	0.163
1386.000000	94	149	0.815	0.177
1392.000000	94	149	0.819	0.189
1398.000000	94	149	0.824	0.205
1404.000000	94	149	0.828	0.218
1410.000000	94	149	0.826	0.225
1416.000000	94	149	0.822	0.234
1422.000000	94	149	0.822	0.242
1428.000000	94	149	0.822	0.249
1434.000000	94	149	0.821	0.257
1440.000000	94	149	0.821	0.264
1446.000000	94	149	0.825	0.269
1452.000000	94	149	0.826	0.275
1458.000000	94	149	0.827	0.279
1464.000000	94	149	0.827	0.283
1470.000000	94	149	0.829	0.287
1476.000000	94	149	0.828	0.288
1482.000000	94	149	0.829	0.285
1488.000000	94	149	0.831	0.281
1494.000000	94	149	0.830	0.281
1500.000000	94	149	0.829	0.282
1506.000000	94	149	0.828	0.283
1512.000000	94	149	0.824	0.282
1518.000000	94	149	0.823	0.284
1524.000000	94	149	0.824	0.280
1530.000000	94	149	0.825	0.277
1536.000000	94	149	0.829	0.275
1542.000000	94	149	0.836	0.276
1548.000000	94	149	0.840	0.281
1554.000000	94	149	0.836	0.285
1560.000000	94	149	0.836	0.285
1566.000000	94	149	0.836	0.290
1572.000000	94	149	0.837	0.299
1578.000000	94	149	0.842	0.305
1584.000000	94	149	0.848	0.309
1590.000000	94	149	0.853	0.311
1596.000000	94	150	0.860	0.323
1602.000000	94	150	0.859	0.338
1608.000000	94	150	0.857	0.352
1614.000000	94	150	0.854	0.368
1620.000000	94	150	0.850	0.381
1626.000000	94	150	0.847	0.393
1632.000000	94	150	0.842	0.407
1638.000000	94	150	0.838	0.422
1644.000000	94	150	0.836	0.439
1650.000000	94	150	0.830	0.451
1656.000000	94	150	0.813	0.462
1662.000000	94	150	0.801	0.485
1668.000000	94	150	0.790	0.503
1674.000000	94	150	0.765	0.526
1680.000000	94	150	0.738	0.549
1686.000000	94	150	0.702	0.580
1692.000000	94	150	0.645	0.606
1698.000000	150	94	0.635	0.574
1704.000000	150	94	0.679	0.464
1710.000000	150	94	0.736	0.298
1716.000000	150	163	0.788	0.224
1722.000000	150	163	0.829	0.222
1728.000000	150	163	0.872	0.227
1734.000000	150	163	0.888	0.239
1740.000000	150	163	0.899	0.249
1746.000000	150	163	0.907	0.259
1752.000000	150	163	0.912	0.270
1758.000000	150	163	0.913	0.282
1764.000000	150	163	0.914	0.300
1770.000000	150	163	0.914	0.316
1776.000000	150	163	0.912	0.328
1782.000000	150	163	0.907	0.338
1788.000000	150	163	0.902	0.350
1794.000000	150	163	0.900	0.357
1800.000000	150	163	0.898	0.361
1806.000000	150	163	0.896	0.364
1812.000000	150	163	0.894	0.368
1818.000000	150	163	0.891	0.372
1824.000000	150	163	0.886	0.378
1830.000000	150	163	0.881	0.384
1836.000000	150	163	0.878	0.392
1842.000000	150	163	0.878	0.396
1848.000000	150	163	0.883	0.393
1854.000000	150	163	0.884	0.398
1860.000000	150	163	0.886	0.400
1866.000000	150	163	0.891	0.400
1872.000000	150	163	0.891	0.404
1878.000000	150	163	0.889	0.407
1884.000000	150	163	0.885	0.409
1890.000000	150	163	0.879	0.411
1896.000000	150	163	0.874	0.417
1902.000000	150	163	0.869	0.419
1908.000000	150	163	0.866	0.416
1914.000000	150	163	0.863	0.419
1920.000000	150	163	0.862	0.419
1926.000000	150	163	0.860	0.415
1932.000000	150	163	0.855	0.409
1938.000000	150	163	0.849	0.404
1944.000000	150	163	0.843	0.400
1950.000000	150	163	0.839	0.391
1956.000000	150	163	0.835	0.387
1962.000000	150	163	0.835	0.382
1968.000000	150	163	0.831	0.374
1974.000000	150	163	0.828	0.365
1980.000000	150	163	0.818	0.353
1986.000000	150	163	0.807	0.342
1992.000000	150	163	0.797	0.329
1998.000000	150	163	0.784	0.317
2004.000000	150	163	0.767	0.306
2010.000000	150	163	0.744	0.288
2016.000000	150	163	0.711	0.266
2022.000000	150	93	0.660	0.288
2028.000000	150	93	0.589	0.320
2034.000000	150	93	0.489	0.346
2040.000000	93	150	0.382	0.358
2046.000000	93	73	0.436	0.345
2052.000000	93	73	0.504	0.401
2058.000000	93	73	0.569	0.459
2064.000000	93	73	0.608	0.489
2070.000000	93	73	0.646	0.519
2076.000000	93	73	0.672	0.546
2082.000000	93	73	0.687	0.562
2088.000000	93	73	0.698	0.576
2094.000000	93	73	0.710	0.593
2100.000000	93	73	0.721	0.600
2106.000000	93	73	0.721	0.606
2112.000000	93	73	0.718	0.614
2118.000000	93	73	0.718	0.625
2124.000000	93	73	0.718	0.639
2130.000000	93	73	0.716	0.650
2136.000000	93	73	0.717	0.655
2142.000000	93	73	0.719	0.656
2148.000000	93	73	0.714	0.662
2154.000000	93	73	0.709	0.672
2160.000000	93	73	0.708	0.676
2166.000000	93	73	0.709	0.679
2172.000000	93	73	0.710	0.685
2178.000000	93	73	0.719	0.687
2184.000000	93	73	0.719	0.693
2190.000000	93	73	0.720	0.695
2196.000000	93	73	0.722	0.695
2202.000000	93	73	0.722	0.694
2208.000000	93	73	0.724	0.695
2214.000000	93	73	0.725	0.698
2220.000000	93	73	0.729	0.702
2226.000000	93	73	0.732	0.708
2232.000000	93	73	0.734	0.711
2238.000000	93	73	0.730	0.718
2244.000000	73	93	0.732	0.729
2250.000000	73	93	0.749	0.735
2256.000000	73	93	0.764	0.740
2262.000000	73	93	0.779	0.745
2268.000000	73	93	0.791	0.754
2274.000000	73	93	0.803	0.755
2280.000000	73	93	0.815	0.752
2286.000000	73	93	0.823	0.747
2292.000000	73	93	0.829	0.740
2298.000000	73	93	0.842	0.727
2304.000000	73	93	0.848	0.713
2310.000000	73	93	0.851	0.697
2316.000000	73	93	0.854	0.687
2322.000000	73	93	0.857	0.671
2328.000000	73	93	0.862	0.637
2334.000000	73	93	0.865	0.599
2340.000000	73	93	0.869	0.555
2346.000000	73	93	0.878	0.489
2352.000000	73	93	0.886	0.405
2358.000000	73	93	0.892	0.303
2364.000000	73	93	0.896	0.189
2370.000000	73	93	0.896	0.107
2376.000000	73	188	0.901	0.092
2382.000000	73	188	0.903	0.100
2388.000000	73	188	0.909	0.108
2394.000000	73	188	0.913	0.112
2400.000000	73	71	0.916	0.116
2406.000000	73	71	0.919	0.124
2412.000000	73	71	0.916	0.135
2418.000000	73	71	0.911	0.147
2424.000000	73	71	0.906	0.160
2430.000000	73	71	0.899	0.178
2436.000000	73	71	0.892	0.199
2442.000000	73	71	0.882	0.219
2448.000000	73	71	0.870	0.238
2454.000000	73	71	0.856	0.252
2460.000000	73	71	0.842	0.266
2466.000000	73	71	0.826	0.281
2472.000000	73	71	0.804	0.299
2478.000000	73	71	0.780	0.322
2484.000000	73	71	0.753	0.351
2490.000000	73	71	0.722	0.378
2496.000000	73	71	0.676	0.409
2502.000000	73	71	0.615	0.440
2508.000000	73	71	0.535	0.480
2514.000000	71	73	0.515	0.425
2520.000000	71	73	0.560	0.280
2526.000000	71	190	0.608	0.297
2532.000000	71	190	0.660	0.306
2538.000000	71	190	0.697	0.313
2544.000000	71	190	0.707	0.328
2550.000000	71	190	0.713	0.345
2556.000000	71	190	0.718	0.356
2562.000000	71	190	0.728	0.364
2568.000000	71	190	0.731	0.379
2574.000000	71	190	0.734	0.397
2580.000000	71	190	0.741	0.410
2586.000000	71	190	0.747	0.420
2592.000000	71	190	0.758	0.433
2598.000000	71	190	0.761	0.448
2604.000000	71	190	0.761	0.457
2610.000000	71	190	0.764	0.472
2616.000000	71	190	0.770	0.480
2622.000000	71	190	0.778	0.491
2628.000000	71	190	0.782	0.509
2634.000000	71	190	0.785	0.517
2640.000000	71	190	0.787	0.522
2646.000000	71	190	0.786	0.529
2652.000000	71	190	0.785	0.532
2658.000000	71	190	0.781	0.546
2664.000000	71	190	0.780	0.557
2670.000000	71	190	0.774	0.574
2676.000000	71	190	0.772	0.589
2682.000000	71	190	0.774	0.602
2688.000000	71	190	0.778	0.616
2694.000000	71	190	0.783	0.628
2700.000000	71	190	0.789	0.641
2706.000000	71	190	0.788	0.653
2712.000000	71	190	0.782	0.661
2718.000000	71	190	0.777	0.676
2724.000000	71	190	0.773	0.692
2730.000000	71	190	0.772	0.702
2736.000000	71	190	0.770	0.711
2742.000000	71	190	0.765	0.725
2748.000000	71	190	0.753	0.745
2754.000000	190	71	0.759	0.741
2760.000000	190	71	0.770	0.731
2766.000000	190	71	0.783	0.718
2772.000000	190	71	0.798	0.698
2778.000000	190	71	0.818	0.673
2784.000000	190	71	0.838	0.645
2790.000000	190	71	0.850	0.612
2796.000000	190	71	0.871	0.560
2802.000000	190	71	0.884	0.501
2808.000000	190	71	0.900	0.420
2814.000000	190	71	0.916	0.291
2820.000000	190	71	0.932	0.145
2826.000000	190	126	0.941	0.126
2832.000000	190	126	0.945	0.121
2838.000000	190	28	0.948	0.127
2844.000000	190	28	0.952	0.131
2850.000000	190	28	0.950	0.140
2856.000000	190	28	0.946	0.149
2862.000000	190	28	0.941	0.158
2868.000000	190	28	0.933	0.165
2874.000000	190	28	0.930	0.169
2880.000000	190	28	0.926	0.175
2886.000000	190	28	0.922	0.184
2892.000000	190	28	0.918	0.190
2898.000000	190	28	0.911	0.197
2904.000000	190	28	0.897	0.205
2910.000000	190	28	0.889	0.209
2916.000000	190	28	0.881	0.212
2922.000000	190	28	0.874	0.215
2928.000000	190	28	0.863	0.219
2934.000000	190	28	0.851	0.218
2940.000000	190	28	0.837	0.214
2946.000000	190	28	0.828	0.209
2952.000000	190	53	0.815	0.210
2958.000000	190	53	0.796	0.221
2964.000000	190	53	0.773	0.231
2970.000000	190	53	0.738	0.241
2976.000000	190	53	0.696	0.260
2982.000000	190	53	0.657	0.281
2988.000000	190	53	0.617	0.309
2994.000000	190	53	0.576	0.330
3000.000000	190	53	0.519	0.347
3006.000000	190	53	0.443	0.374
3012.000000	53	190	0.408	0.338
3018.000000	53	167	0.447	0.235
3024.000000	53	167	0.479	0.256
3030.000000	53	167	0.512	0.265
3036.000000	53	167	0.540	0.271
3042.000000	53	167	0.559	0.283
3048.000000	53	167	0.576	0.299
3054.000000	53	167	0.592	0.320
3060.000000	53	167	0.607	0.333
3066.000000	53	167	0.619	0.336
3072.000000	53	167	0.638	0.340
3078.000000	53	167	0.658	0.337
3084.000000	53	167	0.670	0.333
3090.000000	53	167	0.684	0.326
3096.000000	53	167	0.702	0.320
3102.000000	53	167	0.717	0.321
3108.000000	53	167	0.724	0.323
3114.000000	53	167	0.733	0.320
3120.000000	53	169	0.745	0.319
3126.000000	53	169	0.760	0.321
3132.000000	53	169	0.771	0.321
3138.000000	53	169	0.785	0.328
3144.000000	53	169	0.793	0.332
3150.000000	53	169	0.802	0.341
3156.000000	53	169	0.807	0.352
3162.000000	53	169	0.810	0.369
3168.000000	53	169	0.812	0.380
3174.000000	53	169	0.816	0.388
3180.000000	53	169	0.825	0.389
3186.000000	53	169	0.835	0.399
3192.000000	53	169	0.846	0.412
3198.000000	53	169	0.856	0.420
3204.000000	53	169	0.866	0.425
3210.000000	53	169	0.877	0.431
3216.000000	53	169	0.878	0.444
3222.000000	53	169	0.880	0.450
3228.000000	53	169	0.885	0.453
3234.000000	53	169	0.887	0.461
3240.000000	53	169	0.891	0.464
3246.000000	53	169	0.897	0.461
3252.000000	53	169	0.898	0.456
3258.000000	53	169	0.899	0.450
3264.000000	53	169	0.894	0.453
3270.000000	53	169	0.890	0.456
3276.000000	53	169	0.886	0.455
3282.000000	53	169	0.881	0.455
3288.000000	53	169	0.877	0.452
3294.000000	53	169	0.875	0.444
3300.000000	53	169	0.875	0.440
3306.000000	53	169	0.869	0.432
3312.000000	53	169	0.866	0.417
3318.000000	53	169	0.860	0.403
3324.000000	53	169	0.853	0.391
3330.000000	53	169	0.845	0.380
3336.000000	53	189	0.835	0.383
3342.000000	53	189	0.826	0.390
3348.000000	53	189	0.819	0.395
3354.000000	53	189	0.813	0.404
3360.000000	53	189	0.801	0.416
3366.000000	53	189	0.787	0.433
3372.000000	53	189	0.773	0.466
3378.000000	53	189	0.757	0.499
3384.000000	53	189	0.737	0.532
3390.000000	53	189	0.707	0.571
3396.000000	53	189	0.664	0.620
3402.000000	189	53	0.669	0.610
3408.000000	189	53	0.719	0.507
3414.000000	189	53	0.796	0.328
3420.000000	189	53	0.860	0.151
3426.000000	189	100	0.890	0.155
3432.000000	189	100	0.905	0.168
3438.000000	189	100	0.915	0.199
3444.000000	189	100	0.918	0.237
3450.000000	189	100	0.916	0.265
3456.000000	189	100	0.914	0.294
3462.000000	189	100	0.912	0.334
3468.000000	189	100	0.911	0.379
3474.000000	189	100	0.908	0.424
3480.000000	189	100	0.908	0.459
3486.000000	189	100	0.904	0.494
3492.000000	189	100	0.900	0.522
3498.000000	189	100	0.897	0.548
3504.000000	189	100	0.890	0.575
3510.000000	189	100	0.885	0.599
3516.000000	189	100	0.879	0.621
3522.000000	189	100	0.880	0.641
3528.000000	189	100	0.878	0.654
3534.000000	189	100	0.874	0.668
3540.000000	189	100	0.868	0.690
3546.000000	189	100	0.862	0.705
3552.000000	189	100	0.855	0.720
3558.000000	189	100	0.849	0.730
3564.000000	189	100	0.844	0.739
3570.000000	189	100	0.841	0.754
3576.000000	189	100	0.835	0.777
3582.000000	189	100	0.825	0.801
3588.000000	100	189	0.821	0.809
3594.000000	100	189	0.837	0.792
3600.000000	100	189	0.846	0.779
3606.000000	100	189	0.855	0.769
3612.000000	100	189	0.864	0.758
3618.000000	100	189	0.873	0.744
3624.000000	100	189	0.883	0.723
3630.000000	100	189	0.890	0.706
3636.000000	100	189	0.892	0.689
3642.000000	100	189	0.902	0.661
3648.000000	100	189	0.909	0.628
3654.000000	100	189	0.913	0.593
3660.000000	100	189	0.921	0.534
3666.000000	100	189	0.934	0.452
3672.000000	100	189	0.951	0.318
3678.000000	100	189	0.966	0.144
3684.000000	100	140	0.973	0.102
3690.000000	100	140	0.974	0.109
3696.000000	100	140	0.973	0.117
3702.000000	100	140	0.972	0.126
3708.000000	100	140	0.969	0.141
3714.000000	100	140	0.967	0.156
3720.000000	100	140	0.966	0.169
3726.000000	100	140	0.965	0.178
3732.000000	100	140	0.963	0.191
3738.000000	100	140	0.962	0.209
3744.000000	100	140	0.960	0.225
3750.000000	100	140	0.957	0.243
3756.000000	100	140	0.953	0.265
3762.000000	100	140	0.949	0.289
3768.000000	100	140	0.946	0.316
3774.000000	100	140	0.943	0.348
3780.000000	100	140	0.940	0.383
3786.000000	100	140	0.935	0.422
3792.000000	100	140	0.928	0.463
3798.000000	100	140	0.917	0.502
3804.000000	100	140	0.904	0.538
3810.000000	100	140	0.890	0.578
3816.000000	100	140	0.872	0.612
3822.000000	100	140	0.857	0.640
3828.000000	100	140	0.841	0.659
3834.000000	100	140	0.822	0.683
3840.000000	100	140	0.801	0.708
3846.000000	100	140	0.772	0.734
3852.000000	140	100	0.758	0.739
3858.000000	140	100	0.784	0.690
3864.000000	140	100	0.806	0.622
3870.000000	140	89	0.846	0.522
3876.000000	140	89	0.881	0.570
3882.000000	140	89	0.910	0.620
3888.000000	140	89	0.921	0.665
3894.000000	140	89	0.924	0.700
3900.000000	140	89	0.926	0.717
3906.000000	140	89	0.924	0.725
3912.000000	140	89	0.920	0.730
3918.000000	140	89	0.917	0.728
3924.000000	140	89	0.915	0.726
3930.000000	140	89	0.911	0.728
3936.000000	140	89	0.908	0.729
3942.000000	140	89	0.907	0.731
3948.000000	140	89	0.906	0.736
3954.000000	140	89	0.906	0.739
3960.000000	140	89	0.904	0.738
3966.000000	140	89	0.902	0.736
3972.000000	140	89	0.903	0.733
3978.000000	140	89	0.901	0.734
3984.000000	140	89	0.900	0.735
3990.000000	140	89	0.898	0.735
3996.000000	140	89	0.896	0.736
4002.000000	140	89	0.892	0.739
4008.000000	140	89	0.886	0.741
4014.000000	140	89	0.884	0.740
4020.000000	140	89	0.882	0.737
4026.000000	140	89	0.880	0.734
4032.000000	140	89	0.878	0.730
4038.000000	140	89	0.876	0.725
4044.000000	140	89	0.874	0.723
4050.000000	140	89	0.870	0.719
4056.000000	140	89	0.868	0.714
4062.000000	140	89	0.865	0.710
4068.000000	140	89	0.863	0.704
4074.000000	140	89	0.861	0.696
4080.000000	140	89	0.857	0.691
4086.000000	140	89	0.851	0.683
4092.000000	140	89	0.844	0.674
4098.000000	140	89	0.841	0.656
4104.000000	140	89	0.838	0.633
4110.000000	140	89	0.835	0.604
4116.000000	140	89	0.832	0.560
4122.000000	140	89	0.827	0.501
4128.000000	140	89	0.825	0.428
4134.000000	140	89	0.829	0.319
4140.000000	140	89	0.831	0.188
4146.000000	140	98	0.835	0.177
4152.000000	140	98	0.837	0.177
4158.000000	140	98	0.836	0.186
4164.000000	140	98	0.836	0.190
4170.000000	140	98	0.830	0.192
4176.000000	140	98	0.815	0.197
4182.000000	140	98	0.796	0.203
4188.000000	140	98	0.780	0.211
4194.000000	140	34	0.761	0.222
4200.000000	140	34	0.727	0.243
4206.000000	140	34	0.683	0.267
4212.000000	140	34	0.629	0.291
4218.000000	140	34	0.551	0.326
4224.000000	140	34	0.447	0.369
4230.000000	34	140	0.423	0.307
4236.000000	34	98	0.498	0.300
4242.000000	34	98	0.559	0.329
4248.000000	34	98	0.602	0.343
4254.000000	34	98	0.631	0.352
4260.000000	34	98	0.674	0.361
4266.000000	34	98	0.697	0.373
4272.000000	34	98	0.709	0.386
4278.000000	34	98	0.716	0.396
4284.000000	34	98	0.724	0.402
4290.000000	34	98	0.731	0.409
4296.000000	34	98	0.736	0.412
4302.000000	34	98	0.739	0.413
4308.000000	34	98	0.742	0.412
4314.000000	34	98	0.750	0.409
4320.000000	34	98	0.755	0.408
4326.000000	34	98	0.772	0.404
4332.000000	34	98	0.779	0.399
4338.000000	34	98	0.780	0.391
4344.000000	34	98	0.781	0.390
4350.000000	34	98	0.789	0.389
4356.000000	34	98	0.792	0.387
4362.000000	34	199	0.799	0.384
4368.000000	34	199	0.799	0.386
4374.000000	34	199	0.803	0.384
4380.000000	34	199	0.809	0.383
4386.000000	34	199	0.815	0.382
4392.000000	34	199	0.822	0.377
4398.000000	34	199	0.830	0.376
4404.000000	34	107	0.840	0.389
4410.000000	34	107	0.845	0.399
4416.000000	34	107	0.855	0.414
4422.000000	34	107	0.867	0.431
4428.000000	34	107	0.869	0.447
4434.000000	34	107	0.873	0.459
4440.000000	34	107	0.878	0.476
4446.000000	34	107	0.880	0.484
4452.000000	34	107	0.877	0.495
4458.000000	34	107	0.880	0.507
4464.000000	34	107	0.886	0.519
4470.000000	34	107	0.891	0.525
4476.000000	34	107	0.888	0.540
4482.000000	34	107	0.893	0.556
4488.000000	34	107	0.892	0.568
4494.000000	34	107	0.889	0.579
4500.000000	34	107	0.891	0.587
4506.000000	34	107	0.888	0.600
4512.000000	34	107	0.880	0.610
4518.000000	34	107	0.872	0.612
4524.000000	34	107	0.862	0.618
4530.000000	34	107	0.857	0.622
4536.000000	34	107	0.847	0.626
4542.000000	34	107	0.831	0.635
4548.000000	34	107	0.818	0.642
4554.000000	34	107	0.807	0.648
4560.000000	34	107	0.790	0.655
4566.000000	34	107	0.771	0.667
4572.000000	34	107	0.757	0.668
4578.000000	34	107	0.736	0.673
4584.000000	34	107	0.702	0.686
4590.000000	107	34	0.696	0.660
4596.000000	107	34	0.710	0.616
4602.000000	107	34	0.735	0.553
4608.000000	107	34	0.765	0.450
4614.000000	107	34	0.804	0.303
4620.000000	107	101	0.841	0.184
4626.000000	107	101	0.869	0.180
4632.000000	107	101	0.875	0.173
4638.000000	107	101	0.876	0.162
4644.000000	107	101	0.874	0.157
4650.000000	107	101	0.871	0.158
4656.000000	107	136	0.872	0.164
4662.000000	107	136	0.872	0.177
4668.000000	107	136	0.874	0.190
4674.000000	107	136	0.877	0.204
4680.000000	107	136	0.880	0.216
4686.000000	107	136	0.883	0.229
4692.000000	107	136	0.879	0.243
4698.000000	107	136	0.874	0.258
4704.000000	107	136	0.871	0.276
4710.000000	107	136	0.868	0.295
4716.000000	107	136	0.863	0.306
4722.000000	107	136	0.858	0.313
4728.000000	107	136	0.854	0.321
4734.000000	107	136	0.845	0.335
4740.000000	107	136	0.838	0.350
4746.000000	107	136	0.828	0.369
4752.000000	107	136	0.819	0.391
4758.000000	107	136	0.810	0.414
4764.000000	107	136	0.799	0.436
4770.000000	107	136	0.786	0.460
4776.000000	107	136	0.768	0.492
4782.000000	107	136	0.755	0.516
4788.000000	107	136	0.737	0.541
4794.000000	107	136	0.708	0.565
4800.000000	107	136	0.677	0.580
4806.000000	107	136	0.633	0.604
4812.000000	136	107	0.628	0.581
4818.000000	136	107	0.663	0.499
4824.000000	136	107	0.691	0.403
4830.000000	136	167	0.720	0.372
4836.000000	136	167	0.754	0.402
4842.000000	136	167	0.778	0.427
4848.000000	136	167	0.803	0.448
4854.000000	136	167	0.813	0.463
4860.000000	136	167	0.817	0.475
4866.000000	136	167	0.827	0.482
4872.000000	136	167	0.832	0.490
4878.000000	136	167	0.836	0.491
4884.000000	136	167	0.839	0.489
4890.000000	136	167	0.841	0.490
4896.000000	136	167	0.838	0.501
4902.000000	136	167	0.838	0.505
4908.000000	136	167	0.841	0.506
4914.000000	136	167	0.847	0.507
4920.000000	136	167	0.848	0.513
4926.000000	136	167	0.850	0.522
4932.000000	136	167	0.854	0.526
4938.000000	136	167	0.855	0.528
4944.000000	136	167	0.859	0.530
4950.000000	136	167	0.866	0.531
4956.000000	136	167	0.868	0.529
4962.000000	136	167	0.864	0.529
4968.000000	136	167	0.860	0.530
4974.000000	136	167	0.862	0.521
4980.000000	136	167	0.861	0.517
4986.000000	136	167	0.857	0.517
4992.000000	136	167	0.853	0.517
4998.000000	136	167	0.849	0.519
5004.000000	136	167	0.844	0.515
5010.000000	136	167	0.839	0.513
5016.000000	136	167	0.837	0.507
5022.000000	136	167	0.828	0.504
5028.000000	136	167	0.822	0.497
5034.000000	136	167	0.817	0.481
5040.000000	136	167	0.808	0.462
5046.000000	136	167	0.800	0.437
5052.000000	136	167	0.786	0.406
5058.000000	136	169	0.768	0.418
5064.000000	136	169	0.747	0.460
5070.000000	136	169	0.729	0.495
5076.000000	136	169	0.701	0.534
5082.000000	136	169	0.666	0.568
5088.000000	136	169	0.628	0.605
5094.000000	169	136	0.641	0.581
5100.000000	169	136	0.682	0.498
5106.000000	169	136	0.743	0.376
5112.000000	169	136	0.806	0.221
5118.000000	169	113	0.849	0.222
5124.000000	169	113	0.876	0.239
5130.000000	169	113	0.896	0.253
5136.000000	169	113	0.902	0.272
5142.000000	169	113	0.906	0.295
5148.000000	169	113	0.905	0.320
5154.000000	169	113	0.899	0.337
5160.000000	169	113	0.895	0.354
5166.000000	169	113	0.889	0.369
5172.000000	169	113	0.879	0.383
5178.000000	169	113	0.874	0.392
5184.000000	169	113	0.872	0.395
5190.000000	169	113	0.870	0.402
5196.000000	169	113	0.868	0.409
5202.000000	169	113	0.866	0.420
5208.000000	169	113	0.863	0.426
5214.000000	169	113	0.859	0.434
5220.000000	169	113	0.855	0.437
5226.000000	169	113	0.851	0.438
5232.000000	169	113	0.847	0.438
5238.000000	169	113	0.848	0.432
5244.000000	169	113	0.845	0.430
5250.000000	169	113	0.842	0.431
5256.000000	169	113	0.836	0.433
5262.000000	169	113	0.830	0.432
5268.000000	169	113	0.827	0.430
5274.000000	169	113	0.825	0.425
5280.000000	169	113	0.821	0.416
5286.000000	169	113	0.814	0.404
5292.000000	169	113	0.807	0.399
5298.000000	169	10	0.797	0.413
5304.000000	169	10	0.789	0.426
5310.000000	169	10	0.785	0.448
5316.000000	169	10	0.776	0.476
5322.000000	169	10	0.758	0.510
5328.000000	169	10	0.744	0.544
5334.000000	169	10	0.734	0.585
5340.000000	169	10	0.722	0.636
5346.000000	169	10	0.697	0.693
5352.000000	10	169	0.746	0.661
5358.000000	10	169	0.776	0.628
5364.000000	10	169	0.805	0.569
5370.000000	10	169	0.829	0.495
5376.000000	10	169	0.868	0.388
5382.000000	10	169	0.902	0.236
5388.000000	10	54	0.919	0.198
5394.000000	10	54	0.927	0.186
5400.000000	10	54	0.932	0.175
5406.000000	10	54	0.937	0.170
5412.000000	10	54	0.936	0.171
5418.000000	10	54	0.934	0.172
5424.000000	10	54	0.933	0.169
5430.000000	10	54	0.930	0.169
5436.000000	10	54	0.928	0.169
5442.000000	10	54	0.927	0.167
5448.000000	10	54	0.926	0.167
5454.000000	10	54	0.926	0.165
5460.000000	10	54	0.926	0.162
5466.000000	10	54	0.927	0.165
5472.000000	10	54	0.926	0.169
5478.000000	10	54	0.923	0.168
5484.000000	10	54	0.921	0.165
5490.000000	10	54	0.918	0.158
5496.000000	10	54	0.916	0.148
5502.000000	10	42	0.914	0.145
5508.000000	10	42	0.912	0.152
5514.000000	10	42	0.911	0.159
5520.000000	10	42	0.910	0.166
5526.000000	10	42	0.908	0.175
5532.000000	10	42	0.904	0.187
5538.000000	10	42	0.899	0.198
5544.000000	10	42	0.896	0.208
5550.000000	10	42	0.892	0.218
5556.000000	10	42	0.883	0.238
5562.000000	10	42	0.876	0.252
5568.000000	10	42	0.866	0.269
5574.000000	10	42	0.859	0.280
5580.000000	10	42	0.853	0.287
5586.000000	10	42	0.843	0.293
5592.000000	10	42	0.834	0.300
5598.000000	10	42	0.827	0.308
5604.000000	10	42	0.818	0.317
5610.000000	10	42	0.805	0.331
5616.000000	10	42	0.784	0.350
5622.000000	10	42	0.760	0.374
5628.000000	10	42	0.739	0.398
5634.000000	10	42	0.712	0.423
5640.000000	10	42	0.671	0.450
5646.000000	10	42	0.619	0.490
5652.000000	10	42	0.542	0.535
5658.000000	42	10	0.599	0.434
5664.000000	42	10	0.662	0.286
5670.000000	42	44	0.727	0.281
5676.000000	42	44	0.783	0.305
5682.000000	42	44	0.841	0.334
5688.000000	42	44	0.860	0.376
5694.000000	42	44	0.870	0.424
5700.000000	42	44	0.882	0.470
5706.000000	42	44	0.890	0.516
5712.000000	42	44	0.894	0.560
5718.000000	42	44	0.893	0.591
5724.000000	42	44	0.894	0.613
5730.000000	42	44	0.895	0.636
5736.000000	42	44	0.899	0.650
5742.000000	42	44	0.896	0.661
5748.000000	42	44	0.893	0.677
5754.000000	42	44	0.890	0.689
5760.000000	42	44	0.888	0.699
5766.000000	42	44	0.882	0.715
5772.000000	42	44	0.879	0.727
5778.000000	42	44	0.875	0.739
5784.000000	42	44	0.870	0.753
5790.000000	42	44	0.869	0.759
5796.000000	42	44	0.868	0.763
5802.000000	42	44	0.865	0.769
5808.000000	42	44	0.857	0.781
5814.000000	42	44	0.852	0.786
5820.000000	42	44	0.849	0.794
5826.000000	42	44	0.841	0.803
5832.000000	42	44	0.834	0.812
5838.000000	42	44	0.830	0.816
5844.000000	42	44	0.825	0.822
5850.000000	44	42	0.823	0.820
5856.000000	44	42	0.828	0.812
5862.000000	44	42	0.834	0.804
5868.000000	44	42	0.840	0.795
5874.000000	44	42	0.849	0.784
5880.000000	44	42	0.858	0.774
5886.000000	44	42	0.866	0.764
5892.000000	44	42	0.878	0.745
5898.000000	44	42	0.884	0.728
5904.000000	44	42	0.891	0.707
5910.000000	44	42	0.897	0.681
5916.000000	44	42	0.907	0.644
5922.000000	44	42	0.919	0.601
5928.000000	44	42	0.927	0.552
5934.000000	44	42	0.933	0.476
5940.000000	44	42	0.943	0.363
5946.000000	44	42	0.949	0.224
5952.000000	44	42	0.957	0.084
5958.000000	44	175	0.959	0.069
5964.000000	44	86	0.960	0.070
5970.000000	44	86	0.961	0.070
5976.000000	44	86	0.962	0.069
5982.000000	44	66	0.963	0.075
5988.000000	44	66	0.962	0.081
5994.000000	44	56	0.961	0.088
6000.000000	44	56	0.960	0.094
6006.000000	44	56	0.959	0.098
6012.000000	44	56	0.958	0.102
6018.000000	44	56	0.957	0.106
6024.000000	44	56	0.957	0.112
6030.000000	44	56	0.958	0.116
6036.000000	44	56	0.958	0.116
6042.000000	44	56	0.957	0.116
6048.000000	44	56	0.957	0.116
6054.000000	44	56	0.958	0.117
6060.000000	44	56	0.960	0.119
6066.000000	44	56	0.960	0.125
6072.000000	44	56	0.959	0.130
6078.000000	44	56	0.958	0.132
6084.000000	44	56	0.956	0.135
6090.000000	44	56	0.953	0.135
6096.000000	44	56	0.951	0.137
6102.000000	44	56	0.948	0.138
6108.000000	44	56	0.946	0.140
6114.000000	44	56	0.944	0.143
6120.000000	44	56	0.943	0.144
6126.000000	44	56	0.943	0.141
6132.000000	44	137	0.941	0.146
6138.000000	44	137	0.940	0.154
6144.000000	44	137	0.940	0.155
6150.000000	44	137	0.940	0.157
6156.000000	44	137	0.939	0.160
6162.000000	44	137	0.938	0.163
6168.000000	44	137	0.938	0.161
6174.000000	44	56	0.937	0.160
6180.000000	44	56	0.935	0.163
6186.000000	44	56	0.933	0.164
6192.000000	44	56	0.932	0.165
6198.000000	44	56	0.931	0.163
6204.000000	44	56	0.929	0.160
6210.000000	44	56	0.927	0.162
6216.000000	44	56	0.919	0.163
6222.000000	44	56	0.909	0.165
6228.000000	44	56	0.898	0.167
6234.000000	44	56	0.881	0.166
6240.000000	44	176	0.867	0.171
6246.000000	44	56	0.850	0.184
6252.000000	44	176	0.834	0.195
6258.000000	44	176	0.816	0.207
6264.000000	44	176	0.793	0.222
6270.000000	44	176	0.755	0.237
6276.000000	44	176	0.697	0.260
6282.000000	44	176	0.615	0.286
6288.000000	44	176	0.472	0.315
6294.000000	176	56	0.360	0.331
6300.000000	176	56	0.422	0.384
6306.000000	176	56	0.512	0.451
6312.000000	176	56	0.593	0.532
6318.000000	176	56	0.640	0.607
6324.000000	176	56	0.673	0.665
6330.000000	56	176	0.698	0.696
6336.000000	56	176	0.719	0.712
6342.000000	56	176	0.731	0.719
6348.000000	56	176	0.737	0.731
6354.000000	176	56	0.743	0.740
6360.000000	176	56	0.752	0.743
6366.000000	176	56	0.755	0.748
6372.000000	176	56	0.755	0.754
6378.000000	56	176	0.757	0.757
6384.000000	176	56	0.758	0.758
6390.000000	56	176	0.759	0.758
6396.000000	56	176	0.759	0.756
6402.000000	56	176	0.760	0.754
6408.000000	56	176	0.762	0.752
6414.000000	56	176	0.765	0.751
6420.000000	56	176	0.759	0.756
6426.000000	176	56	0.763	0.752
6432.000000	176	56	0.769	0.745
6438.000000	176	56	0.769	0.743
6444.000000	176	56	0.768	0.743
6450.000000	176	56	0.767	0.745
6456.000000	176	56	0.762	0.750
6462.000000	176	56	0.760	0.756
6468.000000	176	56	0.764	0.754
6474.000000	176	56	0.769	0.747
6480.000000	176	56	0.773	0.738
6486.000000	176	56	0.781	0.727
6492.000000	176	56	0.789	0.717
6498.000000	176	56	0.792	0.714
6504.000000	176	56	0.799	0.708
6510.000000	176	56	0.810	0.697
6516.000000	176	56	0.818	0.681
6522.000000	176	56	0.818	0.664
6528.000000	176	56	0.822	0.647
6534.000000	176	56	0.826	0.628
6540.000000	176	56	0.833	0.601
6546.000000	176	56	0.850	0.559
6552.000000	176	56	0.857	0.508
6558.000000	176	56	0.874	0.415
6564.000000	176	56	0.885	0.292
6570.000000	176	56	0.893	0.163
6576.000000	176	83	0.904	0.081
6582.000000	176	83	0.916	0.071
6588.000000	176	83	0.931	0.068
6594.000000	176	83	0.943	0.064
6600.000000	176	83	0.949	0.060
6606.000000	176	192	0.953	0.059
6612.000000	176	199	0.955	0.058
6618.000000	176	199	0.957	0.061
6624.000000	176	199	0.958	0.061
6630.000000	176	192	0.959	0.062
6636.000000	176	192	0.960	0.065
6642.000000	176	192	0.961	0.068
6648.000000	176	192	0.961	0.072
6654.000000	176	192	0.961	0.074
6660.000000	176	192	0.962	0.077
6666.000000	176	192	0.962	0.078
6672.000000	176	192	0.960	0.080
6678.000000	176	192	0.960	0.085
6684.000000	176	192	0.959	0.089
6690.000000	176	192	0.956	0.095
6696.000000	176	192	0.952	0.101
6702.000000	176	192	0.950	0.110
6708.000000	176	192	0.946	0.123
6714.000000	176	192	0.943	0.136
6720.000000	176	192	0.940	0.147
6726.000000	176	192	0.938	0.161
6732.000000	176	192	0.935	0.175
6738.000000	176	192	0.930	0.190
6744.000000	176	192	0.926	0.202
6750.000000	176	192	0.923	0.219
6756.000000	176	192	0.920	0.245
6762.000000	176	192	0.913	0.279
6768.000000	176	192	0.903	0.317
6774.000000	176	192	0.891	0.360
6780.000000	176	192	0.875	0.411
6786.000000	176	192	0.849	0.468
6792.000000	176	192	0.806	0.538
6798.000000	176	192	0.749	0.616
6804.000000	192	176	0.697	0.672
6810.000000	192	176	0.776	0.552
6816.000000	192	176	0.846	0.359
6822.000000	192	12	0.899	0.234
6828.000000	192	12	0.926	0.256
6834.000000	192	12	0.937	0.290
6840.000000	192	12	0.939	0.327
6846.000000	192	12	0.937	0.375
6852.000000	192	12	0.934	0.423
6858.000000	192	12	0.927	0.463
6864.000000	192	12	0.924	0.505
6870.000000	192	12	0.921	0.538
6876.000000	192	12	0.916	0.566
6882.000000	192	12	0.915	0.584
6888.000000	192	12	0.913	0.599
6894.000000	192	12	0.913	0.609
6900.000000	192	12	0.912	0.616
6906.000000	192	12	0.909	0.627
6912.000000	192	12	0.907	0.638
6918.000000	192	12	0.904	0.644
6924.000000	192	12	0.897	0.657
6930.000000	192	12	0.895	0.661
6936.000000	192	12	0.895	0.665
6942.000000	192	12	0.895	0.669
6948.000000	192	12	0.893	0.671
6954.000000	192	12	0.887	0.675
6960.000000	192	12	0.884	0.680
6966.000000	192	12	0.878	0.690
6972.000000	192	12	0.872	0.706
6978.000000	192	12	0.867	0.717
6984.000000	192	12	0.859	0.731
6990.000000	192	12	0.855	0.739
6996.000000	192	12	0.849	0.749
7002.000000	192	12	0.843	0.759
7008.000000	192	12	0.836	0.768
7014.000000	192	12	0.828	0.780
7020.000000	192	12	0.823	0.785
7026.000000	192	12	0.817	0.797
7032.000000	12	192	0.810	0.806
7038.000000	12	192	0.820	0.794
7044.000000	12	192	0.836	0.775
7050.000000	12	192	0.855	0.753
7056.000000	12	192	0.860	0.738
7062.000000	12	192	0.870	0.716
7068.000000	12	192	0.885	0.685
7074.000000	12	192	0.892	0.655
7080.000000	12	192	0.898	0.619
7086.000000	12	192	0.915	0.552
7092.000000	12	192	0.924	0.474
7098.000000	12	192	0.938	0.339
7104.000000	12	192	0.952	0.163
7110.000000	12	187	0.960	0.068
7116.000000	12	187	0.966	0.060
7122.000000	12	178	0.969	0.058
7128.000000	12	178	0.970	0.062
7134.000000	12	178	0.970	0.062
7140.000000	12	178	0.970	0.062
7146.000000	12	178	0.970	0.065
7152.000000	12	167	0.971	0.070
7158.000000	12	167	0.972	0.077
7164.000000	12	167	0.969	0.086
7170.000000	12	167	0.966	0.096
7176.000000	12	167	0.961	0.108
7182.000000	12	167	0.959	0.123
7188.000000	12	167	0.957	0.135
7194.000000	12	167	0.956	0.144
7200.000000	12	167	0.954	0.153
7206.000000	12	167	0.952	0.160
7212.000000	12	167	0.949	0.170
7218.000000	12	167	0.944	0.179
7224.000000	12	167	0.940	0.187
7230.000000	12	167	0.932	0.197
7236.000000	12	167	0.925	0.210
7242.000000	12	167	0.920	0.229
7248.000000	12	167	0.914	0.255
7254.000000	12	167	0.905	0.284
7260.000000	12	167	0.891	0.317
7266.000000	12	167	0.873	0.354
7272.000000	12	167	0.855	0.397
7278.000000	12	167	0.837	0.444
7284.000000	12	167	0.816	0.492
7290.000000	12	167	0.789	0.537
7296.000000	12	167	0.749	0.574
7302.000000	12	167	0.695	0.608
7308.000000	167	12	0.662	0.592
7314.000000	167	12	0.709	0.443
7320.000000	167	12	0.748	0.293
7326.000000	167	69	0.803	0.289
7332.000000	167	69	0.834	0.298
7338.000000	167	69	0.849	0.317
7344.000000	167	69	0.854	0.341
7350.000000	167	69	0.857	0.361
7356.000000	167	69	0.859	0.386
7362.000000	167	69	0.860	0.411
7368.000000	167	69	0.860	0.437
7374.000000	167	69	0.866	0.451
7380.000000	167	69	0.868	0.452
7386.000000	167	69	0.869	0.454
7392.000000	167	69	0.870	0.459
7398.000000	167	69	0.873	0.468
7404.000000	167	69	0.875	0.474
7410.000000	167	69	0.879	0.475
7416.000000	167	69	0.879	0.474
7422.000000	167	69	0.881	0.477
7428.000000	167	69	0.880	0.482
7434.000000	167	69	0.881	0.485
7440.000000	167	69	0.883	0.489
7446.000000	167	69	0.882	0.491
7452.000000	167	69	0.882	0.491
7458.000000	167	69	0.881	0.488
7464.000000	167	69	0.881	0.482
7470.000000	167	69	0.880	0.478
7476.000000	167	69	0.879	0.471
7482.000000	167	69	0.878	0.460
7488.000000	167	69	0.876	0.450
7494.000000	167	69	0.873	0.439
7500.000000	167	69	0.870	0.419
7506.000000	167	69	0.872	0.395
7512.000000	167	69	0.875	0.371
7518.000000	167	69	0.874	0.350
7524.000000	167	69	0.873	0.332
7530.000000	167	69	0.873	0.303
7536.000000	167	85	0.873	0.270
7542.000000	167	85	0.870	0.283
7548.000000	167	85	0.869	0.288
7554.000000	167	85	0.867	0.286
7560.000000	167	85	0.866	0.285
7566.000000	167	85	0.863	0.285
7572.000000	167	85	0.857	0.290
7578.000000	167	85	0.852	0.295
7584.000000	167	85	0.847	0.299
7590.000000	167	85	0.842	0.305
7596.000000	167	85	0.833	0.313
7602.000000	167	85	0.819	0.321
7608.000000	167	85	0.802	0.327
7614.000000	167	85	0.781	0.334
7620.000000	167	85	0.758	0.344
7626.000000	167	85	0.725	0.355
7632.000000	167	85	0.691	0.369
7638.000000	167	85	0.641	0.390
7644.000000	167	85	0.573	0.407
7650.000000	167	85	0.469	0.438
7656.000000	85	167	0.478	0.328
7662.000000	85	66	0.544	0.303
7668.000000	85	66	0.601	0.309
7674.000000	85	66	0.650	0.319
7680.000000	85	66	0.703	0.333
7686.000000	85	66	0.738	0.347
7692.000000	85	66	0.757	0.361
7698.000000	85	66	0.778	0.378
7704.000000	85	66	0.798	0.398
7710.000000	85	66	0.818	0.411
7716.000000	85	66	0.830	0.420
7722.000000	85	66	0.839	0.429
7728.000000	85	66	0.846	0.435
7734.000000	85	66	0.855	0.442
7740.000000	85	66	0.865	0.451
7746.000000	85	66	0.873	0.458
7752.000000	85	66	0.883	0.464
7758.000000	85	66	0.890	0.470
7764.000000	85	66	0.895	0.475
7770.000000	85	66	0.899	0.473
7776.000000	85	66	0.901	0.475
7782.000000	85	66	0.907	0.474
7788.000000	85	66	0.910	0.479
7794.000000	85	66	0.912	0.485
7800.000000	85	66	0.914	0.494
7806.000000	85	66	0.914	0.508
7812.000000	85	66	0.914	0.517
7818.000000	85	66	0.913	0.522
7824.000000	85	66	0.914	0.525
7830.000000	85	66	0.916	0.528
7836.000000	85	66	0.920	0.528
7842.000000	85	66	0.922	0.526
7848.000000	85	66	0.927	0.523
7854.000000	85	66	0.933	0.518
7860.000000	85	66	0.937	0.514
7866.000000	85	66	0.938	0.512
7872.000000	85	66	0.942	0.506
7878.000000	85	66	0.944	0.498
7884.000000	85	66	0.945	0.482
7890.000000	85	66	0.946	0.460
7896.000000	85	66	0.947	0.435
7902.000000	85	66	0.948	0.405
7908.000000	85	66	0.949	0.368
7914.000000	85	66	0.950	0.315
7920.000000	85	66	0.951	0.254
7926.000000	85	66	0.951	0.200
7932.000000	85	66	0.952	0.148
7938.000000	85	117	0.953	0.133
7944.000000	85	117	0.955	0.134
7950.000000	85	117	0.955	0.133
7956.000000	85	117	0.956	0.131
7962.000000	85	117	0.955	0.132
7968.000000	85	117	0.955	0.137
7974.000000	85	117	0.954	0.140
7980.000000	85	117	0.953	0.140
7986.000000	85	117	0.954	0.139
7992.000000	85	117	0.953	0.135
7998.000000	85	117	0.951	0.131
8004.000000	85	117	0.950	0.128
8010.000000	85	117	0.949	0.123
8016.000000	85	117	0.948	0.116
8022.000000	85	117	0.946	0.112
8028.000000	85	117	0.943	0.108
8034.000000	85	117	0.940	0.108
8040.000000	85	117	0.935	0.108
8046.000000	85	117	0.932	0.108
8052.000000	85	117	0.930	0.107
8058.000000	85	117	0.928	0.104
8064.000000	85	117	0.926	0.101
8070.000000	85	117	0.924	0.094
8076.000000	85	117	0.922	0.081
8082.000000	85	82	0.921	0.071
8088.000000	85	82	0.920	0.073
8094.000000	85	82	0.917	0.074
8100.000000	85	82	0.912	0.074
8106.000000	85	82	0.908	0.073
8112.000000	85	82	0.904	0.071
8118.000000	85	82	0.898	0.071
8124.000000	85	82	0.888	0.071
8130.000000	85	82	0.879	0.071
8136.000000	85	82	0.871	0.073
8142.000000	85	82	0.866	0.074
8148.000000	85	82	0.858	0.074
8154.000000	85	82	0.848	0.073
8160.000000	85	82	0.837	0.070
8166.000000	85	82	0.819	0.066
8172.000000	85	82	0.792	0.062
8178.000000	85	82	0.750	0.060
8184.000000	85	82	0.688	0.057
8190.000000	85	82	0.574	0.052
8196.000000	85	82	0.330	0.047
8202.000000	85	82	0.049	0.025
8208.000000	82	148	0.016	0.010
8214.000000	82	119	0.013	0.008
8220.000000	119	21	0.008	0.008
