0.000000	125	102	0.000	0.000
6.000000	145	16	0.992	0.030
12.000000	145	16	0.992	0.031
18.000000	145	183	0.992	0.033
24.000000	145	183	0.992	0.035
30.000000	145	183	0.991	0.039
36.000000	145	183	0.990	0.041
42.000000	145	183	0.988	0.043
48.000000	145	183	0.987	0.046
54.000000	145	183	0.985	0.050
60.000000	145	183	0.983	0.054
66.000000	145	15	0.981	0.058
72.000000	145	15	0.979	0.061
78.000000	145	153	0.977	0.068
84.000000	145	153	0.975	0.077
90.000000	145	153	0.973	0.085
96.000000	145	153	0.971	0.091
102.000000	145	153	0.968	0.101
108.000000	145	153	0.965	0.111
114.000000	145	153	0.962	0.121
120.000000	145	153	0.959	0.131
126.000000	145	153	0.956	0.141
132.000000	145	153	0.952	0.151
138.000000	145	153	0.949	0.155
144.000000	145	153	0.945	0.162
150.000000	145	153	0.942	0.170
156.000000	145	85	0.940	0.178
162.000000	145	85	0.937	0.193
168.000000	145	85	0.934	0.203
174.000000	145	85	0.931	0.212
180.000000	145	153	0.927	0.221
186.000000	145	85	0.922	0.230
192.000000	145	85	0.918	0.247
198.000000	145	85	0.915	0.262
204.000000	145	85	0.913	0.274
210.000000	145	85	0.910	0.283
216.000000	145	85	0.904	0.295
222.000000	145	85	0.899	0.307
228.000000	145	85	0.890	0.324
234.000000	145	85	0.883	0.345
240.000000	145	85	0.876	0.363
246.000000	145	85	0.870	0.376
252.000000	145	85	0.866	0.384
258.000000	145	85	0.860	0.396
264.000000	145	85	0.852	0.412
270.000000	145	85	0.842	0.426
276.000000	145	85	0.831	0.448
282.000000	145	85	0.816	0.478
288.000000	145	85	0.803	0.503
294.000000	145	85	0.782	0.534
300.000000	145	85	0.749	0.564
306.000000	145	85	0.725	0.583
312.000000	145	85	0.690	0.602
318.000000	145	85	0.638	0.633
324.000000	85	145	0.659	0.579
330.000000	85	145	0.690	0.488
336.000000	85	164	0.725	0.451
342.000000	85	164	0.786	0.486
348.000000	85	164	0.808	0.537
354.000000	85	164	0.818	0.576
360.000000	85	164	0.834	0.584
366.000000	85	164	0.840	0.596
372.000000	85	164	0.843	0.605
378.000000	85	164	0.844	0.611
384.000000	85	164	0.846	0.613
390.000000	85	164	0.843	0.622
396.000000	85	164	0.846	0.626
402.000000	85	164	0.851	0.623
408.000000	85	164	0.856	0.622
414.000000	85	164	0.857	0.622
420.000000	85	164	0.857	0.625
426.000000	85	164	0.856	0.628
432.000000	85	164	0.853	0.637
438.000000	85	164	0.852	0.643
444.000000	85	164	0.853	0.646
450.000000	85	164	0.855	0.649
456.000000	85	164	0.854	0.645
462.000000	85	164	0.852	0.648
468.000000	85	164	0.848	0.651
474.000000	85	164	0.848	0.655
480.000000	85	164	0.846	0.656
486.000000	85	164	0.842	0.658
492.000000	85	164	0.834	0.668
498.000000	85	164	0.824	0.679
504.000000	85	164	0.814	0.689
510.000000	85	164	0.804	0.696
516.000000	85	164	0.797	0.700
522.000000	85	164	0.790	0.701
528.000000	85	164	0.775	0.701
534.000000	85	164	0.757	0.704
540.000000	85	164	0.743	0.702
546.000000	85	164	0.721	0.707
552.000000	164	85	0.709	0.698
558.000000	164	85	0.717	0.666
564.000000	164	85	0.723	0.629
570.000000	164	85	0.728	0.579
576.000000	164	85	0.738	0.513
582.000000	164	85	0.751	0.417
588.000000	164	193	0.768	0.272
594.000000	164	193	0.796	0.288
600.000000	164	193	0.812	0.299
606.000000	164	193	0.833	0.311
612.000000	164	193	0.836	0.323
618.000000	164	193	0.838	0.340
624.000000	164	193	0.837	0.355
630.000000	164	193	0.836	0.371
636.000000	164	193	0.839	0.386
642.000000	164	193	0.843	0.395
648.000000	164	193	0.845	0.404
654.000000	164	193	0.847	0.419
660.000000	164	193	0.845	0.431
666.000000	164	193	0.841	0.437
672.000000	164	193	0.839	0.449
678.000000	164	193	0.833	0.469
684.000000	164	193	0.830	0.481
690.000000	164	193	0.824	0.489
696.000000	164	193	0.818	0.496
702.000000	164	193	0.818	0.497
708.000000	164	193	0.817	0.497
714.000000	164	193	0.815	0.499
720.000000	164	193	0.802	0.513
726.000000	164	193	0.796	0.528
732.000000	164	193	0.787	0.546
738.000000	164	193	0.777	0.563
744.000000	164	193	0.767	0.582
750.000000	164	193	0.764	0.589
756.000000	164	193	0.753	0.601
762.000000	164	193	0.738	0.614
768.000000	164	193	0.719	0.626
774.000000	164	193	0.698	0.644
780.000000	193	164	0.671	0.661
786.000000	193	164	0.695	0.612
792.000000	193	164	0.727	0.540
798.000000	193	164	0.753	0.458
804.000000	193	164	0.780	0.360
810.000000	193	83	0.810	0.379
816.000000	193	83	0.839	0.414
822.000000	193	83	0.855	0.461
828.000000	193	83	0.862	0.499
834.000000	193	83	0.865	0.541
840.000000	193	83	0.862	0.581
846.000000	193	83	0.860	0.604
852.000000	193	83	0.852	0.625
858.000000	193	83	0.847	0.640
864.000000	193	83	0.837	0.656
870.000000	193	83	0.827	0.667
876.000000	193	83	0.817	0.684
882.000000	193	83	0.809	0.695
888.000000	193	83	0.797	0.704
894.000000	193	83	0.782	0.715
900.000000	193	83	0.766	0.725
906.000000	193	83	0.748	0.734
912.000000	83	193	0.749	0.723
918.000000	83	193	0.762	0.698
924.000000	83	193	0.771	0.667
930.000000	83	193	0.779	0.646
936.000000	83	193	0.794	0.614
942.000000	83	193	0.803	0.575
948.000000	83	193	0.816	0.532
954.000000	83	193	0.823	0.476
960.000000	83	193	0.840	0.401
966.000000	83	193	0.858	0.313
972.000000	83	11	0.873	0.245
978.000000	83	11	0.894	0.264
984.000000	83	11	0.908	0.285
990.000000	83	11	0.914	0.304
996.000000	83	11	0.918	0.326
1002.000000	83	11	0.920	0.350
1008.000000	83	11	0.921	0.365
1014.000000	83	11	0.923	0.376
1020.000000	83	11	0.924	0.386
1026.000000	83	11	0.921	0.402
1032.000000	83	11	0.919	0.424
1038.000000	83	11	0.917	0.447
1044.000000	83	11	0.914	0.465
1050.000000	83	11	0.913	0.484
1056.000000	83	11	0.912	0.499
1062.000000	83	11	0.912	0.511
1068.000000	83	11	0.915	0.518
1074.000000	83	11	0.913	0.522
1080.000000	83	11	0.915	0.524
1086.000000	83	11	0.913	0.529
1092.000000	83	11	0.904	0.543
1098.000000	83	11	0.899	0.557
1104.000000	83	11	0.896	0.568
1110.000000	83	11	0.888	0.585
1116.000000	83	11	0.880	0.599
1122.000000	83	11	0.872	0.614
1128.000000	83	11	0.863	0.624
1134.000000	83	11	0.852	0.646
1140.000000	83	11	0.847	0.660
1146.000000	83	11	0.840	0.668
1152.000000	83	11	0.830	0.681
1158.000000	83	11	0.823	0.695
1164.000000	83	11	0.815	0.703
1170.000000	83	11	0.802	0.716
1176.000000	83	11	0.780	0.732
1182.000000	11	83	0.762	0.745
1188.000000	11	83	0.795	0.696
1194.000000	11	83	0.815	0.642
1200.000000	11	83	0.843	0.560
1206.000000	11	83	0.873	0.430
1212.000000	11	83	0.907	0.258
1218.000000	11	122	0.933	0.129
1224.000000	11	122	0.941	0.130
1230.000000	11	122	0.944	0.138
1236.000000	11	122	0.944	0.149
1242.000000	11	122	0.944	0.158
1248.000000	11	122	0.942	0.168
1254.000000	11	122	0.941	0.184
1260.000000	11	122	0.933	0.197
1266.000000	11	122	0.925	0.205
1272.000000	11	122	0.918	0.212
1278.000000	11	122	0.910	0.219
1284.000000	11	122	0.903	0.224
1290.000000	11	122	0.895	0.228
1296.000000	11	122	0.887	0.228
1302.000000	11	122	0.881	0.228
1308.000000	11	122	0.875	0.227
1314.000000	11	122	0.865	0.229
1320.000000	11	122	0.850	0.237
1326.000000	11	122	0.832	0.246
1332.000000	11	122	0.817	0.254
1338.000000	11	122	0.800	0.261
1344.000000	11	122	0.779	0.270
1350.000000	11	122	0.759	0.277
1356.000000	11	122	0.740	0.290
1362.000000	11	122	0.716	0.298
1368.000000	11	122	0.686	0.300
1374.000000	11	122	0.645	0.300
1380.000000	11	122	0.603	0.304
1386.000000	11	122	0.550	0.312
1392.000000	11	122	0.489	0.320
1398.000000	11	122	0.416	0.323
1404.000000	9	11	0.331	0.328
1410.000000	9	122	0.355	0.329
1416.000000	9	122	0.375	0.332
1422.000000	9	122	0.404	0.339
1428.000000	9	122	0.429	0.354
1434.000000	9	122	0.451	0.362
1440.000000	9	122	0.474	0.365
1446.000000	9	122	0.502	0.366
1452.000000	9	122	0.536	0.378
1458.000000	9	122	0.568	0.378
1464.000000	9	122	0.589	0.382
1470.000000	9	122	0.608	0.387
1476.000000	9	122	0.628	0.394
1482.000000	9	122	0.648	0.400
1488.000000	9	122	0.672	0.405
1494.000000	9	122	0.691	0.405
1500.000000	9	122	0.709	0.403
1506.000000	9	122	0.729	0.403
1512.000000	9	122	0.742	0.391
1518.000000	9	122	0.762	0.376
1524.000000	9	122	0.780	0.365
1530.000000	9	122	0.791	0.360
1536.000000	9	122	0.806	0.347
1542.000000	9	122	0.816	0.331
1548.000000	9	122	0.827	0.317
1554.000000	9	122	0.840	0.290
1560.000000	9	52	0.844	0.287
1566.000000	9	52	0.847	0.302
1572.000000	9	52	0.852	0.316
1578.000000	9	52	0.855	0.328
1584.000000	9	52	0.858	0.344
1590.000000	9	52	0.859	0.358
1596.000000	9	52	0.859	0.370
1602.000000	9	52	0.860	0.385
1608.000000	9	52	0.862	0.394
1614.000000	9	52	0.862	0.396
1620.000000	9	52	0.859	0.401
1626.000000	9	52	0.856	0.410
1632.000000	9	52	0.850	0.418
1638.000000	9	52	0.846	0.421
1644.000000	9	52	0.842	0.429
1650.000000	9	52	0.837	0.430
1656.000000	9	52	0.830	0.431
1662.000000	9	52	0.832	0.427
1668.000000	9	52	0.827	0.427
1674.000000	9	52	0.821	0.426
1680.000000	9	52	0.810	0.428
1686.000000	9	52	0.804	0.430
1692.000000	9	52	0.798	0.430
1698.000000	9	52	0.789	0.427
1704.000000	9	52	0.779	0.423
1710.000000	9	52	0.767	0.423
1716.000000	9	52	0.759	0.426
1722.000000	9	68	0.753	0.442
1728.000000	9	68	0.744	0.483
1734.000000	9	68	0.724	0.531
1740.000000	9	68	0.697	0.575
1746.000000	9	68	0.668	0.609
1752.000000	68	9	0.647	0.636
1758.000000	68	9	0.691	0.583
1764.000000	68	9	0.728	0.506
1770.000000	68	9	0.779	0.414
1776.000000	68	52	0.832	0.299
1782.000000	68	52	0.877	0.275
1788.000000	68	52	0.913	0.244
1794.000000	68	52	0.935	0.202
1800.000000	68	52	0.944	0.161
1806.000000	68	52	0.947	0.132
1812.000000	68	14	0.953	0.124
1818.000000	68	14	0.957	0.131
1824.000000	68	14	0.959	0.134
1830.000000	68	14	0.961	0.138
1836.000000	68	14	0.960	0.149
1842.000000	68	14	0.958	0.159
1848.000000	68	14	0.957	0.171
1854.000000	68	14	0.955	0.182
1860.000000	68	14	0.954	0.192
1866.000000	68	14	0.952	0.199
1872.000000	68	14	0.950	0.204
1878.000000	68	14	0.948	0.210
1884.000000	68	14	0.945	0.217
1890.000000	68	14	0.943	0.222
1896.000000	68	14	0.941	0.230
1902.000000	68	14	0.940	0.235
1908.000000	68	14	0.937	0.237
1914.000000	68	14	0.935	0.243
1920.000000	68	14	0.933	0.252
1926.000000	68	14	0.931	0.260
1932.000000	68	14	0.929	0.269
1938.000000	68	163	0.926	0.288
1944.000000	68	163	0.919	0.314
1950.000000	68	163	0.912	0.336
1956.000000	68	163	0.909	0.354
1962.000000	68	163	0.905	0.372
1968.000000	68	163	0.901	0.394
1974.000000	68	163	0.896	0.417
1980.000000	68	163	0.891	0.445
1986.000000	68	163	0.884	0.470
1992.000000	68	163	0.875	0.490
1998.000000	68	163	0.862	0.510
2004.000000	68	163	0.844	0.543
2010.000000	68	163	0.833	0.568
2016.000000	68	163	0.824	0.581
2022.000000	68	163	0.809	0.593
2028.000000	68	163	0.791	0.606
2034.000000	68	163	0.764	0.627
2040.000000	68	163	0.728	0.649
2046.000000	163	68	0.679	0.672
2052.000000	163	14	0.700	0.627
2058.000000	163	14	0.728	0.661
2064.000000	163	14	0.762	0.700
2070.000000	163	14	0.797	0.745
2076.000000	163	14	0.818	0.781
2082.000000	163	14	0.834	0.791
2088.000000	163	14	0.837	0.800
2094.000000	163	14	0.847	0.800
2100.000000	163	14	0.855	0.796
2106.000000	163	14	0.853	0.800
2112.000000	163	14	0.854	0.797
2118.000000	163	14	0.851	0.796
2124.000000	163	14	0.848	0.795
2130.000000	163	14	0.845	0.793
2136.000000	163	14	0.842	0.791
2142.000000	163	14	0.838	0.790
2148.000000	163	14	0.838	0.786
2154.000000	163	14	0.838	0.782
2160.000000	163	14	0.833	0.778
2166.000000	163	14	0.830	0.775
2172.000000	163	14	0.827	0.771
2178.000000	163	14	0.826	0.767
2184.000000	163	14	0.826	0.759
2190.000000	163	14	0.822	0.751
2196.000000	163	14	0.819	0.744
2202.000000	163	14	0.813	0.735
2208.000000	163	14	0.809	0.727
2214.000000	163	14	0.804	0.721
2220.000000	163	14	0.803	0.713
2226.000000	163	14	0.799	0.704
2232.000000	163	14	0.792	0.691
2238.000000	163	14	0.787	0.672
2244.000000	163	14	0.783	0.645
2250.000000	163	14	0.784	0.604
2256.000000	163	14	0.785	0.557
2262.000000	163	14	0.778	0.496
2268.000000	163	14	0.773	0.420
2274.000000	163	14	0.773	0.321
2280.000000	163	178	0.771	0.224
2286.000000	163	178	0.770	0.234
2292.000000	163	178	0.766	0.243
2298.000000	163	178	0.753	0.257
2304.000000	163	178	0.737	0.273
2310.000000	163	178	0.723	0.288
2316.000000	163	178	0.697	0.310
2322.000000	163	178	0.661	0.339
2328.000000	163	178	0.609	0.374
2334.000000	163	178	0.553	0.413
2340.000000	163	178	0.479	0.451
2346.000000	178	163	0.483	0.375
2352.000000	178	7	0.514	0.279
2358.000000	178	7	0.555	0.281
2364.000000	178	7	0.598	0.280
2370.000000	178	7	0.634	0.283
2376.000000	178	7	0.654	0.294
2382.000000	178	7	0.675	0.304
2388.000000	178	7	0.691	0.310
2394.000000	178	7	0.702	0.309
2400.000000	178	7	0.707	0.307
2406.000000	178	7	0.712	0.302
2412.000000	178	7	0.719	0.291
2418.000000	178	7	0.722	0.281
2424.000000	178	93	0.737	0.279
2430.000000	178	93	0.751	0.287
2436.000000	178	93	0.767	0.291
2442.000000	178	93	0.776	0.299
2448.000000	178	93	0.787	0.303
2454.000000	178	93	0.797	0.307
2460.000000	178	93	0.801	0.311
2466.000000	178	93	0.806	0.313
2472.000000	178	93	0.812	0.317
2478.000000	178	93	0.814	0.326
2484.000000	178	93	0.816	0.334
2490.000000	178	93	0.821	0.332
2496.000000	178	93	0.830	0.324
2502.000000	178	93	0.837	0.315
2508.000000	178	55	0.841	0.323
2514.000000	178	55	0.845	0.334
2520.000000	178	55	0.852	0.342
2526.000000	178	55	0.855	0.351
2532.000000	178	55	0.856	0.367
2538.000000	178	55	0.863	0.371
2544.000000	178	55	0.869	0.372
2550.000000	178	55	0.869	0.378
2556.000000	178	55	0.866	0.391
2562.000000	178	55	0.865	0.409
2568.000000	178	55	0.864	0.431
2574.000000	178	55	0.862	0.447
2580.000000	178	55	0.862	0.456
2586.000000	178	55	0.858	0.467
2592.000000	178	55	0.856	0.482
2598.000000	178	55	0.861	0.507
2604.000000	178	55	0.859	0.529
2610.000000	178	55	0.853	0.552
2616.000000	178	55	0.847	0.577
2622.000000	178	55	0.845	0.585
2628.000000	178	55	0.841	0.595
2634.000000	178	55	0.836	0.613
2640.000000	178	55	0.832	0.631
2646.000000	178	55	0.826	0.645
2652.000000	178	55	0.815	0.665
2658.000000	178	55	0.796	0.694
2664.000000	178	55	0.787	0.716
2670.000000	178	55	0.771	0.740
2676.000000	55	178	0.771	0.750
2682.000000	55	178	0.793	0.722
2688.000000	55	178	0.820	0.681
2694.000000	55	178	0.854	0.623
2700.000000	55	178	0.882	0.551
2706.000000	55	178	0.901	0.453
2712.000000	55	178	0.929	0.304
2718.000000	55	178	0.951	0.138
2724.000000	55	30	0.959	0.091
2730.000000	55	30	0.964	0.103
2736.000000	55	30	0.963	0.116
2742.000000	55	30	0.962	0.122
2748.000000	55	30	0.960	0.129
2754.000000	55	30	0.957	0.139
2760.000000	55	30	0.954	0.149
2766.000000	55	30	0.952	0.159
2772.000000	55	30	0.950	0.168
2778.000000	55	30	0.948	0.175
2784.000000	55	30	0.946	0.181
2790.000000	55	30	0.944	0.189
2796.000000	55	30	0.941	0.199
2802.000000	55	30	0.938	0.207
2808.000000	55	30	0.935	0.214
2814.000000	55	30	0.933	0.222
2820.000000	55	30	0.931	0.231
2826.000000	55	30	0.929	0.244
2832.000000	55	30	0.926	0.254
2838.000000	55	30	0.922	0.261
2844.000000	55	30	0.918	0.267
2850.000000	55	30	0.914	0.273
2856.000000	55	30	0.908	0.280
2862.000000	55	30	0.905	0.286
2868.000000	55	30	0.900	0.290
2874.000000	55	30	0.895	0.293
2880.000000	55	30	0.886	0.297
2886.000000	55	30	0.872	0.305
2892.000000	55	30	0.859	0.314
2898.000000	55	30	0.842	0.327
2904.000000	55	30	0.819	0.340
2910.000000	55	30	0.787	0.354
2916.000000	55	30	0.753	0.371
2922.000000	55	30	0.719	0.382
2928.000000	55	30	0.679	0.398
2934.000000	55	30	0.625	0.425
2940.000000	55	30	0.533	0.456
2946.000000	30	164	0.495	0.430
2952.000000	30	164	0.549	0.475
2958.000000	30	164	0.594	0.525
2964.000000	30	164	0.637	0.575
2970.000000	30	164	0.672	0.624
2976.000000	164	30	0.685	0.676
2982.000000	164	30	0.725	0.677
2988.000000	164	30	0.752	0.676
2994.000000	164	30	0.769	0.678
3000.000000	164	30	0.775	0.680
3006.000000	164	30	0.777	0.680
3012.000000	164	30	0.780	0.674
3018.000000	164	30	0.781	0.670
3024.000000	164	30	0.781	0.670
3030.000000	164	30	0.781	0.673
3036.000000	164	30	0.785	0.673
3042.000000	164	30	0.787	0.674
3048.000000	164	30	0.788	0.672
3054.000000	164	30	0.796	0.670
3060.000000	164	30	0.800	0.672
3066.000000	164	30	0.803	0.679
3072.000000	164	30	0.807	0.679
3078.000000	164	30	0.815	0.678
3084.000000	164	30	0.816	0.685
3090.000000	164	30	0.827	0.686
3096.000000	164	30	0.840	0.686
3102.000000	164	30	0.850	0.689
3108.000000	164	30	0.861	0.687
3114.000000	164	30	0.870	0.682
3120.000000	164	30	0.878	0.681
3126.000000	164	30	0.884	0.673
3132.000000	164	30	0.888	0.660
3138.000000	164	30	0.890	0.645
3144.000000	164	30	0.896	0.629
3150.000000	164	30	0.909	0.606
3156.000000	164	30	0.910	0.581
3162.000000	164	30	0.907	0.555
3168.000000	164	30	0.907	0.518
3174.000000	164	30	0.910	0.463
3180.000000	164	30	0.914	0.394
3186.000000	164	30	0.917	0.315
3192.000000	164	30	0.921	0.222
3198.000000	164	30	0.923	0.124
3204.000000	164	193	0.924	0.122
3210.000000	164	193	0.924	0.126
3216.000000	164	193	0.925	0.131
3222.000000	164	193	0.924	0.137
3228.000000	164	193	0.923	0.138
3234.000000	164	76	0.918	0.138
3240.000000	164	76	0.914	0.152
3246.000000	164	76	0.910	0.165
3252.000000	164	76	0.905	0.174
3258.000000	164	76	0.897	0.182
3264.000000	164	76	0.887	0.190
3270.000000	164	76	0.880	0.203
3276.000000	164	76	0.869	0.219
3282.000000	164	76	0.851	0.236
3288.000000	164	76	0.831	0.249
3294.000000	164	76	0.809	0.267
3300.000000	164	76	0.784	0.279
3306.000000	164	76	0.756	0.287
3312.000000	164	76	0.723	0.297
3318.000000	164	76	0.681	0.311
3324.000000	164	76	0.630	0.327
3330.000000	164	76	0.573	0.345
3336.000000	164	76	0.491	0.360
3342.000000	164	76	0.399	0.379
3348.000000	76	164	0.413	0.291
3354.000000	76	130	0.441	0.242
3360.000000	76	130	0.479	0.249
3366.000000	76	130	0.527	0.255
3372.000000	76	130	0.576	0.251
3378.000000	76	130	0.598	0.256
3384.000000	76	130	0.613	0.262
3390.000000	76	130	0.623	0.266
3396.000000	76	130	0.635	0.279
3402.000000	76	130	0.640	0.284
3408.000000	76	130	0.643	0.286
3414.000000	76	130	0.649	0.288
3420.000000	76	130	0.650	0.289
3426.000000	76	130	0.656	0.283
3432.000000	76	130	0.662	0.277
3438.000000	76	130	0.682	0.276
3444.000000	76	13	0.694	0.274
3450.000000	76	13	0.704	0.277
3456.000000	76	13	0.713	0.281
3462.000000	76	13	0.715	0.283
3468.000000	76	13	0.720	0.292
3474.000000	76	13	0.725	0.301
3480.000000	76	13	0.741	0.304
3486.000000	76	13	0.754	0.305
3492.000000	76	13	0.770	0.308
3498.000000	76	13	0.784	0.315
3504.000000	76	13	0.793	0.319
3510.000000	76	13	0.802	0.322
3516.000000	76	13	0.812	0.328
3522.000000	76	13	0.819	0.337
3528.000000	76	13	0.827	0.344
3534.000000	76	13	0.832	0.352
3540.000000	76	13	0.839	0.360
3546.000000	76	13	0.840	0.366
3552.000000	76	13	0.845	0.364
3558.000000	76	13	0.849	0.361
3564.000000	76	13	0.851	0.357
3570.000000	76	13	0.853	0.353
3576.000000	76	13	0.852	0.348
3582.000000	76	13	0.851	0.343
3588.000000	76	13	0.850	0.341
3594.000000	76	13	0.850	0.341
3600.000000	76	13	0.852	0.339
3606.000000	76	13	0.853	0.334
3612.000000	76	13	0.854	0.327
3618.000000	76	13	0.854	0.318
3624.000000	76	13	0.856	0.311
3630.000000	76	13	0.861	0.302
3636.000000	76	13	0.863	0.291
3642.000000	76	13	0.863	0.281
3648.000000	76	13	0.863	0.268
3654.000000	76	13	0.866	0.253
3660.000000	76	13	0.871	0.235
3666.000000	76	13	0.876	0.219
3672.000000	76	13	0.882	0.199
3678.000000	76	13	0.887	0.180
3684.000000	76	13	0.890	0.151
3690.000000	76	13	0.890	0.129
3696.000000	76	89	0.891	0.127
3702.000000	76	89	0.889	0.131
3708.000000	76	89	0.889	0.137
3714.000000	76	89	0.887	0.144
3720.000000	76	89	0.885	0.151
3726.000000	76	89	0.884	0.152
3732.000000	76	89	0.882	0.153
3738.000000	76	89	0.880	0.154
3744.000000	76	89	0.880	0.154
3750.000000	76	89	0.879	0.152
3756.000000	76	89	0.875	0.147
3762.000000	76	15	0.871	0.145
3768.000000	76	15	0.866	0.154
3774.000000	76	15	0.861	0.160
3780.000000	76	15	0.854	0.158
3786.000000	76	15	0.848	0.158
3792.000000	76	15	0.840	0.161
3798.000000	76	15	0.829	0.167
3804.000000	76	15	0.816	0.168
3810.000000	76	169	0.800	0.168
3816.000000	76	169	0.780	0.169
3822.000000	76	15	0.757	0.174
3828.000000	76	169	0.738	0.173
3834.000000	76	121	0.713	0.180
3840.000000	76	121	0.677	0.190
3846.000000	76	121	0.618	0.207
3852.000000	76	121	0.548	0.227
3858.000000	76	121	0.428	0.254
3864.000000	121	76	0.292	0.244
3870.000000	121	41	0.321	0.270
3876.000000	121	41	0.354	0.304
3882.000000	121	41	0.399	0.341
3888.000000	121	41	0.438	0.369
3894.000000	121	41	0.460	0.396
3900.000000	121	41	0.489	0.421
3906.000000	121	41	0.517	0.441
3912.000000	121	41	0.539	0.450
3918.000000	121	41	0.549	0.455
3924.000000	121	41	0.552	0.456
3930.000000	121	41	0.557	0.455
3936.000000	121	41	0.570	0.458
3942.000000	121	41	0.578	0.458
3948.000000	121	15	0.585	0.464
3954.000000	121	15	0.596	0.465
3960.000000	121	15	0.605	0.463
3966.000000	121	15	0.615	0.462
3972.000000	121	15	0.620	0.463
3978.000000	121	15	0.626	0.465
3984.000000	121	15	0.633	0.464
3990.000000	121	15	0.639	0.463
3996.000000	121	15	0.641	0.471
4002.000000	121	15	0.651	0.482
4008.000000	121	15	0.664	0.483
4014.000000	121	15	0.674	0.475
4020.000000	121	15	0.683	0.471
4026.000000	121	15	0.698	0.467
4032.000000	121	15	0.714	0.461
4038.000000	121	15	0.729	0.455
4044.000000	121	15	0.750	0.446
4050.000000	121	15	0.777	0.436
4056.000000	121	15	0.809	0.432
4062.000000	121	15	0.827	0.425
4068.000000	121	15	0.843	0.414
4074.000000	121	15	0.852	0.405
4080.000000	121	15	0.865	0.398
4086.000000	121	15	0.876	0.392
4092.000000	121	15	0.889	0.380
4098.000000	121	15	0.903	0.362
4104.000000	121	15	0.906	0.344
4110.000000	121	15	0.908	0.318
4116.000000	121	15	0.911	0.296
4122.000000	121	15	0.917	0.276
4128.000000	121	15	0.925	0.254
4134.000000	121	15	0.930	0.228
4140.000000	121	15	0.932	0.205
4146.000000	121	15	0.934	0.182
4152.000000	121	47	0.936	0.154
4158.000000	121	47	0.941	0.156
4164.000000	121	47	0.942	0.163
4170.000000	121	47	0.943	0.168
4176.000000	121	47	0.943	0.169
4182.000000	121	47	0.943	0.177
4188.000000	121	47	0.941	0.179
4194.000000	121	27	0.935	0.185
4200.000000	121	27	0.923	0.198
4206.000000	121	27	0.911	0.214
4212.000000	121	27	0.899	0.231
4218.000000	121	27	0.891	0.247
4224.000000	121	27	0.883	0.263
4230.000000	121	27	0.873	0.279
4236.000000	121	27	0.859	0.299
4242.000000	121	27	0.845	0.325
4248.000000	121	27	0.829	0.347
4254.000000	121	27	0.804	0.367
4260.000000	121	27	0.777	0.381
4266.000000	121	18	0.746	0.397
4272.000000	121	18	0.709	0.428
4278.000000	121	18	0.662	0.463
4284.000000	121	18	0.609	0.493
4290.000000	121	18	0.541	0.530
4296.000000	18	27	0.588	0.471
4302.000000	18	27	0.648	0.510
4308.000000	18	27	0.700	0.544
4314.000000	18	27	0.751	0.566
4320.000000	18	27	0.793	0.589
4326.000000	18	27	0.812	0.611
4332.000000	18	27	0.835	0.621
4338.000000	18	27	0.846	0.633
4344.000000	18	27	0.851	0.634
4350.000000	18	27	0.855	0.636
4356.000000	18	27	0.857	0.639
4362.000000	18	27	0.862	0.642
4368.000000	18	27	0.863	0.647
4374.000000	18	27	0.865	0.653
4380.000000	18	27	0.865	0.653
4386.000000	18	27	0.869	0.649
4392.000000	18	27	0.867	0.650
4398.000000	18	27	0.864	0.650
4404.000000	18	27	0.864	0.647
4410.000000	18	27	0.867	0.643
4416.000000	18	27	0.870	0.638
4422.000000	18	27	0.869	0.637
4428.000000	18	27	0.871	0.638
4434.000000	18	27	0.876	0.629
4440.000000	18	27	0.879	0.625
4446.000000	18	27	0.884	0.621
4452.000000	18	27	0.887	0.613
4458.000000	18	27	0.890	0.609
4464.000000	18	27	0.890	0.606
4470.000000	18	27	0.891	0.601
4476.000000	18	27	0.890	0.594
4482.000000	18	27	0.888	0.583
4488.000000	18	27	0.888	0.569
4494.000000	18	27	0.889	0.551
4500.000000	18	27	0.889	0.531
4506.000000	18	27	0.890	0.509
4512.000000	18	27	0.891	0.490
4518.000000	18	27	0.893	0.458
4524.000000	18	27	0.898	0.412
4530.000000	18	27	0.906	0.341
4536.000000	18	27	0.911	0.250
4542.000000	18	46	0.917	0.171
4548.000000	18	46	0.922	0.168
4554.000000	18	46	0.923	0.165
4560.000000	18	46	0.924	0.155
4566.000000	18	46	0.925	0.142
4572.000000	18	46	0.923	0.134
4578.000000	18	17	0.921	0.132
4584.000000	18	17	0.919	0.135
4590.000000	18	17	0.916	0.138
4596.000000	18	17	0.913	0.141
4602.000000	18	17	0.909	0.141
4608.000000	18	117	0.905	0.146
4614.000000	18	117	0.899	0.157
4620.000000	18	117	0.888	0.166
4626.000000	18	117	0.874	0.171
4632.000000	18	117	0.864	0.176
4638.000000	18	117	0.852	0.180
4644.000000	18	155	0.837	0.184
4650.000000	18	155	0.815	0.188
4656.000000	18	155	0.788	0.195
4662.000000	18	117	0.764	0.205
4668.000000	18	155	0.742	0.214
4674.000000	18	155	0.711	0.219
4680.000000	18	155	0.663	0.230
4686.000000	18	155	0.610	0.243
4692.000000	18	155	0.533	0.258
4698.000000	18	155	0.421	0.287
4704.000000	155	70	0.328	0.276
4710.000000	155	70	0.374	0.301
4716.000000	155	70	0.424	0.334
4722.000000	155	70	0.463	0.371
4728.000000	155	70	0.494	0.415
4734.000000	155	70	0.525	0.450
4740.000000	155	70	0.555	0.490
4746.000000	155	70	0.582	0.517
4752.000000	155	70	0.600	0.533
4758.000000	155	70	0.603	0.543
4764.000000	155	70	0.609	0.557
4770.000000	155	70	0.628	0.568
4776.000000	155	70	0.650	0.583
4782.000000	155	70	0.651	0.601
4788.000000	155	70	0.654	0.611
4794.000000	155	70	0.661	0.625
4800.000000	155	70	0.665	0.640
4806.000000	155	70	0.670	0.661
4812.000000	155	70	0.677	0.676
4818.000000	70	155	0.687	0.682
4824.000000	70	155	0.699	0.690
4830.000000	70	155	0.713	0.701
4836.000000	70	155	0.722	0.714
4842.000000	70	155	0.731	0.727
4848.000000	155	70	0.741	0.739
4854.000000	155	70	0.763	0.738
4860.000000	155	70	0.785	0.739
4866.000000	155	70	0.801	0.752
4872.000000	155	70	0.812	0.755
4878.000000	155	70	0.820	0.763
4884.000000	155	70	0.825	0.773
4890.000000	155	70	0.832	0.782
4896.000000	155	70	0.839	0.786
4902.000000	155	70	0.847	0.788
4908.000000	155	70	0.856	0.788
4914.000000	155	70	0.858	0.794
4920.000000	155	70	0.858	0.794
4926.000000	155	70	0.858	0.792
4932.000000	155	70	0.858	0.791
4938.000000	155	70	0.858	0.790
4944.000000	155	70	0.858	0.791
4950.000000	155	70	0.859	0.793
4956.000000	155	70	0.859	0.792
4962.000000	155	70	0.861	0.790
4968.000000	155	70	0.860	0.790
4974.000000	155	70	0.854	0.792
4980.000000	155	70	0.853	0.791
4986.000000	155	70	0.849	0.793
4992.000000	155	70	0.844	0.798
4998.000000	155	70	0.839	0.803
5004.000000	155	70	0.845	0.794
5010.000000	155	70	0.846	0.789
5016.000000	155	70	0.844	0.783
5022.000000	155	70	0.838	0.778
5028.000000	155	70	0.828	0.774
5034.000000	155	70	0.820	0.769
5040.000000	155	70	0.817	0.760
5046.000000	155	70	0.818	0.749
5052.000000	155	70	0.815	0.738
5058.000000	155	70	0.817	0.716
5064.000000	155	70	0.819	0.690
5070.000000	155	70	0.819	0.662
5076.000000	155	70	0.821	0.617
5082.000000	155	70	0.833	0.532
5088.000000	155	70	0.842	0.425
5094.000000	155	70	0.849	0.281
5100.000000	155	70	0.858	0.139
5106.000000	155	113	0.864	0.091
5112.000000	155	113	0.867	0.097
5118.000000	155	113	0.865	0.103
5124.000000	155	113	0.866	0.109
5130.000000	155	113	0.869	0.117
5136.000000	155	113	0.872	0.123
5142.000000	155	113	0.874	0.127
5148.000000	155	113	0.877	0.134
5154.000000	155	113	0.877	0.143
5160.000000	155	113	0.876	0.154
5166.000000	155	113	0.873	0.165
5172.000000	155	113	0.871	0.174
5178.000000	155	113	0.870	0.186
5184.000000	155	113	0.866	0.202
5190.000000	155	113	0.860	0.223
5196.000000	155	113	0.853	0.243
5202.000000	155	113	0.849	0.261
5208.000000	155	113	0.845	0.286
5214.000000	155	113	0.837	0.323
5220.000000	155	113	0.827	0.372
5226.000000	155	113	0.808	0.419
5232.000000	155	113	0.773	0.483
5238.000000	155	113	0.724	0.560
5244.000000	155	113	0.674	0.633
5250.000000	113	155	0.689	0.599
5256.000000	113	155	0.746	0.474
5262.000000	113	155	0.812	0.301
5268.000000	113	155	0.887	0.131
5274.000000	113	142	0.922	0.096
5280.000000	113	142	0.934	0.093
5286.000000	113	160	0.953	0.093
5292.000000	113	160	0.960	0.099
5298.000000	113	160	0.960	0.106
5304.000000	113	160	0.960	0.110
5310.000000	113	160	0.957	0.114
5316.000000	113	160	0.954	0.120
5322.000000	113	160	0.951	0.124
5328.000000	113	160	0.950	0.126
5334.000000	113	160	0.948	0.125
5340.000000	113	172	0.947	0.129
5346.000000	113	172	0.945	0.134
5352.000000	113	172	0.943	0.142
5358.000000	113	172	0.942	0.154
5364.000000	113	172	0.941	0.167
5370.000000	113	172	0.940	0.178
5376.000000	113	172	0.939	0.188
5382.000000	113	172	0.937	0.199
5388.000000	113	172	0.936	0.215
5394.000000	113	172	0.935	0.225
5400.000000	113	172	0.933	0.229
5406.000000	113	172	0.932	0.234
5412.000000	113	172	0.928	0.240
5418.000000	113	172	0.925	0.248
5424.000000	113	172	0.921	0.259
5430.000000	113	172	0.914	0.272
5436.000000	113	172	0.906	0.290
5442.000000	113	172	0.901	0.302
5448.000000	113	172	0.898	0.312
5454.000000	113	172	0.893	0.325
5460.000000	113	172	0.890	0.343
5466.000000	113	172	0.889	0.359
5472.000000	113	172	0.885	0.372
5478.000000	113	172	0.876	0.390
5484.000000	113	172	0.866	0.416
5490.000000	113	172	0.854	0.450
5496.000000	113	172	0.842	0.477
5502.000000	113	172	0.828	0.498
5508.000000	113	172	0.810	0.519
5514.000000	113	172	0.791	0.543
5520.000000	113	172	0.763	0.562
5526.000000	113	172	0.728	0.582
5532.000000	113	172	0.670	0.614
5538.000000	172	113	0.645	0.615
5544.000000	172	113	0.675	0.555
5550.000000	172	188	0.720	0.506
5556.000000	172	188	0.754	0.548
5562.000000	172	188	0.791	0.598
5568.000000	172	188	0.820	0.639
5574.000000	172	188	0.832	0.667
5580.000000	172	188	0.834	0.690
5586.000000	172	188	0.829	0.698
5592.000000	172	188	0.828	0.710
5598.000000	172	188	0.831	0.721
5604.000000	172	188	0.831	0.723
5610.000000	172	188	0.837	0.719
5616.000000	172	188	0.838	0.720
5622.000000	172	188	0.838	0.723
5628.000000	172	188	0.839	0.725
5634.000000	172	188	0.839	0.727
5640.000000	172	188	0.834	0.730
5646.000000	172	188	0.832	0.732
5652.000000	172	188	0.831	0.733
5658.000000	172	188	0.827	0.735
5664.000000	172	188	0.827	0.734
5670.000000	172	188	0.830	0.731
5676.000000	172	188	0.829	0.730
5682.000000	172	188	0.825	0.729
5688.000000	172	188	0.825	0.724
5694.000000	172	188	0.825	0.716
5700.000000	172	188	0.820	0.715
5706.000000	172	188	0.814	0.714
5712.000000	172	188	0.812	0.711
5718.000000	172	188	0.814	0.705
5724.000000	172	188	0.809	0.703
5730.000000	172	188	0.805	0.698
5736.000000	172	188	0.801	0.695
5742.000000	172	188	0.796	0.690
5748.000000	172	188	0.783	0.693
5754.000000	172	188	0.779	0.692
5760.000000	172	188	0.776	0.688
5766.000000	172	188	0.774	0.680
5772.000000	172	188	0.772	0.664
5778.000000	172	188	0.768	0.648
5784.000000	172	188	0.765	0.627
5790.000000	172	188	0.759	0.600
5796.000000	172	188	0.749	0.572
5802.000000	172	188	0.739	0.534
5808.000000	172	188	0.727	0.486
5814.000000	172	188	0.719	0.415
5820.000000	172	188	0.715	0.328
5826.000000	172	188	0.711	0.224
5832.000000	172	188	0.707	0.130
5838.000000	172	171	0.701	0.103
5844.000000	172	171	0.692	0.102
5850.000000	172	171	0.678	0.104
5856.000000	172	171	0.658	0.109
5862.000000	172	171	0.633	0.112
5868.000000	172	171	0.596	0.114
5874.000000	172	171	0.540	0.114
5880.000000	172	171	0.462	0.120
5886.000000	172	171	0.344	0.125
5892.000000	172	171	0.197	0.125
5898.000000	171	172	0.131	0.106
5904.000000	171	184	0.143	0.082
5910.000000	171	184	0.160	0.081
5916.000000	171	184	0.189	0.081
5922.000000	171	184	0.227	0.084
5928.000000	171	184	0.288	0.091
5934.000000	171	184	0.410	0.103
5940.000000	171	184	0.588	0.108
5946.000000	171	184	0.769	0.109
5952.000000	171	184	0.865	0.121
5958.000000	171	184	0.898	0.137
5964.000000	171	184	0.922	0.146
5970.000000	171	184	0.938	0.152
5976.000000	171	184	0.947	0.156
5982.000000	171	184	0.949	0.167
5988.000000	171	184	0.950	0.187
5994.000000	171	184	0.949	0.209
6000.000000	171	184	0.947	0.223
6006.000000	171	133	0.944	0.245
6012.000000	171	133	0.941	0.281
6018.000000	171	133	0.937	0.317
6024.000000	171	133	0.934	0.352
6030.000000	171	133	0.931	0.394
6036.000000	171	133	0.927	0.436
6042.000000	171	133	0.924	0.467
6048.000000	171	133	0.921	0.491
6054.000000	171	133	0.918	0.515
6060.000000	171	133	0.915	0.532
6066.000000	171	133	0.913	0.544
6072.000000	171	133	0.909	0.557
6078.000000	171	133	0.904	0.574
6084.000000	171	133	0.899	0.585
6090.000000	171	133	0.898	0.592
6096.000000	171	133	0.896	0.606
6102.000000	171	133	0.896	0.614
6108.000000	171	133	0.895	0.621
6114.000000	171	133	0.892	0.631
6120.000000	171	133	0.887	0.646
6126.000000	171	133	0.882	0.661
6132.000000	171	133	0.879	0.679
6138.000000	171	133	0.874	0.705
6144.000000	171	133	0.873	0.722
6150.000000	171	133	0.864	0.745
6156.000000	171	133	0.857	0.758
6162.000000	171	133	0.845	0.779
6168.000000	171	133	0.826	0.808
6174.000000	133	171	0.835	0.802
6180.000000	133	171	0.854	0.777
6186.000000	133	171	0.879	0.739
6192.000000	133	171	0.892	0.700
6198.000000	133	171	0.907	0.650
6204.000000	133	171	0.921	0.589
6210.000000	133	171	0.924	0.512
6216.000000	133	95	0.929	0.503
6222.000000	133	95	0.934	0.541
6228.000000	133	95	0.936	0.596
6234.000000	133	95	0.939	0.643
6240.000000	133	95	0.940	0.669
6246.000000	133	95	0.934	0.683
6252.000000	133	95	0.922	0.697
6258.000000	133	95	0.916	0.704
6264.000000	133	95	0.913	0.708
6270.000000	133	95	0.908	0.717
6276.000000	133	95	0.902	0.726
6282.000000	133	95	0.896	0.732
6288.000000	133	95	0.888	0.738
6294.000000	133	95	0.883	0.740
6300.000000	133	95	0.873	0.746
6306.000000	133	95	0.846	0.765
6312.000000	133	95	0.824	0.775
6318.000000	133	95	0.815	0.780
6324.000000	133	95	0.800	0.789
6330.000000	95	133	0.793	0.790
6336.000000	95	133	0.800	0.775
6342.000000	95	133	0.805	0.755
6348.000000	95	133	0.811	0.737
6354.000000	95	133	0.818	0.716
6360.000000	95	133	0.828	0.688
6366.000000	95	133	0.847	0.641
6372.000000	95	133	0.859	0.594
6378.000000	95	133	0.873	0.525
6384.000000	95	133	0.891	0.427
6390.000000	95	133	0.909	0.294
6396.000000	95	133	0.933	0.118
6402.000000	95	79	0.948	0.093
6408.000000	95	29	0.958	0.087
6414.000000	95	29	0.961	0.091
6420.000000	95	29	0.963	0.099
6426.000000	95	29	0.962	0.107
6432.000000	95	29	0.961	0.121
6438.000000	95	29	0.961	0.130
6444.000000	95	29	0.961	0.138
6450.000000	95	29	0.959	0.152
6456.000000	95	29	0.957	0.168
6462.000000	95	29	0.955	0.185
6468.000000	95	29	0.951	0.200
6474.000000	95	29	0.945	0.209
6480.000000	95	29	0.939	0.221
6486.000000	95	29	0.937	0.233
6492.000000	95	29	0.934	0.247
6498.000000	95	29	0.932	0.260
6504.000000	95	29	0.928	0.276
6510.000000	95	29	0.925	0.288
6516.000000	95	29	0.922	0.297
6522.000000	95	29	0.919	0.310
6528.000000	95	29	0.914	0.329
6534.000000	95	29	0.908	0.345
6540.000000	95	29	0.899	0.354
6546.000000	95	29	0.889	0.364
6552.000000	95	29	0.881	0.381
6558.000000	95	29	0.870	0.401
6564.000000	95	29	0.858	0.428
6570.000000	95	29	0.849	0.453
6576.000000	95	29	0.836	0.480
6582.000000	95	29	0.816	0.516
6588.000000	95	29	0.784	0.556
6594.000000	95	29	0.746	0.595
6600.000000	95	29	0.696	0.630
6606.000000	29	95	0.680	0.623
6612.000000	29	95	0.743	0.511
6618.000000	29	95	0.805	0.366
6624.000000	29	52	0.852	0.244
6630.000000	29	52	0.883	0.245
6636.000000	29	52	0.906	0.232
6642.000000	29	52	0.911	0.233
6648.000000	29	52	0.908	0.240
6654.000000	29	52	0.907	0.246
6660.000000	29	52	0.906	0.249
6666.000000	29	52	0.905	0.257
6672.000000	29	52	0.907	0.267
6678.000000	29	52	0.905	0.275
6684.000000	29	52	0.904	0.280
6690.000000	29	52	0.902	0.283
6696.000000	29	52	0.900	0.281
6702.000000	29	52	0.898	0.279
6708.000000	29	52	0.895	0.281
6714.000000	29	52	0.894	0.276
6720.000000	29	52	0.895	0.271
6726.000000	29	52	0.895	0.265
6732.000000	29	52	0.894	0.257
6738.000000	29	52	0.894	0.249
6744.000000	29	52	0.895	0.244
6750.000000	29	52	0.892	0.240
6756.000000	29	52	0.890	0.237
6762.000000	29	52	0.892	0.226
6768.000000	29	4	0.892	0.219
6774.000000	29	4	0.889	0.211
6780.000000	29	4	0.888	0.206
6786.000000	29	4	0.892	0.204
6792.000000	29	4	0.893	0.196
6798.000000	29	167	0.892	0.192
6804.000000	29	167	0.891	0.196
6810.000000	29	167	0.889	0.201
6816.000000	29	167	0.890	0.204
6822.000000	29	167	0.889	0.202
6828.000000	29	167	0.888	0.199
6834.000000	29	167	0.888	0.193
6840.000000	29	167	0.888	0.188
6846.000000	29	167	0.885	0.190
6852.000000	29	167	0.884	0.194
6858.000000	29	167	0.881	0.191
6864.000000	29	167	0.875	0.189
6870.000000	29	167	0.868	0.184
6876.000000	29	167	0.860	0.180
6882.000000	29	167	0.852	0.181
6888.000000	29	167	0.841	0.186
6894.000000	29	167	0.831	0.193
6900.000000	29	167	0.821	0.196
6906.000000	29	167	0.808	0.197
6912.000000	29	167	0.794	0.196
6918.000000	29	93	0.779	0.202
6924.000000	29	93	0.760	0.218
6930.000000	29	93	0.733	0.237
6936.000000	29	93	0.699	0.252
6942.000000	29	93	0.651	0.272
6948.000000	29	93	0.576	0.290
6954.000000	29	93	0.479	0.312
6960.000000	29	93	0.351	0.347
6966.000000	93	2	0.396	0.258
6972.000000	93	163	0.450	0.273
6978.000000	93	163	0.495	0.285
6984.000000	93	2	0.543	0.304
6990.000000	93	2	0.584	0.328
6996.000000	93	2	0.608	0.350
7002.000000	93	2	0.627	0.368
7008.000000	93	2	0.637	0.383
7014.000000	93	2	0.650	0.394
7020.000000	93	2	0.660	0.401
7026.000000	93	2	0.667	0.410
7032.000000	93	2	0.672	0.421
7038.000000	93	2	0.679	0.435
7044.000000	93	2	0.693	0.449
7050.000000	93	2	0.702	0.459
7056.000000	93	2	0.710	0.463
7062.000000	93	2	0.724	0.462
7068.000000	93	2	0.729	0.472
7074.000000	93	2	0.735	0.480
7080.000000	93	2	0.742	0.488
7086.000000	93	2	0.749	0.490
7092.000000	93	2	0.757	0.493
7098.000000	93	2	0.762	0.493
7104.000000	93	2	0.760	0.493
7110.000000	93	2	0.760	0.492
7116.000000	93	2	0.770	0.493
7122.000000	93	2	0.781	0.493
7128.000000	93	2	0.786	0.494
7134.000000	93	2	0.784	0.497
7140.000000	93	2	0.785	0.502
7146.000000	93	2	0.785	0.498
7152.000000	93	2	0.786	0.498
7158.000000	93	2	0.786	0.494
7164.000000	93	178	0.788	0.496
7170.000000	93	178	0.786	0.514
7176.000000	93	178	0.783	0.521
7182.000000	93	178	0.785	0.530
7188.000000	93	178	0.784	0.537
7194.000000	93	178	0.780	0.552
7200.000000	93	178	0.776	0.566
7206.000000	93	178	0.773	0.580
7212.000000	93	178	0.770	0.592
7218.000000	93	178	0.766	0.613
7224.000000	93	178	0.761	0.636
7230.000000	93	178	0.750	0.661
7236.000000	93	178	0.735	0.686
7242.000000	93	178	0.724	0.713
7248.000000	178	93	0.730	0.706
7254.000000	178	93	0.748	0.679
7260.000000	178	93	0.753	0.654
7266.000000	178	93	0.763	0.629
7272.000000	178	93	0.781	0.591
7278.000000	178	93	0.792	0.542
7284.000000	178	93	0.803	0.479
7290.000000	178	93	0.824	0.389
7296.000000	178	93	0.857	0.266
7302.000000	178	40	0.886	0.147
7308.000000	178	40	0.909	0.139
7314.000000	178	40	0.915	0.136
7320.000000	178	40	0.923	0.136
7326.000000	178	40	0.925	0.143
7332.000000	178	40	0.924	0.155
7338.000000	178	40	0.925	0.163
7344.000000	178	40	0.922	0.166
7350.000000	178	40	0.919	0.169
7356.000000	178	40	0.917	0.173
7362.000000	178	40	0.916	0.172
7368.000000	178	40	0.915	0.169
7374.000000	178	40	0.914	0.166
7380.000000	178	40	0.915	0.165
7386.000000	178	40	0.914	0.166
7392.000000	178	40	0.910	0.167
7398.000000	178	40	0.907	0.167
7404.000000	178	40	0.904	0.166
7410.000000	178	40	0.900	0.165
7416.000000	178	40	0.899	0.164
7422.000000	178	40	0.896	0.166
7428.000000	178	40	0.892	0.168
7434.000000	178	40	0.891	0.171
7440.000000	178	40	0.888	0.169
7446.000000	178	40	0.885	0.167
7452.000000	178	40	0.881	0.164
7458.000000	178	40	0.876	0.154
7464.000000	178	193	0.869	0.146
7470.000000	178	193	0.860	0.153
7476.000000	178	193	0.853	0.158
7482.000000	178	193	0.843	0.164
7488.000000	178	193	0.827	0.172
7494.000000	178	193	0.812	0.179
7500.000000	178	193	0.799	0.189
7506.000000	178	193	0.783	0.199
7512.000000	178	193	0.767	0.204
7518.000000	178	193	0.751	0.205
7524.000000	178	193	0.734	0.213
7530.000000	178	193	0.718	0.222
7536.000000	178	193	0.691	0.233
7542.000000	178	193	0.645	0.257
7548.000000	178	193	0.583	0.283
7554.000000	178	193	0.496	0.325
7560.000000	193	178	0.376	0.374
7566.000000	193	178	0.454	0.216
7572.000000	193	50	0.578	0.118
7578.000000	193	164	0.711	0.132
7584.000000	193	164	0.790	0.144
7590.000000	193	164	0.840	0.161
7596.000000	193	164	0.870	0.186
7602.000000	193	164	0.886	0.213
7608.000000	193	164	0.897	0.240
7614.000000	193	164	0.901	0.281
7620.000000	193	164	0.905	0.336
7626.000000	193	164	0.903	0.389
7632.000000	193	164	0.901	0.442
7638.000000	193	164	0.901	0.492
7644.000000	193	164	0.902	0.539
7650.000000	193	164	0.900	0.577
7656.000000	193	164	0.900	0.614
7662.000000	193	164	0.903	0.637
7668.000000	193	164	0.904	0.652
7674.000000	193	164	0.904	0.668
7680.000000	193	164	0.901	0.677
7686.000000	193	164	0.899	0.687
7692.000000	193	164	0.892	0.698
7698.000000	193	164	0.887	0.708
7704.000000	193	164	0.883	0.715
7710.000000	193	164	0.879	0.718
7716.000000	193	164	0.870	0.725
7722.000000	193	164	0.868	0.729
7728.000000	193	164	0.867	0.738
7734.000000	193	164	0.865	0.752
7740.000000	193	164	0.860	0.766
7746.000000	193	164	0.856	0.768
7752.000000	193	164	0.847	0.774
7758.000000	193	164	0.839	0.780
7764.000000	193	164	0.831	0.791
7770.000000	193	164	0.817	0.808
7776.000000	164	193	0.816	0.811
7782.000000	164	193	0.826	0.805
7788.000000	164	193	0.845	0.786
7794.000000	164	193	0.858	0.767
7800.000000	164	193	0.868	0.749
7806.000000	164	193	0.876	0.730
7812.000000	164	193	0.893	0.698
7818.000000	164	193	0.910	0.658
7824.000000	164	193	0.918	0.615
7830.000000	164	193	0.924	0.570
7836.000000	164	193	0.934	0.500
7842.000000	164	193	0.947	0.404
7848.000000	164	193	0.961	0.269
7854.000000	164	193	0.969	0.121
7860.000000	164	162	0.975	0.080
7866.000000	164	35	0.975	0.085
7872.000000	164	35	0.976	0.090
7878.000000	164	35	0.975	0.095
7884.000000	164	35	0.974	0.100
7890.000000	164	35	0.973	0.102
7896.000000	164	35	0.972	0.109
7902.000000	164	35	0.970	0.117
7908.000000	164	35	0.967	0.121
7914.000000	164	35	0.965	0.125
7920.000000	164	35	0.961	0.131
7926.000000	164	35	0.958	0.140
7932.000000	164	35	0.956	0.148
7938.000000	164	35	0.954	0.157
7944.000000	164	35	0.950	0.165
7950.000000	164	35	0.945	0.175
7956.000000	164	35	0.939	0.188
7962.000000	164	35	0.934	0.199
7968.000000	164	35	0.928	0.217
7974.000000	164	35	0.924	0.230
7980.000000	164	35	0.921	0.246
7986.000000	164	35	0.916	0.262
7992.000000	164	35	0.910	0.283
7998.000000	164	35	0.905	0.309
8004.000000	164	35	0.900	0.342
8010.000000	164	35	0.895	0.386
8016.000000	164	35	0.890	0.440
8022.000000	164	35	0.886	0.479
8028.000000	164	35	0.882	0.520
8034.000000	164	35	0.874	0.563
8040.000000	164	35	0.856	0.606
8046.000000	164	35	0.827	0.674
8052.000000	164	35	0.788	0.730
8058.000000	35	164	0.781	0.736
8064.000000	35	164	0.826	0.664
8070.000000	35	164	0.865	0.567
8076.000000	35	164	0.912	0.410
8082.000000	35	164	0.945	0.207
8088.000000	35	19	0.962	0.081
8094.000000	35	33	0.963	0.079
8100.000000	35	33	0.966	0.089
8106.000000	35	33	0.966	0.101
8112.000000	35	33	0.965	0.109
8118.000000	35	33	0.966	0.118
8124.000000	35	33	0.967	0.128
8130.000000	35	33	0.965	0.135
8136.000000	35	33	0.964	0.144
8142.000000	35	33	0.962	0.157
8148.000000	35	33	0.960	0.169
8154.000000	35	33	0.959	0.178
8160.000000	35	33	0.958	0.187
8166.000000	35	33	0.956	0.197
8172.000000	35	33	0.955	0.207
8178.000000	35	33	0.953	0.217
8184.000000	35	33	0.952	0.228
8190.000000	35	33	0.950	0.240
8196.000000	35	33	0.948	0.252
8202.000000	35	33	0.945	0.268
8208.000000	35	33	0.942	0.288
8214.000000	35	33	0.938	0.312
8220.000000	35	33	0.934	0.336
8226.000000	35	33	0.931	0.359
8232.000000	35	33	0.927	0.374
8238.000000	35	33	0.921	0.386
8244.000000	35	33	0.915	0.398
8250.000000	35	33	0.911	0.412
8256.000000	35	33	0.909	0.429
8262.000000	35	33	0.905	0.453
8268.000000	35	33	0.899	0.481
8274.000000	35	33	0.893	0.507
8280.000000	35	33	0.886	0.526
8286.000000	35	33	0.880	0.537
8292.000000	35	33	0.876	0.551
8298.000000	35	33	0.868	0.576
8304.000000	35	33	0.859	0.591
8310.000000	35	33	0.841	0.613
8316.000000	35	33	0.812	0.648
8322.000000	35	33	0.780	0.684
8328.000000	35	33	0.746	0.717
8334.000000	33	35	0.750	0.702
8340.000000	33	35	0.773	0.649
8346.000000	33	35	0.817	0.566
8352.000000	33	35	0.863	0.455
8358.000000	33	35	0.896	0.318
8364.000000	33	42	0.926	0.221
8370.000000	33	42	0.949	0.229
8376.000000	33	42	0.952	0.234
8382.000000	33	42	0.957	0.250
8388.000000	33	42	0.958	0.266
8394.000000	33	42	0.959	0.284
8400.000000	33	42	0.957	0.310
8406.000000	33	42	0.955	0.336
8412.000000	33	42	0.950	0.364
8418.000000	33	42	0.947	0.389
8424.000000	33	42	0.944	0.408
8430.000000	33	42	0.941	0.430
8436.000000	33	42	0.938	0.459
8442.000000	33	42	0.935	0.491
8448.000000	33	42	0.930	0.525
8454.000000	33	42	0.924	0.554
8460.000000	33	42	0.918	0.577
8466.000000	33	42	0.910	0.603
8472.000000	33	42	0.898	0.625
8478.000000	33	42	0.887	0.645
8484.000000	33	42	0.880	0.661
8490.000000	33	42	0.869	0.688
8496.000000	33	42	0.858	0.713
8502.000000	33	42	0.846	0.734
8508.000000	33	42	0.830	0.756
8514.000000	33	42	0.814	0.771
8520.000000	33	42	0.799	0.780
8526.000000	42	33	0.801	0.775
8532.000000	42	33	0.819	0.754
8538.000000	42	33	0.833	0.730
8544.000000	42	33	0.859	0.688
8550.000000	42	33	0.869	0.639
8556.000000	42	33	0.887	0.566
8562.000000	42	33	0.896	0.480
8568.000000	42	33	0.902	0.358
8574.000000	42	33	0.916	0.219
8580.000000	42	14	0.928	0.217
8586.000000	42	14	0.933	0.231
8592.000000	42	14	0.937	0.236
8598.000000	42	14	0.941	0.242
8604.000000	42	14	0.939	0.255
8610.000000	42	14	0.937	0.273
8616.000000	42	14	0.935	0.285
8622.000000	42	14	0.933	0.297
8628.000000	42	14	0.931	0.312
8634.000000	42	14	0.928	0.333
8640.000000	42	14	0.926	0.346
8646.000000	42	14	0.923	0.359
8652.000000	42	14	0.920	0.371
8658.000000	42	14	0.917	0.382
8664.000000	42	14	0.914	0.392
8670.000000	42	14	0.910	0.402
8676.000000	42	14	0.903	0.417
8682.000000	42	14	0.900	0.435
8688.000000	42	14	0.895	0.450
8694.000000	42	14	0.884	0.463
8700.000000	42	14	0.879	0.474
8706.000000	42	14	0.873	0.487
8712.000000	42	14	0.866	0.502
8718.000000	42	14	0.852	0.522
8724.000000	42	14	0.834	0.546
8730.000000	42	14	0.822	0.562
8736.000000	42	14	0.809	0.582
8742.000000	42	14	0.786	0.604
8748.000000	42	14	0.759	0.617
8754.000000	42	14	0.725	0.627
8760.000000	42	14	0.679	0.643
8766.000000	14	42	0.672	0.609
8772.000000	14	68	0.692	0.634
8778.000000	14	68	0.729	0.655
8784.000000	14	68	0.760	0.683
8790.000000	14	68	0.795	0.715
8796.000000	14	68	0.817	0.740
8802.000000	14	68	0.820	0.758
8808.000000	14	68	0.819	0.767
8814.000000	14	68	0.818	0.768
8820.000000	14	68	0.820	0.769
8826.000000	14	68	0.815	0.778
8832.000000	14	68	0.811	0.781
8838.000000	14	68	0.807	0.783
8844.000000	14	68	0.801	0.789
8850.000000	14	68	0.800	0.794
8856.000000	14	68	0.804	0.794
8862.000000	14	68	0.809	0.794
8868.000000	14	68	0.808	0.797
8874.000000	14	68	0.805	0.800
8880.000000	68	14	0.804	0.799
8886.000000	68	14	0.804	0.794
8892.000000	68	14	0.804	0.791
8898.000000	68	14	0.805	0.793
8904.000000	68	14	0.808	0.794
8910.000000	68	14	0.814	0.792
8916.000000	68	14	0.817	0.790
8922.000000	68	14	0.820	0.786
8928.000000	68	14	0.820	0.781
8934.000000	68	14	0.820	0.779
8940.000000	68	14	0.819	0.771
8946.000000	68	14	0.816	0.764
8952.000000	68	14	0.813	0.758
8958.000000	68	14	0.810	0.751
8964.000000	68	14	0.811	0.740
8970.000000	68	14	0.814	0.723
8976.000000	68	14	0.817	0.704
8982.000000	68	14	0.818	0.684
8988.000000	68	14	0.814	0.663
8994.000000	68	14	0.811	0.643
9000.000000	68	14	0.808	0.617
9006.000000	68	14	0.808	0.573
9012.000000	68	14	0.821	0.499
9018.000000	68	14	0.835	0.409
9024.000000	68	14	0.853	0.294
9030.000000	68	14	0.871	0.166
9036.000000	68	14	0.888	0.072
9042.000000	68	5	0.899	0.061
9048.000000	68	5	0.907	0.065
9054.000000	68	5	0.913	0.069
9060.000000	68	5	0.916	0.071
9066.000000	68	5	0.921	0.071
9072.000000	68	5	0.929	0.072
9078.000000	68	5	0.935	0.072
9084.000000	68	5	0.941	0.070
9090.000000	68	5	0.948	0.069
9096.000000	68	5	0.957	0.069
9102.000000	68	5	0.962	0.068
9108.000000	68	5	0.963	0.068
9114.000000	68	5	0.966	0.068
9120.000000	68	22	0.968	0.067
9126.000000	68	22	0.968	0.069
9132.000000	68	22	0.968	0.070
9138.000000	68	22	0.969	0.071
9144.000000	68	22	0.968	0.072
9150.000000	68	22	0.967	0.071
9156.000000	68	22	0.966	0.072
9162.000000	68	22	0.965	0.072
9168.000000	68	22	0.965	0.072
9174.000000	68	120	0.965	0.074
9180.000000	68	120	0.964	0.077
9186.000000	68	120	0.963	0.081
9192.000000	68	120	0.962	0.085
9198.000000	68	120	0.961	0.088
9204.000000	68	120	0.958	0.088
9210.000000	68	120	0.955	0.089
9216.000000	68	120	0.953	0.088
9222.000000	68	120	0.952	0.087
9228.000000	68	120	0.949	0.090
9234.000000	68	120	0.945	0.092
9240.000000	68	120	0.941	0.091
9246.000000	68	120	0.937	0.086
9252.000000	68	120	0.935	0.080
9258.000000	68	120	0.932	0.074
9264.000000	68	120	0.928	0.071
9270.000000	68	120	0.924	0.070
9276.000000	68	120	0.919	0.067
9282.000000	68	120	0.915	0.063
9288.000000	68	120	0.912	0.059
9294.000000	68	120	0.907	0.051
9300.000000	68	113	0.902	0.045
9306.000000	68	113	0.897	0.044
9312.000000	68	113	0.892	0.044
9318.000000	68	113	0.884	0.043
9324.000000	68	113	0.876	0.041
9330.000000	68	113	0.869	0.039
9336.000000	68	113	0.861	0.039
9342.000000	68	113	0.850	0.039
9348.000000	68	113	0.837	0.040
9354.000000	68	113	0.818	0.041
9360.000000	68	113	0.791	0.042
9366.000000	68	113	0.751	0.044
9372.000000	68	113	0.689	0.044
9378.000000	68	113	0.564	0.042
9384.000000	68	113	0.291	0.030
9390.000000	113	68	0.014	0.013
9396.000000	187	113	0.009	0.008
