0.000000	125	102	0.000	0.000
6.000000	101	48	0.992	0.031
12.000000	101	48	0.992	0.033
18.000000	101	48	0.992	0.035
24.000000	101	48	0.991	0.039
30.000000	101	48	0.990	0.044
36.000000	101	48	0.989	0.049
42.000000	101	48	0.988	0.053
48.000000	101	48	0.986	0.060
54.000000	101	48	0.985	0.067
60.000000	101	48	0.983	0.071
66.000000	101	48	0.982	0.076
72.000000	101	48	0.980	0.080
78.000000	101	48	0.979	0.083
84.000000	101	48	0.977	0.091
90.000000	101	48	0.975	0.100
96.000000	101	48	0.973	0.106
102.000000	101	48	0.970	0.115
108.000000	101	48	0.968	0.128
114.000000	101	48	0.965	0.135
120.000000	101	48	0.962	0.144
126.000000	101	48	0.960	0.152
132.000000	101	48	0.956	0.162
138.000000	101	48	0.953	0.174
144.000000	101	48	0.950	0.189
150.000000	101	48	0.947	0.207
156.000000	101	48	0.944	0.226
162.000000	101	48	0.941	0.249
168.000000	101	48	0.938	0.271
174.000000	101	48	0.936	0.290
180.000000	101	48	0.933	0.307
186.000000	101	48	0.931	0.319
192.000000	101	48	0.929	0.328
198.000000	101	48	0.927	0.340
204.000000	101	48	0.925	0.353
210.000000	101	48	0.923	0.359
216.000000	101	48	0.921	0.363
222.000000	101	48	0.918	0.373
228.000000	101	48	0.917	0.385
234.000000	101	48	0.914	0.398
240.000000	101	48	0.910	0.407
246.000000	101	48	0.908	0.421
252.000000	101	48	0.907	0.436
258.000000	101	48	0.905	0.456
264.000000	101	48	0.903	0.472
270.000000	101	48	0.900	0.485
276.000000	101	48	0.894	0.496
282.000000	101	48	0.885	0.511
288.000000	101	48	0.877	0.527
294.000000	101	48	0.867	0.543
300.000000	101	48	0.853	0.567
306.000000	101	48	0.841	0.595
312.000000	101	48	0.820	0.626
318.000000	101	48	0.804	0.643
324.000000	101	48	0.783	0.661
330.000000	101	48	0.754	0.679
336.000000	101	48	0.723	0.694
342.000000	48	101	0.715	0.686
348.000000	48	101	0.741	0.641
354.000000	48	101	0.771	0.579
360.000000	48	101	0.805	0.488
366.000000	48	101	0.834	0.371
372.000000	48	72	0.874	0.300
378.000000	48	72	0.901	0.284
384.000000	48	72	0.906	0.267
390.000000	48	72	0.909	0.257
396.000000	48	72	0.913	0.251
402.000000	48	169	0.919	0.244
408.000000	48	169	0.921	0.238
414.000000	48	169	0.921	0.233
420.000000	48	169	0.919	0.230
426.000000	48	169	0.916	0.226
432.000000	48	169	0.912	0.220
438.000000	48	169	0.911	0.214
444.000000	48	169	0.912	0.211
450.000000	48	169	0.909	0.213
456.000000	48	169	0.906	0.206
462.000000	48	126	0.901	0.212
468.000000	48	126	0.895	0.222
474.000000	48	126	0.888	0.231
480.000000	48	126	0.887	0.240
486.000000	48	126	0.885	0.252
492.000000	48	126	0.881	0.264
498.000000	48	126	0.878	0.277
504.000000	48	126	0.874	0.287
510.000000	48	126	0.872	0.289
516.000000	48	126	0.865	0.286
522.000000	48	126	0.861	0.288
528.000000	48	126	0.862	0.291
534.000000	48	126	0.860	0.289
540.000000	48	126	0.858	0.287
546.000000	48	126	0.855	0.289
552.000000	48	126	0.852	0.293
558.000000	48	126	0.846	0.298
564.000000	48	126	0.837	0.300
570.000000	48	126	0.829	0.303
576.000000	48	126	0.822	0.303
582.000000	48	126	0.814	0.303
588.000000	48	126	0.806	0.297
594.000000	48	126	0.796	0.287
600.000000	48	126	0.783	0.281
606.000000	48	126	0.763	0.277
612.000000	48	126	0.738	0.274
618.000000	48	126	0.718	0.269
624.000000	48	126	0.690	0.262
630.000000	48	126	0.651	0.248
636.000000	48	126	0.589	0.238
642.000000	48	167	0.504	0.255
648.000000	48	167	0.396	0.278
654.000000	167	3	0.304	0.294
660.000000	167	3	0.321	0.306
666.000000	167	3	0.350	0.317
672.000000	167	3	0.387	0.321
678.000000	167	3	0.428	0.338
684.000000	167	3	0.457	0.350
690.000000	167	3	0.489	0.355
696.000000	167	3	0.523	0.355
702.000000	167	3	0.552	0.358
708.000000	167	3	0.566	0.363
714.000000	167	3	0.578	0.374
720.000000	167	3	0.594	0.384
726.000000	167	3	0.609	0.387
732.000000	167	3	0.623	0.388
738.000000	167	3	0.636	0.385
744.000000	167	3	0.651	0.384
750.000000	167	3	0.667	0.385
756.000000	167	3	0.679	0.382
762.000000	167	3	0.687	0.378
768.000000	167	3	0.703	0.377
774.000000	167	3	0.720	0.380
780.000000	167	3	0.736	0.380
786.000000	167	3	0.754	0.378
792.000000	167	3	0.767	0.369
798.000000	167	3	0.778	0.359
804.000000	167	3	0.788	0.351
810.000000	167	30	0.796	0.344
816.000000	167	30	0.804	0.341
822.000000	167	30	0.815	0.338
828.000000	167	30	0.823	0.337
834.000000	167	30	0.830	0.326
840.000000	167	30	0.840	0.316
846.000000	167	30	0.846	0.306
852.000000	167	30	0.847	0.295
858.000000	167	30	0.845	0.288
864.000000	167	30	0.849	0.274
870.000000	167	30	0.856	0.253
876.000000	167	9	0.862	0.241
882.000000	167	9	0.867	0.242
888.000000	167	9	0.871	0.245
894.000000	167	9	0.874	0.253
900.000000	167	9	0.878	0.260
906.000000	167	9	0.880	0.260
912.000000	167	66	0.881	0.264
918.000000	167	66	0.882	0.273
924.000000	167	66	0.880	0.278
930.000000	167	66	0.880	0.285
936.000000	167	66	0.879	0.294
942.000000	167	66	0.878	0.299
948.000000	167	66	0.878	0.306
954.000000	167	66	0.876	0.317
960.000000	167	66	0.872	0.323
966.000000	167	66	0.868	0.325
972.000000	167	66	0.865	0.325
978.000000	167	66	0.860	0.326
984.000000	167	66	0.853	0.330
990.000000	167	66	0.848	0.331
996.000000	167	66	0.845	0.335
1002.000000	167	66	0.839	0.340
1008.000000	167	66	0.833	0.340
1014.000000	167	66	0.823	0.339
1020.000000	167	66	0.809	0.342
1026.000000	167	66	0.795	0.346
1032.000000	167	66	0.779	0.346
1038.000000	167	66	0.761	0.345
1044.000000	167	66	0.740	0.343
1050.000000	167	66	0.712	0.340
1056.000000	167	66	0.679	0.334
1062.000000	167	66	0.641	0.335
1068.000000	167	66	0.597	0.340
1074.000000	167	66	0.531	0.352
1080.000000	167	66	0.444	0.363
1086.000000	66	167	0.383	0.324
1092.000000	66	85	0.402	0.247
1098.000000	66	85	0.417	0.252
1104.000000	66	85	0.423	0.252
1110.000000	66	85	0.434	0.247
1116.000000	66	85	0.446	0.244
1122.000000	66	85	0.455	0.238
1128.000000	66	85	0.459	0.234
1134.000000	66	85	0.465	0.229
1140.000000	66	85	0.471	0.223
1146.000000	66	82	0.483	0.220
1152.000000	66	82	0.490	0.213
1158.000000	66	112	0.489	0.212
1164.000000	66	112	0.489	0.218
1170.000000	66	112	0.490	0.227
1176.000000	66	112	0.487	0.230
1182.000000	66	112	0.481	0.233
1188.000000	66	112	0.472	0.242
1194.000000	66	112	0.461	0.254
1200.000000	66	112	0.455	0.260
1206.000000	66	112	0.445	0.265
1212.000000	66	112	0.434	0.270
1218.000000	66	112	0.423	0.279
1224.000000	66	112	0.414	0.292
1230.000000	66	112	0.406	0.300
1236.000000	66	112	0.391	0.318
1242.000000	66	112	0.368	0.337
1248.000000	112	66	0.352	0.343
1254.000000	112	66	0.373	0.314
1260.000000	112	66	0.388	0.283
1266.000000	112	66	0.392	0.251
1272.000000	112	67	0.400	0.235
1278.000000	112	67	0.420	0.255
1284.000000	112	67	0.444	0.269
1290.000000	112	67	0.460	0.275
1296.000000	112	67	0.468	0.280
1302.000000	112	67	0.479	0.285
1308.000000	112	67	0.496	0.299
1314.000000	112	67	0.505	0.313
1320.000000	112	67	0.516	0.330
1326.000000	112	67	0.523	0.340
1332.000000	112	67	0.528	0.348
1338.000000	112	67	0.532	0.357
1344.000000	112	67	0.539	0.365
1350.000000	112	67	0.551	0.379
1356.000000	112	67	0.568	0.384
1362.000000	112	67	0.597	0.390
1368.000000	112	67	0.617	0.395
1374.000000	112	67	0.624	0.405
1380.000000	112	67	0.635	0.415
1386.000000	112	67	0.637	0.425
1392.000000	112	67	0.640	0.432
1398.000000	112	67	0.658	0.442
1404.000000	112	67	0.676	0.454
1410.000000	112	67	0.689	0.467
1416.000000	112	67	0.695	0.485
1422.000000	112	67	0.704	0.497
1428.000000	112	67	0.708	0.515
1434.000000	112	67	0.717	0.534
1440.000000	112	67	0.722	0.541
1446.000000	112	67	0.728	0.543
1452.000000	112	67	0.732	0.551
1458.000000	112	67	0.733	0.570
1464.000000	112	67	0.734	0.576
1470.000000	112	67	0.739	0.578
1476.000000	112	67	0.744	0.582
1482.000000	112	67	0.750	0.589
1488.000000	112	67	0.750	0.595
1494.000000	112	67	0.748	0.598
1500.000000	112	67	0.748	0.607
1506.000000	112	67	0.750	0.618
1512.000000	112	67	0.753	0.631
1518.000000	112	67	0.754	0.646
1524.000000	112	67	0.755	0.654
1530.000000	112	67	0.755	0.659
1536.000000	112	67	0.754	0.666
1542.000000	112	67	0.754	0.670
1548.000000	112	67	0.745	0.674
1554.000000	112	67	0.726	0.689
1560.000000	112	67	0.714	0.704
1566.000000	67	112	0.715	0.700
1572.000000	67	112	0.730	0.677
1578.000000	67	112	0.739	0.654
1584.000000	67	112	0.745	0.631
1590.000000	67	112	0.758	0.605
1596.000000	67	112	0.762	0.581
1602.000000	67	112	0.772	0.547
1608.000000	67	112	0.787	0.497
1614.000000	67	112	0.802	0.437
1620.000000	67	120	0.824	0.384
1626.000000	67	120	0.845	0.373
1632.000000	67	120	0.861	0.359
1638.000000	67	120	0.877	0.341
1644.000000	67	120	0.881	0.327
1650.000000	67	120	0.881	0.311
1656.000000	67	120	0.881	0.289
1662.000000	67	120	0.880	0.270
1668.000000	67	120	0.886	0.242
1674.000000	67	120	0.891	0.218
1680.000000	67	120	0.895	0.190
1686.000000	67	120	0.897	0.167
1692.000000	67	120	0.899	0.144
1698.000000	67	197	0.899	0.133
1704.000000	67	197	0.898	0.146
1710.000000	67	197	0.898	0.158
1716.000000	67	197	0.898	0.169
1722.000000	67	197	0.894	0.180
1728.000000	67	197	0.890	0.192
1734.000000	67	197	0.885	0.201
1740.000000	67	197	0.878	0.210
1746.000000	67	197	0.870	0.217
1752.000000	67	197	0.859	0.225
1758.000000	67	197	0.849	0.231
1764.000000	67	197	0.840	0.239
1770.000000	67	197	0.826	0.246
1776.000000	67	197	0.807	0.251
1782.000000	67	197	0.786	0.258
1788.000000	67	197	0.769	0.263
1794.000000	67	197	0.754	0.266
1800.000000	67	197	0.737	0.266
1806.000000	67	197	0.715	0.269
1812.000000	67	197	0.689	0.276
1818.000000	67	197	0.657	0.283
1824.000000	67	197	0.620	0.288
1830.000000	67	197	0.559	0.292
1836.000000	67	197	0.477	0.307
1842.000000	67	197	0.378	0.322
1848.000000	197	67	0.344	0.250
1854.000000	197	56	0.376	0.242
1860.000000	197	56	0.395	0.251
1866.000000	197	56	0.417	0.261
1872.000000	197	56	0.438	0.272
1878.000000	197	56	0.457	0.281
1884.000000	197	56	0.464	0.287
1890.000000	197	56	0.472	0.294
1896.000000	197	56	0.485	0.299
1902.000000	197	56	0.490	0.301
1908.000000	197	56	0.494	0.304
1914.000000	197	56	0.495	0.309
1920.000000	197	56	0.493	0.314
1926.000000	197	56	0.495	0.318
1932.000000	197	56	0.500	0.320
1938.000000	197	56	0.505	0.321
1944.000000	197	56	0.514	0.323
1950.000000	197	56	0.523	0.331
1956.000000	197	56	0.535	0.338
1962.000000	197	56	0.543	0.341
1968.000000	197	56	0.544	0.343
1974.000000	197	56	0.553	0.347
1980.000000	197	56	0.561	0.351
1986.000000	197	56	0.574	0.355
1992.000000	197	56	0.583	0.362
1998.000000	197	56	0.593	0.374
2004.000000	197	56	0.604	0.386
2010.000000	197	56	0.625	0.399
2016.000000	197	56	0.650	0.409
2022.000000	197	56	0.662	0.424
2028.000000	197	56	0.668	0.442
2034.000000	197	56	0.676	0.453
2040.000000	197	56	0.684	0.466
2046.000000	197	56	0.690	0.483
2052.000000	197	56	0.697	0.494
2058.000000	197	56	0.708	0.499
2064.000000	197	56	0.713	0.511
2070.000000	197	56	0.718	0.528
2076.000000	197	56	0.721	0.538
2082.000000	197	56	0.723	0.542
2088.000000	197	56	0.728	0.551
2094.000000	197	56	0.736	0.569
2100.000000	197	56	0.742	0.583
2106.000000	197	56	0.740	0.595
2112.000000	197	56	0.734	0.612
2118.000000	197	56	0.730	0.623
2124.000000	197	56	0.727	0.633
2130.000000	197	56	0.723	0.642
2136.000000	197	56	0.719	0.652
2142.000000	197	56	0.710	0.662
2148.000000	197	56	0.702	0.668
2154.000000	197	56	0.687	0.675
2160.000000	56	197	0.683	0.678
2166.000000	56	197	0.698	0.665
2172.000000	56	197	0.704	0.653
2178.000000	56	197	0.708	0.638
2184.000000	56	197	0.706	0.624
2190.000000	56	197	0.708	0.603
2196.000000	56	197	0.718	0.574
2202.000000	56	197	0.729	0.541
2208.000000	56	197	0.746	0.496
2214.000000	56	197	0.762	0.440
2220.000000	56	197	0.773	0.381
2226.000000	56	92	0.787	0.315
2232.000000	56	92	0.798	0.327
2238.000000	56	92	0.808	0.338
2244.000000	56	92	0.821	0.352
2250.000000	56	92	0.830	0.371
2256.000000	56	92	0.834	0.393
2262.000000	56	92	0.835	0.417
2268.000000	56	92	0.845	0.437
2274.000000	56	92	0.847	0.458
2280.000000	56	92	0.849	0.476
2286.000000	56	92	0.847	0.491
2292.000000	56	92	0.845	0.510
2298.000000	56	92	0.843	0.522
2304.000000	56	92	0.839	0.529
2310.000000	56	92	0.835	0.543
2316.000000	56	92	0.827	0.559
2322.000000	56	92	0.818	0.582
2328.000000	56	92	0.806	0.604
2334.000000	56	92	0.799	0.618
2340.000000	56	92	0.791	0.634
2346.000000	56	92	0.780	0.645
2352.000000	56	92	0.766	0.656
2358.000000	56	92	0.744	0.673
2364.000000	56	92	0.723	0.682
2370.000000	56	92	0.698	0.696
2376.000000	92	56	0.711	0.665
2382.000000	92	56	0.720	0.639
2388.000000	92	56	0.730	0.610
2394.000000	92	56	0.749	0.568
2400.000000	92	56	0.766	0.507
2406.000000	92	56	0.784	0.430
2412.000000	92	56	0.823	0.323
2418.000000	92	56	0.856	0.188
2424.000000	92	109	0.881	0.101
2430.000000	92	109	0.901	0.092
2436.000000	92	46	0.913	0.092
2442.000000	92	46	0.923	0.090
2448.000000	92	8	0.930	0.088
2454.000000	92	8	0.934	0.089
2460.000000	92	8	0.935	0.088
2466.000000	92	95	0.936	0.083
2472.000000	92	95	0.938	0.081
2478.000000	92	95	0.940	0.079
2484.000000	92	95	0.943	0.076
2490.000000	92	100	0.942	0.076
2496.000000	92	100	0.943	0.079
2502.000000	92	100	0.943	0.083
2508.000000	92	100	0.942	0.086
2514.000000	92	100	0.942	0.088
2520.000000	92	100	0.941	0.088
2526.000000	92	100	0.940	0.090
2532.000000	92	100	0.940	0.089
2538.000000	92	100	0.939	0.086
2544.000000	92	100	0.939	0.084
2550.000000	92	60	0.940	0.084
2556.000000	92	60	0.940	0.088
2562.000000	92	100	0.939	0.093
2568.000000	92	100	0.936	0.101
2574.000000	92	100	0.934	0.107
2580.000000	92	100	0.931	0.109
2586.000000	92	100	0.925	0.110
2592.000000	92	100	0.919	0.115
2598.000000	92	100	0.910	0.121
2604.000000	92	100	0.899	0.128
2610.000000	92	100	0.890	0.138
2616.000000	92	100	0.880	0.147
2622.000000	92	100	0.867	0.151
2628.000000	92	160	0.850	0.149
2634.000000	92	160	0.829	0.153
2640.000000	92	160	0.808	0.156
2646.000000	92	13	0.784	0.166
2652.000000	92	13	0.758	0.185
2658.000000	92	13	0.723	0.205
2664.000000	92	13	0.680	0.227
2670.000000	92	13	0.631	0.251
2676.000000	92	13	0.566	0.279
2682.000000	92	13	0.455	0.318
2688.000000	13	92	0.353	0.306
2694.000000	13	160	0.386	0.260
2700.000000	13	160	0.424	0.279
2706.000000	13	160	0.455	0.300
2712.000000	13	160	0.488	0.323
2718.000000	13	160	0.522	0.346
2724.000000	13	160	0.541	0.371
2730.000000	13	160	0.554	0.382
2736.000000	13	160	0.563	0.384
2742.000000	13	160	0.572	0.387
2748.000000	13	160	0.585	0.393
2754.000000	13	160	0.599	0.397
2760.000000	13	160	0.624	0.406
2766.000000	13	160	0.636	0.423
2772.000000	13	160	0.642	0.432
2778.000000	13	160	0.650	0.433
2784.000000	13	160	0.656	0.438
2790.000000	13	160	0.669	0.450
2796.000000	13	160	0.679	0.456
2802.000000	13	160	0.685	0.458
2808.000000	13	160	0.699	0.466
2814.000000	13	160	0.730	0.478
2820.000000	13	160	0.754	0.488
2826.000000	13	160	0.773	0.491
2832.000000	13	160	0.785	0.494
2838.000000	13	160	0.799	0.497
2844.000000	13	160	0.810	0.502
2850.000000	13	160	0.820	0.512
2856.000000	13	160	0.834	0.519
2862.000000	13	160	0.849	0.529
2868.000000	13	160	0.856	0.543
2874.000000	13	160	0.863	0.558
2880.000000	13	160	0.868	0.565
2886.000000	13	160	0.875	0.564
2892.000000	13	160	0.884	0.570
2898.000000	13	160	0.890	0.572
2904.000000	13	160	0.898	0.565
2910.000000	13	160	0.903	0.554
2916.000000	13	160	0.903	0.550
2922.000000	13	160	0.904	0.548
2928.000000	13	160	0.905	0.544
2934.000000	13	160	0.908	0.542
2940.000000	13	160	0.911	0.537
2946.000000	13	160	0.913	0.529
2952.000000	13	160	0.915	0.518
2958.000000	13	160	0.916	0.506
2964.000000	13	160	0.912	0.499
2970.000000	13	160	0.913	0.486
2976.000000	13	160	0.913	0.470
2982.000000	13	160	0.914	0.453
2988.000000	13	160	0.919	0.433
2994.000000	13	160	0.924	0.409
3000.000000	13	160	0.932	0.382
3006.000000	13	160	0.933	0.353
3012.000000	13	160	0.933	0.316
3018.000000	13	160	0.937	0.273
3024.000000	13	160	0.937	0.226
3030.000000	13	72	0.936	0.212
3036.000000	13	72	0.935	0.229
3042.000000	13	72	0.932	0.253
3048.000000	13	72	0.928	0.279
3054.000000	13	72	0.922	0.318
3060.000000	13	72	0.915	0.358
3066.000000	13	72	0.906	0.399
3072.000000	13	72	0.890	0.455
3078.000000	13	72	0.875	0.509
3084.000000	13	72	0.853	0.582
3090.000000	13	72	0.834	0.638
3096.000000	13	72	0.814	0.686
3102.000000	13	72	0.789	0.723
3108.000000	72	13	0.755	0.750
3114.000000	72	13	0.785	0.709
3120.000000	72	13	0.823	0.653
3126.000000	72	13	0.848	0.578
3132.000000	72	13	0.876	0.472
3138.000000	72	13	0.899	0.321
3144.000000	72	13	0.916	0.139
3150.000000	72	86	0.932	0.126
3156.000000	72	86	0.945	0.128
3162.000000	72	86	0.954	0.125
3168.000000	72	86	0.953	0.124
3174.000000	72	71	0.952	0.129
3180.000000	72	71	0.949	0.147
3186.000000	72	19	0.947	0.165
3192.000000	72	19	0.944	0.189
3198.000000	72	19	0.941	0.216
3204.000000	72	19	0.938	0.237
3210.000000	72	19	0.935	0.261
3216.000000	72	19	0.932	0.283
3222.000000	72	19	0.929	0.298
3228.000000	72	19	0.929	0.315
3234.000000	72	19	0.925	0.330
3240.000000	72	19	0.920	0.341
3246.000000	72	19	0.918	0.349
3252.000000	72	19	0.917	0.361
3258.000000	72	19	0.916	0.372
3264.000000	72	19	0.915	0.381
3270.000000	72	19	0.914	0.394
3276.000000	72	19	0.912	0.414
3282.000000	72	19	0.910	0.430
3288.000000	72	19	0.907	0.445
3294.000000	72	19	0.904	0.466
3300.000000	72	19	0.902	0.485
3306.000000	72	19	0.899	0.511
3312.000000	72	19	0.896	0.532
3318.000000	72	19	0.892	0.547
3324.000000	72	19	0.890	0.562
3330.000000	72	19	0.881	0.584
3336.000000	72	19	0.868	0.614
3342.000000	72	19	0.856	0.631
3348.000000	72	19	0.845	0.652
3354.000000	72	19	0.830	0.673
3360.000000	72	19	0.820	0.687
3366.000000	72	19	0.801	0.709
3372.000000	72	19	0.772	0.744
3378.000000	19	72	0.776	0.739
3384.000000	19	72	0.816	0.688
3390.000000	19	72	0.839	0.640
3396.000000	19	72	0.862	0.578
3402.000000	19	72	0.889	0.480
3408.000000	19	72	0.925	0.317
3414.000000	19	164	0.956	0.170
3420.000000	19	164	0.965	0.156
3426.000000	19	164	0.967	0.149
3432.000000	19	164	0.967	0.147
3438.000000	19	164	0.966	0.146
3444.000000	19	164	0.965	0.140
3450.000000	19	172	0.963	0.142
3456.000000	19	172	0.962	0.149
3462.000000	19	172	0.960	0.156
3468.000000	19	172	0.959	0.169
3474.000000	19	172	0.956	0.184
3480.000000	19	172	0.955	0.201
3486.000000	19	172	0.955	0.218
3492.000000	19	172	0.954	0.231
3498.000000	19	172	0.952	0.240
3504.000000	19	172	0.950	0.253
3510.000000	19	172	0.948	0.267
3516.000000	19	172	0.945	0.278
3522.000000	19	172	0.941	0.292
3528.000000	19	172	0.937	0.313
3534.000000	19	172	0.932	0.336
3540.000000	19	172	0.929	0.355
3546.000000	19	172	0.925	0.376
3552.000000	19	172	0.923	0.399
3558.000000	19	172	0.919	0.414
3564.000000	19	172	0.915	0.429
3570.000000	19	172	0.912	0.450
3576.000000	19	172	0.906	0.476
3582.000000	19	172	0.898	0.508
3588.000000	19	172	0.891	0.539
3594.000000	19	172	0.882	0.568
3600.000000	19	172	0.867	0.597
3606.000000	19	172	0.847	0.626
3612.000000	19	172	0.823	0.663
3618.000000	19	172	0.794	0.704
3624.000000	19	172	0.759	0.743
3630.000000	172	19	0.773	0.720
3636.000000	172	19	0.808	0.665
3642.000000	172	19	0.870	0.581
3648.000000	172	19	0.915	0.472
3654.000000	172	19	0.940	0.301
3660.000000	172	19	0.956	0.107
3666.000000	172	118	0.964	0.074
3672.000000	172	118	0.964	0.073
3678.000000	172	118	0.964	0.072
3684.000000	172	156	0.964	0.074
3690.000000	172	156	0.963	0.078
3696.000000	172	156	0.962	0.081
3702.000000	172	156	0.963	0.083
3708.000000	172	156	0.964	0.085
3714.000000	172	90	0.963	0.087
3720.000000	172	90	0.963	0.088
3726.000000	172	90	0.962	0.088
3732.000000	172	0	0.960	0.090
3738.000000	172	0	0.959	0.099
3744.000000	172	0	0.958	0.107
3750.000000	172	0	0.956	0.113
3756.000000	172	0	0.955	0.120
3762.000000	172	0	0.953	0.125
3768.000000	172	0	0.951	0.130
3774.000000	172	0	0.949	0.137
3780.000000	172	0	0.946	0.143
3786.000000	172	0	0.944	0.151
3792.000000	172	0	0.941	0.157
3798.000000	172	0	0.939	0.163
3804.000000	172	0	0.936	0.169
3810.000000	172	0	0.931	0.178
3816.000000	172	0	0.925	0.189
3822.000000	172	0	0.920	0.199
3828.000000	172	0	0.915	0.205
3834.000000	172	0	0.909	0.210
3840.000000	172	0	0.906	0.217
3846.000000	172	0	0.904	0.220
3852.000000	172	0	0.902	0.223
3858.000000	172	0	0.900	0.228
3864.000000	172	0	0.897	0.234
3870.000000	172	0	0.894	0.240
3876.000000	172	0	0.889	0.242
3882.000000	172	0	0.882	0.238
3888.000000	172	173	0.876	0.236
3894.000000	172	173	0.869	0.238
3900.000000	172	173	0.860	0.245
3906.000000	172	83	0.844	0.262
3912.000000	172	83	0.821	0.286
3918.000000	172	83	0.796	0.317
3924.000000	172	83	0.773	0.340
3930.000000	172	83	0.746	0.365
3936.000000	172	83	0.707	0.406
3942.000000	172	83	0.664	0.447
3948.000000	172	83	0.598	0.477
3954.000000	83	172	0.518	0.504
3960.000000	83	172	0.566	0.408
3966.000000	83	173	0.614	0.340
3972.000000	83	173	0.666	0.367
3978.000000	83	173	0.711	0.388
3984.000000	83	173	0.739	0.406
3990.000000	83	173	0.762	0.424
3996.000000	83	173	0.784	0.453
4002.000000	83	173	0.796	0.479
4008.000000	83	173	0.801	0.500
4014.000000	83	173	0.803	0.520
4020.000000	83	173	0.808	0.539
4026.000000	83	173	0.825	0.550
4032.000000	83	173	0.831	0.558
4038.000000	83	173	0.839	0.565
4044.000000	83	173	0.853	0.569
4050.000000	83	173	0.861	0.575
4056.000000	83	173	0.870	0.578
4062.000000	83	173	0.873	0.581
4068.000000	83	173	0.874	0.581
4074.000000	83	173	0.874	0.582
4080.000000	83	173	0.874	0.590
4086.000000	83	173	0.874	0.595
4092.000000	83	173	0.875	0.600
4098.000000	83	173	0.878	0.602
4104.000000	83	173	0.879	0.604
4110.000000	83	173	0.880	0.604
4116.000000	83	173	0.882	0.601
4122.000000	83	173	0.882	0.601
4128.000000	83	173	0.883	0.599
4134.000000	83	173	0.888	0.598
4140.000000	83	173	0.891	0.602
4146.000000	83	173	0.893	0.602
4152.000000	83	173	0.895	0.598
4158.000000	83	173	0.896	0.590
4164.000000	83	173	0.898	0.577
4170.000000	83	173	0.900	0.561
4176.000000	83	173	0.902	0.544
4182.000000	83	173	0.899	0.529
4188.000000	83	173	0.898	0.510
4194.000000	83	173	0.900	0.476
4200.000000	83	173	0.905	0.429
4206.000000	83	173	0.908	0.371
4212.000000	83	173	0.909	0.301
4218.000000	83	173	0.913	0.220
4224.000000	83	106	0.919	0.176
4230.000000	83	106	0.930	0.172
4236.000000	83	106	0.941	0.173
4242.000000	83	106	0.943	0.173
4248.000000	83	106	0.945	0.169
4254.000000	83	106	0.948	0.164
4260.000000	83	106	0.950	0.165
4266.000000	83	106	0.949	0.163
4272.000000	83	106	0.947	0.156
4278.000000	83	106	0.947	0.148
4284.000000	83	106	0.946	0.140
4290.000000	83	106	0.946	0.134
4296.000000	83	106	0.946	0.128
4302.000000	83	106	0.945	0.120
4308.000000	83	106	0.945	0.107
4314.000000	83	49	0.945	0.111
4320.000000	83	49	0.942	0.115
4326.000000	83	49	0.939	0.120
4332.000000	83	49	0.936	0.126
4338.000000	83	49	0.935	0.131
4344.000000	83	49	0.934	0.138
4350.000000	83	49	0.934	0.145
4356.000000	83	49	0.934	0.153
4362.000000	83	49	0.934	0.156
4368.000000	83	49	0.931	0.161
4374.000000	83	49	0.928	0.170
4380.000000	83	49	0.926	0.180
4386.000000	83	49	0.924	0.192
4392.000000	83	49	0.922	0.204
4398.000000	83	49	0.918	0.215
4404.000000	83	49	0.912	0.229
4410.000000	83	49	0.905	0.246
4416.000000	83	49	0.900	0.260
4422.000000	83	49	0.892	0.274
4428.000000	83	49	0.881	0.287
4434.000000	83	49	0.863	0.304
4440.000000	83	49	0.837	0.330
4446.000000	83	49	0.807	0.350
4452.000000	83	49	0.770	0.374
4458.000000	83	49	0.710	0.416
4464.000000	83	49	0.622	0.467
4470.000000	49	83	0.532	0.513
4476.000000	49	122	0.620	0.411
4482.000000	49	122	0.737	0.463
4488.000000	49	122	0.808	0.521
4494.000000	49	122	0.849	0.561
4500.000000	49	122	0.853	0.592
4506.000000	49	122	0.855	0.620
4512.000000	49	122	0.865	0.638
4518.000000	49	122	0.866	0.646
4524.000000	49	122	0.866	0.650
4530.000000	49	122	0.867	0.656
4536.000000	49	122	0.865	0.657
4542.000000	49	122	0.863	0.657
4548.000000	49	122	0.861	0.659
4554.000000	49	122	0.860	0.663
4560.000000	49	122	0.859	0.666
4566.000000	49	122	0.859	0.671
4572.000000	49	122	0.860	0.675
4578.000000	49	122	0.861	0.674
4584.000000	49	122	0.862	0.672
4590.000000	49	122	0.863	0.673
4596.000000	49	122	0.860	0.677
4602.000000	49	122	0.856	0.680
4608.000000	49	122	0.855	0.678
4614.000000	49	122	0.852	0.678
4620.000000	49	122	0.851	0.677
4626.000000	49	122	0.853	0.677
4632.000000	49	122	0.851	0.678
4638.000000	49	122	0.849	0.680
4644.000000	49	122	0.843	0.687
4650.000000	49	122	0.837	0.699
4656.000000	49	122	0.833	0.708
4662.000000	49	122	0.831	0.711
4668.000000	49	122	0.826	0.717
4674.000000	49	122	0.822	0.720
4680.000000	49	122	0.820	0.724
4686.000000	49	122	0.817	0.733
4692.000000	49	122	0.809	0.742
4698.000000	49	122	0.803	0.746
4704.000000	49	122	0.796	0.746
4710.000000	49	122	0.791	0.747
4716.000000	49	122	0.778	0.754
4722.000000	122	49	0.767	0.759
4728.000000	122	49	0.780	0.741
4734.000000	122	49	0.798	0.714
4740.000000	122	49	0.807	0.680
4746.000000	122	49	0.819	0.635
4752.000000	122	49	0.823	0.590
4758.000000	122	49	0.829	0.524
4764.000000	122	49	0.849	0.414
4770.000000	122	49	0.873	0.243
4776.000000	122	49	0.891	0.073
4782.000000	122	38	0.909	0.072
4788.000000	122	38	0.916	0.075
4794.000000	122	38	0.918	0.074
4800.000000	122	100	0.924	0.078
4806.000000	122	100	0.929	0.088
4812.000000	122	100	0.937	0.095
4818.000000	122	100	0.940	0.101
4824.000000	122	100	0.941	0.108
4830.000000	122	100	0.944	0.117
4836.000000	122	100	0.946	0.128
4842.000000	122	100	0.947	0.138
4848.000000	122	100	0.945	0.147
4854.000000	122	100	0.943	0.155
4860.000000	122	100	0.941	0.166
4866.000000	122	100	0.939	0.176
4872.000000	122	100	0.937	0.186
4878.000000	122	100	0.934	0.201
4884.000000	122	100	0.930	0.216
4890.000000	122	100	0.926	0.230
4896.000000	122	100	0.922	0.242
4902.000000	122	100	0.916	0.257
4908.000000	122	100	0.908	0.273
4914.000000	122	100	0.900	0.290
4920.000000	122	100	0.890	0.309
4926.000000	122	100	0.882	0.322
4932.000000	122	100	0.874	0.337
4938.000000	122	100	0.868	0.363
4944.000000	122	100	0.858	0.390
4950.000000	122	100	0.843	0.413
4956.000000	122	100	0.824	0.440
4962.000000	122	100	0.801	0.467
4968.000000	122	100	0.769	0.505
4974.000000	122	100	0.732	0.553
4980.000000	122	100	0.678	0.589
4986.000000	100	122	0.627	0.608
4992.000000	100	122	0.667	0.519
4998.000000	100	122	0.707	0.389
5004.000000	100	167	0.766	0.249
5010.000000	100	167	0.811	0.253
5016.000000	100	167	0.838	0.257
5022.000000	100	167	0.865	0.273
5028.000000	100	167	0.877	0.299
5034.000000	100	167	0.883	0.312
5040.000000	100	167	0.887	0.311
5046.000000	100	167	0.894	0.315
5052.000000	100	167	0.895	0.328
5058.000000	100	167	0.890	0.334
5064.000000	100	167	0.886	0.339
5070.000000	100	167	0.884	0.341
5076.000000	100	167	0.883	0.342
5082.000000	100	167	0.881	0.346
5088.000000	100	167	0.878	0.351
5094.000000	100	167	0.877	0.353
5100.000000	100	167	0.876	0.356
5106.000000	100	167	0.876	0.355
5112.000000	100	167	0.873	0.349
5118.000000	100	167	0.871	0.342
5124.000000	100	167	0.868	0.334
5130.000000	100	167	0.867	0.329
5136.000000	100	167	0.870	0.326
5142.000000	100	167	0.874	0.321
5148.000000	100	167	0.874	0.317
5154.000000	100	167	0.877	0.307
5160.000000	100	167	0.880	0.292
5166.000000	100	167	0.883	0.283
5172.000000	100	167	0.884	0.272
5178.000000	100	167	0.884	0.254
5184.000000	100	167	0.886	0.227
5190.000000	100	81	0.888	0.206
5196.000000	100	81	0.893	0.207
5202.000000	100	81	0.899	0.199
5208.000000	100	81	0.902	0.198
5214.000000	100	81	0.911	0.198
5220.000000	100	81	0.912	0.199
5226.000000	100	81	0.912	0.196
5232.000000	100	81	0.915	0.193
5238.000000	100	30	0.920	0.191
5244.000000	100	30	0.919	0.192
5250.000000	100	30	0.918	0.191
5256.000000	100	30	0.920	0.188
5262.000000	100	30	0.918	0.189
5268.000000	100	30	0.917	0.189
5274.000000	100	30	0.917	0.188
5280.000000	100	30	0.916	0.188
5286.000000	100	30	0.916	0.187
5292.000000	100	89	0.918	0.182
5298.000000	100	89	0.918	0.178
5304.000000	100	89	0.919	0.173
5310.000000	100	89	0.917	0.172
5316.000000	100	89	0.911	0.174
5322.000000	100	89	0.903	0.177
5328.000000	100	89	0.891	0.182
5334.000000	100	89	0.885	0.184
5340.000000	100	89	0.878	0.187
5346.000000	100	89	0.871	0.188
5352.000000	100	89	0.862	0.189
5358.000000	100	89	0.854	0.188
5364.000000	100	89	0.847	0.184
5370.000000	100	89	0.838	0.178
5376.000000	100	89	0.827	0.176
5382.000000	100	89	0.812	0.172
5388.000000	100	89	0.795	0.169
5394.000000	100	86	0.774	0.183
5400.000000	100	86	0.740	0.199
5406.000000	100	86	0.698	0.216
5412.000000	100	86	0.643	0.238
5418.000000	100	86	0.553	0.265
5424.000000	100	86	0.415	0.288
5430.000000	86	100	0.324	0.205
5436.000000	86	164	0.395	0.221
5442.000000	86	164	0.483	0.247
5448.000000	86	164	0.555	0.273
5454.000000	86	164	0.630	0.301
5460.000000	86	164	0.689	0.337
5466.000000	86	164	0.734	0.376
5472.000000	86	164	0.756	0.410
5478.000000	86	164	0.773	0.441
5484.000000	86	164	0.777	0.475
5490.000000	86	164	0.779	0.507
5496.000000	86	164	0.783	0.531
5502.000000	86	164	0.786	0.555
5508.000000	86	164	0.791	0.580
5514.000000	86	164	0.795	0.590
5520.000000	86	164	0.801	0.600
5526.000000	86	164	0.802	0.605
5532.000000	86	164	0.804	0.606
5538.000000	86	164	0.803	0.607
5544.000000	86	164	0.802	0.620
5550.000000	86	164	0.805	0.636
5556.000000	86	164	0.807	0.655
5562.000000	86	164	0.811	0.662
5568.000000	86	164	0.816	0.672
5574.000000	86	164	0.814	0.684
5580.000000	86	164	0.814	0.694
5586.000000	86	164	0.816	0.701
5592.000000	86	164	0.821	0.705
5598.000000	86	164	0.823	0.708
5604.000000	86	164	0.827	0.712
5610.000000	86	164	0.832	0.722
5616.000000	86	164	0.833	0.735
5622.000000	86	164	0.845	0.734
5628.000000	86	164	0.848	0.743
5634.000000	86	164	0.851	0.748
5640.000000	86	164	0.850	0.759
5646.000000	86	164	0.852	0.759
5652.000000	86	164	0.850	0.760
5658.000000	86	164	0.851	0.758
5664.000000	86	164	0.847	0.759
5670.000000	86	164	0.842	0.763
5676.000000	86	164	0.833	0.771
5682.000000	86	164	0.824	0.777
5688.000000	86	164	0.814	0.782
5694.000000	86	164	0.807	0.784
5700.000000	86	164	0.797	0.789
5706.000000	164	86	0.790	0.786
5712.000000	164	86	0.794	0.771
5718.000000	164	86	0.794	0.758
5724.000000	164	86	0.799	0.745
5730.000000	164	86	0.803	0.730
5736.000000	164	86	0.801	0.711
5742.000000	164	86	0.797	0.691
5748.000000	164	86	0.795	0.663
5754.000000	164	86	0.797	0.625
5760.000000	164	86	0.797	0.578
5766.000000	164	86	0.800	0.511
5772.000000	164	86	0.810	0.412
5778.000000	164	86	0.820	0.289
5784.000000	164	19	0.839	0.170
5790.000000	164	19	0.851	0.165
5796.000000	164	19	0.866	0.162
5802.000000	164	19	0.879	0.162
5808.000000	164	19	0.888	0.162
5814.000000	164	19	0.895	0.167
5820.000000	164	19	0.901	0.168
5826.000000	164	19	0.903	0.166
5832.000000	164	19	0.902	0.163
5838.000000	164	193	0.901	0.168
5844.000000	164	193	0.899	0.177
5850.000000	164	193	0.898	0.183
5856.000000	164	193	0.896	0.189
5862.000000	164	193	0.892	0.198
5868.000000	164	193	0.885	0.211
5874.000000	164	193	0.877	0.226
5880.000000	164	193	0.869	0.242
5886.000000	164	193	0.857	0.260
5892.000000	164	193	0.849	0.279
5898.000000	164	193	0.843	0.293
5904.000000	164	193	0.835	0.306
5910.000000	164	193	0.820	0.316
5916.000000	164	193	0.809	0.328
5922.000000	164	193	0.789	0.346
5928.000000	164	193	0.769	0.362
5934.000000	164	193	0.749	0.374
5940.000000	164	193	0.731	0.386
5946.000000	164	193	0.702	0.400
5952.000000	164	193	0.653	0.414
5958.000000	164	193	0.602	0.431
5964.000000	164	193	0.544	0.453
5970.000000	164	193	0.477	0.477
5976.000000	193	125	0.505	0.468
5982.000000	193	125	0.546	0.489
5988.000000	193	125	0.574	0.509
5994.000000	193	125	0.595	0.541
6000.000000	193	125	0.615	0.573
6006.000000	193	125	0.627	0.604
6012.000000	193	125	0.637	0.627
6018.000000	193	125	0.646	0.645
6024.000000	125	193	0.657	0.656
6030.000000	125	193	0.674	0.659
6036.000000	125	193	0.697	0.659
6042.000000	125	193	0.709	0.660
6048.000000	125	193	0.714	0.657
6054.000000	125	193	0.719	0.665
6060.000000	125	193	0.728	0.673
6066.000000	125	193	0.742	0.675
6072.000000	125	193	0.748	0.680
6078.000000	125	193	0.757	0.681
6084.000000	125	193	0.762	0.679
6090.000000	125	193	0.769	0.679
6096.000000	125	193	0.769	0.682
6102.000000	125	193	0.775	0.678
6108.000000	125	193	0.776	0.673
6114.000000	125	193	0.776	0.674
6120.000000	125	193	0.780	0.673
6126.000000	125	193	0.786	0.668
6132.000000	125	193	0.791	0.664
6138.000000	125	193	0.798	0.654
6144.000000	125	193	0.799	0.645
6150.000000	125	193	0.800	0.635
6156.000000	125	193	0.805	0.617
6162.000000	125	193	0.809	0.591
6168.000000	125	193	0.814	0.563
6174.000000	125	193	0.822	0.532
6180.000000	125	193	0.827	0.494
6186.000000	125	193	0.836	0.452
6192.000000	125	193	0.856	0.386
6198.000000	125	193	0.884	0.298
6204.000000	125	193	0.904	0.197
6210.000000	125	118	0.922	0.110
6216.000000	125	67	0.927	0.111
6222.000000	125	67	0.930	0.116
6228.000000	125	67	0.937	0.113
6234.000000	125	118	0.939	0.112
6240.000000	125	118	0.940	0.113
6246.000000	125	118	0.941	0.115
6252.000000	125	118	0.941	0.116
6258.000000	125	118	0.941	0.115
6264.000000	125	118	0.941	0.112
6270.000000	125	118	0.940	0.111
6276.000000	125	118	0.939	0.111
6282.000000	125	118	0.940	0.112
6288.000000	125	118	0.944	0.110
6294.000000	125	67	0.947	0.112
6300.000000	125	67	0.950	0.115
6306.000000	125	67	0.949	0.116
6312.000000	125	67	0.948	0.116
6318.000000	125	185	0.946	0.121
6324.000000	125	185	0.944	0.125
6330.000000	125	185	0.942	0.128
6336.000000	125	185	0.941	0.132
6342.000000	125	185	0.941	0.136
6348.000000	125	185	0.939	0.138
6354.000000	125	185	0.936	0.144
6360.000000	125	185	0.933	0.148
6366.000000	125	185	0.930	0.151
6372.000000	125	185	0.927	0.153
6378.000000	125	185	0.926	0.151
6384.000000	125	185	0.924	0.150
6390.000000	125	185	0.920	0.154
6396.000000	125	185	0.917	0.157
6402.000000	125	185	0.914	0.158
6408.000000	125	185	0.911	0.156
6414.000000	125	185	0.907	0.150
6420.000000	125	185	0.905	0.142
6426.000000	125	52	0.902	0.144
6432.000000	125	52	0.893	0.156
6438.000000	125	52	0.881	0.170
6444.000000	125	52	0.871	0.183
6450.000000	125	52	0.861	0.195
6456.000000	125	52	0.851	0.209
6462.000000	125	52	0.837	0.225
6468.000000	125	52	0.817	0.247
6474.000000	125	52	0.793	0.280
6480.000000	125	52	0.762	0.335
6486.000000	125	52	0.724	0.410
6492.000000	125	52	0.652	0.510
6498.000000	52	125	0.645	0.519
6504.000000	52	125	0.788	0.293
6510.000000	52	112	0.901	0.100
6516.000000	52	112	0.951	0.087
6522.000000	52	112	0.967	0.081
6528.000000	52	112	0.977	0.073
6534.000000	52	112	0.981	0.070
6540.000000	52	112	0.981	0.067
6546.000000	52	4	0.980	0.072
6552.000000	52	4	0.979	0.080
6558.000000	52	4	0.978	0.084
6564.000000	52	4	0.976	0.088
6570.000000	52	4	0.975	0.095
6576.000000	52	4	0.974	0.101
6582.000000	52	4	0.973	0.106
6588.000000	52	4	0.972	0.112
6594.000000	52	4	0.971	0.120
6600.000000	52	4	0.969	0.130
6606.000000	52	4	0.968	0.141
6612.000000	52	4	0.966	0.152
6618.000000	52	4	0.964	0.165
6624.000000	52	4	0.961	0.184
6630.000000	52	4	0.960	0.202
6636.000000	52	4	0.959	0.221
6642.000000	52	4	0.958	0.242
6648.000000	52	4	0.956	0.264
6654.000000	52	4	0.954	0.289
6660.000000	52	4	0.952	0.315
6666.000000	52	4	0.947	0.345
6672.000000	52	4	0.944	0.392
6678.000000	52	4	0.941	0.441
6684.000000	52	4	0.936	0.500
6690.000000	52	4	0.930	0.552
6696.000000	52	4	0.923	0.595
6702.000000	52	4	0.910	0.631
6708.000000	52	4	0.891	0.655
6714.000000	52	4	0.877	0.679
6720.000000	52	4	0.867	0.698
6726.000000	52	4	0.854	0.713
6732.000000	52	4	0.831	0.731
6738.000000	52	4	0.811	0.746
6744.000000	52	4	0.789	0.761
6750.000000	4	52	0.780	0.758
6756.000000	4	52	0.802	0.721
6762.000000	4	52	0.823	0.680
6768.000000	4	52	0.837	0.630
6774.000000	4	52	0.862	0.558
6780.000000	4	52	0.881	0.463
6786.000000	4	52	0.903	0.324
6792.000000	4	95	0.929	0.333
6798.000000	4	95	0.942	0.364
6804.000000	4	95	0.948	0.403
6810.000000	4	95	0.950	0.459
6816.000000	4	95	0.951	0.505
6822.000000	4	95	0.949	0.539
6828.000000	4	95	0.948	0.565
6834.000000	4	95	0.944	0.586
6840.000000	4	95	0.939	0.605
6846.000000	4	95	0.931	0.616
6852.000000	4	95	0.926	0.628
6858.000000	4	95	0.922	0.646
6864.000000	4	95	0.919	0.658
6870.000000	4	95	0.914	0.665
6876.000000	4	95	0.910	0.668
6882.000000	4	95	0.905	0.670
6888.000000	4	95	0.902	0.672
6894.000000	4	95	0.897	0.679
6900.000000	4	95	0.892	0.688
6906.000000	4	95	0.889	0.692
6912.000000	4	95	0.881	0.705
6918.000000	4	95	0.873	0.715
6924.000000	4	95	0.863	0.720
6930.000000	4	95	0.850	0.727
6936.000000	4	95	0.837	0.732
6942.000000	4	95	0.823	0.735
6948.000000	4	95	0.800	0.744
6954.000000	4	95	0.776	0.754
6960.000000	95	4	0.761	0.756
6966.000000	95	4	0.775	0.722
6972.000000	95	4	0.796	0.676
6978.000000	95	4	0.816	0.628
6984.000000	95	4	0.823	0.581
6990.000000	95	4	0.830	0.514
6996.000000	95	3	0.846	0.457
7002.000000	95	3	0.860	0.508
7008.000000	95	3	0.866	0.573
7014.000000	95	3	0.880	0.633
7020.000000	95	3	0.883	0.670
7026.000000	95	3	0.885	0.698
7032.000000	95	3	0.886	0.711
7038.000000	95	3	0.878	0.729
7044.000000	95	3	0.861	0.750
7050.000000	95	3	0.849	0.764
7056.000000	95	3	0.834	0.776
7062.000000	95	3	0.820	0.789
7068.000000	3	95	0.805	0.802
7074.000000	3	95	0.813	0.788
7080.000000	3	95	0.820	0.775
7086.000000	3	95	0.827	0.751
7092.000000	3	95	0.832	0.725
7098.000000	3	95	0.834	0.696
7104.000000	3	95	0.837	0.664
7110.000000	3	95	0.842	0.633
7116.000000	3	95	0.853	0.590
7122.000000	3	95	0.860	0.531
7128.000000	3	95	0.871	0.461
7134.000000	3	95	0.880	0.378
7140.000000	3	95	0.891	0.274
7146.000000	3	95	0.909	0.150
7152.000000	3	87	0.927	0.125
7158.000000	3	87	0.935	0.136
7164.000000	3	87	0.935	0.147
7170.000000	3	87	0.938	0.163
7176.000000	3	87	0.936	0.181
7182.000000	3	87	0.935	0.204
7188.000000	3	87	0.935	0.223
7194.000000	3	87	0.935	0.241
7200.000000	3	87	0.934	0.262
7206.000000	3	87	0.933	0.287
7212.000000	3	87	0.931	0.319
7218.000000	3	87	0.926	0.351
7224.000000	3	87	0.917	0.381
7230.000000	3	87	0.910	0.402
7236.000000	3	87	0.907	0.418
7242.000000	3	87	0.904	0.432
7248.000000	3	87	0.900	0.448
7254.000000	3	87	0.895	0.473
7260.000000	3	87	0.892	0.490
7266.000000	3	87	0.887	0.507
7272.000000	3	87	0.877	0.522
7278.000000	3	87	0.862	0.544
7284.000000	3	87	0.848	0.561
7290.000000	3	87	0.837	0.569
7296.000000	3	87	0.826	0.576
7302.000000	3	87	0.811	0.584
7308.000000	3	87	0.791	0.598
7314.000000	3	87	0.770	0.611
7320.000000	3	87	0.739	0.632
7326.000000	3	87	0.712	0.652
7332.000000	87	3	0.680	0.665
7338.000000	87	3	0.712	0.595
7344.000000	87	3	0.742	0.493
7350.000000	87	3	0.787	0.346
7356.000000	87	124	0.838	0.289
7362.000000	87	124	0.881	0.301
7368.000000	87	124	0.903	0.311
7374.000000	87	124	0.910	0.327
7380.000000	87	124	0.915	0.340
7386.000000	87	124	0.919	0.356
7392.000000	87	124	0.920	0.367
7398.000000	87	124	0.919	0.378
7404.000000	87	124	0.919	0.389
7410.000000	87	124	0.920	0.398
7416.000000	87	124	0.923	0.403
7422.000000	87	124	0.921	0.413
7428.000000	87	124	0.922	0.413
7434.000000	87	124	0.921	0.415
7440.000000	87	124	0.920	0.415
7446.000000	87	124	0.919	0.414
7452.000000	87	124	0.917	0.416
7458.000000	87	124	0.914	0.412
7464.000000	87	124	0.913	0.411
7470.000000	87	124	0.911	0.414
7476.000000	87	124	0.908	0.419
7482.000000	87	124	0.902	0.424
7488.000000	87	124	0.896	0.427
7494.000000	87	124	0.891	0.428
7500.000000	87	124	0.888	0.431
7506.000000	87	5	0.884	0.440
7512.000000	87	5	0.880	0.447
7518.000000	87	5	0.877	0.455
7524.000000	87	5	0.871	0.472
7530.000000	87	5	0.864	0.489
7536.000000	87	5	0.853	0.511
7542.000000	87	5	0.843	0.533
7548.000000	87	5	0.830	0.551
7554.000000	87	5	0.815	0.567
7560.000000	87	5	0.797	0.587
7566.000000	87	5	0.778	0.613
7572.000000	87	5	0.751	0.657
7578.000000	87	5	0.725	0.698
7584.000000	5	87	0.731	0.692
7590.000000	5	87	0.768	0.646
7596.000000	5	87	0.805	0.583
7602.000000	5	87	0.836	0.502
7608.000000	5	87	0.872	0.379
7614.000000	5	87	0.925	0.212
7620.000000	5	192	0.942	0.116
7626.000000	5	192	0.950	0.114
7632.000000	5	192	0.958	0.113
7638.000000	5	192	0.963	0.112
7644.000000	5	192	0.962	0.114
7650.000000	5	192	0.962	0.121
7656.000000	5	192	0.961	0.130
7662.000000	5	192	0.961	0.140
7668.000000	5	192	0.961	0.148
7674.000000	5	192	0.959	0.155
7680.000000	5	192	0.958	0.164
7686.000000	5	192	0.958	0.175
7692.000000	5	192	0.957	0.183
7698.000000	5	192	0.956	0.191
7704.000000	5	192	0.954	0.202
7710.000000	5	192	0.951	0.213
7716.000000	5	192	0.947	0.221
7722.000000	5	192	0.942	0.232
7728.000000	5	192	0.939	0.248
7734.000000	5	192	0.936	0.265
7740.000000	5	192	0.932	0.284
7746.000000	5	192	0.927	0.304
7752.000000	5	192	0.927	0.323
7758.000000	5	192	0.925	0.346
7764.000000	5	192	0.921	0.367
7770.000000	5	192	0.916	0.391
7776.000000	5	192	0.910	0.411
7782.000000	5	192	0.902	0.432
7788.000000	5	192	0.895	0.459
7794.000000	5	192	0.883	0.486
7800.000000	5	192	0.875	0.507
7806.000000	5	192	0.859	0.536
7812.000000	5	192	0.844	0.562
7818.000000	5	192	0.827	0.585
7824.000000	5	192	0.812	0.605
7830.000000	5	192	0.792	0.625
7836.000000	5	192	0.765	0.649
7842.000000	5	192	0.729	0.684
7848.000000	192	5	0.711	0.684
7854.000000	192	5	0.736	0.615
7860.000000	192	5	0.775	0.513
7866.000000	192	162	0.819	0.538
7872.000000	192	162	0.860	0.602
7878.000000	192	162	0.887	0.666
7884.000000	192	162	0.894	0.703
7890.000000	192	162	0.898	0.717
7896.000000	192	162	0.903	0.719
7902.000000	192	162	0.902	0.725
7908.000000	192	162	0.904	0.725
7914.000000	192	162	0.904	0.725
7920.000000	192	162	0.902	0.729
7926.000000	192	162	0.896	0.732
7932.000000	192	162	0.891	0.734
7938.000000	192	162	0.887	0.733
7944.000000	192	162	0.882	0.733
7950.000000	192	162	0.875	0.735
7956.000000	192	162	0.867	0.738
7962.000000	192	162	0.863	0.739
7968.000000	192	162	0.859	0.739
7974.000000	192	162	0.850	0.743
7980.000000	192	162	0.849	0.739
7986.000000	192	162	0.845	0.737
7992.000000	192	162	0.838	0.738
7998.000000	192	162	0.827	0.745
8004.000000	192	162	0.817	0.751
8010.000000	192	162	0.812	0.752
8016.000000	192	162	0.808	0.752
8022.000000	192	162	0.798	0.758
8028.000000	192	162	0.790	0.764
8034.000000	192	162	0.778	0.773
8040.000000	162	192	0.778	0.768
8046.000000	162	192	0.786	0.750
8052.000000	162	192	0.797	0.727
8058.000000	162	192	0.810	0.699
8064.000000	162	192	0.825	0.659
8070.000000	162	192	0.840	0.609
8076.000000	162	192	0.856	0.542
8082.000000	162	192	0.874	0.432
8088.000000	162	192	0.898	0.266
8094.000000	162	192	0.927	0.100
8100.000000	162	28	0.953	0.066
8106.000000	162	28	0.955	0.067
8112.000000	162	28	0.957	0.069
8118.000000	162	28	0.961	0.071
8124.000000	162	28	0.962	0.073
8130.000000	162	28	0.962	0.074
8136.000000	162	28	0.962	0.076
8142.000000	162	28	0.961	0.078
8148.000000	162	28	0.960	0.081
8154.000000	162	28	0.959	0.085
8160.000000	162	28	0.956	0.090
8166.000000	162	28	0.953	0.094
8172.000000	162	28	0.950	0.099
8178.000000	162	28	0.948	0.105
8184.000000	162	28	0.947	0.110
8190.000000	162	28	0.942	0.115
8196.000000	162	28	0.936	0.122
8202.000000	162	28	0.930	0.128
8208.000000	162	28	0.924	0.132
8214.000000	162	28	0.918	0.133
8220.000000	162	28	0.913	0.136
8226.000000	162	28	0.908	0.142
8232.000000	162	28	0.900	0.148
8238.000000	162	28	0.894	0.152
8244.000000	162	28	0.888	0.156
8250.000000	162	28	0.880	0.160
8256.000000	162	28	0.872	0.170
8262.000000	162	28	0.862	0.179
8268.000000	162	28	0.850	0.187
8274.000000	162	164	0.832	0.199
8280.000000	162	164	0.811	0.215
8286.000000	162	164	0.794	0.233
8292.000000	162	164	0.773	0.254
8298.000000	162	164	0.745	0.283
8304.000000	162	164	0.710	0.310
8310.000000	162	164	0.655	0.349
8316.000000	162	164	0.573	0.401
8322.000000	162	164	0.474	0.469
8328.000000	164	162	0.541	0.340
8334.000000	164	28	0.623	0.284
8340.000000	164	28	0.725	0.279
8346.000000	164	28	0.792	0.281
8352.000000	164	28	0.836	0.289
8358.000000	164	28	0.848	0.292
8364.000000	164	28	0.866	0.287
8370.000000	164	28	0.876	0.289
8376.000000	164	28	0.881	0.288
8382.000000	164	28	0.885	0.290
8388.000000	164	28	0.890	0.287
8394.000000	164	28	0.902	0.283
8400.000000	164	28	0.903	0.283
8406.000000	164	28	0.900	0.278
8412.000000	164	28	0.897	0.272
8418.000000	164	28	0.896	0.265
8424.000000	164	28	0.895	0.254
8430.000000	164	28	0.894	0.242
8436.000000	164	28	0.892	0.232
8442.000000	164	28	0.891	0.227
8448.000000	164	28	0.892	0.221
8454.000000	164	196	0.891	0.213
8460.000000	164	196	0.891	0.217
8466.000000	164	196	0.893	0.219
8472.000000	164	196	0.895	0.224
8478.000000	164	196	0.896	0.236
8484.000000	164	196	0.899	0.243
8490.000000	164	196	0.900	0.249
8496.000000	164	196	0.898	0.262
8502.000000	164	196	0.897	0.277
8508.000000	164	196	0.898	0.281
8514.000000	164	196	0.896	0.282
8520.000000	164	196	0.892	0.282
8526.000000	164	196	0.891	0.279
8532.000000	164	196	0.890	0.276
8538.000000	164	196	0.890	0.272
8544.000000	164	196	0.889	0.271
8550.000000	164	196	0.887	0.272
8556.000000	164	196	0.883	0.274
8562.000000	164	196	0.880	0.269
8568.000000	164	196	0.877	0.264
8574.000000	164	196	0.872	0.264
8580.000000	164	196	0.868	0.263
8586.000000	164	196	0.863	0.262
8592.000000	164	193	0.859	0.273
8598.000000	164	193	0.857	0.288
8604.000000	164	193	0.857	0.303
8610.000000	164	193	0.857	0.322
8616.000000	164	193	0.855	0.340
8622.000000	164	193	0.851	0.359
8628.000000	164	193	0.844	0.382
8634.000000	164	193	0.839	0.410
8640.000000	164	193	0.836	0.442
8646.000000	164	193	0.831	0.473
8652.000000	164	193	0.819	0.506
8658.000000	164	193	0.807	0.545
8664.000000	164	193	0.794	0.576
8670.000000	164	193	0.772	0.617
8676.000000	164	193	0.746	0.668
8682.000000	193	164	0.719	0.711
8688.000000	193	164	0.782	0.639
8694.000000	193	164	0.822	0.552
8700.000000	193	164	0.874	0.426
8706.000000	193	164	0.925	0.230
8712.000000	193	84	0.951	0.109
8718.000000	193	13	0.959	0.110
8724.000000	193	13	0.962	0.121
8730.000000	193	13	0.961	0.134
8736.000000	193	13	0.960	0.149
8742.000000	193	13	0.958	0.160
8748.000000	193	13	0.955	0.171
8754.000000	193	13	0.951	0.184
8760.000000	193	13	0.945	0.199
8766.000000	193	13	0.942	0.213
8772.000000	193	13	0.937	0.230
8778.000000	193	13	0.932	0.253
8784.000000	193	13	0.928	0.278
8790.000000	193	13	0.925	0.305
8796.000000	193	13	0.921	0.335
8802.000000	193	13	0.918	0.370
8808.000000	193	13	0.916	0.400
8814.000000	193	13	0.915	0.421
8820.000000	193	13	0.909	0.443
8826.000000	193	13	0.905	0.463
8832.000000	193	13	0.900	0.480
8838.000000	193	13	0.892	0.500
8844.000000	193	13	0.887	0.519
8850.000000	193	13	0.877	0.546
8856.000000	193	13	0.869	0.568
8862.000000	193	13	0.864	0.594
8868.000000	193	13	0.851	0.616
8874.000000	193	13	0.834	0.635
8880.000000	193	13	0.821	0.659
8886.000000	193	13	0.812	0.672
8892.000000	193	13	0.807	0.688
8898.000000	193	13	0.790	0.712
8904.000000	193	13	0.765	0.736
8910.000000	13	193	0.765	0.733
8916.000000	13	193	0.798	0.692
8922.000000	13	193	0.834	0.648
8928.000000	13	193	0.875	0.582
8934.000000	13	193	0.920	0.471
8940.000000	13	193	0.949	0.317
8946.000000	13	193	0.962	0.138
8952.000000	13	89	0.970	0.079
8958.000000	13	89	0.971	0.075
8964.000000	13	89	0.971	0.074
8970.000000	13	89	0.971	0.072
8976.000000	13	160	0.973	0.073
8982.000000	13	160	0.976	0.078
8988.000000	13	160	0.975	0.081
8994.000000	13	160	0.974	0.087
9000.000000	13	160	0.971	0.093
9006.000000	13	160	0.969	0.096
9012.000000	13	160	0.968	0.100
9018.000000	13	160	0.966	0.105
9024.000000	13	160	0.965	0.114
9030.000000	13	89	0.963	0.129
9036.000000	13	160	0.961	0.143
9042.000000	13	160	0.960	0.160
9048.000000	13	160	0.958	0.182
9054.000000	13	160	0.955	0.207
9060.000000	13	160	0.953	0.231
9066.000000	13	160	0.951	0.257
9072.000000	13	160	0.948	0.282
9078.000000	13	160	0.944	0.316
9084.000000	13	160	0.940	0.348
9090.000000	13	160	0.934	0.388
9096.000000	13	160	0.929	0.423
9102.000000	13	160	0.923	0.452
9108.000000	13	160	0.917	0.475
9114.000000	13	160	0.910	0.493
9120.000000	13	160	0.898	0.514
9126.000000	13	160	0.878	0.544
9132.000000	13	160	0.859	0.566
9138.000000	13	160	0.840	0.579
9144.000000	13	160	0.821	0.592
9150.000000	13	160	0.799	0.606
9156.000000	13	160	0.767	0.622
9162.000000	13	160	0.726	0.634
9168.000000	160	13	0.669	0.661
9174.000000	160	89	0.696	0.595
9180.000000	160	89	0.729	0.634
9186.000000	160	89	0.784	0.676
9192.000000	160	89	0.821	0.718
9198.000000	160	89	0.840	0.744
9204.000000	160	89	0.841	0.765
9210.000000	160	89	0.837	0.776
9216.000000	160	89	0.835	0.779
9222.000000	160	89	0.837	0.781
9228.000000	160	89	0.839	0.778
9234.000000	160	89	0.837	0.778
9240.000000	160	89	0.837	0.778
9246.000000	160	89	0.837	0.779
9252.000000	160	89	0.840	0.777
9258.000000	160	89	0.840	0.775
9264.000000	160	89	0.840	0.773
9270.000000	160	89	0.839	0.773
9276.000000	160	89	0.838	0.774
9282.000000	160	89	0.836	0.776
9288.000000	160	89	0.834	0.779
9294.000000	160	89	0.834	0.779
9300.000000	160	89	0.834	0.779
9306.000000	160	89	0.833	0.779
9312.000000	160	89	0.835	0.777
9318.000000	160	89	0.834	0.777
9324.000000	160	89	0.833	0.775
9330.000000	160	89	0.830	0.773
9336.000000	160	89	0.833	0.766
9342.000000	160	89	0.832	0.759
9348.000000	160	89	0.828	0.753
9354.000000	160	89	0.825	0.749
9360.000000	160	89	0.822	0.744
9366.000000	160	89	0.826	0.731
9372.000000	160	89	0.821	0.724
9378.000000	160	89	0.817	0.714
9384.000000	160	89	0.816	0.699
9390.000000	160	89	0.814	0.683
9396.000000	160	89	0.813	0.664
9402.000000	160	89	0.814	0.637
9408.000000	160	89	0.812	0.598
9414.000000	160	89	0.817	0.544
9420.000000	160	89	0.823	0.452
9426.000000	160	89	0.832	0.315
9432.000000	160	89	0.845	0.160
9438.000000	160	91	0.863	0.095
9444.000000	160	91	0.879	0.088
9450.000000	160	91	0.887	0.082
9456.000000	160	91	0.898	0.077
9462.000000	160	91	0.912	0.071
9468.000000	160	91	0.923	0.064
9474.000000	160	130	0.931	0.056
9480.000000	160	130	0.933	0.058
9486.000000	160	130	0.935	0.056
9492.000000	160	130	0.936	0.057
9498.000000	160	130	0.936	0.057
9504.000000	160	194	0.937	0.057
9510.000000	160	194	0.938	0.064
9516.000000	160	194	0.940	0.070
9522.000000	160	194	0.941	0.072
9528.000000	160	194	0.943	0.075
9534.000000	160	194	0.944	0.076
9540.000000	160	194	0.945	0.076
9546.000000	160	194	0.947	0.075
9552.000000	160	194	0.946	0.076
9558.000000	160	194	0.945	0.077
9564.000000	160	194	0.943	0.078
9570.000000	160	194	0.942	0.080
9576.000000	160	194	0.941	0.084
9582.000000	160	194	0.938	0.088
9588.000000	160	194	0.937	0.091
9594.000000	160	194	0.934	0.093
9600.000000	160	194	0.931	0.096
9606.000000	160	194	0.930	0.097
9612.000000	160	194	0.928	0.097
9618.000000	160	194	0.926	0.100
9624.000000	160	194	0.923	0.104
9630.000000	160	194	0.920	0.104
9636.000000	160	194	0.916	0.101
9642.000000	160	36	0.917	0.097
9648.000000	160	36	0.918	0.096
9654.000000	160	36	0.915	0.093
9660.000000	160	36	0.911	0.091
9666.000000	160	36	0.909	0.088
9672.000000	160	36	0.903	0.082
9678.000000	160	194	0.894	0.078
9684.000000	160	194	0.885	0.079
9690.000000	160	194	0.874	0.080
9696.000000	160	194	0.862	0.081
9702.000000	160	194	0.850	0.080
9708.000000	160	194	0.838	0.077
9714.000000	160	194	0.816	0.072
9720.000000	160	194	0.782	0.065
9726.000000	160	194	0.741	0.059
9732.000000	160	194	0.682	0.057
9738.000000	160	194	0.573	0.056
9744.000000	160	194	0.359	0.052
9750.000000	160	127	0.056	0.043
9756.000000	127	194	0.040	0.032
9762.000000	127	69	0.038	0.029
9768.000000	127	194	0.035	0.025
9774.000000	127	194	0.033	0.021
9780.000000	127	194	0.028	0.016
9786.000000	127	186	0.023	0.014
9792.000000	127	186	0.020	0.012
9798.000000	127	186	0.016	0.010
9804.000000	127	186	0.006	0.006
