0.000000	125	102	0.000	0.000
6.000000	154	124	0.992	0.040
12.000000	154	124	0.992	0.042
18.000000	154	124	0.992	0.046
24.000000	154	124	0.992	0.050
30.000000	154	124	0.991	0.052
36.000000	154	124	0.990	0.054
42.000000	154	124	0.989	0.056
48.000000	154	124	0.988	0.057
54.000000	154	124	0.987	0.060
60.000000	154	124	0.986	0.063
66.000000	154	124	0.985	0.066
72.000000	154	124	0.983	0.068
78.000000	154	124	0.982	0.072
84.000000	154	124	0.980	0.076
90.000000	154	124	0.979	0.080
96.000000	154	124	0.977	0.088
102.000000	154	124	0.975	0.097
108.000000	154	124	0.973	0.105
114.000000	154	124	0.971	0.114
120.000000	154	124	0.969	0.122
126.000000	154	124	0.967	0.129
132.000000	154	124	0.964	0.137
138.000000	154	124	0.962	0.147
144.000000	154	124	0.959	0.162
150.000000	154	124	0.955	0.178
156.000000	154	124	0.952	0.198
162.000000	154	28	0.948	0.226
168.000000	154	28	0.944	0.249
174.000000	154	28	0.941	0.269
180.000000	154	28	0.938	0.290
186.000000	154	28	0.935	0.308
192.000000	154	28	0.932	0.322
198.000000	154	28	0.929	0.338
204.000000	154	28	0.925	0.358
210.000000	154	28	0.922	0.377
216.000000	154	28	0.916	0.388
222.000000	154	28	0.910	0.396
228.000000	154	28	0.900	0.407
234.000000	154	28	0.891	0.421
240.000000	154	28	0.885	0.441
246.000000	154	28	0.877	0.459
252.000000	154	28	0.865	0.475
258.000000	154	28	0.856	0.492
264.000000	154	28	0.845	0.508
270.000000	154	28	0.834	0.522
276.000000	154	28	0.816	0.543
282.000000	154	28	0.803	0.571
288.000000	154	28	0.788	0.603
294.000000	154	28	0.763	0.628
300.000000	154	28	0.723	0.651
306.000000	154	28	0.694	0.667
312.000000	28	154	0.686	0.651
318.000000	28	154	0.699	0.578
324.000000	28	124	0.727	0.577
330.000000	28	124	0.772	0.603
336.000000	28	124	0.807	0.632
342.000000	28	124	0.821	0.668
348.000000	28	124	0.832	0.685
354.000000	28	124	0.848	0.690
360.000000	28	124	0.861	0.692
366.000000	28	124	0.862	0.696
372.000000	28	124	0.864	0.692
378.000000	28	124	0.866	0.684
384.000000	28	124	0.865	0.676
390.000000	28	124	0.866	0.673
396.000000	28	124	0.869	0.664
402.000000	28	124	0.868	0.654
408.000000	28	124	0.868	0.640
414.000000	28	124	0.864	0.634
420.000000	28	124	0.860	0.626
426.000000	28	124	0.859	0.618
432.000000	28	124	0.862	0.604
438.000000	28	124	0.861	0.589
444.000000	28	124	0.860	0.575
450.000000	28	124	0.859	0.557
456.000000	28	124	0.860	0.538
462.000000	28	124	0.861	0.515
468.000000	28	124	0.863	0.488
474.000000	28	124	0.872	0.448
480.000000	28	124	0.878	0.407
486.000000	28	124	0.876	0.367
492.000000	28	124	0.875	0.312
498.000000	28	114	0.874	0.279
504.000000	28	114	0.875	0.292
510.000000	28	114	0.877	0.308
516.000000	28	114	0.879	0.322
522.000000	28	114	0.878	0.343
528.000000	28	114	0.871	0.366
534.000000	28	114	0.863	0.400
540.000000	28	114	0.858	0.427
546.000000	28	114	0.846	0.451
552.000000	28	114	0.833	0.474
558.000000	28	114	0.829	0.492
564.000000	28	114	0.825	0.498
570.000000	28	114	0.809	0.507
576.000000	28	114	0.790	0.518
582.000000	28	114	0.772	0.526
588.000000	28	114	0.745	0.548
594.000000	28	114	0.721	0.562
600.000000	28	114	0.693	0.578
606.000000	28	114	0.664	0.592
612.000000	114	28	0.622	0.610
618.000000	114	28	0.655	0.531
624.000000	114	28	0.695	0.398
630.000000	114	28	0.740	0.231
636.000000	114	108	0.778	0.186
642.000000	114	108	0.807	0.190
648.000000	114	108	0.827	0.206
654.000000	114	108	0.841	0.223
660.000000	114	108	0.855	0.233
666.000000	114	108	0.860	0.237
672.000000	114	108	0.866	0.247
678.000000	114	108	0.881	0.261
684.000000	114	108	0.884	0.275
690.000000	114	108	0.883	0.283
696.000000	114	108	0.881	0.296
702.000000	114	108	0.878	0.303
708.000000	114	108	0.877	0.305
714.000000	114	108	0.875	0.307
720.000000	114	108	0.873	0.312
726.000000	114	108	0.873	0.315
732.000000	114	108	0.871	0.318
738.000000	114	108	0.870	0.320
744.000000	114	108	0.869	0.318
750.000000	114	108	0.867	0.317
756.000000	114	128	0.865	0.319
762.000000	114	128	0.862	0.322
768.000000	114	128	0.860	0.325
774.000000	114	108	0.858	0.330
780.000000	114	128	0.857	0.334
786.000000	114	128	0.850	0.350
792.000000	114	128	0.850	0.355
798.000000	114	128	0.848	0.355
804.000000	114	128	0.840	0.355
810.000000	114	128	0.833	0.354
816.000000	114	128	0.827	0.354
822.000000	114	128	0.818	0.354
828.000000	114	128	0.813	0.355
834.000000	114	128	0.802	0.366
840.000000	114	128	0.796	0.368
846.000000	114	128	0.786	0.369
852.000000	114	128	0.770	0.371
858.000000	114	128	0.758	0.367
864.000000	114	128	0.746	0.357
870.000000	114	128	0.727	0.345
876.000000	114	128	0.701	0.334
882.000000	114	128	0.670	0.319
888.000000	114	128	0.636	0.299
894.000000	114	89	0.596	0.304
900.000000	114	89	0.536	0.314
906.000000	114	89	0.436	0.333
912.000000	89	114	0.355	0.315
918.000000	89	98	0.375	0.236
924.000000	89	98	0.387	0.252
930.000000	89	98	0.392	0.262
936.000000	89	98	0.401	0.283
942.000000	89	98	0.420	0.298
948.000000	89	98	0.426	0.312
954.000000	89	98	0.428	0.325
960.000000	89	98	0.440	0.333
966.000000	89	98	0.447	0.338
972.000000	89	98	0.459	0.346
978.000000	89	98	0.468	0.351
984.000000	89	98	0.486	0.354
990.000000	89	98	0.505	0.356
996.000000	89	98	0.518	0.355
1002.000000	89	98	0.522	0.353
1008.000000	89	98	0.528	0.343
1014.000000	89	196	0.543	0.340
1020.000000	89	196	0.557	0.343
1026.000000	89	196	0.564	0.346
1032.000000	89	196	0.561	0.345
1038.000000	89	98	0.568	0.357
1044.000000	89	98	0.573	0.361
1050.000000	89	98	0.576	0.365
1056.000000	89	98	0.585	0.371
1062.000000	89	98	0.597	0.369
1068.000000	89	98	0.606	0.369
1074.000000	89	98	0.607	0.374
1080.000000	89	98	0.610	0.374
1086.000000	89	98	0.617	0.379
1092.000000	89	98	0.623	0.393
1098.000000	89	98	0.632	0.406
1104.000000	89	98	0.642	0.419
1110.000000	89	98	0.645	0.434
1116.000000	89	98	0.642	0.449
1122.000000	89	98	0.646	0.461
1128.000000	89	98	0.648	0.467
1134.000000	89	98	0.646	0.473
1140.000000	89	98	0.649	0.465
1146.000000	89	98	0.657	0.457
1152.000000	89	98	0.662	0.450
1158.000000	89	98	0.660	0.445
1164.000000	89	98	0.657	0.443
1170.000000	89	98	0.655	0.440
1176.000000	89	98	0.650	0.443
1182.000000	89	98	0.638	0.443
1188.000000	89	98	0.634	0.446
1194.000000	89	98	0.625	0.452
1200.000000	89	98	0.608	0.454
1206.000000	89	98	0.598	0.454
1212.000000	89	98	0.584	0.451
1218.000000	89	173	0.559	0.454
1224.000000	89	173	0.531	0.475
1230.000000	173	89	0.504	0.497
1236.000000	173	89	0.546	0.452
1242.000000	173	89	0.593	0.411
1248.000000	173	98	0.630	0.365
1254.000000	173	98	0.666	0.351
1260.000000	173	98	0.696	0.330
1266.000000	173	98	0.723	0.316
1272.000000	173	63	0.759	0.293
1278.000000	173	63	0.806	0.301
1284.000000	173	63	0.836	0.306
1290.000000	173	63	0.856	0.315
1296.000000	173	63	0.870	0.324
1302.000000	173	63	0.883	0.330
1308.000000	173	63	0.890	0.333
1314.000000	173	63	0.891	0.343
1320.000000	173	63	0.896	0.350
1326.000000	173	63	0.896	0.350
1332.000000	173	63	0.897	0.348
1338.000000	173	153	0.899	0.351
1344.000000	173	153	0.901	0.357
1350.000000	173	153	0.902	0.362
1356.000000	173	153	0.902	0.367
1362.000000	173	153	0.902	0.367
1368.000000	173	153	0.902	0.365
1374.000000	173	153	0.904	0.363
1380.000000	173	153	0.907	0.361
1386.000000	173	153	0.912	0.357
1392.000000	173	153	0.912	0.355
1398.000000	173	153	0.911	0.352
1404.000000	173	153	0.908	0.348
1410.000000	173	153	0.905	0.342
1416.000000	173	153	0.905	0.342
1422.000000	173	153	0.909	0.342
1428.000000	173	153	0.913	0.342
1434.000000	173	153	0.915	0.338
1440.000000	173	153	0.918	0.335
1446.000000	173	153	0.919	0.329
1452.000000	173	153	0.921	0.319
1458.000000	173	153	0.922	0.306
1464.000000	173	153	0.923	0.290
1470.000000	173	153	0.925	0.264
1476.000000	173	153	0.925	0.234
1482.000000	173	153	0.926	0.201
1488.000000	173	81	0.927	0.180
1494.000000	173	81	0.929	0.170
1500.000000	173	81	0.931	0.155
1506.000000	173	81	0.934	0.148
1512.000000	173	81	0.936	0.146
1518.000000	173	81	0.936	0.144
1524.000000	173	81	0.934	0.141
1530.000000	173	81	0.935	0.136
1536.000000	173	81	0.933	0.134
1542.000000	173	81	0.930	0.131
1548.000000	173	81	0.927	0.119
1554.000000	173	160	0.925	0.114
1560.000000	173	160	0.922	0.125
1566.000000	173	160	0.917	0.131
1572.000000	173	160	0.911	0.137
1578.000000	173	160	0.905	0.147
1584.000000	173	160	0.900	0.160
1590.000000	173	160	0.895	0.171
1596.000000	173	160	0.889	0.181
1602.000000	173	160	0.882	0.189
1608.000000	173	160	0.873	0.200
1614.000000	173	160	0.859	0.219
1620.000000	173	160	0.843	0.237
1626.000000	173	160	0.827	0.261
1632.000000	173	160	0.808	0.286
1638.000000	173	160	0.782	0.320
1644.000000	173	160	0.752	0.352
1650.000000	173	160	0.710	0.384
1656.000000	173	160	0.634	0.420
1662.000000	173	160	0.529	0.475
1668.000000	160	173	0.553	0.362
1674.000000	160	92	0.660	0.285
1680.000000	160	92	0.755	0.299
1686.000000	160	92	0.829	0.315
1692.000000	160	92	0.865	0.335
1698.000000	160	92	0.872	0.350
1704.000000	160	92	0.873	0.364
1710.000000	160	92	0.876	0.381
1716.000000	160	92	0.879	0.399
1722.000000	160	92	0.877	0.410
1728.000000	160	92	0.876	0.417
1734.000000	160	92	0.875	0.423
1740.000000	160	92	0.874	0.424
1746.000000	160	92	0.872	0.427
1752.000000	160	92	0.868	0.429
1758.000000	160	92	0.865	0.435
1764.000000	160	92	0.862	0.438
1770.000000	160	92	0.857	0.444
1776.000000	160	92	0.859	0.446
1782.000000	160	130	0.858	0.450
1788.000000	160	130	0.858	0.452
1794.000000	160	130	0.857	0.452
1800.000000	160	130	0.857	0.450
1806.000000	160	130	0.858	0.448
1812.000000	160	130	0.860	0.449
1818.000000	160	130	0.860	0.455
1824.000000	160	130	0.862	0.463
1830.000000	160	130	0.863	0.463
1836.000000	160	130	0.860	0.465
1842.000000	160	130	0.865	0.469
1848.000000	160	130	0.867	0.477
1854.000000	160	130	0.870	0.482
1860.000000	160	130	0.875	0.490
1866.000000	160	130	0.882	0.498
1872.000000	160	130	0.885	0.511
1878.000000	160	130	0.879	0.531
1884.000000	160	130	0.876	0.547
1890.000000	160	130	0.877	0.553
1896.000000	160	130	0.876	0.555
1902.000000	160	130	0.872	0.569
1908.000000	160	130	0.868	0.585
1914.000000	160	130	0.869	0.585
1920.000000	160	130	0.867	0.586
1926.000000	160	130	0.863	0.592
1932.000000	160	130	0.863	0.597
1938.000000	160	130	0.861	0.597
1944.000000	160	130	0.859	0.591
1950.000000	160	130	0.854	0.586
1956.000000	160	130	0.845	0.593
1962.000000	160	130	0.840	0.587
1968.000000	160	130	0.834	0.581
1974.000000	160	130	0.825	0.578
1980.000000	160	130	0.818	0.568
1986.000000	160	130	0.806	0.559
1992.000000	160	130	0.792	0.553
1998.000000	160	130	0.779	0.540
2004.000000	160	130	0.762	0.524
2010.000000	160	130	0.738	0.506
2016.000000	160	130	0.707	0.488
2022.000000	160	130	0.673	0.467
2028.000000	160	4	0.614	0.442
2034.000000	160	4	0.536	0.503
2040.000000	4	160	0.575	0.413
2046.000000	4	130	0.673	0.334
2052.000000	4	130	0.764	0.302
2058.000000	4	130	0.827	0.258
2064.000000	4	130	0.870	0.200
2070.000000	4	88	0.902	0.151
2076.000000	4	88	0.908	0.159
2082.000000	4	88	0.917	0.166
2088.000000	4	88	0.923	0.167
2094.000000	4	88	0.925	0.175
2100.000000	4	88	0.924	0.183
2106.000000	4	88	0.921	0.189
2112.000000	4	88	0.918	0.198
2118.000000	4	88	0.917	0.207
2124.000000	4	88	0.913	0.213
2130.000000	4	88	0.910	0.215
2136.000000	4	88	0.907	0.216
2142.000000	4	88	0.906	0.216
2148.000000	4	88	0.908	0.216
2154.000000	4	88	0.905	0.214
2160.000000	4	88	0.903	0.210
2166.000000	4	88	0.901	0.203
2172.000000	4	88	0.900	0.197
2178.000000	4	65	0.900	0.194
2184.000000	4	65	0.902	0.195
2190.000000	4	65	0.901	0.197
2196.000000	4	65	0.901	0.200
2202.000000	4	65	0.900	0.204
2208.000000	4	65	0.900	0.205
2214.000000	4	65	0.900	0.208
2220.000000	4	65	0.901	0.212
2226.000000	4	65	0.902	0.214
2232.000000	4	65	0.902	0.212
2238.000000	4	65	0.903	0.214
2244.000000	4	65	0.905	0.219
2250.000000	4	65	0.905	0.223
2256.000000	4	65	0.904	0.225
2262.000000	4	65	0.904	0.228
2268.000000	4	65	0.903	0.229
2274.000000	4	65	0.901	0.224
2280.000000	4	196	0.896	0.227
2286.000000	4	196	0.892	0.234
2292.000000	4	196	0.888	0.239
2298.000000	4	196	0.886	0.248
2304.000000	4	196	0.885	0.264
2310.000000	4	196	0.882	0.284
2316.000000	4	196	0.874	0.304
2322.000000	4	196	0.866	0.316
2328.000000	4	196	0.860	0.333
2334.000000	4	196	0.853	0.356
2340.000000	4	196	0.845	0.379
2346.000000	4	196	0.833	0.399
2352.000000	4	196	0.821	0.433
2358.000000	4	196	0.806	0.468
2364.000000	4	196	0.788	0.504
2370.000000	4	196	0.761	0.546
2376.000000	4	196	0.725	0.587
2382.000000	4	196	0.682	0.622
2388.000000	196	4	0.670	0.599
2394.000000	196	4	0.732	0.485
2400.000000	196	4	0.777	0.328
2406.000000	196	4	0.827	0.140
2412.000000	196	164	0.861	0.127
2418.000000	196	164	0.886	0.127
2424.000000	196	164	0.901	0.135
2430.000000	196	164	0.914	0.147
2436.000000	196	164	0.921	0.159
2442.000000	196	164	0.920	0.169
2448.000000	196	164	0.917	0.177
2454.000000	196	164	0.913	0.183
2460.000000	196	164	0.913	0.191
2466.000000	196	164	0.913	0.194
2472.000000	196	164	0.911	0.192
2478.000000	196	164	0.914	0.186
2484.000000	196	164	0.914	0.186
2490.000000	196	164	0.914	0.193
2496.000000	196	164	0.913	0.199
2502.000000	196	164	0.911	0.200
2508.000000	196	164	0.910	0.199
2514.000000	196	164	0.910	0.200
2520.000000	196	164	0.909	0.196
2526.000000	196	164	0.906	0.191
2532.000000	196	164	0.905	0.191
2538.000000	196	164	0.905	0.194
2544.000000	196	164	0.905	0.192
2550.000000	196	105	0.902	0.198
2556.000000	196	105	0.900	0.206
2562.000000	196	105	0.898	0.216
2568.000000	196	105	0.896	0.227
2574.000000	196	105	0.895	0.242
2580.000000	196	105	0.892	0.258
2586.000000	196	105	0.886	0.273
2592.000000	196	105	0.879	0.285
2598.000000	196	105	0.873	0.298
2604.000000	196	105	0.866	0.316
2610.000000	196	105	0.859	0.337
2616.000000	196	105	0.855	0.353
2622.000000	196	105	0.845	0.378
2628.000000	196	105	0.833	0.412
2634.000000	196	105	0.823	0.446
2640.000000	196	105	0.810	0.471
2646.000000	196	105	0.795	0.500
2652.000000	196	105	0.777	0.518
2658.000000	196	105	0.757	0.538
2664.000000	196	105	0.731	0.561
2670.000000	196	105	0.699	0.589
2676.000000	196	105	0.663	0.607
2682.000000	105	196	0.633	0.606
2688.000000	105	196	0.670	0.524
2694.000000	105	196	0.711	0.420
2700.000000	105	72	0.750	0.377
2706.000000	105	72	0.790	0.405
2712.000000	105	72	0.814	0.427
2718.000000	105	72	0.835	0.437
2724.000000	105	72	0.851	0.441
2730.000000	105	72	0.862	0.451
2736.000000	105	72	0.865	0.470
2742.000000	105	72	0.869	0.483
2748.000000	105	72	0.868	0.507
2754.000000	105	72	0.867	0.530
2760.000000	105	72	0.868	0.543
2766.000000	105	72	0.865	0.553
2772.000000	105	72	0.861	0.563
2778.000000	105	72	0.855	0.569
2784.000000	105	72	0.850	0.575
2790.000000	105	72	0.846	0.580
2796.000000	105	72	0.840	0.591
2802.000000	105	72	0.836	0.598
2808.000000	105	72	0.834	0.604
2814.000000	105	72	0.831	0.612
2820.000000	105	72	0.821	0.625
2826.000000	105	72	0.817	0.628
2832.000000	105	72	0.814	0.631
2838.000000	105	72	0.810	0.636
2844.000000	105	72	0.806	0.641
2850.000000	105	72	0.799	0.648
2856.000000	105	72	0.790	0.655
2862.000000	105	72	0.786	0.656
2868.000000	105	72	0.783	0.655
2874.000000	105	72	0.776	0.660
2880.000000	105	72	0.768	0.666
2886.000000	105	72	0.757	0.669
2892.000000	105	72	0.744	0.673
2898.000000	105	72	0.722	0.684
2904.000000	105	72	0.703	0.694
2910.000000	72	105	0.704	0.678
2916.000000	72	105	0.712	0.653
2922.000000	72	105	0.721	0.613
2928.000000	72	105	0.729	0.569
2934.000000	72	105	0.744	0.511
2940.000000	72	105	0.764	0.432
2946.000000	72	105	0.788	0.316
2952.000000	72	178	0.812	0.198
2958.000000	72	178	0.830	0.206
2964.000000	72	178	0.843	0.209
2970.000000	72	178	0.856	0.215
2976.000000	72	178	0.867	0.230
2982.000000	72	178	0.874	0.241
2988.000000	72	178	0.874	0.246
2994.000000	72	178	0.873	0.251
3000.000000	72	178	0.869	0.258
3006.000000	72	178	0.862	0.268
3012.000000	72	178	0.854	0.272
3018.000000	72	178	0.847	0.276
3024.000000	72	178	0.840	0.282
3030.000000	72	178	0.829	0.283
3036.000000	72	178	0.818	0.285
3042.000000	72	178	0.806	0.288
3048.000000	72	178	0.794	0.289
3054.000000	72	178	0.786	0.290
3060.000000	72	178	0.773	0.293
3066.000000	72	178	0.754	0.292
3072.000000	72	178	0.732	0.287
3078.000000	72	145	0.715	0.279
3084.000000	72	145	0.692	0.280
3090.000000	72	145	0.653	0.282
3096.000000	72	145	0.619	0.282
3102.000000	72	145	0.578	0.281
3108.000000	72	80	0.523	0.296
3114.000000	72	80	0.460	0.312
3120.000000	72	80	0.379	0.330
3126.000000	80	169	0.351	0.337
3132.000000	80	169	0.376	0.364
3138.000000	80	169	0.398	0.388
3144.000000	80	169	0.422	0.416
3150.000000	169	80	0.451	0.447
3156.000000	80	169	0.470	0.469
3162.000000	80	169	0.499	0.494
3168.000000	169	80	0.538	0.521
3174.000000	169	80	0.578	0.536
3180.000000	169	80	0.601	0.558
3186.000000	169	80	0.626	0.588
3192.000000	169	80	0.647	0.618
3198.000000	169	80	0.667	0.637
3204.000000	169	80	0.684	0.653
3210.000000	169	80	0.693	0.663
3216.000000	169	80	0.703	0.672
3222.000000	169	80	0.717	0.684
3228.000000	169	80	0.740	0.695
3234.000000	169	80	0.756	0.700
3240.000000	169	80	0.768	0.706
3246.000000	169	80	0.769	0.713
3252.000000	169	80	0.776	0.711
3258.000000	169	80	0.792	0.707
3264.000000	169	80	0.798	0.707
3270.000000	169	80	0.806	0.703
3276.000000	169	80	0.807	0.697
3282.000000	169	80	0.812	0.699
3288.000000	169	80	0.813	0.701
3294.000000	169	80	0.814	0.700
3300.000000	169	80	0.813	0.701
3306.000000	169	80	0.811	0.705
3312.000000	169	80	0.813	0.708
3318.000000	169	80	0.816	0.709
3324.000000	169	80	0.816	0.704
3330.000000	169	80	0.814	0.697
3336.000000	169	80	0.807	0.692
3342.000000	169	80	0.799	0.686
3348.000000	169	80	0.793	0.682
3354.000000	169	80	0.792	0.676
3360.000000	169	80	0.790	0.664
3366.000000	169	80	0.791	0.647
3372.000000	169	80	0.792	0.633
3378.000000	169	80	0.792	0.618
3384.000000	169	80	0.792	0.600
3390.000000	169	80	0.787	0.577
3396.000000	169	80	0.782	0.548
3402.000000	169	80	0.775	0.517
3408.000000	169	80	0.771	0.481
3414.000000	169	80	0.765	0.438
3420.000000	169	80	0.764	0.371
3426.000000	169	153	0.765	0.386
3432.000000	169	153	0.770	0.418
3438.000000	169	153	0.774	0.453
3444.000000	169	153	0.769	0.481
3450.000000	169	153	0.759	0.512
3456.000000	169	153	0.747	0.537
3462.000000	169	153	0.726	0.574
3468.000000	169	153	0.702	0.609
3474.000000	169	153	0.665	0.642
3480.000000	153	169	0.670	0.621
3486.000000	153	169	0.695	0.559
3492.000000	153	169	0.715	0.467
3498.000000	153	4	0.735	0.494
3504.000000	153	4	0.752	0.543
3510.000000	153	4	0.778	0.579
3516.000000	153	4	0.790	0.611
3522.000000	153	4	0.796	0.637
3528.000000	153	4	0.799	0.648
3534.000000	153	4	0.803	0.660
3540.000000	153	4	0.808	0.674
3546.000000	153	4	0.806	0.684
3552.000000	153	4	0.803	0.693
3558.000000	153	4	0.799	0.702
3564.000000	153	4	0.795	0.711
3570.000000	153	4	0.794	0.716
3576.000000	153	4	0.792	0.718
3582.000000	153	4	0.793	0.720
3588.000000	153	4	0.798	0.719
3594.000000	153	4	0.799	0.725
3600.000000	153	4	0.792	0.736
3606.000000	153	4	0.792	0.741
3612.000000	153	4	0.790	0.748
3618.000000	153	4	0.789	0.749
3624.000000	153	4	0.788	0.750
3630.000000	153	4	0.784	0.753
3636.000000	153	4	0.776	0.758
3642.000000	153	4	0.775	0.756
3648.000000	153	4	0.770	0.758
3654.000000	4	153	0.764	0.762
3660.000000	4	153	0.770	0.757
3666.000000	4	153	0.774	0.753
3672.000000	4	153	0.775	0.748
3678.000000	4	153	0.778	0.740
3684.000000	4	153	0.784	0.730
3690.000000	4	153	0.787	0.718
3696.000000	4	153	0.788	0.708
3702.000000	4	153	0.794	0.694
3708.000000	4	153	0.799	0.677
3714.000000	4	153	0.805	0.651
3720.000000	4	153	0.812	0.613
3726.000000	4	153	0.829	0.557
3732.000000	4	153	0.840	0.502
3738.000000	4	153	0.858	0.423
3744.000000	4	153	0.869	0.309
3750.000000	4	153	0.887	0.176
3756.000000	4	100	0.906	0.121
3762.000000	4	100	0.922	0.124
3768.000000	4	100	0.932	0.131
3774.000000	4	100	0.933	0.136
3780.000000	4	100	0.932	0.143
3786.000000	4	100	0.933	0.153
3792.000000	4	100	0.938	0.163
3798.000000	4	100	0.948	0.173
3804.000000	4	100	0.951	0.189
3810.000000	4	100	0.953	0.211
3816.000000	4	100	0.952	0.237
3822.000000	4	100	0.950	0.262
3828.000000	4	100	0.946	0.293
3834.000000	4	100	0.942	0.325
3840.000000	4	100	0.937	0.345
3846.000000	4	100	0.934	0.364
3852.000000	4	100	0.931	0.389
3858.000000	4	100	0.928	0.413
3864.000000	4	100	0.924	0.446
3870.000000	4	100	0.918	0.475
3876.000000	4	100	0.911	0.500
3882.000000	4	100	0.902	0.520
3888.000000	4	100	0.892	0.537
3894.000000	4	100	0.877	0.551
3900.000000	4	100	0.860	0.564
3906.000000	4	100	0.845	0.574
3912.000000	4	100	0.828	0.585
3918.000000	4	100	0.807	0.600
3924.000000	4	100	0.783	0.620
3930.000000	4	100	0.751	0.642
3936.000000	4	100	0.705	0.674
3942.000000	100	4	0.706	0.629
3948.000000	100	4	0.750	0.524
3954.000000	100	4	0.820	0.371
3960.000000	100	65	0.877	0.243
3966.000000	100	65	0.917	0.248
3972.000000	100	65	0.932	0.255
3978.000000	100	65	0.938	0.276
3984.000000	100	65	0.941	0.293
3990.000000	100	65	0.938	0.309
3996.000000	100	65	0.935	0.326
4002.000000	100	65	0.932	0.340
4008.000000	100	65	0.929	0.357
4014.000000	100	65	0.926	0.371
4020.000000	100	65	0.923	0.381
4026.000000	100	65	0.919	0.396
4032.000000	100	65	0.916	0.412
4038.000000	100	65	0.911	0.431
4044.000000	100	65	0.908	0.446
4050.000000	100	65	0.905	0.469
4056.000000	100	65	0.901	0.489
4062.000000	100	65	0.899	0.503
4068.000000	100	65	0.894	0.512
4074.000000	100	65	0.892	0.517
4080.000000	100	65	0.884	0.529
4086.000000	100	65	0.880	0.533
4092.000000	100	65	0.874	0.535
4098.000000	100	65	0.870	0.539
4104.000000	100	65	0.869	0.541
4110.000000	100	65	0.866	0.545
4116.000000	100	65	0.861	0.546
4122.000000	100	65	0.859	0.551
4128.000000	100	65	0.857	0.560
4134.000000	100	65	0.850	0.570
4140.000000	100	65	0.846	0.574
4146.000000	100	65	0.843	0.575
4152.000000	100	65	0.836	0.578
4158.000000	100	65	0.832	0.581
4164.000000	100	65	0.825	0.585
4170.000000	100	65	0.813	0.595
4176.000000	100	65	0.805	0.601
4182.000000	100	65	0.794	0.606
4188.000000	100	65	0.773	0.620
4194.000000	100	65	0.760	0.628
4200.000000	100	65	0.729	0.643
4206.000000	100	65	0.685	0.669
4212.000000	65	100	0.710	0.616
4218.000000	65	100	0.759	0.525
4224.000000	65	100	0.799	0.399
4230.000000	65	100	0.839	0.234
4236.000000	65	172	0.879	0.131
4242.000000	65	172	0.901	0.101
4248.000000	65	54	0.918	0.102
4254.000000	65	54	0.925	0.103
4260.000000	65	54	0.927	0.100
4266.000000	65	54	0.933	0.094
4272.000000	65	54	0.940	0.089
4278.000000	65	54	0.945	0.088
4284.000000	65	54	0.946	0.091
4290.000000	65	54	0.948	0.094
4296.000000	65	54	0.947	0.097
4302.000000	65	54	0.945	0.098
4308.000000	65	54	0.943	0.098
4314.000000	65	152	0.943	0.098
4320.000000	65	152	0.941	0.105
4326.000000	65	152	0.939	0.108
4332.000000	65	152	0.937	0.112
4338.000000	65	152	0.934	0.114
4344.000000	65	52	0.933	0.117
4350.000000	65	52	0.932	0.122
4356.000000	65	52	0.930	0.123
4362.000000	65	34	0.926	0.125
4368.000000	65	34	0.922	0.130
4374.000000	65	34	0.917	0.133
4380.000000	65	52	0.910	0.134
4386.000000	65	52	0.904	0.137
4392.000000	65	52	0.898	0.138
4398.000000	65	52	0.890	0.141
4404.000000	65	194	0.882	0.146
4410.000000	65	194	0.875	0.156
4416.000000	65	194	0.869	0.164
4422.000000	65	194	0.861	0.171
4428.000000	65	194	0.849	0.180
4434.000000	65	194	0.834	0.188
4440.000000	65	194	0.818	0.194
4446.000000	65	194	0.800	0.202
4452.000000	65	194	0.785	0.211
4458.000000	65	194	0.766	0.222
4464.000000	65	194	0.740	0.240
4470.000000	65	194	0.708	0.266
4476.000000	65	194	0.669	0.294
4482.000000	65	194	0.616	0.319
4488.000000	65	194	0.541	0.354
4494.000000	65	194	0.431	0.393
4500.000000	194	65	0.438	0.281
4506.000000	194	69	0.489	0.284
4512.000000	194	69	0.555	0.298
4518.000000	194	69	0.622	0.302
4524.000000	194	69	0.675	0.312
4530.000000	194	69	0.715	0.329
4536.000000	194	69	0.757	0.345
4542.000000	194	69	0.779	0.361
4548.000000	194	69	0.796	0.376
4554.000000	194	69	0.811	0.384
4560.000000	194	69	0.818	0.393
4566.000000	194	69	0.824	0.401
4572.000000	194	69	0.825	0.409
4578.000000	194	69	0.825	0.412
4584.000000	194	69	0.825	0.416
4590.000000	194	69	0.824	0.423
4596.000000	194	69	0.822	0.427
4602.000000	194	69	0.826	0.431
4608.000000	194	69	0.827	0.437
4614.000000	194	69	0.830	0.440
4620.000000	194	69	0.837	0.441
4626.000000	194	69	0.840	0.439
4632.000000	194	69	0.846	0.436
4638.000000	194	69	0.852	0.430
4644.000000	194	69	0.857	0.429
4650.000000	194	69	0.858	0.429
4656.000000	194	69	0.858	0.431
4662.000000	194	69	0.862	0.431
4668.000000	194	69	0.867	0.429
4674.000000	194	69	0.867	0.429
4680.000000	194	69	0.868	0.423
4686.000000	194	69	0.870	0.415
4692.000000	194	69	0.872	0.408
4698.000000	194	69	0.878	0.403
4704.000000	194	69	0.879	0.394
4710.000000	194	69	0.879	0.378
4716.000000	194	160	0.878	0.374
4722.000000	194	160	0.876	0.387
4728.000000	194	160	0.872	0.398
4734.000000	194	160	0.870	0.411
4740.000000	194	160	0.866	0.426
4746.000000	194	160	0.864	0.445
4752.000000	194	160	0.860	0.460
4758.000000	194	160	0.858	0.478
4764.000000	194	160	0.853	0.497
4770.000000	194	160	0.848	0.515
4776.000000	194	160	0.844	0.535
4782.000000	194	160	0.831	0.563
4788.000000	194	160	0.818	0.593
4794.000000	194	160	0.805	0.619
4800.000000	194	160	0.789	0.637
4806.000000	194	160	0.770	0.659
4812.000000	194	160	0.748	0.673
4818.000000	194	160	0.720	0.688
4824.000000	160	194	0.712	0.683
4830.000000	160	194	0.735	0.643
4836.000000	160	194	0.765	0.574
4842.000000	160	194	0.806	0.489
4848.000000	160	194	0.846	0.367
4854.000000	160	194	0.896	0.195
4860.000000	160	117	0.926	0.114
4866.000000	160	80	0.936	0.120
4872.000000	160	80	0.943	0.131
4878.000000	160	80	0.945	0.146
4884.000000	160	80	0.943	0.164
4890.000000	160	80	0.943	0.182
4896.000000	160	80	0.943	0.200
4902.000000	160	80	0.941	0.216
4908.000000	160	80	0.939	0.230
4914.000000	160	80	0.937	0.239
4920.000000	160	80	0.934	0.253
4926.000000	160	80	0.932	0.270
4932.000000	160	80	0.931	0.284
4938.000000	160	80	0.932	0.299
4944.000000	160	80	0.930	0.315
4950.000000	160	80	0.927	0.332
4956.000000	160	80	0.924	0.356
4962.000000	160	80	0.921	0.387
4968.000000	160	80	0.916	0.419
4974.000000	160	80	0.907	0.454
4980.000000	160	80	0.899	0.485
4986.000000	160	80	0.890	0.520
4992.000000	160	80	0.884	0.548
4998.000000	160	80	0.877	0.565
5004.000000	160	80	0.867	0.585
5010.000000	160	80	0.860	0.611
5016.000000	160	80	0.851	0.631
5022.000000	160	80	0.838	0.647
5028.000000	160	80	0.822	0.668
5034.000000	160	80	0.794	0.690
5040.000000	160	80	0.768	0.708
5046.000000	160	80	0.746	0.725
5052.000000	80	160	0.737	0.721
5058.000000	80	160	0.760	0.685
5064.000000	80	160	0.785	0.637
5070.000000	80	160	0.826	0.557
5076.000000	80	160	0.859	0.453
5082.000000	80	160	0.888	0.322
5088.000000	80	28	0.914	0.203
5094.000000	80	28	0.928	0.202
5100.000000	80	28	0.935	0.204
5106.000000	80	28	0.936	0.219
5112.000000	80	28	0.938	0.237
5118.000000	80	28	0.939	0.253
5124.000000	80	28	0.938	0.274
5130.000000	80	28	0.937	0.291
5136.000000	80	28	0.936	0.307
5142.000000	80	28	0.935	0.321
5148.000000	80	28	0.934	0.338
5154.000000	80	28	0.933	0.357
5160.000000	80	28	0.929	0.377
5166.000000	80	28	0.926	0.393
5172.000000	80	28	0.924	0.408
5178.000000	80	28	0.919	0.423
5184.000000	80	28	0.916	0.438
5190.000000	80	28	0.911	0.463
5196.000000	80	28	0.902	0.494
5202.000000	80	28	0.898	0.521
5208.000000	80	28	0.894	0.541
5214.000000	80	28	0.890	0.559
5220.000000	80	28	0.884	0.582
5226.000000	80	28	0.877	0.602
5232.000000	80	28	0.862	0.620
5238.000000	80	28	0.845	0.641
5244.000000	80	28	0.831	0.651
5250.000000	80	28	0.814	0.670
5256.000000	80	28	0.804	0.688
5262.000000	80	28	0.794	0.701
5268.000000	80	28	0.778	0.714
5274.000000	80	28	0.762	0.724
5280.000000	28	80	0.744	0.740
5286.000000	28	80	0.766	0.715
5292.000000	28	80	0.782	0.690
5298.000000	28	80	0.802	0.648
5304.000000	28	80	0.822	0.590
5310.000000	28	80	0.842	0.492
5316.000000	28	80	0.860	0.371
5322.000000	28	80	0.893	0.209
5328.000000	28	162	0.915	0.140
5334.000000	28	162	0.935	0.141
5340.000000	28	162	0.951	0.142
5346.000000	28	162	0.955	0.140
5352.000000	28	162	0.955	0.141
5358.000000	28	162	0.954	0.142
5364.000000	28	162	0.954	0.141
5370.000000	28	162	0.954	0.147
5376.000000	28	162	0.954	0.151
5382.000000	28	162	0.954	0.153
5388.000000	28	162	0.953	0.154
5394.000000	28	162	0.952	0.158
5400.000000	28	162	0.951	0.162
5406.000000	28	162	0.950	0.164
5412.000000	28	162	0.949	0.165
5418.000000	28	162	0.948	0.166
5424.000000	28	162	0.947	0.164
5430.000000	28	14	0.947	0.169
5436.000000	28	14	0.946	0.181
5442.000000	28	14	0.946	0.192
5448.000000	28	14	0.945	0.199
5454.000000	28	14	0.946	0.204
5460.000000	28	14	0.947	0.210
5466.000000	28	14	0.946	0.216
5472.000000	28	14	0.946	0.222
5478.000000	28	14	0.945	0.226
5484.000000	28	14	0.944	0.229
5490.000000	28	14	0.944	0.232
5496.000000	28	14	0.943	0.233
5502.000000	28	14	0.942	0.232
5508.000000	28	14	0.941	0.230
5514.000000	28	14	0.935	0.233
5520.000000	28	14	0.930	0.237
5526.000000	28	14	0.927	0.238
5532.000000	28	14	0.925	0.237
5538.000000	28	14	0.922	0.239
5544.000000	28	14	0.919	0.234
5550.000000	28	14	0.916	0.231
5556.000000	28	14	0.913	0.232
5562.000000	28	14	0.909	0.234
5568.000000	28	54	0.904	0.248
5574.000000	28	54	0.899	0.269
5580.000000	28	54	0.893	0.296
5586.000000	28	54	0.883	0.325
5592.000000	28	54	0.870	0.364
5598.000000	28	54	0.855	0.405
5604.000000	28	54	0.833	0.449
5610.000000	28	54	0.811	0.484
5616.000000	28	54	0.782	0.522
5622.000000	28	54	0.732	0.587
5628.000000	54	28	0.666	0.644
5634.000000	54	28	0.747	0.491
5640.000000	54	28	0.838	0.290
5646.000000	54	109	0.890	0.308
5652.000000	54	109	0.912	0.316
5658.000000	54	109	0.930	0.334
5664.000000	54	109	0.930	0.370
5670.000000	54	109	0.931	0.414
5676.000000	54	109	0.931	0.454
5682.000000	54	109	0.931	0.496
5688.000000	54	109	0.929	0.529
5694.000000	54	109	0.927	0.548
5700.000000	54	109	0.926	0.567
5706.000000	54	109	0.924	0.582
5712.000000	54	109	0.925	0.592
5718.000000	54	109	0.924	0.598
5724.000000	54	109	0.923	0.603
5730.000000	54	109	0.922	0.605
5736.000000	54	109	0.921	0.604
5742.000000	54	109	0.920	0.604
5748.000000	54	109	0.921	0.601
5754.000000	54	109	0.919	0.602
5760.000000	54	109	0.916	0.608
5766.000000	54	109	0.912	0.619
5772.000000	54	109	0.911	0.623
5778.000000	54	109	0.909	0.633
5784.000000	54	109	0.904	0.639
5790.000000	54	109	0.901	0.641
5796.000000	54	109	0.897	0.645
5802.000000	54	109	0.891	0.652
5808.000000	54	109	0.888	0.657
5814.000000	54	109	0.883	0.660
5820.000000	54	109	0.879	0.663
5826.000000	54	109	0.877	0.666
5832.000000	54	109	0.873	0.674
5838.000000	54	109	0.871	0.675
5844.000000	54	109	0.868	0.676
5850.000000	54	109	0.864	0.680
5856.000000	54	109	0.855	0.689
5862.000000	54	109	0.844	0.699
5868.000000	54	109	0.833	0.703
5874.000000	54	109	0.823	0.706
5880.000000	54	109	0.807	0.715
5886.000000	54	109	0.780	0.728
5892.000000	54	109	0.751	0.741
5898.000000	109	54	0.746	0.729
5904.000000	109	54	0.750	0.701
5910.000000	109	54	0.761	0.645
5916.000000	109	54	0.777	0.566
5922.000000	109	54	0.795	0.463
5928.000000	109	54	0.825	0.334
5934.000000	109	54	0.869	0.173
5940.000000	109	86	0.898	0.108
5946.000000	109	86	0.903	0.102
5952.000000	109	42	0.905	0.102
5958.000000	109	42	0.910	0.109
5964.000000	109	42	0.910	0.116
5970.000000	109	42	0.911	0.127
5976.000000	109	42	0.912	0.140
5982.000000	109	42	0.910	0.152
5988.000000	109	42	0.908	0.163
5994.000000	109	42	0.903	0.173
6000.000000	109	42	0.899	0.183
6006.000000	109	42	0.901	0.195
6012.000000	109	42	0.904	0.209
6018.000000	109	42	0.906	0.226
6024.000000	109	42	0.909	0.241
6030.000000	109	42	0.913	0.254
6036.000000	109	42	0.913	0.274
6042.000000	109	42	0.911	0.295
6048.000000	109	42	0.908	0.317
6054.000000	109	42	0.903	0.351
6060.000000	109	42	0.900	0.390
6066.000000	109	42	0.899	0.436
6072.000000	109	42	0.898	0.481
6078.000000	109	42	0.893	0.521
6084.000000	109	42	0.884	0.564
6090.000000	109	42	0.875	0.598
6096.000000	109	42	0.861	0.636
6102.000000	109	42	0.834	0.688
6108.000000	109	42	0.807	0.737
6114.000000	42	109	0.773	0.769
6120.000000	42	109	0.811	0.731
6126.000000	42	109	0.852	0.678
6132.000000	42	109	0.879	0.596
6138.000000	42	109	0.901	0.495
6144.000000	42	109	0.924	0.338
6150.000000	42	109	0.955	0.167
6156.000000	42	139	0.973	0.094
6162.000000	42	139	0.974	0.098
6168.000000	42	139	0.973	0.105
6174.000000	42	139	0.972	0.111
6180.000000	42	139	0.970	0.120
6186.000000	42	139	0.967	0.131
6192.000000	42	139	0.963	0.140
6198.000000	42	139	0.960	0.145
6204.000000	42	139	0.957	0.152
6210.000000	42	139	0.955	0.161
6216.000000	42	139	0.953	0.171
6222.000000	42	139	0.951	0.178
6228.000000	42	139	0.949	0.182
6234.000000	42	139	0.946	0.186
6240.000000	42	139	0.944	0.190
6246.000000	42	139	0.941	0.192
6252.000000	42	139	0.938	0.192
6258.000000	42	139	0.934	0.194
6264.000000	42	175	0.932	0.194
6270.000000	42	175	0.930	0.202
6276.000000	42	175	0.928	0.209
6282.000000	42	175	0.925	0.216
6288.000000	42	175	0.922	0.227
6294.000000	42	175	0.918	0.234
6300.000000	42	175	0.914	0.241
6306.000000	42	175	0.909	0.248
6312.000000	42	175	0.899	0.256
6318.000000	42	175	0.894	0.269
6324.000000	42	175	0.886	0.283
6330.000000	42	175	0.878	0.289
6336.000000	42	175	0.873	0.293
6342.000000	42	175	0.867	0.304
6348.000000	42	175	0.861	0.318
6354.000000	42	175	0.854	0.333
6360.000000	42	175	0.846	0.355
6366.000000	42	175	0.831	0.376
6372.000000	42	175	0.816	0.392
6378.000000	42	175	0.800	0.409
6384.000000	42	175	0.783	0.428
6390.000000	42	175	0.756	0.448
6396.000000	42	175	0.733	0.471
6402.000000	42	175	0.693	0.495
6408.000000	42	175	0.627	0.512
6414.000000	42	175	0.542	0.540
6420.000000	175	10	0.579	0.477
6426.000000	175	10	0.616	0.527
6432.000000	175	10	0.647	0.575
6438.000000	175	10	0.676	0.614
6444.000000	175	10	0.690	0.643
6450.000000	175	10	0.695	0.654
6456.000000	175	10	0.707	0.660
6462.000000	175	10	0.712	0.664
6468.000000	175	10	0.720	0.664
6474.000000	175	10	0.724	0.667
6480.000000	175	10	0.728	0.671
6486.000000	175	10	0.730	0.669
6492.000000	175	10	0.731	0.669
6498.000000	175	10	0.732	0.669
6504.000000	175	10	0.740	0.669
6510.000000	175	10	0.746	0.663
6516.000000	175	10	0.753	0.658
6522.000000	175	10	0.753	0.657
6528.000000	175	10	0.750	0.658
6534.000000	175	10	0.750	0.655
6540.000000	175	10	0.749	0.646
6546.000000	175	10	0.749	0.643
6552.000000	175	10	0.753	0.644
6558.000000	175	10	0.755	0.639
6564.000000	175	10	0.756	0.634
6570.000000	175	10	0.759	0.628
6576.000000	175	10	0.755	0.618
6582.000000	175	10	0.754	0.608
6588.000000	175	10	0.754	0.595
6594.000000	175	10	0.753	0.588
6600.000000	175	10	0.749	0.574
6606.000000	175	10	0.744	0.558
6612.000000	175	10	0.736	0.535
6618.000000	175	10	0.729	0.513
6624.000000	175	10	0.727	0.491
6630.000000	175	10	0.735	0.458
6636.000000	175	10	0.739	0.415
6642.000000	175	10	0.739	0.359
6648.000000	175	10	0.744	0.287
6654.000000	175	10	0.758	0.192
6660.000000	175	26	0.774	0.104
6666.000000	175	180	0.794	0.109
6672.000000	175	180	0.810	0.113
6678.000000	175	180	0.816	0.119
6684.000000	175	180	0.812	0.135
6690.000000	175	180	0.811	0.146
6696.000000	175	180	0.810	0.154
6702.000000	175	180	0.811	0.162
6708.000000	175	180	0.808	0.173
6714.000000	175	180	0.809	0.183
6720.000000	175	180	0.810	0.193
6726.000000	175	180	0.815	0.201
6732.000000	175	180	0.813	0.207
6738.000000	175	180	0.809	0.214
6744.000000	175	180	0.808	0.221
6750.000000	175	180	0.807	0.232
6756.000000	175	180	0.804	0.243
6762.000000	175	180	0.805	0.254
6768.000000	175	180	0.803	0.269
6774.000000	175	180	0.802	0.280
6780.000000	175	180	0.796	0.292
6786.000000	175	180	0.785	0.310
6792.000000	175	180	0.776	0.334
6798.000000	175	180	0.765	0.359
6804.000000	175	180	0.751	0.382
6810.000000	175	180	0.736	0.410
6816.000000	175	180	0.720	0.439
6822.000000	175	180	0.702	0.461
6828.000000	175	180	0.668	0.489
6834.000000	175	180	0.609	0.525
6840.000000	180	175	0.569	0.546
6846.000000	180	175	0.614	0.447
6852.000000	180	175	0.678	0.315
6858.000000	180	51	0.754	0.331
6864.000000	180	51	0.820	0.357
6870.000000	180	51	0.865	0.375
6876.000000	180	51	0.889	0.388
6882.000000	180	51	0.896	0.411
6888.000000	180	51	0.904	0.437
6894.000000	180	51	0.915	0.456
6900.000000	180	51	0.922	0.477
6906.000000	180	51	0.928	0.495
6912.000000	180	51	0.929	0.509
6918.000000	180	51	0.929	0.525
6924.000000	180	51	0.927	0.541
6930.000000	180	51	0.926	0.547
6936.000000	180	51	0.924	0.556
6942.000000	180	51	0.922	0.562
6948.000000	180	51	0.919	0.564
6954.000000	180	51	0.915	0.566
6960.000000	180	51	0.912	0.567
6966.000000	180	51	0.910	0.569
6972.000000	180	51	0.909	0.573
6978.000000	180	51	0.908	0.573
6984.000000	180	51	0.906	0.569
6990.000000	180	51	0.906	0.563
6996.000000	180	51	0.906	0.560
7002.000000	180	51	0.906	0.559
7008.000000	180	51	0.906	0.556
7014.000000	180	51	0.903	0.557
7020.000000	180	51	0.901	0.558
7026.000000	180	51	0.899	0.556
7032.000000	180	51	0.898	0.549
7038.000000	180	51	0.901	0.533
7044.000000	180	51	0.900	0.520
7050.000000	180	51	0.898	0.504
7056.000000	180	51	0.896	0.492
7062.000000	180	51	0.894	0.471
7068.000000	180	51	0.893	0.448
7074.000000	180	51	0.894	0.411
7080.000000	180	51	0.898	0.358
7086.000000	180	51	0.902	0.284
7092.000000	180	51	0.903	0.210
7098.000000	180	51	0.904	0.141
7104.000000	180	188	0.904	0.132
7110.000000	180	188	0.904	0.137
7116.000000	180	188	0.904	0.140
7122.000000	180	188	0.905	0.139
7128.000000	180	188	0.908	0.133
7134.000000	180	188	0.911	0.126
7140.000000	180	188	0.912	0.122
7146.000000	180	188	0.912	0.116
7152.000000	180	188	0.912	0.111
7158.000000	180	188	0.909	0.106
7164.000000	180	188	0.903	0.105
7170.000000	180	188	0.898	0.102
7176.000000	180	188	0.892	0.100
7182.000000	180	188	0.880	0.097
7188.000000	180	188	0.870	0.094
7194.000000	180	178	0.861	0.092
7200.000000	180	134	0.852	0.094
7206.000000	180	134	0.844	0.097
7212.000000	180	134	0.836	0.099
7218.000000	180	134	0.826	0.106
7224.000000	180	134	0.816	0.110
7230.000000	180	134	0.804	0.111
7236.000000	180	134	0.786	0.114
7242.000000	180	134	0.762	0.113
7248.000000	180	120	0.733	0.114
7254.000000	180	120	0.698	0.118
7260.000000	180	120	0.650	0.125
7266.000000	180	120	0.569	0.125
7272.000000	180	198	0.445	0.131
7278.000000	180	198	0.231	0.138
7284.000000	2	198	0.135	0.134
7290.000000	2	198	0.143	0.139
7296.000000	2	198	0.155	0.152
7302.000000	2	198	0.174	0.170
7308.000000	2	198	0.213	0.199
7314.000000	2	198	0.253	0.243
7320.000000	198	2	0.312	0.289
7326.000000	198	2	0.400	0.347
7332.000000	198	2	0.499	0.412
7338.000000	198	2	0.607	0.483
7344.000000	198	2	0.693	0.550
7350.000000	198	2	0.733	0.595
7356.000000	198	2	0.756	0.635
7362.000000	198	2	0.766	0.656
7368.000000	198	2	0.770	0.669
7374.000000	198	2	0.775	0.674
7380.000000	198	2	0.778	0.677
7386.000000	198	2	0.783	0.691
7392.000000	198	2	0.790	0.696
7398.000000	198	2	0.795	0.700
7404.000000	198	2	0.799	0.704
7410.000000	198	2	0.805	0.707
7416.000000	198	2	0.806	0.715
7422.000000	198	2	0.805	0.721
7428.000000	198	2	0.805	0.725
7434.000000	198	2	0.803	0.732
7440.000000	198	2	0.806	0.743
7446.000000	198	2	0.810	0.752
7452.000000	198	2	0.810	0.761
7458.000000	198	2	0.808	0.770
7464.000000	198	2	0.806	0.776
7470.000000	198	2	0.802	0.781
7476.000000	198	2	0.801	0.784
7482.000000	198	2	0.800	0.787
7488.000000	198	2	0.797	0.794
7494.000000	2	198	0.799	0.795
7500.000000	2	198	0.807	0.789
7506.000000	2	198	0.812	0.785
7512.000000	2	198	0.814	0.782
7518.000000	2	198	0.817	0.776
7524.000000	2	198	0.817	0.775
7530.000000	2	198	0.823	0.770
7536.000000	2	198	0.829	0.762
7542.000000	2	198	0.828	0.758
7548.000000	2	198	0.830	0.751
7554.000000	2	198	0.831	0.746
7560.000000	2	198	0.831	0.740
7566.000000	2	198	0.827	0.736
7572.000000	2	198	0.825	0.726
7578.000000	2	198	0.830	0.709
7584.000000	2	198	0.842	0.682
7590.000000	2	198	0.848	0.650
7596.000000	2	198	0.854	0.612
7602.000000	2	198	0.865	0.565
7608.000000	2	198	0.869	0.511
7614.000000	2	198	0.878	0.419
7620.000000	2	198	0.891	0.290
7626.000000	2	198	0.904	0.145
7632.000000	2	31	0.914	0.120
7638.000000	2	31	0.928	0.121
7644.000000	2	31	0.933	0.120
7650.000000	2	31	0.936	0.122
7656.000000	2	31	0.940	0.120
7662.000000	2	31	0.943	0.117
7668.000000	2	31	0.946	0.119
7674.000000	2	31	0.949	0.121
7680.000000	2	59	0.949	0.129
7686.000000	2	59	0.947	0.135
7692.000000	2	59	0.945	0.140
7698.000000	2	59	0.944	0.145
7704.000000	2	59	0.941	0.153
7710.000000	2	59	0.937	0.166
7716.000000	2	59	0.933	0.179
7722.000000	2	59	0.931	0.188
7728.000000	2	59	0.929	0.195
7734.000000	2	59	0.926	0.197
7740.000000	2	59	0.924	0.200
7746.000000	2	59	0.919	0.206
7752.000000	2	59	0.911	0.215
7758.000000	2	59	0.905	0.218
7764.000000	2	59	0.898	0.222
7770.000000	2	59	0.890	0.226
7776.000000	2	59	0.884	0.227
7782.000000	2	59	0.875	0.231
7788.000000	2	59	0.863	0.240
7794.000000	2	59	0.848	0.252
7800.000000	2	59	0.833	0.264
7806.000000	2	59	0.807	0.274
7812.000000	2	59	0.773	0.279
7818.000000	2	59	0.735	0.284
7824.000000	2	59	0.686	0.293
7830.000000	2	59	0.620	0.305
7836.000000	2	59	0.525	0.323
7842.000000	2	59	0.390	0.349
7848.000000	59	113	0.383	0.315
7854.000000	59	113	0.418	0.359
7860.000000	59	113	0.453	0.390
7866.000000	59	113	0.485	0.433
7872.000000	59	113	0.520	0.481
7878.000000	59	113	0.536	0.527
7884.000000	113	59	0.567	0.557
7890.000000	113	59	0.598	0.570
7896.000000	113	59	0.638	0.576
7902.000000	113	59	0.665	0.584
7908.000000	113	59	0.677	0.587
7914.000000	113	59	0.681	0.596
7920.000000	113	59	0.685	0.604
7926.000000	113	59	0.695	0.605
7932.000000	113	59	0.701	0.603
7938.000000	113	59	0.705	0.610
7944.000000	113	59	0.712	0.610
7950.000000	113	59	0.715	0.615
7956.000000	113	59	0.725	0.616
7962.000000	113	59	0.731	0.612
7968.000000	113	59	0.742	0.609
7974.000000	113	59	0.753	0.606
7980.000000	113	59	0.758	0.601
7986.000000	113	59	0.768	0.594
7992.000000	113	59	0.778	0.586
7998.000000	113	59	0.781	0.580
8004.000000	113	59	0.786	0.578
8010.000000	113	59	0.789	0.569
8016.000000	113	59	0.794	0.561
8022.000000	113	59	0.807	0.548
8028.000000	113	59	0.815	0.535
8034.000000	113	59	0.820	0.520
8040.000000	113	59	0.829	0.493
8046.000000	113	85	0.835	0.483
8052.000000	113	85	0.842	0.476
8058.000000	113	85	0.859	0.463
8064.000000	113	85	0.870	0.440
8070.000000	113	85	0.886	0.410
8076.000000	113	85	0.901	0.369
8082.000000	113	85	0.910	0.322
8088.000000	113	85	0.931	0.264
8094.000000	113	85	0.940	0.212
8100.000000	113	85	0.948	0.157
8106.000000	113	85	0.955	0.119
8112.000000	113	85	0.961	0.092
8118.000000	113	89	0.961	0.074
8124.000000	113	84	0.962	0.072
8130.000000	113	89	0.963	0.069
8136.000000	113	89	0.964	0.071
8142.000000	113	89	0.965	0.073
8148.000000	113	89	0.966	0.075
8154.000000	113	89	0.966	0.077
8160.000000	113	89	0.966	0.077
8166.000000	113	89	0.965	0.076
8172.000000	113	89	0.963	0.080
8178.000000	113	89	0.962	0.086
8184.000000	113	89	0.962	0.091
8190.000000	113	89	0.961	0.096
8196.000000	113	89	0.960	0.102
8202.000000	113	89	0.959	0.109
8208.000000	113	89	0.957	0.115
8214.000000	113	89	0.956	0.116
8220.000000	113	89	0.953	0.114
8226.000000	113	89	0.949	0.111
8232.000000	113	89	0.947	0.108
8238.000000	113	89	0.945	0.109
8244.000000	113	89	0.944	0.110
8250.000000	113	89	0.943	0.111
8256.000000	113	89	0.941	0.112
8262.000000	113	89	0.938	0.114
8268.000000	113	89	0.934	0.117
8274.000000	113	89	0.930	0.116
8280.000000	113	89	0.926	0.111
8286.000000	113	89	0.922	0.110
8292.000000	113	89	0.918	0.108
8298.000000	113	188	0.916	0.104
8304.000000	113	188	0.916	0.107
8310.000000	113	188	0.914	0.110
8316.000000	113	188	0.911	0.114
8322.000000	113	188	0.908	0.118
8328.000000	113	188	0.906	0.121
8334.000000	113	188	0.901	0.124
8340.000000	113	188	0.895	0.131
8346.000000	113	188	0.889	0.141
8352.000000	113	188	0.880	0.148
8358.000000	113	188	0.868	0.149
8364.000000	113	188	0.854	0.150
8370.000000	113	188	0.836	0.153
8376.000000	113	188	0.818	0.156
8382.000000	113	188	0.795	0.163
8388.000000	113	188	0.762	0.177
8394.000000	113	188	0.714	0.194
8400.000000	113	188	0.647	0.215
8406.000000	113	188	0.531	0.243
8412.000000	113	188	0.347	0.286
8418.000000	188	113	0.358	0.077
8424.000000	188	171	0.495	0.066
8430.000000	188	171	0.731	0.079
8436.000000	188	171	0.873	0.081
8442.000000	188	171	0.922	0.083
8448.000000	188	171	0.949	0.090
8454.000000	188	171	0.955	0.098
8460.000000	188	171	0.956	0.105
8466.000000	188	171	0.957	0.114
8472.000000	188	171	0.957	0.123
8478.000000	188	171	0.957	0.133
8484.000000	188	171	0.957	0.146
8490.000000	188	171	0.957	0.160
8496.000000	188	171	0.956	0.175
8502.000000	188	171	0.957	0.188
8508.000000	188	171	0.957	0.205
8514.000000	188	171	0.957	0.229
8520.000000	188	171	0.956	0.260
8526.000000	188	171	0.955	0.292
8532.000000	188	171	0.952	0.328
8538.000000	188	171	0.950	0.364
8544.000000	188	171	0.947	0.402
8550.000000	188	171	0.944	0.435
8556.000000	188	171	0.942	0.472
8562.000000	188	171	0.939	0.509
8568.000000	188	171	0.937	0.546
8574.000000	188	171	0.935	0.569
8580.000000	188	171	0.934	0.589
8586.000000	188	171	0.932	0.601
8592.000000	188	171	0.929	0.617
8598.000000	188	171	0.923	0.639
8604.000000	188	171	0.920	0.661
8610.000000	188	171	0.918	0.673
8616.000000	188	171	0.914	0.679
8622.000000	188	171	0.905	0.693
8628.000000	188	171	0.893	0.706
8634.000000	188	171	0.884	0.716
8640.000000	188	171	0.871	0.728
8646.000000	188	171	0.856	0.745
8652.000000	188	171	0.848	0.756
8658.000000	188	171	0.840	0.764
8664.000000	188	171	0.826	0.778
8670.000000	188	171	0.809	0.797
8676.000000	171	188	0.817	0.788
8682.000000	171	188	0.838	0.759
8688.000000	171	188	0.849	0.732
8694.000000	171	188	0.862	0.699
8700.000000	171	188	0.874	0.658
8706.000000	171	188	0.888	0.602
8712.000000	171	188	0.926	0.503
8718.000000	171	188	0.947	0.377
8724.000000	171	133	0.961	0.259
8730.000000	171	133	0.967	0.271
8736.000000	171	133	0.968	0.282
8742.000000	171	133	0.967	0.306
8748.000000	171	133	0.966	0.340
8754.000000	171	133	0.965	0.383
8760.000000	171	133	0.963	0.430
8766.000000	171	133	0.959	0.486
8772.000000	171	133	0.956	0.550
8778.000000	171	133	0.953	0.603
8784.000000	171	133	0.950	0.636
8790.000000	171	133	0.945	0.670
8796.000000	171	133	0.941	0.690
8802.000000	171	133	0.936	0.709
8808.000000	171	133	0.929	0.723
8814.000000	171	133	0.920	0.734
8820.000000	171	133	0.908	0.745
8826.000000	171	133	0.892	0.757
8832.000000	171	133	0.879	0.764
8838.000000	171	133	0.864	0.773
8844.000000	171	133	0.841	0.787
8850.000000	171	133	0.812	0.808
8856.000000	133	171	0.837	0.774
8862.000000	133	171	0.859	0.739
8868.000000	133	171	0.878	0.694
8874.000000	133	171	0.893	0.647
8880.000000	133	171	0.910	0.590
8886.000000	133	171	0.923	0.519
8892.000000	133	171	0.937	0.416
8898.000000	133	171	0.949	0.282
8904.000000	133	171	0.958	0.149
8910.000000	133	189	0.961	0.138
8916.000000	133	189	0.962	0.141
8922.000000	133	189	0.961	0.151
8928.000000	133	189	0.962	0.159
8934.000000	133	189	0.965	0.170
8940.000000	133	189	0.964	0.179
8946.000000	133	189	0.963	0.184
8952.000000	133	189	0.961	0.184
8958.000000	133	189	0.958	0.186
8964.000000	133	189	0.957	0.189
8970.000000	133	189	0.956	0.191
8976.000000	133	189	0.955	0.190
8982.000000	133	189	0.953	0.190
8988.000000	133	189	0.951	0.192
8994.000000	133	189	0.949	0.195
9000.000000	133	189	0.947	0.196
9006.000000	133	189	0.945	0.194
9012.000000	133	189	0.941	0.192
9018.000000	133	189	0.936	0.190
9024.000000	133	189	0.932	0.182
9030.000000	133	189	0.927	0.174
9036.000000	133	189	0.922	0.164
9042.000000	133	189	0.918	0.154
9048.000000	133	120	0.915	0.144
9054.000000	133	120	0.911	0.152
9060.000000	133	120	0.908	0.160
9066.000000	133	120	0.907	0.167
9072.000000	133	120	0.904	0.173
9078.000000	133	120	0.900	0.182
9084.000000	133	120	0.894	0.192
9090.000000	133	120	0.888	0.198
9096.000000	133	120	0.882	0.207
9102.000000	133	120	0.872	0.216
9108.000000	133	120	0.855	0.230
9114.000000	133	120	0.840	0.251
9120.000000	133	120	0.824	0.270
9126.000000	133	120	0.800	0.288
9132.000000	133	120	0.766	0.307
9138.000000	133	120	0.730	0.330
9144.000000	133	120	0.683	0.354
9150.000000	133	120	0.622	0.378
9156.000000	133	120	0.533	0.412
9162.000000	120	133	0.486	0.395
9168.000000	120	133	0.584	0.231
9174.000000	120	5	0.682	0.235
9180.000000	120	5	0.740	0.220
9186.000000	120	5	0.784	0.216
9192.000000	120	5	0.803	0.219
9198.000000	120	5	0.806	0.219
9204.000000	120	5	0.810	0.223
9210.000000	120	5	0.814	0.225
9216.000000	120	72	0.818	0.223
9222.000000	120	72	0.819	0.235
9228.000000	120	72	0.818	0.248
9234.000000	120	72	0.819	0.264
9240.000000	120	72	0.819	0.278
9246.000000	120	72	0.816	0.292
9252.000000	120	72	0.812	0.307
9258.000000	120	72	0.813	0.318
9264.000000	120	72	0.816	0.328
9270.000000	120	72	0.815	0.341
9276.000000	120	72	0.814	0.355
9282.000000	120	72	0.815	0.372
9288.000000	120	72	0.816	0.394
9294.000000	120	72	0.820	0.415
9300.000000	120	72	0.827	0.433
9306.000000	120	72	0.835	0.451
9312.000000	120	72	0.842	0.464
9318.000000	120	72	0.846	0.488
9324.000000	120	72	0.850	0.518
9330.000000	120	72	0.858	0.545
9336.000000	120	72	0.867	0.565
9342.000000	120	72	0.872	0.596
9348.000000	120	72	0.878	0.617
9354.000000	120	72	0.883	0.637
9360.000000	120	72	0.886	0.655
9366.000000	120	72	0.892	0.671
9372.000000	120	72	0.900	0.690
9378.000000	120	72	0.902	0.700
9384.000000	120	72	0.897	0.713
9390.000000	120	72	0.901	0.720
9396.000000	120	72	0.900	0.734
9402.000000	120	72	0.892	0.746
9408.000000	120	72	0.886	0.756
9414.000000	120	72	0.881	0.760
9420.000000	120	72	0.877	0.764
9426.000000	120	72	0.873	0.768
9432.000000	120	72	0.865	0.773
9438.000000	120	72	0.856	0.779
9444.000000	120	72	0.843	0.788
9450.000000	120	72	0.827	0.795
9456.000000	120	72	0.813	0.801
9462.000000	72	120	0.808	0.794
9468.000000	72	120	0.815	0.774
9474.000000	72	120	0.833	0.743
9480.000000	72	120	0.850	0.708
9486.000000	72	120	0.860	0.668
9492.000000	72	120	0.879	0.607
9498.000000	72	120	0.911	0.501
9504.000000	72	120	0.944	0.338
9510.000000	72	120	0.966	0.151
9516.000000	72	32	0.976	0.111
9522.000000	72	32	0.977	0.108
9528.000000	72	32	0.977	0.102
9534.000000	72	32	0.977	0.097
9540.000000	72	32	0.980	0.092
9546.000000	72	86	0.979	0.089
9552.000000	72	86	0.979	0.088
9558.000000	72	86	0.978	0.086
9564.000000	72	86	0.977	0.087
9570.000000	72	86	0.975	0.086
9576.000000	72	86	0.974	0.086
9582.000000	72	86	0.974	0.085
9588.000000	72	86	0.974	0.085
9594.000000	72	86	0.973	0.085
9600.000000	72	86	0.972	0.085
9606.000000	72	86	0.972	0.085
9612.000000	72	86	0.971	0.084
9618.000000	72	134	0.970	0.085
9624.000000	72	134	0.970	0.089
9630.000000	72	134	0.969	0.092
9636.000000	72	134	0.968	0.093
9642.000000	72	134	0.967	0.092
9648.000000	72	134	0.966	0.090
9654.000000	72	134	0.965	0.089
9660.000000	72	134	0.964	0.089
9666.000000	72	134	0.962	0.091
9672.000000	72	178	0.957	0.091
9678.000000	72	178	0.954	0.093
9684.000000	72	178	0.952	0.095
9690.000000	72	178	0.950	0.096
9696.000000	72	178	0.948	0.093
9702.000000	72	178	0.947	0.089
9708.000000	72	178	0.946	0.087
9714.000000	72	178	0.946	0.087
9720.000000	72	178	0.946	0.088
9726.000000	72	178	0.946	0.085
9732.000000	72	178	0.944	0.081
9738.000000	72	178	0.943	0.077
9744.000000	72	19	0.942	0.079
9750.000000	72	19	0.941	0.079
9756.000000	72	19	0.938	0.076
9762.000000	72	19	0.936	0.073
9768.000000	72	19	0.934	0.071
9774.000000	72	19	0.932	0.071
9780.000000	72	19	0.929	0.070
9786.000000	72	19	0.927	0.070
9792.000000	72	19	0.926	0.069
9798.000000	72	19	0.925	0.070
9804.000000	72	19	0.924	0.069
9810.000000	72	19	0.921	0.066
9816.000000	72	19	0.917	0.064
9822.000000	72	19	0.912	0.063
9828.000000	72	19	0.907	0.062
9834.000000	72	19	0.902	0.061
9840.000000	72	19	0.898	0.060
9846.000000	72	19	0.894	0.059
9852.000000	72	19	0.887	0.057
9858.000000	72	19	0.875	0.055
9864.000000	72	19	0.859	0.054
9870.000000	72	19	0.841	0.054
9876.000000	72	145	0.814	0.053
9882.000000	72	145	0.777	0.055
9888.000000	72	145	0.730	0.055
9894.000000	72	145	0.651	0.055
9900.000000	72	145	0.507	0.055
9906.000000	72	145	0.241	0.046
9912.000000	17	145	0.024	0.023
9918.000000	17	27	0.018	0.018
9924.000000	27	17	0.015	0.013
9930.000000	27	172	0.013	0.011
9936.000000	27	172	0.011	0.010
9942.000000	27	172	0.009	0.009
