0.000000	125	102	0.000	0.000
6.000000	171	133	0.992	0.065
12.000000	171	133	0.992	0.067
18.000000	171	133	0.992	0.070
24.000000	171	133	0.991	0.072
30.000000	171	133	0.990	0.077
36.000000	171	133	0.989	0.082
42.000000	171	133	0.988	0.089
48.000000	171	133	0.986	0.097
54.000000	171	133	0.985	0.109
60.000000	171	133	0.983	0.125
66.000000	171	133	0.981	0.146
72.000000	171	133	0.980	0.167
78.000000	171	133	0.978	0.193
84.000000	171	133	0.975	0.222
90.000000	171	133	0.972	0.260
96.000000	171	133	0.969	0.319
102.000000	171	133	0.965	0.389
108.000000	171	133	0.961	0.461
114.000000	171	133	0.957	0.540
120.000000	171	133	0.953	0.608
126.000000	171	133	0.950	0.655
132.000000	171	133	0.948	0.683
138.000000	171	133	0.946	0.707
144.000000	171	133	0.944	0.717
150.000000	171	133	0.943	0.719
156.000000	171	133	0.941	0.724
162.000000	171	133	0.938	0.732
168.000000	171	133	0.934	0.743
174.000000	171	133	0.927	0.755
180.000000	171	133	0.923	0.758
186.000000	171	133	0.919	0.763
192.000000	171	133	0.918	0.765
198.000000	171	133	0.916	0.766
204.000000	171	133	0.915	0.770
210.000000	171	133	0.911	0.772
216.000000	171	133	0.900	0.782
222.000000	171	133	0.893	0.790
228.000000	171	133	0.883	0.799
234.000000	171	133	0.873	0.810
240.000000	171	133	0.861	0.821
246.000000	171	133	0.852	0.827
252.000000	133	171	0.840	0.836
258.000000	133	171	0.850	0.818
264.000000	133	171	0.857	0.800
270.000000	133	171	0.867	0.775
276.000000	133	171	0.878	0.741
282.000000	133	171	0.883	0.707
288.000000	133	171	0.892	0.673
294.000000	133	171	0.903	0.632
300.000000	133	171	0.919	0.572
306.000000	133	171	0.935	0.492
312.000000	133	171	0.942	0.400
318.000000	133	171	0.949	0.288
324.000000	133	171	0.952	0.151
330.000000	133	170	0.954	0.131
336.000000	133	79	0.953	0.131
342.000000	133	79	0.950	0.135
348.000000	133	79	0.947	0.138
354.000000	133	79	0.945	0.145
360.000000	133	79	0.942	0.154
366.000000	133	79	0.939	0.164
372.000000	133	79	0.933	0.176
378.000000	133	79	0.929	0.186
384.000000	133	79	0.924	0.193
390.000000	133	79	0.917	0.198
396.000000	133	79	0.907	0.203
402.000000	133	79	0.897	0.209
408.000000	133	79	0.885	0.214
414.000000	133	79	0.875	0.219
420.000000	133	79	0.862	0.223
426.000000	133	79	0.854	0.229
432.000000	133	79	0.846	0.233
438.000000	133	79	0.839	0.239
444.000000	133	51	0.829	0.257
450.000000	133	51	0.818	0.272
456.000000	133	51	0.799	0.287
462.000000	133	51	0.781	0.306
468.000000	133	51	0.764	0.330
474.000000	133	51	0.744	0.352
480.000000	133	51	0.712	0.374
486.000000	133	51	0.676	0.398
492.000000	133	51	0.624	0.425
498.000000	133	51	0.560	0.446
504.000000	51	133	0.476	0.468
510.000000	51	79	0.522	0.338
516.000000	51	79	0.586	0.358
522.000000	51	79	0.643	0.381
528.000000	51	79	0.685	0.400
534.000000	51	79	0.709	0.405
540.000000	51	79	0.723	0.413
546.000000	51	79	0.731	0.412
552.000000	51	79	0.744	0.414
558.000000	51	79	0.747	0.416
564.000000	51	79	0.752	0.425
570.000000	51	79	0.756	0.431
576.000000	51	79	0.768	0.435
582.000000	51	79	0.780	0.435
588.000000	51	79	0.788	0.433
594.000000	51	79	0.798	0.438
600.000000	51	79	0.811	0.437
606.000000	51	79	0.817	0.426
612.000000	51	79	0.824	0.422
618.000000	51	79	0.827	0.412
624.000000	51	79	0.831	0.398
630.000000	51	79	0.838	0.387
636.000000	51	79	0.844	0.380
642.000000	51	79	0.848	0.370
648.000000	51	79	0.855	0.352
654.000000	51	79	0.857	0.323
660.000000	51	79	0.860	0.294
666.000000	51	79	0.867	0.265
672.000000	51	79	0.871	0.234
678.000000	51	79	0.872	0.204
684.000000	51	79	0.876	0.173
690.000000	51	175	0.878	0.175
696.000000	51	175	0.880	0.178
702.000000	51	175	0.885	0.181
708.000000	51	44	0.883	0.189
714.000000	51	44	0.879	0.205
720.000000	51	44	0.880	0.219
726.000000	51	44	0.881	0.232
732.000000	51	44	0.879	0.245
738.000000	51	44	0.879	0.255
744.000000	51	44	0.880	0.268
750.000000	51	44	0.876	0.282
756.000000	51	44	0.873	0.296
762.000000	51	44	0.869	0.315
768.000000	51	44	0.865	0.330
774.000000	51	44	0.858	0.340
780.000000	51	44	0.846	0.356
786.000000	51	44	0.837	0.378
792.000000	51	44	0.823	0.410
798.000000	51	44	0.803	0.439
804.000000	51	44	0.788	0.463
810.000000	51	44	0.771	0.490
816.000000	51	44	0.743	0.518
822.000000	51	44	0.712	0.538
828.000000	51	44	0.674	0.558
834.000000	51	44	0.612	0.587
840.000000	44	51	0.628	0.530
846.000000	44	51	0.666	0.436
852.000000	44	36	0.723	0.416
858.000000	44	36	0.780	0.431
864.000000	44	36	0.823	0.452
870.000000	44	36	0.836	0.484
876.000000	44	36	0.852	0.504
882.000000	44	36	0.871	0.519
888.000000	44	36	0.884	0.527
894.000000	44	36	0.888	0.535
900.000000	44	36	0.891	0.548
906.000000	44	36	0.891	0.555
912.000000	44	36	0.888	0.562
918.000000	44	36	0.882	0.575
924.000000	44	36	0.879	0.578
930.000000	44	36	0.882	0.580
936.000000	44	36	0.890	0.585
942.000000	44	36	0.892	0.591
948.000000	44	36	0.891	0.596
954.000000	44	36	0.893	0.599
960.000000	44	36	0.898	0.600
966.000000	44	36	0.896	0.602
972.000000	44	36	0.895	0.605
978.000000	44	36	0.895	0.606
984.000000	44	36	0.898	0.607
990.000000	44	36	0.897	0.607
996.000000	44	36	0.895	0.606
1002.000000	44	36	0.892	0.604
1008.000000	44	36	0.888	0.600
1014.000000	44	36	0.888	0.598
1020.000000	44	36	0.888	0.598
1026.000000	44	36	0.887	0.594
1032.000000	44	36	0.883	0.591
1038.000000	44	36	0.877	0.587
1044.000000	44	36	0.875	0.579
1050.000000	44	36	0.874	0.570
1056.000000	44	36	0.873	0.558
1062.000000	44	36	0.872	0.543
1068.000000	44	36	0.870	0.518
1074.000000	44	36	0.870	0.488
1080.000000	44	36	0.872	0.443
1086.000000	44	128	0.869	0.395
1092.000000	44	128	0.865	0.416
1098.000000	44	128	0.863	0.441
1104.000000	44	128	0.863	0.462
1110.000000	44	128	0.860	0.490
1116.000000	44	128	0.856	0.524
1122.000000	44	128	0.852	0.561
1128.000000	44	128	0.845	0.593
1134.000000	44	128	0.840	0.615
1140.000000	44	128	0.829	0.647
1146.000000	44	128	0.808	0.676
1152.000000	44	128	0.785	0.708
1158.000000	44	128	0.765	0.728
1164.000000	128	44	0.761	0.731
1170.000000	128	44	0.794	0.695
1176.000000	128	44	0.835	0.635
1182.000000	128	44	0.861	0.555
1188.000000	128	44	0.893	0.427
1194.000000	128	44	0.930	0.245
1200.000000	128	44	0.949	0.107
1206.000000	128	185	0.955	0.106
1212.000000	128	185	0.960	0.109
1218.000000	128	117	0.961	0.114
1224.000000	128	117	0.960	0.123
1230.000000	128	117	0.962	0.131
1236.000000	128	117	0.963	0.136
1242.000000	128	117	0.962	0.142
1248.000000	128	117	0.960	0.147
1254.000000	128	117	0.958	0.154
1260.000000	128	117	0.956	0.163
1266.000000	128	117	0.952	0.177
1272.000000	128	117	0.947	0.196
1278.000000	128	117	0.944	0.215
1284.000000	128	117	0.942	0.228
1290.000000	128	117	0.940	0.244
1296.000000	128	117	0.938	0.258
1302.000000	128	117	0.935	0.270
1308.000000	128	117	0.933	0.276
1314.000000	128	117	0.931	0.283
1320.000000	128	117	0.928	0.293
1326.000000	128	117	0.923	0.300
1332.000000	128	117	0.919	0.304
1338.000000	128	117	0.912	0.315
1344.000000	128	117	0.907	0.328
1350.000000	128	117	0.903	0.335
1356.000000	128	117	0.900	0.344
1362.000000	128	117	0.896	0.354
1368.000000	128	117	0.891	0.365
1374.000000	128	117	0.886	0.376
1380.000000	128	117	0.880	0.390
1386.000000	128	117	0.877	0.404
1392.000000	128	117	0.873	0.422
1398.000000	128	117	0.867	0.439
1404.000000	128	117	0.856	0.454
1410.000000	128	117	0.842	0.471
1416.000000	128	117	0.825	0.498
1422.000000	128	117	0.808	0.531
1428.000000	128	117	0.789	0.558
1434.000000	128	117	0.773	0.588
1440.000000	128	117	0.755	0.630
1446.000000	128	117	0.731	0.674
1452.000000	117	128	0.704	0.695
1458.000000	117	128	0.730	0.651
1464.000000	117	128	0.794	0.576
1470.000000	117	128	0.855	0.455
1476.000000	117	128	0.898	0.275
1482.000000	117	198	0.927	0.097
1488.000000	117	198	0.942	0.099
1494.000000	117	198	0.948	0.104
1500.000000	117	198	0.946	0.110
1506.000000	117	198	0.944	0.118
1512.000000	117	198	0.944	0.121
1518.000000	117	198	0.942	0.121
1524.000000	117	198	0.942	0.123
1530.000000	117	198	0.940	0.126
1536.000000	117	57	0.936	0.133
1542.000000	117	57	0.937	0.136
1548.000000	117	57	0.935	0.141
1554.000000	117	57	0.932	0.145
1560.000000	117	57	0.930	0.149
1566.000000	117	57	0.925	0.153
1572.000000	117	57	0.923	0.157
1578.000000	117	57	0.922	0.159
1584.000000	117	57	0.919	0.162
1590.000000	117	142	0.916	0.168
1596.000000	117	14	0.914	0.174
1602.000000	117	14	0.910	0.181
1608.000000	117	14	0.905	0.193
1614.000000	117	14	0.895	0.201
1620.000000	117	14	0.890	0.211
1626.000000	117	14	0.888	0.219
1632.000000	117	14	0.884	0.228
1638.000000	117	14	0.877	0.238
1644.000000	117	14	0.872	0.250
1650.000000	117	14	0.866	0.262
1656.000000	117	14	0.861	0.265
1662.000000	117	14	0.856	0.267
1668.000000	117	14	0.847	0.271
1674.000000	117	14	0.838	0.274
1680.000000	117	14	0.828	0.271
1686.000000	117	14	0.818	0.274
1692.000000	117	14	0.809	0.278
1698.000000	117	14	0.796	0.275
1704.000000	117	17	0.783	0.276
1710.000000	117	17	0.770	0.279
1716.000000	117	14	0.751	0.281
1722.000000	117	17	0.737	0.287
1728.000000	117	14	0.711	0.297
1734.000000	117	14	0.673	0.311
1740.000000	117	14	0.616	0.328
1746.000000	117	14	0.548	0.346
1752.000000	117	14	0.465	0.359
1758.000000	14	82	0.372	0.357
1764.000000	82	14	0.391	0.390
1770.000000	82	14	0.431	0.411
1776.000000	82	14	0.477	0.417
1782.000000	82	14	0.517	0.421
1788.000000	82	14	0.539	0.423
1794.000000	82	14	0.553	0.431
1800.000000	82	14	0.564	0.436
1806.000000	82	14	0.574	0.434
1812.000000	82	14	0.580	0.434
1818.000000	82	14	0.585	0.435
1824.000000	82	14	0.585	0.440
1830.000000	82	14	0.586	0.442
1836.000000	82	18	0.590	0.441
1842.000000	82	18	0.593	0.443
1848.000000	82	14	0.596	0.452
1854.000000	82	14	0.599	0.458
1860.000000	82	14	0.601	0.459
1866.000000	82	18	0.599	0.464
1872.000000	82	18	0.605	0.464
1878.000000	82	14	0.611	0.468
1884.000000	82	14	0.608	0.469
1890.000000	82	18	0.607	0.466
1896.000000	82	18	0.609	0.471
1902.000000	82	18	0.618	0.473
1908.000000	82	18	0.621	0.474
1914.000000	82	18	0.630	0.478
1920.000000	82	18	0.640	0.479
1926.000000	82	18	0.647	0.482
1932.000000	82	18	0.665	0.484
1938.000000	82	18	0.685	0.485
1944.000000	82	18	0.698	0.482
1950.000000	82	18	0.716	0.480
1956.000000	82	18	0.733	0.482
1962.000000	82	18	0.743	0.494
1968.000000	82	18	0.751	0.503
1974.000000	82	18	0.761	0.517
1980.000000	82	18	0.775	0.526
1986.000000	82	18	0.780	0.529
1992.000000	82	18	0.785	0.536
1998.000000	82	18	0.784	0.542
2004.000000	82	18	0.784	0.541
2010.000000	82	18	0.790	0.530
2016.000000	82	18	0.789	0.523
2022.000000	82	18	0.794	0.513
2028.000000	82	18	0.797	0.507
2034.000000	82	18	0.797	0.503
2040.000000	82	18	0.795	0.497
2046.000000	82	18	0.795	0.483
2052.000000	82	18	0.793	0.466
2058.000000	82	18	0.794	0.442
2064.000000	82	18	0.789	0.424
2070.000000	82	18	0.783	0.406
2076.000000	82	18	0.777	0.385
2082.000000	82	18	0.772	0.362
2088.000000	82	18	0.769	0.338
2094.000000	82	18	0.767	0.310
2100.000000	82	18	0.762	0.281
2106.000000	82	47	0.762	0.241
2112.000000	82	47	0.765	0.253
2118.000000	82	47	0.763	0.262
2124.000000	82	47	0.761	0.269
2130.000000	82	47	0.753	0.280
2136.000000	82	47	0.748	0.288
2142.000000	82	47	0.743	0.293
2148.000000	82	47	0.731	0.301
2154.000000	82	47	0.712	0.316
2160.000000	82	47	0.692	0.324
2166.000000	82	47	0.672	0.336
2172.000000	82	47	0.644	0.348
2178.000000	82	47	0.608	0.357
2184.000000	82	47	0.568	0.366
2190.000000	82	47	0.516	0.384
2196.000000	82	47	0.444	0.407
2202.000000	47	82	0.435	0.350
2208.000000	47	157	0.462	0.285
2214.000000	47	157	0.490	0.324
2220.000000	47	157	0.517	0.359
2226.000000	47	157	0.545	0.389
2232.000000	47	157	0.567	0.412
2238.000000	47	157	0.574	0.445
2244.000000	47	157	0.582	0.479
2250.000000	47	157	0.587	0.511
2256.000000	47	157	0.590	0.531
2262.000000	47	157	0.600	0.552
2268.000000	47	157	0.609	0.575
2274.000000	47	157	0.621	0.599
2280.000000	47	157	0.632	0.616
2286.000000	47	157	0.637	0.627
2292.000000	47	157	0.636	0.634
2298.000000	47	157	0.637	0.637
2304.000000	157	47	0.643	0.637
2310.000000	157	47	0.644	0.638
2316.000000	157	47	0.646	0.641
2322.000000	157	47	0.648	0.647
2328.000000	157	47	0.656	0.644
2334.000000	157	47	0.664	0.637
2340.000000	157	47	0.670	0.629
2346.000000	157	47	0.671	0.632
2352.000000	157	47	0.671	0.634
2358.000000	157	47	0.674	0.627
2364.000000	157	47	0.689	0.615
2370.000000	157	47	0.690	0.616
2376.000000	157	47	0.695	0.609
2382.000000	157	47	0.707	0.591
2388.000000	157	47	0.721	0.575
2394.000000	157	47	0.729	0.550
2400.000000	157	47	0.737	0.525
2406.000000	157	47	0.747	0.489
2412.000000	157	94	0.763	0.490
2418.000000	157	94	0.791	0.493
2424.000000	157	94	0.811	0.505
2430.000000	157	94	0.832	0.518
2436.000000	157	94	0.857	0.537
2442.000000	157	94	0.870	0.554
2448.000000	157	94	0.873	0.578
2454.000000	157	94	0.878	0.591
2460.000000	157	94	0.885	0.595
2466.000000	157	94	0.891	0.602
2472.000000	157	94	0.888	0.608
2478.000000	157	94	0.885	0.609
2484.000000	157	94	0.882	0.612
2490.000000	157	94	0.874	0.621
2496.000000	157	94	0.869	0.628
2502.000000	157	94	0.865	0.630
2508.000000	157	94	0.860	0.628
2514.000000	157	94	0.855	0.627
2520.000000	157	94	0.850	0.625
2526.000000	157	94	0.845	0.624
2532.000000	157	94	0.837	0.621
2538.000000	157	94	0.827	0.615
2544.000000	157	94	0.818	0.602
2550.000000	157	94	0.808	0.591
2556.000000	157	94	0.795	0.575
2562.000000	157	94	0.784	0.562
2568.000000	157	94	0.777	0.547
2574.000000	157	94	0.767	0.539
2580.000000	157	94	0.756	0.528
2586.000000	157	94	0.740	0.516
2592.000000	157	94	0.718	0.509
2598.000000	157	94	0.701	0.498
2604.000000	157	94	0.679	0.476
2610.000000	157	94	0.660	0.441
2616.000000	157	94	0.628	0.404
2622.000000	157	94	0.584	0.368
2628.000000	157	94	0.527	0.327
2634.000000	157	24	0.444	0.331
2640.000000	24	157	0.362	0.339
2646.000000	24	114	0.411	0.226
2652.000000	24	114	0.491	0.241
2658.000000	24	114	0.578	0.253
2664.000000	24	114	0.655	0.269
2670.000000	24	114	0.703	0.285
2676.000000	24	114	0.746	0.297
2682.000000	24	114	0.786	0.316
2688.000000	24	114	0.805	0.339
2694.000000	24	114	0.810	0.356
2700.000000	24	114	0.813	0.375
2706.000000	24	114	0.820	0.393
2712.000000	24	114	0.825	0.402
2718.000000	24	114	0.828	0.413
2724.000000	24	114	0.835	0.425
2730.000000	24	114	0.836	0.436
2736.000000	24	114	0.839	0.449
2742.000000	24	114	0.841	0.459
2748.000000	24	114	0.841	0.468
2754.000000	24	114	0.840	0.471
2760.000000	24	114	0.839	0.474
2766.000000	24	114	0.835	0.490
2772.000000	24	114	0.835	0.502
2778.000000	24	114	0.838	0.510
2784.000000	24	114	0.841	0.515
2790.000000	24	114	0.841	0.519
2796.000000	24	114	0.841	0.524
2802.000000	24	114	0.837	0.536
2808.000000	24	114	0.834	0.545
2814.000000	24	114	0.833	0.557
2820.000000	24	114	0.831	0.572
2826.000000	24	114	0.829	0.586
2832.000000	24	114	0.829	0.592
2838.000000	24	114	0.830	0.599
2844.000000	24	114	0.833	0.605
2850.000000	24	114	0.838	0.618
2856.000000	24	114	0.840	0.638
2862.000000	24	114	0.835	0.653
2868.000000	24	114	0.829	0.664
2874.000000	24	114	0.815	0.682
2880.000000	24	114	0.807	0.691
2886.000000	24	114	0.802	0.697
2892.000000	24	114	0.802	0.702
2898.000000	24	114	0.798	0.708
2904.000000	24	114	0.787	0.720
2910.000000	24	114	0.772	0.734
2916.000000	24	114	0.758	0.740
2922.000000	114	24	0.750	0.737
2928.000000	114	24	0.756	0.712
2934.000000	114	24	0.771	0.674
2940.000000	114	24	0.786	0.631
2946.000000	114	24	0.795	0.589
2952.000000	114	24	0.811	0.537
2958.000000	114	24	0.831	0.446
2964.000000	114	75	0.849	0.366
2970.000000	114	75	0.861	0.381
2976.000000	114	75	0.869	0.389
2982.000000	114	75	0.870	0.384
2988.000000	114	75	0.878	0.368
2994.000000	114	75	0.880	0.358
3000.000000	114	75	0.885	0.350
3006.000000	114	75	0.885	0.344
3012.000000	114	75	0.886	0.342
3018.000000	114	75	0.883	0.341
3024.000000	114	75	0.879	0.339
3030.000000	114	75	0.876	0.332
3036.000000	114	75	0.875	0.320
3042.000000	114	75	0.871	0.310
3048.000000	114	75	0.867	0.297
3054.000000	114	75	0.863	0.276
3060.000000	114	75	0.862	0.248
3066.000000	114	75	0.856	0.214
3072.000000	114	0	0.848	0.207
3078.000000	114	0	0.839	0.218
3084.000000	114	0	0.828	0.231
3090.000000	114	0	0.813	0.242
3096.000000	114	0	0.796	0.248
3102.000000	114	0	0.779	0.255
3108.000000	114	0	0.764	0.272
3114.000000	114	0	0.743	0.288
3120.000000	114	0	0.712	0.304
3126.000000	114	0	0.672	0.329
3132.000000	114	0	0.623	0.356
3138.000000	114	0	0.573	0.384
3144.000000	114	0	0.505	0.421
3150.000000	0	114	0.459	0.413
3156.000000	0	132	0.505	0.344
3162.000000	0	132	0.564	0.351
3168.000000	0	132	0.602	0.381
3174.000000	0	132	0.631	0.397
3180.000000	0	132	0.655	0.407
3186.000000	0	132	0.671	0.427
3192.000000	0	132	0.680	0.440
3198.000000	0	132	0.680	0.455
3204.000000	0	132	0.686	0.473
3210.000000	0	132	0.688	0.485
3216.000000	0	132	0.702	0.498
3222.000000	0	132	0.708	0.514
3228.000000	0	132	0.709	0.533
3234.000000	0	132	0.713	0.542
3240.000000	0	132	0.715	0.546
3246.000000	0	132	0.716	0.555
3252.000000	0	132	0.724	0.568
3258.000000	0	132	0.739	0.582
3264.000000	0	132	0.749	0.590
3270.000000	0	132	0.758	0.592
3276.000000	0	132	0.761	0.596
3282.000000	0	132	0.763	0.601
3288.000000	0	132	0.770	0.598
3294.000000	0	132	0.775	0.597
3300.000000	0	132	0.776	0.595
3306.000000	0	132	0.779	0.596
3312.000000	0	132	0.783	0.596
3318.000000	0	132	0.784	0.592
3324.000000	0	132	0.781	0.592
3330.000000	0	132	0.780	0.591
3336.000000	0	132	0.781	0.588
3342.000000	0	132	0.780	0.589
3348.000000	0	132	0.778	0.596
3354.000000	0	132	0.774	0.597
3360.000000	0	132	0.769	0.601
3366.000000	0	132	0.767	0.602
3372.000000	0	132	0.765	0.601
3378.000000	0	132	0.765	0.596
3384.000000	0	132	0.768	0.584
3390.000000	0	132	0.764	0.574
3396.000000	0	132	0.762	0.570
3402.000000	0	132	0.763	0.566
3408.000000	0	132	0.763	0.560
3414.000000	0	132	0.762	0.550
3420.000000	0	132	0.762	0.536
3426.000000	0	132	0.760	0.524
3432.000000	0	132	0.755	0.515
3438.000000	0	132	0.748	0.501
3444.000000	0	132	0.739	0.477
3450.000000	0	132	0.729	0.445
3456.000000	0	132	0.720	0.402
3462.000000	0	132	0.706	0.359
3468.000000	0	132	0.693	0.313
3474.000000	0	132	0.683	0.260
3480.000000	0	132	0.680	0.198
3486.000000	0	154	0.675	0.173
3492.000000	0	154	0.658	0.188
3498.000000	0	154	0.639	0.209
3504.000000	0	154	0.612	0.226
3510.000000	0	154	0.574	0.239
3516.000000	0	154	0.528	0.245
3522.000000	0	154	0.468	0.255
3528.000000	0	154	0.402	0.272
3534.000000	0	154	0.323	0.302
3540.000000	154	141	0.327	0.325
3546.000000	141	154	0.352	0.348
3552.000000	141	154	0.395	0.366
3558.000000	141	154	0.453	0.389
3564.000000	141	154	0.489	0.431
3570.000000	141	154	0.512	0.465
3576.000000	141	154	0.547	0.490
3582.000000	141	154	0.585	0.505
3588.000000	141	154	0.614	0.522
3594.000000	141	154	0.635	0.535
3600.000000	141	154	0.641	0.549
3606.000000	141	154	0.641	0.560
3612.000000	141	154	0.644	0.567
3618.000000	141	154	0.650	0.577
3624.000000	141	154	0.658	0.579
3630.000000	141	154	0.665	0.584
3636.000000	141	154	0.682	0.590
3642.000000	141	154	0.699	0.599
3648.000000	141	154	0.710	0.603
3654.000000	141	154	0.718	0.610
3660.000000	141	154	0.736	0.614
3666.000000	141	154	0.749	0.620
3672.000000	141	154	0.754	0.624
3678.000000	141	154	0.761	0.631
3684.000000	141	154	0.771	0.638
3690.000000	141	154	0.792	0.646
3696.000000	141	154	0.808	0.654
3702.000000	141	154	0.825	0.659
3708.000000	141	154	0.843	0.659
3714.000000	141	154	0.855	0.654
3720.000000	141	154	0.861	0.654
3726.000000	141	154	0.871	0.654
3732.000000	141	154	0.873	0.660
3738.000000	141	154	0.877	0.662
3744.000000	141	154	0.880	0.665
3750.000000	141	154	0.877	0.673
3756.000000	141	154	0.878	0.671
3762.000000	141	154	0.878	0.667
3768.000000	141	154	0.880	0.658
3774.000000	141	154	0.883	0.650
3780.000000	141	154	0.885	0.641
3786.000000	141	154	0.886	0.630
3792.000000	141	154	0.883	0.627
3798.000000	141	154	0.885	0.620
3804.000000	141	154	0.887	0.608
3810.000000	141	154	0.888	0.589
3816.000000	141	154	0.893	0.558
3822.000000	141	154	0.896	0.529
3828.000000	141	154	0.900	0.496
3834.000000	141	154	0.904	0.454
3840.000000	141	154	0.906	0.393
3846.000000	141	154	0.908	0.307
3852.000000	141	154	0.915	0.218
3858.000000	141	154	0.924	0.126
3864.000000	141	89	0.934	0.113
3870.000000	141	89	0.939	0.115
3876.000000	141	89	0.945	0.115
3882.000000	141	89	0.949	0.115
3888.000000	141	89	0.951	0.113
3894.000000	141	89	0.951	0.114
3900.000000	141	89	0.950	0.117
3906.000000	141	89	0.950	0.120
3912.000000	141	89	0.952	0.120
3918.000000	141	89	0.954	0.119
3924.000000	141	89	0.956	0.119
3930.000000	141	89	0.956	0.118
3936.000000	141	89	0.956	0.115
3942.000000	141	89	0.956	0.110
3948.000000	141	9	0.954	0.106
3954.000000	141	9	0.954	0.108
3960.000000	141	164	0.954	0.113
3966.000000	141	164	0.954	0.119
3972.000000	141	164	0.952	0.125
3978.000000	141	164	0.950	0.134
3984.000000	141	164	0.948	0.146
3990.000000	141	164	0.945	0.163
3996.000000	141	164	0.942	0.181
4002.000000	141	164	0.938	0.197
4008.000000	141	164	0.933	0.214
4014.000000	141	164	0.926	0.245
4020.000000	141	164	0.917	0.281
4026.000000	141	164	0.904	0.334
4032.000000	141	164	0.890	0.397
4038.000000	141	164	0.874	0.461
4044.000000	141	164	0.853	0.554
4050.000000	141	164	0.816	0.627
4056.000000	141	164	0.758	0.693
4062.000000	164	141	0.752	0.671
4068.000000	164	141	0.812	0.535
4074.000000	164	141	0.862	0.372
4080.000000	164	112	0.911	0.148
4086.000000	164	112	0.942	0.140
4092.000000	164	112	0.945	0.144
4098.000000	164	112	0.947	0.151
4104.000000	164	112	0.948	0.157
4110.000000	164	112	0.954	0.164
4116.000000	164	112	0.955	0.166
4122.000000	164	112	0.952	0.165
4128.000000	164	112	0.949	0.164
4134.000000	164	112	0.946	0.163
4140.000000	164	112	0.943	0.164
4146.000000	164	112	0.940	0.164
4152.000000	164	86	0.939	0.168
4158.000000	164	159	0.934	0.173
4164.000000	164	159	0.931	0.180
4170.000000	164	159	0.928	0.186
4176.000000	164	159	0.924	0.192
4182.000000	164	159	0.921	0.195
4188.000000	164	159	0.917	0.195
4194.000000	164	159	0.914	0.197
4200.000000	164	159	0.911	0.200
4206.000000	164	159	0.908	0.201
4212.000000	164	81	0.906	0.203
4218.000000	164	81	0.905	0.213
4224.000000	164	81	0.905	0.221
4230.000000	164	81	0.904	0.227
4236.000000	164	81	0.903	0.230
4242.000000	164	81	0.901	0.236
4248.000000	164	81	0.900	0.243
4254.000000	164	81	0.899	0.248
4260.000000	164	81	0.897	0.254
4266.000000	164	81	0.894	0.259
4272.000000	164	81	0.890	0.270
4278.000000	164	81	0.884	0.281
4284.000000	164	81	0.879	0.290
4290.000000	164	81	0.877	0.299
4296.000000	164	81	0.876	0.305
4302.000000	164	81	0.875	0.309
4308.000000	164	81	0.874	0.321
4314.000000	164	81	0.873	0.334
4320.000000	164	81	0.870	0.352
4326.000000	164	81	0.867	0.371
4332.000000	164	81	0.859	0.388
4338.000000	164	81	0.853	0.400
4344.000000	164	81	0.846	0.418
4350.000000	164	81	0.836	0.436
4356.000000	164	81	0.824	0.443
4362.000000	164	81	0.809	0.457
4368.000000	164	81	0.795	0.465
4374.000000	164	81	0.779	0.474
4380.000000	164	81	0.758	0.484
4386.000000	164	81	0.734	0.499
4392.000000	164	81	0.706	0.517
4398.000000	164	81	0.652	0.547
4404.000000	81	164	0.586	0.581
4410.000000	81	164	0.618	0.489
4416.000000	81	164	0.661	0.359
4422.000000	81	153	0.713	0.266
4428.000000	81	153	0.765	0.292
4434.000000	81	153	0.804	0.314
4440.000000	81	153	0.820	0.345
4446.000000	81	153	0.837	0.375
4452.000000	81	153	0.855	0.401
4458.000000	81	153	0.862	0.436
4464.000000	81	153	0.873	0.459
4470.000000	81	153	0.875	0.491
4476.000000	81	153	0.880	0.518
4482.000000	81	153	0.885	0.548
4488.000000	81	153	0.894	0.570
4494.000000	81	153	0.900	0.582
4500.000000	81	153	0.900	0.596
4506.000000	81	153	0.900	0.611
4512.000000	81	153	0.902	0.626
4518.000000	81	153	0.902	0.636
4524.000000	81	153	0.898	0.649
4530.000000	81	153	0.895	0.664
4536.000000	81	153	0.894	0.675
4542.000000	81	153	0.895	0.685
4548.000000	81	153	0.888	0.704
4554.000000	81	153	0.882	0.715
4560.000000	81	153	0.881	0.726
4566.000000	81	153	0.878	0.741
4572.000000	81	153	0.874	0.749
4578.000000	81	153	0.871	0.763
4584.000000	81	153	0.869	0.772
4590.000000	81	153	0.868	0.776
4596.000000	81	153	0.866	0.780
4602.000000	81	153	0.864	0.786
4608.000000	81	153	0.859	0.792
4614.000000	81	153	0.854	0.795
4620.000000	81	153	0.841	0.803
4626.000000	81	153	0.826	0.810
4632.000000	81	153	0.821	0.812
4638.000000	81	153	0.816	0.813
4644.000000	153	81	0.820	0.804
4650.000000	153	81	0.829	0.792
4656.000000	153	81	0.837	0.777
4662.000000	153	81	0.852	0.753
4668.000000	153	81	0.871	0.720
4674.000000	153	81	0.882	0.691
4680.000000	153	81	0.895	0.646
4686.000000	153	81	0.904	0.583
4692.000000	153	81	0.916	0.493
4698.000000	153	81	0.935	0.371
4704.000000	153	81	0.954	0.223
4710.000000	153	73	0.965	0.101
4716.000000	153	73	0.970	0.099
4722.000000	153	73	0.970	0.099
4728.000000	153	73	0.969	0.109
4734.000000	153	73	0.967	0.123
4740.000000	153	73	0.966	0.132
4746.000000	153	73	0.965	0.142
4752.000000	153	73	0.963	0.152
4758.000000	153	73	0.961	0.160
4764.000000	153	73	0.958	0.168
4770.000000	153	73	0.955	0.180
4776.000000	153	73	0.951	0.189
4782.000000	153	73	0.947	0.198
4788.000000	153	73	0.943	0.206
4794.000000	153	73	0.938	0.212
4800.000000	153	73	0.930	0.218
4806.000000	153	73	0.921	0.221
4812.000000	153	2	0.913	0.230
4818.000000	153	2	0.903	0.254
4824.000000	153	2	0.892	0.283
4830.000000	153	2	0.882	0.308
4836.000000	153	2	0.870	0.336
4842.000000	153	2	0.858	0.361
4848.000000	153	2	0.842	0.391
4854.000000	153	2	0.820	0.424
4860.000000	153	2	0.788	0.460
4866.000000	153	2	0.744	0.487
4872.000000	153	2	0.698	0.514
4878.000000	153	2	0.640	0.536
4884.000000	153	2	0.567	0.566
4890.000000	2	153	0.606	0.454
4896.000000	2	103	0.675	0.397
4902.000000	2	103	0.734	0.406
4908.000000	2	103	0.779	0.414
4914.000000	2	103	0.820	0.417
4920.000000	2	103	0.833	0.415
4926.000000	2	103	0.842	0.412
4932.000000	2	103	0.847	0.412
4938.000000	2	103	0.851	0.402
4944.000000	2	103	0.851	0.392
4950.000000	2	103	0.853	0.377
4956.000000	2	103	0.851	0.366
4962.000000	2	103	0.854	0.352
4968.000000	2	103	0.857	0.338
4974.000000	2	103	0.862	0.323
4980.000000	2	103	0.865	0.312
4986.000000	2	103	0.866	0.298
4992.000000	2	103	0.868	0.285
4998.000000	2	103	0.871	0.270
5004.000000	2	103	0.875	0.252
5010.000000	2	175	0.875	0.245
5016.000000	2	175	0.879	0.262
5022.000000	2	175	0.883	0.276
5028.000000	2	175	0.887	0.291
5034.000000	2	175	0.891	0.301
5040.000000	2	175	0.894	0.313
5046.000000	2	175	0.895	0.326
5052.000000	2	175	0.898	0.343
5058.000000	2	175	0.902	0.360
5064.000000	2	175	0.902	0.381
5070.000000	2	175	0.901	0.403
5076.000000	2	175	0.899	0.432
5082.000000	2	175	0.895	0.457
5088.000000	2	175	0.892	0.474
5094.000000	2	175	0.890	0.491
5100.000000	2	175	0.889	0.510
5106.000000	2	175	0.889	0.531
5112.000000	2	175	0.887	0.548
5118.000000	2	175	0.883	0.569
5124.000000	2	175	0.877	0.590
5130.000000	2	175	0.874	0.604
5136.000000	2	175	0.873	0.618
5142.000000	2	175	0.865	0.638
5148.000000	2	175	0.854	0.656
5154.000000	2	175	0.842	0.671
5160.000000	2	175	0.829	0.684
5166.000000	2	175	0.809	0.704
5172.000000	2	175	0.793	0.715
5178.000000	2	175	0.771	0.728
5184.000000	175	2	0.745	0.739
5190.000000	175	2	0.764	0.704
5196.000000	175	2	0.790	0.654
5202.000000	175	2	0.815	0.593
5208.000000	175	2	0.837	0.519
5214.000000	175	2	0.868	0.399
5220.000000	175	2	0.923	0.206
5226.000000	175	39	0.954	0.103
5232.000000	175	39	0.961	0.103
5238.000000	175	39	0.964	0.107
5244.000000	175	39	0.963	0.117
5250.000000	175	39	0.962	0.126
5256.000000	175	39	0.962	0.134
5262.000000	175	39	0.962	0.139
5268.000000	175	39	0.961	0.144
5274.000000	175	39	0.959	0.146
5280.000000	175	39	0.957	0.148
5286.000000	175	39	0.954	0.153
5292.000000	175	39	0.952	0.157
5298.000000	175	39	0.949	0.161
5304.000000	175	39	0.946	0.164
5310.000000	175	39	0.942	0.166
5316.000000	175	82	0.939	0.175
5322.000000	175	82	0.935	0.189
5328.000000	175	82	0.931	0.208
5334.000000	175	82	0.928	0.230
5340.000000	175	82	0.925	0.253
5346.000000	175	82	0.920	0.278
5352.000000	175	82	0.914	0.300
5358.000000	175	82	0.909	0.331
5364.000000	175	82	0.905	0.359
5370.000000	175	82	0.901	0.381
5376.000000	175	82	0.896	0.402
5382.000000	175	82	0.889	0.421
5388.000000	175	82	0.883	0.438
5394.000000	175	82	0.871	0.459
5400.000000	175	82	0.854	0.487
5406.000000	175	82	0.838	0.516
5412.000000	175	82	0.816	0.549
5418.000000	175	82	0.791	0.586
5424.000000	175	82	0.756	0.616
5430.000000	175	82	0.714	0.643
5436.000000	82	175	0.695	0.646
5442.000000	82	175	0.743	0.553
5448.000000	82	175	0.802	0.440
5454.000000	82	175	0.866	0.282
5460.000000	82	165	0.910	0.199
5466.000000	82	165	0.931	0.220
5472.000000	82	165	0.941	0.240
5478.000000	82	165	0.940	0.257
5484.000000	82	165	0.941	0.275
5490.000000	82	165	0.938	0.291
5496.000000	82	165	0.934	0.306
5502.000000	82	165	0.933	0.320
5508.000000	82	165	0.932	0.339
5514.000000	82	165	0.930	0.358
5520.000000	82	165	0.928	0.371
5526.000000	82	165	0.926	0.384
5532.000000	82	165	0.925	0.394
5538.000000	82	165	0.923	0.407
5544.000000	82	165	0.921	0.421
5550.000000	82	165	0.918	0.432
5556.000000	82	165	0.914	0.442
5562.000000	82	165	0.911	0.456
5568.000000	82	165	0.908	0.469
5574.000000	82	165	0.907	0.480
5580.000000	82	165	0.904	0.489
5586.000000	82	165	0.901	0.505
5592.000000	82	165	0.899	0.514
5598.000000	82	165	0.897	0.522
5604.000000	82	165	0.895	0.530
5610.000000	82	165	0.889	0.538
5616.000000	82	165	0.884	0.545
5622.000000	82	165	0.877	0.556
5628.000000	82	165	0.869	0.568
5634.000000	82	165	0.858	0.582
5640.000000	82	165	0.846	0.597
5646.000000	82	165	0.828	0.615
5652.000000	82	165	0.809	0.633
5658.000000	82	165	0.783	0.650
5664.000000	82	165	0.758	0.661
5670.000000	82	165	0.733	0.672
5676.000000	82	165	0.713	0.678
5682.000000	82	165	0.689	0.682
5688.000000	165	82	0.693	0.657
5694.000000	165	82	0.712	0.610
5700.000000	165	82	0.740	0.550
5706.000000	165	82	0.767	0.479
5712.000000	165	82	0.808	0.384
5718.000000	165	82	0.834	0.267
5724.000000	165	9	0.863	0.205
5730.000000	165	9	0.885	0.210
5736.000000	165	9	0.899	0.211
5742.000000	165	9	0.902	0.220
5748.000000	165	9	0.911	0.232
5754.000000	165	9	0.914	0.246
5760.000000	165	9	0.916	0.265
5766.000000	165	9	0.915	0.280
5772.000000	165	9	0.915	0.292
5778.000000	165	9	0.915	0.304
5784.000000	165	9	0.919	0.318
5790.000000	165	9	0.922	0.331
5796.000000	165	9	0.922	0.346
5802.000000	165	9	0.921	0.369
5808.000000	165	9	0.921	0.393
5814.000000	165	9	0.918	0.417
5820.000000	165	9	0.913	0.451
5826.000000	165	9	0.905	0.485
5832.000000	165	9	0.899	0.507
5838.000000	165	9	0.890	0.525
5844.000000	165	9	0.884	0.539
5850.000000	165	9	0.873	0.560
5856.000000	165	9	0.861	0.579
5862.000000	165	9	0.841	0.606
5868.000000	165	9	0.825	0.630
5874.000000	165	9	0.803	0.649
5880.000000	165	9	0.776	0.671
5886.000000	165	9	0.744	0.698
5892.000000	9	165	0.725	0.711
5898.000000	9	165	0.753	0.657
5904.000000	9	165	0.767	0.600
5910.000000	9	165	0.793	0.510
5916.000000	9	165	0.838	0.382
5922.000000	9	165	0.882	0.218
5928.000000	9	46	0.914	0.192
5934.000000	9	170	0.932	0.196
5940.000000	9	170	0.939	0.212
5946.000000	9	170	0.944	0.235
5952.000000	9	170	0.943	0.247
5958.000000	9	170	0.940	0.253
5964.000000	9	170	0.938	0.264
5970.000000	9	170	0.935	0.281
5976.000000	9	170	0.932	0.300
5982.000000	9	170	0.930	0.320
5988.000000	9	170	0.929	0.340
5994.000000	9	170	0.927	0.366
6000.000000	9	170	0.925	0.392
6006.000000	9	170	0.923	0.413
6012.000000	9	170	0.921	0.429
6018.000000	9	170	0.917	0.444
6024.000000	9	170	0.911	0.467
6030.000000	9	170	0.907	0.487
6036.000000	9	170	0.903	0.504
6042.000000	9	170	0.900	0.519
6048.000000	9	170	0.898	0.538
6054.000000	9	170	0.895	0.555
6060.000000	9	170	0.891	0.566
6066.000000	9	170	0.882	0.583
6072.000000	9	170	0.873	0.602
6078.000000	9	170	0.866	0.618
6084.000000	9	170	0.861	0.629
6090.000000	9	170	0.851	0.645
6096.000000	9	170	0.841	0.661
6102.000000	9	170	0.827	0.671
6108.000000	9	170	0.802	0.688
6114.000000	9	170	0.775	0.708
6120.000000	9	170	0.746	0.733
6126.000000	170	9	0.760	0.709
6132.000000	170	9	0.784	0.657
6138.000000	170	9	0.841	0.548
6144.000000	170	9	0.881	0.426
6150.000000	170	9	0.907	0.279
6156.000000	170	3	0.929	0.248
6162.000000	170	3	0.948	0.259
6168.000000	170	3	0.953	0.291
6174.000000	170	3	0.949	0.328
6180.000000	170	3	0.944	0.353
6186.000000	170	3	0.940	0.378
6192.000000	170	3	0.937	0.406
6198.000000	170	3	0.933	0.427
6204.000000	170	3	0.930	0.446
6210.000000	170	3	0.928	0.463
6216.000000	170	3	0.925	0.479
6222.000000	170	3	0.922	0.493
6228.000000	170	3	0.918	0.509
6234.000000	170	3	0.911	0.520
6240.000000	170	3	0.905	0.531
6246.000000	170	3	0.900	0.537
6252.000000	170	3	0.898	0.541
6258.000000	170	3	0.894	0.549
6264.000000	170	3	0.888	0.556
6270.000000	170	3	0.881	0.558
6276.000000	170	3	0.872	0.566
6282.000000	170	3	0.860	0.575
6288.000000	170	3	0.848	0.586
6294.000000	170	3	0.841	0.590
6300.000000	170	3	0.828	0.600
6306.000000	170	3	0.814	0.604
6312.000000	170	3	0.807	0.601
6318.000000	170	3	0.796	0.600
6324.000000	170	3	0.778	0.608
6330.000000	170	3	0.765	0.615
6336.000000	170	3	0.747	0.630
6342.000000	170	3	0.728	0.644
6348.000000	170	3	0.705	0.670
6354.000000	3	170	0.694	0.681
6360.000000	3	170	0.721	0.647
6366.000000	3	170	0.756	0.594
6372.000000	3	170	0.790	0.516
6378.000000	3	170	0.822	0.406
6384.000000	3	170	0.868	0.241
6390.000000	3	183	0.907	0.113
6396.000000	3	199	0.924	0.104
6402.000000	3	199	0.936	0.100
6408.000000	3	199	0.945	0.094
6414.000000	3	94	0.949	0.099
6420.000000	3	94	0.950	0.107
6426.000000	3	94	0.954	0.116
6432.000000	3	94	0.953	0.131
6438.000000	3	94	0.954	0.145
6444.000000	3	94	0.957	0.154
6450.000000	3	94	0.956	0.161
6456.000000	3	94	0.954	0.166
6462.000000	3	94	0.952	0.170
6468.000000	3	94	0.949	0.176
6474.000000	3	94	0.945	0.182
6480.000000	3	94	0.941	0.190
6486.000000	3	94	0.937	0.196
6492.000000	3	94	0.931	0.200
6498.000000	3	94	0.926	0.205
6504.000000	3	94	0.920	0.209
6510.000000	3	94	0.913	0.212
6516.000000	3	94	0.904	0.217
6522.000000	3	94	0.897	0.221
6528.000000	3	94	0.891	0.222
6534.000000	3	94	0.886	0.222
6540.000000	3	94	0.879	0.222
6546.000000	3	94	0.867	0.221
6552.000000	3	94	0.859	0.218
6558.000000	3	94	0.852	0.213
6564.000000	3	94	0.841	0.207
6570.000000	3	94	0.830	0.200
6576.000000	3	182	0.818	0.201
6582.000000	3	182	0.805	0.203
6588.000000	3	182	0.790	0.207
6594.000000	3	182	0.764	0.217
6600.000000	3	182	0.728	0.234
6606.000000	3	182	0.692	0.252
6612.000000	3	182	0.655	0.269
6618.000000	3	182	0.595	0.293
6624.000000	3	182	0.513	0.315
6630.000000	3	182	0.396	0.339
6636.000000	182	3	0.360	0.256
6642.000000	182	29	0.379	0.268
6648.000000	182	29	0.403	0.288
6654.000000	182	29	0.430	0.306
6660.000000	182	29	0.455	0.323
6666.000000	182	29	0.491	0.342
6672.000000	182	29	0.517	0.353
6678.000000	182	29	0.545	0.356
6684.000000	182	29	0.576	0.363
6690.000000	182	29	0.601	0.373
6696.000000	182	29	0.618	0.389
6702.000000	182	29	0.627	0.402
6708.000000	182	29	0.647	0.410
6714.000000	182	29	0.671	0.414
6720.000000	182	29	0.684	0.417
6726.000000	182	29	0.694	0.419
6732.000000	182	29	0.702	0.422
6738.000000	182	29	0.717	0.427
6744.000000	182	29	0.727	0.435
6750.000000	182	29	0.736	0.443
6756.000000	182	29	0.745	0.451
6762.000000	182	29	0.756	0.468
6768.000000	182	29	0.766	0.479
6774.000000	182	29	0.774	0.487
6780.000000	182	29	0.785	0.496
6786.000000	182	29	0.796	0.511
6792.000000	182	29	0.809	0.520
6798.000000	182	29	0.817	0.527
6804.000000	182	29	0.816	0.541
6810.000000	182	29	0.821	0.543
6816.000000	182	29	0.827	0.543
6822.000000	182	29	0.829	0.544
6828.000000	182	29	0.830	0.541
6834.000000	182	29	0.831	0.543
6840.000000	182	29	0.839	0.542
6846.000000	182	29	0.844	0.540
6852.000000	182	29	0.849	0.542
6858.000000	182	29	0.855	0.537
6864.000000	182	29	0.858	0.535
6870.000000	182	29	0.868	0.531
6876.000000	182	29	0.875	0.527
6882.000000	182	29	0.881	0.520
6888.000000	182	29	0.887	0.510
6894.000000	182	29	0.891	0.498
6900.000000	182	29	0.894	0.481
6906.000000	182	29	0.900	0.455
6912.000000	182	29	0.906	0.429
6918.000000	182	29	0.908	0.405
6924.000000	182	29	0.911	0.373
6930.000000	182	29	0.919	0.332
6936.000000	182	29	0.925	0.282
6942.000000	182	29	0.927	0.229
6948.000000	182	29	0.930	0.181
6954.000000	182	143	0.933	0.134
6960.000000	182	143	0.939	0.135
6966.000000	182	143	0.945	0.132
6972.000000	182	46	0.948	0.130
6978.000000	182	46	0.952	0.129
6984.000000	182	46	0.952	0.128
6990.000000	182	46	0.951	0.126
6996.000000	182	46	0.950	0.125
7002.000000	182	46	0.947	0.125
7008.000000	182	46	0.941	0.122
7014.000000	182	46	0.935	0.123
7020.000000	182	46	0.931	0.126
7026.000000	182	46	0.931	0.126
7032.000000	182	46	0.931	0.126
7038.000000	182	46	0.930	0.127
7044.000000	182	46	0.930	0.128
7050.000000	182	46	0.931	0.127
7056.000000	182	46	0.928	0.124
7062.000000	182	46	0.926	0.118
7068.000000	182	46	0.925	0.113
7074.000000	182	143	0.923	0.112
7080.000000	182	143	0.921	0.113
7086.000000	182	143	0.922	0.112
7092.000000	182	143	0.923	0.112
7098.000000	182	143	0.923	0.111
7104.000000	182	143	0.923	0.110
7110.000000	182	143	0.922	0.108
7116.000000	182	143	0.921	0.106
7122.000000	182	143	0.921	0.100
7128.000000	182	143	0.921	0.093
7134.000000	182	143	0.919	0.089
7140.000000	182	143	0.917	0.083
7146.000000	182	143	0.916	0.074
7152.000000	182	143	0.914	0.070
7158.000000	182	143	0.914	0.066
7164.000000	182	18	0.915	0.065
7170.000000	182	18	0.913	0.064
7176.000000	182	18	0.911	0.061
7182.000000	182	18	0.910	0.056
7188.000000	182	3	0.908	0.056
7194.000000	182	123	0.905	0.056
7200.000000	182	50	0.901	0.057
7206.000000	182	50	0.899	0.057
7212.000000	182	50	0.895	0.056
7218.000000	182	50	0.889	0.055
7224.000000	182	50	0.879	0.052
7230.000000	182	50	0.869	0.049
7236.000000	182	50	0.857	0.047
7242.000000	182	50	0.838	0.045
7248.000000	182	50	0.818	0.044
7254.000000	182	50	0.798	0.043
7260.000000	182	50	0.772	0.042
7266.000000	182	50	0.736	0.041
7272.000000	182	50	0.678	0.039
7278.000000	182	50	0.574	0.036
7284.000000	182	136	0.358	0.031
7290.000000	182	101	0.049	0.022
7296.000000	101	136	0.016	0.016
7302.000000	136	101	0.013	0.011
7308.000000	136	59	0.010	0.008
