0.000000	125	102	0.000	0.000
6.000000	33	149	0.992	0.035
12.000000	33	35	0.992	0.036
18.000000	33	35	0.992	0.039
24.000000	33	35	0.991	0.043
30.000000	33	35	0.990	0.046
36.000000	33	35	0.989	0.049
42.000000	33	35	0.988	0.052
48.000000	33	35	0.986	0.056
54.000000	33	35	0.985	0.058
60.000000	33	35	0.983	0.060
66.000000	33	35	0.981	0.063
72.000000	33	35	0.979	0.068
78.000000	33	35	0.978	0.076
84.000000	33	35	0.976	0.082
90.000000	33	35	0.973	0.088
96.000000	33	35	0.971	0.094
102.000000	33	35	0.969	0.104
108.000000	33	35	0.966	0.116
114.000000	33	35	0.964	0.129
120.000000	33	35	0.961	0.134
126.000000	33	35	0.958	0.138
132.000000	33	35	0.954	0.144
138.000000	33	35	0.951	0.155
144.000000	33	35	0.947	0.165
150.000000	33	35	0.944	0.170
156.000000	33	35	0.941	0.173
162.000000	33	35	0.937	0.177
168.000000	33	35	0.934	0.181
174.000000	33	35	0.931	0.185
180.000000	33	35	0.928	0.186
186.000000	33	18	0.926	0.190
192.000000	33	18	0.924	0.193
198.000000	33	35	0.918	0.199
204.000000	33	35	0.916	0.202
210.000000	33	18	0.912	0.206
216.000000	33	18	0.906	0.214
222.000000	33	18	0.901	0.219
228.000000	33	18	0.897	0.224
234.000000	33	18	0.893	0.227
240.000000	33	18	0.886	0.232
246.000000	33	18	0.881	0.242
252.000000	33	18	0.877	0.247
258.000000	33	18	0.874	0.249
264.000000	33	18	0.867	0.257
270.000000	33	18	0.858	0.267
276.000000	33	18	0.849	0.273
282.000000	33	82	0.840	0.275
288.000000	33	82	0.828	0.289
294.000000	33	82	0.816	0.304
300.000000	33	82	0.806	0.314
306.000000	33	82	0.791	0.323
312.000000	33	82	0.777	0.339
318.000000	33	82	0.760	0.356
324.000000	33	82	0.736	0.375
330.000000	33	82	0.703	0.398
336.000000	33	82	0.648	0.428
342.000000	33	82	0.585	0.459
348.000000	33	82	0.502	0.486
354.000000	82	18	0.516	0.458
360.000000	82	18	0.555	0.488
366.000000	82	18	0.603	0.528
372.000000	82	18	0.634	0.554
378.000000	82	18	0.659	0.579
384.000000	82	18	0.680	0.595
390.000000	82	18	0.686	0.601
396.000000	82	18	0.689	0.603
402.000000	82	18	0.699	0.600
408.000000	82	18	0.705	0.606
414.000000	82	18	0.713	0.613
420.000000	82	18	0.721	0.615
426.000000	82	18	0.722	0.616
432.000000	82	18	0.731	0.618
438.000000	82	18	0.739	0.623
444.000000	82	18	0.743	0.626
450.000000	82	18	0.748	0.626
456.000000	82	18	0.747	0.630
462.000000	82	18	0.748	0.630
468.000000	82	18	0.752	0.627
474.000000	82	18	0.757	0.622
480.000000	82	18	0.759	0.625
486.000000	82	18	0.761	0.628
492.000000	82	18	0.763	0.628
498.000000	82	18	0.763	0.629
504.000000	82	18	0.765	0.632
510.000000	82	18	0.769	0.633
516.000000	82	18	0.769	0.629
522.000000	82	18	0.773	0.623
528.000000	82	18	0.771	0.630
534.000000	82	18	0.771	0.638
540.000000	82	18	0.776	0.638
546.000000	82	18	0.781	0.634
552.000000	82	18	0.785	0.631
558.000000	82	18	0.789	0.619
564.000000	82	18	0.793	0.613
570.000000	82	18	0.795	0.604
576.000000	82	18	0.798	0.590
582.000000	82	18	0.799	0.574
588.000000	82	18	0.802	0.551
594.000000	82	18	0.807	0.524
600.000000	82	18	0.809	0.495
606.000000	82	18	0.814	0.461
612.000000	82	18	0.821	0.424
618.000000	82	18	0.828	0.368
624.000000	82	18	0.830	0.304
630.000000	82	18	0.830	0.239
636.000000	82	165	0.829	0.215
642.000000	82	165	0.825	0.225
648.000000	82	165	0.825	0.235
654.000000	82	10	0.821	0.254
660.000000	82	10	0.816	0.274
666.000000	82	10	0.812	0.300
672.000000	82	10	0.808	0.318
678.000000	82	10	0.797	0.333
684.000000	82	10	0.786	0.350
690.000000	82	10	0.770	0.375
696.000000	82	10	0.750	0.388
702.000000	82	10	0.724	0.400
708.000000	82	10	0.699	0.416
714.000000	82	10	0.674	0.436
720.000000	82	10	0.638	0.454
726.000000	82	10	0.589	0.479
732.000000	10	82	0.522	0.502
738.000000	10	82	0.569	0.405
744.000000	10	82	0.608	0.307
750.000000	10	165	0.654	0.297
756.000000	10	165	0.703	0.294
762.000000	10	165	0.743	0.290
768.000000	10	165	0.764	0.293
774.000000	10	165	0.784	0.293
780.000000	10	165	0.795	0.288
786.000000	10	165	0.798	0.280
792.000000	10	165	0.803	0.278
798.000000	10	165	0.797	0.273
804.000000	10	165	0.800	0.263
810.000000	10	165	0.802	0.260
816.000000	10	165	0.803	0.264
822.000000	10	165	0.805	0.264
828.000000	10	165	0.813	0.263
834.000000	10	165	0.818	0.260
840.000000	10	165	0.823	0.254
846.000000	10	165	0.831	0.245
852.000000	10	165	0.836	0.239
858.000000	10	165	0.836	0.231
864.000000	10	165	0.835	0.222
870.000000	10	165	0.843	0.206
876.000000	10	165	0.847	0.184
882.000000	10	114	0.846	0.181
888.000000	10	114	0.846	0.182
894.000000	10	114	0.851	0.183
900.000000	10	114	0.857	0.191
906.000000	10	114	0.859	0.199
912.000000	10	114	0.862	0.201
918.000000	10	114	0.866	0.200
924.000000	10	114	0.869	0.197
930.000000	10	114	0.868	0.201
936.000000	10	114	0.865	0.208
942.000000	10	114	0.867	0.212
948.000000	10	114	0.867	0.210
954.000000	10	34	0.865	0.208
960.000000	10	34	0.862	0.214
966.000000	10	34	0.860	0.220
972.000000	10	34	0.859	0.229
978.000000	10	34	0.857	0.239
984.000000	10	34	0.854	0.244
990.000000	10	34	0.850	0.246
996.000000	10	34	0.848	0.250
1002.000000	10	34	0.846	0.260
1008.000000	10	34	0.840	0.275
1014.000000	10	34	0.833	0.290
1020.000000	10	34	0.820	0.301
1026.000000	10	34	0.806	0.305
1032.000000	10	34	0.793	0.304
1038.000000	10	34	0.783	0.308
1044.000000	10	34	0.765	0.314
1050.000000	10	34	0.746	0.316
1056.000000	10	34	0.724	0.321
1062.000000	10	34	0.696	0.324
1068.000000	10	34	0.658	0.321
1074.000000	10	34	0.606	0.330
1080.000000	10	118	0.542	0.351
1086.000000	10	118	0.463	0.370
1092.000000	118	34	0.387	0.374
1098.000000	118	34	0.416	0.395
1104.000000	118	34	0.443	0.410
1110.000000	118	34	0.464	0.420
1116.000000	118	34	0.492	0.416
1122.000000	118	34	0.514	0.407
1128.000000	118	169	0.531	0.415
1134.000000	118	169	0.532	0.433
1140.000000	118	169	0.546	0.443
1146.000000	118	169	0.553	0.457
1152.000000	118	169	0.562	0.464
1158.000000	118	169	0.567	0.471
1164.000000	118	169	0.570	0.479
1170.000000	118	169	0.569	0.483
1176.000000	118	169	0.567	0.492
1182.000000	118	169	0.568	0.500
1188.000000	118	169	0.572	0.502
1194.000000	118	169	0.573	0.498
1200.000000	118	169	0.578	0.501
1206.000000	118	169	0.584	0.508
1212.000000	118	169	0.587	0.518
1218.000000	118	169	0.588	0.531
1224.000000	118	169	0.585	0.534
1230.000000	118	169	0.580	0.539
1236.000000	118	169	0.580	0.546
1242.000000	118	169	0.585	0.555
1248.000000	118	169	0.589	0.564
1254.000000	118	169	0.595	0.572
1260.000000	118	169	0.606	0.573
1266.000000	118	169	0.610	0.584
1272.000000	118	169	0.619	0.586
1278.000000	118	169	0.620	0.588
1284.000000	118	169	0.619	0.591
1290.000000	118	169	0.616	0.594
1296.000000	118	169	0.614	0.589
1302.000000	118	169	0.605	0.592
1308.000000	169	118	0.602	0.596
1314.000000	169	118	0.602	0.590
1320.000000	169	118	0.596	0.581
1326.000000	169	118	0.599	0.568
1332.000000	169	118	0.599	0.558
1338.000000	169	118	0.595	0.549
1344.000000	169	118	0.592	0.532
1350.000000	169	118	0.583	0.517
1356.000000	169	118	0.572	0.496
1362.000000	169	125	0.564	0.484
1368.000000	169	125	0.552	0.505
1374.000000	169	125	0.539	0.526
1380.000000	125	169	0.548	0.531
1386.000000	125	169	0.572	0.519
1392.000000	125	169	0.600	0.499
1398.000000	125	169	0.622	0.486
1404.000000	125	169	0.644	0.470
1410.000000	125	169	0.672	0.435
1416.000000	125	169	0.708	0.392
1422.000000	125	169	0.737	0.347
1428.000000	125	169	0.767	0.296
1434.000000	125	169	0.782	0.248
1440.000000	125	169	0.803	0.200
1446.000000	125	169	0.823	0.161
1452.000000	125	27	0.835	0.162
1458.000000	125	27	0.847	0.163
1464.000000	125	27	0.860	0.162
1470.000000	125	27	0.867	0.167
1476.000000	125	27	0.869	0.173
1482.000000	125	27	0.870	0.176
1488.000000	125	27	0.872	0.184
1494.000000	125	27	0.878	0.196
1500.000000	125	27	0.881	0.206
1506.000000	125	27	0.884	0.215
1512.000000	125	27	0.883	0.222
1518.000000	125	27	0.882	0.227
1524.000000	125	27	0.876	0.235
1530.000000	125	27	0.869	0.237
1536.000000	125	27	0.861	0.240
1542.000000	125	27	0.854	0.246
1548.000000	125	27	0.849	0.251
1554.000000	125	27	0.846	0.255
1560.000000	125	27	0.841	0.257
1566.000000	125	27	0.835	0.261
1572.000000	125	189	0.831	0.269
1578.000000	125	189	0.828	0.275
1584.000000	125	189	0.823	0.276
1590.000000	125	189	0.817	0.283
1596.000000	125	189	0.813	0.297
1602.000000	125	189	0.808	0.314
1608.000000	125	189	0.802	0.326
1614.000000	125	189	0.798	0.333
1620.000000	125	189	0.795	0.341
1626.000000	125	189	0.788	0.353
1632.000000	125	189	0.780	0.366
1638.000000	125	189	0.768	0.380
1644.000000	125	189	0.754	0.388
1650.000000	125	189	0.738	0.403
1656.000000	125	189	0.722	0.431
1662.000000	125	189	0.707	0.455
1668.000000	125	189	0.684	0.473
1674.000000	125	189	0.651	0.495
1680.000000	125	189	0.602	0.534
1686.000000	189	125	0.576	0.548
1692.000000	189	125	0.624	0.454
1698.000000	189	191	0.657	0.340
1704.000000	189	191	0.710	0.350
1710.000000	189	191	0.771	0.356
1716.000000	189	191	0.810	0.354
1722.000000	189	191	0.832	0.360
1728.000000	189	191	0.837	0.367
1734.000000	189	191	0.836	0.372
1740.000000	189	191	0.836	0.382
1746.000000	189	191	0.834	0.390
1752.000000	189	191	0.835	0.392
1758.000000	189	191	0.839	0.399
1764.000000	189	191	0.846	0.401
1770.000000	189	191	0.848	0.410
1776.000000	189	191	0.853	0.417
1782.000000	189	191	0.861	0.422
1788.000000	189	191	0.862	0.429
1794.000000	189	191	0.867	0.431
1800.000000	189	191	0.867	0.438
1806.000000	189	191	0.867	0.443
1812.000000	189	191	0.873	0.446
1818.000000	189	191	0.878	0.446
1824.000000	189	191	0.881	0.447
1830.000000	189	191	0.888	0.448
1836.000000	189	191	0.894	0.451
1842.000000	189	191	0.898	0.452
1848.000000	189	191	0.899	0.449
1854.000000	189	191	0.900	0.447
1860.000000	189	191	0.902	0.446
1866.000000	189	191	0.908	0.441
1872.000000	189	191	0.911	0.433
1878.000000	189	191	0.912	0.426
1884.000000	189	191	0.913	0.417
1890.000000	189	191	0.915	0.407
1896.000000	189	191	0.913	0.402
1902.000000	189	191	0.915	0.391
1908.000000	189	191	0.915	0.379
1914.000000	189	191	0.913	0.360
1920.000000	189	191	0.911	0.330
1926.000000	189	191	0.915	0.288
1932.000000	189	191	0.916	0.253
1938.000000	189	191	0.913	0.215
1944.000000	189	151	0.913	0.166
1950.000000	189	151	0.916	0.170
1956.000000	189	151	0.918	0.170
1962.000000	189	151	0.915	0.169
1968.000000	189	151	0.910	0.174
1974.000000	189	151	0.906	0.184
1980.000000	189	151	0.902	0.191
1986.000000	189	151	0.896	0.197
1992.000000	189	151	0.890	0.203
1998.000000	189	151	0.884	0.208
2004.000000	189	151	0.877	0.213
2010.000000	189	151	0.866	0.221
2016.000000	189	151	0.850	0.239
2022.000000	189	151	0.836	0.254
2028.000000	189	151	0.818	0.267
2034.000000	189	151	0.802	0.282
2040.000000	189	151	0.778	0.298
2046.000000	189	151	0.741	0.315
2052.000000	189	151	0.691	0.337
2058.000000	189	151	0.637	0.362
2064.000000	189	151	0.578	0.394
2070.000000	189	151	0.506	0.434
2076.000000	151	189	0.487	0.383
2082.000000	151	168	0.557	0.263
2088.000000	151	168	0.628	0.295
2094.000000	151	168	0.684	0.310
2100.000000	151	120	0.719	0.343
2106.000000	151	120	0.738	0.379
2112.000000	151	120	0.751	0.415
2118.000000	151	120	0.762	0.446
2124.000000	151	120	0.774	0.477
2130.000000	151	120	0.782	0.496
2136.000000	151	120	0.792	0.509
2142.000000	151	120	0.798	0.519
2148.000000	151	120	0.798	0.528
2154.000000	151	120	0.796	0.538
2160.000000	151	120	0.793	0.545
2166.000000	151	120	0.790	0.552
2172.000000	151	120	0.791	0.554
2178.000000	151	120	0.789	0.556
2184.000000	151	120	0.787	0.559
2190.000000	151	120	0.785	0.559
2196.000000	151	120	0.781	0.563
2202.000000	151	120	0.782	0.566
2208.000000	151	120	0.784	0.571
2214.000000	151	120	0.785	0.577
2220.000000	151	120	0.782	0.585
2226.000000	151	120	0.779	0.591
2232.000000	151	120	0.774	0.600
2238.000000	151	120	0.776	0.607
2244.000000	151	120	0.782	0.606
2250.000000	151	120	0.783	0.597
2256.000000	151	120	0.780	0.592
2262.000000	151	120	0.779	0.598
2268.000000	151	120	0.780	0.601
2274.000000	151	120	0.780	0.602
2280.000000	151	120	0.780	0.603
2286.000000	151	120	0.783	0.608
2292.000000	151	120	0.787	0.613
2298.000000	151	120	0.788	0.618
2304.000000	151	120	0.791	0.618
2310.000000	151	120	0.798	0.611
2316.000000	151	120	0.805	0.597
2322.000000	151	120	0.810	0.583
2328.000000	151	120	0.809	0.572
2334.000000	151	120	0.807	0.549
2340.000000	151	120	0.810	0.517
2346.000000	151	120	0.819	0.478
2352.000000	151	120	0.828	0.427
2358.000000	151	120	0.829	0.370
2364.000000	151	120	0.829	0.305
2370.000000	151	72	0.838	0.288
2376.000000	151	72	0.849	0.309
2382.000000	151	72	0.855	0.336
2388.000000	151	72	0.854	0.375
2394.000000	151	72	0.850	0.427
2400.000000	151	72	0.846	0.483
2406.000000	151	72	0.842	0.527
2412.000000	151	72	0.833	0.575
2418.000000	151	72	0.820	0.614
2424.000000	151	72	0.799	0.644
2430.000000	151	72	0.776	0.670
2436.000000	151	72	0.749	0.698
2442.000000	72	151	0.735	0.712
2448.000000	72	151	0.760	0.671
2454.000000	72	151	0.778	0.621
2460.000000	72	151	0.794	0.552
2466.000000	72	151	0.818	0.443
2472.000000	72	151	0.844	0.325
2478.000000	72	151	0.877	0.167
2484.000000	72	145	0.902	0.146
2490.000000	72	145	0.915	0.153
2496.000000	72	145	0.921	0.166
2502.000000	72	145	0.921	0.184
2508.000000	72	145	0.927	0.195
2514.000000	72	145	0.931	0.203
2520.000000	72	145	0.935	0.215
2526.000000	72	145	0.935	0.235
2532.000000	72	145	0.935	0.250
2538.000000	72	145	0.934	0.262
2544.000000	72	145	0.936	0.270
2550.000000	72	145	0.938	0.278
2556.000000	72	145	0.936	0.288
2562.000000	72	145	0.933	0.301
2568.000000	72	145	0.927	0.312
2574.000000	72	145	0.922	0.325
2580.000000	72	145	0.917	0.343
2586.000000	72	145	0.913	0.370
2592.000000	72	145	0.911	0.396
2598.000000	72	145	0.908	0.417
2604.000000	72	145	0.909	0.444
2610.000000	72	145	0.906	0.471
2616.000000	72	145	0.902	0.492
2622.000000	72	145	0.894	0.517
2628.000000	72	145	0.891	0.532
2634.000000	72	145	0.886	0.548
2640.000000	72	145	0.877	0.568
2646.000000	72	145	0.869	0.588
2652.000000	72	145	0.862	0.611
2658.000000	72	145	0.847	0.648
2664.000000	72	145	0.836	0.678
2670.000000	72	145	0.823	0.697
2676.000000	72	145	0.803	0.716
2682.000000	72	145	0.774	0.738
2688.000000	145	72	0.767	0.738
2694.000000	145	72	0.797	0.698
2700.000000	145	72	0.821	0.649
2706.000000	145	72	0.841	0.588
2712.000000	145	72	0.865	0.513
2718.000000	145	72	0.887	0.412
2724.000000	145	72	0.903	0.268
2730.000000	145	20	0.917	0.173
2736.000000	145	20	0.928	0.174
2742.000000	145	20	0.935	0.175
2748.000000	145	20	0.940	0.175
2754.000000	145	20	0.942	0.170
2760.000000	145	20	0.942	0.162
2766.000000	145	20	0.940	0.148
2772.000000	145	80	0.941	0.147
2778.000000	145	80	0.939	0.158
2784.000000	145	80	0.937	0.161
2790.000000	145	80	0.932	0.164
2796.000000	145	80	0.928	0.168
2802.000000	145	80	0.926	0.172
2808.000000	145	80	0.925	0.170
2814.000000	145	80	0.923	0.171
2820.000000	145	80	0.921	0.172
2826.000000	145	187	0.918	0.184
2832.000000	145	187	0.915	0.197
2838.000000	145	187	0.911	0.208
2844.000000	145	187	0.907	0.216
2850.000000	145	187	0.906	0.225
2856.000000	145	187	0.905	0.235
2862.000000	145	187	0.903	0.243
2868.000000	145	187	0.902	0.253
2874.000000	145	187	0.901	0.264
2880.000000	145	187	0.900	0.271
2886.000000	145	187	0.897	0.279
2892.000000	145	187	0.893	0.287
2898.000000	145	187	0.890	0.303
2904.000000	145	187	0.887	0.314
2910.000000	145	187	0.882	0.321
2916.000000	145	187	0.876	0.331
2922.000000	145	187	0.868	0.348
2928.000000	145	187	0.860	0.370
2934.000000	145	187	0.852	0.384
2940.000000	145	187	0.841	0.400
2946.000000	145	187	0.820	0.427
2952.000000	145	187	0.791	0.463
2958.000000	145	187	0.764	0.493
2964.000000	145	187	0.737	0.519
2970.000000	145	187	0.699	0.546
2976.000000	145	187	0.646	0.580
2982.000000	187	145	0.627	0.559
2988.000000	187	145	0.678	0.446
2994.000000	187	12	0.747	0.302
3000.000000	187	12	0.811	0.331
3006.000000	187	12	0.855	0.359
3012.000000	187	12	0.868	0.401
3018.000000	187	12	0.881	0.442
3024.000000	187	12	0.888	0.474
3030.000000	187	12	0.896	0.494
3036.000000	187	12	0.901	0.513
3042.000000	187	12	0.906	0.528
3048.000000	187	12	0.908	0.539
3054.000000	187	12	0.906	0.555
3060.000000	187	12	0.901	0.568
3066.000000	187	12	0.893	0.585
3072.000000	187	12	0.887	0.602
3078.000000	187	12	0.878	0.614
3084.000000	187	12	0.875	0.620
3090.000000	187	12	0.872	0.622
3096.000000	187	12	0.865	0.630
3102.000000	187	12	0.859	0.637
3108.000000	187	12	0.858	0.639
3114.000000	187	12	0.855	0.642
3120.000000	187	12	0.849	0.649
3126.000000	187	12	0.840	0.655
3132.000000	187	12	0.836	0.658
3138.000000	187	12	0.831	0.663
3144.000000	187	12	0.827	0.675
3150.000000	187	12	0.821	0.681
3156.000000	187	12	0.816	0.685
3162.000000	187	12	0.808	0.691
3168.000000	187	12	0.797	0.703
3174.000000	187	12	0.793	0.711
3180.000000	187	12	0.790	0.718
3186.000000	187	12	0.788	0.727
3192.000000	187	12	0.785	0.735
3198.000000	187	12	0.780	0.744
3204.000000	187	12	0.766	0.755
3210.000000	12	187	0.768	0.754
3216.000000	12	187	0.778	0.744
3222.000000	12	187	0.785	0.729
3228.000000	12	187	0.793	0.710
3234.000000	12	187	0.798	0.690
3240.000000	12	187	0.801	0.663
3246.000000	12	187	0.811	0.625
3252.000000	12	187	0.827	0.567
3258.000000	12	187	0.845	0.495
3264.000000	12	187	0.868	0.379
3270.000000	12	187	0.896	0.220
3276.000000	12	167	0.916	0.181
3282.000000	12	167	0.930	0.174
3288.000000	12	167	0.937	0.176
3294.000000	12	167	0.938	0.182
3300.000000	12	167	0.936	0.192
3306.000000	12	167	0.937	0.197
3312.000000	12	167	0.936	0.199
3318.000000	12	167	0.937	0.199
3324.000000	12	167	0.939	0.201
3330.000000	12	167	0.938	0.201
3336.000000	12	167	0.938	0.202
3342.000000	12	167	0.935	0.203
3348.000000	12	82	0.931	0.205
3354.000000	12	82	0.926	0.215
3360.000000	12	82	0.922	0.232
3366.000000	12	82	0.918	0.248
3372.000000	12	82	0.912	0.262
3378.000000	12	82	0.907	0.283
3384.000000	12	82	0.902	0.310
3390.000000	12	82	0.890	0.336
3396.000000	12	82	0.877	0.370
3402.000000	12	82	0.857	0.415
3408.000000	12	82	0.843	0.453
3414.000000	12	82	0.818	0.495
3420.000000	12	82	0.794	0.519
3426.000000	12	82	0.767	0.543
3432.000000	12	82	0.724	0.576
3438.000000	12	82	0.663	0.622
3444.000000	82	12	0.667	0.589
3450.000000	82	12	0.708	0.487
3456.000000	82	12	0.753	0.341
3462.000000	82	12	0.797	0.184
3468.000000	82	18	0.843	0.191
3474.000000	82	18	0.864	0.196
3480.000000	82	18	0.874	0.206
3486.000000	82	18	0.879	0.216
3492.000000	82	18	0.895	0.225
3498.000000	82	18	0.904	0.238
3504.000000	82	18	0.905	0.253
3510.000000	82	18	0.906	0.268
3516.000000	82	18	0.910	0.282
3522.000000	82	18	0.910	0.302
3528.000000	82	18	0.910	0.321
3534.000000	82	18	0.908	0.333
3540.000000	82	18	0.906	0.340
3546.000000	82	18	0.905	0.348
3552.000000	82	18	0.904	0.359
3558.000000	82	18	0.901	0.375
3564.000000	82	18	0.894	0.389
3570.000000	82	18	0.891	0.395
3576.000000	82	18	0.890	0.395
3582.000000	82	18	0.891	0.394
3588.000000	82	18	0.887	0.397
3594.000000	82	18	0.885	0.401
3600.000000	82	18	0.885	0.407
3606.000000	82	18	0.885	0.411
3612.000000	82	18	0.886	0.422
3618.000000	82	18	0.888	0.439
3624.000000	82	18	0.889	0.462
3630.000000	82	18	0.888	0.486
3636.000000	82	18	0.886	0.503
3642.000000	82	18	0.880	0.515
3648.000000	82	18	0.875	0.529
3654.000000	82	18	0.872	0.540
3660.000000	82	18	0.868	0.548
3666.000000	82	18	0.861	0.556
3672.000000	82	18	0.854	0.564
3678.000000	82	18	0.849	0.574
3684.000000	82	18	0.843	0.586
3690.000000	82	18	0.838	0.592
3696.000000	82	18	0.828	0.602
3702.000000	82	18	0.812	0.617
3708.000000	82	18	0.792	0.639
3714.000000	82	18	0.782	0.655
3720.000000	82	18	0.763	0.677
3726.000000	82	18	0.730	0.709
3732.000000	18	82	0.734	0.697
3738.000000	18	82	0.770	0.658
3744.000000	18	82	0.810	0.591
3750.000000	18	82	0.846	0.495
3756.000000	18	82	0.879	0.355
3762.000000	18	82	0.909	0.194
3768.000000	18	121	0.935	0.100
3774.000000	18	121	0.949	0.096
3780.000000	18	121	0.956	0.095
3786.000000	18	121	0.957	0.094
3792.000000	18	121	0.955	0.094
3798.000000	18	17	0.952	0.101
3804.000000	18	17	0.946	0.110
3810.000000	18	17	0.941	0.117
3816.000000	18	17	0.938	0.122
3822.000000	18	17	0.935	0.127
3828.000000	18	17	0.931	0.134
3834.000000	18	17	0.928	0.134
3840.000000	18	17	0.926	0.135
3846.000000	18	67	0.924	0.142
3852.000000	18	67	0.921	0.152
3858.000000	18	67	0.919	0.163
3864.000000	18	67	0.916	0.175
3870.000000	18	67	0.912	0.185
3876.000000	18	67	0.908	0.194
3882.000000	18	67	0.902	0.200
3888.000000	18	67	0.897	0.207
3894.000000	18	67	0.891	0.221
3900.000000	18	67	0.883	0.234
3906.000000	18	67	0.875	0.242
3912.000000	18	67	0.871	0.254
3918.000000	18	67	0.862	0.272
3924.000000	18	67	0.856	0.289
3930.000000	18	67	0.849	0.310
3936.000000	18	67	0.838	0.336
3942.000000	18	67	0.825	0.365
3948.000000	18	67	0.807	0.393
3954.000000	18	67	0.786	0.422
3960.000000	18	67	0.765	0.448
3966.000000	18	67	0.747	0.468
3972.000000	18	67	0.724	0.489
3978.000000	18	67	0.683	0.509
3984.000000	18	67	0.625	0.528
3990.000000	18	67	0.564	0.553
3996.000000	67	18	0.586	0.493
4002.000000	67	18	0.628	0.398
4008.000000	67	18	0.668	0.270
4014.000000	67	190	0.718	0.261
4020.000000	67	190	0.765	0.261
4026.000000	67	190	0.787	0.261
4032.000000	67	190	0.800	0.266
4038.000000	67	190	0.805	0.282
4044.000000	67	190	0.813	0.290
4050.000000	67	190	0.830	0.288
4056.000000	67	190	0.840	0.281
4062.000000	67	190	0.849	0.269
4068.000000	67	190	0.852	0.267
4074.000000	67	190	0.857	0.264
4080.000000	67	190	0.862	0.258
4086.000000	67	190	0.867	0.255
4092.000000	67	190	0.874	0.250
4098.000000	67	190	0.875	0.247
4104.000000	67	190	0.876	0.242
4110.000000	67	190	0.877	0.232
4116.000000	67	190	0.880	0.219
4122.000000	67	190	0.880	0.209
4128.000000	67	190	0.885	0.198
4134.000000	67	190	0.887	0.183
4140.000000	67	66	0.890	0.178
4146.000000	67	182	0.892	0.178
4152.000000	67	182	0.891	0.182
4158.000000	67	182	0.892	0.186
4164.000000	67	182	0.897	0.194
4170.000000	67	182	0.902	0.203
4176.000000	67	182	0.904	0.203
4182.000000	67	182	0.904	0.197
4188.000000	67	182	0.904	0.191
4194.000000	67	182	0.907	0.182
4200.000000	67	71	0.909	0.171
4206.000000	67	71	0.910	0.178
4212.000000	67	71	0.914	0.189
4218.000000	67	71	0.919	0.202
4224.000000	67	71	0.918	0.218
4230.000000	67	71	0.918	0.237
4236.000000	67	71	0.921	0.264
4242.000000	67	71	0.924	0.300
4248.000000	67	71	0.925	0.323
4254.000000	67	71	0.923	0.352
4260.000000	67	71	0.921	0.387
4266.000000	67	71	0.917	0.429
4272.000000	67	71	0.914	0.476
4278.000000	67	71	0.911	0.518
4284.000000	67	71	0.905	0.554
4290.000000	67	71	0.901	0.584
4296.000000	67	71	0.895	0.618
4302.000000	67	71	0.885	0.654
4308.000000	67	71	0.872	0.682
4314.000000	67	71	0.851	0.721
4320.000000	67	71	0.828	0.751
4326.000000	67	71	0.807	0.777
4332.000000	71	67	0.806	0.764
4338.000000	71	67	0.817	0.722
4344.000000	71	67	0.840	0.653
4350.000000	71	67	0.863	0.561
4356.000000	71	67	0.895	0.429
4362.000000	71	67	0.919	0.265
4368.000000	71	104	0.942	0.093
4374.000000	71	104	0.952	0.095
4380.000000	71	126	0.961	0.095
4386.000000	71	126	0.963	0.099
4392.000000	71	126	0.967	0.104
4398.000000	71	126	0.966	0.113
4404.000000	71	126	0.965	0.119
4410.000000	71	126	0.964	0.123
4416.000000	71	126	0.963	0.129
4422.000000	71	126	0.962	0.138
4428.000000	71	126	0.961	0.149
4434.000000	71	126	0.960	0.162
4440.000000	71	126	0.959	0.173
4446.000000	71	126	0.959	0.183
4452.000000	71	126	0.959	0.198
4458.000000	71	126	0.958	0.210
4464.000000	71	126	0.957	0.218
4470.000000	71	126	0.955	0.226
4476.000000	71	126	0.954	0.232
4482.000000	71	126	0.953	0.239
4488.000000	71	126	0.952	0.245
4494.000000	71	126	0.951	0.253
4500.000000	71	126	0.950	0.264
4506.000000	71	126	0.948	0.280
4512.000000	71	126	0.945	0.297
4518.000000	71	126	0.940	0.316
4524.000000	71	126	0.936	0.334
4530.000000	71	126	0.933	0.355
4536.000000	71	126	0.929	0.390
4542.000000	71	126	0.924	0.424
4548.000000	71	126	0.917	0.459
4554.000000	71	126	0.910	0.495
4560.000000	71	126	0.904	0.533
4566.000000	71	126	0.893	0.567
4572.000000	71	126	0.882	0.591
4578.000000	71	126	0.864	0.620
4584.000000	71	126	0.849	0.648
4590.000000	71	126	0.833	0.677
4596.000000	71	126	0.813	0.713
4602.000000	71	126	0.777	0.750
4608.000000	126	71	0.776	0.740
4614.000000	126	71	0.791	0.689
4620.000000	126	71	0.799	0.624
4626.000000	126	71	0.818	0.532
4632.000000	126	71	0.848	0.394
4638.000000	126	71	0.878	0.237
4644.000000	126	133	0.900	0.181
4650.000000	126	133	0.908	0.182
4656.000000	126	133	0.916	0.178
4662.000000	126	133	0.919	0.170
4668.000000	126	133	0.917	0.164
4674.000000	126	37	0.916	0.165
4680.000000	126	37	0.910	0.175
4686.000000	126	37	0.905	0.180
4692.000000	126	37	0.901	0.189
4698.000000	126	37	0.902	0.197
4704.000000	126	37	0.902	0.205
4710.000000	126	37	0.900	0.214
4716.000000	126	37	0.900	0.216
4722.000000	126	37	0.900	0.220
4728.000000	126	37	0.899	0.222
4734.000000	126	37	0.898	0.224
4740.000000	126	37	0.900	0.225
4746.000000	126	37	0.900	0.222
4752.000000	126	37	0.898	0.220
4758.000000	126	37	0.898	0.219
4764.000000	126	37	0.895	0.216
4770.000000	126	132	0.890	0.214
4776.000000	126	132	0.885	0.219
4782.000000	126	132	0.879	0.225
4788.000000	126	132	0.876	0.229
4794.000000	126	132	0.872	0.232
4800.000000	126	132	0.869	0.241
4806.000000	126	132	0.865	0.252
4812.000000	126	132	0.859	0.258
4818.000000	126	132	0.854	0.264
4824.000000	126	132	0.852	0.273
4830.000000	126	132	0.851	0.279
4836.000000	126	132	0.847	0.290
4842.000000	126	132	0.839	0.299
4848.000000	126	132	0.831	0.309
4854.000000	126	132	0.824	0.316
4860.000000	126	132	0.814	0.330
4866.000000	126	132	0.801	0.347
4872.000000	126	132	0.791	0.352
4878.000000	126	132	0.778	0.362
4884.000000	126	132	0.757	0.389
4890.000000	126	132	0.735	0.417
4896.000000	126	132	0.701	0.441
4902.000000	126	132	0.658	0.468
4908.000000	126	132	0.593	0.495
4914.000000	132	126	0.533	0.497
4920.000000	132	126	0.584	0.349
4926.000000	132	90	0.657	0.344
4932.000000	132	90	0.714	0.348
4938.000000	132	90	0.741	0.357
4944.000000	132	90	0.768	0.361
4950.000000	132	90	0.777	0.361
4956.000000	132	90	0.789	0.355
4962.000000	132	90	0.796	0.356
4968.000000	132	90	0.804	0.355
4974.000000	132	90	0.814	0.354
4980.000000	132	90	0.822	0.351
4986.000000	132	90	0.831	0.347
4992.000000	132	90	0.833	0.342
4998.000000	132	90	0.834	0.334
5004.000000	132	90	0.834	0.328
5010.000000	132	90	0.837	0.321
5016.000000	132	90	0.841	0.313
5022.000000	132	90	0.843	0.302
5028.000000	132	90	0.843	0.287
5034.000000	132	90	0.846	0.269
5040.000000	132	90	0.848	0.248
5046.000000	132	90	0.851	0.229
5052.000000	132	90	0.853	0.204
5058.000000	132	18	0.856	0.188
5064.000000	132	18	0.856	0.190
5070.000000	132	18	0.862	0.190
5076.000000	132	18	0.866	0.198
5082.000000	132	18	0.867	0.201
5088.000000	132	18	0.872	0.203
5094.000000	132	18	0.875	0.202
5100.000000	132	36	0.875	0.205
5106.000000	132	36	0.874	0.211
5112.000000	132	36	0.873	0.213
5118.000000	132	36	0.871	0.214
5124.000000	132	36	0.867	0.213
5130.000000	132	36	0.865	0.209
5136.000000	132	36	0.864	0.205
5142.000000	132	36	0.862	0.201
5148.000000	132	51	0.861	0.202
5154.000000	132	51	0.861	0.206
5160.000000	132	51	0.862	0.214
5166.000000	132	51	0.861	0.218
5172.000000	132	51	0.859	0.218
5178.000000	132	51	0.854	0.219
5184.000000	132	45	0.847	0.231
5190.000000	132	45	0.843	0.244
5196.000000	132	45	0.841	0.257
5202.000000	132	45	0.837	0.278
5208.000000	132	45	0.834	0.295
5214.000000	132	45	0.830	0.313
5220.000000	132	45	0.826	0.338
5226.000000	132	45	0.814	0.365
5232.000000	132	45	0.799	0.388
5238.000000	132	45	0.777	0.420
5244.000000	132	45	0.753	0.451
5250.000000	132	45	0.722	0.483
5256.000000	132	45	0.679	0.520
5262.000000	132	45	0.611	0.573
5268.000000	45	132	0.625	0.528
5274.000000	45	132	0.689	0.401
5280.000000	45	102	0.750	0.328
5286.000000	45	102	0.803	0.343
5292.000000	45	102	0.821	0.360
5298.000000	45	102	0.842	0.367
5304.000000	45	102	0.867	0.373
5310.000000	45	102	0.877	0.382
5316.000000	45	102	0.884	0.385
5322.000000	45	102	0.894	0.385
5328.000000	45	102	0.900	0.379
5334.000000	45	102	0.901	0.378
5340.000000	45	102	0.903	0.374
5346.000000	45	102	0.905	0.370
5352.000000	45	102	0.906	0.365
5358.000000	45	102	0.909	0.358
5364.000000	45	102	0.915	0.353
5370.000000	45	35	0.919	0.356
5376.000000	45	35	0.920	0.365
5382.000000	45	35	0.921	0.374
5388.000000	45	35	0.921	0.384
5394.000000	45	35	0.920	0.399
5400.000000	45	35	0.923	0.412
5406.000000	45	35	0.924	0.423
5412.000000	45	35	0.926	0.436
5418.000000	45	35	0.929	0.447
5424.000000	45	35	0.929	0.458
5430.000000	45	35	0.930	0.469
5436.000000	45	35	0.931	0.477
5442.000000	45	35	0.931	0.483
5448.000000	45	35	0.931	0.488
5454.000000	45	35	0.929	0.496
5460.000000	45	35	0.925	0.512
5466.000000	45	35	0.925	0.523
5472.000000	45	35	0.924	0.535
5478.000000	45	35	0.922	0.549
5484.000000	45	35	0.919	0.561
5490.000000	45	35	0.916	0.568
5496.000000	45	35	0.910	0.578
5502.000000	45	35	0.904	0.592
5508.000000	45	35	0.897	0.608
5514.000000	45	35	0.889	0.627
5520.000000	45	35	0.878	0.643
5526.000000	45	35	0.869	0.655
5532.000000	45	35	0.855	0.671
5538.000000	45	35	0.829	0.689
5544.000000	45	35	0.792	0.711
5550.000000	45	35	0.760	0.732
5556.000000	35	45	0.746	0.741
5562.000000	35	45	0.768	0.706
5568.000000	35	45	0.793	0.656
5574.000000	35	45	0.817	0.586
5580.000000	35	45	0.861	0.464
5586.000000	35	45	0.903	0.277
5592.000000	35	45	0.934	0.114
5598.000000	35	24	0.956	0.081
5604.000000	35	24	0.965	0.070
5610.000000	35	159	0.965	0.067
5616.000000	35	10	0.962	0.069
5622.000000	35	10	0.959	0.072
5628.000000	35	33	0.956	0.071
5634.000000	35	139	0.952	0.074
5640.000000	35	139	0.949	0.080
5646.000000	35	139	0.947	0.084
5652.000000	35	139	0.945	0.088
5658.000000	35	139	0.948	0.094
5664.000000	35	139	0.947	0.102
5670.000000	35	139	0.943	0.108
5676.000000	35	139	0.939	0.112
5682.000000	35	139	0.936	0.118
5688.000000	35	139	0.935	0.126
5694.000000	35	139	0.933	0.132
5700.000000	35	139	0.930	0.138
5706.000000	35	139	0.926	0.142
5712.000000	35	139	0.923	0.149
5718.000000	35	139	0.921	0.154
5724.000000	35	160	0.920	0.162
5730.000000	35	160	0.918	0.172
5736.000000	35	160	0.916	0.180
5742.000000	35	160	0.913	0.189
5748.000000	35	160	0.907	0.201
5754.000000	35	160	0.902	0.211
5760.000000	35	160	0.897	0.223
5766.000000	35	160	0.891	0.241
5772.000000	35	160	0.882	0.252
5778.000000	35	160	0.871	0.263
5784.000000	35	160	0.863	0.268
5790.000000	35	160	0.854	0.271
5796.000000	35	160	0.841	0.279
5802.000000	35	160	0.825	0.287
5808.000000	35	160	0.810	0.292
5814.000000	35	167	0.785	0.301
5820.000000	35	167	0.755	0.313
5826.000000	35	167	0.719	0.327
5832.000000	35	167	0.666	0.344
5838.000000	35	167	0.597	0.367
5844.000000	35	167	0.507	0.397
5850.000000	167	160	0.426	0.417
5856.000000	167	160	0.470	0.460
5862.000000	167	160	0.525	0.513
5868.000000	167	160	0.572	0.568
5874.000000	167	160	0.609	0.603
5880.000000	167	160	0.633	0.629
5886.000000	167	160	0.652	0.648
5892.000000	160	167	0.676	0.663
5898.000000	160	167	0.703	0.676
5904.000000	160	167	0.710	0.689
5910.000000	160	167	0.714	0.697
5916.000000	160	167	0.722	0.706
5922.000000	160	167	0.728	0.716
5928.000000	160	167	0.736	0.727
5934.000000	160	167	0.740	0.733
5940.000000	160	167	0.747	0.734
5946.000000	160	167	0.761	0.733
5952.000000	160	167	0.767	0.739
5958.000000	160	167	0.767	0.746
5964.000000	160	167	0.768	0.751
5970.000000	160	167	0.773	0.752
5976.000000	160	167	0.775	0.757
5982.000000	160	167	0.776	0.761
5988.000000	160	167	0.774	0.769
5994.000000	160	167	0.776	0.772
6000.000000	160	167	0.780	0.769
6006.000000	160	167	0.785	0.770
6012.000000	160	167	0.784	0.771
6018.000000	160	167	0.777	0.772
6024.000000	160	167	0.778	0.770
6030.000000	160	167	0.778	0.772
6036.000000	160	167	0.780	0.771
6042.000000	160	167	0.779	0.769
6048.000000	160	167	0.780	0.766
6054.000000	160	167	0.783	0.763
6060.000000	160	167	0.789	0.756
6066.000000	160	167	0.791	0.751
6072.000000	160	167	0.789	0.749
6078.000000	160	167	0.789	0.744
6084.000000	160	167	0.789	0.738
6090.000000	160	167	0.783	0.737
6096.000000	160	167	0.777	0.731
6102.000000	160	167	0.769	0.723
6108.000000	160	167	0.759	0.715
6114.000000	160	167	0.755	0.705
6120.000000	160	167	0.747	0.697
6126.000000	160	167	0.741	0.684
6132.000000	160	167	0.736	0.673
6138.000000	160	167	0.726	0.657
6144.000000	160	167	0.715	0.635
6150.000000	160	167	0.703	0.611
6156.000000	160	167	0.690	0.579
6162.000000	160	167	0.673	0.529
6168.000000	160	167	0.650	0.458
6174.000000	160	167	0.620	0.356
6180.000000	160	167	0.590	0.243
6186.000000	160	113	0.544	0.165
6192.000000	160	113	0.477	0.171
6198.000000	160	113	0.399	0.174
6204.000000	160	113	0.292	0.185
6210.000000	113	160	0.202	0.175
6216.000000	113	104	0.216	0.147
6222.000000	113	104	0.250	0.160
6228.000000	113	117	0.297	0.173
6234.000000	113	117	0.350	0.195
6240.000000	113	117	0.407	0.219
6246.000000	113	117	0.456	0.249
6252.000000	113	117	0.502	0.273
6258.000000	113	117	0.539	0.293
6264.000000	113	117	0.573	0.299
6270.000000	113	117	0.603	0.301
6276.000000	113	117	0.629	0.311
6282.000000	113	117	0.649	0.324
6288.000000	113	117	0.665	0.330
6294.000000	113	117	0.674	0.337
6300.000000	113	117	0.683	0.347
6306.000000	113	117	0.690	0.353
6312.000000	113	117	0.700	0.353
6318.000000	113	117	0.706	0.357
6324.000000	113	117	0.715	0.366
6330.000000	113	117	0.725	0.372
6336.000000	113	117	0.738	0.379
6342.000000	113	117	0.748	0.387
6348.000000	113	117	0.756	0.388
6354.000000	113	117	0.765	0.383
6360.000000	113	117	0.771	0.383
6366.000000	113	117	0.777	0.393
6372.000000	113	117	0.781	0.405
6378.000000	113	117	0.792	0.421
6384.000000	113	117	0.799	0.431
6390.000000	113	117	0.804	0.436
6396.000000	113	117	0.813	0.448
6402.000000	113	117	0.824	0.464
6408.000000	113	117	0.827	0.475
6414.000000	113	117	0.827	0.486
6420.000000	113	117	0.831	0.485
6426.000000	113	117	0.832	0.481
6432.000000	113	117	0.835	0.479
6438.000000	113	117	0.844	0.478
6444.000000	113	117	0.857	0.469
6450.000000	113	117	0.866	0.466
6456.000000	113	117	0.868	0.468
6462.000000	113	117	0.869	0.472
6468.000000	113	117	0.869	0.472
6474.000000	113	117	0.868	0.473
6480.000000	113	117	0.869	0.475
6486.000000	113	117	0.871	0.472
6492.000000	113	117	0.874	0.469
6498.000000	113	117	0.871	0.462
6504.000000	113	117	0.866	0.454
6510.000000	113	117	0.860	0.444
6516.000000	113	117	0.858	0.426
6522.000000	113	117	0.861	0.407
6528.000000	113	117	0.859	0.389
6534.000000	113	117	0.858	0.358
6540.000000	113	117	0.862	0.313
6546.000000	113	117	0.865	0.273
6552.000000	113	117	0.872	0.240
6558.000000	113	117	0.879	0.207
6564.000000	113	117	0.883	0.171
6570.000000	113	59	0.886	0.148
6576.000000	113	59	0.889	0.150
6582.000000	113	59	0.891	0.153
6588.000000	113	59	0.894	0.159
6594.000000	113	59	0.895	0.165
6600.000000	113	59	0.899	0.167
6606.000000	113	89	0.902	0.171
6612.000000	113	89	0.903	0.179
6618.000000	113	89	0.901	0.187
6624.000000	113	89	0.897	0.192
6630.000000	113	89	0.894	0.200
6636.000000	113	89	0.890	0.216
6642.000000	113	89	0.885	0.235
6648.000000	113	89	0.877	0.252
6654.000000	113	89	0.867	0.267
6660.000000	113	89	0.855	0.283
6666.000000	113	89	0.842	0.305
6672.000000	113	89	0.837	0.329
6678.000000	113	89	0.826	0.359
6684.000000	113	89	0.813	0.404
6690.000000	113	89	0.795	0.457
6696.000000	113	89	0.772	0.515
6702.000000	113	89	0.739	0.560
6708.000000	113	89	0.689	0.619
6714.000000	89	113	0.699	0.592
6720.000000	89	113	0.781	0.441
6726.000000	89	113	0.860	0.240
6732.000000	89	141	0.925	0.097
6738.000000	89	87	0.946	0.097
6744.000000	89	141	0.960	0.096
6750.000000	89	196	0.965	0.098
6756.000000	89	196	0.965	0.105
6762.000000	89	196	0.965	0.109
6768.000000	89	196	0.966	0.110
6774.000000	89	196	0.965	0.106
6780.000000	89	141	0.964	0.110
6786.000000	89	196	0.963	0.118
6792.000000	89	196	0.960	0.122
6798.000000	89	196	0.957	0.124
6804.000000	89	196	0.955	0.127
6810.000000	89	63	0.952	0.135
6816.000000	89	63	0.950	0.143
6822.000000	89	63	0.949	0.150
6828.000000	89	63	0.948	0.158
6834.000000	89	63	0.946	0.165
6840.000000	89	63	0.944	0.170
6846.000000	89	63	0.941	0.179
6852.000000	89	63	0.937	0.196
6858.000000	89	63	0.934	0.218
6864.000000	89	63	0.932	0.237
6870.000000	89	63	0.930	0.256
6876.000000	89	63	0.928	0.281
6882.000000	89	63	0.925	0.314
6888.000000	89	63	0.922	0.348
6894.000000	89	63	0.916	0.385
6900.000000	89	63	0.909	0.423
6906.000000	89	63	0.903	0.451
6912.000000	89	63	0.895	0.478
6918.000000	89	63	0.889	0.497
6924.000000	89	63	0.878	0.515
6930.000000	89	63	0.869	0.537
6936.000000	89	63	0.858	0.567
6942.000000	89	63	0.845	0.600
6948.000000	89	63	0.828	0.640
6954.000000	89	63	0.808	0.680
6960.000000	89	63	0.787	0.716
6966.000000	89	63	0.763	0.750
6972.000000	63	89	0.783	0.737
6978.000000	63	89	0.830	0.691
6984.000000	63	89	0.855	0.638
6990.000000	63	89	0.896	0.565
6996.000000	63	89	0.921	0.479
7002.000000	63	89	0.934	0.373
7008.000000	63	89	0.951	0.230
7014.000000	63	72	0.965	0.184
7020.000000	63	72	0.970	0.186
7026.000000	63	72	0.970	0.182
7032.000000	63	72	0.969	0.185
7038.000000	63	72	0.967	0.194
7044.000000	63	72	0.966	0.202
7050.000000	63	72	0.965	0.210
7056.000000	63	72	0.964	0.218
7062.000000	63	72	0.963	0.229
7068.000000	63	72	0.961	0.245
7074.000000	63	72	0.958	0.263
7080.000000	63	72	0.956	0.283
7086.000000	63	72	0.954	0.296
7092.000000	63	72	0.951	0.311
7098.000000	63	72	0.948	0.325
7104.000000	63	72	0.945	0.339
7110.000000	63	72	0.942	0.350
7116.000000	63	72	0.939	0.359
7122.000000	63	72	0.935	0.369
7128.000000	63	72	0.933	0.379
7134.000000	63	72	0.932	0.385
7140.000000	63	72	0.931	0.390
7146.000000	63	72	0.930	0.399
7152.000000	63	72	0.927	0.417
7158.000000	63	72	0.925	0.436
7164.000000	63	72	0.924	0.458
7170.000000	63	72	0.922	0.478
7176.000000	63	72	0.919	0.499
7182.000000	63	72	0.914	0.522
7188.000000	63	72	0.911	0.540
7194.000000	63	72	0.903	0.554
7200.000000	63	72	0.896	0.571
7206.000000	63	72	0.888	0.586
7212.000000	63	72	0.880	0.605
7218.000000	63	72	0.869	0.625
7224.000000	63	72	0.864	0.637
7230.000000	63	72	0.853	0.651
7236.000000	63	72	0.841	0.666
7242.000000	63	72	0.830	0.687
7248.000000	63	72	0.817	0.705
7254.000000	63	72	0.803	0.724
7260.000000	63	72	0.781	0.742
7266.000000	72	63	0.767	0.744
7272.000000	72	63	0.803	0.681
7278.000000	72	63	0.839	0.595
7284.000000	72	63	0.866	0.482
7290.000000	72	63	0.895	0.315
7296.000000	72	42	0.923	0.172
7302.000000	72	42	0.948	0.175
7308.000000	72	42	0.959	0.183
7314.000000	72	42	0.958	0.200
7320.000000	72	42	0.957	0.214
7326.000000	72	42	0.958	0.231
7332.000000	72	42	0.956	0.253
7338.000000	72	42	0.953	0.276
7344.000000	72	42	0.949	0.298
7350.000000	72	42	0.947	0.323
7356.000000	72	42	0.948	0.344
7362.000000	72	42	0.946	0.357
7368.000000	72	42	0.944	0.371
7374.000000	72	42	0.942	0.390
7380.000000	72	42	0.940	0.417
7386.000000	72	42	0.936	0.448
7392.000000	72	42	0.932	0.471
7398.000000	72	42	0.926	0.493
7404.000000	72	42	0.913	0.519
7410.000000	72	42	0.900	0.543
7416.000000	72	42	0.893	0.560
7422.000000	72	42	0.882	0.575
7428.000000	72	42	0.868	0.588
7434.000000	72	42	0.851	0.599
7440.000000	72	42	0.829	0.619
7446.000000	72	42	0.813	0.636
7452.000000	72	42	0.789	0.665
7458.000000	72	42	0.761	0.694
7464.000000	72	42	0.735	0.710
7470.000000	42	72	0.731	0.698
7476.000000	42	72	0.742	0.667
7482.000000	42	72	0.773	0.612
7488.000000	42	72	0.798	0.543
7494.000000	42	72	0.836	0.456
7500.000000	42	72	0.874	0.346
7506.000000	42	72	0.891	0.219
7512.000000	42	175	0.915	0.214
7518.000000	42	175	0.931	0.219
7524.000000	42	175	0.941	0.224
7530.000000	42	175	0.942	0.235
7536.000000	42	175	0.941	0.250
7542.000000	42	175	0.937	0.268
7548.000000	42	175	0.937	0.280
7554.000000	42	175	0.935	0.293
7560.000000	42	175	0.936	0.309
7566.000000	42	175	0.935	0.325
7572.000000	42	175	0.932	0.344
7578.000000	42	175	0.928	0.370
7584.000000	42	175	0.925	0.389
7590.000000	42	175	0.921	0.408
7596.000000	42	175	0.919	0.426
7602.000000	42	175	0.916	0.439
7608.000000	42	175	0.911	0.451
7614.000000	42	175	0.906	0.467
7620.000000	42	175	0.895	0.487
7626.000000	42	175	0.891	0.499
7632.000000	42	175	0.886	0.516
7638.000000	42	175	0.877	0.532
7644.000000	42	175	0.869	0.547
7650.000000	42	175	0.864	0.557
7656.000000	42	175	0.859	0.569
7662.000000	42	175	0.854	0.586
7668.000000	42	175	0.847	0.603
7674.000000	42	175	0.838	0.624
7680.000000	42	175	0.825	0.643
7686.000000	42	175	0.813	0.653
7692.000000	42	175	0.803	0.659
7698.000000	42	175	0.787	0.671
7704.000000	42	175	0.769	0.690
7710.000000	42	175	0.746	0.711
7716.000000	175	42	0.730	0.722
7722.000000	175	42	0.762	0.677
7728.000000	175	42	0.798	0.610
7734.000000	175	42	0.832	0.522
7740.000000	175	42	0.864	0.397
7746.000000	175	42	0.896	0.240
7752.000000	175	51	0.927	0.098
7758.000000	175	192	0.948	0.089
7764.000000	175	192	0.953	0.088
7770.000000	175	192	0.955	0.088
7776.000000	175	192	0.955	0.089
7782.000000	175	192	0.957	0.092
7788.000000	175	192	0.960	0.096
7794.000000	175	192	0.960	0.098
7800.000000	175	192	0.959	0.100
7806.000000	175	192	0.957	0.102
7812.000000	175	192	0.955	0.103
7818.000000	175	192	0.952	0.103
7824.000000	175	192	0.950	0.102
7830.000000	175	192	0.949	0.104
7836.000000	175	192	0.947	0.106
7842.000000	175	192	0.944	0.107
7848.000000	175	192	0.942	0.111
7854.000000	175	192	0.940	0.114
7860.000000	175	192	0.936	0.115
7866.000000	175	192	0.932	0.115
7872.000000	175	192	0.928	0.115
7878.000000	175	192	0.927	0.115
7884.000000	175	192	0.926	0.115
7890.000000	175	181	0.926	0.116
7896.000000	175	181	0.927	0.119
7902.000000	175	181	0.927	0.119
7908.000000	175	181	0.927	0.120
7914.000000	175	181	0.927	0.122
7920.000000	175	135	0.928	0.122
7926.000000	175	135	0.928	0.125
7932.000000	175	135	0.927	0.128
7938.000000	175	135	0.923	0.132
7944.000000	175	135	0.921	0.135
7950.000000	175	135	0.919	0.137
7956.000000	175	135	0.915	0.140
7962.000000	175	135	0.911	0.147
7968.000000	175	135	0.907	0.156
7974.000000	175	135	0.904	0.161
7980.000000	175	135	0.897	0.161
7986.000000	175	135	0.889	0.162
7992.000000	175	135	0.879	0.163
7998.000000	175	135	0.869	0.169
8004.000000	175	185	0.857	0.180
8010.000000	175	185	0.845	0.192
8016.000000	175	185	0.834	0.199
8022.000000	175	185	0.824	0.207
8028.000000	175	185	0.811	0.216
8034.000000	175	185	0.792	0.224
8040.000000	175	185	0.768	0.232
8046.000000	175	185	0.735	0.246
8052.000000	175	185	0.688	0.269
8058.000000	175	185	0.622	0.303
8064.000000	175	185	0.507	0.352
8070.000000	185	135	0.415	0.312
8076.000000	185	135	0.515	0.354
8082.000000	185	135	0.668	0.398
8088.000000	185	135	0.780	0.451
8094.000000	185	135	0.829	0.517
8100.000000	185	135	0.858	0.583
8106.000000	185	135	0.871	0.623
8112.000000	185	135	0.872	0.641
8118.000000	185	135	0.879	0.653
8124.000000	185	135	0.882	0.656
8130.000000	185	135	0.886	0.654
8136.000000	185	135	0.882	0.658
8142.000000	185	135	0.885	0.658
8148.000000	185	135	0.885	0.660
8154.000000	185	135	0.887	0.657
8160.000000	185	135	0.886	0.656
8166.000000	185	135	0.884	0.657
8172.000000	185	135	0.881	0.660
8178.000000	185	135	0.881	0.659
8184.000000	185	135	0.880	0.659
8190.000000	185	135	0.880	0.657
8196.000000	185	135	0.880	0.652
8202.000000	185	135	0.883	0.650
8208.000000	185	135	0.886	0.651
8214.000000	185	135	0.887	0.652
8220.000000	185	135	0.886	0.653
8226.000000	185	135	0.885	0.654
8232.000000	185	135	0.884	0.655
8238.000000	185	135	0.882	0.655
8244.000000	185	135	0.878	0.654
8250.000000	185	135	0.875	0.654
8256.000000	185	135	0.874	0.656
8262.000000	185	135	0.873	0.656
8268.000000	185	135	0.871	0.656
8274.000000	185	135	0.873	0.651
8280.000000	185	135	0.873	0.645
8286.000000	185	135	0.869	0.639
8292.000000	185	135	0.860	0.639
8298.000000	185	135	0.859	0.633
8304.000000	185	135	0.857	0.627
8310.000000	185	135	0.853	0.621
8316.000000	185	135	0.851	0.614
8322.000000	185	135	0.853	0.600
8328.000000	185	135	0.856	0.584
8334.000000	185	135	0.855	0.570
8340.000000	185	135	0.855	0.547
8346.000000	185	135	0.855	0.517
8352.000000	185	135	0.855	0.481
8358.000000	185	135	0.859	0.425
8364.000000	185	135	0.862	0.329
8370.000000	185	135	0.876	0.196
8376.000000	185	34	0.897	0.086
8382.000000	185	89	0.910	0.080
8388.000000	185	89	0.919	0.077
8394.000000	185	89	0.924	0.074
8400.000000	185	89	0.929	0.073
8406.000000	185	89	0.938	0.072
8412.000000	185	89	0.951	0.075
8418.000000	185	89	0.956	0.073
8424.000000	185	89	0.961	0.070
8430.000000	185	89	0.964	0.069
8436.000000	185	89	0.967	0.069
8442.000000	185	89	0.972	0.069
8448.000000	185	89	0.975	0.070
8454.000000	185	89	0.978	0.070
8460.000000	185	89	0.980	0.070
8466.000000	185	89	0.981	0.068
8472.000000	185	89	0.981	0.066
8478.000000	185	89	0.979	0.063
8484.000000	185	89	0.978	0.061
8490.000000	185	89	0.977	0.061
8496.000000	185	89	0.976	0.060
8502.000000	185	89	0.974	0.057
8508.000000	185	89	0.973	0.054
8514.000000	185	89	0.972	0.050
8520.000000	185	199	0.970	0.045
8526.000000	185	199	0.969	0.046
8532.000000	185	199	0.968	0.045
8538.000000	185	199	0.966	0.045
8544.000000	185	99	0.965	0.044
8550.000000	185	99	0.964	0.045
8556.000000	185	99	0.963	0.046
8562.000000	185	99	0.963	0.046
8568.000000	185	99	0.962	0.045
8574.000000	185	99	0.961	0.043
8580.000000	185	99	0.960	0.042
8586.000000	185	99	0.958	0.042
8592.000000	185	99	0.955	0.042
8598.000000	185	99	0.952	0.040
8604.000000	185	128	0.950	0.039
8610.000000	185	128	0.949	0.039
8616.000000	185	179	0.947	0.038
8622.000000	185	179	0.946	0.037
8628.000000	185	128	0.943	0.037
8634.000000	185	128	0.941	0.037
8640.000000	185	128	0.938	0.037
8646.000000	185	128	0.935	0.037
8652.000000	185	128	0.933	0.036
8658.000000	185	179	0.930	0.036
8664.000000	185	179	0.926	0.036
8670.000000	185	179	0.919	0.036
8676.000000	185	179	0.909	0.037
8682.000000	185	165	0.900	0.037
8688.000000	185	165	0.891	0.038
8694.000000	185	165	0.880	0.038
8700.000000	185	165	0.862	0.038
8706.000000	185	165	0.843	0.039
8712.000000	185	165	0.824	0.039
8718.000000	185	89	0.800	0.039
8724.000000	185	89	0.764	0.040
8730.000000	185	89	0.709	0.041
8736.000000	185	89	0.606	0.041
8742.000000	185	89	0.401	0.036
8748.000000	185	69	0.073	0.017
8754.000000	69	44	0.011	0.011
8760.000000	69	44	0.009	0.007
