0.000000	125	102	0.000	0.000
6.000000	71	73	0.992	0.039
12.000000	71	73	0.992	0.041
18.000000	71	73	0.992	0.042
24.000000	71	73	0.992	0.042
30.000000	71	73	0.991	0.043
36.000000	71	73	0.990	0.045
42.000000	71	73	0.989	0.048
48.000000	71	73	0.988	0.051
54.000000	71	73	0.987	0.053
60.000000	71	73	0.986	0.055
66.000000	71	84	0.985	0.058
72.000000	71	84	0.983	0.064
78.000000	71	84	0.982	0.072
84.000000	71	84	0.980	0.078
90.000000	71	84	0.978	0.083
96.000000	71	84	0.976	0.086
102.000000	71	84	0.975	0.089
108.000000	71	84	0.973	0.095
114.000000	71	84	0.970	0.102
120.000000	71	84	0.968	0.110
126.000000	71	84	0.966	0.118
132.000000	71	84	0.963	0.127
138.000000	71	84	0.960	0.132
144.000000	71	84	0.957	0.137
150.000000	71	84	0.954	0.140
156.000000	71	84	0.951	0.145
162.000000	71	84	0.948	0.153
168.000000	71	84	0.945	0.162
174.000000	71	84	0.942	0.164
180.000000	71	84	0.936	0.162
186.000000	71	126	0.933	0.175
192.000000	71	126	0.931	0.187
198.000000	71	126	0.929	0.190
204.000000	71	126	0.926	0.191
210.000000	71	126	0.924	0.193
216.000000	71	126	0.920	0.197
222.000000	71	126	0.915	0.201
228.000000	71	126	0.910	0.206
234.000000	71	126	0.903	0.209
240.000000	71	126	0.897	0.213
246.000000	71	126	0.891	0.217
252.000000	71	126	0.882	0.223
258.000000	71	126	0.875	0.231
264.000000	71	126	0.871	0.239
270.000000	71	175	0.865	0.250
276.000000	71	175	0.851	0.268
282.000000	71	175	0.841	0.285
288.000000	71	175	0.831	0.302
294.000000	71	175	0.822	0.316
300.000000	71	175	0.808	0.322
306.000000	71	175	0.792	0.322
312.000000	71	175	0.778	0.325
318.000000	71	175	0.766	0.331
324.000000	71	175	0.750	0.339
330.000000	71	175	0.724	0.347
336.000000	71	175	0.689	0.361
342.000000	71	175	0.628	0.387
348.000000	71	175	0.561	0.412
354.000000	71	175	0.490	0.442
360.000000	175	71	0.475	0.398
366.000000	175	71	0.519	0.257
372.000000	175	126	0.575	0.240
378.000000	175	165	0.625	0.231
384.000000	175	165	0.659	0.237
390.000000	175	165	0.686	0.240
396.000000	175	165	0.701	0.254
402.000000	175	165	0.714	0.255
408.000000	175	165	0.723	0.256
414.000000	175	165	0.730	0.258
420.000000	175	165	0.731	0.261
426.000000	175	165	0.735	0.266
432.000000	175	165	0.751	0.266
438.000000	175	165	0.770	0.264
444.000000	175	165	0.774	0.262
450.000000	175	165	0.782	0.256
456.000000	175	165	0.790	0.255
462.000000	175	119	0.796	0.261
468.000000	175	119	0.802	0.266
474.000000	175	119	0.814	0.267
480.000000	175	119	0.819	0.267
486.000000	175	119	0.820	0.271
492.000000	175	119	0.827	0.277
498.000000	175	119	0.832	0.290
504.000000	175	119	0.836	0.302
510.000000	175	119	0.841	0.312
516.000000	175	119	0.844	0.322
522.000000	175	119	0.847	0.329
528.000000	175	119	0.852	0.335
534.000000	175	119	0.854	0.339
540.000000	175	119	0.847	0.341
546.000000	175	119	0.845	0.349
552.000000	175	119	0.845	0.357
558.000000	175	119	0.844	0.375
564.000000	175	119	0.844	0.392
570.000000	175	119	0.842	0.404
576.000000	175	119	0.838	0.417
582.000000	175	119	0.836	0.426
588.000000	175	119	0.838	0.438
594.000000	175	119	0.839	0.456
600.000000	175	119	0.836	0.477
606.000000	175	119	0.834	0.498
612.000000	175	119	0.832	0.517
618.000000	175	119	0.823	0.539
624.000000	175	119	0.813	0.559
630.000000	175	119	0.808	0.574
636.000000	175	119	0.803	0.586
642.000000	175	119	0.795	0.596
648.000000	175	119	0.787	0.608
654.000000	175	119	0.777	0.625
660.000000	175	119	0.765	0.636
666.000000	175	119	0.745	0.653
672.000000	175	119	0.724	0.671
678.000000	175	119	0.695	0.691
684.000000	119	175	0.720	0.659
690.000000	119	175	0.748	0.619
696.000000	119	175	0.776	0.554
702.000000	119	175	0.804	0.440
708.000000	119	175	0.832	0.309
714.000000	119	175	0.855	0.181
720.000000	119	185	0.882	0.168
726.000000	119	185	0.893	0.171
732.000000	119	192	0.902	0.174
738.000000	119	192	0.906	0.187
744.000000	119	192	0.912	0.198
750.000000	119	192	0.911	0.209
756.000000	119	192	0.912	0.218
762.000000	119	192	0.908	0.223
768.000000	119	192	0.908	0.230
774.000000	119	192	0.905	0.240
780.000000	119	192	0.903	0.242
786.000000	119	192	0.902	0.239
792.000000	119	192	0.900	0.237
798.000000	119	192	0.897	0.233
804.000000	119	192	0.893	0.230
810.000000	119	192	0.890	0.225
816.000000	119	192	0.885	0.222
822.000000	119	192	0.881	0.220
828.000000	119	125	0.877	0.222
834.000000	119	125	0.873	0.223
840.000000	119	125	0.872	0.221
846.000000	119	125	0.868	0.221
852.000000	119	125	0.863	0.225
858.000000	119	125	0.859	0.224
864.000000	119	9	0.852	0.238
870.000000	119	9	0.843	0.255
876.000000	119	9	0.832	0.274
882.000000	119	9	0.820	0.289
888.000000	119	9	0.805	0.303
894.000000	119	9	0.792	0.316
900.000000	119	9	0.780	0.328
906.000000	119	9	0.770	0.338
912.000000	119	9	0.756	0.351
918.000000	119	9	0.737	0.371
924.000000	119	9	0.711	0.396
930.000000	119	9	0.667	0.425
936.000000	119	9	0.613	0.449
942.000000	119	9	0.532	0.490
948.000000	9	119	0.534	0.424
954.000000	9	130	0.597	0.347
960.000000	9	130	0.642	0.360
966.000000	9	130	0.685	0.368
972.000000	9	130	0.720	0.364
978.000000	9	130	0.758	0.353
984.000000	9	130	0.772	0.356
990.000000	9	130	0.775	0.368
996.000000	9	130	0.784	0.371
1002.000000	9	130	0.788	0.369
1008.000000	9	130	0.788	0.361
1014.000000	9	4	0.785	0.369
1020.000000	9	4	0.781	0.387
1026.000000	9	4	0.780	0.399
1032.000000	9	4	0.779	0.409
1038.000000	9	4	0.780	0.420
1044.000000	9	4	0.772	0.429
1050.000000	9	4	0.768	0.435
1056.000000	9	4	0.768	0.448
1062.000000	9	4	0.769	0.458
1068.000000	9	4	0.769	0.467
1074.000000	9	4	0.770	0.477
1080.000000	9	4	0.773	0.489
1086.000000	9	4	0.775	0.506
1092.000000	9	4	0.785	0.519
1098.000000	9	4	0.789	0.533
1104.000000	9	4	0.790	0.543
1110.000000	9	4	0.794	0.550
1116.000000	9	4	0.799	0.559
1122.000000	9	4	0.803	0.570
1128.000000	9	4	0.803	0.584
1134.000000	9	4	0.799	0.598
1140.000000	9	4	0.799	0.607
1146.000000	9	4	0.796	0.613
1152.000000	9	4	0.794	0.611
1158.000000	9	4	0.790	0.611
1164.000000	9	4	0.787	0.614
1170.000000	9	4	0.789	0.614
1176.000000	9	4	0.786	0.618
1182.000000	9	4	0.781	0.620
1188.000000	9	4	0.774	0.621
1194.000000	9	4	0.761	0.624
1200.000000	9	4	0.748	0.622
1206.000000	9	4	0.729	0.622
1212.000000	9	4	0.708	0.620
1218.000000	9	4	0.680	0.622
1224.000000	9	4	0.643	0.624
1230.000000	4	9	0.615	0.611
1236.000000	4	9	0.607	0.576
1242.000000	4	9	0.619	0.519
1248.000000	4	9	0.634	0.456
1254.000000	4	9	0.640	0.375
1260.000000	4	167	0.654	0.287
1266.000000	4	167	0.664	0.286
1272.000000	4	167	0.678	0.287
1278.000000	4	167	0.700	0.287
1284.000000	4	167	0.707	0.290
1290.000000	4	167	0.704	0.299
1296.000000	4	167	0.702	0.306
1302.000000	4	167	0.708	0.312
1308.000000	4	167	0.711	0.319
1314.000000	4	167	0.710	0.327
1320.000000	4	167	0.704	0.342
1326.000000	4	167	0.699	0.355
1332.000000	4	167	0.684	0.363
1338.000000	4	167	0.665	0.370
1344.000000	4	167	0.650	0.383
1350.000000	4	167	0.643	0.396
1356.000000	4	167	0.636	0.408
1362.000000	4	167	0.626	0.416
1368.000000	4	167	0.609	0.423
1374.000000	4	167	0.590	0.430
1380.000000	4	167	0.569	0.434
1386.000000	4	167	0.545	0.436
1392.000000	4	167	0.512	0.434
1398.000000	4	167	0.478	0.437
1404.000000	4	167	0.444	0.439
1410.000000	167	4	0.448	0.399
1416.000000	167	4	0.459	0.336
1422.000000	167	4	0.469	0.257
1428.000000	167	108	0.479	0.254
1434.000000	167	108	0.489	0.260
1440.000000	167	108	0.504	0.269
1446.000000	167	108	0.520	0.279
1452.000000	167	108	0.535	0.284
1458.000000	167	108	0.546	0.289
1464.000000	167	108	0.556	0.300
1470.000000	167	108	0.568	0.298
1476.000000	167	108	0.577	0.299
1482.000000	167	108	0.589	0.298
1488.000000	167	108	0.596	0.302
1494.000000	167	108	0.601	0.306
1500.000000	167	108	0.606	0.310
1506.000000	167	108	0.615	0.318
1512.000000	167	108	0.622	0.330
1518.000000	167	108	0.624	0.345
1524.000000	167	108	0.627	0.349
1530.000000	167	108	0.628	0.344
1536.000000	167	108	0.629	0.343
1542.000000	167	108	0.648	0.340
1548.000000	167	108	0.662	0.343
1554.000000	167	108	0.677	0.344
1560.000000	167	108	0.691	0.344
1566.000000	167	108	0.701	0.340
1572.000000	167	108	0.707	0.335
1578.000000	167	108	0.715	0.332
1584.000000	167	108	0.717	0.330
1590.000000	167	108	0.720	0.323
1596.000000	167	108	0.727	0.315
1602.000000	167	108	0.730	0.303
1608.000000	167	108	0.728	0.291
1614.000000	167	108	0.725	0.280
1620.000000	167	108	0.729	0.264
1626.000000	167	169	0.728	0.272
1632.000000	167	169	0.722	0.292
1638.000000	167	169	0.721	0.304
1644.000000	167	169	0.726	0.314
1650.000000	167	169	0.730	0.331
1656.000000	167	169	0.725	0.352
1662.000000	167	169	0.719	0.373
1668.000000	167	169	0.717	0.392
1674.000000	167	169	0.706	0.409
1680.000000	167	169	0.694	0.422
1686.000000	167	169	0.684	0.431
1692.000000	167	169	0.670	0.445
1698.000000	167	169	0.654	0.468
1704.000000	167	169	0.639	0.486
1710.000000	167	169	0.618	0.499
1716.000000	167	169	0.583	0.519
1722.000000	169	167	0.544	0.536
1728.000000	169	167	0.577	0.467
1734.000000	169	167	0.617	0.401
1740.000000	169	167	0.646	0.331
1746.000000	169	72	0.678	0.308
1752.000000	169	72	0.707	0.323
1758.000000	169	72	0.731	0.333
1764.000000	169	72	0.748	0.340
1770.000000	169	72	0.763	0.357
1776.000000	169	72	0.776	0.375
1782.000000	169	72	0.785	0.388
1788.000000	169	72	0.794	0.399
1794.000000	169	72	0.813	0.405
1800.000000	169	72	0.827	0.414
1806.000000	169	72	0.834	0.424
1812.000000	169	72	0.834	0.427
1818.000000	169	72	0.841	0.423
1824.000000	169	72	0.846	0.426
1830.000000	169	72	0.851	0.432
1836.000000	169	72	0.853	0.436
1842.000000	169	72	0.853	0.436
1848.000000	169	72	0.851	0.442
1854.000000	169	72	0.846	0.449
1860.000000	169	72	0.845	0.457
1866.000000	169	72	0.841	0.465
1872.000000	169	72	0.837	0.474
1878.000000	169	72	0.834	0.482
1884.000000	169	72	0.831	0.485
1890.000000	169	72	0.833	0.492
1896.000000	169	72	0.837	0.497
1902.000000	169	72	0.837	0.503
1908.000000	169	72	0.838	0.508
1914.000000	169	72	0.838	0.513
1920.000000	169	72	0.838	0.516
1926.000000	169	72	0.841	0.509
1932.000000	169	72	0.839	0.511
1938.000000	169	72	0.835	0.520
1944.000000	169	72	0.831	0.524
1950.000000	169	72	0.832	0.523
1956.000000	169	72	0.830	0.524
1962.000000	169	72	0.825	0.522
1968.000000	169	72	0.821	0.516
1974.000000	169	72	0.816	0.508
1980.000000	169	72	0.812	0.502
1986.000000	169	72	0.804	0.495
1992.000000	169	72	0.797	0.476
1998.000000	169	72	0.787	0.449
2004.000000	169	101	0.773	0.428
2010.000000	169	101	0.756	0.459
2016.000000	169	101	0.731	0.498
2022.000000	169	101	0.707	0.542
2028.000000	169	101	0.675	0.590
2034.000000	101	169	0.650	0.616
2040.000000	101	169	0.719	0.539
2046.000000	101	169	0.790	0.426
2052.000000	101	169	0.841	0.302
2058.000000	101	169	0.889	0.137
2064.000000	101	134	0.923	0.091
2070.000000	101	81	0.943	0.077
2076.000000	101	81	0.951	0.081
2082.000000	101	81	0.951	0.088
2088.000000	101	81	0.951	0.097
2094.000000	101	81	0.950	0.099
2100.000000	101	81	0.951	0.096
2106.000000	101	129	0.950	0.097
2112.000000	101	129	0.947	0.106
2118.000000	101	129	0.944	0.112
2124.000000	101	129	0.941	0.119
2130.000000	101	129	0.939	0.126
2136.000000	101	129	0.936	0.131
2142.000000	101	129	0.933	0.139
2148.000000	101	129	0.930	0.146
2154.000000	101	129	0.927	0.151
2160.000000	101	129	0.925	0.160
2166.000000	101	129	0.922	0.168
2172.000000	101	129	0.919	0.174
2178.000000	101	129	0.914	0.178
2184.000000	101	129	0.911	0.183
2190.000000	101	129	0.908	0.187
2196.000000	101	129	0.905	0.189
2202.000000	101	129	0.904	0.190
2208.000000	101	129	0.902	0.192
2214.000000	101	48	0.900	0.197
2220.000000	101	48	0.892	0.213
2226.000000	101	48	0.889	0.226
2232.000000	101	48	0.888	0.237
2238.000000	101	48	0.887	0.250
2244.000000	101	48	0.885	0.264
2250.000000	101	48	0.883	0.284
2256.000000	101	48	0.878	0.301
2262.000000	101	48	0.867	0.323
2268.000000	101	48	0.859	0.343
2274.000000	101	48	0.847	0.373
2280.000000	101	48	0.833	0.401
2286.000000	101	48	0.816	0.425
2292.000000	101	48	0.795	0.441
2298.000000	101	48	0.772	0.473
2304.000000	101	48	0.750	0.495
2310.000000	101	48	0.724	0.525
2316.000000	101	48	0.689	0.564
2322.000000	101	48	0.649	0.603
2328.000000	48	101	0.639	0.592
2334.000000	48	101	0.671	0.514
2340.000000	48	101	0.714	0.404
2346.000000	48	101	0.751	0.272
2352.000000	48	181	0.800	0.262
2358.000000	48	181	0.832	0.270
2364.000000	48	181	0.855	0.274
2370.000000	48	181	0.868	0.288
2376.000000	48	181	0.884	0.306
2382.000000	48	181	0.894	0.319
2388.000000	48	181	0.896	0.332
2394.000000	48	181	0.897	0.345
2400.000000	48	181	0.899	0.354
2406.000000	48	181	0.901	0.365
2412.000000	48	181	0.905	0.376
2418.000000	48	181	0.907	0.388
2424.000000	48	181	0.910	0.402
2430.000000	48	181	0.911	0.405
2436.000000	48	181	0.915	0.410
2442.000000	48	181	0.915	0.416
2448.000000	48	181	0.917	0.420
2454.000000	48	181	0.913	0.426
2460.000000	48	181	0.912	0.426
2466.000000	48	181	0.912	0.426
2472.000000	48	181	0.910	0.422
2478.000000	48	181	0.908	0.418
2484.000000	48	181	0.906	0.414
2490.000000	48	181	0.905	0.411
2496.000000	48	181	0.906	0.406
2502.000000	48	181	0.905	0.402
2508.000000	48	181	0.904	0.398
2514.000000	48	181	0.903	0.391
2520.000000	48	181	0.901	0.383
2526.000000	48	181	0.898	0.365
2532.000000	48	181	0.896	0.348
2538.000000	48	181	0.893	0.328
2544.000000	48	181	0.891	0.296
2550.000000	48	181	0.889	0.266
2556.000000	48	181	0.890	0.231
2562.000000	48	181	0.890	0.191
2568.000000	48	181	0.889	0.151
2574.000000	48	3	0.888	0.132
2580.000000	48	3	0.885	0.134
2586.000000	48	3	0.878	0.132
2592.000000	48	75	0.868	0.134
2598.000000	48	75	0.859	0.145
2604.000000	48	75	0.854	0.162
2610.000000	48	75	0.849	0.177
2616.000000	48	75	0.844	0.186
2622.000000	48	75	0.838	0.197
2628.000000	48	75	0.831	0.214
2634.000000	48	75	0.819	0.233
2640.000000	48	75	0.804	0.248
2646.000000	48	75	0.787	0.267
2652.000000	48	75	0.765	0.292
2658.000000	48	75	0.736	0.321
2664.000000	48	75	0.697	0.350
2670.000000	48	75	0.655	0.376
2676.000000	48	75	0.584	0.411
2682.000000	48	75	0.472	0.456
2688.000000	75	48	0.505	0.335
2694.000000	75	51	0.563	0.325
2700.000000	75	51	0.618	0.339
2706.000000	75	51	0.674	0.338
2712.000000	75	51	0.709	0.340
2718.000000	75	51	0.737	0.358
2724.000000	75	51	0.752	0.377
2730.000000	75	51	0.764	0.392
2736.000000	75	51	0.784	0.394
2742.000000	75	51	0.800	0.398
2748.000000	75	51	0.811	0.406
2754.000000	75	51	0.822	0.411
2760.000000	75	51	0.825	0.422
2766.000000	75	51	0.828	0.436
2772.000000	75	51	0.830	0.436
2778.000000	75	51	0.831	0.432
2784.000000	75	51	0.834	0.427
2790.000000	75	51	0.837	0.424
2796.000000	75	51	0.838	0.422
2802.000000	75	51	0.842	0.418
2808.000000	75	51	0.845	0.414
2814.000000	75	51	0.846	0.407
2820.000000	75	51	0.846	0.400
2826.000000	75	51	0.847	0.395
2832.000000	75	51	0.849	0.391
2838.000000	75	51	0.848	0.388
2844.000000	75	51	0.847	0.378
2850.000000	75	51	0.852	0.363
2856.000000	75	51	0.855	0.346
2862.000000	75	51	0.854	0.318
2868.000000	75	155	0.856	0.314
2874.000000	75	155	0.857	0.312
2880.000000	75	155	0.854	0.314
2886.000000	75	155	0.854	0.325
2892.000000	75	155	0.853	0.334
2898.000000	75	155	0.851	0.343
2904.000000	75	155	0.852	0.352
2910.000000	75	155	0.854	0.356
2916.000000	75	155	0.854	0.358
2922.000000	75	155	0.852	0.361
2928.000000	75	155	0.850	0.364
2934.000000	75	155	0.846	0.371
2940.000000	75	155	0.844	0.371
2946.000000	75	155	0.841	0.368
2952.000000	75	155	0.833	0.365
2958.000000	75	155	0.824	0.363
2964.000000	75	155	0.817	0.354
2970.000000	75	155	0.809	0.344
2976.000000	75	155	0.801	0.335
2982.000000	75	54	0.790	0.343
2988.000000	75	54	0.783	0.348
2994.000000	75	54	0.772	0.358
3000.000000	75	54	0.754	0.370
3006.000000	75	54	0.734	0.384
3012.000000	75	54	0.716	0.402
3018.000000	75	54	0.695	0.420
3024.000000	75	54	0.664	0.444
3030.000000	75	54	0.631	0.476
3036.000000	75	54	0.585	0.524
3042.000000	54	75	0.568	0.515
3048.000000	54	99	0.613	0.425
3054.000000	54	99	0.679	0.468
3060.000000	54	99	0.734	0.515
3066.000000	54	99	0.767	0.566
3072.000000	54	99	0.797	0.616
3078.000000	54	99	0.810	0.656
3084.000000	54	99	0.819	0.672
3090.000000	54	99	0.825	0.682
3096.000000	54	99	0.835	0.692
3102.000000	54	99	0.842	0.695
3108.000000	54	99	0.842	0.700
3114.000000	54	99	0.845	0.703
3120.000000	54	99	0.845	0.704
3126.000000	54	99	0.842	0.708
3132.000000	54	99	0.839	0.710
3138.000000	54	99	0.833	0.716
3144.000000	54	99	0.830	0.720
3150.000000	54	99	0.827	0.722
3156.000000	54	99	0.824	0.725
3162.000000	54	99	0.822	0.726
3168.000000	54	99	0.820	0.727
3174.000000	54	99	0.818	0.729
3180.000000	54	99	0.823	0.727
3186.000000	54	99	0.829	0.723
3192.000000	54	99	0.834	0.718
3198.000000	54	99	0.838	0.712
3204.000000	54	99	0.838	0.707
3210.000000	54	99	0.837	0.701
3216.000000	54	99	0.838	0.695
3222.000000	54	99	0.839	0.688
3228.000000	54	99	0.832	0.689
3234.000000	54	99	0.826	0.682
3240.000000	54	99	0.817	0.672
3246.000000	54	99	0.804	0.665
3252.000000	54	99	0.798	0.653
3258.000000	54	99	0.790	0.643
3264.000000	54	99	0.784	0.628
3270.000000	54	99	0.777	0.609
3276.000000	54	99	0.769	0.583
3282.000000	54	99	0.761	0.548
3288.000000	54	99	0.755	0.501
3294.000000	54	99	0.749	0.457
3300.000000	54	99	0.743	0.399
3306.000000	54	99	0.739	0.305
3312.000000	54	39	0.736	0.260
3318.000000	54	39	0.732	0.283
3324.000000	54	39	0.733	0.305
3330.000000	54	39	0.730	0.331
3336.000000	54	39	0.717	0.366
3342.000000	54	39	0.699	0.405
3348.000000	54	39	0.675	0.454
3354.000000	54	39	0.646	0.512
3360.000000	54	39	0.599	0.574
3366.000000	39	54	0.630	0.534
3372.000000	39	54	0.682	0.431
3378.000000	39	54	0.712	0.310
3384.000000	39	159	0.748	0.223
3390.000000	39	159	0.774	0.224
3396.000000	39	159	0.797	0.239
3402.000000	39	159	0.806	0.252
3408.000000	39	159	0.812	0.262
3414.000000	39	159	0.812	0.264
3420.000000	39	159	0.812	0.263
3426.000000	39	159	0.816	0.265
3432.000000	39	159	0.817	0.262
3438.000000	39	159	0.818	0.256
3444.000000	39	159	0.819	0.255
3450.000000	39	159	0.826	0.251
3456.000000	39	95	0.835	0.251
3462.000000	39	95	0.846	0.253
3468.000000	39	95	0.858	0.258
3474.000000	39	95	0.866	0.261
3480.000000	39	95	0.872	0.268
3486.000000	39	95	0.877	0.272
3492.000000	39	95	0.880	0.275
3498.000000	39	95	0.881	0.279
3504.000000	39	95	0.883	0.281
3510.000000	39	95	0.885	0.282
3516.000000	39	95	0.887	0.283
3522.000000	39	95	0.891	0.282
3528.000000	39	95	0.895	0.282
3534.000000	39	95	0.901	0.285
3540.000000	39	95	0.910	0.284
3546.000000	39	95	0.913	0.285
3552.000000	39	95	0.917	0.281
3558.000000	39	95	0.921	0.269
3564.000000	39	95	0.923	0.258
3570.000000	39	95	0.929	0.250
3576.000000	39	95	0.933	0.241
3582.000000	39	95	0.933	0.232
3588.000000	39	95	0.933	0.220
3594.000000	39	95	0.933	0.209
3600.000000	39	95	0.933	0.201
3606.000000	39	57	0.930	0.208
3612.000000	39	57	0.928	0.222
3618.000000	39	57	0.924	0.238
3624.000000	39	57	0.922	0.251
3630.000000	39	57	0.920	0.262
3636.000000	39	57	0.917	0.272
3642.000000	39	57	0.916	0.283
3648.000000	39	57	0.913	0.295
3654.000000	39	57	0.910	0.302
3660.000000	39	57	0.907	0.310
3666.000000	39	57	0.901	0.324
3672.000000	39	57	0.895	0.345
3678.000000	39	57	0.890	0.360
3684.000000	39	57	0.884	0.377
3690.000000	39	57	0.879	0.394
3696.000000	39	57	0.874	0.408
3702.000000	39	57	0.865	0.433
3708.000000	39	57	0.853	0.457
3714.000000	39	57	0.837	0.490
3720.000000	39	57	0.821	0.518
3726.000000	39	57	0.793	0.553
3732.000000	39	57	0.757	0.588
3738.000000	39	57	0.712	0.620
3744.000000	57	39	0.661	0.649
3750.000000	57	39	0.700	0.575
3756.000000	57	39	0.760	0.450
3762.000000	57	39	0.842	0.228
3768.000000	57	22	0.890	0.141
3774.000000	57	22	0.923	0.137
3780.000000	57	22	0.939	0.141
3786.000000	57	22	0.945	0.142
3792.000000	57	22	0.952	0.147
3798.000000	57	22	0.949	0.152
3804.000000	57	107	0.946	0.156
3810.000000	57	107	0.945	0.173
3816.000000	57	107	0.944	0.189
3822.000000	57	107	0.940	0.206
3828.000000	57	107	0.936	0.221
3834.000000	57	107	0.933	0.236
3840.000000	57	107	0.929	0.260
3846.000000	57	107	0.924	0.287
3852.000000	57	107	0.919	0.312
3858.000000	57	107	0.912	0.332
3864.000000	57	107	0.906	0.347
3870.000000	57	107	0.902	0.356
3876.000000	57	107	0.897	0.364
3882.000000	57	107	0.893	0.373
3888.000000	57	107	0.885	0.382
3894.000000	57	107	0.877	0.399
3900.000000	57	107	0.872	0.417
3906.000000	57	107	0.869	0.438
3912.000000	57	107	0.864	0.459
3918.000000	57	107	0.856	0.477
3924.000000	57	107	0.850	0.489
3930.000000	57	107	0.844	0.505
3936.000000	57	107	0.837	0.524
3942.000000	57	107	0.834	0.534
3948.000000	57	107	0.830	0.547
3954.000000	57	107	0.825	0.563
3960.000000	57	107	0.823	0.579
3966.000000	57	107	0.819	0.601
3972.000000	57	107	0.814	0.613
3978.000000	57	107	0.808	0.626
3984.000000	57	107	0.800	0.650
3990.000000	57	107	0.795	0.665
3996.000000	57	107	0.780	0.691
4002.000000	57	107	0.765	0.723
4008.000000	107	57	0.748	0.742
4014.000000	107	57	0.778	0.706
4020.000000	107	57	0.818	0.651
4026.000000	107	57	0.861	0.575
4032.000000	107	57	0.894	0.471
4038.000000	107	57	0.922	0.349
4044.000000	107	57	0.938	0.219
4050.000000	107	135	0.950	0.212
4056.000000	107	135	0.958	0.217
4062.000000	107	135	0.956	0.232
4068.000000	107	135	0.952	0.251
4074.000000	107	135	0.949	0.264
4080.000000	107	135	0.947	0.278
4086.000000	107	135	0.944	0.287
4092.000000	107	135	0.940	0.300
4098.000000	107	135	0.935	0.316
4104.000000	107	135	0.930	0.333
4110.000000	107	135	0.925	0.346
4116.000000	107	135	0.920	0.352
4122.000000	107	135	0.914	0.355
4128.000000	107	135	0.906	0.359
4134.000000	107	135	0.898	0.366
4140.000000	107	135	0.888	0.377
4146.000000	107	135	0.882	0.384
4152.000000	107	135	0.876	0.388
4158.000000	107	135	0.864	0.394
4164.000000	107	135	0.855	0.398
4170.000000	107	135	0.844	0.401
4176.000000	107	135	0.834	0.404
4182.000000	107	135	0.825	0.409
4188.000000	107	135	0.817	0.413
4194.000000	107	135	0.804	0.418
4200.000000	107	135	0.790	0.425
4206.000000	107	135	0.772	0.434
4212.000000	107	135	0.753	0.437
4218.000000	107	135	0.733	0.440
4224.000000	107	135	0.710	0.444
4230.000000	107	135	0.683	0.453
4236.000000	107	135	0.651	0.462
4242.000000	107	112	0.605	0.476
4248.000000	107	112	0.549	0.501
4254.000000	112	107	0.524	0.470
4260.000000	112	135	0.556	0.458
4266.000000	112	135	0.601	0.453
4272.000000	112	135	0.648	0.456
4278.000000	112	135	0.695	0.454
4284.000000	112	135	0.733	0.451
4290.000000	112	135	0.755	0.442
4296.000000	112	135	0.774	0.430
4302.000000	112	135	0.793	0.412
4308.000000	112	135	0.811	0.386
4314.000000	112	135	0.819	0.365
4320.000000	112	135	0.823	0.349
4326.000000	112	135	0.828	0.328
4332.000000	112	9	0.831	0.322
4338.000000	112	9	0.829	0.329
4344.000000	112	9	0.831	0.334
4350.000000	112	9	0.834	0.339
4356.000000	112	9	0.841	0.347
4362.000000	112	9	0.846	0.348
4368.000000	112	9	0.851	0.348
4374.000000	112	9	0.851	0.345
4380.000000	112	9	0.851	0.341
4386.000000	112	18	0.854	0.340
4392.000000	112	18	0.858	0.354
4398.000000	112	18	0.858	0.359
4404.000000	112	18	0.858	0.365
4410.000000	112	18	0.858	0.368
4416.000000	112	18	0.859	0.374
4422.000000	112	18	0.861	0.388
4428.000000	112	18	0.860	0.403
4434.000000	112	18	0.858	0.408
4440.000000	112	18	0.855	0.411
4446.000000	112	18	0.854	0.415
4452.000000	112	18	0.855	0.422
4458.000000	112	18	0.857	0.419
4464.000000	112	18	0.859	0.412
4470.000000	112	18	0.858	0.412
4476.000000	112	18	0.853	0.416
4482.000000	112	18	0.851	0.420
4488.000000	112	18	0.851	0.418
4494.000000	112	18	0.851	0.420
4500.000000	112	18	0.851	0.423
4506.000000	112	18	0.849	0.427
4512.000000	112	18	0.844	0.428
4518.000000	112	18	0.842	0.420
4524.000000	112	18	0.842	0.408
4530.000000	112	18	0.842	0.396
4536.000000	112	18	0.839	0.378
4542.000000	112	18	0.832	0.358
4548.000000	112	18	0.827	0.339
4554.000000	112	18	0.825	0.311
4560.000000	112	18	0.819	0.284
4566.000000	112	18	0.812	0.251
4572.000000	112	18	0.811	0.207
4578.000000	112	18	0.807	0.159
4584.000000	112	18	0.800	0.113
4590.000000	112	198	0.792	0.112
4596.000000	112	198	0.787	0.120
4602.000000	112	198	0.783	0.126
4608.000000	112	198	0.781	0.134
4614.000000	112	198	0.773	0.138
4620.000000	112	198	0.763	0.142
4626.000000	112	198	0.754	0.146
4632.000000	112	198	0.739	0.150
4638.000000	112	198	0.716	0.155
4644.000000	112	198	0.688	0.159
4650.000000	112	198	0.651	0.159
4656.000000	112	198	0.596	0.157
4662.000000	112	198	0.519	0.158
4668.000000	112	198	0.419	0.158
4674.000000	112	44	0.267	0.178
4680.000000	44	192	0.202	0.183
4686.000000	44	192	0.222	0.208
4692.000000	44	192	0.259	0.234
4698.000000	44	192	0.307	0.267
4704.000000	44	192	0.354	0.310
4710.000000	44	192	0.414	0.364
4716.000000	44	192	0.482	0.421
4722.000000	44	192	0.526	0.486
4728.000000	44	192	0.555	0.547
4734.000000	192	44	0.592	0.576
4740.000000	192	44	0.627	0.593
4746.000000	192	44	0.648	0.608
4752.000000	192	44	0.661	0.620
4758.000000	192	44	0.668	0.631
4764.000000	192	44	0.678	0.646
4770.000000	192	44	0.689	0.662
4776.000000	192	44	0.695	0.672
4782.000000	192	44	0.693	0.683
4788.000000	192	44	0.702	0.694
4794.000000	192	44	0.709	0.697
4800.000000	192	44	0.718	0.701
4806.000000	192	44	0.730	0.705
4812.000000	192	44	0.740	0.707
4818.000000	192	44	0.747	0.713
4824.000000	192	44	0.758	0.718
4830.000000	192	44	0.768	0.726
4836.000000	192	44	0.784	0.736
4842.000000	192	44	0.790	0.741
4848.000000	192	44	0.798	0.747
4854.000000	192	44	0.803	0.754
4860.000000	192	44	0.813	0.765
4866.000000	192	44	0.819	0.775
4872.000000	192	44	0.824	0.781
4878.000000	192	44	0.826	0.784
4884.000000	192	44	0.833	0.786
4890.000000	192	44	0.837	0.789
4896.000000	192	44	0.836	0.796
4902.000000	192	44	0.842	0.797
4908.000000	192	44	0.844	0.800
4914.000000	192	44	0.845	0.803
4920.000000	192	44	0.849	0.803
4926.000000	192	44	0.854	0.798
4932.000000	192	44	0.857	0.799
4938.000000	192	44	0.856	0.805
4944.000000	192	44	0.855	0.809
4950.000000	192	44	0.855	0.810
4956.000000	192	44	0.853	0.813
4962.000000	192	44	0.850	0.814
4968.000000	192	44	0.847	0.812
4974.000000	192	44	0.845	0.812
4980.000000	192	44	0.843	0.811
4986.000000	192	44	0.841	0.808
4992.000000	192	44	0.838	0.806
4998.000000	192	44	0.838	0.799
5004.000000	192	44	0.838	0.791
5010.000000	192	44	0.827	0.790
5016.000000	192	44	0.811	0.797
5022.000000	44	192	0.802	0.798
5028.000000	44	192	0.803	0.789
5034.000000	44	192	0.800	0.784
5040.000000	44	192	0.796	0.778
5046.000000	44	192	0.791	0.767
5052.000000	44	192	0.787	0.750
5058.000000	44	192	0.788	0.726
5064.000000	44	192	0.789	0.701
5070.000000	44	192	0.782	0.671
5076.000000	44	192	0.785	0.611
5082.000000	44	192	0.785	0.536
5088.000000	44	192	0.787	0.443
5094.000000	44	192	0.798	0.309
5100.000000	44	192	0.810	0.168
5106.000000	44	42	0.835	0.080
5112.000000	44	42	0.855	0.085
5118.000000	44	42	0.871	0.103
5124.000000	44	42	0.880	0.118
5130.000000	44	42	0.885	0.127
5136.000000	44	42	0.887	0.132
5142.000000	44	42	0.891	0.140
5148.000000	44	42	0.894	0.152
5154.000000	44	42	0.897	0.165
5160.000000	44	42	0.903	0.181
5166.000000	44	42	0.904	0.200
5172.000000	44	42	0.904	0.229
5178.000000	44	42	0.903	0.267
5184.000000	44	42	0.902	0.303
5190.000000	44	42	0.899	0.345
5196.000000	44	42	0.894	0.390
5202.000000	44	42	0.885	0.449
5208.000000	44	42	0.871	0.534
5214.000000	44	42	0.854	0.597
5220.000000	44	42	0.832	0.639
5226.000000	44	42	0.811	0.671
5232.000000	44	42	0.784	0.695
5238.000000	44	42	0.737	0.733
5244.000000	42	44	0.767	0.676
5250.000000	42	44	0.800	0.604
5256.000000	42	44	0.831	0.509
5262.000000	42	44	0.858	0.382
5268.000000	42	44	0.887	0.214
5274.000000	42	36	0.922	0.153
5280.000000	42	36	0.938	0.156
5286.000000	42	36	0.938	0.160
5292.000000	42	36	0.939	0.164
5298.000000	42	36	0.939	0.164
5304.000000	42	36	0.938	0.165
5310.000000	42	36	0.941	0.166
5316.000000	42	27	0.942	0.172
5322.000000	42	36	0.941	0.178
5328.000000	42	27	0.937	0.181
5334.000000	42	27	0.936	0.182
5340.000000	42	27	0.934	0.185
5346.000000	42	27	0.932	0.190
5352.000000	42	27	0.931	0.197
5358.000000	42	27	0.928	0.203
5364.000000	42	27	0.925	0.209
5370.000000	42	27	0.922	0.214
5376.000000	42	27	0.920	0.218
5382.000000	42	27	0.919	0.221
5388.000000	42	27	0.918	0.222
5394.000000	42	27	0.917	0.225
5400.000000	42	27	0.916	0.226
5406.000000	42	27	0.915	0.223
5412.000000	42	35	0.914	0.226
5418.000000	42	35	0.914	0.233
5424.000000	42	35	0.914	0.240
5430.000000	42	35	0.912	0.249
5436.000000	42	35	0.910	0.261
5442.000000	42	35	0.908	0.269
5448.000000	42	35	0.906	0.274
5454.000000	42	35	0.905	0.282
5460.000000	42	35	0.903	0.289
5466.000000	42	35	0.902	0.294
5472.000000	42	35	0.900	0.293
5478.000000	42	35	0.898	0.289
5484.000000	42	35	0.898	0.287
5490.000000	42	35	0.901	0.287
5496.000000	42	35	0.902	0.286
5502.000000	42	35	0.902	0.288
5508.000000	42	35	0.900	0.296
5514.000000	42	35	0.896	0.298
5520.000000	42	35	0.892	0.297
5526.000000	42	35	0.888	0.292
5532.000000	42	27	0.882	0.288
5538.000000	42	27	0.874	0.286
5544.000000	42	27	0.865	0.284
5550.000000	42	27	0.851	0.284
5556.000000	42	27	0.839	0.292
5562.000000	42	27	0.830	0.297
5568.000000	42	27	0.821	0.298
5574.000000	42	27	0.808	0.297
5580.000000	42	27	0.790	0.295
5586.000000	42	27	0.766	0.299
5592.000000	42	27	0.742	0.301
5598.000000	42	27	0.713	0.304
5604.000000	42	27	0.661	0.309
5610.000000	42	27	0.580	0.317
5616.000000	42	27	0.475	0.331
5622.000000	27	42	0.352	0.346
5628.000000	27	77	0.382	0.287
5634.000000	27	77	0.412	0.298
5640.000000	27	77	0.436	0.298
5646.000000	27	77	0.440	0.303
5652.000000	27	77	0.448	0.314
5658.000000	27	77	0.467	0.314
5664.000000	27	77	0.488	0.313
5670.000000	27	77	0.498	0.314
5676.000000	27	77	0.502	0.311
5682.000000	27	77	0.504	0.310
5688.000000	27	82	0.509	0.315
5694.000000	27	82	0.517	0.332
5700.000000	27	82	0.523	0.342
5706.000000	27	82	0.528	0.349
5712.000000	27	82	0.537	0.357
5718.000000	27	82	0.541	0.362
5724.000000	27	82	0.548	0.370
5730.000000	27	82	0.554	0.383
5736.000000	27	82	0.561	0.396
5742.000000	27	82	0.564	0.407
5748.000000	27	82	0.564	0.415
5754.000000	27	82	0.572	0.425
5760.000000	27	82	0.579	0.431
5766.000000	27	82	0.579	0.437
5772.000000	27	82	0.584	0.446
5778.000000	27	82	0.595	0.448
5784.000000	27	82	0.609	0.451
5790.000000	27	82	0.613	0.461
5796.000000	27	82	0.618	0.475
5802.000000	27	82	0.619	0.481
5808.000000	27	82	0.621	0.483
5814.000000	27	82	0.623	0.490
5820.000000	27	82	0.621	0.492
5826.000000	27	82	0.623	0.500
5832.000000	27	82	0.622	0.512
5838.000000	27	82	0.621	0.521
5844.000000	27	82	0.620	0.532
5850.000000	27	82	0.626	0.539
5856.000000	27	82	0.627	0.549
5862.000000	27	82	0.624	0.563
5868.000000	27	82	0.616	0.571
5874.000000	27	82	0.603	0.576
5880.000000	27	82	0.591	0.583
5886.000000	82	27	0.588	0.577
5892.000000	82	27	0.590	0.564
5898.000000	82	27	0.598	0.550
5904.000000	82	27	0.610	0.529
5910.000000	82	27	0.620	0.506
5916.000000	82	27	0.622	0.490
5922.000000	82	27	0.629	0.464
5928.000000	82	27	0.636	0.424
5934.000000	82	27	0.647	0.375
5940.000000	82	27	0.657	0.295
5946.000000	82	196	0.673	0.308
5952.000000	82	196	0.682	0.325
5958.000000	82	196	0.702	0.344
5964.000000	82	196	0.721	0.364
5970.000000	82	196	0.736	0.384
5976.000000	82	196	0.735	0.406
5982.000000	82	196	0.728	0.431
5988.000000	82	196	0.724	0.455
5994.000000	82	196	0.719	0.485
6000.000000	82	196	0.709	0.514
6006.000000	82	196	0.699	0.536
6012.000000	82	196	0.694	0.557
6018.000000	82	196	0.686	0.572
6024.000000	82	196	0.668	0.594
6030.000000	82	196	0.648	0.611
6036.000000	82	196	0.630	0.626
6042.000000	196	82	0.649	0.601
6048.000000	196	82	0.669	0.570
6054.000000	196	82	0.695	0.530
6060.000000	196	82	0.720	0.491
6066.000000	196	82	0.749	0.437
6072.000000	196	82	0.770	0.383
6078.000000	196	155	0.786	0.342
6084.000000	196	155	0.801	0.343
6090.000000	196	155	0.827	0.339
6096.000000	196	155	0.851	0.327
6102.000000	196	155	0.856	0.305
6108.000000	196	155	0.866	0.281
6114.000000	196	155	0.874	0.258
6120.000000	196	155	0.880	0.237
6126.000000	196	63	0.884	0.240
6132.000000	196	63	0.887	0.244
6138.000000	196	63	0.890	0.256
6144.000000	196	63	0.898	0.266
6150.000000	196	63	0.904	0.276
6156.000000	196	63	0.910	0.285
6162.000000	196	63	0.921	0.293
6168.000000	196	63	0.924	0.301
6174.000000	196	63	0.925	0.308
6180.000000	196	63	0.925	0.309
6186.000000	196	63	0.928	0.316
6192.000000	196	63	0.931	0.332
6198.000000	196	63	0.929	0.349
6204.000000	196	63	0.929	0.366
6210.000000	196	63	0.928	0.392
6216.000000	196	63	0.929	0.414
6222.000000	196	63	0.926	0.431
6228.000000	196	63	0.922	0.439
6234.000000	196	63	0.918	0.443
6240.000000	196	63	0.914	0.452
6246.000000	196	63	0.910	0.475
6252.000000	196	63	0.902	0.504
6258.000000	196	63	0.895	0.526
6264.000000	196	63	0.884	0.558
6270.000000	196	63	0.875	0.589
6276.000000	196	63	0.854	0.623
6282.000000	196	63	0.833	0.653
6288.000000	196	63	0.809	0.686
6294.000000	196	63	0.774	0.728
6300.000000	63	196	0.752	0.749
6306.000000	63	196	0.783	0.715
6312.000000	63	196	0.807	0.678
6318.000000	63	196	0.834	0.626
6324.000000	63	196	0.858	0.550
6330.000000	63	196	0.893	0.439
6336.000000	63	196	0.925	0.279
6342.000000	63	196	0.959	0.107
6348.000000	63	4	0.972	0.068
6354.000000	63	4	0.977	0.065
6360.000000	63	57	0.979	0.064
6366.000000	63	57	0.979	0.066
6372.000000	63	57	0.979	0.069
6378.000000	63	57	0.979	0.069
6384.000000	63	57	0.979	0.067
6390.000000	63	57	0.979	0.061
6396.000000	63	57	0.978	0.059
6402.000000	63	152	0.978	0.060
6408.000000	63	152	0.977	0.061
6414.000000	63	152	0.977	0.063
6420.000000	63	152	0.977	0.065
6426.000000	63	152	0.977	0.068
6432.000000	63	152	0.976	0.071
6438.000000	63	35	0.975	0.072
6444.000000	63	35	0.975	0.083
6450.000000	63	35	0.974	0.095
6456.000000	63	35	0.973	0.104
6462.000000	63	35	0.972	0.111
6468.000000	63	35	0.971	0.121
6474.000000	63	35	0.970	0.128
6480.000000	63	35	0.968	0.136
6486.000000	63	35	0.967	0.143
6492.000000	63	35	0.966	0.149
6498.000000	63	35	0.964	0.156
6504.000000	63	35	0.963	0.165
6510.000000	63	35	0.961	0.175
6516.000000	63	35	0.958	0.183
6522.000000	63	35	0.956	0.192
6528.000000	63	35	0.955	0.203
6534.000000	63	35	0.952	0.222
6540.000000	63	35	0.949	0.249
6546.000000	63	35	0.946	0.280
6552.000000	63	35	0.941	0.313
6558.000000	63	35	0.935	0.350
6564.000000	63	35	0.929	0.398
6570.000000	63	35	0.922	0.452
6576.000000	63	35	0.918	0.497
6582.000000	63	35	0.913	0.542
6588.000000	63	35	0.907	0.583
6594.000000	63	35	0.901	0.615
6600.000000	63	35	0.889	0.652
6606.000000	63	35	0.865	0.688
6612.000000	63	35	0.834	0.716
6618.000000	63	35	0.808	0.738
6624.000000	35	63	0.778	0.769
6630.000000	35	63	0.820	0.717
6636.000000	35	63	0.876	0.632
6642.000000	35	63	0.901	0.522
6648.000000	35	63	0.929	0.351
6654.000000	35	157	0.950	0.166
6660.000000	35	157	0.961	0.156
6666.000000	35	157	0.963	0.155
6672.000000	35	157	0.963	0.161
6678.000000	35	157	0.962	0.163
6684.000000	35	157	0.959	0.164
6690.000000	35	157	0.958	0.167
6696.000000	35	157	0.957	0.171
6702.000000	35	157	0.954	0.177
6708.000000	35	157	0.953	0.186
6714.000000	35	157	0.951	0.193
6720.000000	35	157	0.949	0.195
6726.000000	35	157	0.947	0.197
6732.000000	35	157	0.945	0.202
6738.000000	35	157	0.943	0.206
6744.000000	35	157	0.939	0.211
6750.000000	35	157	0.937	0.211
6756.000000	35	157	0.935	0.209
6762.000000	35	157	0.932	0.211
6768.000000	35	157	0.929	0.216
6774.000000	35	157	0.926	0.222
6780.000000	35	157	0.923	0.225
6786.000000	35	157	0.921	0.223
6792.000000	35	157	0.918	0.222
6798.000000	35	157	0.916	0.223
6804.000000	35	157	0.914	0.223
6810.000000	35	157	0.911	0.225
6816.000000	35	157	0.905	0.228
6822.000000	35	157	0.896	0.229
6828.000000	35	157	0.890	0.223
6834.000000	35	157	0.885	0.219
6840.000000	35	157	0.877	0.214
6846.000000	35	189	0.872	0.207
6852.000000	35	189	0.866	0.217
6858.000000	35	189	0.859	0.225
6864.000000	35	189	0.851	0.232
6870.000000	35	189	0.840	0.238
6876.000000	35	189	0.824	0.248
6882.000000	35	189	0.811	0.259
6888.000000	35	189	0.797	0.267
6894.000000	35	189	0.783	0.276
6900.000000	35	189	0.767	0.292
6906.000000	35	189	0.751	0.314
6912.000000	35	189	0.729	0.328
6918.000000	35	189	0.700	0.349
6924.000000	35	189	0.660	0.375
6930.000000	35	189	0.601	0.409
6936.000000	35	189	0.523	0.449
6942.000000	189	35	0.502	0.415
6948.000000	189	35	0.585	0.244
6954.000000	189	5	0.671	0.154
6960.000000	189	5	0.755	0.161
6966.000000	189	5	0.827	0.177
6972.000000	189	5	0.842	0.190
6978.000000	189	5	0.851	0.197
6984.000000	189	5	0.859	0.199
6990.000000	189	5	0.856	0.200
6996.000000	189	5	0.854	0.205
7002.000000	189	5	0.854	0.214
7008.000000	189	5	0.859	0.221
7014.000000	189	5	0.859	0.227
7020.000000	189	5	0.858	0.228
7026.000000	189	5	0.859	0.228
7032.000000	189	5	0.862	0.229
7038.000000	189	5	0.867	0.229
7044.000000	189	5	0.867	0.230
7050.000000	189	5	0.866	0.229
7056.000000	189	5	0.867	0.226
7062.000000	189	5	0.870	0.222
7068.000000	189	5	0.867	0.218
7074.000000	189	5	0.867	0.210
7080.000000	189	5	0.870	0.204
7086.000000	189	5	0.875	0.196
7092.000000	189	147	0.876	0.197
7098.000000	189	147	0.883	0.202
7104.000000	189	147	0.891	0.208
7110.000000	189	147	0.896	0.212
7116.000000	189	147	0.905	0.209
7122.000000	189	147	0.909	0.205
7128.000000	189	147	0.911	0.208
7134.000000	189	147	0.911	0.207
7140.000000	189	147	0.910	0.201
7146.000000	189	147	0.909	0.203
7152.000000	189	147	0.909	0.208
7158.000000	189	147	0.908	0.216
7164.000000	189	147	0.907	0.224
7170.000000	189	147	0.904	0.225
7176.000000	189	147	0.902	0.221
7182.000000	189	100	0.902	0.223
7188.000000	189	100	0.902	0.228
7194.000000	189	100	0.901	0.239
7200.000000	189	100	0.903	0.248
7206.000000	189	100	0.905	0.258
7212.000000	189	100	0.905	0.272
7218.000000	189	100	0.901	0.289
7224.000000	189	100	0.899	0.305
7230.000000	189	100	0.895	0.316
7236.000000	189	100	0.888	0.330
7242.000000	189	100	0.882	0.348
7248.000000	189	100	0.876	0.369
7254.000000	189	100	0.869	0.401
7260.000000	189	100	0.861	0.444
7266.000000	189	100	0.848	0.504
7272.000000	189	100	0.831	0.558
7278.000000	189	100	0.804	0.626
7284.000000	189	100	0.775	0.692
7290.000000	100	189	0.737	0.737
7296.000000	100	189	0.777	0.693
7302.000000	100	189	0.811	0.634
7308.000000	100	189	0.840	0.547
7314.000000	100	189	0.873	0.408
7320.000000	100	171	0.910	0.228
7326.000000	100	171	0.937	0.232
7332.000000	100	171	0.945	0.236
7338.000000	100	171	0.949	0.247
7344.000000	100	171	0.950	0.266
7350.000000	100	171	0.952	0.285
7356.000000	100	171	0.952	0.302
7362.000000	100	171	0.952	0.319
7368.000000	100	171	0.952	0.334
7374.000000	100	171	0.950	0.349
7380.000000	100	171	0.948	0.363
7386.000000	100	171	0.945	0.379
7392.000000	100	171	0.941	0.386
7398.000000	100	171	0.939	0.391
7404.000000	100	171	0.935	0.394
7410.000000	100	171	0.932	0.397
7416.000000	100	171	0.929	0.399
7422.000000	100	171	0.927	0.398
7428.000000	100	171	0.928	0.399
7434.000000	100	171	0.927	0.405
7440.000000	100	171	0.925	0.412
7446.000000	100	171	0.923	0.418
7452.000000	100	171	0.922	0.417
7458.000000	100	171	0.919	0.418
7464.000000	100	171	0.917	0.416
7470.000000	100	171	0.917	0.412
7476.000000	100	171	0.916	0.406
7482.000000	100	171	0.915	0.402
7488.000000	100	171	0.913	0.396
7494.000000	100	171	0.912	0.385
7500.000000	100	171	0.909	0.372
7506.000000	100	171	0.907	0.362
7512.000000	100	171	0.906	0.341
7518.000000	100	171	0.906	0.304
7524.000000	100	171	0.907	0.261
7530.000000	100	171	0.909	0.215
7536.000000	100	171	0.910	0.162
7542.000000	100	140	0.911	0.134
7548.000000	100	140	0.912	0.142
7554.000000	100	140	0.913	0.142
7560.000000	100	140	0.912	0.143
7566.000000	100	140	0.912	0.145
7572.000000	100	140	0.913	0.151
7578.000000	100	140	0.916	0.158
7584.000000	100	140	0.915	0.162
7590.000000	100	140	0.913	0.164
7596.000000	100	140	0.911	0.169
7602.000000	100	140	0.910	0.176
7608.000000	100	140	0.908	0.186
7614.000000	100	140	0.903	0.198
7620.000000	100	140	0.897	0.208
7626.000000	100	140	0.890	0.219
7632.000000	100	140	0.880	0.231
7638.000000	100	140	0.873	0.244
7644.000000	100	140	0.870	0.263
7650.000000	100	140	0.868	0.286
7656.000000	100	140	0.862	0.313
7662.000000	100	140	0.851	0.341
7668.000000	100	140	0.835	0.379
7674.000000	100	140	0.817	0.425
7680.000000	100	140	0.790	0.489
7686.000000	100	140	0.746	0.568
7692.000000	100	140	0.687	0.640
7698.000000	140	100	0.732	0.578
7704.000000	140	100	0.820	0.389
7710.000000	140	59	0.873	0.294
7716.000000	140	59	0.929	0.309
7722.000000	140	59	0.944	0.340
7728.000000	140	59	0.954	0.383
7734.000000	140	59	0.955	0.441
7740.000000	140	59	0.952	0.489
7746.000000	140	59	0.947	0.539
7752.000000	140	59	0.944	0.577
7758.000000	140	59	0.941	0.612
7764.000000	140	59	0.939	0.643
7770.000000	140	59	0.936	0.660
7776.000000	140	59	0.934	0.670
7782.000000	140	59	0.931	0.683
7788.000000	140	59	0.928	0.691
7794.000000	140	59	0.926	0.695
7800.000000	140	59	0.922	0.698
7806.000000	140	59	0.918	0.703
7812.000000	140	59	0.914	0.705
7818.000000	140	59	0.910	0.710
7824.000000	140	59	0.907	0.710
7830.000000	140	59	0.903	0.712
7836.000000	140	59	0.896	0.718
7842.000000	140	59	0.891	0.721
7848.000000	140	59	0.888	0.721
7854.000000	140	59	0.884	0.721
7860.000000	140	59	0.879	0.723
7866.000000	140	59	0.874	0.723
7872.000000	140	59	0.870	0.722
7878.000000	140	59	0.867	0.720
7884.000000	140	59	0.861	0.723
7890.000000	140	59	0.855	0.727
7896.000000	140	59	0.851	0.733
7902.000000	140	59	0.845	0.741
7908.000000	140	59	0.839	0.745
7914.000000	140	59	0.835	0.749
7920.000000	140	59	0.829	0.753
7926.000000	140	59	0.819	0.758
7932.000000	140	59	0.807	0.762
7938.000000	140	59	0.794	0.769
7944.000000	140	59	0.782	0.777
7950.000000	59	140	0.791	0.761
7956.000000	59	140	0.799	0.739
7962.000000	59	140	0.815	0.703
7968.000000	59	140	0.828	0.659
7974.000000	59	140	0.844	0.594
7980.000000	59	140	0.864	0.498
7986.000000	59	140	0.883	0.358
7992.000000	59	8	0.901	0.199
7998.000000	59	8	0.914	0.202
8004.000000	59	8	0.921	0.203
8010.000000	59	8	0.927	0.209
8016.000000	59	8	0.931	0.219
8022.000000	59	8	0.931	0.227
8028.000000	59	8	0.931	0.234
8034.000000	59	8	0.931	0.242
8040.000000	59	8	0.929	0.252
8046.000000	59	8	0.928	0.263
8052.000000	59	8	0.926	0.274
8058.000000	59	8	0.925	0.281
8064.000000	59	8	0.922	0.289
8070.000000	59	8	0.918	0.298
8076.000000	59	8	0.912	0.304
8082.000000	59	8	0.905	0.310
8088.000000	59	8	0.898	0.314
8094.000000	59	8	0.889	0.316
8100.000000	59	8	0.879	0.316
8106.000000	59	8	0.871	0.317
8112.000000	59	8	0.863	0.320
8118.000000	59	8	0.853	0.324
8124.000000	59	8	0.843	0.325
8130.000000	59	8	0.832	0.324
8136.000000	59	8	0.815	0.322
8142.000000	59	8	0.787	0.323
8148.000000	59	8	0.756	0.316
8154.000000	59	8	0.728	0.295
8160.000000	59	8	0.685	0.279
8166.000000	59	8	0.639	0.264
8172.000000	59	8	0.578	0.247
8178.000000	59	8	0.468	0.232
8184.000000	59	174	0.310	0.244
8190.000000	174	9	0.257	0.190
8196.000000	174	9	0.280	0.196
8202.000000	174	167	0.316	0.203
8208.000000	174	167	0.351	0.225
8214.000000	174	122	0.377	0.249
8220.000000	174	122	0.411	0.277
8226.000000	174	122	0.437	0.300
8232.000000	174	122	0.447	0.317
8238.000000	174	122	0.457	0.333
8244.000000	174	122	0.467	0.352
8250.000000	174	122	0.479	0.374
8256.000000	174	122	0.496	0.395
8262.000000	174	122	0.506	0.419
8268.000000	174	122	0.517	0.445
8274.000000	174	122	0.526	0.458
8280.000000	174	122	0.528	0.470
8286.000000	174	122	0.534	0.482
8292.000000	174	122	0.541	0.490
8298.000000	174	122	0.547	0.497
8304.000000	174	122	0.554	0.500
8310.000000	174	122	0.564	0.509
8316.000000	174	122	0.576	0.515
8322.000000	174	122	0.585	0.525
8328.000000	174	122	0.591	0.537
8334.000000	174	122	0.603	0.540
8340.000000	174	122	0.606	0.543
8346.000000	174	122	0.609	0.547
8352.000000	174	122	0.611	0.551
8358.000000	174	122	0.610	0.562
8364.000000	174	122	0.604	0.574
8370.000000	174	122	0.607	0.589
8376.000000	174	122	0.620	0.591
8382.000000	174	122	0.633	0.594
8388.000000	174	122	0.639	0.606
8394.000000	174	122	0.642	0.622
8400.000000	174	122	0.644	0.633
8406.000000	174	122	0.647	0.636
8412.000000	174	122	0.645	0.640
8418.000000	122	174	0.651	0.650
8424.000000	122	174	0.667	0.660
8430.000000	122	174	0.679	0.668
8436.000000	122	174	0.697	0.671
8442.000000	122	174	0.707	0.671
8448.000000	122	174	0.715	0.677
8454.000000	122	174	0.731	0.677
8460.000000	122	174	0.735	0.676
8466.000000	122	174	0.748	0.673
8472.000000	122	174	0.760	0.665
8478.000000	122	174	0.768	0.651
8484.000000	122	174	0.772	0.635
8490.000000	122	174	0.777	0.620
8496.000000	122	174	0.784	0.604
8502.000000	122	174	0.791	0.589
8508.000000	122	174	0.794	0.567
8514.000000	122	174	0.804	0.531
8520.000000	122	174	0.809	0.492
8526.000000	122	174	0.816	0.431
8532.000000	122	174	0.829	0.350
8538.000000	122	42	0.841	0.288
8544.000000	122	42	0.857	0.290
8550.000000	122	42	0.864	0.287
8556.000000	122	42	0.869	0.285
8562.000000	122	42	0.880	0.289
8568.000000	122	42	0.886	0.296
8574.000000	122	42	0.896	0.295
8580.000000	122	42	0.899	0.297
8586.000000	122	42	0.900	0.299
8592.000000	122	42	0.897	0.295
8598.000000	122	42	0.896	0.290
8604.000000	122	42	0.893	0.282
8610.000000	122	42	0.894	0.271
8616.000000	122	42	0.894	0.256
8622.000000	122	42	0.895	0.237
8628.000000	122	42	0.895	0.211
8634.000000	122	42	0.893	0.187
8640.000000	122	42	0.889	0.169
8646.000000	122	42	0.887	0.149
8652.000000	122	42	0.885	0.124
8658.000000	122	100	0.887	0.103
8664.000000	122	100	0.890	0.116
8670.000000	122	100	0.894	0.132
8676.000000	122	100	0.896	0.142
8682.000000	122	100	0.900	0.149
8688.000000	122	100	0.901	0.159
8694.000000	122	100	0.901	0.171
8700.000000	122	100	0.901	0.184
8706.000000	122	100	0.900	0.194
8712.000000	122	100	0.901	0.206
8718.000000	122	100	0.901	0.225
8724.000000	122	100	0.901	0.248
8730.000000	122	100	0.898	0.273
8736.000000	122	100	0.894	0.303
8742.000000	122	100	0.887	0.345
8748.000000	122	100	0.879	0.405
8754.000000	122	100	0.873	0.475
8760.000000	122	100	0.861	0.544
8766.000000	122	100	0.838	0.607
8772.000000	122	100	0.816	0.650
8778.000000	122	100	0.785	0.691
8784.000000	100	122	0.741	0.732
8790.000000	100	122	0.786	0.678
8796.000000	100	122	0.836	0.590
8802.000000	100	122	0.892	0.443
8808.000000	100	122	0.949	0.208
8814.000000	100	43	0.963	0.081
8820.000000	100	43	0.966	0.076
8826.000000	100	43	0.969	0.073
8832.000000	100	43	0.973	0.069
8838.000000	100	140	0.975	0.070
8844.000000	100	140	0.975	0.078
8850.000000	100	140	0.974	0.087
8856.000000	100	140	0.973	0.093
8862.000000	100	140	0.972	0.100
8868.000000	100	140	0.971	0.106
8874.000000	100	140	0.970	0.113
8880.000000	100	140	0.968	0.122
8886.000000	100	140	0.966	0.132
8892.000000	100	140	0.963	0.142
8898.000000	100	140	0.960	0.151
8904.000000	100	140	0.956	0.156
8910.000000	100	140	0.953	0.160
8916.000000	100	140	0.952	0.164
8922.000000	100	89	0.950	0.171
8928.000000	100	89	0.949	0.189
8934.000000	100	89	0.947	0.206
8940.000000	100	89	0.945	0.224
8946.000000	100	89	0.943	0.241
8952.000000	100	89	0.942	0.257
8958.000000	100	89	0.940	0.272
8964.000000	100	89	0.939	0.289
8970.000000	100	89	0.936	0.310
8976.000000	100	89	0.931	0.333
8982.000000	100	89	0.924	0.356
8988.000000	100	89	0.919	0.378
8994.000000	100	89	0.913	0.405
9000.000000	100	89	0.909	0.436
9006.000000	100	89	0.905	0.465
9012.000000	100	89	0.900	0.494
9018.000000	100	89	0.891	0.522
9024.000000	100	89	0.883	0.553
9030.000000	100	89	0.878	0.580
9036.000000	100	89	0.869	0.603
9042.000000	100	89	0.854	0.635
9048.000000	100	89	0.837	0.664
9054.000000	100	89	0.805	0.690
9060.000000	100	89	0.775	0.712
9066.000000	89	100	0.738	0.730
9072.000000	89	100	0.757	0.678
9078.000000	89	140	0.791	0.639
9084.000000	89	140	0.826	0.678
9090.000000	89	140	0.849	0.721
9096.000000	89	140	0.866	0.755
9102.000000	89	140	0.877	0.789
9108.000000	89	140	0.881	0.800
9114.000000	89	140	0.879	0.804
9120.000000	89	140	0.878	0.807
9126.000000	89	140	0.876	0.809
9132.000000	89	140	0.879	0.804
9138.000000	89	140	0.874	0.805
9144.000000	89	140	0.868	0.806
9150.000000	89	140	0.864	0.804
9156.000000	89	140	0.858	0.803
9162.000000	89	140	0.853	0.804
9168.000000	89	140	0.848	0.804
9174.000000	89	140	0.840	0.807
9180.000000	89	140	0.836	0.808
9186.000000	89	140	0.833	0.806
9192.000000	89	140	0.832	0.804
9198.000000	89	140	0.833	0.797
9204.000000	89	140	0.833	0.789
9210.000000	89	140	0.829	0.789
9216.000000	89	140	0.825	0.788
9222.000000	89	140	0.821	0.786
9228.000000	89	140	0.815	0.783
9234.000000	89	140	0.812	0.778
9240.000000	89	140	0.806	0.773
9246.000000	89	140	0.806	0.761
9252.000000	89	140	0.808	0.747
9258.000000	89	140	0.807	0.736
9264.000000	89	140	0.806	0.725
9270.000000	89	140	0.799	0.717
9276.000000	89	140	0.792	0.708
9282.000000	89	140	0.783	0.699
9288.000000	89	140	0.773	0.685
9294.000000	89	140	0.763	0.664
9300.000000	89	140	0.754	0.639
9306.000000	89	140	0.746	0.610
9312.000000	89	140	0.739	0.567
9318.000000	89	140	0.731	0.504
9324.000000	89	140	0.718	0.421
9330.000000	89	140	0.709	0.303
9336.000000	89	140	0.698	0.190
9342.000000	89	63	0.686	0.112
9348.000000	89	63	0.670	0.121
9354.000000	89	63	0.631	0.130
9360.000000	89	63	0.585	0.144
9366.000000	89	63	0.522	0.157
9372.000000	89	63	0.440	0.168
9378.000000	89	63	0.328	0.190
9384.000000	89	63	0.210	0.208
9390.000000	155	63	0.235	0.229
9396.000000	155	63	0.295	0.275
9402.000000	155	63	0.360	0.327
9408.000000	155	63	0.418	0.386
9414.000000	155	63	0.477	0.447
9420.000000	155	63	0.527	0.506
9426.000000	155	63	0.564	0.553
9432.000000	155	63	0.593	0.590
9438.000000	155	63	0.610	0.607
9444.000000	63	155	0.623	0.621
9450.000000	63	155	0.637	0.628
9456.000000	63	155	0.641	0.636
9462.000000	63	155	0.647	0.643
9468.000000	63	155	0.656	0.652
9474.000000	155	63	0.662	0.661
9480.000000	155	63	0.671	0.665
9486.000000	155	63	0.683	0.673
9492.000000	155	63	0.690	0.678
9498.000000	155	63	0.695	0.685
9504.000000	155	63	0.701	0.690
9510.000000	155	63	0.709	0.696
9516.000000	155	63	0.717	0.704
9522.000000	155	63	0.723	0.709
9528.000000	155	63	0.733	0.710
9534.000000	155	63	0.749	0.706
9540.000000	155	63	0.762	0.710
9546.000000	155	63	0.768	0.713
9552.000000	155	63	0.780	0.716
9558.000000	155	63	0.795	0.718
9564.000000	155	63	0.802	0.719
9570.000000	155	63	0.815	0.720
9576.000000	155	63	0.820	0.723
9582.000000	155	63	0.826	0.727
9588.000000	155	63	0.834	0.731
9594.000000	155	63	0.838	0.739
9600.000000	155	63	0.841	0.752
9606.000000	155	63	0.845	0.764
9612.000000	155	63	0.847	0.776
9618.000000	155	63	0.851	0.785
9624.000000	155	63	0.857	0.788
9630.000000	155	63	0.860	0.789
9636.000000	155	63	0.860	0.796
9642.000000	155	63	0.865	0.798
9648.000000	155	63	0.868	0.799
9654.000000	155	63	0.869	0.802
9660.000000	155	63	0.868	0.803
9666.000000	155	63	0.865	0.802
9672.000000	155	63	0.859	0.804
9678.000000	155	63	0.855	0.804
9684.000000	155	63	0.846	0.807
9690.000000	155	63	0.845	0.803
9696.000000	155	63	0.843	0.802
9702.000000	155	63	0.839	0.802
9708.000000	155	63	0.835	0.797
9714.000000	155	63	0.829	0.794
9720.000000	155	63	0.827	0.789
9726.000000	155	63	0.822	0.788
9732.000000	155	63	0.817	0.787
9738.000000	155	63	0.815	0.784
9744.000000	155	63	0.814	0.775
9750.000000	155	63	0.810	0.764
9756.000000	155	63	0.801	0.753
9762.000000	155	63	0.789	0.740
9768.000000	155	63	0.774	0.726
9774.000000	155	63	0.760	0.706
9780.000000	155	63	0.743	0.684
9786.000000	155	63	0.722	0.652
9792.000000	155	63	0.691	0.604
9798.000000	155	63	0.660	0.532
9804.000000	155	63	0.627	0.438
9810.000000	155	63	0.579	0.304
9816.000000	155	63	0.499	0.143
9822.000000	155	196	0.366	0.064
9828.000000	155	196	0.194	0.054
9834.000000	155	196	0.057	0.042
9840.000000	196	96	0.040	0.025
9846.000000	196	96	0.034	0.024
9852.000000	196	18	0.029	0.023
9858.000000	196	18	0.024	0.024
9864.000000	18	196	0.024	0.020
9870.000000	18	4	0.023	0.018
9876.000000	18	64	0.021	0.016
9882.000000	18	64	0.020	0.015
9888.000000	18	64	0.016	0.012
9894.000000	111	18	0.011	0.010
9900.000000	111	18	0.009	0.008
