0.000000	125	102	0.000	0.000
6.000000	124	154	0.992	0.039
12.000000	124	154	0.992	0.041
18.000000	124	154	0.992	0.045
24.000000	124	154	0.991	0.046
30.000000	124	154	0.990	0.048
36.000000	124	154	0.988	0.049
42.000000	124	50	0.987	0.055
48.000000	124	50	0.985	0.062
54.000000	124	154	0.984	0.070
60.000000	124	154	0.982	0.077
66.000000	124	154	0.980	0.083
72.000000	124	154	0.978	0.092
78.000000	124	154	0.976	0.104
84.000000	124	154	0.974	0.115
90.000000	124	154	0.972	0.126
96.000000	124	154	0.970	0.136
102.000000	124	154	0.968	0.145
108.000000	124	154	0.966	0.154
114.000000	124	154	0.964	0.166
120.000000	124	154	0.962	0.176
126.000000	124	154	0.959	0.188
132.000000	124	154	0.956	0.201
138.000000	124	154	0.954	0.210
144.000000	124	154	0.951	0.218
150.000000	124	154	0.948	0.227
156.000000	124	89	0.944	0.256
162.000000	124	89	0.941	0.285
168.000000	124	89	0.939	0.316
174.000000	124	89	0.936	0.348
180.000000	124	89	0.933	0.375
186.000000	124	89	0.930	0.400
192.000000	124	89	0.927	0.423
198.000000	124	89	0.923	0.437
204.000000	124	89	0.916	0.452
210.000000	124	89	0.910	0.470
216.000000	124	89	0.903	0.493
222.000000	124	89	0.900	0.507
228.000000	124	89	0.897	0.520
234.000000	124	89	0.893	0.538
240.000000	124	89	0.888	0.556
246.000000	124	89	0.883	0.577
252.000000	124	89	0.874	0.591
258.000000	124	89	0.866	0.606
264.000000	124	89	0.857	0.627
270.000000	124	89	0.850	0.634
276.000000	124	89	0.843	0.642
282.000000	124	89	0.833	0.657
288.000000	124	89	0.813	0.676
294.000000	124	89	0.784	0.694
300.000000	124	89	0.764	0.709
306.000000	124	89	0.735	0.732
312.000000	89	124	0.754	0.701
318.000000	89	124	0.779	0.658
324.000000	89	124	0.812	0.591
330.000000	89	124	0.841	0.502
336.000000	89	155	0.879	0.463
342.000000	89	155	0.899	0.516
348.000000	89	155	0.909	0.574
354.000000	89	155	0.910	0.626
360.000000	89	155	0.913	0.643
366.000000	89	155	0.912	0.649
372.000000	89	155	0.911	0.652
378.000000	89	155	0.911	0.652
384.000000	89	155	0.910	0.651
390.000000	89	155	0.911	0.647
396.000000	89	155	0.908	0.646
402.000000	89	155	0.904	0.653
408.000000	89	155	0.902	0.655
414.000000	89	155	0.897	0.658
420.000000	89	155	0.895	0.659
426.000000	89	155	0.893	0.654
432.000000	89	155	0.891	0.652
438.000000	89	155	0.889	0.652
444.000000	89	155	0.887	0.650
450.000000	89	155	0.884	0.648
456.000000	89	155	0.882	0.642
462.000000	89	155	0.881	0.632
468.000000	89	155	0.877	0.622
474.000000	89	155	0.872	0.614
480.000000	89	155	0.869	0.607
486.000000	89	155	0.866	0.598
492.000000	89	155	0.861	0.593
498.000000	89	155	0.853	0.589
504.000000	89	155	0.844	0.585
510.000000	89	155	0.838	0.576
516.000000	89	155	0.834	0.561
522.000000	89	155	0.830	0.543
528.000000	89	155	0.823	0.522
534.000000	89	155	0.816	0.499
540.000000	89	155	0.807	0.457
546.000000	89	155	0.802	0.399
552.000000	89	117	0.793	0.406
558.000000	89	117	0.786	0.453
564.000000	89	117	0.764	0.506
570.000000	89	117	0.733	0.568
576.000000	89	117	0.698	0.644
582.000000	117	89	0.698	0.658
588.000000	117	89	0.754	0.596
594.000000	117	89	0.802	0.514
600.000000	117	89	0.830	0.391
606.000000	117	89	0.876	0.230
612.000000	117	196	0.902	0.219
618.000000	117	196	0.923	0.208
624.000000	117	196	0.930	0.204
630.000000	117	196	0.932	0.204
636.000000	117	196	0.930	0.204
642.000000	117	196	0.928	0.205
648.000000	117	196	0.927	0.207
654.000000	117	196	0.923	0.209
660.000000	117	196	0.921	0.210
666.000000	117	196	0.919	0.207
672.000000	117	196	0.919	0.198
678.000000	117	196	0.920	0.188
684.000000	117	130	0.921	0.186
690.000000	117	130	0.919	0.195
696.000000	117	130	0.916	0.204
702.000000	117	130	0.914	0.210
708.000000	117	130	0.910	0.214
714.000000	117	130	0.909	0.219
720.000000	117	130	0.907	0.229
726.000000	117	130	0.905	0.236
732.000000	117	130	0.904	0.242
738.000000	117	130	0.903	0.246
744.000000	117	130	0.904	0.249
750.000000	117	130	0.902	0.259
756.000000	117	130	0.901	0.264
762.000000	117	130	0.898	0.265
768.000000	117	130	0.897	0.268
774.000000	117	130	0.894	0.271
780.000000	117	18	0.887	0.288
786.000000	117	18	0.880	0.304
792.000000	117	18	0.876	0.318
798.000000	117	18	0.872	0.331
804.000000	117	18	0.867	0.347
810.000000	117	18	0.862	0.369
816.000000	117	18	0.858	0.390
822.000000	117	18	0.851	0.413
828.000000	117	18	0.835	0.432
834.000000	117	18	0.823	0.455
840.000000	117	18	0.815	0.480
846.000000	117	18	0.804	0.496
852.000000	117	18	0.790	0.514
858.000000	117	18	0.773	0.533
864.000000	117	18	0.754	0.550
870.000000	117	18	0.739	0.567
876.000000	117	18	0.711	0.592
882.000000	117	18	0.665	0.621
888.000000	18	117	0.652	0.610
894.000000	18	117	0.693	0.511
900.000000	18	117	0.731	0.399
906.000000	18	117	0.774	0.260
912.000000	18	69	0.818	0.254
918.000000	18	17	0.859	0.252
924.000000	18	17	0.880	0.243
930.000000	18	69	0.889	0.240
936.000000	18	69	0.890	0.237
942.000000	18	170	0.895	0.233
948.000000	18	170	0.900	0.252
954.000000	18	170	0.902	0.263
960.000000	18	170	0.901	0.275
966.000000	18	170	0.906	0.288
972.000000	18	170	0.905	0.301
978.000000	18	170	0.902	0.315
984.000000	18	170	0.902	0.336
990.000000	18	170	0.903	0.356
996.000000	18	170	0.906	0.367
1002.000000	18	170	0.907	0.390
1008.000000	18	170	0.908	0.420
1014.000000	18	170	0.907	0.434
1020.000000	18	170	0.907	0.449
1026.000000	18	170	0.909	0.470
1032.000000	18	170	0.909	0.486
1038.000000	18	170	0.902	0.504
1044.000000	18	170	0.897	0.525
1050.000000	18	170	0.895	0.558
1056.000000	18	170	0.891	0.581
1062.000000	18	170	0.887	0.598
1068.000000	18	170	0.880	0.618
1074.000000	18	170	0.870	0.636
1080.000000	18	170	0.861	0.652
1086.000000	18	170	0.852	0.662
1092.000000	18	170	0.846	0.669
1098.000000	18	170	0.835	0.686
1104.000000	18	170	0.822	0.701
1110.000000	18	170	0.811	0.713
1116.000000	18	170	0.798	0.723
1122.000000	18	170	0.781	0.739
1128.000000	18	170	0.769	0.751
1134.000000	170	18	0.770	0.749
1140.000000	170	18	0.791	0.712
1146.000000	170	18	0.811	0.672
1152.000000	170	18	0.829	0.630
1158.000000	170	18	0.849	0.564
1164.000000	170	18	0.889	0.464
1170.000000	170	18	0.921	0.335
1176.000000	170	18	0.935	0.206
1182.000000	170	189	0.947	0.122
1188.000000	170	194	0.951	0.128
1194.000000	170	194	0.950	0.143
1200.000000	170	194	0.948	0.159
1206.000000	170	194	0.946	0.175
1212.000000	170	194	0.943	0.194
1218.000000	170	194	0.940	0.209
1224.000000	170	194	0.937	0.223
1230.000000	170	194	0.930	0.235
1236.000000	170	194	0.926	0.242
1242.000000	170	194	0.922	0.245
1248.000000	170	194	0.915	0.250
1254.000000	170	194	0.906	0.260
1260.000000	170	194	0.901	0.271
1266.000000	170	194	0.895	0.288
1272.000000	170	194	0.889	0.304
1278.000000	170	194	0.883	0.313
1284.000000	170	194	0.874	0.322
1290.000000	170	194	0.866	0.334
1296.000000	170	194	0.858	0.345
1302.000000	170	194	0.849	0.356
1308.000000	170	194	0.843	0.365
1314.000000	170	194	0.836	0.376
1320.000000	170	194	0.826	0.387
1326.000000	170	194	0.819	0.394
1332.000000	170	194	0.812	0.407
1338.000000	170	194	0.798	0.425
1344.000000	170	194	0.780	0.449
1350.000000	170	194	0.758	0.481
1356.000000	170	194	0.727	0.519
1362.000000	170	194	0.700	0.548
1368.000000	170	194	0.670	0.570
1374.000000	170	194	0.631	0.597
1380.000000	194	170	0.633	0.574
1386.000000	194	170	0.673	0.492
1392.000000	194	170	0.723	0.375
1398.000000	194	170	0.783	0.206
1404.000000	194	56	0.833	0.165
1410.000000	194	56	0.863	0.156
1416.000000	194	56	0.880	0.149
1422.000000	194	162	0.889	0.153
1428.000000	194	162	0.894	0.155
1434.000000	194	162	0.893	0.157
1440.000000	194	162	0.889	0.161
1446.000000	194	162	0.887	0.162
1452.000000	194	90	0.884	0.175
1458.000000	194	90	0.883	0.190
1464.000000	194	90	0.881	0.200
1470.000000	194	90	0.878	0.207
1476.000000	194	90	0.874	0.215
1482.000000	194	90	0.869	0.219
1488.000000	194	90	0.864	0.225
1494.000000	194	90	0.860	0.228
1500.000000	194	90	0.852	0.230
1506.000000	194	90	0.847	0.238
1512.000000	194	90	0.842	0.246
1518.000000	194	90	0.837	0.247
1524.000000	194	90	0.838	0.245
1530.000000	194	90	0.836	0.248
1536.000000	194	90	0.831	0.253
1542.000000	194	90	0.824	0.259
1548.000000	194	90	0.821	0.267
1554.000000	194	90	0.815	0.274
1560.000000	194	90	0.806	0.271
1566.000000	194	90	0.798	0.267
1572.000000	194	90	0.790	0.264
1578.000000	194	90	0.781	0.258
1584.000000	194	90	0.773	0.253
1590.000000	194	90	0.763	0.241
1596.000000	194	39	0.755	0.228
1602.000000	194	39	0.751	0.230
1608.000000	194	39	0.742	0.232
1614.000000	194	39	0.732	0.230
1620.000000	194	39	0.720	0.226
1626.000000	194	39	0.706	0.226
1632.000000	194	39	0.693	0.228
1638.000000	194	39	0.679	0.233
1644.000000	194	39	0.661	0.230
1650.000000	194	133	0.637	0.240
1656.000000	194	133	0.602	0.253
1662.000000	194	133	0.564	0.267
1668.000000	194	133	0.506	0.277
1674.000000	194	133	0.418	0.298
1680.000000	133	194	0.322	0.313
1686.000000	133	29	0.340	0.231
1692.000000	133	29	0.350	0.253
1698.000000	133	29	0.367	0.261
1704.000000	133	29	0.381	0.277
1710.000000	133	29	0.393	0.297
1716.000000	133	29	0.407	0.318
1722.000000	133	29	0.411	0.340
1728.000000	133	29	0.417	0.371
1734.000000	133	29	0.416	0.398
1740.000000	29	133	0.423	0.421
1746.000000	29	133	0.458	0.417
1752.000000	29	133	0.482	0.419
1758.000000	29	133	0.506	0.417
1764.000000	29	133	0.520	0.412
1770.000000	29	133	0.539	0.405
1776.000000	29	133	0.553	0.400
1782.000000	29	133	0.560	0.399
1788.000000	29	133	0.568	0.396
1794.000000	29	133	0.582	0.385
1800.000000	29	133	0.590	0.378
1806.000000	29	76	0.606	0.391
1812.000000	29	76	0.623	0.408
1818.000000	29	76	0.634	0.418
1824.000000	29	76	0.651	0.429
1830.000000	29	76	0.661	0.434
1836.000000	29	76	0.669	0.441
1842.000000	29	76	0.684	0.449
1848.000000	29	76	0.697	0.463
1854.000000	29	76	0.709	0.475
1860.000000	29	76	0.742	0.480
1866.000000	29	76	0.771	0.481
1872.000000	29	76	0.785	0.483
1878.000000	29	76	0.804	0.483
1884.000000	29	76	0.821	0.484
1890.000000	29	76	0.830	0.480
1896.000000	29	76	0.840	0.478
1902.000000	29	76	0.855	0.468
1908.000000	29	76	0.861	0.465
1914.000000	29	76	0.864	0.468
1920.000000	29	76	0.867	0.467
1926.000000	29	76	0.871	0.464
1932.000000	29	76	0.875	0.464
1938.000000	29	76	0.875	0.471
1944.000000	29	76	0.882	0.470
1950.000000	29	76	0.886	0.465
1956.000000	29	76	0.890	0.460
1962.000000	29	76	0.893	0.452
1968.000000	29	76	0.894	0.445
1974.000000	29	76	0.899	0.434
1980.000000	29	76	0.908	0.416
1986.000000	29	76	0.917	0.398
1992.000000	29	76	0.922	0.384
1998.000000	29	76	0.928	0.361
2004.000000	29	76	0.932	0.330
2010.000000	29	76	0.934	0.304
2016.000000	29	76	0.935	0.273
2022.000000	29	76	0.936	0.237
2028.000000	29	76	0.939	0.198
2034.000000	29	76	0.940	0.152
2040.000000	29	93	0.941	0.118
2046.000000	29	93	0.942	0.120
2052.000000	29	93	0.942	0.120
2058.000000	29	93	0.944	0.121
2064.000000	29	93	0.945	0.120
2070.000000	29	57	0.945	0.123
2076.000000	29	57	0.945	0.127
2082.000000	29	57	0.944	0.129
2088.000000	29	57	0.941	0.131
2094.000000	29	39	0.938	0.134
2100.000000	29	39	0.936	0.140
2106.000000	29	39	0.934	0.145
2112.000000	29	39	0.931	0.151
2118.000000	29	39	0.928	0.162
2124.000000	29	39	0.922	0.169
2130.000000	29	39	0.915	0.171
2136.000000	29	112	0.910	0.178
2142.000000	29	112	0.906	0.193
2148.000000	29	112	0.901	0.212
2154.000000	29	112	0.895	0.235
2160.000000	29	112	0.890	0.259
2166.000000	29	112	0.881	0.300
2172.000000	29	112	0.872	0.337
2178.000000	29	112	0.861	0.382
2184.000000	29	112	0.847	0.418
2190.000000	29	112	0.824	0.459
2196.000000	29	112	0.787	0.506
2202.000000	29	112	0.749	0.550
2208.000000	29	112	0.692	0.606
2214.000000	112	29	0.667	0.588
2220.000000	112	29	0.735	0.445
2226.000000	112	29	0.805	0.278
2232.000000	112	39	0.854	0.205
2238.000000	112	39	0.894	0.198
2244.000000	112	39	0.905	0.198
2250.000000	112	39	0.908	0.191
2256.000000	112	39	0.911	0.185
2262.000000	112	39	0.918	0.179
2268.000000	112	39	0.919	0.174
2274.000000	112	39	0.920	0.168
2280.000000	112	39	0.920	0.169
2286.000000	112	39	0.923	0.167
2292.000000	112	39	0.926	0.162
2298.000000	112	39	0.927	0.159
2304.000000	112	24	0.925	0.158
2310.000000	112	24	0.923	0.159
2316.000000	112	24	0.918	0.163
2322.000000	112	24	0.918	0.169
2328.000000	112	24	0.920	0.170
2334.000000	112	24	0.920	0.166
2340.000000	112	24	0.919	0.163
2346.000000	112	24	0.918	0.158
2352.000000	112	24	0.918	0.154
2358.000000	112	69	0.917	0.158
2364.000000	112	69	0.916	0.168
2370.000000	112	69	0.914	0.173
2376.000000	112	69	0.914	0.174
2382.000000	112	69	0.914	0.174
2388.000000	112	177	0.915	0.182
2394.000000	112	177	0.915	0.193
2400.000000	112	177	0.916	0.198
2406.000000	112	177	0.914	0.207
2412.000000	112	177	0.911	0.218
2418.000000	112	177	0.910	0.223
2424.000000	112	177	0.907	0.224
2430.000000	112	177	0.905	0.229
2436.000000	112	177	0.903	0.230
2442.000000	112	177	0.902	0.228
2448.000000	112	177	0.900	0.229
2454.000000	112	177	0.897	0.227
2460.000000	112	177	0.895	0.227
2466.000000	112	177	0.892	0.229
2472.000000	112	177	0.891	0.229
2478.000000	112	177	0.890	0.228
2484.000000	112	177	0.885	0.229
2490.000000	112	177	0.882	0.234
2496.000000	112	177	0.878	0.238
2502.000000	112	177	0.877	0.240
2508.000000	112	177	0.872	0.240
2514.000000	112	177	0.867	0.234
2520.000000	112	177	0.861	0.225
2526.000000	112	177	0.855	0.219
2532.000000	112	177	0.850	0.216
2538.000000	112	177	0.843	0.216
2544.000000	112	177	0.834	0.212
2550.000000	112	177	0.829	0.208
2556.000000	112	177	0.824	0.206
2562.000000	112	177	0.814	0.203
2568.000000	112	33	0.799	0.210
2574.000000	112	33	0.779	0.222
2580.000000	112	33	0.756	0.236
2586.000000	112	33	0.733	0.252
2592.000000	112	33	0.698	0.270
2598.000000	112	33	0.652	0.287
2604.000000	112	33	0.585	0.313
2610.000000	112	33	0.492	0.344
2616.000000	33	112	0.382	0.346
2622.000000	33	91	0.437	0.287
2628.000000	33	91	0.493	0.292
2634.000000	33	91	0.567	0.311
2640.000000	33	91	0.631	0.342
2646.000000	33	91	0.665	0.378
2652.000000	33	91	0.697	0.409
2658.000000	33	91	0.722	0.439
2664.000000	33	91	0.733	0.468
2670.000000	33	91	0.743	0.486
2676.000000	33	91	0.750	0.501
2682.000000	33	91	0.754	0.510
2688.000000	33	91	0.760	0.518
2694.000000	33	91	0.764	0.523
2700.000000	33	91	0.766	0.528
2706.000000	33	91	0.772	0.537
2712.000000	33	91	0.775	0.541
2718.000000	33	91	0.778	0.542
2724.000000	33	91	0.785	0.545
2730.000000	33	91	0.789	0.551
2736.000000	33	91	0.789	0.558
2742.000000	33	91	0.788	0.558
2748.000000	33	91	0.791	0.559
2754.000000	33	91	0.804	0.559
2760.000000	33	91	0.814	0.564
2766.000000	33	91	0.818	0.569
2772.000000	33	91	0.823	0.574
2778.000000	33	91	0.827	0.579
2784.000000	33	91	0.834	0.585
2790.000000	33	91	0.843	0.589
2796.000000	33	91	0.851	0.593
2802.000000	33	91	0.858	0.594
2808.000000	33	91	0.863	0.593
2814.000000	33	91	0.864	0.599
2820.000000	33	91	0.862	0.600
2826.000000	33	91	0.859	0.605
2832.000000	33	91	0.849	0.616
2838.000000	33	91	0.845	0.626
2844.000000	33	91	0.844	0.633
2850.000000	33	91	0.839	0.641
2856.000000	33	91	0.831	0.655
2862.000000	33	91	0.822	0.672
2868.000000	33	91	0.815	0.681
2874.000000	33	91	0.809	0.685
2880.000000	33	91	0.801	0.688
2886.000000	33	91	0.796	0.693
2892.000000	33	91	0.791	0.693
2898.000000	33	91	0.783	0.691
2904.000000	33	91	0.772	0.689
2910.000000	33	91	0.766	0.680
2916.000000	33	91	0.754	0.678
2922.000000	33	91	0.745	0.673
2928.000000	33	91	0.740	0.667
2934.000000	33	91	0.728	0.665
2940.000000	33	91	0.708	0.666
2946.000000	33	91	0.678	0.677
2952.000000	91	33	0.684	0.639
2958.000000	91	33	0.681	0.588
2964.000000	91	33	0.680	0.521
2970.000000	91	33	0.696	0.410
2976.000000	91	33	0.700	0.264
2982.000000	91	33	0.708	0.117
2988.000000	91	34	0.713	0.088
2994.000000	91	34	0.720	0.087
3000.000000	91	34	0.726	0.093
3006.000000	91	34	0.722	0.100
3012.000000	91	34	0.721	0.104
3018.000000	91	34	0.721	0.106
3024.000000	91	85	0.717	0.116
3030.000000	91	85	0.714	0.126
3036.000000	91	85	0.714	0.137
3042.000000	91	85	0.715	0.154
3048.000000	91	85	0.711	0.171
3054.000000	91	85	0.707	0.188
3060.000000	91	85	0.701	0.204
3066.000000	91	85	0.690	0.218
3072.000000	91	85	0.676	0.232
3078.000000	91	85	0.660	0.253
3084.000000	91	85	0.637	0.279
3090.000000	91	85	0.594	0.302
3096.000000	91	85	0.535	0.337
3102.000000	91	85	0.481	0.378
3108.000000	91	85	0.426	0.419
3114.000000	85	91	0.457	0.364
3120.000000	85	91	0.495	0.281
3126.000000	85	10	0.540	0.301
3132.000000	85	10	0.579	0.334
3138.000000	85	10	0.604	0.355
3144.000000	85	10	0.634	0.380
3150.000000	85	10	0.648	0.399
3156.000000	85	10	0.663	0.409
3162.000000	85	10	0.677	0.417
3168.000000	85	10	0.687	0.418
3174.000000	85	10	0.689	0.431
3180.000000	85	10	0.691	0.438
3186.000000	85	10	0.694	0.445
3192.000000	85	10	0.705	0.450
3198.000000	85	10	0.717	0.450
3204.000000	85	10	0.726	0.454
3210.000000	85	10	0.732	0.459
3216.000000	85	10	0.745	0.457
3222.000000	85	10	0.752	0.468
3228.000000	85	10	0.760	0.477
3234.000000	85	10	0.771	0.479
3240.000000	85	10	0.784	0.477
3246.000000	85	10	0.786	0.484
3252.000000	85	10	0.788	0.488
3258.000000	85	10	0.789	0.492
3264.000000	85	10	0.792	0.495
3270.000000	85	10	0.800	0.496
3276.000000	85	10	0.802	0.502
3282.000000	85	10	0.809	0.510
3288.000000	85	10	0.821	0.511
3294.000000	85	10	0.827	0.515
3300.000000	85	10	0.832	0.526
3306.000000	85	10	0.842	0.535
3312.000000	85	10	0.856	0.534
3318.000000	85	10	0.865	0.522
3324.000000	85	10	0.868	0.514
3330.000000	85	10	0.869	0.509
3336.000000	85	10	0.868	0.511
3342.000000	85	10	0.870	0.514
3348.000000	85	10	0.873	0.514
3354.000000	85	10	0.876	0.513
3360.000000	85	10	0.876	0.510
3366.000000	85	10	0.878	0.504
3372.000000	85	10	0.881	0.495
3378.000000	85	10	0.881	0.484
3384.000000	85	10	0.881	0.477
3390.000000	85	10	0.875	0.471
3396.000000	85	10	0.868	0.463
3402.000000	85	10	0.866	0.446
3408.000000	85	10	0.863	0.423
3414.000000	85	10	0.859	0.394
3420.000000	85	10	0.857	0.359
3426.000000	85	10	0.855	0.323
3432.000000	85	10	0.852	0.286
3438.000000	85	10	0.853	0.239
3444.000000	85	10	0.855	0.191
3450.000000	85	110	0.858	0.178
3456.000000	85	27	0.854	0.185
3462.000000	85	27	0.853	0.188
3468.000000	85	27	0.848	0.188
3474.000000	85	27	0.843	0.187
3480.000000	85	27	0.840	0.194
3486.000000	85	27	0.835	0.201
3492.000000	85	27	0.824	0.208
3498.000000	85	27	0.809	0.210
3504.000000	85	27	0.794	0.208
3510.000000	85	27	0.774	0.209
3516.000000	85	27	0.746	0.212
3522.000000	85	27	0.710	0.213
3528.000000	85	27	0.665	0.213
3534.000000	85	2	0.613	0.227
3540.000000	85	2	0.528	0.241
3546.000000	85	2	0.431	0.255
3552.000000	85	2	0.311	0.288
3558.000000	2	27	0.314	0.243
3564.000000	2	27	0.327	0.255
3570.000000	2	27	0.345	0.263
3576.000000	2	27	0.376	0.265
3582.000000	2	27	0.400	0.264
3588.000000	2	42	0.425	0.265
3594.000000	2	42	0.450	0.272
3600.000000	2	42	0.469	0.282
3606.000000	2	42	0.487	0.294
3612.000000	2	42	0.507	0.303
3618.000000	2	42	0.521	0.313
3624.000000	2	42	0.531	0.320
3630.000000	2	42	0.538	0.330
3636.000000	2	42	0.546	0.337
3642.000000	2	42	0.554	0.340
3648.000000	2	42	0.566	0.342
3654.000000	2	42	0.581	0.340
3660.000000	2	42	0.601	0.342
3666.000000	2	42	0.614	0.349
3672.000000	2	42	0.640	0.351
3678.000000	2	42	0.664	0.355
3684.000000	2	42	0.682	0.353
3690.000000	2	42	0.696	0.354
3696.000000	2	42	0.712	0.352
3702.000000	2	42	0.729	0.353
3708.000000	2	42	0.742	0.351
3714.000000	2	42	0.750	0.352
3720.000000	2	42	0.763	0.355
3726.000000	2	42	0.771	0.356
3732.000000	2	42	0.791	0.350
3738.000000	2	42	0.806	0.348
3744.000000	2	42	0.821	0.344
3750.000000	2	42	0.832	0.338
3756.000000	2	42	0.840	0.328
3762.000000	2	42	0.849	0.324
3768.000000	2	42	0.853	0.317
3774.000000	2	42	0.856	0.304
3780.000000	2	42	0.863	0.293
3786.000000	2	42	0.871	0.281
3792.000000	2	42	0.876	0.269
3798.000000	2	42	0.878	0.255
3804.000000	2	42	0.883	0.239
3810.000000	2	6	0.888	0.231
3816.000000	2	6	0.897	0.234
3822.000000	2	6	0.900	0.236
3828.000000	2	6	0.899	0.238
3834.000000	2	6	0.905	0.238
3840.000000	2	6	0.905	0.236
3846.000000	2	6	0.903	0.237
3852.000000	2	6	0.902	0.237
3858.000000	2	6	0.900	0.234
3864.000000	2	6	0.897	0.227
3870.000000	2	6	0.893	0.222
3876.000000	2	6	0.891	0.214
3882.000000	2	6	0.888	0.210
3888.000000	2	6	0.887	0.206
3894.000000	2	6	0.890	0.204
3900.000000	2	6	0.889	0.200
3906.000000	2	6	0.884	0.196
3912.000000	2	6	0.881	0.191
3918.000000	2	6	0.877	0.183
3924.000000	2	6	0.873	0.172
3930.000000	2	6	0.867	0.158
3936.000000	2	101	0.861	0.154
3942.000000	2	192	0.854	0.156
3948.000000	2	192	0.844	0.165
3954.000000	2	192	0.831	0.174
3960.000000	2	192	0.820	0.188
3966.000000	2	192	0.808	0.207
3972.000000	2	192	0.791	0.233
3978.000000	2	192	0.777	0.265
3984.000000	2	192	0.754	0.291
3990.000000	2	192	0.715	0.321
3996.000000	2	192	0.676	0.360
4002.000000	2	192	0.630	0.418
4008.000000	2	192	0.562	0.474
4014.000000	192	2	0.527	0.459
4020.000000	192	2	0.584	0.327
4026.000000	192	163	0.668	0.225
4032.000000	192	163	0.755	0.214
4038.000000	192	163	0.815	0.212
4044.000000	192	163	0.853	0.202
4050.000000	192	163	0.873	0.193
4056.000000	192	163	0.893	0.182
4062.000000	192	163	0.907	0.180
4068.000000	192	163	0.915	0.174
4074.000000	192	163	0.921	0.167
4080.000000	192	163	0.924	0.158
4086.000000	192	163	0.930	0.149
4092.000000	192	127	0.934	0.145
4098.000000	192	127	0.933	0.150
4104.000000	192	127	0.938	0.158
4110.000000	192	127	0.939	0.164
4116.000000	192	127	0.939	0.170
4122.000000	192	127	0.938	0.178
4128.000000	192	127	0.937	0.189
4134.000000	192	127	0.936	0.197
4140.000000	192	127	0.936	0.203
4146.000000	192	127	0.935	0.209
4152.000000	192	127	0.934	0.212
4158.000000	192	127	0.932	0.214
4164.000000	192	127	0.930	0.221
4170.000000	192	127	0.924	0.223
4176.000000	192	127	0.922	0.225
4182.000000	192	127	0.920	0.228
4188.000000	192	127	0.918	0.230
4194.000000	192	127	0.916	0.230
4200.000000	192	127	0.915	0.228
4206.000000	192	12	0.913	0.238
4212.000000	192	12	0.912	0.254
4218.000000	192	12	0.907	0.262
4224.000000	192	12	0.905	0.270
4230.000000	192	12	0.903	0.285
4236.000000	192	12	0.900	0.302
4242.000000	192	12	0.899	0.316
4248.000000	192	12	0.898	0.328
4254.000000	192	12	0.897	0.343
4260.000000	192	12	0.894	0.359
4266.000000	192	12	0.892	0.375
4272.000000	192	12	0.891	0.395
4278.000000	192	12	0.888	0.421
4284.000000	192	12	0.885	0.445
4290.000000	192	12	0.880	0.465
4296.000000	192	12	0.869	0.493
4302.000000	192	12	0.864	0.524
4308.000000	192	12	0.861	0.555
4314.000000	192	12	0.854	0.593
4320.000000	192	12	0.839	0.627
4326.000000	192	12	0.821	0.651
4332.000000	192	12	0.797	0.672
4338.000000	192	12	0.759	0.707
4344.000000	12	192	0.737	0.726
4350.000000	12	192	0.770	0.675
4356.000000	12	192	0.811	0.594
4362.000000	12	192	0.842	0.478
4368.000000	12	192	0.867	0.348
4374.000000	12	44	0.889	0.262
4380.000000	12	44	0.911	0.266
4386.000000	12	44	0.922	0.259
4392.000000	12	44	0.926	0.267
4398.000000	12	44	0.929	0.279
4404.000000	12	44	0.937	0.288
4410.000000	12	44	0.941	0.290
4416.000000	12	44	0.940	0.296
4422.000000	12	44	0.941	0.305
4428.000000	12	44	0.939	0.308
4434.000000	12	44	0.937	0.315
4440.000000	12	44	0.936	0.322
4446.000000	12	44	0.935	0.327
4452.000000	12	44	0.937	0.321
4458.000000	12	44	0.936	0.316
4464.000000	12	44	0.935	0.308
4470.000000	12	44	0.934	0.299
4476.000000	12	44	0.933	0.292
4482.000000	12	44	0.932	0.283
4488.000000	12	44	0.930	0.273
4494.000000	12	44	0.928	0.259
4500.000000	12	44	0.926	0.240
4506.000000	12	44	0.924	0.219
4512.000000	12	167	0.922	0.204
4518.000000	12	167	0.917	0.210
4524.000000	12	167	0.912	0.217
4530.000000	12	167	0.906	0.226
4536.000000	12	167	0.901	0.236
4542.000000	12	167	0.894	0.245
4548.000000	12	167	0.890	0.260
4554.000000	12	167	0.879	0.273
4560.000000	12	167	0.866	0.282
4566.000000	12	167	0.853	0.291
4572.000000	12	167	0.838	0.296
4578.000000	12	167	0.815	0.300
4584.000000	12	167	0.789	0.305
4590.000000	12	167	0.765	0.310
4596.000000	12	167	0.724	0.318
4602.000000	12	167	0.680	0.341
4608.000000	12	167	0.633	0.363
4614.000000	12	167	0.552	0.386
4620.000000	12	167	0.455	0.407
4626.000000	167	155	0.432	0.393
4632.000000	167	155	0.456	0.423
4638.000000	167	155	0.482	0.450
4644.000000	167	155	0.497	0.481
4650.000000	167	155	0.504	0.499
4656.000000	167	155	0.514	0.513
4662.000000	167	155	0.531	0.528
4668.000000	155	167	0.546	0.543
4674.000000	155	167	0.560	0.555
4680.000000	155	167	0.574	0.562
4686.000000	155	167	0.582	0.570
4692.000000	155	167	0.591	0.587
4698.000000	167	155	0.599	0.594
4704.000000	167	155	0.605	0.599
4710.000000	167	155	0.612	0.607
4716.000000	167	155	0.618	0.617
4722.000000	155	167	0.629	0.619
4728.000000	155	167	0.636	0.618
4734.000000	155	167	0.640	0.623
4740.000000	155	167	0.645	0.622
4746.000000	155	167	0.656	0.620
4752.000000	155	167	0.664	0.622
4758.000000	155	167	0.677	0.621
4764.000000	155	167	0.687	0.621
4770.000000	155	167	0.692	0.618
4776.000000	155	167	0.694	0.615
4782.000000	155	167	0.696	0.613
4788.000000	155	167	0.703	0.606
4794.000000	155	167	0.710	0.604
4800.000000	155	167	0.717	0.599
4806.000000	155	167	0.729	0.582
4812.000000	155	167	0.737	0.561
4818.000000	155	167	0.748	0.542
4824.000000	155	167	0.758	0.521
4830.000000	155	167	0.769	0.494
4836.000000	155	167	0.785	0.454
4842.000000	155	167	0.795	0.419
4848.000000	155	167	0.804	0.388
4854.000000	155	167	0.819	0.346
4860.000000	155	167	0.833	0.290
4866.000000	155	167	0.839	0.234
4872.000000	155	142	0.845	0.206
4878.000000	155	142	0.857	0.211
4884.000000	155	142	0.868	0.221
4890.000000	155	142	0.880	0.232
4896.000000	155	142	0.880	0.232
4902.000000	155	142	0.877	0.239
4908.000000	155	142	0.877	0.249
4914.000000	155	142	0.877	0.259
4920.000000	155	142	0.876	0.267
4926.000000	155	142	0.876	0.279
4932.000000	155	142	0.876	0.286
4938.000000	155	142	0.875	0.290
4944.000000	155	142	0.874	0.295
4950.000000	155	142	0.873	0.299
4956.000000	155	142	0.871	0.315
4962.000000	155	142	0.871	0.327
4968.000000	155	142	0.870	0.341
4974.000000	155	142	0.869	0.353
4980.000000	155	142	0.869	0.364
4986.000000	155	142	0.864	0.379
4992.000000	155	142	0.852	0.394
4998.000000	155	142	0.843	0.400
5004.000000	155	142	0.839	0.404
5010.000000	155	142	0.831	0.412
5016.000000	155	142	0.820	0.418
5022.000000	155	142	0.810	0.429
5028.000000	155	142	0.795	0.443
5034.000000	155	142	0.780	0.455
5040.000000	155	142	0.764	0.468
5046.000000	155	142	0.754	0.483
5052.000000	155	142	0.734	0.502
5058.000000	155	142	0.710	0.526
5064.000000	155	142	0.680	0.549
5070.000000	155	142	0.639	0.584
5076.000000	142	155	0.623	0.583
5082.000000	142	155	0.656	0.495
5088.000000	142	155	0.709	0.382
5094.000000	142	139	0.777	0.335
5100.000000	142	139	0.826	0.383
5106.000000	142	139	0.849	0.438
5112.000000	142	139	0.864	0.491
5118.000000	142	139	0.864	0.556
5124.000000	142	139	0.866	0.608
5130.000000	142	139	0.865	0.653
5136.000000	142	139	0.866	0.693
5142.000000	142	139	0.863	0.726
5148.000000	142	139	0.858	0.753
5154.000000	142	139	0.855	0.768
5160.000000	142	139	0.859	0.770
5166.000000	142	139	0.856	0.776
5172.000000	142	139	0.853	0.778
5178.000000	142	139	0.848	0.783
5184.000000	142	139	0.846	0.785
5190.000000	142	139	0.841	0.790
5196.000000	142	139	0.839	0.795
5202.000000	142	139	0.835	0.803
5208.000000	142	139	0.837	0.808
5214.000000	142	139	0.835	0.807
5220.000000	142	139	0.836	0.805
5226.000000	142	139	0.827	0.812
5232.000000	142	139	0.817	0.814
5238.000000	139	142	0.822	0.803
5244.000000	139	142	0.836	0.786
5250.000000	139	142	0.843	0.772
5256.000000	139	142	0.850	0.759
5262.000000	139	142	0.858	0.746
5268.000000	139	142	0.866	0.730
5274.000000	139	142	0.874	0.704
5280.000000	139	142	0.880	0.680
5286.000000	139	142	0.894	0.646
5292.000000	139	142	0.907	0.604
5298.000000	139	142	0.911	0.570
5304.000000	139	142	0.918	0.522
5310.000000	139	142	0.924	0.450
5316.000000	139	142	0.931	0.347
5322.000000	139	142	0.943	0.203
5328.000000	139	128	0.961	0.077
5334.000000	139	128	0.967	0.080
5340.000000	139	128	0.967	0.085
5346.000000	139	128	0.970	0.091
5352.000000	139	128	0.973	0.096
5358.000000	139	128	0.973	0.103
5364.000000	139	128	0.974	0.108
5370.000000	139	128	0.972	0.112
5376.000000	139	128	0.970	0.116
5382.000000	139	128	0.967	0.117
5388.000000	139	128	0.964	0.120
5394.000000	139	128	0.960	0.126
5400.000000	139	128	0.956	0.131
5406.000000	139	128	0.952	0.137
5412.000000	139	128	0.949	0.143
5418.000000	139	128	0.945	0.144
5424.000000	139	128	0.943	0.145
5430.000000	139	128	0.941	0.150
5436.000000	139	128	0.937	0.152
5442.000000	139	128	0.933	0.153
5448.000000	139	128	0.927	0.155
5454.000000	139	128	0.920	0.157
5460.000000	139	128	0.914	0.159
5466.000000	139	128	0.908	0.162
5472.000000	139	128	0.902	0.168
5478.000000	139	128	0.894	0.173
5484.000000	139	128	0.883	0.175
5490.000000	139	128	0.869	0.178
5496.000000	139	128	0.858	0.182
5502.000000	139	128	0.845	0.184
5508.000000	139	128	0.822	0.190
5514.000000	139	128	0.797	0.194
5520.000000	139	44	0.771	0.201
5526.000000	139	44	0.743	0.215
5532.000000	139	44	0.697	0.233
5538.000000	139	44	0.628	0.250
5544.000000	139	44	0.553	0.267
5550.000000	139	44	0.440	0.289
5556.000000	44	139	0.315	0.292
5562.000000	44	189	0.360	0.329
5568.000000	44	189	0.415	0.352
5574.000000	44	189	0.458	0.375
5580.000000	44	189	0.484	0.413
5586.000000	44	189	0.501	0.449
5592.000000	44	189	0.520	0.473
5598.000000	44	189	0.536	0.496
5604.000000	44	189	0.556	0.522
5610.000000	44	189	0.564	0.549
5616.000000	44	189	0.577	0.561
5622.000000	44	189	0.590	0.571
5628.000000	44	189	0.601	0.584
5634.000000	44	189	0.606	0.597
5640.000000	189	44	0.608	0.605
5646.000000	189	44	0.614	0.610
5652.000000	189	44	0.622	0.612
5658.000000	189	44	0.628	0.611
5664.000000	189	44	0.640	0.610
5670.000000	189	44	0.646	0.607
5676.000000	189	44	0.646	0.605
5682.000000	189	44	0.647	0.601
5688.000000	189	44	0.649	0.594
5694.000000	189	44	0.654	0.592
5700.000000	189	44	0.664	0.596
5706.000000	189	44	0.672	0.596
5712.000000	189	44	0.683	0.593
5718.000000	189	44	0.686	0.595
5724.000000	189	44	0.693	0.595
5730.000000	189	128	0.699	0.591
5736.000000	189	128	0.706	0.593
5742.000000	189	128	0.706	0.599
5748.000000	189	128	0.705	0.605
5754.000000	189	128	0.698	0.607
5760.000000	189	128	0.691	0.614
5766.000000	189	128	0.690	0.615
5772.000000	189	128	0.694	0.613
5778.000000	189	128	0.695	0.607
5784.000000	189	128	0.694	0.601
5790.000000	189	128	0.698	0.596
5796.000000	189	128	0.697	0.591
5802.000000	189	128	0.700	0.582
5808.000000	189	128	0.701	0.572
5814.000000	189	128	0.704	0.556
5820.000000	189	128	0.709	0.546
5826.000000	189	128	0.715	0.526
5832.000000	189	128	0.727	0.498
5838.000000	189	128	0.742	0.460
5844.000000	189	128	0.755	0.413
5850.000000	189	128	0.774	0.359
5856.000000	189	128	0.791	0.286
5862.000000	189	100	0.799	0.282
5868.000000	189	100	0.803	0.325
5874.000000	189	100	0.806	0.368
5880.000000	189	100	0.803	0.414
5886.000000	189	100	0.800	0.445
5892.000000	189	100	0.801	0.473
5898.000000	189	100	0.803	0.503
5904.000000	189	100	0.801	0.538
5910.000000	189	100	0.798	0.574
5916.000000	189	100	0.796	0.619
5922.000000	189	100	0.797	0.653
5928.000000	189	100	0.793	0.683
5934.000000	189	100	0.791	0.716
5940.000000	189	100	0.780	0.738
5946.000000	189	100	0.762	0.749
5952.000000	100	189	0.761	0.745
5958.000000	100	189	0.782	0.728
5964.000000	100	189	0.798	0.709
5970.000000	100	189	0.813	0.679
5976.000000	100	189	0.824	0.636
5982.000000	100	189	0.849	0.569
5988.000000	100	189	0.875	0.494
5994.000000	100	189	0.897	0.385
6000.000000	100	189	0.915	0.255
6006.000000	100	192	0.924	0.151
6012.000000	100	192	0.932	0.142
6018.000000	100	122	0.940	0.138
6024.000000	100	122	0.950	0.138
6030.000000	100	122	0.952	0.139
6036.000000	100	122	0.949	0.139
6042.000000	100	122	0.946	0.137
6048.000000	100	150	0.944	0.138
6054.000000	100	140	0.946	0.142
6060.000000	100	140	0.945	0.153
6066.000000	100	140	0.943	0.165
6072.000000	100	140	0.941	0.173
6078.000000	100	132	0.939	0.180
6084.000000	100	132	0.937	0.191
6090.000000	100	132	0.935	0.197
6096.000000	100	132	0.933	0.199
6102.000000	100	132	0.930	0.204
6108.000000	100	132	0.926	0.209
6114.000000	100	140	0.923	0.222
6120.000000	100	140	0.920	0.232
6126.000000	100	140	0.918	0.243
6132.000000	100	140	0.916	0.253
6138.000000	100	140	0.914	0.267
6144.000000	100	140	0.912	0.284
6150.000000	100	140	0.908	0.309
6156.000000	100	140	0.906	0.332
6162.000000	100	140	0.902	0.359
6168.000000	100	140	0.900	0.384
6174.000000	100	140	0.895	0.400
6180.000000	100	140	0.884	0.418
6186.000000	100	140	0.878	0.436
6192.000000	100	140	0.872	0.462
6198.000000	100	140	0.866	0.494
6204.000000	100	140	0.854	0.519
6210.000000	100	140	0.836	0.540
6216.000000	100	140	0.815	0.566
6222.000000	100	140	0.789	0.592
6228.000000	100	140	0.747	0.617
6234.000000	100	140	0.708	0.647
6240.000000	140	100	0.675	0.662
6246.000000	140	100	0.709	0.592
6252.000000	140	100	0.739	0.493
6258.000000	140	30	0.774	0.507
6264.000000	140	30	0.803	0.539
6270.000000	140	30	0.848	0.568
6276.000000	140	30	0.866	0.593
6282.000000	140	30	0.888	0.604
6288.000000	140	30	0.898	0.622
6294.000000	140	30	0.897	0.636
6300.000000	140	30	0.891	0.656
6306.000000	140	30	0.884	0.666
6312.000000	140	30	0.875	0.673
6318.000000	140	30	0.869	0.677
6324.000000	140	30	0.868	0.677
6330.000000	140	30	0.867	0.678
6336.000000	140	30	0.867	0.682
6342.000000	140	30	0.865	0.686
6348.000000	140	30	0.859	0.692
6354.000000	140	30	0.856	0.699
6360.000000	140	30	0.856	0.710
6366.000000	140	30	0.846	0.725
6372.000000	140	30	0.845	0.729
6378.000000	140	30	0.840	0.733
6384.000000	140	30	0.836	0.736
6390.000000	140	30	0.832	0.740
6396.000000	140	30	0.824	0.746
6402.000000	140	30	0.815	0.752
6408.000000	140	30	0.809	0.758
6414.000000	140	30	0.793	0.773
6420.000000	140	30	0.786	0.779
6426.000000	30	140	0.788	0.778
6432.000000	30	140	0.793	0.772
6438.000000	30	140	0.795	0.764
6444.000000	30	140	0.798	0.752
6450.000000	30	140	0.798	0.741
6456.000000	30	140	0.796	0.729
6462.000000	30	140	0.796	0.717
6468.000000	30	140	0.804	0.693
6474.000000	30	140	0.817	0.662
6480.000000	30	140	0.824	0.626
6486.000000	30	140	0.828	0.588
6492.000000	30	140	0.837	0.539
6498.000000	30	140	0.851	0.462
6504.000000	30	140	0.872	0.330
6510.000000	30	140	0.892	0.174
6516.000000	30	64	0.908	0.132
6522.000000	30	64	0.922	0.129
6528.000000	30	64	0.932	0.126
6534.000000	30	64	0.937	0.129
6540.000000	30	64	0.942	0.135
6546.000000	30	64	0.947	0.137
6552.000000	30	64	0.952	0.135
6558.000000	30	64	0.953	0.134
6564.000000	30	64	0.953	0.136
6570.000000	30	64	0.953	0.138
6576.000000	30	64	0.954	0.141
6582.000000	30	28	0.956	0.140
6588.000000	30	28	0.956	0.143
6594.000000	30	28	0.955	0.147
6600.000000	30	28	0.954	0.151
6606.000000	30	28	0.952	0.156
6612.000000	30	28	0.950	0.159
6618.000000	30	28	0.949	0.164
6624.000000	30	28	0.947	0.169
6630.000000	30	28	0.946	0.170
6636.000000	30	28	0.943	0.173
6642.000000	30	28	0.940	0.177
6648.000000	30	28	0.935	0.181
6654.000000	30	28	0.933	0.182
6660.000000	30	28	0.931	0.181
6666.000000	30	48	0.929	0.182
6672.000000	30	48	0.924	0.194
6678.000000	30	48	0.919	0.202
6684.000000	30	48	0.914	0.212
6690.000000	30	48	0.909	0.222
6696.000000	30	48	0.901	0.232
6702.000000	30	48	0.890	0.245
6708.000000	30	48	0.874	0.266
6714.000000	30	48	0.852	0.289
6720.000000	30	48	0.827	0.308
6726.000000	30	48	0.791	0.333
6732.000000	30	48	0.739	0.373
6738.000000	30	48	0.680	0.426
6744.000000	30	48	0.597	0.499
6750.000000	48	30	0.585	0.453
6756.000000	48	30	0.690	0.267
6762.000000	48	28	0.794	0.259
6768.000000	48	28	0.853	0.254
6774.000000	48	28	0.878	0.254
6780.000000	48	28	0.894	0.243
6786.000000	48	28	0.906	0.234
6792.000000	48	28	0.913	0.236
6798.000000	48	28	0.920	0.240
6804.000000	48	28	0.927	0.235
6810.000000	48	28	0.927	0.229
6816.000000	48	28	0.926	0.224
6822.000000	48	28	0.927	0.220
6828.000000	48	28	0.929	0.216
6834.000000	48	28	0.930	0.213
6840.000000	48	28	0.931	0.205
6846.000000	48	28	0.930	0.194
6852.000000	48	28	0.928	0.183
6858.000000	48	191	0.926	0.184
6864.000000	48	191	0.924	0.186
6870.000000	48	191	0.922	0.184
6876.000000	48	191	0.921	0.180
6882.000000	48	126	0.921	0.181
6888.000000	48	126	0.922	0.186
6894.000000	48	126	0.921	0.188
6900.000000	48	126	0.919	0.190
6906.000000	48	126	0.919	0.189
6912.000000	48	126	0.918	0.187
6918.000000	48	126	0.918	0.188
6924.000000	48	126	0.918	0.187
6930.000000	48	126	0.919	0.185
6936.000000	48	126	0.919	0.182
6942.000000	48	126	0.919	0.174
6948.000000	48	126	0.920	0.162
6954.000000	48	126	0.920	0.159
6960.000000	48	126	0.920	0.155
6966.000000	48	126	0.921	0.144
6972.000000	48	126	0.921	0.135
6978.000000	48	126	0.922	0.125
6984.000000	48	3	0.923	0.122
6990.000000	48	3	0.925	0.124
6996.000000	48	3	0.925	0.127
7002.000000	48	3	0.926	0.130
7008.000000	48	3	0.929	0.130
7014.000000	48	3	0.933	0.130
7020.000000	48	3	0.937	0.131
7026.000000	48	3	0.939	0.129
7032.000000	48	3	0.941	0.130
7038.000000	48	3	0.946	0.134
7044.000000	48	3	0.950	0.140
7050.000000	48	3	0.950	0.144
7056.000000	48	3	0.951	0.147
7062.000000	48	3	0.950	0.153
7068.000000	48	3	0.949	0.156
7074.000000	48	3	0.947	0.156
7080.000000	48	3	0.945	0.154
7086.000000	48	3	0.945	0.151
7092.000000	48	3	0.944	0.150
7098.000000	48	3	0.943	0.149
7104.000000	48	3	0.938	0.155
7110.000000	48	3	0.934	0.161
7116.000000	48	3	0.928	0.168
7122.000000	48	3	0.921	0.173
7128.000000	48	3	0.918	0.181
7134.000000	48	3	0.915	0.190
7140.000000	48	3	0.910	0.200
7146.000000	48	3	0.901	0.207
7152.000000	48	3	0.891	0.214
7158.000000	48	3	0.880	0.221
7164.000000	48	3	0.869	0.225
7170.000000	48	3	0.853	0.224
7176.000000	48	3	0.837	0.225
7182.000000	48	3	0.820	0.227
7188.000000	48	3	0.804	0.231
7194.000000	48	3	0.781	0.233
7200.000000	48	3	0.741	0.233
7206.000000	48	3	0.684	0.238
7212.000000	48	3	0.609	0.253
7218.000000	48	3	0.491	0.275
7224.000000	3	48	0.309	0.267
7230.000000	3	12	0.355	0.241
7236.000000	3	12	0.410	0.272
7242.000000	3	12	0.494	0.333
7248.000000	3	12	0.615	0.416
7254.000000	3	12	0.699	0.495
7260.000000	3	12	0.759	0.558
7266.000000	3	12	0.786	0.605
7272.000000	3	12	0.801	0.632
7278.000000	3	12	0.814	0.645
7284.000000	3	12	0.818	0.655
7290.000000	3	12	0.822	0.662
7296.000000	3	12	0.824	0.666
7302.000000	3	12	0.822	0.669
7308.000000	3	12	0.821	0.672
7314.000000	3	12	0.819	0.678
7320.000000	3	12	0.822	0.679
7326.000000	3	12	0.825	0.676
7332.000000	3	12	0.825	0.679
7338.000000	3	12	0.829	0.682
7344.000000	3	12	0.831	0.685
7350.000000	3	12	0.829	0.686
7356.000000	3	12	0.827	0.685
7362.000000	3	12	0.826	0.685
7368.000000	3	12	0.825	0.686
7374.000000	3	12	0.822	0.693
7380.000000	3	12	0.822	0.693
7386.000000	3	12	0.824	0.690
7392.000000	3	12	0.826	0.686
7398.000000	3	12	0.828	0.680
7404.000000	3	12	0.827	0.675
7410.000000	3	12	0.827	0.670
7416.000000	3	12	0.826	0.664
7422.000000	3	12	0.823	0.662
7428.000000	3	12	0.815	0.664
7434.000000	3	12	0.812	0.660
7440.000000	3	12	0.811	0.653
7446.000000	3	12	0.812	0.649
7452.000000	3	12	0.812	0.643
7458.000000	3	12	0.813	0.640
7464.000000	3	12	0.807	0.635
7470.000000	3	12	0.799	0.633
7476.000000	3	12	0.792	0.626
7482.000000	3	12	0.788	0.611
7488.000000	3	12	0.790	0.587
7494.000000	3	12	0.791	0.567
7500.000000	3	12	0.788	0.548
7506.000000	3	12	0.784	0.529
7512.000000	3	12	0.776	0.500
7518.000000	3	12	0.767	0.444
7524.000000	3	12	0.765	0.371
7530.000000	3	12	0.765	0.291
7536.000000	3	12	0.771	0.198
7542.000000	3	130	0.772	0.140
7548.000000	3	130	0.775	0.132
7554.000000	3	167	0.769	0.133
7560.000000	3	167	0.759	0.142
7566.000000	3	167	0.750	0.152
7572.000000	3	167	0.743	0.165
7578.000000	3	167	0.730	0.179
7584.000000	3	167	0.715	0.188
7590.000000	3	167	0.695	0.200
7596.000000	3	167	0.673	0.223
7602.000000	3	167	0.641	0.263
7608.000000	3	167	0.592	0.300
7614.000000	3	167	0.530	0.336
7620.000000	3	167	0.418	0.373
7626.000000	167	3	0.418	0.268
7632.000000	167	18	0.477	0.297
7638.000000	167	18	0.530	0.331
7644.000000	167	18	0.566	0.372
7650.000000	167	18	0.599	0.417
7656.000000	167	18	0.627	0.449
7662.000000	167	18	0.646	0.478
7668.000000	167	18	0.668	0.507
7674.000000	167	18	0.684	0.524
7680.000000	167	18	0.693	0.543
7686.000000	167	18	0.693	0.555
7692.000000	167	18	0.700	0.562
7698.000000	167	18	0.706	0.565
7704.000000	167	18	0.708	0.566
7710.000000	167	18	0.709	0.568
7716.000000	167	18	0.716	0.572
7722.000000	167	18	0.716	0.581
7728.000000	167	18	0.714	0.586
7734.000000	167	18	0.716	0.587
7740.000000	167	18	0.721	0.589
7746.000000	167	18	0.718	0.596
7752.000000	167	18	0.716	0.600
7758.000000	167	18	0.715	0.604
7764.000000	167	18	0.712	0.604
7770.000000	167	18	0.707	0.610
7776.000000	167	18	0.707	0.615
7782.000000	167	18	0.708	0.620
7788.000000	167	18	0.707	0.627
7794.000000	167	18	0.705	0.630
7800.000000	167	18	0.698	0.641
7806.000000	167	18	0.694	0.650
7812.000000	167	18	0.693	0.662
7818.000000	167	18	0.692	0.670
7824.000000	167	18	0.688	0.672
7830.000000	167	18	0.683	0.672
7836.000000	167	18	0.679	0.675
7842.000000	18	167	0.680	0.671
7848.000000	18	167	0.685	0.669
7854.000000	18	167	0.693	0.659
7860.000000	18	167	0.699	0.642
7866.000000	18	167	0.705	0.618
7872.000000	18	167	0.716	0.581
7878.000000	18	167	0.725	0.550
7884.000000	18	167	0.734	0.504
7890.000000	18	167	0.746	0.440
7896.000000	18	167	0.768	0.366
7902.000000	18	167	0.790	0.287
7908.000000	18	66	0.805	0.230
7914.000000	18	66	0.826	0.188
7920.000000	18	38	0.843	0.164
7926.000000	18	38	0.860	0.175
7932.000000	18	38	0.873	0.179
7938.000000	18	38	0.884	0.183
7944.000000	18	38	0.893	0.192
7950.000000	18	38	0.901	0.206
7956.000000	18	38	0.905	0.224
7962.000000	18	38	0.906	0.241
7968.000000	18	38	0.912	0.250
7974.000000	18	38	0.915	0.267
7980.000000	18	38	0.917	0.281
7986.000000	18	38	0.917	0.290
7992.000000	18	38	0.916	0.295
7998.000000	18	38	0.916	0.302
8004.000000	18	38	0.913	0.316
8010.000000	18	38	0.908	0.333
8016.000000	18	38	0.904	0.353
8022.000000	18	38	0.900	0.370
8028.000000	18	38	0.897	0.380
8034.000000	18	38	0.889	0.394
8040.000000	18	38	0.884	0.400
8046.000000	18	38	0.882	0.410
8052.000000	18	38	0.875	0.418
8058.000000	18	38	0.867	0.426
8064.000000	18	38	0.856	0.437
8070.000000	18	38	0.848	0.449
8076.000000	18	38	0.834	0.461
8082.000000	18	38	0.816	0.471
8088.000000	18	38	0.801	0.486
8094.000000	18	38	0.782	0.500
8100.000000	18	38	0.748	0.520
8106.000000	18	38	0.705	0.536
8112.000000	18	38	0.637	0.562
8118.000000	38	18	0.598	0.541
8124.000000	38	18	0.631	0.438
8130.000000	38	25	0.691	0.407
8136.000000	38	25	0.768	0.437
8142.000000	38	25	0.827	0.470
8148.000000	38	25	0.847	0.498
8154.000000	38	25	0.860	0.520
8160.000000	38	25	0.874	0.528
8166.000000	38	25	0.876	0.545
8172.000000	38	25	0.883	0.553
8178.000000	38	25	0.887	0.563
8184.000000	38	25	0.891	0.568
8190.000000	38	25	0.893	0.575
8196.000000	38	25	0.890	0.580
8202.000000	38	25	0.892	0.582
8208.000000	38	25	0.894	0.582
8214.000000	38	25	0.893	0.582
8220.000000	38	25	0.893	0.585
8226.000000	38	25	0.896	0.583
8232.000000	38	25	0.897	0.585
8238.000000	38	25	0.896	0.586
8244.000000	38	25	0.894	0.588
8250.000000	38	25	0.895	0.587
8256.000000	38	25	0.895	0.583
8262.000000	38	25	0.896	0.578
8268.000000	38	25	0.896	0.573
8274.000000	38	25	0.898	0.565
8280.000000	38	25	0.898	0.561
8286.000000	38	25	0.899	0.556
8292.000000	38	25	0.896	0.548
8298.000000	38	25	0.891	0.540
8304.000000	38	25	0.889	0.530
8310.000000	38	25	0.894	0.512
8316.000000	38	25	0.896	0.492
8322.000000	38	25	0.896	0.464
8328.000000	38	25	0.897	0.425
8334.000000	38	25	0.903	0.369
8340.000000	38	25	0.906	0.299
8346.000000	38	116	0.909	0.293
8352.000000	38	116	0.911	0.320
8358.000000	38	116	0.914	0.357
8364.000000	38	116	0.917	0.407
8370.000000	38	116	0.916	0.467
8376.000000	38	116	0.913	0.529
8382.000000	38	116	0.909	0.591
8388.000000	38	116	0.899	0.648
8394.000000	38	116	0.889	0.689
8400.000000	38	116	0.867	0.736
8406.000000	38	116	0.854	0.764
8412.000000	38	116	0.829	0.796
8418.000000	116	38	0.828	0.796
8424.000000	116	38	0.861	0.756
8430.000000	116	38	0.879	0.709
8436.000000	116	38	0.899	0.640
8442.000000	116	38	0.928	0.531
8448.000000	116	38	0.948	0.395
8454.000000	116	38	0.969	0.211
8460.000000	116	38	0.973	0.093
8466.000000	116	62	0.975	0.067
8472.000000	116	62	0.974	0.077
8478.000000	116	62	0.974	0.085
8484.000000	116	62	0.974	0.092
8490.000000	116	62	0.973	0.107
8496.000000	116	62	0.971	0.121
8502.000000	116	62	0.969	0.133
8508.000000	116	62	0.967	0.147
8514.000000	116	62	0.965	0.161
8520.000000	116	62	0.962	0.175
8526.000000	116	62	0.957	0.190
8532.000000	116	62	0.951	0.206
8538.000000	116	62	0.946	0.224
8544.000000	116	62	0.941	0.249
8550.000000	116	62	0.935	0.268
8556.000000	116	62	0.927	0.283
8562.000000	116	62	0.920	0.299
8568.000000	116	62	0.911	0.315
8574.000000	116	62	0.905	0.327
8580.000000	116	62	0.901	0.341
8586.000000	116	62	0.895	0.352
8592.000000	116	62	0.887	0.369
8598.000000	116	62	0.881	0.381
8604.000000	116	62	0.878	0.393
8610.000000	116	62	0.874	0.405
8616.000000	116	62	0.868	0.422
8622.000000	116	62	0.856	0.444
8628.000000	116	62	0.844	0.458
8634.000000	116	62	0.831	0.470
8640.000000	116	62	0.814	0.488
8646.000000	116	62	0.791	0.512
8652.000000	116	62	0.770	0.535
8658.000000	116	62	0.746	0.557
8664.000000	116	62	0.718	0.589
8670.000000	116	62	0.665	0.628
8676.000000	62	116	0.659	0.611
8682.000000	62	116	0.697	0.525
8688.000000	62	65	0.741	0.487
8694.000000	62	65	0.783	0.527
8700.000000	62	65	0.826	0.575
8706.000000	62	65	0.847	0.620
8712.000000	62	65	0.863	0.637
8718.000000	62	65	0.866	0.642
8724.000000	62	65	0.867	0.646
8730.000000	62	65	0.864	0.648
8736.000000	62	65	0.869	0.645
8742.000000	62	65	0.881	0.646
8748.000000	62	65	0.881	0.648
8754.000000	62	65	0.879	0.646
8760.000000	62	65	0.875	0.646
8766.000000	62	65	0.874	0.646
8772.000000	62	65	0.876	0.647
8778.000000	62	65	0.873	0.643
8784.000000	62	65	0.869	0.640
8790.000000	62	65	0.862	0.641
8796.000000	62	65	0.857	0.640
8802.000000	62	65	0.853	0.639
8808.000000	62	65	0.849	0.638
8814.000000	62	65	0.843	0.639
8820.000000	62	65	0.837	0.641
8826.000000	62	65	0.830	0.642
8832.000000	62	65	0.828	0.638
8838.000000	62	65	0.824	0.636
8844.000000	62	65	0.822	0.633
8850.000000	62	65	0.822	0.622
8856.000000	62	65	0.821	0.606
8862.000000	62	65	0.816	0.594
8868.000000	62	65	0.810	0.583
8874.000000	62	65	0.805	0.567
8880.000000	62	65	0.800	0.548
8886.000000	62	65	0.794	0.521
8892.000000	62	65	0.792	0.482
8898.000000	62	65	0.792	0.427
8904.000000	62	65	0.790	0.350
8910.000000	62	65	0.788	0.255
8916.000000	62	141	0.791	0.197
8922.000000	62	141	0.797	0.188
8928.000000	62	141	0.798	0.178
8934.000000	62	141	0.797	0.173
8940.000000	62	141	0.792	0.162
8946.000000	62	141	0.783	0.151
8952.000000	62	141	0.777	0.142
8958.000000	62	141	0.767	0.135
8964.000000	62	141	0.756	0.130
8970.000000	62	141	0.744	0.128
8976.000000	62	141	0.728	0.128
8982.000000	62	141	0.702	0.131
8988.000000	62	141	0.666	0.134
8994.000000	62	141	0.625	0.135
9000.000000	62	141	0.573	0.135
9006.000000	62	53	0.477	0.136
9012.000000	62	53	0.349	0.152
9018.000000	62	53	0.205	0.166
9024.000000	53	96	0.182	0.153
9030.000000	53	96	0.192	0.171
9036.000000	53	96	0.218	0.200
9042.000000	53	96	0.256	0.242
9048.000000	53	96	0.306	0.296
9054.000000	53	96	0.379	0.372
9060.000000	53	96	0.494	0.472
9066.000000	53	96	0.605	0.566
9072.000000	53	96	0.680	0.652
9078.000000	53	96	0.726	0.712
9084.000000	96	53	0.763	0.753
9090.000000	96	53	0.795	0.783
9096.000000	96	53	0.805	0.797
9102.000000	96	53	0.814	0.803
9108.000000	96	53	0.824	0.807
9114.000000	96	53	0.837	0.810
9120.000000	96	53	0.836	0.818
9126.000000	96	53	0.834	0.825
9132.000000	96	53	0.833	0.830
9138.000000	96	53	0.837	0.834
9144.000000	53	96	0.839	0.836
9150.000000	53	96	0.840	0.837
9156.000000	53	96	0.841	0.840
9162.000000	96	53	0.845	0.841
9168.000000	96	53	0.849	0.843
9174.000000	96	53	0.849	0.844
9180.000000	96	53	0.849	0.846
9186.000000	96	53	0.849	0.847
9192.000000	96	53	0.850	0.848
9198.000000	96	53	0.853	0.846
9204.000000	96	53	0.851	0.849
9210.000000	96	53	0.851	0.850
9216.000000	53	96	0.851	0.850
9222.000000	53	96	0.852	0.850
9228.000000	53	96	0.855	0.847
9234.000000	53	96	0.857	0.847
9240.000000	53	96	0.861	0.848
9246.000000	53	96	0.867	0.845
9252.000000	53	96	0.867	0.847
9258.000000	53	96	0.865	0.850
9264.000000	53	96	0.861	0.852
9270.000000	53	96	0.862	0.853
9276.000000	53	96	0.865	0.853
9282.000000	53	96	0.866	0.853
9288.000000	53	96	0.866	0.853
9294.000000	53	96	0.868	0.852
9300.000000	53	96	0.871	0.848
9306.000000	53	96	0.871	0.848
9312.000000	53	96	0.871	0.850
9318.000000	53	96	0.871	0.850
9324.000000	53	96	0.865	0.853
9330.000000	53	96	0.860	0.852
9336.000000	53	96	0.857	0.844
9342.000000	53	96	0.850	0.841
9348.000000	96	53	0.842	0.838
9354.000000	96	53	0.841	0.828
9360.000000	96	53	0.840	0.814
9366.000000	96	53	0.842	0.792
9372.000000	96	53	0.837	0.780
9378.000000	96	53	0.834	0.758
9384.000000	96	53	0.826	0.728
9390.000000	96	53	0.818	0.692
9396.000000	96	53	0.816	0.636
9402.000000	96	53	0.816	0.559
9408.000000	96	53	0.816	0.461
9414.000000	96	53	0.824	0.313
9420.000000	96	53	0.838	0.130
9426.000000	96	53	0.851	0.055
9432.000000	96	53	0.866	0.038
9438.000000	96	16	0.876	0.036
9444.000000	96	16	0.885	0.036
9450.000000	96	16	0.893	0.038
9456.000000	96	16	0.897	0.038
9462.000000	96	16	0.903	0.038
9468.000000	96	16	0.912	0.037
9474.000000	96	184	0.918	0.036
9480.000000	96	184	0.929	0.036
9486.000000	96	173	0.939	0.037
9492.000000	96	173	0.948	0.038
9498.000000	96	173	0.953	0.038
9504.000000	96	173	0.956	0.038
9510.000000	96	173	0.957	0.038
9516.000000	96	173	0.960	0.038
9522.000000	96	184	0.963	0.037
9528.000000	96	105	0.965	0.037
9534.000000	96	105	0.965	0.037
9540.000000	96	173	0.964	0.038
9546.000000	96	173	0.963	0.041
9552.000000	96	173	0.963	0.044
9558.000000	96	173	0.964	0.046
9564.000000	96	173	0.963	0.048
9570.000000	96	173	0.963	0.048
9576.000000	96	173	0.963	0.048
9582.000000	96	173	0.962	0.047
9588.000000	96	173	0.962	0.045
9594.000000	96	173	0.962	0.044
9600.000000	96	173	0.963	0.042
9606.000000	96	173	0.962	0.042
9612.000000	96	173	0.960	0.041
9618.000000	96	173	0.959	0.041
9624.000000	96	173	0.956	0.040
9630.000000	96	173	0.952	0.039
9636.000000	96	173	0.949	0.036
9642.000000	96	105	0.943	0.034
9648.000000	96	105	0.939	0.034
9654.000000	96	105	0.936	0.034
9660.000000	96	105	0.933	0.035
9666.000000	96	105	0.928	0.036
9672.000000	96	105	0.924	0.037
9678.000000	96	105	0.922	0.037
9684.000000	96	105	0.918	0.036
9690.000000	96	105	0.911	0.034
9696.000000	96	178	0.901	0.033
9702.000000	96	178	0.892	0.033
9708.000000	96	178	0.881	0.033
9714.000000	96	178	0.870	0.033
9720.000000	96	178	0.857	0.033
9726.000000	96	178	0.839	0.031
9732.000000	96	55	0.812	0.030
9738.000000	96	55	0.774	0.030
9744.000000	96	55	0.711	0.027
9750.000000	96	80	0.594	0.027
9756.000000	96	80	0.365	0.027
9762.000000	96	80	0.040	0.015
9768.000000	80	35	0.010	0.009
9774.000000	80	166	0.008	0.008
