0.000000	125	102	0.000	0.000
6.000000	44	139	0.992	0.030
12.000000	44	139	0.993	0.031
18.000000	44	139	0.992	0.032
24.000000	44	139	0.992	0.033
30.000000	44	56	0.991	0.034
36.000000	44	23	0.990	0.038
42.000000	44	23	0.989	0.040
48.000000	44	23	0.988	0.042
54.000000	44	23	0.986	0.044
60.000000	44	23	0.985	0.048
66.000000	44	23	0.983	0.052
72.000000	44	195	0.982	0.056
78.000000	44	195	0.980	0.062
84.000000	44	195	0.978	0.067
90.000000	44	158	0.976	0.072
96.000000	44	158	0.974	0.078
102.000000	44	128	0.972	0.083
108.000000	44	128	0.970	0.086
114.000000	44	128	0.968	0.092
120.000000	44	128	0.965	0.097
126.000000	44	128	0.962	0.100
132.000000	44	128	0.960	0.103
138.000000	44	128	0.957	0.108
144.000000	44	128	0.955	0.113
150.000000	44	128	0.952	0.120
156.000000	44	128	0.950	0.125
162.000000	44	128	0.948	0.129
168.000000	44	128	0.945	0.132
174.000000	44	56	0.943	0.132
180.000000	44	56	0.942	0.138
186.000000	44	56	0.940	0.142
192.000000	44	56	0.938	0.148
198.000000	44	56	0.936	0.153
204.000000	44	56	0.935	0.156
210.000000	44	56	0.934	0.160
216.000000	44	56	0.933	0.163
222.000000	44	56	0.933	0.165
228.000000	44	106	0.932	0.177
234.000000	44	106	0.931	0.189
240.000000	44	106	0.929	0.199
246.000000	44	106	0.927	0.207
252.000000	44	106	0.926	0.216
258.000000	44	106	0.926	0.223
264.000000	44	106	0.927	0.230
270.000000	44	106	0.927	0.238
276.000000	44	106	0.926	0.245
282.000000	44	106	0.925	0.249
288.000000	44	106	0.924	0.258
294.000000	44	106	0.923	0.273
300.000000	44	106	0.922	0.290
306.000000	44	106	0.920	0.311
312.000000	44	106	0.918	0.335
318.000000	44	106	0.915	0.373
324.000000	44	106	0.911	0.401
330.000000	44	106	0.904	0.431
336.000000	44	106	0.898	0.450
342.000000	44	106	0.892	0.477
348.000000	44	106	0.881	0.509
354.000000	44	106	0.866	0.538
360.000000	44	106	0.840	0.581
366.000000	44	106	0.812	0.610
372.000000	44	106	0.767	0.649
378.000000	44	106	0.726	0.689
384.000000	106	44	0.731	0.672
390.000000	106	44	0.766	0.607
396.000000	106	44	0.794	0.505
402.000000	106	56	0.827	0.471
408.000000	106	56	0.863	0.507
414.000000	106	56	0.895	0.527
420.000000	106	56	0.906	0.541
426.000000	106	56	0.908	0.545
432.000000	106	56	0.904	0.558
438.000000	106	56	0.900	0.579
444.000000	106	56	0.899	0.589
450.000000	106	56	0.898	0.596
456.000000	106	56	0.898	0.600
462.000000	106	56	0.896	0.606
468.000000	106	56	0.894	0.605
474.000000	106	56	0.891	0.605
480.000000	106	56	0.887	0.603
486.000000	106	56	0.885	0.595
492.000000	106	56	0.883	0.591
498.000000	106	56	0.880	0.588
504.000000	106	56	0.884	0.581
510.000000	106	56	0.883	0.576
516.000000	106	56	0.882	0.573
522.000000	106	56	0.882	0.573
528.000000	106	56	0.883	0.572
534.000000	106	56	0.881	0.568
540.000000	106	56	0.876	0.568
546.000000	106	56	0.871	0.568
552.000000	106	56	0.864	0.562
558.000000	106	56	0.857	0.555
564.000000	106	56	0.854	0.545
570.000000	106	56	0.850	0.532
576.000000	106	56	0.843	0.519
582.000000	106	56	0.835	0.501
588.000000	106	56	0.828	0.479
594.000000	106	56	0.821	0.459
600.000000	106	56	0.816	0.433
606.000000	106	56	0.812	0.401
612.000000	106	56	0.807	0.361
618.000000	106	56	0.801	0.313
624.000000	106	56	0.797	0.257
630.000000	106	56	0.791	0.195
636.000000	106	36	0.784	0.163
642.000000	106	36	0.778	0.167
648.000000	106	36	0.773	0.172
654.000000	106	36	0.764	0.175
660.000000	106	36	0.753	0.178
666.000000	106	36	0.731	0.186
672.000000	106	36	0.708	0.193
678.000000	106	105	0.675	0.216
684.000000	106	105	0.633	0.247
690.000000	106	105	0.582	0.280
696.000000	106	105	0.519	0.316
702.000000	106	105	0.433	0.366
708.000000	105	106	0.420	0.327
714.000000	105	135	0.472	0.240
720.000000	105	135	0.518	0.251
726.000000	105	135	0.559	0.251
732.000000	105	135	0.593	0.255
738.000000	105	173	0.628	0.258
744.000000	105	173	0.653	0.273
750.000000	105	173	0.667	0.285
756.000000	105	173	0.682	0.292
762.000000	105	173	0.695	0.295
768.000000	105	143	0.707	0.302
774.000000	105	143	0.717	0.309
780.000000	105	143	0.728	0.318
786.000000	105	143	0.740	0.325
792.000000	105	143	0.752	0.331
798.000000	105	143	0.754	0.334
804.000000	105	143	0.757	0.341
810.000000	105	143	0.759	0.351
816.000000	105	143	0.763	0.354
822.000000	105	143	0.766	0.361
828.000000	105	143	0.778	0.366
834.000000	105	143	0.788	0.372
840.000000	105	143	0.798	0.378
846.000000	105	143	0.803	0.383
852.000000	105	143	0.814	0.382
858.000000	105	143	0.829	0.385
864.000000	105	143	0.835	0.385
870.000000	105	143	0.837	0.387
876.000000	105	143	0.841	0.396
882.000000	105	143	0.850	0.403
888.000000	105	143	0.860	0.402
894.000000	105	143	0.872	0.401
900.000000	105	143	0.885	0.402
906.000000	105	143	0.896	0.408
912.000000	105	143	0.906	0.413
918.000000	105	143	0.913	0.418
924.000000	105	143	0.922	0.425
930.000000	105	143	0.924	0.436
936.000000	105	143	0.925	0.439
942.000000	105	143	0.924	0.434
948.000000	105	143	0.924	0.426
954.000000	105	143	0.924	0.420
960.000000	105	143	0.925	0.414
966.000000	105	143	0.928	0.400
972.000000	105	143	0.933	0.389
978.000000	105	143	0.934	0.376
984.000000	105	143	0.932	0.365
990.000000	105	143	0.932	0.350
996.000000	105	143	0.933	0.332
1002.000000	105	143	0.932	0.314
1008.000000	105	143	0.930	0.294
1014.000000	105	143	0.931	0.270
1020.000000	105	143	0.931	0.247
1026.000000	105	143	0.927	0.223
1032.000000	105	143	0.925	0.194
1038.000000	105	143	0.923	0.162
1044.000000	105	110	0.918	0.163
1050.000000	105	110	0.916	0.168
1056.000000	105	110	0.913	0.162
1062.000000	105	110	0.909	0.153
1068.000000	105	110	0.905	0.151
1074.000000	105	110	0.903	0.153
1080.000000	105	0	0.900	0.159
1086.000000	105	0	0.895	0.168
1092.000000	105	0	0.885	0.174
1098.000000	105	0	0.873	0.179
1104.000000	105	89	0.860	0.188
1110.000000	105	89	0.843	0.208
1116.000000	105	89	0.827	0.223
1122.000000	105	89	0.804	0.239
1128.000000	105	89	0.775	0.259
1134.000000	105	89	0.739	0.281
1140.000000	105	89	0.690	0.306
1146.000000	105	89	0.615	0.337
1152.000000	105	89	0.507	0.375
1158.000000	89	105	0.449	0.339
1164.000000	89	0	0.524	0.260
1170.000000	89	0	0.598	0.262
1176.000000	89	0	0.664	0.268
1182.000000	89	0	0.703	0.272
1188.000000	89	0	0.722	0.283
1194.000000	89	0	0.740	0.293
1200.000000	89	0	0.757	0.299
1206.000000	89	0	0.762	0.305
1212.000000	89	0	0.769	0.309
1218.000000	89	0	0.777	0.313
1224.000000	89	0	0.787	0.307
1230.000000	89	0	0.796	0.310
1236.000000	89	0	0.801	0.312
1242.000000	89	0	0.807	0.307
1248.000000	89	0	0.821	0.301
1254.000000	89	0	0.825	0.299
1260.000000	89	0	0.836	0.295
1266.000000	89	0	0.847	0.292
1272.000000	89	0	0.855	0.286
1278.000000	89	0	0.863	0.282
1284.000000	89	0	0.868	0.275
1290.000000	89	63	0.872	0.273
1296.000000	89	63	0.879	0.282
1302.000000	89	63	0.882	0.300
1308.000000	89	63	0.887	0.315
1314.000000	89	63	0.892	0.325
1320.000000	89	63	0.897	0.335
1326.000000	89	63	0.898	0.351
1332.000000	89	63	0.898	0.364
1338.000000	89	63	0.898	0.376
1344.000000	89	63	0.900	0.389
1350.000000	89	63	0.901	0.394
1356.000000	89	63	0.904	0.402
1362.000000	89	63	0.907	0.415
1368.000000	89	63	0.913	0.423
1374.000000	89	63	0.915	0.437
1380.000000	89	63	0.915	0.449
1386.000000	89	63	0.914	0.466
1392.000000	89	63	0.912	0.481
1398.000000	89	63	0.911	0.498
1404.000000	89	63	0.911	0.511
1410.000000	89	63	0.911	0.525
1416.000000	89	63	0.909	0.541
1422.000000	89	63	0.906	0.552
1428.000000	89	63	0.904	0.557
1434.000000	89	63	0.904	0.562
1440.000000	89	63	0.902	0.569
1446.000000	89	63	0.898	0.574
1452.000000	89	63	0.896	0.579
1458.000000	89	63	0.891	0.588
1464.000000	89	63	0.886	0.605
1470.000000	89	63	0.885	0.613
1476.000000	89	63	0.879	0.623
1482.000000	89	63	0.874	0.624
1488.000000	89	63	0.864	0.627
1494.000000	89	63	0.856	0.633
1500.000000	89	63	0.846	0.639
1506.000000	89	63	0.830	0.649
1512.000000	89	63	0.807	0.673
1518.000000	89	63	0.791	0.691
1524.000000	89	63	0.768	0.714
1530.000000	63	89	0.737	0.733
1536.000000	63	89	0.759	0.685
1542.000000	63	89	0.788	0.623
1548.000000	63	89	0.825	0.520
1554.000000	63	89	0.857	0.371
1560.000000	63	141	0.876	0.263
1566.000000	63	141	0.888	0.273
1572.000000	63	141	0.899	0.275
1578.000000	63	141	0.910	0.281
1584.000000	63	141	0.913	0.287
1590.000000	63	141	0.912	0.292
1596.000000	63	141	0.911	0.299
1602.000000	63	141	0.909	0.308
1608.000000	63	141	0.906	0.315
1614.000000	63	141	0.904	0.319
1620.000000	63	141	0.902	0.320
1626.000000	63	141	0.899	0.320
1632.000000	63	141	0.897	0.322
1638.000000	63	141	0.895	0.324
1644.000000	63	141	0.892	0.324
1650.000000	63	141	0.890	0.320
1656.000000	63	141	0.889	0.314
1662.000000	63	141	0.888	0.309
1668.000000	63	141	0.887	0.304
1674.000000	63	141	0.887	0.303
1680.000000	63	141	0.888	0.293
1686.000000	63	141	0.888	0.278
1692.000000	63	141	0.886	0.261
1698.000000	63	141	0.887	0.240
1704.000000	63	141	0.890	0.220
1710.000000	63	141	0.890	0.198
1716.000000	63	39	0.890	0.192
1722.000000	63	39	0.891	0.199
1728.000000	63	39	0.894	0.204
1734.000000	63	39	0.897	0.210
1740.000000	63	39	0.895	0.221
1746.000000	63	39	0.888	0.233
1752.000000	63	39	0.885	0.246
1758.000000	63	39	0.881	0.261
1764.000000	63	39	0.878	0.281
1770.000000	63	39	0.876	0.309
1776.000000	63	39	0.875	0.340
1782.000000	63	39	0.872	0.374
1788.000000	63	39	0.865	0.407
1794.000000	63	39	0.854	0.442
1800.000000	63	39	0.845	0.470
1806.000000	63	39	0.828	0.498
1812.000000	63	39	0.806	0.533
1818.000000	63	39	0.787	0.555
1824.000000	63	39	0.761	0.567
1830.000000	63	39	0.723	0.587
1836.000000	63	39	0.656	0.621
1842.000000	39	63	0.667	0.561
1848.000000	39	63	0.725	0.426
1854.000000	39	63	0.772	0.246
1860.000000	39	157	0.816	0.176
1866.000000	39	157	0.849	0.186
1872.000000	39	157	0.867	0.203
1878.000000	39	157	0.877	0.216
1884.000000	39	157	0.882	0.239
1890.000000	39	157	0.883	0.265
1896.000000	39	157	0.888	0.279
1902.000000	39	157	0.890	0.293
1908.000000	39	157	0.893	0.313
1914.000000	39	157	0.895	0.331
1920.000000	39	157	0.894	0.352
1926.000000	39	157	0.892	0.374
1932.000000	39	157	0.891	0.395
1938.000000	39	157	0.889	0.418
1944.000000	39	157	0.884	0.431
1950.000000	39	157	0.880	0.438
1956.000000	39	157	0.878	0.448
1962.000000	39	157	0.876	0.460
1968.000000	39	157	0.874	0.470
1974.000000	39	157	0.869	0.476
1980.000000	39	157	0.866	0.479
1986.000000	39	157	0.863	0.477
1992.000000	39	157	0.856	0.484
1998.000000	39	157	0.847	0.490
2004.000000	39	157	0.842	0.496
2010.000000	39	157	0.840	0.498
2016.000000	39	157	0.838	0.504
2022.000000	39	157	0.833	0.514
2028.000000	39	157	0.830	0.521
2034.000000	39	157	0.822	0.525
2040.000000	39	157	0.815	0.530
2046.000000	39	157	0.807	0.537
2052.000000	39	157	0.793	0.551
2058.000000	39	157	0.783	0.566
2064.000000	39	157	0.773	0.587
2070.000000	39	157	0.759	0.611
2076.000000	39	157	0.747	0.640
2082.000000	39	157	0.737	0.660
2088.000000	39	157	0.724	0.678
2094.000000	39	157	0.705	0.698
2100.000000	157	39	0.722	0.681
2106.000000	157	39	0.736	0.649
2112.000000	157	39	0.757	0.591
2118.000000	157	39	0.781	0.525
2124.000000	157	39	0.805	0.438
2130.000000	157	39	0.827	0.322
2136.000000	157	95	0.856	0.181
2142.000000	157	95	0.876	0.177
2148.000000	157	95	0.899	0.179
2154.000000	157	95	0.913	0.186
2160.000000	157	95	0.916	0.190
2166.000000	157	95	0.918	0.193
2172.000000	157	95	0.921	0.196
2178.000000	157	95	0.920	0.197
2184.000000	157	95	0.919	0.195
2190.000000	157	95	0.914	0.192
2196.000000	157	95	0.911	0.193
2202.000000	157	95	0.909	0.193
2208.000000	157	95	0.908	0.192
2214.000000	157	95	0.907	0.192
2220.000000	157	95	0.905	0.194
2226.000000	157	95	0.905	0.194
2232.000000	157	95	0.904	0.191
2238.000000	157	9	0.903	0.193
2244.000000	157	9	0.901	0.198
2250.000000	157	9	0.899	0.206
2256.000000	157	9	0.896	0.218
2262.000000	157	9	0.895	0.232
2268.000000	157	9	0.894	0.240
2274.000000	157	9	0.894	0.252
2280.000000	157	9	0.891	0.264
2286.000000	157	9	0.886	0.273
2292.000000	157	9	0.880	0.287
2298.000000	157	9	0.875	0.304
2304.000000	157	9	0.871	0.322
2310.000000	157	9	0.866	0.335
2316.000000	157	9	0.856	0.345
2322.000000	157	9	0.844	0.359
2328.000000	157	9	0.832	0.378
2334.000000	157	9	0.826	0.405
2340.000000	157	9	0.815	0.429
2346.000000	157	9	0.798	0.467
2352.000000	157	9	0.773	0.514
2358.000000	157	9	0.738	0.553
2364.000000	157	9	0.695	0.591
2370.000000	157	9	0.639	0.626
2376.000000	9	157	0.672	0.551
2382.000000	9	28	0.705	0.469
2388.000000	9	28	0.750	0.526
2394.000000	9	28	0.806	0.579
2400.000000	9	28	0.846	0.618
2406.000000	9	28	0.869	0.639
2412.000000	9	28	0.873	0.651
2418.000000	9	28	0.877	0.664
2424.000000	9	28	0.876	0.677
2430.000000	9	28	0.871	0.692
2436.000000	9	28	0.867	0.693
2442.000000	9	28	0.868	0.696
2448.000000	9	28	0.866	0.697
2454.000000	9	28	0.864	0.697
2460.000000	9	28	0.862	0.697
2466.000000	9	28	0.861	0.700
2472.000000	9	28	0.858	0.707
2478.000000	9	28	0.850	0.712
2484.000000	9	28	0.844	0.715
2490.000000	9	28	0.841	0.715
2496.000000	9	28	0.840	0.718
2502.000000	9	28	0.837	0.719
2508.000000	9	28	0.833	0.718
2514.000000	9	28	0.831	0.721
2520.000000	9	28	0.825	0.727
2526.000000	9	28	0.820	0.726
2532.000000	9	28	0.815	0.725
2538.000000	9	28	0.810	0.725
2544.000000	9	28	0.805	0.722
2550.000000	9	28	0.797	0.721
2556.000000	9	28	0.791	0.722
2562.000000	9	28	0.781	0.728
2568.000000	9	28	0.767	0.737
2574.000000	9	28	0.748	0.746
2580.000000	28	9	0.755	0.734
2586.000000	28	9	0.756	0.716
2592.000000	28	9	0.754	0.690
2598.000000	28	9	0.757	0.658
2604.000000	28	9	0.764	0.623
2610.000000	28	9	0.768	0.583
2616.000000	28	9	0.776	0.533
2622.000000	28	68	0.791	0.550
2628.000000	28	68	0.804	0.573
2634.000000	28	68	0.814	0.604
2640.000000	28	68	0.818	0.643
2646.000000	28	68	0.818	0.678
2652.000000	28	68	0.813	0.700
2658.000000	28	68	0.798	0.723
2664.000000	28	68	0.784	0.741
2670.000000	68	28	0.766	0.757
2676.000000	68	28	0.789	0.733
2682.000000	68	28	0.803	0.714
2688.000000	68	28	0.810	0.698
2694.000000	68	28	0.821	0.669
2700.000000	68	28	0.836	0.630
2706.000000	68	28	0.844	0.588
2712.000000	68	28	0.855	0.532
2718.000000	68	28	0.868	0.455
2724.000000	68	28	0.885	0.359
2730.000000	68	28	0.906	0.241
2736.000000	68	14	0.914	0.225
2742.000000	68	14	0.924	0.244
2748.000000	68	14	0.930	0.264
2754.000000	68	14	0.931	0.283
2760.000000	68	14	0.930	0.310
2766.000000	68	14	0.929	0.346
2772.000000	68	14	0.927	0.385
2778.000000	68	14	0.926	0.424
2784.000000	68	14	0.926	0.450
2790.000000	68	14	0.923	0.473
2796.000000	68	14	0.919	0.493
2802.000000	68	14	0.917	0.506
2808.000000	68	14	0.914	0.521
2814.000000	68	14	0.911	0.540
2820.000000	68	14	0.910	0.561
2826.000000	68	14	0.903	0.586
2832.000000	68	14	0.892	0.613
2838.000000	68	14	0.884	0.636
2844.000000	68	14	0.877	0.653
2850.000000	68	14	0.873	0.676
2856.000000	68	14	0.866	0.695
2862.000000	68	14	0.854	0.713
2868.000000	68	14	0.832	0.736
2874.000000	68	14	0.813	0.751
2880.000000	68	14	0.784	0.774
2886.000000	14	68	0.799	0.754
2892.000000	14	68	0.818	0.726
2898.000000	14	68	0.843	0.691
2904.000000	14	68	0.866	0.635
2910.000000	14	68	0.887	0.576
2916.000000	14	68	0.903	0.507
2922.000000	14	68	0.927	0.395
2928.000000	14	68	0.943	0.266
2934.000000	14	44	0.960	0.139
2940.000000	14	44	0.968	0.140
2946.000000	14	44	0.972	0.143
2952.000000	14	44	0.971	0.149
2958.000000	14	44	0.971	0.155
2964.000000	14	44	0.969	0.160
2970.000000	14	44	0.967	0.161
2976.000000	14	44	0.964	0.163
2982.000000	14	44	0.963	0.167
2988.000000	14	44	0.962	0.175
2994.000000	14	44	0.960	0.187
3000.000000	14	44	0.957	0.199
3006.000000	14	44	0.955	0.206
3012.000000	14	44	0.953	0.212
3018.000000	14	44	0.952	0.218
3024.000000	14	44	0.951	0.222
3030.000000	14	44	0.949	0.232
3036.000000	14	44	0.946	0.252
3042.000000	14	44	0.943	0.269
3048.000000	14	44	0.940	0.279
3054.000000	14	44	0.934	0.286
3060.000000	14	44	0.930	0.290
3066.000000	14	44	0.926	0.294
3072.000000	14	44	0.923	0.296
3078.000000	14	44	0.920	0.296
3084.000000	14	37	0.917	0.303
3090.000000	14	37	0.913	0.323
3096.000000	14	37	0.906	0.342
3102.000000	14	37	0.896	0.364
3108.000000	14	37	0.883	0.388
3114.000000	14	37	0.876	0.405
3120.000000	14	37	0.863	0.422
3126.000000	14	37	0.849	0.442
3132.000000	14	37	0.831	0.469
3138.000000	14	37	0.806	0.495
3144.000000	14	37	0.773	0.524
3150.000000	14	37	0.732	0.557
3156.000000	14	37	0.680	0.585
3162.000000	37	14	0.628	0.607
3168.000000	37	14	0.670	0.527
3174.000000	37	14	0.714	0.399
3180.000000	37	44	0.754	0.336
3186.000000	37	44	0.803	0.344
3192.000000	37	44	0.834	0.346
3198.000000	37	44	0.849	0.347
3204.000000	37	44	0.871	0.334
3210.000000	37	44	0.888	0.319
3216.000000	37	44	0.890	0.312
3222.000000	37	44	0.888	0.307
3228.000000	37	44	0.890	0.301
3234.000000	37	44	0.888	0.291
3240.000000	37	44	0.887	0.282
3246.000000	37	44	0.889	0.268
3252.000000	37	44	0.891	0.255
3258.000000	37	44	0.891	0.241
3264.000000	37	44	0.891	0.225
3270.000000	37	44	0.892	0.208
3276.000000	37	63	0.896	0.209
3282.000000	37	63	0.898	0.222
3288.000000	37	63	0.902	0.236
3294.000000	37	63	0.900	0.247
3300.000000	37	63	0.898	0.262
3306.000000	37	63	0.895	0.279
3312.000000	37	63	0.889	0.300
3318.000000	37	63	0.884	0.323
3324.000000	37	63	0.878	0.345
3330.000000	37	63	0.871	0.358
3336.000000	37	63	0.865	0.367
3342.000000	37	63	0.860	0.379
3348.000000	37	63	0.855	0.398
3354.000000	37	63	0.854	0.422
3360.000000	37	63	0.851	0.446
3366.000000	37	63	0.845	0.472
3372.000000	37	63	0.836	0.506
3378.000000	37	63	0.825	0.532
3384.000000	37	63	0.817	0.553
3390.000000	37	63	0.807	0.570
3396.000000	37	63	0.794	0.589
3402.000000	37	63	0.768	0.625
3408.000000	37	63	0.747	0.650
3414.000000	37	63	0.730	0.667
3420.000000	63	37	0.702	0.692
3426.000000	63	37	0.733	0.641
3432.000000	63	37	0.752	0.583
3438.000000	63	37	0.778	0.507
3444.000000	63	37	0.816	0.395
3450.000000	63	37	0.844	0.283
3456.000000	63	37	0.867	0.145
3462.000000	63	35	0.899	0.136
3468.000000	63	35	0.917	0.139
3474.000000	63	35	0.927	0.143
3480.000000	63	35	0.933	0.149
3486.000000	63	35	0.933	0.157
3492.000000	63	35	0.933	0.163
3498.000000	63	35	0.932	0.169
3504.000000	63	35	0.934	0.170
3510.000000	63	35	0.935	0.174
3516.000000	63	35	0.937	0.176
3522.000000	63	35	0.937	0.179
3528.000000	63	35	0.937	0.179
3534.000000	63	35	0.935	0.179
3540.000000	63	35	0.933	0.184
3546.000000	63	35	0.931	0.191
3552.000000	63	39	0.928	0.192
3558.000000	63	39	0.924	0.206
3564.000000	63	39	0.921	0.220
3570.000000	63	39	0.916	0.231
3576.000000	63	39	0.911	0.240
3582.000000	63	39	0.905	0.249
3588.000000	63	39	0.901	0.257
3594.000000	63	39	0.899	0.269
3600.000000	63	39	0.898	0.282
3606.000000	63	39	0.895	0.292
3612.000000	63	39	0.890	0.296
3618.000000	63	39	0.885	0.297
3624.000000	63	39	0.879	0.297
3630.000000	63	39	0.873	0.300
3636.000000	63	39	0.865	0.311
3642.000000	63	39	0.856	0.324
3648.000000	63	39	0.844	0.335
3654.000000	63	39	0.830	0.349
3660.000000	63	39	0.818	0.355
3666.000000	63	39	0.797	0.366
3672.000000	63	39	0.780	0.374
3678.000000	63	39	0.754	0.390
3684.000000	63	39	0.734	0.402
3690.000000	63	39	0.711	0.415
3696.000000	63	39	0.673	0.427
3702.000000	63	39	0.621	0.451
3708.000000	63	196	0.565	0.483
3714.000000	196	63	0.516	0.501
3720.000000	196	39	0.546	0.515
3726.000000	196	39	0.578	0.535
3732.000000	196	39	0.603	0.560
3738.000000	196	39	0.623	0.579
3744.000000	196	39	0.651	0.602
3750.000000	196	39	0.668	0.619
3756.000000	196	39	0.676	0.627
3762.000000	196	39	0.687	0.639
3768.000000	196	39	0.702	0.647
3774.000000	196	39	0.706	0.654
3780.000000	196	39	0.709	0.665
3786.000000	196	39	0.707	0.673
3792.000000	196	39	0.708	0.679
3798.000000	196	39	0.715	0.677
3804.000000	196	39	0.722	0.673
3810.000000	196	39	0.726	0.666
3816.000000	196	39	0.727	0.659
3822.000000	196	39	0.730	0.648
3828.000000	196	39	0.733	0.639
3834.000000	196	39	0.736	0.631
3840.000000	196	89	0.742	0.624
3846.000000	196	89	0.740	0.627
3852.000000	196	89	0.735	0.629
3858.000000	196	89	0.732	0.627
3864.000000	196	89	0.733	0.624
3870.000000	196	89	0.736	0.624
3876.000000	196	89	0.741	0.623
3882.000000	196	89	0.746	0.617
3888.000000	196	89	0.748	0.611
3894.000000	196	89	0.749	0.604
3900.000000	196	89	0.757	0.598
3906.000000	196	89	0.774	0.593
3912.000000	196	89	0.787	0.584
3918.000000	196	89	0.805	0.562
3924.000000	196	89	0.819	0.546
3930.000000	196	89	0.828	0.528
3936.000000	196	89	0.834	0.507
3942.000000	196	89	0.849	0.473
3948.000000	196	89	0.867	0.433
3954.000000	196	89	0.879	0.383
3960.000000	196	89	0.897	0.312
3966.000000	196	89	0.902	0.241
3972.000000	196	98	0.904	0.258
3978.000000	196	98	0.908	0.280
3984.000000	196	98	0.913	0.301
3990.000000	196	98	0.918	0.322
3996.000000	196	98	0.923	0.346
4002.000000	196	98	0.925	0.382
4008.000000	196	98	0.925	0.410
4014.000000	196	98	0.927	0.430
4020.000000	196	98	0.928	0.453
4026.000000	196	98	0.926	0.479
4032.000000	196	98	0.923	0.500
4038.000000	196	98	0.918	0.511
4044.000000	196	98	0.911	0.522
4050.000000	196	98	0.906	0.534
4056.000000	196	98	0.897	0.545
4062.000000	196	98	0.886	0.558
4068.000000	196	98	0.869	0.572
4074.000000	196	98	0.848	0.592
4080.000000	196	98	0.833	0.602
4086.000000	196	98	0.816	0.617
4092.000000	196	98	0.798	0.631
4098.000000	196	98	0.771	0.643
4104.000000	196	98	0.739	0.655
4110.000000	196	98	0.694	0.681
4116.000000	98	196	0.700	0.648
4122.000000	98	196	0.718	0.587
4128.000000	98	196	0.744	0.508
4134.000000	98	196	0.786	0.394
4140.000000	98	105	0.827	0.287
4146.000000	98	105	0.865	0.314
4152.000000	98	105	0.877	0.330
4158.000000	98	105	0.882	0.364
4164.000000	98	105	0.885	0.397
4170.000000	98	105	0.885	0.424
4176.000000	98	105	0.890	0.447
4182.000000	98	105	0.884	0.476
4188.000000	98	105	0.885	0.509
4194.000000	98	105	0.877	0.531
4200.000000	98	105	0.871	0.547
4206.000000	98	105	0.868	0.558
4212.000000	98	105	0.863	0.570
4218.000000	98	105	0.860	0.590
4224.000000	98	105	0.852	0.610
4230.000000	98	105	0.847	0.615
4236.000000	98	105	0.838	0.627
4242.000000	98	105	0.828	0.634
4248.000000	98	105	0.814	0.646
4254.000000	98	105	0.804	0.658
4260.000000	98	105	0.793	0.667
4266.000000	98	105	0.780	0.677
4272.000000	98	105	0.771	0.686
4278.000000	98	105	0.753	0.705
4284.000000	98	105	0.739	0.714
4290.000000	98	105	0.722	0.722
4296.000000	105	98	0.738	0.701
4302.000000	105	98	0.754	0.680
4308.000000	105	98	0.775	0.644
4314.000000	105	98	0.798	0.592
4320.000000	105	98	0.816	0.526
4326.000000	105	98	0.834	0.433
4332.000000	105	135	0.857	0.392
4338.000000	105	135	0.884	0.411
4344.000000	105	135	0.896	0.445
4350.000000	105	135	0.904	0.488
4356.000000	105	135	0.907	0.513
4362.000000	105	135	0.909	0.536
4368.000000	105	135	0.909	0.555
4374.000000	105	135	0.908	0.567
4380.000000	105	135	0.903	0.583
4386.000000	105	135	0.903	0.591
4392.000000	105	135	0.902	0.596
4398.000000	105	135	0.901	0.600
4404.000000	105	135	0.897	0.606
4410.000000	105	135	0.891	0.614
4416.000000	105	135	0.886	0.620
4422.000000	105	135	0.883	0.630
4428.000000	105	135	0.881	0.634
4434.000000	105	135	0.881	0.634
4440.000000	105	135	0.877	0.637
4446.000000	105	135	0.871	0.644
4452.000000	105	135	0.864	0.648
4458.000000	105	135	0.858	0.652
4464.000000	105	135	0.852	0.662
4470.000000	105	135	0.849	0.671
4476.000000	105	135	0.846	0.678
4482.000000	105	135	0.838	0.685
4488.000000	105	135	0.831	0.691
4494.000000	105	135	0.819	0.704
4500.000000	105	135	0.802	0.718
4506.000000	105	135	0.784	0.735
4512.000000	105	135	0.766	0.748
4518.000000	135	105	0.758	0.742
4524.000000	135	105	0.765	0.714
4530.000000	135	105	0.777	0.668
4536.000000	135	105	0.806	0.611
4542.000000	135	105	0.840	0.537
4548.000000	135	105	0.889	0.407
4554.000000	135	105	0.919	0.259
4560.000000	135	105	0.942	0.120
4566.000000	135	13	0.955	0.080
4572.000000	135	13	0.969	0.071
4578.000000	135	47	0.972	0.068
4584.000000	135	47	0.973	0.069
4590.000000	135	47	0.976	0.069
4596.000000	135	47	0.975	0.068
4602.000000	135	47	0.974	0.070
4608.000000	135	13	0.972	0.073
4614.000000	135	13	0.970	0.076
4620.000000	135	13	0.967	0.078
4626.000000	135	13	0.966	0.079
4632.000000	135	3	0.964	0.082
4638.000000	135	3	0.962	0.090
4644.000000	135	3	0.959	0.099
4650.000000	135	3	0.956	0.105
4656.000000	135	3	0.953	0.109
4662.000000	135	3	0.948	0.113
4668.000000	135	3	0.943	0.114
4674.000000	135	3	0.940	0.115
4680.000000	135	3	0.937	0.119
4686.000000	135	3	0.932	0.125
4692.000000	135	3	0.926	0.132
4698.000000	135	3	0.920	0.137
4704.000000	135	168	0.917	0.144
4710.000000	135	168	0.915	0.155
4716.000000	135	168	0.910	0.163
4722.000000	135	168	0.906	0.173
4728.000000	135	168	0.900	0.185
4734.000000	135	168	0.894	0.205
4740.000000	135	168	0.885	0.225
4746.000000	135	168	0.874	0.247
4752.000000	135	168	0.860	0.272
4758.000000	135	168	0.847	0.300
4764.000000	135	168	0.830	0.329
4770.000000	135	168	0.809	0.367
4776.000000	135	168	0.784	0.409
4782.000000	135	168	0.750	0.450
4788.000000	135	168	0.698	0.509
4794.000000	135	168	0.617	0.584
4800.000000	168	135	0.653	0.496
4806.000000	168	135	0.721	0.318
4812.000000	168	81	0.799	0.181
4818.000000	168	81	0.849	0.186
4824.000000	168	81	0.874	0.194
4830.000000	168	81	0.890	0.203
4836.000000	168	81	0.902	0.220
4842.000000	168	81	0.907	0.232
4848.000000	168	81	0.913	0.235
4854.000000	168	81	0.916	0.240
4860.000000	168	81	0.918	0.247
4866.000000	168	81	0.918	0.252
4872.000000	168	81	0.920	0.258
4878.000000	168	81	0.919	0.268
4884.000000	168	81	0.919	0.277
4890.000000	168	81	0.922	0.283
4896.000000	168	81	0.924	0.285
4902.000000	168	81	0.923	0.286
4908.000000	168	81	0.921	0.289
4914.000000	168	81	0.919	0.296
4920.000000	168	81	0.916	0.306
4926.000000	168	81	0.916	0.309
4932.000000	168	81	0.915	0.310
4938.000000	168	81	0.914	0.310
4944.000000	168	81	0.913	0.309
4950.000000	168	81	0.912	0.310
4956.000000	168	81	0.909	0.304
4962.000000	168	81	0.908	0.295
4968.000000	168	81	0.906	0.286
4974.000000	168	81	0.903	0.279
4980.000000	168	81	0.902	0.267
4986.000000	168	81	0.903	0.247
4992.000000	168	55	0.904	0.230
4998.000000	168	55	0.905	0.235
5004.000000	168	55	0.905	0.242
5010.000000	168	55	0.905	0.252
5016.000000	168	55	0.903	0.265
5022.000000	168	55	0.901	0.272
5028.000000	168	55	0.899	0.273
5034.000000	168	55	0.898	0.272
5040.000000	168	55	0.896	0.274
5046.000000	168	55	0.895	0.276
5052.000000	168	55	0.893	0.281
5058.000000	168	55	0.889	0.288
5064.000000	168	55	0.882	0.295
5070.000000	168	55	0.877	0.297
5076.000000	168	55	0.870	0.301
5082.000000	168	55	0.865	0.304
5088.000000	168	55	0.861	0.306
5094.000000	168	55	0.850	0.310
5100.000000	168	55	0.841	0.316
5106.000000	168	55	0.830	0.324
5112.000000	168	55	0.814	0.337
5118.000000	168	55	0.790	0.346
5124.000000	168	55	0.763	0.352
5130.000000	168	55	0.738	0.354
5136.000000	168	169	0.708	0.363
5142.000000	168	169	0.669	0.381
5148.000000	168	169	0.615	0.405
5154.000000	168	169	0.537	0.436
5160.000000	169	55	0.492	0.414
5166.000000	169	55	0.561	0.446
5172.000000	169	55	0.623	0.480
5178.000000	169	55	0.674	0.512
5184.000000	169	55	0.707	0.538
5190.000000	169	55	0.725	0.560
5196.000000	169	55	0.740	0.576
5202.000000	169	55	0.753	0.593
5208.000000	169	55	0.766	0.602
5214.000000	169	55	0.775	0.603
5220.000000	169	55	0.778	0.603
5226.000000	169	55	0.784	0.599
5232.000000	169	55	0.794	0.597
5238.000000	169	55	0.799	0.593
5244.000000	169	55	0.804	0.589
5250.000000	169	55	0.803	0.585
5256.000000	169	55	0.800	0.580
5262.000000	169	55	0.795	0.577
5268.000000	169	55	0.793	0.573
5274.000000	169	55	0.787	0.568
5280.000000	169	55	0.785	0.560
5286.000000	169	55	0.786	0.548
5292.000000	169	55	0.785	0.539
5298.000000	169	55	0.785	0.528
5304.000000	169	55	0.778	0.518
5310.000000	169	55	0.774	0.504
5316.000000	169	55	0.774	0.486
5322.000000	169	55	0.769	0.467
5328.000000	169	55	0.764	0.446
5334.000000	169	55	0.759	0.416
5340.000000	169	14	0.756	0.396
5346.000000	169	14	0.758	0.396
5352.000000	169	14	0.759	0.398
5358.000000	169	14	0.762	0.406
5364.000000	169	14	0.764	0.418
5370.000000	169	14	0.763	0.430
5376.000000	169	14	0.761	0.437
5382.000000	169	14	0.760	0.446
5388.000000	169	14	0.755	0.454
5394.000000	169	14	0.748	0.462
5400.000000	169	14	0.740	0.478
5406.000000	169	14	0.734	0.486
5412.000000	169	14	0.720	0.498
5418.000000	169	14	0.703	0.514
5424.000000	169	14	0.684	0.527
5430.000000	169	14	0.657	0.541
5436.000000	169	14	0.629	0.553
5442.000000	169	14	0.589	0.563
5448.000000	14	169	0.575	0.557
5454.000000	14	169	0.597	0.506
5460.000000	14	169	0.609	0.444
5466.000000	14	40	0.627	0.371
5472.000000	14	40	0.667	0.363
5478.000000	14	40	0.695	0.370
5484.000000	14	40	0.711	0.370
5490.000000	14	40	0.723	0.372
5496.000000	14	40	0.738	0.369
5502.000000	14	174	0.754	0.376
5508.000000	14	174	0.764	0.396
5514.000000	14	174	0.764	0.411
5520.000000	14	174	0.765	0.426
5526.000000	14	174	0.769	0.443
5532.000000	14	174	0.764	0.463
5538.000000	14	174	0.762	0.477
5544.000000	14	174	0.758	0.487
5550.000000	14	174	0.751	0.497
5556.000000	14	174	0.745	0.503
5562.000000	14	174	0.740	0.510
5568.000000	14	174	0.738	0.516
5574.000000	14	174	0.740	0.520
5580.000000	14	174	0.738	0.529
5586.000000	14	174	0.730	0.534
5592.000000	14	174	0.730	0.538
5598.000000	14	174	0.735	0.541
5604.000000	14	174	0.725	0.553
5610.000000	14	174	0.718	0.566
5616.000000	14	174	0.707	0.587
5622.000000	14	174	0.698	0.610
5628.000000	14	174	0.682	0.629
5634.000000	14	174	0.661	0.641
5640.000000	174	14	0.655	0.641
5646.000000	174	14	0.670	0.619
5652.000000	174	14	0.680	0.598
5658.000000	174	14	0.692	0.569
5664.000000	174	14	0.709	0.524
5670.000000	174	14	0.733	0.455
5676.000000	174	14	0.758	0.377
5682.000000	174	14	0.784	0.285
5688.000000	174	57	0.810	0.287
5694.000000	174	57	0.835	0.288
5700.000000	174	57	0.848	0.291
5706.000000	174	57	0.852	0.290
5712.000000	174	57	0.859	0.289
5718.000000	174	57	0.866	0.294
5724.000000	174	57	0.870	0.305
5730.000000	174	57	0.871	0.318
5736.000000	174	57	0.869	0.332
5742.000000	174	57	0.871	0.340
5748.000000	174	57	0.877	0.343
5754.000000	174	57	0.881	0.349
5760.000000	174	57	0.883	0.353
5766.000000	174	57	0.878	0.353
5772.000000	174	57	0.882	0.348
5778.000000	174	57	0.884	0.341
5784.000000	174	57	0.885	0.336
5790.000000	174	57	0.883	0.338
5796.000000	174	57	0.883	0.341
5802.000000	174	57	0.883	0.346
5808.000000	174	57	0.883	0.347
5814.000000	174	57	0.884	0.346
5820.000000	174	57	0.885	0.343
5826.000000	174	57	0.889	0.337
5832.000000	174	57	0.891	0.333
5838.000000	174	57	0.894	0.320
5844.000000	174	57	0.899	0.301
5850.000000	174	57	0.901	0.286
5856.000000	174	57	0.903	0.268
5862.000000	174	57	0.902	0.250
5868.000000	174	57	0.903	0.227
5874.000000	174	57	0.907	0.198
5880.000000	174	57	0.908	0.172
5886.000000	174	57	0.907	0.143
5892.000000	174	35	0.912	0.133
5898.000000	174	35	0.917	0.141
5904.000000	174	35	0.920	0.148
5910.000000	174	35	0.920	0.158
5916.000000	174	35	0.920	0.168
5922.000000	174	35	0.921	0.170
5928.000000	174	35	0.921	0.174
5934.000000	174	35	0.920	0.181
5940.000000	174	35	0.920	0.196
5946.000000	174	35	0.920	0.210
5952.000000	174	35	0.922	0.220
5958.000000	174	35	0.922	0.233
5964.000000	174	35	0.919	0.254
5970.000000	174	35	0.913	0.286
5976.000000	174	35	0.904	0.323
5982.000000	174	35	0.895	0.363
5988.000000	174	35	0.887	0.409
5994.000000	174	35	0.874	0.470
6000.000000	174	35	0.858	0.535
6006.000000	174	35	0.834	0.602
6012.000000	174	35	0.810	0.659
6018.000000	174	35	0.763	0.717
6024.000000	35	174	0.773	0.683
6030.000000	35	174	0.827	0.554
6036.000000	35	174	0.879	0.350
6042.000000	35	2	0.935	0.120
6048.000000	35	2	0.961	0.113
6054.000000	35	2	0.971	0.112
6060.000000	35	2	0.970	0.114
6066.000000	35	2	0.967	0.112
6072.000000	35	2	0.964	0.113
6078.000000	35	2	0.961	0.109
6084.000000	35	194	0.958	0.113
6090.000000	35	194	0.956	0.125
6096.000000	35	194	0.954	0.140
6102.000000	35	194	0.952	0.152
6108.000000	35	194	0.949	0.158
6114.000000	35	194	0.947	0.164
6120.000000	35	194	0.944	0.171
6126.000000	35	194	0.941	0.180
6132.000000	35	194	0.938	0.190
6138.000000	35	194	0.934	0.199
6144.000000	35	194	0.931	0.208
6150.000000	35	189	0.925	0.226
6156.000000	35	189	0.920	0.244
6162.000000	35	189	0.917	0.259
6168.000000	35	189	0.913	0.274
6174.000000	35	189	0.911	0.288
6180.000000	35	189	0.907	0.307
6186.000000	35	189	0.899	0.327
6192.000000	35	189	0.889	0.351
6198.000000	35	189	0.886	0.364
6204.000000	35	189	0.884	0.368
6210.000000	35	189	0.882	0.373
6216.000000	35	189	0.878	0.376
6222.000000	35	189	0.871	0.382
6228.000000	35	189	0.866	0.386
6234.000000	35	189	0.859	0.392
6240.000000	35	189	0.853	0.398
6246.000000	35	189	0.841	0.411
6252.000000	35	189	0.829	0.420
6258.000000	35	189	0.815	0.432
6264.000000	35	189	0.806	0.446
6270.000000	35	189	0.795	0.465
6276.000000	35	189	0.777	0.488
6282.000000	35	189	0.755	0.516
6288.000000	35	189	0.728	0.542
6294.000000	35	189	0.684	0.572
6300.000000	35	189	0.624	0.607
6306.000000	189	35	0.646	0.564
6312.000000	189	35	0.692	0.483
6318.000000	189	35	0.742	0.385
6324.000000	189	130	0.793	0.390
6330.000000	189	130	0.845	0.415
6336.000000	189	130	0.875	0.444
6342.000000	189	130	0.888	0.492
6348.000000	189	130	0.896	0.524
6354.000000	189	130	0.898	0.544
6360.000000	189	130	0.892	0.569
6366.000000	189	130	0.892	0.579
6372.000000	189	130	0.895	0.586
6378.000000	189	130	0.906	0.593
6384.000000	189	130	0.907	0.599
6390.000000	189	130	0.907	0.606
6396.000000	189	130	0.909	0.607
6402.000000	189	130	0.910	0.610
6408.000000	189	130	0.911	0.616
6414.000000	189	130	0.908	0.627
6420.000000	189	130	0.905	0.632
6426.000000	189	130	0.903	0.632
6432.000000	189	130	0.902	0.632
6438.000000	189	130	0.897	0.635
6444.000000	189	130	0.892	0.641
6450.000000	189	130	0.886	0.647
6456.000000	189	130	0.881	0.652
6462.000000	189	130	0.881	0.654
6468.000000	189	130	0.880	0.655
6474.000000	189	130	0.879	0.657
6480.000000	189	130	0.875	0.656
6486.000000	189	130	0.873	0.657
6492.000000	189	130	0.871	0.658
6498.000000	189	130	0.869	0.657
6504.000000	189	130	0.865	0.656
6510.000000	189	130	0.863	0.654
6516.000000	189	130	0.862	0.653
6522.000000	189	130	0.860	0.654
6528.000000	189	130	0.858	0.654
6534.000000	189	130	0.854	0.649
6540.000000	189	130	0.848	0.645
6546.000000	189	130	0.842	0.638
6552.000000	189	130	0.835	0.629
6558.000000	189	130	0.819	0.628
6564.000000	189	130	0.803	0.625
6570.000000	189	130	0.784	0.623
6576.000000	189	130	0.763	0.622
6582.000000	189	130	0.747	0.614
6588.000000	189	130	0.727	0.615
6594.000000	189	130	0.698	0.621
6600.000000	189	130	0.655	0.627
6606.000000	130	189	0.625	0.609
6612.000000	130	189	0.618	0.550
6618.000000	130	189	0.622	0.452
6624.000000	130	189	0.632	0.315
6630.000000	130	81	0.647	0.165
6636.000000	130	81	0.666	0.172
6642.000000	130	81	0.675	0.182
6648.000000	130	81	0.668	0.205
6654.000000	130	81	0.651	0.229
6660.000000	130	81	0.631	0.262
6666.000000	130	81	0.618	0.315
6672.000000	130	81	0.597	0.372
6678.000000	130	81	0.570	0.452
6684.000000	130	81	0.538	0.525
6690.000000	81	130	0.604	0.496
6696.000000	81	130	0.671	0.439
6702.000000	81	130	0.736	0.374
6708.000000	81	130	0.785	0.319
6714.000000	81	130	0.817	0.271
6720.000000	81	130	0.843	0.215
6726.000000	81	130	0.865	0.145
6732.000000	81	41	0.884	0.146
6738.000000	81	41	0.901	0.149
6744.000000	81	41	0.908	0.155
6750.000000	81	41	0.911	0.163
6756.000000	81	41	0.913	0.166
6762.000000	81	41	0.916	0.168
6768.000000	81	41	0.914	0.175
6774.000000	81	41	0.913	0.181
6780.000000	81	41	0.912	0.181
6786.000000	81	83	0.910	0.193
6792.000000	81	83	0.909	0.199
6798.000000	81	83	0.910	0.204
6804.000000	81	83	0.908	0.212
6810.000000	81	83	0.906	0.221
6816.000000	81	83	0.908	0.228
6822.000000	81	83	0.909	0.233
6828.000000	81	83	0.908	0.243
6834.000000	81	164	0.904	0.262
6840.000000	81	164	0.903	0.275
6846.000000	81	164	0.903	0.284
6852.000000	81	164	0.903	0.297
6858.000000	81	164	0.903	0.317
6864.000000	81	164	0.903	0.332
6870.000000	81	164	0.902	0.348
6876.000000	81	164	0.903	0.362
6882.000000	81	164	0.904	0.377
6888.000000	81	164	0.905	0.389
6894.000000	81	164	0.904	0.403
6900.000000	81	164	0.902	0.415
6906.000000	81	164	0.899	0.435
6912.000000	81	164	0.896	0.456
6918.000000	81	164	0.895	0.486
6924.000000	81	164	0.893	0.514
6930.000000	81	164	0.889	0.542
6936.000000	81	164	0.886	0.566
6942.000000	81	164	0.882	0.587
6948.000000	81	164	0.879	0.612
6954.000000	81	164	0.871	0.646
6960.000000	81	164	0.862	0.675
6966.000000	81	164	0.849	0.714
6972.000000	81	164	0.836	0.745
6978.000000	81	164	0.807	0.784
6984.000000	164	81	0.817	0.777
6990.000000	164	81	0.846	0.748
6996.000000	164	81	0.879	0.712
7002.000000	164	81	0.904	0.673
7008.000000	164	81	0.921	0.618
7014.000000	164	81	0.937	0.524
7020.000000	164	81	0.949	0.392
7026.000000	164	81	0.968	0.206
7032.000000	164	76	0.977	0.073
7038.000000	164	111	0.978	0.075
7044.000000	164	111	0.976	0.083
7050.000000	164	111	0.975	0.092
7056.000000	164	111	0.974	0.096
7062.000000	164	146	0.972	0.102
7068.000000	164	146	0.971	0.109
7074.000000	164	146	0.969	0.116
7080.000000	164	146	0.968	0.126
7086.000000	164	146	0.966	0.134
7092.000000	164	146	0.964	0.142
7098.000000	164	146	0.961	0.153
7104.000000	164	146	0.958	0.169
7110.000000	164	146	0.956	0.183
7116.000000	164	146	0.954	0.195
7122.000000	164	146	0.951	0.208
7128.000000	164	146	0.948	0.224
7134.000000	164	146	0.944	0.235
7140.000000	164	146	0.938	0.246
7146.000000	164	146	0.934	0.262
7152.000000	164	146	0.928	0.281
7158.000000	164	146	0.921	0.302
7164.000000	164	146	0.913	0.326
7170.000000	164	146	0.904	0.356
7176.000000	164	146	0.891	0.389
7182.000000	164	146	0.878	0.418
7188.000000	164	146	0.865	0.446
7194.000000	164	146	0.852	0.472
7200.000000	164	146	0.830	0.503
7206.000000	164	146	0.807	0.536
7212.000000	164	146	0.793	0.558
7218.000000	164	146	0.774	0.588
7224.000000	164	146	0.748	0.625
7230.000000	164	146	0.713	0.664
7236.000000	146	164	0.708	0.665
7242.000000	146	164	0.753	0.599
7248.000000	146	164	0.789	0.521
7254.000000	146	162	0.824	0.492
7260.000000	146	162	0.850	0.521
7266.000000	146	162	0.873	0.566
7272.000000	146	162	0.897	0.598
7278.000000	146	162	0.903	0.634
7284.000000	146	162	0.907	0.660
7290.000000	146	162	0.908	0.674
7296.000000	146	162	0.906	0.681
7302.000000	146	162	0.899	0.694
7308.000000	146	162	0.901	0.695
7314.000000	146	162	0.900	0.696
7320.000000	146	162	0.895	0.703
7326.000000	146	162	0.892	0.704
7332.000000	146	162	0.890	0.707
7338.000000	146	162	0.886	0.709
7344.000000	146	162	0.882	0.713
7350.000000	146	162	0.878	0.717
7356.000000	146	162	0.877	0.719
7362.000000	146	162	0.871	0.723
7368.000000	146	162	0.863	0.728
7374.000000	146	162	0.860	0.726
7380.000000	146	162	0.857	0.723
7386.000000	146	162	0.853	0.720
7392.000000	146	162	0.846	0.715
7398.000000	146	162	0.841	0.705
7404.000000	146	162	0.834	0.706
7410.000000	146	162	0.829	0.706
7416.000000	146	162	0.825	0.706
7422.000000	146	162	0.823	0.706
7428.000000	146	162	0.820	0.705
7434.000000	146	162	0.813	0.707
7440.000000	146	162	0.804	0.709
7446.000000	146	162	0.796	0.712
7452.000000	146	162	0.787	0.714
7458.000000	146	162	0.774	0.722
7464.000000	146	162	0.761	0.728
7470.000000	146	162	0.743	0.734
7476.000000	162	146	0.740	0.729
7482.000000	162	146	0.744	0.719
7488.000000	162	146	0.749	0.701
7494.000000	162	146	0.752	0.677
7500.000000	162	146	0.753	0.645
7506.000000	162	146	0.755	0.603
7512.000000	162	146	0.763	0.531
7518.000000	162	146	0.784	0.410
7524.000000	162	146	0.812	0.224
7530.000000	162	105	0.851	0.082
7536.000000	162	105	0.876	0.081
7542.000000	162	135	0.885	0.080
7548.000000	162	135	0.893	0.081
7554.000000	162	135	0.897	0.081
7560.000000	162	135	0.896	0.083
7566.000000	162	135	0.899	0.089
7572.000000	162	135	0.902	0.096
7578.000000	162	135	0.905	0.099
7584.000000	162	135	0.908	0.098
7590.000000	162	135	0.910	0.097
7596.000000	162	135	0.915	0.094
7602.000000	162	135	0.920	0.093
7608.000000	162	135	0.927	0.094
7614.000000	162	135	0.929	0.096
7620.000000	162	135	0.930	0.098
7626.000000	162	135	0.930	0.098
7632.000000	162	135	0.929	0.099
7638.000000	162	135	0.928	0.099
7644.000000	162	135	0.927	0.102
7650.000000	162	135	0.925	0.102
7656.000000	162	135	0.925	0.101
7662.000000	162	135	0.926	0.100
7668.000000	162	105	0.926	0.099
7674.000000	162	105	0.925	0.104
7680.000000	162	105	0.923	0.108
7686.000000	162	105	0.922	0.107
7692.000000	162	105	0.922	0.108
7698.000000	162	105	0.919	0.111
7704.000000	162	105	0.915	0.113
7710.000000	162	105	0.912	0.117
7716.000000	162	105	0.910	0.119
7722.000000	162	105	0.908	0.119
7728.000000	162	105	0.907	0.119
7734.000000	162	105	0.905	0.118
7740.000000	162	105	0.908	0.117
7746.000000	162	105	0.911	0.114
7752.000000	162	105	0.911	0.110
7758.000000	162	105	0.910	0.106
7764.000000	162	105	0.908	0.105
7770.000000	162	105	0.904	0.104
7776.000000	162	105	0.901	0.104
7782.000000	162	105	0.900	0.102
7788.000000	162	105	0.900	0.098
7794.000000	162	105	0.900	0.096
7800.000000	162	105	0.899	0.094
7806.000000	162	105	0.898	0.088
7812.000000	162	105	0.897	0.081
7818.000000	162	105	0.895	0.076
7824.000000	162	105	0.894	0.072
7830.000000	162	105	0.894	0.068
7836.000000	162	105	0.893	0.060
7842.000000	162	105	0.891	0.053
7848.000000	162	28	0.888	0.050
7854.000000	162	95	0.881	0.054
7860.000000	162	95	0.876	0.058
7866.000000	162	95	0.872	0.060
7872.000000	162	95	0.870	0.061
7878.000000	162	95	0.864	0.063
7884.000000	162	95	0.860	0.064
7890.000000	162	95	0.855	0.065
7896.000000	162	95	0.847	0.064
7902.000000	162	95	0.835	0.063
7908.000000	162	95	0.816	0.063
7914.000000	162	95	0.792	0.064
7920.000000	162	95	0.758	0.065
7926.000000	162	95	0.715	0.066
7932.000000	162	95	0.644	0.065
7938.000000	162	95	0.508	0.058
7944.000000	162	95	0.249	0.046
7950.000000	162	95	0.033	0.023
7956.000000	20	164	0.020	0.017
7962.000000	20	80	0.020	0.015
7968.000000	20	80	0.016	0.013
7974.000000	99	20	0.012	0.012
7980.000000	99	20	0.012	0.008
7986.000000	99	182	0.010	0.008
7992.000000	99	182	0.008	0.008
