0.000000	125	102	0.000	0.000
6.000000	140	100	0.992	0.035
12.000000	140	100	0.992	0.037
18.000000	140	100	0.992	0.040
24.000000	140	100	0.992	0.046
30.000000	140	100	0.990	0.057
36.000000	140	100	0.989	0.068
42.000000	140	100	0.987	0.076
48.000000	140	100	0.985	0.082
54.000000	140	100	0.983	0.088
60.000000	140	100	0.982	0.096
66.000000	140	100	0.980	0.104
72.000000	140	100	0.978	0.116
78.000000	140	100	0.975	0.130
84.000000	140	100	0.972	0.144
90.000000	140	100	0.970	0.159
96.000000	140	100	0.967	0.176
102.000000	140	100	0.964	0.192
108.000000	140	100	0.961	0.206
114.000000	140	100	0.958	0.217
120.000000	140	100	0.954	0.228
126.000000	140	100	0.951	0.243
132.000000	140	100	0.948	0.263
138.000000	140	100	0.945	0.279
144.000000	140	100	0.942	0.301
150.000000	140	100	0.939	0.323
156.000000	140	100	0.937	0.343
162.000000	140	100	0.934	0.361
168.000000	140	100	0.932	0.380
174.000000	140	100	0.930	0.400
180.000000	140	100	0.928	0.423
186.000000	140	100	0.925	0.438
192.000000	140	100	0.923	0.458
198.000000	140	100	0.917	0.490
204.000000	140	100	0.913	0.521
210.000000	140	100	0.907	0.540
216.000000	140	100	0.901	0.560
222.000000	140	100	0.894	0.582
228.000000	140	100	0.885	0.596
234.000000	140	100	0.876	0.611
240.000000	140	100	0.873	0.625
246.000000	140	100	0.867	0.644
252.000000	140	100	0.857	0.663
258.000000	140	100	0.841	0.684
264.000000	140	100	0.828	0.709
270.000000	140	100	0.820	0.723
276.000000	140	100	0.812	0.744
282.000000	140	100	0.804	0.758
288.000000	140	100	0.797	0.774
294.000000	140	100	0.788	0.783
300.000000	100	140	0.792	0.775
306.000000	100	140	0.809	0.749
312.000000	100	140	0.830	0.719
318.000000	100	140	0.850	0.685
324.000000	100	140	0.871	0.637
330.000000	100	140	0.883	0.577
336.000000	100	140	0.899	0.482
342.000000	100	140	0.918	0.353
348.000000	100	140	0.940	0.203
354.000000	100	89	0.952	0.137
360.000000	100	89	0.954	0.139
366.000000	100	89	0.952	0.140
372.000000	100	89	0.949	0.141
378.000000	100	89	0.946	0.146
384.000000	100	89	0.942	0.156
390.000000	100	89	0.935	0.164
396.000000	100	89	0.926	0.168
402.000000	100	89	0.922	0.172
408.000000	100	89	0.917	0.180
414.000000	100	89	0.914	0.189
420.000000	100	89	0.911	0.194
426.000000	100	89	0.908	0.198
432.000000	100	92	0.904	0.201
438.000000	100	92	0.901	0.211
444.000000	100	92	0.899	0.220
450.000000	100	92	0.896	0.227
456.000000	100	92	0.891	0.229
462.000000	100	92	0.886	0.228
468.000000	100	92	0.883	0.228
474.000000	100	92	0.876	0.229
480.000000	100	92	0.871	0.230
486.000000	100	92	0.867	0.233
492.000000	100	92	0.863	0.235
498.000000	100	92	0.854	0.241
504.000000	100	92	0.844	0.246
510.000000	100	92	0.835	0.253
516.000000	100	92	0.828	0.251
522.000000	100	92	0.823	0.250
528.000000	100	92	0.815	0.253
534.000000	100	92	0.803	0.257
540.000000	100	92	0.790	0.259
546.000000	100	92	0.776	0.265
552.000000	100	92	0.761	0.270
558.000000	100	92	0.750	0.274
564.000000	100	92	0.737	0.275
570.000000	100	92	0.723	0.279
576.000000	100	92	0.702	0.286
582.000000	100	92	0.668	0.299
588.000000	100	92	0.618	0.313
594.000000	100	92	0.555	0.322
600.000000	100	92	0.453	0.328
606.000000	100	92	0.343	0.331
612.000000	92	76	0.341	0.298
618.000000	92	76	0.359	0.329
624.000000	76	92	0.371	0.359
630.000000	76	92	0.428	0.357
636.000000	76	189	0.492	0.380
642.000000	76	189	0.544	0.406
648.000000	76	189	0.579	0.431
654.000000	76	189	0.607	0.466
660.000000	76	189	0.625	0.495
666.000000	76	189	0.646	0.517
672.000000	76	189	0.662	0.530
678.000000	76	189	0.676	0.546
684.000000	76	189	0.682	0.558
690.000000	76	189	0.692	0.566
696.000000	76	189	0.706	0.572
702.000000	76	189	0.712	0.580
708.000000	76	189	0.717	0.592
714.000000	76	189	0.717	0.600
720.000000	76	189	0.722	0.608
726.000000	76	189	0.729	0.618
732.000000	76	189	0.729	0.630
738.000000	76	189	0.737	0.638
744.000000	76	189	0.742	0.648
750.000000	76	189	0.744	0.664
756.000000	76	189	0.750	0.679
762.000000	76	189	0.756	0.689
768.000000	76	189	0.760	0.696
774.000000	76	189	0.767	0.703
780.000000	76	189	0.777	0.706
786.000000	76	189	0.786	0.715
792.000000	76	189	0.797	0.721
798.000000	76	189	0.807	0.724
804.000000	76	189	0.807	0.739
810.000000	76	189	0.808	0.739
816.000000	76	189	0.812	0.739
822.000000	76	189	0.812	0.741
828.000000	76	189	0.816	0.737
834.000000	76	189	0.817	0.738
840.000000	76	189	0.815	0.742
846.000000	76	189	0.813	0.744
852.000000	76	189	0.814	0.748
858.000000	76	189	0.811	0.750
864.000000	76	189	0.805	0.743
870.000000	76	189	0.800	0.736
876.000000	76	189	0.796	0.728
882.000000	76	189	0.794	0.721
888.000000	76	189	0.783	0.720
894.000000	76	189	0.769	0.715
900.000000	76	189	0.759	0.705
906.000000	76	189	0.743	0.698
912.000000	76	189	0.726	0.679
918.000000	76	189	0.702	0.663
924.000000	76	64	0.674	0.661
930.000000	64	76	0.705	0.638
936.000000	64	189	0.735	0.606
942.000000	64	189	0.773	0.566
948.000000	64	189	0.817	0.506
954.000000	64	189	0.864	0.420
960.000000	64	189	0.913	0.338
966.000000	64	189	0.931	0.256
972.000000	64	189	0.946	0.161
978.000000	64	189	0.955	0.092
984.000000	64	183	0.959	0.095
990.000000	64	183	0.960	0.106
996.000000	64	183	0.958	0.118
1002.000000	64	183	0.955	0.130
1008.000000	64	183	0.952	0.141
1014.000000	64	183	0.948	0.144
1020.000000	64	183	0.945	0.146
1026.000000	64	183	0.942	0.149
1032.000000	64	183	0.938	0.157
1038.000000	64	183	0.933	0.162
1044.000000	64	183	0.928	0.165
1050.000000	64	183	0.924	0.167
1056.000000	64	183	0.920	0.175
1062.000000	64	183	0.914	0.182
1068.000000	64	183	0.911	0.185
1074.000000	64	183	0.908	0.187
1080.000000	64	183	0.903	0.189
1086.000000	64	183	0.896	0.192
1092.000000	64	183	0.887	0.196
1098.000000	64	183	0.878	0.202
1104.000000	64	49	0.867	0.213
1110.000000	64	49	0.855	0.232
1116.000000	64	49	0.841	0.241
1122.000000	64	49	0.826	0.251
1128.000000	64	49	0.813	0.262
1134.000000	64	49	0.805	0.270
1140.000000	64	49	0.792	0.280
1146.000000	64	49	0.776	0.293
1152.000000	64	49	0.757	0.311
1158.000000	64	49	0.740	0.325
1164.000000	64	49	0.717	0.339
1170.000000	64	49	0.691	0.353
1176.000000	64	49	0.655	0.375
1182.000000	64	49	0.610	0.400
1188.000000	64	49	0.554	0.422
1194.000000	64	49	0.484	0.444
1200.000000	49	101	0.476	0.460
1206.000000	49	101	0.519	0.503
1212.000000	49	101	0.583	0.555
1218.000000	49	101	0.642	0.602
1224.000000	49	101	0.689	0.636
1230.000000	49	101	0.713	0.661
1236.000000	49	101	0.737	0.680
1242.000000	49	101	0.755	0.699
1248.000000	49	101	0.771	0.721
1254.000000	49	101	0.780	0.732
1260.000000	49	101	0.783	0.751
1266.000000	49	101	0.787	0.764
1272.000000	49	101	0.795	0.768
1278.000000	49	101	0.803	0.775
1284.000000	49	101	0.804	0.787
1290.000000	49	101	0.809	0.789
1296.000000	49	101	0.815	0.791
1302.000000	49	101	0.814	0.798
1308.000000	49	101	0.817	0.806
1314.000000	49	101	0.819	0.813
1320.000000	101	49	0.820	0.817
1326.000000	101	49	0.825	0.819
1332.000000	101	49	0.828	0.822
1338.000000	101	49	0.828	0.824
1344.000000	49	101	0.828	0.825
1350.000000	49	101	0.829	0.825
1356.000000	49	101	0.830	0.825
1362.000000	49	101	0.830	0.825
1368.000000	49	101	0.830	0.825
1374.000000	49	101	0.830	0.823
1380.000000	49	101	0.830	0.823
1386.000000	49	101	0.827	0.827
1392.000000	101	49	0.829	0.828
1398.000000	101	49	0.830	0.827
1404.000000	49	101	0.832	0.826
1410.000000	49	101	0.835	0.823
1416.000000	49	101	0.835	0.822
1422.000000	49	101	0.834	0.823
1428.000000	49	101	0.832	0.828
1434.000000	101	49	0.830	0.830
1440.000000	49	101	0.832	0.827
1446.000000	49	101	0.830	0.828
1452.000000	101	49	0.830	0.823
1458.000000	101	49	0.833	0.818
1464.000000	101	49	0.835	0.812
1470.000000	101	49	0.831	0.809
1476.000000	101	49	0.826	0.803
1482.000000	101	49	0.825	0.794
1488.000000	101	49	0.826	0.781
1494.000000	101	49	0.824	0.768
1500.000000	101	49	0.815	0.760
1506.000000	101	49	0.809	0.749
1512.000000	101	49	0.802	0.733
1518.000000	101	49	0.794	0.715
1524.000000	101	49	0.782	0.693
1530.000000	101	49	0.777	0.650
1536.000000	101	49	0.775	0.593
1542.000000	101	49	0.775	0.505
1548.000000	101	49	0.787	0.355
1554.000000	101	49	0.803	0.164
1560.000000	101	48	0.819	0.071
1566.000000	101	48	0.824	0.070
1572.000000	101	48	0.827	0.067
1578.000000	101	48	0.830	0.066
1584.000000	101	48	0.832	0.064
1590.000000	101	72	0.834	0.062
1596.000000	101	72	0.832	0.069
1602.000000	101	72	0.832	0.076
1608.000000	101	72	0.835	0.081
1614.000000	101	72	0.837	0.088
1620.000000	101	72	0.836	0.092
1626.000000	101	72	0.836	0.093
1632.000000	101	72	0.833	0.099
1638.000000	101	72	0.827	0.107
1644.000000	101	72	0.824	0.115
1650.000000	101	72	0.824	0.122
1656.000000	101	72	0.826	0.128
1662.000000	101	72	0.827	0.136
1668.000000	101	72	0.826	0.142
1674.000000	101	72	0.825	0.147
1680.000000	101	72	0.825	0.153
1686.000000	101	72	0.822	0.162
1692.000000	101	72	0.818	0.175
1698.000000	101	72	0.811	0.189
1704.000000	101	72	0.799	0.201
1710.000000	101	72	0.783	0.217
1716.000000	101	72	0.763	0.233
1722.000000	101	72	0.732	0.261
1728.000000	101	72	0.693	0.292
1734.000000	101	72	0.638	0.320
1740.000000	101	72	0.551	0.358
1746.000000	101	72	0.421	0.408
1752.000000	72	101	0.487	0.270
1758.000000	72	81	0.557	0.290
1764.000000	72	81	0.630	0.311
1770.000000	72	81	0.690	0.322
1776.000000	72	81	0.713	0.345
1782.000000	72	81	0.722	0.360
1788.000000	72	81	0.728	0.367
1794.000000	72	81	0.733	0.378
1800.000000	72	81	0.737	0.395
1806.000000	72	81	0.752	0.402
1812.000000	72	81	0.757	0.405
1818.000000	72	81	0.758	0.408
1824.000000	72	81	0.760	0.414
1830.000000	72	81	0.759	0.420
1836.000000	72	81	0.757	0.432
1842.000000	72	81	0.753	0.434
1848.000000	72	81	0.752	0.438
1854.000000	72	81	0.751	0.449
1860.000000	72	81	0.753	0.454
1866.000000	72	81	0.756	0.455
1872.000000	72	81	0.760	0.463
1878.000000	72	81	0.766	0.471
1884.000000	72	81	0.767	0.481
1890.000000	72	81	0.766	0.490
1896.000000	72	81	0.769	0.497
1902.000000	72	81	0.779	0.497
1908.000000	72	81	0.789	0.502
1914.000000	72	81	0.804	0.503
1920.000000	72	81	0.810	0.509
1926.000000	72	81	0.815	0.521
1932.000000	72	81	0.822	0.526
1938.000000	72	81	0.825	0.538
1944.000000	72	81	0.830	0.546
1950.000000	72	81	0.837	0.551
1956.000000	72	81	0.849	0.562
1962.000000	72	81	0.855	0.571
1968.000000	72	81	0.854	0.574
1974.000000	72	81	0.856	0.569
1980.000000	72	81	0.861	0.568
1986.000000	72	81	0.869	0.572
1992.000000	72	81	0.872	0.580
1998.000000	72	81	0.872	0.582
2004.000000	72	81	0.869	0.583
2010.000000	72	81	0.868	0.584
2016.000000	72	81	0.869	0.584
2022.000000	72	81	0.871	0.588
2028.000000	72	81	0.873	0.585
2034.000000	72	81	0.875	0.582
2040.000000	72	81	0.880	0.570
2046.000000	72	81	0.879	0.558
2052.000000	72	81	0.877	0.548
2058.000000	72	81	0.874	0.532
2064.000000	72	81	0.871	0.514
2070.000000	72	81	0.865	0.493
2076.000000	72	81	0.859	0.468
2082.000000	72	81	0.857	0.440
2088.000000	72	81	0.854	0.399
2094.000000	72	81	0.846	0.343
2100.000000	72	81	0.841	0.282
2106.000000	72	81	0.836	0.217
2112.000000	72	81	0.828	0.163
2118.000000	72	17	0.824	0.140
2124.000000	72	17	0.823	0.137
2130.000000	72	17	0.818	0.135
2136.000000	72	42	0.812	0.152
2142.000000	72	42	0.804	0.165
2148.000000	72	73	0.795	0.176
2154.000000	72	73	0.784	0.201
2160.000000	72	73	0.770	0.229
2166.000000	72	73	0.744	0.264
2172.000000	72	73	0.712	0.300
2178.000000	72	73	0.672	0.325
2184.000000	72	73	0.617	0.354
2190.000000	72	73	0.535	0.391
2196.000000	72	73	0.438	0.433
2202.000000	73	42	0.487	0.353
2208.000000	73	42	0.535	0.384
2214.000000	73	42	0.576	0.404
2220.000000	73	42	0.618	0.425
2226.000000	73	42	0.654	0.452
2232.000000	73	42	0.676	0.484
2238.000000	73	42	0.691	0.501
2244.000000	73	42	0.702	0.511
2250.000000	73	42	0.721	0.518
2256.000000	73	42	0.738	0.530
2262.000000	73	42	0.747	0.536
2268.000000	73	42	0.756	0.540
2274.000000	73	42	0.764	0.546
2280.000000	73	42	0.767	0.550
2286.000000	73	42	0.771	0.555
2292.000000	73	42	0.780	0.553
2298.000000	73	42	0.792	0.546
2304.000000	73	42	0.793	0.545
2310.000000	73	42	0.798	0.546
2316.000000	73	42	0.802	0.549
2322.000000	73	42	0.811	0.547
2328.000000	73	42	0.815	0.544
2334.000000	73	42	0.825	0.542
2340.000000	73	42	0.832	0.541
2346.000000	73	42	0.839	0.542
2352.000000	73	42	0.845	0.544
2358.000000	73	42	0.855	0.550
2364.000000	73	42	0.860	0.557
2370.000000	73	42	0.868	0.560
2376.000000	73	42	0.874	0.563
2382.000000	73	42	0.881	0.563
2388.000000	73	42	0.891	0.556
2394.000000	73	42	0.897	0.558
2400.000000	73	42	0.905	0.555
2406.000000	73	42	0.905	0.560
2412.000000	73	42	0.902	0.565
2418.000000	73	42	0.905	0.557
2424.000000	73	42	0.905	0.545
2430.000000	73	42	0.905	0.529
2436.000000	73	42	0.906	0.512
2442.000000	73	42	0.905	0.496
2448.000000	73	42	0.905	0.475
2454.000000	73	42	0.909	0.453
2460.000000	73	42	0.912	0.424
2466.000000	73	42	0.914	0.388
2472.000000	73	42	0.918	0.341
2478.000000	73	42	0.916	0.289
2484.000000	73	42	0.917	0.233
2490.000000	73	42	0.917	0.176
2496.000000	73	24	0.918	0.189
2502.000000	73	24	0.918	0.203
2508.000000	73	71	0.915	0.216
2514.000000	73	71	0.912	0.237
2520.000000	73	71	0.911	0.262
2526.000000	73	71	0.911	0.285
2532.000000	73	71	0.909	0.314
2538.000000	73	71	0.905	0.347
2544.000000	73	71	0.900	0.373
2550.000000	73	71	0.891	0.405
2556.000000	73	71	0.876	0.448
2562.000000	73	71	0.865	0.484
2568.000000	73	71	0.852	0.518
2574.000000	73	71	0.839	0.545
2580.000000	73	71	0.828	0.571
2586.000000	73	71	0.810	0.599
2592.000000	73	71	0.778	0.625
2598.000000	73	71	0.744	0.668
2604.000000	71	73	0.713	0.700
2610.000000	71	73	0.744	0.630
2616.000000	71	73	0.767	0.550
2622.000000	71	24	0.795	0.462
2628.000000	71	24	0.853	0.502
2634.000000	71	24	0.890	0.534
2640.000000	71	24	0.910	0.551
2646.000000	71	24	0.919	0.558
2652.000000	71	24	0.926	0.568
2658.000000	71	24	0.923	0.581
2664.000000	71	24	0.922	0.584
2670.000000	71	24	0.923	0.588
2676.000000	71	24	0.921	0.591
2682.000000	71	24	0.919	0.595
2688.000000	71	24	0.916	0.592
2694.000000	71	24	0.912	0.594
2700.000000	71	24	0.916	0.589
2706.000000	71	24	0.919	0.586
2712.000000	71	24	0.916	0.590
2718.000000	71	24	0.913	0.593
2724.000000	71	24	0.912	0.592
2730.000000	71	24	0.911	0.589
2736.000000	71	24	0.909	0.582
2742.000000	71	24	0.907	0.574
2748.000000	71	24	0.905	0.565
2754.000000	71	24	0.903	0.557
2760.000000	71	24	0.898	0.549
2766.000000	71	24	0.897	0.536
2772.000000	71	24	0.895	0.519
2778.000000	71	24	0.894	0.502
2784.000000	71	24	0.892	0.484
2790.000000	71	24	0.889	0.458
2796.000000	71	24	0.887	0.424
2802.000000	71	24	0.887	0.381
2808.000000	71	24	0.888	0.324
2814.000000	71	24	0.883	0.259
2820.000000	71	84	0.877	0.245
2826.000000	71	84	0.871	0.268
2832.000000	71	84	0.863	0.283
2838.000000	71	84	0.858	0.298
2844.000000	71	84	0.854	0.323
2850.000000	71	84	0.848	0.352
2856.000000	71	84	0.834	0.386
2862.000000	71	84	0.816	0.421
2868.000000	71	84	0.788	0.474
2874.000000	71	84	0.765	0.514
2880.000000	71	84	0.742	0.545
2886.000000	71	84	0.711	0.577
2892.000000	71	84	0.671	0.612
2898.000000	84	71	0.637	0.625
2904.000000	84	71	0.664	0.543
2910.000000	84	71	0.706	0.427
2916.000000	84	39	0.758	0.433
2922.000000	84	39	0.805	0.483
2928.000000	84	39	0.834	0.525
2934.000000	84	39	0.849	0.562
2940.000000	84	39	0.854	0.584
2946.000000	84	39	0.856	0.602
2952.000000	84	39	0.851	0.617
2958.000000	84	39	0.846	0.628
2964.000000	84	39	0.842	0.635
2970.000000	84	39	0.838	0.642
2976.000000	84	39	0.833	0.655
2982.000000	84	39	0.835	0.662
2988.000000	84	39	0.834	0.670
2994.000000	84	39	0.834	0.674
3000.000000	84	39	0.831	0.678
3006.000000	84	39	0.828	0.689
3012.000000	84	39	0.827	0.694
3018.000000	84	39	0.828	0.695
3024.000000	84	39	0.826	0.701
3030.000000	84	39	0.823	0.706
3036.000000	84	39	0.823	0.708
3042.000000	84	39	0.821	0.711
3048.000000	84	39	0.816	0.718
3054.000000	84	39	0.812	0.718
3060.000000	84	39	0.808	0.718
3066.000000	84	39	0.802	0.721
3072.000000	84	39	0.794	0.724
3078.000000	84	39	0.785	0.727
3084.000000	84	39	0.778	0.731
3090.000000	84	39	0.770	0.733
3096.000000	84	39	0.756	0.741
3102.000000	39	84	0.745	0.744
3108.000000	39	84	0.746	0.732
3114.000000	39	84	0.749	0.717
3120.000000	39	84	0.755	0.695
3126.000000	39	84	0.760	0.670
3132.000000	39	84	0.770	0.645
3138.000000	39	84	0.782	0.617
3144.000000	39	84	0.799	0.576
3150.000000	39	84	0.813	0.530
3156.000000	39	84	0.836	0.463
3162.000000	39	84	0.849	0.374
3168.000000	39	84	0.865	0.259
3174.000000	39	114	0.882	0.139
3180.000000	39	114	0.899	0.151
3186.000000	39	114	0.908	0.163
3192.000000	39	114	0.909	0.170
3198.000000	39	114	0.910	0.175
3204.000000	39	114	0.916	0.182
3210.000000	39	114	0.919	0.189
3216.000000	39	114	0.918	0.198
3222.000000	39	114	0.917	0.209
3228.000000	39	114	0.917	0.222
3234.000000	39	114	0.915	0.235
3240.000000	39	114	0.914	0.251
3246.000000	39	114	0.914	0.266
3252.000000	39	114	0.914	0.275
3258.000000	39	114	0.910	0.286
3264.000000	39	114	0.908	0.301
3270.000000	39	114	0.904	0.315
3276.000000	39	114	0.896	0.329
3282.000000	39	114	0.883	0.352
3288.000000	39	114	0.871	0.372
3294.000000	39	114	0.855	0.391
3300.000000	39	114	0.843	0.411
3306.000000	39	114	0.835	0.437
3312.000000	39	114	0.820	0.458
3318.000000	39	114	0.792	0.489
3324.000000	39	114	0.768	0.515
3330.000000	39	114	0.746	0.538
3336.000000	39	114	0.714	0.565
3342.000000	39	114	0.666	0.596
3348.000000	114	39	0.637	0.605
3354.000000	114	39	0.681	0.502
3360.000000	114	39	0.754	0.358
3366.000000	114	39	0.816	0.211
3372.000000	114	54	0.858	0.209
3378.000000	114	54	0.884	0.214
3384.000000	114	54	0.891	0.218
3390.000000	114	54	0.898	0.220
3396.000000	114	54	0.907	0.214
3402.000000	114	54	0.911	0.213
3408.000000	114	54	0.914	0.212
3414.000000	114	54	0.920	0.205
3420.000000	114	54	0.920	0.207
3426.000000	114	54	0.924	0.207
3432.000000	114	54	0.924	0.206
3438.000000	114	54	0.922	0.205
3444.000000	114	89	0.921	0.205
3450.000000	114	89	0.919	0.214
3456.000000	114	89	0.917	0.225
3462.000000	114	89	0.915	0.237
3468.000000	114	89	0.914	0.249
3474.000000	114	89	0.912	0.258
3480.000000	114	89	0.910	0.265
3486.000000	114	89	0.907	0.271
3492.000000	114	89	0.904	0.277
3498.000000	114	89	0.902	0.283
3504.000000	114	89	0.899	0.292
3510.000000	114	89	0.895	0.304
3516.000000	114	89	0.892	0.318
3522.000000	114	89	0.887	0.336
3528.000000	114	89	0.878	0.359
3534.000000	114	89	0.866	0.375
3540.000000	114	89	0.860	0.382
3546.000000	114	89	0.853	0.396
3552.000000	114	89	0.851	0.415
3558.000000	114	89	0.847	0.434
3564.000000	114	89	0.843	0.454
3570.000000	114	89	0.834	0.471
3576.000000	114	89	0.830	0.484
3582.000000	114	89	0.821	0.495
3588.000000	114	89	0.809	0.513
3594.000000	114	89	0.796	0.528
3600.000000	114	89	0.781	0.543
3606.000000	114	89	0.752	0.570
3612.000000	114	89	0.725	0.592
3618.000000	114	89	0.692	0.612
3624.000000	89	114	0.639	0.637
3630.000000	89	190	0.660	0.651
3636.000000	89	190	0.696	0.682
3642.000000	190	89	0.736	0.726
3648.000000	190	89	0.772	0.748
3654.000000	190	89	0.789	0.770
3660.000000	190	89	0.809	0.787
3666.000000	190	89	0.818	0.798
3672.000000	190	89	0.831	0.802
3678.000000	190	89	0.837	0.802
3684.000000	190	89	0.839	0.804
3690.000000	190	89	0.835	0.798
3696.000000	190	89	0.833	0.794
3702.000000	190	89	0.831	0.791
3708.000000	190	89	0.825	0.790
3714.000000	190	89	0.818	0.790
3720.000000	190	89	0.810	0.790
3726.000000	190	89	0.806	0.786
3732.000000	190	89	0.802	0.783
3738.000000	190	89	0.796	0.783
3744.000000	190	89	0.793	0.781
3750.000000	190	89	0.792	0.775
3756.000000	190	89	0.792	0.767
3762.000000	190	89	0.794	0.759
3768.000000	190	89	0.793	0.749
3774.000000	190	89	0.796	0.735
3780.000000	190	89	0.797	0.724
3786.000000	190	89	0.799	0.709
3792.000000	190	89	0.800	0.694
3798.000000	190	89	0.798	0.679
3804.000000	190	89	0.796	0.660
3810.000000	190	89	0.792	0.642
3816.000000	190	89	0.790	0.624
3822.000000	190	89	0.791	0.594
3828.000000	190	89	0.791	0.554
3834.000000	190	89	0.793	0.494
3840.000000	190	89	0.795	0.423
3846.000000	190	89	0.795	0.339
3852.000000	190	89	0.797	0.226
3858.000000	190	143	0.808	0.208
3864.000000	190	143	0.824	0.220
3870.000000	190	143	0.837	0.229
3876.000000	190	143	0.847	0.242
3882.000000	190	143	0.853	0.260
3888.000000	190	143	0.856	0.279
3894.000000	190	143	0.855	0.297
3900.000000	190	143	0.848	0.312
3906.000000	190	143	0.842	0.323
3912.000000	190	143	0.835	0.334
3918.000000	190	143	0.828	0.344
3924.000000	190	143	0.818	0.352
3930.000000	190	143	0.800	0.364
3936.000000	190	143	0.784	0.376
3942.000000	190	143	0.767	0.377
3948.000000	190	143	0.748	0.381
3954.000000	190	143	0.733	0.387
3960.000000	190	143	0.715	0.389
3966.000000	190	143	0.692	0.392
3972.000000	190	143	0.663	0.393
3978.000000	190	143	0.627	0.399
3984.000000	190	143	0.585	0.402
3990.000000	190	143	0.536	0.404
3996.000000	190	143	0.459	0.410
4002.000000	143	153	0.418	0.389
4008.000000	143	153	0.435	0.410
4014.000000	143	153	0.447	0.427
4020.000000	143	153	0.456	0.443
4026.000000	143	153	0.468	0.458
4032.000000	143	153	0.482	0.471
4038.000000	143	153	0.493	0.482
4044.000000	143	153	0.506	0.492
4050.000000	143	153	0.521	0.491
4056.000000	143	153	0.545	0.488
4062.000000	143	153	0.568	0.497
4068.000000	143	153	0.569	0.505
4074.000000	143	153	0.573	0.506
4080.000000	143	153	0.582	0.513
4086.000000	143	153	0.587	0.518
4092.000000	143	153	0.584	0.521
4098.000000	143	153	0.579	0.522
4104.000000	143	73	0.571	0.529
4110.000000	143	73	0.569	0.548
4116.000000	73	143	0.569	0.559
4122.000000	73	143	0.591	0.550
4128.000000	73	153	0.615	0.543
4134.000000	73	153	0.636	0.543
4140.000000	73	153	0.655	0.538
4146.000000	73	153	0.688	0.532
4152.000000	73	153	0.715	0.525
4158.000000	73	153	0.735	0.522
4164.000000	73	153	0.763	0.527
4170.000000	73	153	0.789	0.527
4176.000000	73	153	0.813	0.518
4182.000000	73	153	0.829	0.508
4188.000000	73	153	0.834	0.499
4194.000000	73	153	0.847	0.483
4200.000000	73	153	0.857	0.466
4206.000000	73	153	0.873	0.441
4212.000000	73	153	0.884	0.419
4218.000000	73	153	0.890	0.399
4224.000000	73	153	0.899	0.366
4230.000000	73	153	0.902	0.326
4236.000000	73	153	0.908	0.274
4242.000000	73	174	0.913	0.236
4248.000000	73	174	0.913	0.237
4254.000000	73	174	0.913	0.240
4260.000000	73	174	0.912	0.242
4266.000000	73	174	0.912	0.244
4272.000000	73	174	0.913	0.244
4278.000000	73	174	0.915	0.247
4284.000000	73	174	0.917	0.247
4290.000000	73	174	0.914	0.250
4296.000000	73	174	0.908	0.246
4302.000000	73	174	0.899	0.240
4308.000000	73	174	0.894	0.234
4314.000000	73	174	0.892	0.229
4320.000000	73	174	0.887	0.228
4326.000000	73	174	0.882	0.224
4332.000000	73	174	0.877	0.223
4338.000000	73	174	0.869	0.229
4344.000000	73	174	0.866	0.227
4350.000000	73	174	0.864	0.223
4356.000000	73	174	0.863	0.217
4362.000000	73	174	0.859	0.209
4368.000000	73	174	0.856	0.199
4374.000000	73	97	0.853	0.196
4380.000000	73	97	0.852	0.203
4386.000000	73	97	0.850	0.211
4392.000000	73	97	0.847	0.219
4398.000000	73	97	0.841	0.226
4404.000000	73	97	0.836	0.230
4410.000000	73	97	0.832	0.234
4416.000000	73	97	0.827	0.239
4422.000000	73	97	0.821	0.247
4428.000000	73	97	0.815	0.258
4434.000000	73	97	0.807	0.273
4440.000000	73	97	0.793	0.281
4446.000000	73	97	0.779	0.288
4452.000000	73	97	0.763	0.302
4458.000000	73	97	0.745	0.313
4464.000000	73	97	0.724	0.317
4470.000000	73	97	0.694	0.329
4476.000000	73	97	0.656	0.347
4482.000000	73	97	0.601	0.362
4488.000000	73	97	0.530	0.384
4494.000000	73	97	0.428	0.411
4500.000000	97	86	0.431	0.389
4506.000000	97	86	0.473	0.424
4512.000000	97	86	0.527	0.457
4518.000000	97	86	0.563	0.498
4524.000000	97	86	0.592	0.539
4530.000000	97	86	0.609	0.561
4536.000000	97	86	0.615	0.573
4542.000000	97	86	0.624	0.589
4548.000000	97	86	0.632	0.611
4554.000000	97	86	0.640	0.621
4560.000000	97	86	0.651	0.624
4566.000000	97	86	0.661	0.628
4572.000000	97	86	0.664	0.638
4578.000000	97	86	0.670	0.645
4584.000000	97	86	0.674	0.652
4590.000000	97	86	0.681	0.659
4596.000000	97	86	0.687	0.665
4602.000000	97	86	0.695	0.670
4608.000000	97	86	0.702	0.681
4614.000000	97	86	0.702	0.695
4620.000000	97	86	0.706	0.698
4626.000000	97	86	0.716	0.704
4632.000000	97	86	0.721	0.718
4638.000000	97	86	0.729	0.727
4644.000000	86	97	0.735	0.733
4650.000000	86	97	0.742	0.738
4656.000000	86	97	0.753	0.744
4662.000000	86	97	0.759	0.749
4668.000000	86	97	0.769	0.753
4674.000000	86	97	0.775	0.756
4680.000000	86	97	0.780	0.759
4686.000000	86	97	0.790	0.757
4692.000000	86	97	0.798	0.761
4698.000000	86	97	0.807	0.764
4704.000000	86	97	0.810	0.766
4710.000000	86	97	0.812	0.769
4716.000000	86	97	0.818	0.772
4722.000000	86	97	0.823	0.775
4728.000000	86	97	0.824	0.780
4734.000000	86	97	0.824	0.785
4740.000000	86	97	0.823	0.785
4746.000000	86	97	0.820	0.783
4752.000000	86	97	0.816	0.782
4758.000000	86	97	0.811	0.784
4764.000000	86	97	0.812	0.779
4770.000000	86	97	0.812	0.773
4776.000000	86	97	0.812	0.767
4782.000000	86	97	0.814	0.762
4788.000000	86	97	0.819	0.756
4794.000000	86	97	0.816	0.752
4800.000000	86	97	0.815	0.746
4806.000000	86	97	0.817	0.737
4812.000000	86	97	0.823	0.718
4818.000000	86	97	0.827	0.690
4824.000000	86	97	0.821	0.664
4830.000000	86	97	0.815	0.633
4836.000000	86	97	0.812	0.593
4842.000000	86	97	0.812	0.529
4848.000000	86	97	0.809	0.430
4854.000000	86	97	0.817	0.306
4860.000000	86	164	0.829	0.253
4866.000000	86	164	0.842	0.281
4872.000000	86	164	0.848	0.330
4878.000000	86	164	0.847	0.398
4884.000000	86	164	0.841	0.471
4890.000000	86	164	0.824	0.548
4896.000000	86	164	0.795	0.609
4902.000000	86	164	0.760	0.678
4908.000000	164	86	0.741	0.725
4914.000000	164	86	0.789	0.672
4920.000000	164	86	0.843	0.602
4926.000000	164	86	0.879	0.504
4932.000000	164	86	0.905	0.374
4938.000000	164	86	0.926	0.248
4944.000000	164	86	0.940	0.139
4950.000000	164	146	0.951	0.114
4956.000000	164	146	0.952	0.124
4962.000000	164	146	0.950	0.136
4968.000000	164	146	0.948	0.145
4974.000000	164	146	0.945	0.158
4980.000000	164	146	0.942	0.175
4986.000000	164	146	0.939	0.191
4992.000000	164	146	0.936	0.207
4998.000000	164	146	0.936	0.224
5004.000000	164	146	0.932	0.242
5010.000000	164	146	0.929	0.261
5016.000000	164	146	0.926	0.278
5022.000000	164	146	0.924	0.295
5028.000000	164	146	0.923	0.312
5034.000000	164	146	0.921	0.331
5040.000000	164	146	0.918	0.352
5046.000000	164	146	0.914	0.376
5052.000000	164	146	0.913	0.394
5058.000000	164	146	0.912	0.407
5064.000000	164	146	0.910	0.415
5070.000000	164	146	0.908	0.422
5076.000000	164	146	0.905	0.428
5082.000000	164	146	0.901	0.436
5088.000000	164	146	0.899	0.445
5094.000000	164	146	0.897	0.454
5100.000000	164	146	0.897	0.467
5106.000000	164	146	0.895	0.481
5112.000000	164	146	0.890	0.492
5118.000000	164	146	0.884	0.502
5124.000000	164	146	0.879	0.517
5130.000000	164	146	0.874	0.531
5136.000000	164	146	0.868	0.549
5142.000000	164	146	0.858	0.574
5148.000000	164	146	0.849	0.590
5154.000000	164	146	0.841	0.607
5160.000000	164	146	0.833	0.627
5166.000000	164	146	0.820	0.654
5172.000000	164	146	0.808	0.674
5178.000000	164	146	0.798	0.694
5184.000000	164	146	0.781	0.714
5190.000000	164	146	0.758	0.740
5196.000000	146	164	0.765	0.728
5202.000000	146	164	0.795	0.687
5208.000000	146	164	0.817	0.644
5214.000000	146	164	0.841	0.585
5220.000000	146	164	0.868	0.501
5226.000000	146	164	0.890	0.377
5232.000000	146	164	0.917	0.195
5238.000000	146	193	0.935	0.115
5244.000000	146	196	0.943	0.093
5250.000000	146	196	0.945	0.093
5256.000000	146	196	0.947	0.094
5262.000000	146	27	0.946	0.100
5268.000000	146	27	0.944	0.107
5274.000000	146	27	0.941	0.112
5280.000000	146	27	0.940	0.116
5286.000000	146	52	0.937	0.121
5292.000000	146	52	0.934	0.131
5298.000000	146	52	0.933	0.143
5304.000000	146	52	0.933	0.162
5310.000000	146	52	0.931	0.178
5316.000000	146	52	0.928	0.196
5322.000000	146	52	0.923	0.215
5328.000000	146	52	0.919	0.237
5334.000000	146	52	0.912	0.260
5340.000000	146	52	0.908	0.289
5346.000000	146	52	0.903	0.313
5352.000000	146	52	0.897	0.336
5358.000000	146	52	0.890	0.363
5364.000000	146	52	0.886	0.390
5370.000000	146	52	0.880	0.425
5376.000000	146	52	0.870	0.461
5382.000000	146	52	0.854	0.498
5388.000000	146	52	0.838	0.528
5394.000000	146	52	0.826	0.557
5400.000000	146	52	0.809	0.586
5406.000000	146	52	0.788	0.610
5412.000000	146	52	0.761	0.637
5418.000000	146	52	0.732	0.663
5424.000000	146	52	0.699	0.689
5430.000000	52	146	0.727	0.635
5436.000000	52	146	0.751	0.553
5442.000000	52	146	0.790	0.446
5448.000000	52	146	0.849	0.286
5454.000000	52	78	0.896	0.125
5460.000000	52	45	0.918	0.126
5466.000000	52	78	0.929	0.129
5472.000000	52	78	0.933	0.135
5478.000000	52	78	0.940	0.137
5484.000000	52	78	0.945	0.136
5490.000000	52	78	0.949	0.134
5496.000000	52	78	0.952	0.138
5502.000000	52	78	0.951	0.140
5508.000000	52	78	0.953	0.141
5514.000000	52	78	0.956	0.139
5520.000000	52	78	0.956	0.137
5526.000000	52	45	0.955	0.137
5532.000000	52	45	0.954	0.141
5538.000000	52	45	0.952	0.143
5544.000000	52	45	0.951	0.146
5550.000000	52	45	0.949	0.147
5556.000000	52	45	0.947	0.147
5562.000000	52	45	0.945	0.147
5568.000000	52	67	0.942	0.146
5574.000000	52	67	0.939	0.155
5580.000000	52	67	0.932	0.162
5586.000000	52	67	0.927	0.173
5592.000000	52	67	0.925	0.181
5598.000000	52	67	0.923	0.184
5604.000000	52	67	0.921	0.190
5610.000000	52	67	0.919	0.197
5616.000000	52	67	0.917	0.203
5622.000000	52	67	0.913	0.210
5628.000000	52	67	0.906	0.218
5634.000000	52	67	0.900	0.225
5640.000000	52	67	0.894	0.228
5646.000000	52	67	0.889	0.234
5652.000000	52	67	0.885	0.240
5658.000000	52	67	0.879	0.249
5664.000000	52	67	0.871	0.252
5670.000000	52	67	0.860	0.254
5676.000000	52	67	0.849	0.257
5682.000000	52	67	0.834	0.254
5688.000000	52	67	0.818	0.249
5694.000000	52	67	0.800	0.244
5700.000000	52	67	0.773	0.244
5706.000000	52	67	0.745	0.247
5712.000000	52	67	0.708	0.247
5718.000000	52	67	0.671	0.247
5724.000000	52	67	0.623	0.246
5730.000000	52	67	0.571	0.243
5736.000000	52	166	0.488	0.251
5742.000000	52	166	0.377	0.272
5748.000000	166	52	0.287	0.256
5754.000000	166	67	0.310	0.225
5760.000000	166	67	0.344	0.217
5766.000000	166	102	0.387	0.201
5772.000000	166	102	0.431	0.199
5778.000000	166	102	0.478	0.205
5784.000000	166	102	0.520	0.212
5790.000000	166	102	0.558	0.222
5796.000000	166	102	0.593	0.225
5802.000000	166	102	0.631	0.227
5808.000000	166	102	0.668	0.239
5814.000000	166	102	0.695	0.247
5820.000000	166	102	0.719	0.249
5826.000000	166	102	0.739	0.245
5832.000000	166	102	0.762	0.239
5838.000000	166	102	0.783	0.241
5844.000000	166	102	0.800	0.242
5850.000000	166	102	0.809	0.241
5856.000000	166	102	0.826	0.241
5862.000000	166	102	0.841	0.240
5868.000000	166	102	0.851	0.238
5874.000000	166	102	0.860	0.232
5880.000000	166	102	0.864	0.224
5886.000000	166	102	0.868	0.216
5892.000000	166	102	0.874	0.208
5898.000000	166	102	0.883	0.194
5904.000000	166	102	0.888	0.183
5910.000000	166	102	0.891	0.166
5916.000000	166	58	0.898	0.153
5922.000000	166	105	0.905	0.141
5928.000000	166	105	0.913	0.149
5934.000000	166	105	0.924	0.151
5940.000000	166	105	0.932	0.147
5946.000000	166	105	0.932	0.143
5952.000000	166	105	0.934	0.148
5958.000000	166	105	0.934	0.152
5964.000000	166	105	0.934	0.154
5970.000000	166	105	0.936	0.155
5976.000000	166	105	0.935	0.158
5982.000000	166	105	0.932	0.158
5988.000000	166	105	0.930	0.158
5994.000000	166	169	0.928	0.167
6000.000000	166	169	0.926	0.180
6006.000000	166	169	0.924	0.193
6012.000000	166	169	0.924	0.204
6018.000000	166	169	0.923	0.218
6024.000000	166	169	0.921	0.234
6030.000000	166	169	0.918	0.251
6036.000000	166	169	0.915	0.269
6042.000000	166	169	0.911	0.287
6048.000000	166	169	0.909	0.310
6054.000000	166	169	0.907	0.333
6060.000000	166	169	0.901	0.358
6066.000000	166	169	0.894	0.381
6072.000000	166	169	0.885	0.404
6078.000000	166	169	0.878	0.439
6084.000000	166	169	0.872	0.485
6090.000000	166	169	0.862	0.540
6096.000000	166	169	0.853	0.590
6102.000000	166	169	0.839	0.630
6108.000000	166	169	0.819	0.665
6114.000000	166	169	0.779	0.710
6120.000000	169	166	0.760	0.733
6126.000000	169	166	0.820	0.651
6132.000000	169	166	0.872	0.551
6138.000000	169	166	0.926	0.395
6144.000000	169	166	0.951	0.190
6150.000000	169	29	0.966	0.120
6156.000000	169	142	0.970	0.111
6162.000000	169	142	0.969	0.113
6168.000000	169	142	0.968	0.116
6174.000000	169	142	0.969	0.119
6180.000000	169	142	0.967	0.124
6186.000000	169	142	0.965	0.131
6192.000000	169	142	0.962	0.137
6198.000000	169	142	0.960	0.146
6204.000000	169	142	0.956	0.153
6210.000000	169	142	0.952	0.161
6216.000000	169	142	0.949	0.167
6222.000000	169	142	0.947	0.172
6228.000000	169	142	0.944	0.176
6234.000000	169	142	0.941	0.186
6240.000000	169	142	0.937	0.199
6246.000000	169	142	0.933	0.207
6252.000000	169	142	0.930	0.217
6258.000000	169	142	0.928	0.223
6264.000000	169	142	0.925	0.233
6270.000000	169	142	0.920	0.250
6276.000000	169	142	0.917	0.266
6282.000000	169	142	0.912	0.289
6288.000000	169	142	0.904	0.309
6294.000000	169	142	0.902	0.320
6300.000000	169	142	0.900	0.331
6306.000000	169	142	0.897	0.340
6312.000000	169	142	0.893	0.347
6318.000000	169	142	0.892	0.357
6324.000000	169	142	0.889	0.365
6330.000000	169	142	0.887	0.373
6336.000000	169	142	0.886	0.384
6342.000000	169	142	0.883	0.396
6348.000000	169	142	0.879	0.409
6354.000000	169	142	0.871	0.426
6360.000000	169	142	0.864	0.446
6366.000000	169	142	0.849	0.476
6372.000000	169	142	0.837	0.505
6378.000000	169	142	0.826	0.540
6384.000000	169	142	0.814	0.579
6390.000000	169	142	0.801	0.612
6396.000000	169	142	0.779	0.653
6402.000000	169	142	0.748	0.695
6408.000000	142	169	0.753	0.695
6414.000000	142	169	0.801	0.629
6420.000000	142	169	0.846	0.531
6426.000000	142	169	0.885	0.379
6432.000000	142	169	0.924	0.187
6438.000000	142	53	0.938	0.154
6444.000000	142	53	0.944	0.141
6450.000000	142	53	0.952	0.132
6456.000000	142	53	0.955	0.131
6462.000000	142	53	0.951	0.131
6468.000000	142	113	0.947	0.124
6474.000000	142	113	0.943	0.141
6480.000000	142	113	0.940	0.151
6486.000000	142	113	0.937	0.157
6492.000000	142	113	0.935	0.163
6498.000000	142	113	0.936	0.166
6504.000000	142	113	0.937	0.168
6510.000000	142	155	0.936	0.174
6516.000000	142	155	0.935	0.182
6522.000000	142	155	0.933	0.191
6528.000000	142	155	0.932	0.201
6534.000000	142	155	0.930	0.214
6540.000000	142	155	0.928	0.229
6546.000000	142	139	0.927	0.243
6552.000000	142	155	0.927	0.258
6558.000000	142	139	0.928	0.276
6564.000000	142	139	0.926	0.296
6570.000000	142	139	0.923	0.314
6576.000000	142	139	0.918	0.339
6582.000000	142	139	0.915	0.362
6588.000000	142	139	0.913	0.387
6594.000000	142	139	0.907	0.426
6600.000000	142	139	0.898	0.469
6606.000000	142	139	0.892	0.502
6612.000000	142	139	0.886	0.529
6618.000000	142	139	0.880	0.555
6624.000000	142	139	0.866	0.579
6630.000000	142	139	0.853	0.601
6636.000000	142	139	0.834	0.616
6642.000000	142	139	0.808	0.637
6648.000000	142	139	0.783	0.657
6654.000000	142	139	0.746	0.677
6660.000000	142	139	0.705	0.690
6666.000000	139	155	0.710	0.643
6672.000000	139	155	0.729	0.675
6678.000000	139	155	0.764	0.716
6684.000000	139	155	0.793	0.747
6690.000000	139	155	0.824	0.762
6696.000000	139	155	0.841	0.777
6702.000000	139	155	0.847	0.783
6708.000000	139	155	0.850	0.782
6714.000000	139	155	0.848	0.783
6720.000000	139	155	0.850	0.780
6726.000000	139	155	0.847	0.776
6732.000000	139	155	0.842	0.774
6738.000000	139	155	0.840	0.769
6744.000000	139	155	0.841	0.759
6750.000000	139	155	0.836	0.761
6756.000000	139	155	0.834	0.759
6762.000000	139	155	0.829	0.760
6768.000000	139	155	0.823	0.764
6774.000000	139	155	0.819	0.763
6780.000000	139	155	0.815	0.761
6786.000000	139	155	0.813	0.755
6792.000000	139	155	0.806	0.751
6798.000000	139	155	0.798	0.745
6804.000000	139	155	0.789	0.743
6810.000000	139	155	0.787	0.736
6816.000000	139	155	0.786	0.729
6822.000000	139	155	0.786	0.719
6828.000000	139	155	0.789	0.704
6834.000000	139	155	0.784	0.690
6840.000000	139	155	0.780	0.676
6846.000000	139	155	0.779	0.660
6852.000000	139	155	0.778	0.642
6858.000000	139	155	0.782	0.621
6864.000000	139	155	0.782	0.598
6870.000000	139	155	0.779	0.574
6876.000000	139	155	0.777	0.544
6882.000000	139	155	0.774	0.510
6888.000000	139	155	0.772	0.465
6894.000000	139	155	0.771	0.382
6900.000000	139	155	0.777	0.274
6906.000000	139	155	0.776	0.185
6912.000000	139	19	0.780	0.145
6918.000000	139	19	0.788	0.144
6924.000000	139	19	0.795	0.144
6930.000000	139	19	0.798	0.139
6936.000000	139	115	0.800	0.141
6942.000000	139	115	0.802	0.145
6948.000000	139	115	0.805	0.150
6954.000000	139	115	0.805	0.154
6960.000000	139	115	0.804	0.161
6966.000000	139	115	0.795	0.173
6972.000000	139	115	0.782	0.181
6978.000000	139	115	0.770	0.186
6984.000000	139	115	0.763	0.193
6990.000000	139	115	0.750	0.204
6996.000000	139	19	0.737	0.212
7002.000000	139	19	0.723	0.230
7008.000000	139	19	0.704	0.249
7014.000000	139	19	0.668	0.270
7020.000000	139	19	0.611	0.298
7026.000000	139	19	0.559	0.326
7032.000000	139	19	0.498	0.349
7038.000000	139	19	0.396	0.380
7044.000000	19	92	0.405	0.269
7050.000000	19	92	0.439	0.293
7056.000000	19	92	0.463	0.317
7062.000000	19	92	0.495	0.342
7068.000000	19	92	0.518	0.375
7074.000000	19	92	0.536	0.399
7080.000000	19	92	0.556	0.404
7086.000000	19	92	0.574	0.405
7092.000000	19	92	0.587	0.404
7098.000000	19	92	0.595	0.403
7104.000000	19	92	0.601	0.399
7110.000000	19	92	0.610	0.393
7116.000000	19	92	0.619	0.388
7122.000000	19	92	0.633	0.386
7128.000000	19	92	0.639	0.389
7134.000000	19	92	0.649	0.393
7140.000000	19	92	0.659	0.386
7146.000000	19	92	0.672	0.385
7152.000000	19	92	0.682	0.383
7158.000000	19	92	0.691	0.376
7164.000000	19	92	0.699	0.366
7170.000000	19	92	0.704	0.361
7176.000000	19	92	0.714	0.355
7182.000000	19	92	0.722	0.355
7188.000000	19	92	0.730	0.353
7194.000000	19	92	0.737	0.347
7200.000000	19	92	0.750	0.333
7206.000000	19	92	0.763	0.325
7212.000000	19	92	0.775	0.309
7218.000000	19	92	0.784	0.291
7224.000000	19	92	0.797	0.270
7230.000000	19	92	0.815	0.250
7236.000000	19	193	0.841	0.217
7242.000000	19	193	0.861	0.214
7248.000000	19	193	0.870	0.212
7254.000000	19	193	0.874	0.205
7260.000000	19	193	0.878	0.198
7266.000000	19	193	0.883	0.196
7272.000000	19	193	0.885	0.189
7278.000000	19	193	0.889	0.181
7284.000000	19	193	0.892	0.170
7290.000000	19	193	0.898	0.160
7296.000000	19	193	0.901	0.155
7302.000000	19	193	0.907	0.147
7308.000000	19	193	0.912	0.135
7314.000000	19	71	0.916	0.130
7320.000000	19	71	0.917	0.133
7326.000000	19	71	0.918	0.138
7332.000000	19	71	0.922	0.141
7338.000000	19	71	0.925	0.144
7344.000000	19	71	0.925	0.146
7350.000000	19	71	0.925	0.151
7356.000000	19	71	0.925	0.156
7362.000000	19	71	0.926	0.160
7368.000000	19	71	0.925	0.162
7374.000000	19	71	0.924	0.163
7380.000000	19	71	0.923	0.162
7386.000000	19	71	0.922	0.163
7392.000000	19	71	0.920	0.165
7398.000000	19	71	0.918	0.168
7404.000000	19	113	0.916	0.177
7410.000000	19	113	0.914	0.189
7416.000000	19	113	0.914	0.204
7422.000000	19	113	0.912	0.214
7428.000000	19	113	0.908	0.225
7434.000000	19	113	0.904	0.236
7440.000000	19	113	0.901	0.246
7446.000000	19	113	0.898	0.253
7452.000000	19	113	0.895	0.263
7458.000000	19	113	0.889	0.276
7464.000000	19	113	0.882	0.288
7470.000000	19	113	0.876	0.297
7476.000000	19	113	0.865	0.311
7482.000000	19	113	0.854	0.325
7488.000000	19	113	0.840	0.342
7494.000000	19	113	0.824	0.361
7500.000000	19	113	0.801	0.389
7506.000000	19	113	0.766	0.427
7512.000000	19	113	0.729	0.468
7518.000000	19	113	0.681	0.517
7524.000000	19	113	0.594	0.575
7530.000000	113	19	0.667	0.419
7536.000000	113	19	0.786	0.171
7542.000000	113	150	0.859	0.176
7548.000000	113	150	0.893	0.188
7554.000000	113	150	0.906	0.211
7560.000000	113	150	0.918	0.225
7566.000000	113	150	0.930	0.235
7572.000000	113	150	0.930	0.243
7578.000000	113	150	0.930	0.249
7584.000000	113	150	0.934	0.259
7590.000000	113	150	0.937	0.276
7596.000000	113	150	0.938	0.294
7602.000000	113	150	0.937	0.310
7608.000000	113	150	0.939	0.324
7614.000000	113	150	0.937	0.336
7620.000000	113	150	0.936	0.351
7626.000000	113	150	0.934	0.362
7632.000000	113	150	0.934	0.374
7638.000000	113	150	0.933	0.390
7644.000000	113	150	0.931	0.410
7650.000000	113	150	0.930	0.424
7656.000000	113	150	0.929	0.438
7662.000000	113	150	0.928	0.457
7668.000000	113	150	0.927	0.475
7674.000000	113	150	0.925	0.491
7680.000000	113	150	0.921	0.506
7686.000000	113	150	0.920	0.515
7692.000000	113	150	0.918	0.525
7698.000000	113	150	0.914	0.546
7704.000000	113	150	0.913	0.563
7710.000000	113	150	0.909	0.586
7716.000000	113	150	0.905	0.600
7722.000000	113	150	0.902	0.615
7728.000000	113	150	0.899	0.628
7734.000000	113	150	0.896	0.643
7740.000000	113	150	0.893	0.664
7746.000000	113	150	0.890	0.684
7752.000000	113	150	0.886	0.707
7758.000000	113	150	0.879	0.729
7764.000000	113	150	0.875	0.742
7770.000000	113	150	0.866	0.758
7776.000000	113	150	0.843	0.785
7782.000000	150	113	0.815	0.814
7788.000000	150	113	0.841	0.779
7794.000000	150	113	0.859	0.746
7800.000000	150	113	0.881	0.705
7806.000000	150	113	0.909	0.641
7812.000000	150	113	0.930	0.562
7818.000000	150	113	0.942	0.445
7824.000000	150	113	0.961	0.283
7830.000000	150	113	0.976	0.084
7836.000000	150	30	0.982	0.064
7842.000000	150	30	0.983	0.061
7848.000000	150	30	0.983	0.060
7854.000000	150	79	0.982	0.060
7860.000000	150	79	0.981	0.063
7866.000000	150	79	0.981	0.064
7872.000000	150	79	0.981	0.064
7878.000000	150	163	0.980	0.065
7884.000000	150	163	0.979	0.072
7890.000000	150	163	0.978	0.079
7896.000000	150	163	0.978	0.082
7902.000000	150	163	0.977	0.085
7908.000000	150	163	0.976	0.088
7914.000000	150	163	0.976	0.090
7920.000000	150	163	0.975	0.092
7926.000000	150	163	0.974	0.093
7932.000000	150	163	0.973	0.094
7938.000000	150	163	0.972	0.097
7944.000000	150	163	0.971	0.104
7950.000000	150	163	0.970	0.109
7956.000000	150	163	0.969	0.117
7962.000000	150	163	0.967	0.124
7968.000000	150	163	0.965	0.131
7974.000000	150	163	0.963	0.140
7980.000000	150	163	0.961	0.150
7986.000000	150	163	0.958	0.163
7992.000000	150	163	0.956	0.181
7998.000000	150	163	0.953	0.205
8004.000000	150	163	0.949	0.236
8010.000000	150	163	0.944	0.269
8016.000000	150	163	0.939	0.305
8022.000000	150	163	0.935	0.358
8028.000000	150	163	0.930	0.424
8034.000000	150	163	0.923	0.493
8040.000000	150	163	0.911	0.572
8046.000000	150	163	0.894	0.643
8052.000000	150	163	0.874	0.684
8058.000000	150	163	0.840	0.731
8064.000000	150	163	0.797	0.773
8070.000000	163	150	0.819	0.738
8076.000000	163	150	0.864	0.653
8082.000000	163	150	0.902	0.518
8088.000000	163	150	0.928	0.328
8094.000000	163	24	0.952	0.112
8100.000000	163	24	0.968	0.104
8106.000000	163	93	0.972	0.105
8112.000000	163	93	0.971	0.108
8118.000000	163	93	0.973	0.107
8124.000000	163	93	0.972	0.109
8130.000000	163	93	0.970	0.109
8136.000000	163	24	0.969	0.112
8142.000000	163	24	0.967	0.109
8148.000000	163	2	0.966	0.112
8154.000000	163	2	0.963	0.121
8160.000000	163	2	0.961	0.129
8166.000000	163	2	0.959	0.137
8172.000000	163	2	0.956	0.143
8178.000000	163	178	0.954	0.148
8184.000000	163	178	0.952	0.162
8190.000000	163	178	0.951	0.175
8196.000000	163	178	0.949	0.190
8202.000000	163	178	0.947	0.207
8208.000000	163	178	0.946	0.224
8214.000000	163	178	0.944	0.243
8220.000000	163	178	0.943	0.262
8226.000000	163	178	0.941	0.283
8232.000000	163	178	0.940	0.303
8238.000000	163	178	0.938	0.321
8244.000000	163	178	0.937	0.346
8250.000000	163	178	0.935	0.375
8256.000000	163	178	0.933	0.402
8262.000000	163	178	0.930	0.437
8268.000000	163	178	0.926	0.481
8274.000000	163	178	0.922	0.523
8280.000000	163	178	0.918	0.556
8286.000000	163	178	0.907	0.589
8292.000000	163	178	0.891	0.625
8298.000000	163	178	0.881	0.654
8304.000000	163	178	0.869	0.696
8310.000000	163	178	0.857	0.737
8316.000000	163	178	0.842	0.765
8322.000000	163	178	0.819	0.792
8328.000000	178	163	0.846	0.766
8334.000000	178	163	0.876	0.725
8340.000000	178	163	0.896	0.674
8346.000000	178	163	0.915	0.589
8352.000000	178	163	0.937	0.462
8358.000000	178	163	0.954	0.296
8364.000000	178	163	0.969	0.138
8370.000000	178	107	0.976	0.092
8376.000000	178	107	0.975	0.100
8382.000000	178	107	0.973	0.116
8388.000000	178	107	0.970	0.127
8394.000000	178	107	0.969	0.134
8400.000000	178	107	0.968	0.145
8406.000000	178	107	0.966	0.155
8412.000000	178	107	0.963	0.165
8418.000000	178	107	0.961	0.176
8424.000000	178	107	0.959	0.189
8430.000000	178	107	0.957	0.210
8436.000000	178	107	0.955	0.230
8442.000000	178	107	0.953	0.245
8448.000000	178	107	0.951	0.267
8454.000000	178	107	0.948	0.288
8460.000000	178	107	0.945	0.312
8466.000000	178	107	0.940	0.337
8472.000000	178	107	0.937	0.358
8478.000000	178	107	0.933	0.385
8484.000000	178	107	0.927	0.408
8490.000000	178	107	0.925	0.428
8496.000000	178	107	0.922	0.451
8502.000000	178	107	0.919	0.473
8508.000000	178	107	0.916	0.489
8514.000000	178	107	0.910	0.501
8520.000000	178	107	0.897	0.513
8526.000000	178	107	0.886	0.526
8532.000000	178	107	0.875	0.539
8538.000000	178	107	0.860	0.555
8544.000000	178	107	0.848	0.568
8550.000000	178	107	0.838	0.579
8556.000000	178	107	0.817	0.597
8562.000000	178	107	0.793	0.616
8568.000000	178	107	0.766	0.635
8574.000000	178	107	0.735	0.647
8580.000000	178	107	0.697	0.655
8586.000000	107	178	0.665	0.644
8592.000000	107	17	0.698	0.570
8598.000000	107	17	0.729	0.613
8604.000000	107	17	0.760	0.654
8610.000000	107	17	0.791	0.681
8616.000000	107	17	0.804	0.715
8622.000000	107	17	0.815	0.726
8628.000000	107	17	0.826	0.730
8634.000000	107	17	0.833	0.733
8640.000000	107	17	0.832	0.738
8646.000000	107	17	0.837	0.738
8652.000000	107	17	0.837	0.739
8658.000000	107	17	0.836	0.739
8664.000000	107	17	0.831	0.743
8670.000000	107	17	0.830	0.741
8676.000000	107	17	0.819	0.745
8682.000000	107	17	0.807	0.750
8688.000000	107	17	0.799	0.752
8694.000000	107	17	0.789	0.756
8700.000000	107	17	0.771	0.763
8706.000000	17	107	0.768	0.759
8712.000000	17	107	0.770	0.753
8718.000000	17	107	0.770	0.750
8724.000000	17	107	0.772	0.740
8730.000000	17	107	0.778	0.721
8736.000000	17	107	0.779	0.706
8742.000000	17	107	0.782	0.693
8748.000000	17	107	0.787	0.669
8754.000000	17	107	0.793	0.641
8760.000000	17	107	0.794	0.607
8766.000000	17	107	0.797	0.566
8772.000000	17	107	0.803	0.519
8778.000000	17	107	0.811	0.456
8784.000000	17	107	0.830	0.366
8790.000000	17	164	0.848	0.328
8796.000000	17	164	0.866	0.359
8802.000000	17	164	0.876	0.404
8808.000000	17	164	0.875	0.454
8814.000000	17	164	0.873	0.501
8820.000000	17	164	0.869	0.544
8826.000000	17	164	0.865	0.571
8832.000000	17	164	0.860	0.601
8838.000000	17	164	0.852	0.634
8844.000000	17	164	0.843	0.663
8850.000000	17	164	0.831	0.689
8856.000000	17	164	0.813	0.714
8862.000000	17	164	0.797	0.729
8868.000000	17	164	0.774	0.752
8874.000000	164	17	0.782	0.742
8880.000000	164	17	0.807	0.716
8886.000000	164	17	0.833	0.683
8892.000000	164	17	0.857	0.643
8898.000000	164	17	0.890	0.578
8904.000000	164	17	0.908	0.508
8910.000000	164	17	0.916	0.427
8916.000000	164	17	0.930	0.304
8922.000000	164	17	0.942	0.177
8928.000000	164	81	0.951	0.099
8934.000000	164	81	0.954	0.100
8940.000000	164	81	0.955	0.102
8946.000000	164	81	0.954	0.107
8952.000000	164	81	0.952	0.110
8958.000000	164	81	0.951	0.113
8964.000000	164	81	0.949	0.114
8970.000000	164	81	0.948	0.116
8976.000000	164	162	0.947	0.120
8982.000000	164	162	0.945	0.128
8988.000000	164	81	0.945	0.141
8994.000000	164	81	0.942	0.154
9000.000000	164	81	0.938	0.161
9006.000000	164	193	0.937	0.167
9012.000000	164	193	0.935	0.178
9018.000000	164	193	0.934	0.182
9024.000000	164	193	0.932	0.186
9030.000000	164	193	0.930	0.190
9036.000000	164	162	0.928	0.199
9042.000000	164	193	0.926	0.208
9048.000000	164	162	0.925	0.217
9054.000000	164	162	0.923	0.229
9060.000000	164	162	0.921	0.242
9066.000000	164	162	0.920	0.255
9072.000000	164	162	0.917	0.272
9078.000000	164	162	0.914	0.291
9084.000000	164	162	0.912	0.311
9090.000000	164	162	0.907	0.335
9096.000000	164	162	0.900	0.365
9102.000000	164	162	0.895	0.389
9108.000000	164	162	0.886	0.414
9114.000000	164	162	0.877	0.431
9120.000000	164	162	0.868	0.453
9126.000000	164	162	0.858	0.477
9132.000000	164	162	0.840	0.507
9138.000000	164	162	0.813	0.540
9144.000000	164	162	0.784	0.563
9150.000000	164	162	0.749	0.589
9156.000000	164	162	0.695	0.621
9162.000000	162	193	0.660	0.643
9168.000000	162	193	0.709	0.679
9174.000000	162	193	0.750	0.736
9180.000000	193	162	0.783	0.769
9186.000000	193	162	0.811	0.790
9192.000000	193	162	0.816	0.806
9198.000000	162	193	0.819	0.811
9204.000000	162	193	0.823	0.809
9210.000000	162	193	0.823	0.806
9216.000000	162	193	0.820	0.803
9222.000000	162	193	0.815	0.800
9228.000000	162	193	0.812	0.801
9234.000000	162	193	0.814	0.798
9240.000000	162	193	0.813	0.795
9246.000000	162	193	0.809	0.793
9252.000000	162	193	0.805	0.795
9258.000000	162	193	0.801	0.796
9264.000000	162	193	0.798	0.795
9270.000000	162	193	0.797	0.793
9276.000000	162	193	0.797	0.792
9282.000000	162	193	0.796	0.790
9288.000000	162	193	0.795	0.787
9294.000000	162	193	0.795	0.780
9300.000000	162	193	0.791	0.775
9306.000000	162	193	0.786	0.771
9312.000000	162	193	0.782	0.769
9318.000000	162	193	0.779	0.765
9324.000000	162	193	0.771	0.761
9330.000000	162	193	0.764	0.753
9336.000000	162	193	0.757	0.744
9342.000000	162	193	0.750	0.732
9348.000000	162	193	0.740	0.726
9354.000000	162	193	0.726	0.718
9360.000000	193	162	0.711	0.709
9366.000000	193	162	0.703	0.695
9372.000000	193	162	0.696	0.681
9378.000000	193	162	0.688	0.662
9384.000000	193	162	0.674	0.644
9390.000000	193	162	0.654	0.625
9396.000000	193	162	0.624	0.603
9402.000000	193	162	0.586	0.577
9408.000000	162	193	0.539	0.533
9414.000000	162	193	0.489	0.465
9420.000000	162	193	0.412	0.359
9426.000000	162	193	0.307	0.257
9432.000000	166	162	0.241	0.189
9438.000000	166	94	0.266	0.140
9444.000000	166	94	0.296	0.138
9450.000000	166	94	0.342	0.139
9456.000000	166	94	0.408	0.144
9462.000000	166	94	0.495	0.149
9468.000000	166	94	0.582	0.152
9474.000000	166	94	0.671	0.153
9480.000000	166	94	0.733	0.155
9486.000000	166	94	0.760	0.158
9492.000000	166	94	0.774	0.158
9498.000000	166	94	0.792	0.160
9504.000000	166	94	0.815	0.156
9510.000000	166	94	0.834	0.152
9516.000000	166	179	0.844	0.152
9522.000000	166	179	0.850	0.156
9528.000000	166	179	0.859	0.163
9534.000000	166	179	0.863	0.169
9540.000000	166	179	0.873	0.174
9546.000000	166	179	0.882	0.182
9552.000000	166	179	0.891	0.190
9558.000000	166	179	0.897	0.196
9564.000000	166	179	0.902	0.199
9570.000000	166	179	0.908	0.201
9576.000000	166	179	0.911	0.202
9582.000000	166	54	0.916	0.207
9588.000000	166	54	0.918	0.216
9594.000000	166	54	0.922	0.232
9600.000000	166	54	0.923	0.243
9606.000000	166	54	0.925	0.255
9612.000000	166	54	0.927	0.270
9618.000000	166	54	0.928	0.284
9624.000000	166	54	0.930	0.299
9630.000000	166	54	0.931	0.312
9636.000000	166	54	0.933	0.318
9642.000000	166	54	0.934	0.333
9648.000000	166	54	0.933	0.348
9654.000000	166	54	0.933	0.369
9660.000000	166	54	0.934	0.392
9666.000000	166	54	0.936	0.410
9672.000000	166	54	0.936	0.433
9678.000000	166	54	0.935	0.463
9684.000000	166	54	0.931	0.498
9690.000000	166	54	0.930	0.528
9696.000000	166	54	0.928	0.553
9702.000000	166	54	0.922	0.581
9708.000000	166	54	0.915	0.608
9714.000000	166	54	0.906	0.625
9720.000000	166	54	0.898	0.642
9726.000000	166	54	0.887	0.666
9732.000000	166	54	0.877	0.690
9738.000000	166	54	0.861	0.720
9744.000000	166	54	0.852	0.735
9750.000000	166	54	0.831	0.757
9756.000000	166	54	0.803	0.781
9762.000000	54	166	0.803	0.770
9768.000000	54	166	0.823	0.735
9774.000000	54	166	0.846	0.684
9780.000000	54	166	0.884	0.605
9786.000000	54	166	0.909	0.496
9792.000000	54	166	0.939	0.331
9798.000000	54	166	0.960	0.140
9804.000000	54	45	0.968	0.083
9810.000000	54	45	0.968	0.079
9816.000000	54	45	0.968	0.079
9822.000000	54	45	0.967	0.081
9828.000000	54	45	0.969	0.082
9834.000000	54	45	0.968	0.080
9840.000000	54	45	0.967	0.081
9846.000000	54	45	0.965	0.083
9852.000000	54	45	0.967	0.081
9858.000000	54	45	0.967	0.083
9864.000000	54	45	0.967	0.087
9870.000000	54	45	0.968	0.092
9876.000000	54	45	0.966	0.094
9882.000000	54	45	0.964	0.096
9888.000000	54	45	0.963	0.100
9894.000000	54	45	0.961	0.102
9900.000000	54	45	0.960	0.101
9906.000000	54	64	0.958	0.100
9912.000000	54	64	0.957	0.101
9918.000000	54	45	0.956	0.103
9924.000000	54	45	0.953	0.105
9930.000000	54	45	0.950	0.109
9936.000000	54	45	0.948	0.115
9942.000000	54	45	0.944	0.120
9948.000000	54	64	0.938	0.129
9954.000000	54	45	0.933	0.139
9960.000000	54	45	0.929	0.145
9966.000000	54	45	0.924	0.150
9972.000000	54	64	0.918	0.160
9978.000000	54	64	0.912	0.171
9984.000000	54	64	0.904	0.177
9990.000000	54	64	0.897	0.183
9996.000000	54	64	0.891	0.193
10002.000000	54	64	0.882	0.204
10008.000000	54	64	0.869	0.212
10014.000000	54	64	0.856	0.221
10020.000000	54	64	0.841	0.234
10026.000000	54	64	0.819	0.251
10032.000000	54	64	0.791	0.265
10038.000000	54	64	0.768	0.286
10044.000000	54	64	0.734	0.308
10050.000000	54	64	0.688	0.329
10056.000000	54	64	0.632	0.355
10062.000000	54	64	0.555	0.386
10068.000000	64	54	0.432	0.423
10074.000000	64	170	0.506	0.432
10080.000000	64	170	0.571	0.503
10086.000000	64	170	0.621	0.572
10092.000000	64	170	0.667	0.636
10098.000000	64	170	0.696	0.682
10104.000000	64	170	0.726	0.711
10110.000000	64	170	0.759	0.730
10116.000000	64	170	0.786	0.744
10122.000000	64	170	0.792	0.754
10128.000000	64	170	0.802	0.754
10134.000000	64	170	0.806	0.755
10140.000000	64	170	0.811	0.758
10146.000000	64	170	0.817	0.765
10152.000000	64	170	0.816	0.769
10158.000000	64	170	0.815	0.771
10164.000000	64	170	0.813	0.774
10170.000000	64	170	0.812	0.779
10176.000000	64	170	0.813	0.789
10182.000000	64	170	0.816	0.789
10188.000000	64	170	0.814	0.792
10194.000000	64	170	0.808	0.800
10200.000000	64	170	0.813	0.797
10206.000000	64	170	0.814	0.796
10212.000000	64	170	0.811	0.797
10218.000000	64	170	0.807	0.802
10224.000000	64	170	0.804	0.804
10230.000000	170	64	0.804	0.801
10236.000000	170	64	0.805	0.795
10242.000000	170	64	0.810	0.788
10248.000000	170	64	0.809	0.786
10254.000000	170	64	0.804	0.787
10260.000000	170	64	0.802	0.784
10266.000000	170	64	0.799	0.783
10272.000000	170	64	0.798	0.780
10278.000000	170	64	0.799	0.772
10284.000000	170	64	0.808	0.758
10290.000000	170	64	0.808	0.749
10296.000000	170	64	0.810	0.740
10302.000000	170	64	0.809	0.736
10308.000000	170	64	0.808	0.731
10314.000000	170	64	0.805	0.723
10320.000000	170	64	0.802	0.709
10326.000000	170	64	0.799	0.690
10332.000000	170	64	0.801	0.669
10338.000000	170	64	0.805	0.638
10344.000000	170	64	0.806	0.600
10350.000000	170	64	0.806	0.551
10356.000000	170	64	0.811	0.486
10362.000000	170	64	0.819	0.393
10368.000000	170	64	0.818	0.290
10374.000000	170	194	0.823	0.231
10380.000000	170	194	0.839	0.226
10386.000000	170	194	0.850	0.219
10392.000000	170	194	0.857	0.215
10398.000000	170	194	0.865	0.213
10404.000000	170	194	0.867	0.217
10410.000000	170	194	0.871	0.225
10416.000000	170	194	0.876	0.237
10422.000000	170	194	0.880	0.248
10428.000000	170	194	0.886	0.256
10434.000000	170	194	0.889	0.269
10440.000000	170	194	0.889	0.289
10446.000000	170	194	0.892	0.309
10452.000000	170	194	0.894	0.332
10458.000000	170	194	0.897	0.355
10464.000000	170	194	0.900	0.379
10470.000000	170	194	0.901	0.404
10476.000000	170	194	0.899	0.431
10482.000000	170	194	0.897	0.450
10488.000000	170	194	0.892	0.470
10494.000000	170	194	0.882	0.501
10500.000000	170	194	0.868	0.547
10506.000000	170	194	0.846	0.602
10512.000000	170	194	0.824	0.651
10518.000000	170	194	0.796	0.702
10524.000000	170	194	0.760	0.751
10530.000000	194	170	0.792	0.699
10536.000000	194	170	0.839	0.613
10542.000000	194	170	0.885	0.498
10548.000000	194	170	0.933	0.333
10554.000000	194	170	0.964	0.173
10560.000000	194	3	0.972	0.078
10566.000000	194	3	0.976	0.079
10572.000000	194	3	0.976	0.074
10578.000000	194	3	0.977	0.070
10584.000000	194	183	0.978	0.072
10590.000000	194	183	0.978	0.072
10596.000000	194	3	0.977	0.073
10602.000000	194	183	0.976	0.073
10608.000000	194	183	0.975	0.073
10614.000000	194	183	0.974	0.072
10620.000000	194	183	0.973	0.071
10626.000000	194	183	0.972	0.069
10632.000000	194	183	0.970	0.068
10638.000000	194	117	0.967	0.071
10644.000000	194	117	0.964	0.074
10650.000000	194	117	0.960	0.076
10656.000000	194	126	0.956	0.078
10662.000000	194	126	0.951	0.086
10668.000000	194	126	0.945	0.094
10674.000000	194	126	0.942	0.103
10680.000000	194	126	0.939	0.111
10686.000000	194	126	0.937	0.121
10692.000000	194	126	0.933	0.134
10698.000000	194	126	0.928	0.141
10704.000000	194	126	0.922	0.141
10710.000000	194	126	0.919	0.144
10716.000000	194	126	0.916	0.150
10722.000000	194	126	0.912	0.157
10728.000000	194	126	0.909	0.161
10734.000000	194	126	0.906	0.163
10740.000000	194	128	0.901	0.166
10746.000000	194	128	0.892	0.174
10752.000000	194	128	0.883	0.185
10758.000000	194	128	0.872	0.196
10764.000000	194	128	0.859	0.203
10770.000000	194	128	0.845	0.212
10776.000000	194	128	0.828	0.222
10782.000000	194	128	0.805	0.232
10788.000000	194	128	0.775	0.248
10794.000000	194	128	0.743	0.270
10800.000000	194	128	0.710	0.289
10806.000000	194	128	0.658	0.317
10812.000000	194	128	0.587	0.343
10818.000000	194	128	0.484	0.373
10824.000000	128	194	0.406	0.358
10830.000000	128	117	0.446	0.262
10836.000000	128	117	0.492	0.271
10842.000000	128	117	0.541	0.274
10848.000000	128	117	0.576	0.276
10854.000000	128	117	0.600	0.272
10860.000000	128	117	0.610	0.274
10866.000000	128	117	0.623	0.271
10872.000000	128	117	0.637	0.269
10878.000000	128	117	0.657	0.265
10884.000000	128	117	0.674	0.259
10890.000000	128	117	0.687	0.258
10896.000000	128	117	0.696	0.259
10902.000000	128	117	0.705	0.261
10908.000000	128	117	0.718	0.258
10914.000000	128	117	0.732	0.255
10920.000000	128	117	0.746	0.256
10926.000000	128	117	0.754	0.257
10932.000000	128	117	0.770	0.258
10938.000000	128	117	0.779	0.261
10944.000000	128	117	0.782	0.263
10950.000000	128	117	0.788	0.261
10956.000000	128	117	0.797	0.258
10962.000000	128	117	0.812	0.252
10968.000000	128	117	0.826	0.251
10974.000000	128	117	0.842	0.251
10980.000000	128	117	0.856	0.252
10986.000000	128	117	0.863	0.247
10992.000000	128	117	0.868	0.244
10998.000000	128	117	0.882	0.239
11004.000000	128	117	0.894	0.227
11010.000000	128	44	0.899	0.215
11016.000000	128	44	0.903	0.206
11022.000000	128	44	0.909	0.194
11028.000000	128	147	0.914	0.200
11034.000000	128	147	0.916	0.210
11040.000000	128	147	0.922	0.210
11046.000000	128	147	0.926	0.205
11052.000000	128	147	0.927	0.197
11058.000000	128	147	0.929	0.188
11064.000000	128	147	0.930	0.177
11070.000000	128	147	0.933	0.167
11076.000000	128	147	0.937	0.154
11082.000000	128	147	0.938	0.143
11088.000000	128	147	0.941	0.130
11094.000000	128	147	0.945	0.111
11100.000000	128	147	0.950	0.103
11106.000000	128	147	0.958	0.097
11112.000000	128	18	0.959	0.093
11118.000000	128	18	0.960	0.095
11124.000000	128	18	0.960	0.099
11130.000000	128	18	0.959	0.100
11136.000000	128	18	0.959	0.099
11142.000000	128	18	0.960	0.095
11148.000000	128	18	0.959	0.092
11154.000000	128	18	0.959	0.088
11160.000000	128	18	0.959	0.083
11166.000000	128	18	0.958	0.077
11172.000000	128	18	0.958	0.072
11178.000000	128	18	0.958	0.068
11184.000000	128	107	0.957	0.066
11190.000000	128	107	0.956	0.065
11196.000000	128	107	0.954	0.063
11202.000000	128	107	0.952	0.062
11208.000000	128	107	0.952	0.061
11214.000000	128	107	0.951	0.058
11220.000000	128	94	0.951	0.055
11226.000000	128	94	0.951	0.054
11232.000000	128	94	0.951	0.054
11238.000000	128	94	0.951	0.053
11244.000000	128	94	0.951	0.052
11250.000000	128	94	0.949	0.051
11256.000000	128	94	0.948	0.050
11262.000000	128	94	0.949	0.049
11268.000000	128	94	0.949	0.048
11274.000000	128	94	0.950	0.048
11280.000000	128	94	0.951	0.047
11286.000000	128	94	0.951	0.045
11292.000000	128	94	0.951	0.044
11298.000000	128	94	0.951	0.042
11304.000000	128	94	0.951	0.040
11310.000000	128	94	0.950	0.039
11316.000000	128	94	0.950	0.039
11322.000000	128	94	0.949	0.039
11328.000000	128	94	0.947	0.039
11334.000000	128	94	0.945	0.039
11340.000000	128	94	0.944	0.039
11346.000000	128	94	0.943	0.038
11352.000000	128	94	0.943	0.038
11358.000000	128	94	0.943	0.037
11364.000000	128	94	0.941	0.035
11370.000000	128	94	0.938	0.035
11376.000000	128	94	0.936	0.034
11382.000000	128	94	0.935	0.034
11388.000000	128	94	0.933	0.033
11394.000000	128	79	0.933	0.033
11400.000000	128	79	0.932	0.033
11406.000000	128	79	0.931	0.034
11412.000000	128	79	0.927	0.034
11418.000000	128	79	0.923	0.035
11424.000000	128	79	0.917	0.037
11430.000000	128	79	0.910	0.039
11436.000000	128	79	0.903	0.040
11442.000000	128	79	0.896	0.041
11448.000000	128	79	0.889	0.040
11454.000000	128	79	0.875	0.039
11460.000000	128	79	0.859	0.038
11466.000000	128	79	0.840	0.037
11472.000000	128	79	0.813	0.037
11478.000000	128	185	0.774	0.037
11484.000000	128	185	0.715	0.038
11490.000000	128	185	0.608	0.036
11496.000000	128	185	0.414	0.033
11502.000000	128	185	0.111	0.021
11508.000000	53	185	0.011	0.008
11514.000000	53	28	0.007	0.004
