0.000000	125	102	0.000	0.000
6.000000	24	75	0.992	0.034
12.000000	24	162	0.993	0.035
18.000000	24	162	0.992	0.037
24.000000	24	162	0.992	0.040
30.000000	24	162	0.991	0.044
36.000000	24	162	0.990	0.047
42.000000	24	162	0.990	0.048
48.000000	24	162	0.989	0.048
54.000000	24	162	0.988	0.049
60.000000	24	10	0.987	0.053
66.000000	24	10	0.986	0.056
72.000000	24	10	0.985	0.057
78.000000	24	10	0.984	0.058
84.000000	24	10	0.983	0.059
90.000000	24	177	0.982	0.066
96.000000	24	177	0.981	0.070
102.000000	24	177	0.980	0.074
108.000000	24	177	0.979	0.079
114.000000	24	177	0.978	0.086
120.000000	24	177	0.977	0.097
126.000000	24	177	0.975	0.109
132.000000	24	177	0.974	0.120
138.000000	24	177	0.972	0.129
144.000000	24	177	0.971	0.139
150.000000	24	177	0.969	0.152
156.000000	24	177	0.967	0.165
162.000000	24	177	0.965	0.177
168.000000	24	177	0.963	0.188
174.000000	24	177	0.961	0.204
180.000000	24	177	0.959	0.227
186.000000	24	177	0.956	0.251
192.000000	24	177	0.951	0.275
198.000000	24	177	0.947	0.301
204.000000	24	177	0.945	0.326
210.000000	24	177	0.942	0.361
216.000000	24	177	0.938	0.388
222.000000	24	177	0.934	0.406
228.000000	24	177	0.930	0.426
234.000000	24	177	0.928	0.445
240.000000	24	177	0.924	0.462
246.000000	24	177	0.915	0.480
252.000000	24	177	0.898	0.511
258.000000	24	177	0.889	0.526
264.000000	24	177	0.874	0.545
270.000000	24	177	0.862	0.561
276.000000	24	177	0.849	0.584
282.000000	24	177	0.827	0.611
288.000000	24	177	0.812	0.626
294.000000	24	177	0.783	0.644
300.000000	24	177	0.755	0.652
306.000000	24	177	0.712	0.682
312.000000	177	24	0.720	0.660
318.000000	177	24	0.753	0.600
324.000000	177	44	0.773	0.631
330.000000	177	44	0.810	0.660
336.000000	177	44	0.853	0.691
342.000000	177	44	0.880	0.710
348.000000	177	44	0.892	0.734
354.000000	177	44	0.887	0.750
360.000000	177	44	0.879	0.762
366.000000	177	44	0.879	0.760
372.000000	177	44	0.878	0.759
378.000000	177	44	0.876	0.758
384.000000	177	44	0.871	0.759
390.000000	177	44	0.868	0.758
396.000000	177	44	0.865	0.754
402.000000	177	44	0.857	0.753
408.000000	177	44	0.849	0.750
414.000000	177	44	0.843	0.744
420.000000	177	44	0.837	0.744
426.000000	177	44	0.831	0.744
432.000000	177	44	0.828	0.740
438.000000	177	44	0.823	0.738
444.000000	177	44	0.817	0.736
450.000000	177	44	0.813	0.733
456.000000	177	44	0.810	0.731
462.000000	177	44	0.806	0.728
468.000000	177	44	0.794	0.732
474.000000	177	44	0.781	0.736
480.000000	177	44	0.773	0.735
486.000000	177	44	0.764	0.733
492.000000	177	44	0.751	0.731
498.000000	177	44	0.733	0.731
504.000000	44	177	0.731	0.711
510.000000	44	177	0.731	0.690
516.000000	44	177	0.729	0.668
522.000000	44	177	0.729	0.641
528.000000	44	177	0.732	0.611
534.000000	44	177	0.742	0.567
540.000000	44	177	0.749	0.510
546.000000	44	177	0.754	0.437
552.000000	44	177	0.764	0.350
558.000000	44	177	0.785	0.222
564.000000	44	87	0.806	0.191
570.000000	44	87	0.824	0.206
576.000000	44	87	0.833	0.217
582.000000	44	87	0.843	0.235
588.000000	44	87	0.843	0.255
594.000000	44	87	0.843	0.275
600.000000	44	87	0.839	0.299
606.000000	44	87	0.834	0.314
612.000000	44	87	0.828	0.327
618.000000	44	87	0.824	0.337
624.000000	44	87	0.817	0.345
630.000000	44	87	0.804	0.356
636.000000	44	87	0.796	0.365
642.000000	44	87	0.788	0.371
648.000000	44	87	0.776	0.384
654.000000	44	87	0.759	0.408
660.000000	44	87	0.746	0.432
666.000000	44	87	0.735	0.446
672.000000	44	87	0.722	0.470
678.000000	44	87	0.705	0.500
684.000000	44	87	0.678	0.530
690.000000	44	87	0.640	0.554
696.000000	44	87	0.590	0.584
702.000000	87	44	0.613	0.518
708.000000	87	44	0.635	0.451
714.000000	87	42	0.668	0.398
720.000000	87	42	0.717	0.422
726.000000	87	42	0.746	0.456
732.000000	87	42	0.772	0.486
738.000000	87	42	0.790	0.508
744.000000	87	42	0.804	0.521
750.000000	87	42	0.810	0.539
756.000000	87	42	0.812	0.548
762.000000	87	42	0.815	0.559
768.000000	87	42	0.811	0.574
774.000000	87	42	0.807	0.585
780.000000	87	42	0.810	0.594
786.000000	87	42	0.816	0.602
792.000000	87	42	0.820	0.611
798.000000	87	42	0.824	0.620
804.000000	87	42	0.831	0.634
810.000000	87	42	0.838	0.646
816.000000	87	42	0.840	0.652
822.000000	87	42	0.840	0.655
828.000000	87	42	0.839	0.657
834.000000	87	42	0.841	0.660
840.000000	87	42	0.848	0.663
846.000000	87	42	0.849	0.664
852.000000	87	42	0.843	0.671
858.000000	87	42	0.842	0.672
864.000000	87	42	0.841	0.673
870.000000	87	42	0.839	0.673
876.000000	87	42	0.835	0.675
882.000000	87	42	0.827	0.678
888.000000	87	42	0.820	0.678
894.000000	87	42	0.813	0.678
900.000000	87	42	0.800	0.676
906.000000	87	42	0.789	0.683
912.000000	87	42	0.780	0.687
918.000000	87	42	0.776	0.691
924.000000	87	42	0.769	0.690
930.000000	87	42	0.761	0.685
936.000000	87	42	0.750	0.681
942.000000	87	42	0.739	0.678
948.000000	87	42	0.723	0.683
954.000000	87	42	0.697	0.694
960.000000	42	87	0.704	0.670
966.000000	42	87	0.713	0.636
972.000000	42	87	0.718	0.603
978.000000	42	87	0.735	0.545
984.000000	42	87	0.744	0.476
990.000000	42	87	0.752	0.386
996.000000	42	87	0.759	0.277
1002.000000	42	121	0.774	0.203
1008.000000	42	121	0.790	0.202
1014.000000	42	121	0.800	0.211
1020.000000	42	121	0.805	0.230
1026.000000	42	121	0.804	0.244
1032.000000	42	121	0.804	0.252
1038.000000	42	121	0.800	0.255
1044.000000	42	121	0.793	0.261
1050.000000	42	121	0.788	0.275
1056.000000	42	121	0.782	0.286
1062.000000	42	121	0.773	0.292
1068.000000	42	121	0.767	0.297
1074.000000	42	121	0.747	0.305
1080.000000	42	121	0.726	0.313
1086.000000	42	121	0.708	0.316
1092.000000	42	121	0.688	0.321
1098.000000	42	121	0.667	0.326
1104.000000	42	121	0.639	0.324
1110.000000	42	121	0.604	0.327
1116.000000	42	121	0.556	0.332
1122.000000	42	121	0.495	0.340
1128.000000	42	121	0.437	0.341
1134.000000	42	121	0.364	0.348
1140.000000	121	47	0.362	0.349
1146.000000	47	121	0.376	0.369
1152.000000	47	121	0.411	0.371
1158.000000	47	121	0.442	0.370
1164.000000	47	121	0.469	0.358
1170.000000	47	121	0.498	0.356
1176.000000	47	121	0.526	0.361
1182.000000	47	121	0.549	0.369
1188.000000	47	121	0.572	0.371
1194.000000	47	121	0.598	0.374
1200.000000	47	121	0.616	0.372
1206.000000	47	121	0.635	0.368
1212.000000	47	121	0.649	0.371
1218.000000	47	167	0.665	0.378
1224.000000	47	167	0.679	0.388
1230.000000	47	167	0.687	0.387
1236.000000	47	167	0.701	0.381
1242.000000	47	167	0.717	0.376
1248.000000	47	167	0.725	0.378
1254.000000	47	167	0.738	0.377
1260.000000	47	167	0.749	0.374
1266.000000	47	167	0.761	0.372
1272.000000	47	167	0.778	0.364
1278.000000	47	167	0.810	0.356
1284.000000	47	82	0.835	0.348
1290.000000	47	82	0.848	0.347
1296.000000	47	82	0.855	0.347
1302.000000	47	82	0.861	0.344
1308.000000	47	82	0.868	0.341
1314.000000	47	82	0.874	0.332
1320.000000	47	82	0.881	0.325
1326.000000	47	82	0.885	0.321
1332.000000	47	82	0.886	0.321
1338.000000	47	82	0.889	0.315
1344.000000	47	82	0.896	0.304
1350.000000	47	82	0.897	0.295
1356.000000	47	82	0.894	0.282
1362.000000	47	82	0.894	0.274
1368.000000	47	82	0.895	0.265
1374.000000	47	82	0.898	0.243
1380.000000	47	82	0.899	0.223
1386.000000	47	82	0.902	0.202
1392.000000	47	15	0.908	0.205
1398.000000	47	15	0.910	0.211
1404.000000	47	15	0.910	0.224
1410.000000	47	15	0.910	0.237
1416.000000	47	15	0.912	0.249
1422.000000	47	15	0.915	0.267
1428.000000	47	15	0.917	0.283
1434.000000	47	15	0.916	0.293
1440.000000	47	15	0.914	0.305
1446.000000	47	15	0.910	0.318
1452.000000	47	15	0.906	0.336
1458.000000	47	15	0.904	0.352
1464.000000	47	15	0.900	0.368
1470.000000	47	15	0.890	0.387
1476.000000	47	15	0.881	0.405
1482.000000	47	15	0.877	0.424
1488.000000	47	15	0.872	0.441
1494.000000	47	15	0.866	0.455
1500.000000	47	15	0.854	0.475
1506.000000	47	15	0.840	0.496
1512.000000	47	15	0.822	0.520
1518.000000	47	15	0.800	0.552
1524.000000	47	15	0.779	0.580
1530.000000	47	15	0.741	0.613
1536.000000	47	15	0.673	0.651
1542.000000	15	47	0.694	0.566
1548.000000	15	47	0.752	0.436
1554.000000	15	135	0.823	0.410
1560.000000	15	135	0.872	0.457
1566.000000	15	135	0.890	0.505
1572.000000	15	135	0.907	0.548
1578.000000	15	135	0.913	0.583
1584.000000	15	135	0.914	0.613
1590.000000	15	135	0.915	0.632
1596.000000	15	135	0.916	0.644
1602.000000	15	135	0.914	0.661
1608.000000	15	135	0.913	0.674
1614.000000	15	135	0.913	0.682
1620.000000	15	135	0.907	0.690
1626.000000	15	135	0.901	0.700
1632.000000	15	135	0.898	0.704
1638.000000	15	135	0.895	0.704
1644.000000	15	135	0.892	0.706
1650.000000	15	135	0.889	0.707
1656.000000	15	135	0.884	0.714
1662.000000	15	135	0.877	0.725
1668.000000	15	135	0.869	0.733
1674.000000	15	135	0.865	0.740
1680.000000	15	135	0.856	0.748
1686.000000	15	135	0.847	0.761
1692.000000	15	135	0.835	0.770
1698.000000	15	135	0.824	0.775
1704.000000	15	135	0.817	0.774
1710.000000	15	135	0.810	0.775
1716.000000	15	135	0.797	0.778
1722.000000	15	135	0.792	0.777
1728.000000	15	135	0.784	0.781
1734.000000	135	15	0.786	0.775
1740.000000	135	15	0.793	0.764
1746.000000	135	15	0.801	0.750
1752.000000	135	15	0.808	0.736
1758.000000	135	15	0.814	0.717
1764.000000	135	15	0.820	0.692
1770.000000	135	15	0.823	0.662
1776.000000	135	15	0.826	0.622
1782.000000	135	15	0.834	0.563
1788.000000	135	15	0.849	0.476
1794.000000	135	15	0.864	0.375
1800.000000	135	15	0.897	0.220
1806.000000	135	20	0.914	0.191
1812.000000	135	20	0.920	0.190
1818.000000	135	3	0.919	0.200
1824.000000	135	3	0.914	0.221
1830.000000	135	3	0.909	0.242
1836.000000	135	3	0.903	0.263
1842.000000	135	3	0.898	0.289
1848.000000	135	3	0.892	0.316
1854.000000	135	3	0.889	0.341
1860.000000	135	3	0.887	0.370
1866.000000	135	3	0.881	0.402
1872.000000	135	3	0.874	0.437
1878.000000	135	3	0.864	0.479
1884.000000	135	3	0.853	0.520
1890.000000	135	3	0.842	0.549
1896.000000	135	3	0.829	0.570
1902.000000	135	3	0.806	0.595
1908.000000	135	3	0.784	0.620
1914.000000	135	3	0.760	0.651
1920.000000	135	3	0.722	0.683
1926.000000	3	135	0.724	0.667
1932.000000	3	135	0.762	0.599
1938.000000	3	135	0.807	0.500
1944.000000	3	135	0.846	0.372
1950.000000	3	135	0.878	0.236
1956.000000	3	18	0.903	0.123
1962.000000	3	18	0.924	0.123
1968.000000	3	18	0.935	0.119
1974.000000	3	92	0.943	0.126
1980.000000	3	92	0.948	0.129
1986.000000	3	92	0.952	0.134
1992.000000	3	92	0.951	0.142
1998.000000	3	92	0.949	0.145
2004.000000	3	92	0.947	0.145
2010.000000	3	92	0.945	0.145
2016.000000	3	92	0.943	0.149
2022.000000	3	92	0.940	0.153
2028.000000	3	92	0.938	0.155
2034.000000	3	92	0.935	0.157
2040.000000	3	92	0.933	0.159
2046.000000	3	92	0.932	0.159
2052.000000	3	92	0.932	0.156
2058.000000	3	92	0.930	0.153
2064.000000	3	64	0.929	0.158
2070.000000	3	71	0.928	0.161
2076.000000	3	71	0.927	0.175
2082.000000	3	71	0.927	0.185
2088.000000	3	71	0.927	0.188
2094.000000	3	71	0.926	0.189
2100.000000	3	71	0.926	0.189
2106.000000	3	71	0.926	0.189
2112.000000	3	71	0.924	0.193
2118.000000	3	71	0.919	0.198
2124.000000	3	71	0.916	0.209
2130.000000	3	71	0.914	0.219
2136.000000	3	71	0.911	0.222
2142.000000	3	71	0.911	0.226
2148.000000	3	71	0.910	0.231
2154.000000	3	71	0.909	0.235
2160.000000	3	71	0.906	0.235
2166.000000	3	71	0.902	0.233
2172.000000	3	71	0.899	0.235
2178.000000	3	71	0.895	0.236
2184.000000	3	71	0.888	0.238
2190.000000	3	71	0.882	0.242
2196.000000	3	71	0.877	0.252
2202.000000	3	71	0.870	0.253
2208.000000	3	71	0.856	0.248
2214.000000	3	71	0.840	0.242
2220.000000	3	27	0.829	0.250
2226.000000	3	27	0.813	0.256
2232.000000	3	27	0.791	0.259
2238.000000	3	27	0.766	0.264
2244.000000	3	27	0.739	0.271
2250.000000	3	27	0.703	0.279
2256.000000	3	27	0.653	0.292
2262.000000	3	27	0.578	0.304
2268.000000	3	27	0.479	0.324
2274.000000	27	3	0.354	0.328
2280.000000	27	71	0.388	0.314
2286.000000	27	71	0.423	0.339
2292.000000	27	71	0.461	0.355
2298.000000	27	71	0.496	0.364
2304.000000	27	71	0.537	0.369
2310.000000	27	71	0.563	0.367
2316.000000	27	71	0.582	0.358
2322.000000	27	71	0.590	0.351
2328.000000	27	71	0.597	0.339
2334.000000	27	71	0.607	0.330
2340.000000	27	71	0.614	0.321
2346.000000	27	11	0.619	0.325
2352.000000	27	11	0.632	0.330
2358.000000	27	11	0.650	0.333
2364.000000	27	11	0.665	0.338
2370.000000	27	11	0.682	0.345
2376.000000	27	11	0.693	0.353
2382.000000	27	11	0.699	0.362
2388.000000	27	11	0.704	0.365
2394.000000	27	11	0.707	0.372
2400.000000	27	11	0.715	0.381
2406.000000	27	11	0.730	0.385
2412.000000	27	11	0.740	0.388
2418.000000	27	11	0.751	0.396
2424.000000	27	11	0.751	0.406
2430.000000	27	11	0.763	0.413
2436.000000	27	11	0.770	0.414
2442.000000	27	11	0.773	0.416
2448.000000	27	11	0.776	0.423
2454.000000	27	11	0.781	0.426
2460.000000	27	11	0.792	0.420
2466.000000	27	11	0.798	0.421
2472.000000	27	11	0.803	0.416
2478.000000	27	11	0.807	0.411
2484.000000	27	11	0.807	0.403
2490.000000	27	11	0.815	0.385
2496.000000	27	11	0.822	0.365
2502.000000	27	11	0.826	0.348
2508.000000	27	11	0.828	0.329
2514.000000	27	11	0.831	0.304
2520.000000	27	11	0.836	0.281
2526.000000	27	11	0.840	0.258
2532.000000	27	11	0.843	0.233
2538.000000	27	42	0.845	0.235
2544.000000	27	42	0.844	0.246
2550.000000	27	42	0.844	0.258
2556.000000	27	42	0.846	0.262
2562.000000	27	42	0.848	0.270
2568.000000	27	42	0.848	0.280
2574.000000	27	42	0.851	0.285
2580.000000	27	42	0.852	0.292
2586.000000	27	42	0.851	0.300
2592.000000	27	42	0.849	0.308
2598.000000	27	42	0.849	0.309
2604.000000	27	42	0.847	0.309
2610.000000	27	42	0.841	0.314
2616.000000	27	42	0.835	0.325
2622.000000	27	42	0.828	0.333
2628.000000	27	42	0.823	0.336
2634.000000	27	42	0.813	0.342
2640.000000	27	42	0.805	0.348
2646.000000	27	42	0.794	0.355
2652.000000	27	42	0.773	0.369
2658.000000	27	42	0.756	0.376
2664.000000	27	164	0.734	0.391
2670.000000	27	164	0.707	0.417
2676.000000	27	164	0.669	0.444
2682.000000	27	164	0.619	0.472
2688.000000	27	164	0.545	0.510
2694.000000	164	42	0.563	0.438
2700.000000	164	42	0.621	0.465
2706.000000	164	42	0.670	0.494
2712.000000	164	42	0.715	0.503
2718.000000	164	42	0.752	0.505
2724.000000	164	42	0.775	0.503
2730.000000	164	42	0.789	0.505
2736.000000	164	42	0.791	0.510
2742.000000	164	42	0.794	0.510
2748.000000	164	42	0.802	0.499
2754.000000	164	42	0.808	0.490
2760.000000	164	42	0.814	0.483
2766.000000	164	42	0.821	0.478
2772.000000	164	42	0.824	0.470
2778.000000	164	42	0.827	0.462
2784.000000	164	42	0.831	0.451
2790.000000	164	42	0.837	0.434
2796.000000	164	42	0.842	0.411
2802.000000	164	42	0.842	0.384
2808.000000	164	42	0.843	0.355
2814.000000	164	82	0.844	0.342
2820.000000	164	82	0.846	0.344
2826.000000	164	82	0.851	0.346
2832.000000	164	82	0.856	0.349
2838.000000	164	82	0.859	0.354
2844.000000	164	82	0.864	0.359
2850.000000	164	82	0.865	0.355
2856.000000	164	82	0.869	0.353
2862.000000	164	82	0.876	0.351
2868.000000	164	82	0.887	0.341
2874.000000	164	82	0.892	0.333
2880.000000	164	82	0.893	0.324
2886.000000	164	82	0.896	0.309
2892.000000	164	82	0.888	0.305
2898.000000	164	82	0.883	0.299
2904.000000	164	82	0.881	0.291
2910.000000	164	82	0.879	0.283
2916.000000	164	82	0.876	0.265
2922.000000	164	82	0.873	0.243
2928.000000	164	82	0.874	0.223
2934.000000	164	82	0.876	0.203
2940.000000	164	193	0.880	0.191
2946.000000	164	193	0.884	0.194
2952.000000	164	193	0.887	0.194
2958.000000	164	193	0.886	0.191
2964.000000	164	193	0.884	0.188
2970.000000	164	193	0.883	0.191
2976.000000	164	193	0.884	0.201
2982.000000	164	193	0.883	0.217
2988.000000	164	193	0.881	0.225
2994.000000	164	193	0.877	0.231
3000.000000	164	193	0.875	0.240
3006.000000	164	193	0.869	0.254
3012.000000	164	193	0.861	0.269
3018.000000	164	193	0.850	0.280
3024.000000	164	193	0.839	0.292
3030.000000	164	193	0.828	0.303
3036.000000	164	193	0.812	0.315
3042.000000	164	193	0.798	0.329
3048.000000	164	159	0.784	0.345
3054.000000	164	159	0.764	0.371
3060.000000	164	159	0.744	0.401
3066.000000	164	159	0.723	0.437
3072.000000	164	159	0.688	0.475
3078.000000	164	159	0.634	0.515
3084.000000	159	164	0.560	0.555
3090.000000	159	193	0.605	0.503
3096.000000	159	193	0.653	0.533
3102.000000	159	193	0.702	0.550
3108.000000	159	193	0.747	0.565
3114.000000	159	193	0.769	0.572
3120.000000	159	193	0.784	0.582
3126.000000	159	193	0.793	0.586
3132.000000	159	193	0.804	0.583
3138.000000	159	193	0.809	0.582
3144.000000	159	193	0.815	0.574
3150.000000	159	193	0.824	0.567
3156.000000	159	193	0.833	0.556
3162.000000	159	193	0.834	0.553
3168.000000	159	193	0.833	0.550
3174.000000	159	193	0.832	0.547
3180.000000	159	193	0.835	0.539
3186.000000	159	193	0.846	0.527
3192.000000	159	193	0.851	0.516
3198.000000	159	193	0.856	0.507
3204.000000	159	193	0.856	0.493
3210.000000	159	193	0.856	0.477
3216.000000	159	193	0.855	0.460
3222.000000	159	193	0.857	0.439
3228.000000	159	193	0.863	0.417
3234.000000	159	193	0.867	0.388
3240.000000	159	193	0.874	0.358
3246.000000	159	193	0.878	0.313
3252.000000	159	193	0.879	0.266
3258.000000	159	170	0.882	0.276
3264.000000	159	170	0.884	0.296
3270.000000	159	170	0.891	0.315
3276.000000	159	170	0.891	0.337
3282.000000	159	170	0.890	0.359
3288.000000	159	170	0.889	0.381
3294.000000	159	170	0.888	0.412
3300.000000	159	170	0.886	0.437
3306.000000	159	170	0.886	0.459
3312.000000	159	170	0.885	0.482
3318.000000	159	170	0.883	0.503
3324.000000	159	170	0.881	0.524
3330.000000	159	170	0.879	0.540
3336.000000	159	170	0.874	0.559
3342.000000	159	170	0.869	0.585
3348.000000	159	170	0.867	0.603
3354.000000	159	170	0.862	0.615
3360.000000	159	170	0.856	0.637
3366.000000	159	170	0.846	0.664
3372.000000	159	170	0.824	0.695
3378.000000	159	170	0.794	0.720
3384.000000	159	170	0.764	0.738
3390.000000	170	159	0.757	0.728
3396.000000	170	159	0.780	0.689
3402.000000	170	159	0.804	0.631
3408.000000	170	159	0.833	0.547
3414.000000	170	159	0.851	0.428
3420.000000	170	195	0.883	0.286
3426.000000	170	195	0.911	0.300
3432.000000	170	195	0.927	0.312
3438.000000	170	195	0.932	0.314
3444.000000	170	195	0.935	0.323
3450.000000	170	195	0.934	0.337
3456.000000	170	195	0.931	0.350
3462.000000	170	195	0.929	0.358
3468.000000	170	195	0.930	0.358
3474.000000	170	195	0.925	0.361
3480.000000	170	195	0.920	0.365
3486.000000	170	195	0.914	0.368
3492.000000	170	195	0.906	0.368
3498.000000	170	195	0.902	0.367
3504.000000	170	195	0.898	0.370
3510.000000	170	195	0.890	0.373
3516.000000	170	195	0.882	0.371
3522.000000	170	195	0.876	0.365
3528.000000	170	195	0.873	0.358
3534.000000	170	195	0.869	0.353
3540.000000	170	195	0.866	0.345
3546.000000	170	195	0.859	0.336
3552.000000	170	195	0.857	0.325
3558.000000	170	195	0.853	0.316
3564.000000	170	195	0.846	0.310
3570.000000	170	195	0.839	0.303
3576.000000	170	195	0.831	0.294
3582.000000	170	195	0.822	0.276
3588.000000	170	3	0.808	0.273
3594.000000	170	3	0.797	0.276
3600.000000	170	3	0.789	0.281
3606.000000	170	3	0.782	0.281
3612.000000	170	3	0.775	0.278
3618.000000	170	3	0.762	0.276
3624.000000	170	3	0.749	0.270
3630.000000	170	3	0.732	0.265
3636.000000	170	3	0.717	0.261
3642.000000	170	3	0.699	0.259
3648.000000	170	3	0.675	0.257
3654.000000	170	3	0.641	0.250
3660.000000	170	3	0.607	0.237
3666.000000	170	194	0.561	0.240
3672.000000	170	66	0.479	0.259
3678.000000	170	66	0.389	0.283
3684.000000	66	170	0.308	0.278
3690.000000	66	46	0.333	0.237
3696.000000	66	46	0.354	0.263
3702.000000	66	46	0.379	0.297
3708.000000	66	46	0.404	0.331
3714.000000	66	46	0.424	0.351
3720.000000	66	46	0.444	0.376
3726.000000	66	46	0.471	0.400
3732.000000	66	46	0.493	0.416
3738.000000	66	46	0.504	0.433
3744.000000	66	46	0.516	0.455
3750.000000	66	46	0.532	0.477
3756.000000	66	46	0.547	0.493
3762.000000	66	46	0.556	0.504
3768.000000	66	46	0.564	0.515
3774.000000	66	46	0.583	0.521
3780.000000	66	46	0.602	0.530
3786.000000	66	46	0.619	0.541
3792.000000	66	46	0.638	0.550
3798.000000	66	46	0.651	0.562
3804.000000	66	46	0.662	0.573
3810.000000	66	46	0.669	0.593
3816.000000	66	46	0.678	0.600
3822.000000	66	46	0.690	0.607
3828.000000	66	46	0.710	0.617
3834.000000	66	46	0.726	0.621
3840.000000	66	46	0.743	0.630
3846.000000	66	46	0.766	0.641
3852.000000	66	46	0.784	0.655
3858.000000	66	46	0.803	0.671
3864.000000	66	46	0.808	0.682
3870.000000	66	46	0.812	0.690
3876.000000	66	46	0.818	0.698
3882.000000	66	46	0.826	0.709
3888.000000	66	46	0.838	0.719
3894.000000	66	46	0.847	0.724
3900.000000	66	46	0.848	0.732
3906.000000	66	46	0.844	0.746
3912.000000	66	46	0.848	0.751
3918.000000	66	46	0.854	0.751
3924.000000	66	46	0.855	0.757
3930.000000	66	46	0.855	0.765
3936.000000	66	46	0.854	0.769
3942.000000	66	46	0.851	0.775
3948.000000	66	46	0.850	0.782
3954.000000	66	46	0.848	0.784
3960.000000	66	46	0.846	0.782
3966.000000	66	46	0.843	0.780
3972.000000	66	46	0.842	0.779
3978.000000	66	46	0.839	0.779
3984.000000	66	46	0.833	0.781
3990.000000	66	46	0.826	0.782
3996.000000	66	46	0.817	0.788
4002.000000	66	46	0.809	0.792
4008.000000	66	46	0.803	0.793
4014.000000	46	66	0.797	0.796
4020.000000	46	66	0.802	0.785
4026.000000	46	66	0.802	0.776
4032.000000	46	66	0.798	0.766
4038.000000	46	66	0.798	0.747
4044.000000	46	66	0.796	0.731
4050.000000	46	66	0.793	0.715
4056.000000	46	66	0.791	0.694
4062.000000	46	66	0.796	0.660
4068.000000	46	66	0.810	0.610
4074.000000	46	66	0.825	0.542
4080.000000	46	66	0.836	0.462
4086.000000	46	66	0.846	0.348
4092.000000	46	66	0.859	0.181
4098.000000	46	81	0.874	0.098
4104.000000	46	165	0.883	0.100
4110.000000	46	165	0.892	0.102
4116.000000	46	165	0.892	0.106
4122.000000	46	165	0.888	0.112
4128.000000	46	165	0.888	0.117
4134.000000	46	165	0.891	0.127
4140.000000	46	165	0.895	0.137
4146.000000	46	165	0.897	0.147
4152.000000	46	165	0.897	0.157
4158.000000	46	165	0.895	0.171
4164.000000	46	165	0.895	0.188
4170.000000	46	165	0.896	0.204
4176.000000	46	165	0.897	0.218
4182.000000	46	165	0.897	0.234
4188.000000	46	165	0.895	0.250
4194.000000	46	165	0.892	0.269
4200.000000	46	165	0.886	0.288
4206.000000	46	165	0.880	0.307
4212.000000	46	165	0.874	0.329
4218.000000	46	165	0.867	0.353
4224.000000	46	165	0.858	0.371
4230.000000	46	165	0.844	0.400
4236.000000	46	165	0.829	0.439
4242.000000	46	165	0.813	0.473
4248.000000	46	165	0.796	0.501
4254.000000	46	165	0.774	0.541
4260.000000	46	165	0.742	0.582
4266.000000	46	165	0.695	0.628
4272.000000	165	46	0.671	0.626
4278.000000	165	46	0.720	0.518
4284.000000	165	46	0.754	0.374
4290.000000	165	5	0.791	0.301
4296.000000	165	5	0.832	0.319
4302.000000	165	5	0.861	0.353
4308.000000	165	5	0.870	0.381
4314.000000	165	5	0.873	0.406
4320.000000	165	5	0.873	0.440
4326.000000	165	5	0.867	0.481
4332.000000	165	5	0.865	0.504
4338.000000	165	5	0.863	0.524
4344.000000	165	5	0.861	0.541
4350.000000	165	5	0.858	0.563
4356.000000	165	5	0.860	0.578
4362.000000	165	5	0.855	0.597
4368.000000	165	5	0.848	0.609
4374.000000	165	5	0.842	0.613
4380.000000	165	5	0.837	0.618
4386.000000	165	5	0.832	0.625
4392.000000	165	5	0.829	0.629
4398.000000	165	5	0.827	0.635
4404.000000	165	5	0.825	0.639
4410.000000	165	5	0.816	0.648
4416.000000	165	5	0.806	0.657
4422.000000	165	5	0.801	0.660
4428.000000	165	5	0.795	0.666
4434.000000	165	5	0.786	0.676
4440.000000	165	5	0.773	0.690
4446.000000	165	5	0.763	0.704
4452.000000	165	5	0.755	0.715
4458.000000	165	5	0.740	0.731
4464.000000	5	165	0.747	0.720
4470.000000	5	165	0.761	0.700
4476.000000	5	165	0.779	0.673
4482.000000	5	165	0.798	0.636
4488.000000	5	165	0.818	0.599
4494.000000	5	165	0.843	0.538
4500.000000	5	165	0.859	0.471
4506.000000	5	165	0.875	0.385
4512.000000	5	165	0.883	0.294
4518.000000	5	87	0.906	0.212
4524.000000	5	87	0.932	0.223
4530.000000	5	87	0.949	0.235
4536.000000	5	87	0.950	0.261
4542.000000	5	87	0.949	0.297
4548.000000	5	87	0.946	0.336
4554.000000	5	87	0.942	0.378
4560.000000	5	87	0.938	0.408
4566.000000	5	87	0.932	0.443
4572.000000	5	87	0.924	0.477
4578.000000	5	87	0.921	0.503
4584.000000	5	87	0.915	0.529
4590.000000	5	87	0.912	0.547
4596.000000	5	87	0.908	0.561
4602.000000	5	87	0.904	0.573
4608.000000	5	87	0.895	0.588
4614.000000	5	87	0.886	0.602
4620.000000	5	87	0.869	0.619
4626.000000	5	87	0.859	0.632
4632.000000	5	87	0.847	0.643
4638.000000	5	87	0.830	0.657
4644.000000	5	87	0.804	0.678
4650.000000	5	87	0.781	0.695
4656.000000	5	87	0.750	0.716
4662.000000	87	5	0.729	0.722
4668.000000	87	5	0.743	0.692
4674.000000	87	5	0.756	0.657
4680.000000	87	5	0.776	0.598
4686.000000	87	5	0.814	0.518
4692.000000	87	5	0.842	0.412
4698.000000	87	59	0.866	0.320
4704.000000	87	59	0.885	0.355
4710.000000	87	59	0.896	0.392
4716.000000	87	59	0.897	0.434
4722.000000	87	59	0.900	0.461
4728.000000	87	59	0.903	0.481
4734.000000	87	59	0.898	0.509
4740.000000	87	59	0.891	0.533
4746.000000	87	59	0.882	0.555
4752.000000	87	59	0.876	0.571
4758.000000	87	59	0.869	0.590
4764.000000	87	59	0.858	0.616
4770.000000	87	59	0.853	0.635
4776.000000	87	59	0.848	0.650
4782.000000	87	59	0.841	0.658
4788.000000	87	59	0.833	0.665
4794.000000	87	59	0.824	0.673
4800.000000	87	59	0.814	0.681
4806.000000	87	59	0.805	0.687
4812.000000	87	59	0.792	0.695
4818.000000	87	59	0.782	0.701
4824.000000	87	59	0.772	0.704
4830.000000	87	59	0.761	0.711
4836.000000	87	59	0.750	0.716
4842.000000	87	59	0.739	0.724
4848.000000	59	87	0.734	0.720
4854.000000	59	87	0.745	0.703
4860.000000	59	87	0.757	0.681
4866.000000	59	87	0.766	0.659
4872.000000	59	87	0.777	0.631
4878.000000	59	87	0.794	0.593
4884.000000	59	87	0.812	0.543
4890.000000	59	87	0.835	0.469
4896.000000	59	87	0.865	0.360
4902.000000	59	113	0.894	0.326
4908.000000	59	113	0.911	0.359
4914.000000	59	113	0.923	0.398
4920.000000	59	113	0.935	0.430
4926.000000	59	113	0.941	0.461
4932.000000	59	113	0.940	0.489
4938.000000	59	113	0.938	0.523
4944.000000	59	113	0.936	0.550
4950.000000	59	113	0.934	0.572
4956.000000	59	113	0.934	0.593
4962.000000	59	113	0.935	0.609
4968.000000	59	113	0.936	0.621
4974.000000	59	113	0.936	0.634
4980.000000	59	113	0.934	0.649
4986.000000	59	113	0.931	0.662
4992.000000	59	113	0.929	0.671
4998.000000	59	113	0.923	0.687
5004.000000	59	113	0.918	0.696
5010.000000	59	113	0.916	0.699
5016.000000	59	113	0.914	0.700
5022.000000	59	113	0.910	0.706
5028.000000	59	113	0.900	0.717
5034.000000	59	113	0.891	0.725
5040.000000	59	113	0.876	0.740
5046.000000	59	113	0.862	0.750
5052.000000	59	113	0.850	0.762
5058.000000	59	113	0.835	0.773
5064.000000	59	113	0.822	0.781
5070.000000	59	113	0.806	0.792
5076.000000	113	59	0.803	0.785
5082.000000	113	59	0.815	0.759
5088.000000	113	59	0.835	0.721
5094.000000	113	59	0.853	0.671
5100.000000	113	59	0.877	0.595
5106.000000	113	59	0.902	0.497
5112.000000	113	59	0.938	0.331
5118.000000	113	59	0.955	0.158
5124.000000	113	155	0.967	0.059
5130.000000	113	149	0.973	0.059
5136.000000	113	89	0.977	0.063
5142.000000	113	89	0.978	0.066
5148.000000	113	89	0.980	0.065
5154.000000	113	89	0.979	0.064
5160.000000	113	89	0.978	0.065
5166.000000	113	89	0.978	0.067
5172.000000	113	89	0.977	0.069
5178.000000	113	89	0.975	0.070
5184.000000	113	89	0.974	0.074
5190.000000	113	89	0.972	0.075
5196.000000	113	89	0.969	0.075
5202.000000	113	89	0.965	0.075
5208.000000	113	89	0.961	0.077
5214.000000	113	33	0.959	0.088
5220.000000	113	33	0.956	0.099
5226.000000	113	33	0.952	0.109
5232.000000	113	33	0.950	0.121
5238.000000	113	33	0.947	0.134
5244.000000	113	33	0.944	0.146
5250.000000	113	33	0.940	0.155
5256.000000	113	33	0.933	0.169
5262.000000	113	33	0.926	0.185
5268.000000	113	33	0.920	0.196
5274.000000	113	33	0.911	0.209
5280.000000	113	33	0.903	0.220
5286.000000	113	33	0.896	0.227
5292.000000	113	33	0.889	0.235
5298.000000	113	33	0.877	0.243
5304.000000	113	33	0.865	0.255
5310.000000	113	33	0.850	0.270
5316.000000	113	33	0.830	0.292
5322.000000	113	33	0.805	0.319
5328.000000	113	33	0.778	0.342
5334.000000	113	33	0.739	0.372
5340.000000	113	33	0.687	0.397
5346.000000	113	33	0.617	0.425
5352.000000	113	33	0.514	0.470
5358.000000	33	113	0.530	0.378
5364.000000	33	172	0.595	0.225
5370.000000	33	120	0.684	0.231
5376.000000	33	120	0.734	0.236
5382.000000	33	120	0.755	0.246
5388.000000	33	120	0.776	0.257
5394.000000	33	120	0.781	0.265
5400.000000	33	120	0.787	0.261
5406.000000	33	120	0.798	0.247
5412.000000	33	188	0.798	0.247
5418.000000	33	188	0.801	0.257
5424.000000	33	188	0.805	0.267
5430.000000	33	188	0.806	0.277
5436.000000	33	188	0.806	0.285
5442.000000	33	188	0.812	0.290
5448.000000	33	188	0.809	0.291
5454.000000	33	188	0.808	0.298
5460.000000	33	188	0.811	0.306
5466.000000	33	188	0.815	0.308
5472.000000	33	188	0.809	0.311
5478.000000	33	188	0.807	0.317
5484.000000	33	42	0.805	0.331
5490.000000	33	42	0.808	0.346
5496.000000	33	42	0.810	0.365
5502.000000	33	42	0.806	0.380
5508.000000	33	42	0.806	0.399
5514.000000	33	42	0.807	0.411
5520.000000	33	42	0.809	0.424
5526.000000	33	42	0.810	0.436
5532.000000	33	42	0.811	0.450
5538.000000	33	42	0.812	0.460
5544.000000	33	42	0.811	0.471
5550.000000	33	42	0.810	0.492
5556.000000	33	42	0.808	0.514
5562.000000	33	42	0.805	0.540
5568.000000	33	42	0.802	0.567
5574.000000	33	42	0.791	0.590
5580.000000	33	42	0.778	0.623
5586.000000	33	42	0.769	0.645
5592.000000	33	42	0.757	0.673
5598.000000	33	42	0.742	0.701
5604.000000	33	42	0.731	0.721
5610.000000	42	33	0.747	0.711
5616.000000	42	33	0.792	0.673
5622.000000	42	33	0.824	0.633
5628.000000	42	33	0.854	0.568
5634.000000	42	33	0.874	0.491
5640.000000	42	33	0.898	0.394
5646.000000	42	33	0.918	0.276
5652.000000	42	33	0.939	0.148
5658.000000	42	139	0.952	0.104
5664.000000	42	139	0.961	0.091
5670.000000	42	72	0.964	0.094
5676.000000	42	72	0.964	0.101
5682.000000	42	72	0.964	0.108
5688.000000	42	72	0.962	0.116
5694.000000	42	72	0.961	0.124
5700.000000	42	72	0.960	0.133
5706.000000	42	72	0.958	0.140
5712.000000	42	72	0.957	0.145
5718.000000	42	72	0.955	0.149
5724.000000	42	72	0.953	0.158
5730.000000	42	72	0.950	0.171
5736.000000	42	72	0.947	0.179
5742.000000	42	72	0.945	0.180
5748.000000	42	72	0.943	0.181
5754.000000	42	72	0.940	0.186
5760.000000	42	72	0.935	0.193
5766.000000	42	72	0.932	0.201
5772.000000	42	72	0.929	0.208
5778.000000	42	72	0.926	0.217
5784.000000	42	72	0.922	0.228
5790.000000	42	72	0.917	0.241
5796.000000	42	72	0.914	0.253
5802.000000	42	72	0.911	0.269
5808.000000	42	72	0.906	0.281
5814.000000	42	72	0.899	0.294
5820.000000	42	72	0.891	0.308
5826.000000	42	72	0.882	0.322
5832.000000	42	72	0.872	0.338
5838.000000	42	72	0.863	0.357
5844.000000	42	72	0.853	0.378
5850.000000	42	72	0.836	0.406
5856.000000	42	72	0.818	0.438
5862.000000	42	72	0.797	0.464
5868.000000	42	72	0.766	0.497
5874.000000	42	72	0.733	0.530
5880.000000	42	72	0.685	0.569
5886.000000	42	72	0.627	0.607
5892.000000	72	42	0.648	0.556
5898.000000	72	42	0.700	0.464
5904.000000	72	42	0.743	0.337
5910.000000	72	167	0.789	0.244
5916.000000	72	167	0.847	0.236
5922.000000	72	167	0.877	0.232
5928.000000	72	167	0.895	0.225
5934.000000	72	167	0.902	0.212
5940.000000	72	167	0.913	0.201
5946.000000	72	167	0.921	0.192
5952.000000	72	167	0.920	0.190
5958.000000	72	167	0.919	0.190
5964.000000	72	167	0.914	0.192
5970.000000	72	167	0.910	0.193
5976.000000	72	167	0.909	0.191
5982.000000	72	167	0.912	0.186
5988.000000	72	167	0.913	0.183
5994.000000	72	167	0.912	0.180
6000.000000	72	167	0.911	0.179
6006.000000	72	167	0.911	0.176
6012.000000	72	167	0.910	0.171
6018.000000	72	167	0.910	0.167
6024.000000	72	167	0.910	0.163
6030.000000	72	167	0.910	0.158
6036.000000	72	167	0.911	0.150
6042.000000	72	196	0.914	0.147
6048.000000	72	196	0.914	0.147
6054.000000	72	196	0.915	0.150
6060.000000	72	196	0.915	0.154
6066.000000	72	26	0.919	0.154
6072.000000	72	26	0.920	0.158
6078.000000	72	26	0.924	0.160
6084.000000	72	26	0.928	0.161
6090.000000	72	26	0.930	0.162
6096.000000	72	178	0.930	0.163
6102.000000	72	178	0.930	0.167
6108.000000	72	178	0.928	0.171
6114.000000	72	178	0.926	0.170
6120.000000	72	178	0.921	0.168
6126.000000	72	178	0.919	0.167
6132.000000	72	178	0.918	0.163
6138.000000	72	178	0.918	0.158
6144.000000	72	178	0.917	0.155
6150.000000	72	178	0.914	0.150
6156.000000	72	178	0.912	0.152
6162.000000	72	178	0.913	0.154
6168.000000	72	178	0.911	0.157
6174.000000	72	178	0.906	0.161
6180.000000	72	178	0.902	0.162
6186.000000	72	178	0.900	0.162
6192.000000	72	178	0.896	0.163
6198.000000	72	178	0.891	0.158
6204.000000	72	178	0.888	0.151
6210.000000	72	178	0.885	0.147
6216.000000	72	178	0.879	0.147
6222.000000	72	178	0.868	0.150
6228.000000	72	178	0.861	0.148
6234.000000	72	178	0.854	0.147
6240.000000	72	178	0.844	0.147
6246.000000	72	178	0.837	0.145
6252.000000	72	178	0.826	0.144
6258.000000	72	178	0.810	0.140
6264.000000	72	178	0.792	0.136
6270.000000	72	164	0.763	0.135
6276.000000	72	164	0.725	0.133
6282.000000	72	164	0.686	0.128
6288.000000	72	162	0.637	0.125
6294.000000	72	162	0.567	0.127
6300.000000	72	162	0.440	0.134
6306.000000	72	162	0.239	0.139
6312.000000	164	162	0.140	0.137
6318.000000	164	162	0.146	0.144
6324.000000	162	164	0.170	0.147
6330.000000	162	164	0.209	0.152
6336.000000	162	164	0.255	0.160
6342.000000	162	164	0.313	0.174
6348.000000	162	164	0.403	0.204
6354.000000	162	164	0.527	0.240
6360.000000	162	164	0.662	0.275
6366.000000	162	164	0.735	0.297
6372.000000	162	164	0.760	0.326
6378.000000	162	164	0.783	0.373
6384.000000	162	164	0.801	0.419
6390.000000	162	164	0.811	0.465
6396.000000	162	164	0.819	0.504
6402.000000	162	164	0.834	0.536
6408.000000	162	164	0.834	0.555
6414.000000	162	164	0.833	0.573
6420.000000	162	164	0.835	0.592
6426.000000	162	164	0.837	0.609
6432.000000	162	164	0.840	0.622
6438.000000	162	164	0.840	0.630
6444.000000	162	164	0.843	0.632
6450.000000	162	164	0.843	0.636
6456.000000	162	164	0.847	0.641
6462.000000	162	164	0.852	0.652
6468.000000	162	164	0.858	0.663
6474.000000	162	164	0.860	0.672
6480.000000	162	164	0.860	0.680
6486.000000	162	164	0.860	0.687
6492.000000	162	164	0.860	0.697
6498.000000	162	164	0.858	0.707
6504.000000	162	164	0.860	0.720
6510.000000	162	164	0.858	0.735
6516.000000	162	164	0.858	0.748
6522.000000	162	164	0.860	0.756
6528.000000	162	164	0.860	0.762
6534.000000	162	164	0.862	0.765
6540.000000	162	164	0.860	0.774
6546.000000	162	164	0.859	0.778
6552.000000	162	164	0.861	0.783
6558.000000	162	164	0.862	0.789
6564.000000	162	164	0.861	0.795
6570.000000	162	164	0.859	0.803
6576.000000	162	164	0.857	0.806
6582.000000	162	164	0.851	0.812
6588.000000	162	164	0.846	0.816
6594.000000	162	164	0.838	0.823
6600.000000	162	164	0.834	0.830
6606.000000	164	162	0.836	0.827
6612.000000	164	162	0.838	0.822
6618.000000	164	162	0.840	0.811
6624.000000	164	162	0.840	0.802
6630.000000	164	162	0.841	0.792
6636.000000	164	162	0.843	0.779
6642.000000	164	162	0.846	0.766
6648.000000	164	162	0.845	0.754
6654.000000	164	162	0.850	0.734
6660.000000	164	162	0.855	0.704
6666.000000	164	162	0.863	0.666
6672.000000	164	162	0.880	0.605
6678.000000	164	162	0.898	0.515
6684.000000	164	162	0.914	0.376
6690.000000	164	162	0.927	0.217
6696.000000	164	193	0.937	0.083
6702.000000	164	193	0.942	0.078
6708.000000	164	193	0.945	0.076
6714.000000	164	193	0.947	0.076
6720.000000	164	193	0.952	0.071
6726.000000	164	193	0.959	0.066
6732.000000	164	193	0.961	0.062
6738.000000	164	193	0.962	0.062
6744.000000	164	159	0.962	0.063
6750.000000	164	159	0.961	0.070
6756.000000	164	159	0.960	0.073
6762.000000	164	159	0.960	0.074
6768.000000	164	159	0.960	0.074
6774.000000	164	159	0.959	0.073
6780.000000	164	159	0.959	0.073
6786.000000	164	159	0.958	0.072
6792.000000	164	159	0.954	0.068
6798.000000	164	17	0.950	0.066
6804.000000	164	17	0.945	0.066
6810.000000	164	17	0.941	0.066
6816.000000	164	9	0.938	0.067
6822.000000	164	9	0.935	0.066
6828.000000	164	121	0.933	0.069
6834.000000	164	121	0.932	0.073
6840.000000	164	121	0.931	0.076
6846.000000	164	121	0.932	0.080
6852.000000	164	121	0.930	0.083
6858.000000	164	121	0.926	0.086
6864.000000	164	121	0.923	0.089
6870.000000	164	121	0.921	0.091
6876.000000	164	121	0.918	0.093
6882.000000	164	121	0.915	0.095
6888.000000	164	121	0.912	0.100
6894.000000	164	121	0.910	0.103
6900.000000	164	121	0.909	0.108
6906.000000	164	121	0.907	0.114
6912.000000	164	121	0.904	0.118
6918.000000	164	121	0.900	0.120
6924.000000	164	121	0.896	0.120
6930.000000	164	156	0.890	0.124
6936.000000	164	156	0.880	0.130
6942.000000	164	156	0.872	0.139
6948.000000	164	156	0.867	0.146
6954.000000	164	156	0.863	0.149
6960.000000	164	156	0.857	0.149
6966.000000	164	156	0.847	0.151
6972.000000	164	156	0.832	0.152
6978.000000	164	156	0.815	0.156
6984.000000	164	156	0.797	0.162
6990.000000	164	156	0.772	0.171
6996.000000	164	156	0.738	0.184
7002.000000	164	156	0.693	0.206
7008.000000	164	156	0.619	0.246
7014.000000	164	156	0.489	0.298
7020.000000	156	164	0.357	0.292
7026.000000	156	130	0.476	0.144
7032.000000	156	130	0.670	0.129
7038.000000	156	130	0.809	0.109
7044.000000	156	130	0.875	0.098
7050.000000	156	172	0.905	0.095
7056.000000	156	172	0.913	0.096
7062.000000	156	172	0.912	0.096
7068.000000	156	172	0.911	0.096
7074.000000	156	172	0.912	0.099
7080.000000	156	172	0.914	0.099
7086.000000	156	8	0.919	0.101
7092.000000	156	8	0.922	0.108
7098.000000	156	8	0.921	0.112
7104.000000	156	8	0.920	0.117
7110.000000	156	8	0.918	0.125
7116.000000	156	8	0.917	0.131
7122.000000	156	8	0.916	0.133
7128.000000	156	8	0.919	0.137
7134.000000	156	8	0.920	0.147
7140.000000	156	8	0.920	0.161
7146.000000	156	8	0.919	0.180
7152.000000	156	8	0.917	0.195
7158.000000	156	8	0.915	0.207
7164.000000	156	8	0.913	0.218
7170.000000	156	8	0.911	0.229
7176.000000	156	8	0.908	0.245
7182.000000	156	8	0.906	0.267
7188.000000	156	8	0.903	0.281
7194.000000	156	8	0.901	0.294
7200.000000	156	8	0.897	0.309
7206.000000	156	8	0.894	0.332
7212.000000	156	8	0.890	0.358
7218.000000	156	8	0.884	0.379
7224.000000	156	8	0.877	0.401
7230.000000	156	8	0.874	0.420
7236.000000	156	8	0.872	0.434
7242.000000	156	8	0.870	0.444
7248.000000	156	8	0.866	0.459
7254.000000	156	8	0.862	0.472
7260.000000	156	8	0.858	0.492
7266.000000	156	8	0.857	0.514
7272.000000	156	8	0.854	0.531
7278.000000	156	8	0.850	0.551
7284.000000	156	8	0.842	0.577
7290.000000	156	8	0.831	0.602
7296.000000	156	8	0.809	0.632
7302.000000	156	8	0.791	0.653
7308.000000	156	8	0.781	0.674
7314.000000	156	8	0.760	0.694
7320.000000	156	8	0.722	0.721
7326.000000	8	156	0.756	0.682
7332.000000	8	156	0.792	0.624
7338.000000	8	156	0.818	0.541
7344.000000	8	156	0.846	0.424
7350.000000	8	38	0.891	0.341
7356.000000	8	38	0.911	0.354
7362.000000	8	38	0.922	0.375
7368.000000	8	38	0.926	0.399
7374.000000	8	38	0.924	0.424
7380.000000	8	38	0.922	0.458
7386.000000	8	38	0.918	0.485
7392.000000	8	38	0.916	0.499
7398.000000	8	38	0.920	0.504
7404.000000	8	38	0.921	0.508
7410.000000	8	38	0.923	0.510
7416.000000	8	38	0.925	0.510
7422.000000	8	38	0.922	0.509
7428.000000	8	38	0.919	0.510
7434.000000	8	38	0.916	0.512
7440.000000	8	38	0.913	0.517
7446.000000	8	38	0.910	0.515
7452.000000	8	38	0.907	0.513
7458.000000	8	38	0.903	0.512
7464.000000	8	38	0.901	0.509
7470.000000	8	38	0.900	0.503
7476.000000	8	38	0.898	0.493
7482.000000	8	38	0.896	0.483
7488.000000	8	38	0.896	0.470
7494.000000	8	38	0.896	0.458
7500.000000	8	38	0.898	0.447
7506.000000	8	38	0.897	0.432
7512.000000	8	38	0.896	0.409
7518.000000	8	38	0.895	0.385
7524.000000	8	38	0.895	0.353
7530.000000	8	38	0.898	0.315
7536.000000	8	38	0.900	0.262
7542.000000	8	108	0.905	0.211
7548.000000	8	108	0.905	0.226
7554.000000	8	108	0.904	0.243
7560.000000	8	108	0.905	0.254
7566.000000	8	108	0.907	0.276
7572.000000	8	108	0.906	0.300
7578.000000	8	108	0.901	0.320
7584.000000	8	108	0.894	0.354
7590.000000	8	108	0.893	0.385
7596.000000	8	108	0.893	0.410
7602.000000	8	108	0.891	0.429
7608.000000	8	108	0.885	0.452
7614.000000	8	108	0.878	0.484
7620.000000	8	108	0.872	0.513
7626.000000	8	108	0.865	0.541
7632.000000	8	108	0.853	0.570
7638.000000	8	108	0.832	0.608
7644.000000	8	108	0.807	0.638
7650.000000	8	108	0.778	0.666
7656.000000	8	108	0.730	0.699
7662.000000	108	8	0.730	0.665
7668.000000	108	8	0.784	0.567
7674.000000	108	8	0.835	0.423
7680.000000	108	8	0.893	0.202
7686.000000	108	3	0.932	0.129
7692.000000	108	3	0.948	0.114
7698.000000	108	3	0.959	0.099
7704.000000	108	3	0.962	0.090
7710.000000	108	3	0.963	0.085
7716.000000	108	3	0.963	0.089
7722.000000	108	3	0.962	0.093
7728.000000	108	3	0.960	0.093
7734.000000	108	3	0.958	0.088
7740.000000	108	168	0.957	0.091
7746.000000	108	168	0.953	0.098
7752.000000	108	168	0.950	0.099
7758.000000	108	89	0.947	0.108
7764.000000	108	89	0.944	0.119
7770.000000	108	89	0.940	0.133
7776.000000	108	89	0.936	0.142
7782.000000	108	89	0.933	0.146
7788.000000	108	89	0.929	0.153
7794.000000	108	89	0.927	0.161
7800.000000	108	89	0.925	0.169
7806.000000	108	89	0.923	0.178
7812.000000	108	89	0.922	0.188
7818.000000	108	89	0.920	0.199
7824.000000	108	89	0.919	0.209
7830.000000	108	89	0.917	0.223
7836.000000	108	89	0.915	0.241
7842.000000	108	89	0.912	0.258
7848.000000	108	89	0.908	0.278
7854.000000	108	89	0.905	0.307
7860.000000	108	89	0.901	0.333
7866.000000	108	89	0.895	0.357
7872.000000	108	89	0.886	0.386
7878.000000	108	89	0.873	0.418
7884.000000	108	89	0.861	0.457
7890.000000	108	89	0.854	0.500
7896.000000	108	89	0.845	0.544
7902.000000	108	89	0.827	0.599
7908.000000	108	89	0.797	0.658
7914.000000	108	89	0.768	0.695
7920.000000	89	108	0.732	0.728
7926.000000	89	108	0.776	0.664
7932.000000	89	108	0.819	0.589
7938.000000	89	108	0.866	0.484
7944.000000	89	108	0.918	0.332
7950.000000	89	108	0.946	0.174
7956.000000	89	185	0.961	0.126
7962.000000	89	185	0.967	0.134
7968.000000	89	185	0.967	0.149
7974.000000	89	185	0.967	0.162
7980.000000	89	185	0.964	0.172
7986.000000	89	185	0.963	0.186
7992.000000	89	185	0.961	0.205
7998.000000	89	185	0.958	0.225
8004.000000	89	185	0.955	0.244
8010.000000	89	185	0.952	0.258
8016.000000	89	185	0.950	0.273
8022.000000	89	185	0.948	0.288
8028.000000	89	185	0.946	0.305
8034.000000	89	185	0.944	0.325
8040.000000	89	185	0.942	0.346
8046.000000	89	185	0.941	0.366
8052.000000	89	185	0.939	0.388
8058.000000	89	185	0.936	0.416
8064.000000	89	185	0.932	0.435
8070.000000	89	185	0.930	0.453
8076.000000	89	185	0.927	0.474
8082.000000	89	185	0.923	0.494
8088.000000	89	185	0.919	0.512
8094.000000	89	185	0.917	0.523
8100.000000	89	185	0.914	0.534
8106.000000	89	185	0.913	0.550
8112.000000	89	185	0.911	0.574
8118.000000	89	185	0.910	0.590
8124.000000	89	185	0.910	0.597
8130.000000	89	185	0.911	0.606
8136.000000	89	185	0.911	0.616
8142.000000	89	185	0.907	0.629
8148.000000	89	185	0.905	0.636
8154.000000	89	185	0.900	0.647
8160.000000	89	185	0.894	0.663
8166.000000	89	185	0.884	0.693
8172.000000	89	185	0.873	0.716
8178.000000	89	185	0.857	0.747
8184.000000	89	185	0.833	0.774
8190.000000	185	89	0.804	0.795
8196.000000	185	89	0.824	0.760
8202.000000	185	89	0.846	0.717
8208.000000	185	89	0.873	0.651
8214.000000	185	89	0.910	0.554
8220.000000	185	89	0.941	0.425
8226.000000	185	89	0.962	0.225
8232.000000	185	181	0.976	0.112
8238.000000	185	181	0.980	0.111
8244.000000	185	181	0.979	0.112
8250.000000	185	181	0.978	0.117
8256.000000	185	181	0.978	0.123
8262.000000	185	181	0.977	0.122
8268.000000	185	181	0.977	0.120
8274.000000	185	181	0.977	0.117
8280.000000	185	181	0.976	0.113
8286.000000	185	181	0.976	0.110
8292.000000	185	181	0.975	0.107
8298.000000	185	181	0.974	0.105
8304.000000	185	181	0.972	0.105
8310.000000	185	181	0.971	0.104
8316.000000	185	181	0.970	0.101
8322.000000	185	193	0.969	0.103
8328.000000	185	193	0.967	0.106
8334.000000	185	193	0.965	0.108
8340.000000	185	193	0.964	0.112
8346.000000	185	193	0.962	0.116
8352.000000	185	193	0.960	0.119
8358.000000	185	22	0.958	0.126
8364.000000	185	22	0.954	0.134
8370.000000	185	22	0.950	0.145
8376.000000	185	22	0.947	0.156
8382.000000	185	22	0.943	0.167
8388.000000	185	22	0.939	0.177
8394.000000	185	22	0.933	0.183
8400.000000	185	22	0.927	0.190
8406.000000	185	22	0.922	0.201
8412.000000	185	22	0.915	0.216
8418.000000	185	22	0.906	0.233
8424.000000	185	22	0.898	0.262
8430.000000	185	22	0.890	0.295
8436.000000	185	22	0.880	0.328
8442.000000	185	22	0.870	0.364
8448.000000	185	22	0.856	0.398
8454.000000	185	22	0.838	0.440
8460.000000	185	22	0.814	0.494
8466.000000	185	22	0.790	0.545
8472.000000	185	22	0.749	0.602
8478.000000	185	22	0.687	0.662
8484.000000	22	185	0.706	0.611
8490.000000	22	185	0.762	0.504
8496.000000	22	99	0.827	0.376
8502.000000	22	99	0.869	0.407
8508.000000	22	99	0.890	0.460
8514.000000	22	99	0.896	0.503
8520.000000	22	99	0.901	0.521
8526.000000	22	99	0.903	0.529
8532.000000	22	99	0.908	0.542
8538.000000	22	99	0.909	0.553
8544.000000	22	99	0.910	0.564
8550.000000	22	99	0.909	0.571
8556.000000	22	99	0.906	0.580
8562.000000	22	99	0.899	0.588
8568.000000	22	99	0.894	0.588
8574.000000	22	99	0.890	0.588
8580.000000	22	99	0.887	0.591
8586.000000	22	99	0.880	0.595
8592.000000	22	99	0.872	0.601
8598.000000	22	99	0.869	0.608
8604.000000	22	99	0.865	0.612
8610.000000	22	99	0.866	0.609
8616.000000	22	99	0.865	0.608
8622.000000	22	99	0.865	0.611
8628.000000	22	99	0.863	0.615
8634.000000	22	99	0.857	0.618
8640.000000	22	99	0.858	0.615
8646.000000	22	99	0.859	0.611
8652.000000	22	99	0.857	0.610
8658.000000	22	99	0.852	0.607
8664.000000	22	99	0.854	0.599
8670.000000	22	99	0.856	0.588
8676.000000	22	99	0.856	0.576
8682.000000	22	99	0.855	0.558
8688.000000	22	99	0.855	0.531
8694.000000	22	99	0.853	0.504
8700.000000	22	99	0.851	0.474
8706.000000	22	99	0.849	0.434
8712.000000	22	99	0.846	0.386
8718.000000	22	99	0.845	0.326
8724.000000	22	39	0.844	0.287
8730.000000	22	39	0.844	0.303
8736.000000	22	39	0.845	0.328
8742.000000	22	39	0.850	0.348
8748.000000	22	39	0.853	0.372
8754.000000	22	39	0.851	0.411
8760.000000	22	39	0.854	0.450
8766.000000	22	39	0.856	0.492
8772.000000	22	39	0.854	0.536
8778.000000	22	39	0.847	0.574
8784.000000	22	39	0.839	0.600
8790.000000	22	39	0.833	0.618
8796.000000	22	39	0.815	0.649
8802.000000	22	39	0.793	0.687
8808.000000	22	39	0.770	0.712
8814.000000	22	39	0.736	0.728
8820.000000	39	22	0.759	0.669
8826.000000	39	22	0.810	0.572
8832.000000	39	22	0.860	0.449
8838.000000	39	22	0.892	0.297
8844.000000	39	22	0.930	0.094
8850.000000	39	57	0.946	0.075
8856.000000	39	57	0.959	0.069
8862.000000	39	57	0.969	0.068
8868.000000	39	57	0.973	0.068
8874.000000	39	57	0.975	0.070
8880.000000	39	57	0.976	0.072
8886.000000	39	57	0.977	0.075
8892.000000	39	57	0.977	0.077
8898.000000	39	57	0.977	0.078
8904.000000	39	57	0.977	0.078
8910.000000	39	114	0.976	0.078
8916.000000	39	114	0.975	0.081
8922.000000	39	114	0.974	0.082
8928.000000	39	114	0.973	0.083
8934.000000	39	114	0.972	0.082
8940.000000	39	114	0.972	0.081
8946.000000	39	114	0.972	0.079
8952.000000	39	114	0.971	0.079
8958.000000	39	114	0.969	0.078
8964.000000	39	114	0.968	0.078
8970.000000	39	8	0.966	0.083
8976.000000	39	8	0.965	0.087
8982.000000	39	8	0.965	0.088
8988.000000	39	8	0.964	0.090
8994.000000	39	8	0.964	0.093
9000.000000	39	8	0.963	0.095
9006.000000	39	8	0.961	0.098
9012.000000	39	8	0.960	0.103
9018.000000	39	8	0.958	0.107
9024.000000	39	8	0.956	0.109
9030.000000	39	8	0.954	0.113
9036.000000	39	8	0.952	0.118
9042.000000	39	8	0.951	0.123
9048.000000	39	8	0.948	0.128
9054.000000	39	8	0.946	0.129
9060.000000	39	8	0.945	0.130
9066.000000	39	8	0.944	0.131
9072.000000	39	8	0.944	0.131
9078.000000	39	8	0.943	0.134
9084.000000	39	8	0.943	0.136
9090.000000	39	8	0.942	0.137
9096.000000	39	8	0.940	0.135
9102.000000	39	8	0.937	0.133
9108.000000	39	8	0.935	0.130
9114.000000	39	8	0.934	0.127
9120.000000	39	8	0.933	0.123
9126.000000	39	8	0.931	0.119
9132.000000	39	8	0.929	0.115
9138.000000	39	8	0.930	0.109
9144.000000	39	8	0.931	0.100
9150.000000	39	8	0.932	0.091
9156.000000	39	8	0.932	0.084
9162.000000	39	8	0.933	0.077
9168.000000	39	8	0.932	0.068
9174.000000	39	8	0.935	0.059
9180.000000	39	111	0.938	0.052
9186.000000	39	111	0.939	0.049
9192.000000	39	111	0.941	0.046
9198.000000	39	84	0.943	0.043
9204.000000	39	84	0.945	0.044
9210.000000	39	84	0.946	0.045
9216.000000	39	84	0.948	0.045
9222.000000	39	84	0.948	0.046
9228.000000	39	84	0.946	0.047
9234.000000	39	84	0.945	0.048
9240.000000	39	84	0.944	0.047
9246.000000	39	84	0.944	0.044
9252.000000	39	84	0.946	0.043
9258.000000	39	84	0.948	0.042
9264.000000	39	84	0.950	0.041
9270.000000	39	84	0.952	0.041
9276.000000	39	84	0.953	0.041
9282.000000	39	84	0.954	0.039
9288.000000	39	84	0.953	0.037
9294.000000	39	84	0.950	0.037
9300.000000	39	84	0.951	0.037
9306.000000	39	84	0.951	0.038
9312.000000	39	139	0.949	0.038
9318.000000	39	139	0.948	0.039
9324.000000	39	139	0.949	0.039
9330.000000	39	139	0.950	0.038
9336.000000	39	139	0.951	0.038
9342.000000	39	66	0.953	0.038
9348.000000	39	66	0.954	0.038
9354.000000	39	66	0.953	0.038
9360.000000	39	66	0.952	0.039
9366.000000	39	66	0.950	0.039
9372.000000	39	66	0.949	0.039
9378.000000	39	66	0.946	0.039
9384.000000	39	66	0.943	0.039
9390.000000	39	66	0.941	0.039
9396.000000	39	66	0.940	0.039
9402.000000	39	66	0.939	0.037
9408.000000	39	66	0.939	0.036
9414.000000	39	66	0.940	0.036
9420.000000	39	66	0.942	0.036
9426.000000	39	66	0.944	0.037
9432.000000	39	66	0.945	0.038
9438.000000	39	66	0.946	0.038
9444.000000	39	66	0.947	0.037
9450.000000	39	66	0.948	0.036
9456.000000	39	131	0.948	0.036
9462.000000	39	131	0.947	0.037
9468.000000	39	131	0.946	0.037
9474.000000	39	131	0.944	0.038
9480.000000	39	131	0.941	0.039
9486.000000	39	131	0.938	0.040
9492.000000	39	131	0.935	0.040
9498.000000	39	131	0.933	0.040
9504.000000	39	131	0.930	0.040
9510.000000	39	114	0.927	0.039
9516.000000	39	114	0.922	0.040
9522.000000	39	114	0.916	0.040
9528.000000	39	114	0.911	0.040
9534.000000	39	114	0.907	0.040
9540.000000	39	114	0.904	0.040
9546.000000	39	114	0.899	0.040
9552.000000	39	114	0.891	0.040
9558.000000	39	114	0.882	0.041
9564.000000	39	114	0.872	0.041
9570.000000	39	114	0.853	0.041
9576.000000	39	114	0.821	0.041
9582.000000	39	114	0.777	0.040
9588.000000	39	114	0.726	0.038
9594.000000	39	15	0.633	0.034
9600.000000	39	15	0.415	0.030
9606.000000	39	119	0.074	0.020
9612.000000	119	15	0.016	0.014
9618.000000	15	149	0.012	0.011
9624.000000	15	149	0.010	0.009
