0.000000	125	102	0.000	0.000
6.000000	60	23	0.992	0.026
12.000000	60	23	0.993	0.027
18.000000	60	23	0.992	0.027
24.000000	60	23	0.992	0.028
30.000000	60	23	0.991	0.028
36.000000	60	117	0.991	0.031
42.000000	60	117	0.990	0.034
48.000000	60	117	0.989	0.036
54.000000	60	117	0.988	0.036
60.000000	60	159	0.987	0.039
66.000000	60	159	0.986	0.044
72.000000	60	159	0.985	0.049
78.000000	60	159	0.984	0.054
84.000000	60	159	0.983	0.059
90.000000	60	159	0.982	0.062
96.000000	60	159	0.981	0.065
102.000000	60	159	0.980	0.068
108.000000	60	159	0.978	0.071
114.000000	60	159	0.977	0.074
120.000000	60	159	0.976	0.079
126.000000	60	159	0.974	0.084
132.000000	60	159	0.972	0.090
138.000000	60	159	0.970	0.094
144.000000	60	159	0.968	0.096
150.000000	60	159	0.966	0.097
156.000000	60	159	0.965	0.099
162.000000	60	159	0.963	0.101
168.000000	60	159	0.961	0.104
174.000000	60	111	0.958	0.105
180.000000	60	111	0.956	0.110
186.000000	60	111	0.953	0.115
192.000000	60	111	0.951	0.121
198.000000	60	111	0.948	0.128
204.000000	60	111	0.946	0.130
210.000000	60	111	0.943	0.130
216.000000	60	103	0.939	0.135
222.000000	60	103	0.935	0.139
228.000000	60	111	0.932	0.145
234.000000	60	111	0.929	0.149
240.000000	60	111	0.926	0.152
246.000000	60	15	0.924	0.151
252.000000	60	15	0.918	0.161
258.000000	60	15	0.915	0.174
264.000000	60	15	0.910	0.187
270.000000	60	15	0.907	0.196
276.000000	60	15	0.904	0.204
282.000000	60	15	0.901	0.212
288.000000	60	15	0.897	0.222
294.000000	60	15	0.889	0.238
300.000000	60	15	0.883	0.251
306.000000	60	15	0.875	0.266
312.000000	60	15	0.863	0.287
318.000000	60	15	0.847	0.311
324.000000	60	15	0.835	0.338
330.000000	60	15	0.822	0.368
336.000000	60	15	0.805	0.398
342.000000	60	15	0.785	0.424
348.000000	60	15	0.767	0.457
354.000000	60	15	0.736	0.499
360.000000	60	15	0.686	0.546
366.000000	60	15	0.622	0.586
372.000000	15	60	0.625	0.527
378.000000	15	60	0.682	0.399
384.000000	15	60	0.755	0.227
390.000000	15	194	0.818	0.168
396.000000	15	111	0.844	0.158
402.000000	15	84	0.859	0.162
408.000000	15	84	0.878	0.172
414.000000	15	84	0.881	0.190
420.000000	15	84	0.890	0.202
426.000000	15	84	0.899	0.211
432.000000	15	84	0.903	0.215
438.000000	15	84	0.904	0.220
444.000000	15	84	0.904	0.229
450.000000	15	27	0.903	0.240
456.000000	15	27	0.902	0.255
462.000000	15	27	0.896	0.273
468.000000	15	27	0.892	0.288
474.000000	15	27	0.890	0.306
480.000000	15	27	0.890	0.316
486.000000	15	27	0.890	0.324
492.000000	15	27	0.894	0.331
498.000000	15	27	0.899	0.338
504.000000	15	27	0.902	0.339
510.000000	15	27	0.902	0.342
516.000000	15	27	0.902	0.348
522.000000	15	27	0.902	0.352
528.000000	15	27	0.901	0.356
534.000000	15	27	0.898	0.365
540.000000	15	27	0.892	0.384
546.000000	15	27	0.887	0.411
552.000000	15	27	0.886	0.426
558.000000	15	27	0.884	0.435
564.000000	15	27	0.878	0.442
570.000000	15	27	0.873	0.450
576.000000	15	27	0.866	0.462
582.000000	15	27	0.861	0.476
588.000000	15	27	0.854	0.494
594.000000	15	27	0.839	0.510
600.000000	15	27	0.815	0.540
606.000000	15	27	0.800	0.572
612.000000	15	27	0.787	0.600
618.000000	15	27	0.769	0.633
624.000000	15	27	0.747	0.664
630.000000	15	27	0.710	0.707
636.000000	27	15	0.743	0.673
642.000000	27	15	0.776	0.623
648.000000	27	15	0.807	0.557
654.000000	27	15	0.845	0.465
660.000000	27	15	0.870	0.360
666.000000	27	15	0.898	0.223
672.000000	27	47	0.915	0.219
678.000000	27	47	0.926	0.213
684.000000	27	47	0.933	0.209
690.000000	27	47	0.933	0.211
696.000000	27	47	0.937	0.212
702.000000	27	47	0.939	0.208
708.000000	27	47	0.941	0.208
714.000000	27	47	0.942	0.211
720.000000	27	47	0.941	0.210
726.000000	27	47	0.941	0.208
732.000000	27	42	0.940	0.211
738.000000	27	42	0.939	0.217
744.000000	27	42	0.938	0.222
750.000000	27	42	0.937	0.228
756.000000	27	42	0.937	0.234
762.000000	27	42	0.937	0.242
768.000000	27	42	0.936	0.253
774.000000	27	42	0.935	0.261
780.000000	27	42	0.934	0.274
786.000000	27	42	0.935	0.298
792.000000	27	42	0.931	0.319
798.000000	27	42	0.928	0.337
804.000000	27	42	0.924	0.351
810.000000	27	42	0.921	0.363
816.000000	27	42	0.918	0.379
822.000000	27	42	0.916	0.397
828.000000	27	42	0.913	0.420
834.000000	27	42	0.907	0.441
840.000000	27	42	0.901	0.457
846.000000	27	42	0.895	0.472
852.000000	27	42	0.885	0.492
858.000000	27	42	0.869	0.518
864.000000	27	42	0.851	0.553
870.000000	27	42	0.838	0.591
876.000000	27	42	0.820	0.623
882.000000	27	42	0.795	0.658
888.000000	27	42	0.764	0.692
894.000000	42	27	0.754	0.704
900.000000	42	27	0.797	0.635
906.000000	42	27	0.834	0.546
912.000000	42	27	0.883	0.425
918.000000	42	27	0.905	0.286
924.000000	42	36	0.930	0.178
930.000000	42	36	0.936	0.181
936.000000	42	82	0.934	0.188
942.000000	42	82	0.929	0.199
948.000000	42	82	0.922	0.206
954.000000	42	82	0.920	0.213
960.000000	42	82	0.920	0.222
966.000000	42	82	0.919	0.229
972.000000	42	82	0.917	0.237
978.000000	42	82	0.915	0.245
984.000000	42	82	0.913	0.251
990.000000	42	82	0.912	0.249
996.000000	42	82	0.913	0.249
1002.000000	42	82	0.911	0.249
1008.000000	42	82	0.911	0.252
1014.000000	42	82	0.909	0.260
1020.000000	42	82	0.906	0.268
1026.000000	42	82	0.904	0.271
1032.000000	42	82	0.903	0.272
1038.000000	42	82	0.902	0.263
1044.000000	42	82	0.900	0.254
1050.000000	42	82	0.897	0.252
1056.000000	42	82	0.892	0.251
1062.000000	42	82	0.891	0.255
1068.000000	42	82	0.889	0.255
1074.000000	42	82	0.886	0.249
1080.000000	42	152	0.883	0.248
1086.000000	42	152	0.879	0.254
1092.000000	42	152	0.876	0.261
1098.000000	42	152	0.874	0.266
1104.000000	42	152	0.871	0.265
1110.000000	42	139	0.867	0.264
1116.000000	42	139	0.861	0.268
1122.000000	42	139	0.856	0.277
1128.000000	42	139	0.849	0.284
1134.000000	42	139	0.843	0.285
1140.000000	42	139	0.835	0.287
1146.000000	42	139	0.830	0.295
1152.000000	42	139	0.828	0.297
1158.000000	42	139	0.821	0.295
1164.000000	42	139	0.806	0.292
1170.000000	42	139	0.794	0.295
1176.000000	42	139	0.779	0.298
1182.000000	42	139	0.763	0.298
1188.000000	42	139	0.744	0.301
1194.000000	42	139	0.719	0.308
1200.000000	42	139	0.696	0.311
1206.000000	42	139	0.662	0.312
1212.000000	42	139	0.623	0.314
1218.000000	42	139	0.571	0.321
1224.000000	42	139	0.500	0.323
1230.000000	42	174	0.386	0.329
1236.000000	174	139	0.359	0.323
1242.000000	174	69	0.374	0.346
1248.000000	174	69	0.387	0.366
1254.000000	174	69	0.402	0.373
1260.000000	174	69	0.420	0.378
1266.000000	174	69	0.433	0.387
1272.000000	174	69	0.447	0.393
1278.000000	174	69	0.461	0.393
1284.000000	174	69	0.471	0.391
1290.000000	174	69	0.482	0.393
1296.000000	174	69	0.503	0.391
1302.000000	174	69	0.525	0.389
1308.000000	174	69	0.531	0.391
1314.000000	174	69	0.536	0.395
1320.000000	174	69	0.545	0.401
1326.000000	174	69	0.549	0.404
1332.000000	174	69	0.563	0.405
1338.000000	174	69	0.580	0.410
1344.000000	174	69	0.588	0.411
1350.000000	174	69	0.595	0.405
1356.000000	174	69	0.603	0.396
1362.000000	174	69	0.611	0.388
1368.000000	174	69	0.625	0.380
1374.000000	174	69	0.634	0.362
1380.000000	174	109	0.641	0.349
1386.000000	174	109	0.651	0.356
1392.000000	174	109	0.654	0.359
1398.000000	174	109	0.665	0.359
1404.000000	174	109	0.674	0.361
1410.000000	174	109	0.677	0.364
1416.000000	174	109	0.682	0.365
1422.000000	174	109	0.687	0.355
1428.000000	174	109	0.695	0.344
1434.000000	174	109	0.701	0.340
1440.000000	174	109	0.708	0.338
1446.000000	174	109	0.715	0.334
1452.000000	174	14	0.722	0.334
1458.000000	174	14	0.735	0.330
1464.000000	174	14	0.740	0.325
1470.000000	174	14	0.741	0.321
1476.000000	174	57	0.740	0.320
1482.000000	174	57	0.740	0.316
1488.000000	174	57	0.739	0.316
1494.000000	174	57	0.735	0.317
1500.000000	174	57	0.731	0.324
1506.000000	174	57	0.728	0.336
1512.000000	174	57	0.726	0.351
1518.000000	174	57	0.720	0.369
1524.000000	174	57	0.717	0.382
1530.000000	174	57	0.715	0.385
1536.000000	174	57	0.707	0.395
1542.000000	174	57	0.703	0.402
1548.000000	174	57	0.697	0.405
1554.000000	174	57	0.688	0.407
1560.000000	174	57	0.683	0.412
1566.000000	174	57	0.681	0.417
1572.000000	174	57	0.676	0.425
1578.000000	174	57	0.666	0.436
1584.000000	174	57	0.648	0.445
1590.000000	174	57	0.628	0.456
1596.000000	174	57	0.606	0.474
1602.000000	174	57	0.585	0.498
1608.000000	174	57	0.556	0.524
1614.000000	57	174	0.553	0.503
1620.000000	57	174	0.579	0.422
1626.000000	57	174	0.595	0.328
1632.000000	57	46	0.627	0.340
1638.000000	57	46	0.661	0.357
1644.000000	57	46	0.699	0.371
1650.000000	57	46	0.724	0.386
1656.000000	57	46	0.739	0.405
1662.000000	57	46	0.755	0.421
1668.000000	57	46	0.760	0.433
1674.000000	57	46	0.760	0.439
1680.000000	57	46	0.759	0.443
1686.000000	57	46	0.762	0.448
1692.000000	57	46	0.772	0.444
1698.000000	57	46	0.775	0.450
1704.000000	57	46	0.784	0.454
1710.000000	57	46	0.791	0.456
1716.000000	57	46	0.797	0.454
1722.000000	57	46	0.801	0.447
1728.000000	57	46	0.809	0.436
1734.000000	57	46	0.813	0.431
1740.000000	57	46	0.816	0.423
1746.000000	57	46	0.816	0.412
1752.000000	57	46	0.823	0.402
1758.000000	57	46	0.823	0.392
1764.000000	57	46	0.824	0.379
1770.000000	57	46	0.826	0.365
1776.000000	57	46	0.830	0.350
1782.000000	57	46	0.831	0.328
1788.000000	57	63	0.830	0.309
1794.000000	57	63	0.829	0.327
1800.000000	57	63	0.830	0.338
1806.000000	57	63	0.828	0.349
1812.000000	57	63	0.824	0.370
1818.000000	57	63	0.826	0.391
1824.000000	57	63	0.829	0.410
1830.000000	57	63	0.825	0.430
1836.000000	57	63	0.825	0.451
1842.000000	57	63	0.821	0.473
1848.000000	57	63	0.812	0.500
1854.000000	57	63	0.806	0.521
1860.000000	57	63	0.794	0.541
1866.000000	57	63	0.777	0.574
1872.000000	57	63	0.761	0.610
1878.000000	57	63	0.736	0.645
1884.000000	57	63	0.708	0.679
1890.000000	63	57	0.725	0.656
1896.000000	63	57	0.768	0.603
1902.000000	63	57	0.802	0.536
1908.000000	63	57	0.832	0.437
1914.000000	63	57	0.865	0.318
1920.000000	63	82	0.886	0.268
1926.000000	63	82	0.899	0.268
1932.000000	63	82	0.904	0.281
1938.000000	63	82	0.905	0.292
1944.000000	63	82	0.905	0.297
1950.000000	63	82	0.908	0.303
1956.000000	63	82	0.909	0.308
1962.000000	63	82	0.909	0.309
1968.000000	63	82	0.906	0.312
1974.000000	63	82	0.899	0.312
1980.000000	63	82	0.897	0.308
1986.000000	63	82	0.891	0.305
1992.000000	63	196	0.890	0.304
1998.000000	63	196	0.887	0.312
2004.000000	63	196	0.889	0.317
2010.000000	63	196	0.888	0.323
2016.000000	63	196	0.891	0.324
2022.000000	63	196	0.892	0.324
2028.000000	63	196	0.890	0.325
2034.000000	63	196	0.888	0.325
2040.000000	63	196	0.886	0.327
2046.000000	63	196	0.882	0.328
2052.000000	63	196	0.878	0.331
2058.000000	63	196	0.873	0.333
2064.000000	63	196	0.870	0.336
2070.000000	63	196	0.868	0.340
2076.000000	63	196	0.866	0.334
2082.000000	63	196	0.864	0.321
2088.000000	63	196	0.860	0.312
2094.000000	63	196	0.855	0.304
2100.000000	63	196	0.850	0.291
2106.000000	63	196	0.846	0.275
2112.000000	63	196	0.841	0.263
2118.000000	63	196	0.839	0.256
2124.000000	63	196	0.834	0.246
2130.000000	63	196	0.826	0.233
2136.000000	63	34	0.817	0.215
2142.000000	63	34	0.812	0.228
2148.000000	63	34	0.807	0.238
2154.000000	63	34	0.802	0.248
2160.000000	63	34	0.796	0.257
2166.000000	63	34	0.787	0.268
2172.000000	63	34	0.775	0.281
2178.000000	63	34	0.757	0.292
2184.000000	63	34	0.742	0.305
2190.000000	63	34	0.723	0.322
2196.000000	63	34	0.689	0.342
2202.000000	63	34	0.647	0.369
2208.000000	63	34	0.592	0.395
2214.000000	63	34	0.518	0.433
2220.000000	34	63	0.484	0.408
2226.000000	34	63	0.559	0.246
2232.000000	34	102	0.635	0.230
2238.000000	34	102	0.700	0.223
2244.000000	34	36	0.733	0.223
2250.000000	34	36	0.771	0.233
2256.000000	34	36	0.797	0.239
2262.000000	34	36	0.808	0.249
2268.000000	34	36	0.813	0.257
2274.000000	34	36	0.823	0.267
2280.000000	34	36	0.840	0.267
2286.000000	34	36	0.844	0.263
2292.000000	34	36	0.851	0.257
2298.000000	34	36	0.859	0.251
2304.000000	34	36	0.870	0.246
2310.000000	34	36	0.875	0.243
2316.000000	34	36	0.887	0.237
2322.000000	34	199	0.894	0.249
2328.000000	34	199	0.900	0.257
2334.000000	34	199	0.904	0.264
2340.000000	34	199	0.903	0.279
2346.000000	34	199	0.907	0.289
2352.000000	34	199	0.911	0.298
2358.000000	34	199	0.915	0.306
2364.000000	34	199	0.915	0.326
2370.000000	34	199	0.915	0.346
2376.000000	34	199	0.915	0.356
2382.000000	34	199	0.915	0.370
2388.000000	34	199	0.916	0.387
2394.000000	34	199	0.917	0.403
2400.000000	34	199	0.915	0.420
2406.000000	34	199	0.915	0.440
2412.000000	34	199	0.913	0.450
2418.000000	34	199	0.911	0.458
2424.000000	34	199	0.911	0.464
2430.000000	34	199	0.908	0.474
2436.000000	34	199	0.901	0.487
2442.000000	34	199	0.894	0.502
2448.000000	34	199	0.890	0.513
2454.000000	34	199	0.885	0.524
2460.000000	34	199	0.880	0.531
2466.000000	34	199	0.873	0.536
2472.000000	34	199	0.867	0.537
2478.000000	34	199	0.857	0.539
2484.000000	34	199	0.843	0.544
2490.000000	34	199	0.829	0.541
2496.000000	34	199	0.816	0.532
2502.000000	34	199	0.800	0.528
2508.000000	34	199	0.778	0.526
2514.000000	34	199	0.746	0.530
2520.000000	34	199	0.706	0.529
2526.000000	34	199	0.660	0.534
2532.000000	34	199	0.614	0.538
2538.000000	34	199	0.552	0.546
2544.000000	199	141	0.559	0.542
2550.000000	141	199	0.594	0.570
2556.000000	141	199	0.642	0.601
2562.000000	141	199	0.713	0.634
2568.000000	141	199	0.758	0.645
2574.000000	141	199	0.791	0.651
2580.000000	141	199	0.808	0.657
2586.000000	141	199	0.823	0.656
2592.000000	141	199	0.833	0.654
2598.000000	141	199	0.839	0.644
2604.000000	141	199	0.847	0.633
2610.000000	141	199	0.843	0.631
2616.000000	141	199	0.844	0.624
2622.000000	141	199	0.847	0.618
2628.000000	141	199	0.848	0.612
2634.000000	141	199	0.854	0.605
2640.000000	141	199	0.860	0.595
2646.000000	141	199	0.864	0.582
2652.000000	141	199	0.872	0.566
2658.000000	141	199	0.876	0.550
2664.000000	141	199	0.879	0.534
2670.000000	141	199	0.884	0.510
2676.000000	141	199	0.886	0.486
2682.000000	141	199	0.893	0.454
2688.000000	141	199	0.899	0.409
2694.000000	141	199	0.907	0.355
2700.000000	141	199	0.910	0.304
2706.000000	141	199	0.912	0.246
2712.000000	141	164	0.918	0.238
2718.000000	141	164	0.923	0.240
2724.000000	141	164	0.925	0.242
2730.000000	141	164	0.925	0.249
2736.000000	141	164	0.926	0.256
2742.000000	141	164	0.925	0.260
2748.000000	141	164	0.922	0.263
2754.000000	141	164	0.918	0.262
2760.000000	141	164	0.916	0.265
2766.000000	141	164	0.915	0.263
2772.000000	141	164	0.913	0.262
2778.000000	141	164	0.911	0.264
2784.000000	141	164	0.911	0.264
2790.000000	141	164	0.911	0.260
2796.000000	141	164	0.914	0.252
2802.000000	141	164	0.914	0.247
2808.000000	141	164	0.912	0.240
2814.000000	141	164	0.910	0.233
2820.000000	141	164	0.908	0.225
2826.000000	141	164	0.907	0.215
2832.000000	141	164	0.908	0.200
2838.000000	141	164	0.909	0.182
2844.000000	141	95	0.910	0.174
2850.000000	141	95	0.907	0.180
2856.000000	141	95	0.901	0.190
2862.000000	141	95	0.896	0.201
2868.000000	141	95	0.893	0.212
2874.000000	141	95	0.889	0.217
2880.000000	141	95	0.888	0.216
2886.000000	141	95	0.883	0.218
2892.000000	141	95	0.879	0.225
2898.000000	141	95	0.874	0.231
2904.000000	141	95	0.869	0.234
2910.000000	141	95	0.866	0.235
2916.000000	141	95	0.860	0.243
2922.000000	141	95	0.852	0.255
2928.000000	141	95	0.845	0.266
2934.000000	141	95	0.838	0.276
2940.000000	141	95	0.830	0.283
2946.000000	141	95	0.815	0.291
2952.000000	141	95	0.792	0.301
2958.000000	141	95	0.768	0.317
2964.000000	141	95	0.740	0.336
2970.000000	141	95	0.694	0.356
2976.000000	141	95	0.622	0.382
2982.000000	141	95	0.509	0.424
2988.000000	95	141	0.474	0.350
2994.000000	95	137	0.555	0.278
3000.000000	95	137	0.657	0.283
3006.000000	95	137	0.707	0.308
3012.000000	95	137	0.743	0.329
3018.000000	95	137	0.769	0.346
3024.000000	95	137	0.786	0.356
3030.000000	95	137	0.795	0.367
3036.000000	95	137	0.805	0.371
3042.000000	95	137	0.814	0.370
3048.000000	95	137	0.820	0.371
3054.000000	95	137	0.825	0.371
3060.000000	95	137	0.839	0.368
3066.000000	95	137	0.845	0.367
3072.000000	95	137	0.850	0.368
3078.000000	95	137	0.859	0.364
3084.000000	95	137	0.869	0.355
3090.000000	95	137	0.876	0.347
3096.000000	95	137	0.882	0.331
3102.000000	95	137	0.885	0.318
3108.000000	95	137	0.890	0.301
3114.000000	95	137	0.899	0.286
3120.000000	95	137	0.902	0.268
3126.000000	95	137	0.904	0.244
3132.000000	95	137	0.908	0.217
3138.000000	95	29	0.913	0.209
3144.000000	95	29	0.918	0.209
3150.000000	95	29	0.921	0.208
3156.000000	95	29	0.925	0.205
3162.000000	95	29	0.930	0.205
3168.000000	95	29	0.932	0.197
3174.000000	95	29	0.934	0.190
3180.000000	95	29	0.937	0.179
3186.000000	95	29	0.939	0.170
3192.000000	95	29	0.941	0.160
3198.000000	95	29	0.940	0.142
3204.000000	95	39	0.938	0.145
3210.000000	95	39	0.938	0.150
3216.000000	95	39	0.938	0.157
3222.000000	95	39	0.937	0.164
3228.000000	95	39	0.935	0.172
3234.000000	95	39	0.932	0.182
3240.000000	95	39	0.928	0.193
3246.000000	95	39	0.926	0.202
3252.000000	95	39	0.924	0.210
3258.000000	95	39	0.921	0.217
3264.000000	95	39	0.918	0.223
3270.000000	95	39	0.915	0.228
3276.000000	95	39	0.913	0.236
3282.000000	95	39	0.908	0.246
3288.000000	95	39	0.903	0.252
3294.000000	95	39	0.899	0.258
3300.000000	95	39	0.891	0.266
3306.000000	95	39	0.881	0.277
3312.000000	95	39	0.873	0.288
3318.000000	95	39	0.860	0.301
3324.000000	95	39	0.844	0.314
3330.000000	95	39	0.830	0.329
3336.000000	95	39	0.817	0.343
3342.000000	95	39	0.792	0.359
3348.000000	95	39	0.753	0.379
3354.000000	95	39	0.706	0.404
3360.000000	95	39	0.645	0.437
3366.000000	95	39	0.563	0.479
3372.000000	39	95	0.533	0.444
3378.000000	39	170	0.589	0.414
3384.000000	39	170	0.654	0.478
3390.000000	39	170	0.704	0.522
3396.000000	39	170	0.729	0.543
3402.000000	39	170	0.738	0.557
3408.000000	39	170	0.740	0.573
3414.000000	39	170	0.749	0.589
3420.000000	39	170	0.756	0.609
3426.000000	39	170	0.759	0.623
3432.000000	39	170	0.763	0.637
3438.000000	39	170	0.762	0.656
3444.000000	39	170	0.763	0.673
3450.000000	39	170	0.760	0.680
3456.000000	39	170	0.754	0.693
3462.000000	39	170	0.755	0.700
3468.000000	39	170	0.761	0.704
3474.000000	39	170	0.765	0.714
3480.000000	39	170	0.768	0.719
3486.000000	39	170	0.766	0.730
3492.000000	39	170	0.766	0.733
3498.000000	39	170	0.770	0.733
3504.000000	39	170	0.770	0.746
3510.000000	39	170	0.766	0.761
3516.000000	170	39	0.769	0.765
3522.000000	170	39	0.776	0.765
3528.000000	170	39	0.791	0.764
3534.000000	170	39	0.799	0.767
3540.000000	170	39	0.797	0.769
3546.000000	170	39	0.799	0.767
3552.000000	170	39	0.803	0.766
3558.000000	170	39	0.809	0.770
3564.000000	170	39	0.814	0.772
3570.000000	170	39	0.817	0.772
3576.000000	170	39	0.823	0.769
3582.000000	170	39	0.825	0.771
3588.000000	170	39	0.827	0.771
3594.000000	170	39	0.831	0.767
3600.000000	170	39	0.834	0.761
3606.000000	170	39	0.835	0.754
3612.000000	170	39	0.838	0.752
3618.000000	170	39	0.839	0.750
3624.000000	170	39	0.839	0.746
3630.000000	170	39	0.840	0.742
3636.000000	170	39	0.844	0.736
3642.000000	170	39	0.846	0.730
3648.000000	170	39	0.849	0.722
3654.000000	170	39	0.850	0.712
3660.000000	170	39	0.849	0.701
3666.000000	170	39	0.851	0.679
3672.000000	170	39	0.855	0.656
3678.000000	170	39	0.856	0.623
3684.000000	170	39	0.867	0.569
3690.000000	170	39	0.880	0.500
3696.000000	170	39	0.891	0.405
3702.000000	170	39	0.904	0.255
3708.000000	170	54	0.915	0.191
3714.000000	170	54	0.926	0.193
3720.000000	170	54	0.932	0.199
3726.000000	170	54	0.932	0.213
3732.000000	170	54	0.935	0.224
3738.000000	170	54	0.939	0.239
3744.000000	170	54	0.942	0.257
3750.000000	170	54	0.943	0.275
3756.000000	170	54	0.942	0.293
3762.000000	170	54	0.940	0.307
3768.000000	170	54	0.938	0.316
3774.000000	170	54	0.936	0.323
3780.000000	170	54	0.933	0.333
3786.000000	170	54	0.929	0.354
3792.000000	170	54	0.924	0.378
3798.000000	170	54	0.917	0.400
3804.000000	170	54	0.909	0.422
3810.000000	170	54	0.902	0.443
3816.000000	170	54	0.893	0.462
3822.000000	170	54	0.877	0.478
3828.000000	170	54	0.855	0.497
3834.000000	170	54	0.831	0.524
3840.000000	170	54	0.808	0.548
3846.000000	170	54	0.780	0.576
3852.000000	170	54	0.741	0.609
3858.000000	170	54	0.690	0.644
3864.000000	54	170	0.679	0.618
3870.000000	54	170	0.741	0.502
3876.000000	54	170	0.800	0.337
3882.000000	54	110	0.851	0.305
3888.000000	54	110	0.877	0.321
3894.000000	54	110	0.889	0.337
3900.000000	54	110	0.895	0.356
3906.000000	54	110	0.898	0.371
3912.000000	54	110	0.899	0.385
3918.000000	54	110	0.896	0.400
3924.000000	54	110	0.899	0.407
3930.000000	54	110	0.901	0.411
3936.000000	54	110	0.906	0.417
3942.000000	54	110	0.909	0.424
3948.000000	54	110	0.910	0.433
3954.000000	54	110	0.908	0.444
3960.000000	54	110	0.905	0.453
3966.000000	54	110	0.903	0.461
3972.000000	54	110	0.902	0.469
3978.000000	54	110	0.900	0.476
3984.000000	54	110	0.896	0.483
3990.000000	54	110	0.894	0.491
3996.000000	54	110	0.891	0.496
4002.000000	54	110	0.888	0.496
4008.000000	54	110	0.885	0.496
4014.000000	54	110	0.885	0.495
4020.000000	54	110	0.882	0.495
4026.000000	54	110	0.880	0.494
4032.000000	54	110	0.877	0.487
4038.000000	54	110	0.875	0.485
4044.000000	54	110	0.877	0.480
4050.000000	54	110	0.878	0.470
4056.000000	54	110	0.879	0.462
4062.000000	54	110	0.878	0.455
4068.000000	54	110	0.878	0.445
4074.000000	54	110	0.877	0.429
4080.000000	54	110	0.874	0.417
4086.000000	54	110	0.872	0.401
4092.000000	54	110	0.872	0.379
4098.000000	54	110	0.868	0.359
4104.000000	54	110	0.857	0.336
4110.000000	54	110	0.843	0.301
4116.000000	54	73	0.828	0.306
4122.000000	54	73	0.810	0.324
4128.000000	54	73	0.786	0.337
4134.000000	54	73	0.762	0.344
4140.000000	54	73	0.739	0.359
4146.000000	54	73	0.699	0.379
4152.000000	54	73	0.640	0.401
4158.000000	54	73	0.552	0.421
4164.000000	73	54	0.456	0.445
4170.000000	73	153	0.500	0.494
4176.000000	153	73	0.563	0.548
4182.000000	153	73	0.624	0.584
4188.000000	153	73	0.645	0.612
4194.000000	153	73	0.663	0.634
4200.000000	153	73	0.675	0.656
4206.000000	153	73	0.692	0.673
4212.000000	153	73	0.702	0.688
4218.000000	153	73	0.716	0.701
4224.000000	153	73	0.722	0.706
4230.000000	153	73	0.739	0.710
4236.000000	153	73	0.751	0.715
4242.000000	153	73	0.750	0.723
4248.000000	153	73	0.745	0.724
4254.000000	153	73	0.747	0.723
4260.000000	153	73	0.748	0.721
4266.000000	153	73	0.750	0.718
4272.000000	153	73	0.746	0.720
4278.000000	153	73	0.752	0.722
4284.000000	153	73	0.752	0.725
4290.000000	153	73	0.752	0.729
4296.000000	153	73	0.751	0.733
4302.000000	153	73	0.753	0.732
4308.000000	153	73	0.750	0.735
4314.000000	73	153	0.742	0.741
4320.000000	73	153	0.741	0.736
4326.000000	73	153	0.740	0.731
4332.000000	73	153	0.733	0.729
4338.000000	153	73	0.728	0.728
4344.000000	153	73	0.730	0.724
4350.000000	153	73	0.727	0.720
4356.000000	153	73	0.721	0.719
4362.000000	73	153	0.721	0.712
4368.000000	73	153	0.722	0.705
4374.000000	73	153	0.728	0.693
4380.000000	73	153	0.732	0.678
4386.000000	73	153	0.730	0.663
4392.000000	73	153	0.719	0.643
4398.000000	73	153	0.707	0.625
4404.000000	73	153	0.703	0.600
4410.000000	73	71	0.697	0.610
4416.000000	73	71	0.686	0.653
4422.000000	71	73	0.706	0.670
4428.000000	71	73	0.759	0.648
4434.000000	71	73	0.817	0.619
4440.000000	71	73	0.868	0.588
4446.000000	71	73	0.903	0.549
4452.000000	71	73	0.923	0.488
4458.000000	71	73	0.944	0.394
4464.000000	71	73	0.953	0.292
4470.000000	71	73	0.958	0.209
4476.000000	71	73	0.961	0.142
4482.000000	71	73	0.966	0.086
4488.000000	71	32	0.967	0.081
4494.000000	71	32	0.966	0.081
4500.000000	71	32	0.963	0.080
4506.000000	71	168	0.960	0.086
4512.000000	71	168	0.959	0.094
4518.000000	71	168	0.957	0.099
4524.000000	71	168	0.955	0.106
4530.000000	71	168	0.953	0.116
4536.000000	71	168	0.951	0.123
4542.000000	71	168	0.948	0.131
4548.000000	71	168	0.945	0.138
4554.000000	71	168	0.941	0.143
4560.000000	71	168	0.938	0.145
4566.000000	71	168	0.936	0.146
4572.000000	71	168	0.933	0.148
4578.000000	71	168	0.931	0.149
4584.000000	71	168	0.928	0.151
4590.000000	71	168	0.925	0.151
4596.000000	71	168	0.922	0.151
4602.000000	71	168	0.921	0.155
4608.000000	71	168	0.920	0.157
4614.000000	71	168	0.918	0.157
4620.000000	71	168	0.916	0.154
4626.000000	71	168	0.915	0.149
4632.000000	71	184	0.913	0.146
4638.000000	71	184	0.909	0.159
4644.000000	71	184	0.906	0.168
4650.000000	71	184	0.903	0.176
4656.000000	71	184	0.898	0.185
4662.000000	71	184	0.890	0.189
4668.000000	71	184	0.883	0.196
4674.000000	71	184	0.878	0.209
4680.000000	71	184	0.871	0.222
4686.000000	71	184	0.863	0.235
4692.000000	71	184	0.853	0.243
4698.000000	71	184	0.843	0.254
4704.000000	71	184	0.831	0.271
4710.000000	71	184	0.814	0.288
4716.000000	71	184	0.797	0.304
4722.000000	71	184	0.781	0.326
4728.000000	71	184	0.758	0.357
4734.000000	71	184	0.733	0.393
4740.000000	71	184	0.702	0.437
4746.000000	71	184	0.653	0.485
4752.000000	71	184	0.570	0.539
4758.000000	184	71	0.625	0.442
4764.000000	184	71	0.719	0.259
4770.000000	184	137	0.795	0.179
4776.000000	184	137	0.841	0.178
4782.000000	184	3	0.862	0.187
4788.000000	184	3	0.874	0.195
4794.000000	184	3	0.879	0.207
4800.000000	184	3	0.881	0.219
4806.000000	184	3	0.888	0.231
4812.000000	184	3	0.894	0.252
4818.000000	184	3	0.903	0.271
4824.000000	184	3	0.906	0.285
4830.000000	184	3	0.907	0.294
4836.000000	184	3	0.906	0.309
4842.000000	184	3	0.904	0.321
4848.000000	184	3	0.903	0.330
4854.000000	184	3	0.902	0.341
4860.000000	184	3	0.901	0.347
4866.000000	184	3	0.900	0.362
4872.000000	184	3	0.896	0.375
4878.000000	184	3	0.898	0.382
4884.000000	184	3	0.897	0.383
4890.000000	184	3	0.896	0.383
4896.000000	184	3	0.898	0.388
4902.000000	184	3	0.897	0.393
4908.000000	184	3	0.896	0.401
4914.000000	184	3	0.896	0.410
4920.000000	184	3	0.895	0.421
4926.000000	184	3	0.891	0.432
4932.000000	184	3	0.891	0.433
4938.000000	184	3	0.890	0.433
4944.000000	184	3	0.888	0.431
4950.000000	184	3	0.887	0.430
4956.000000	184	3	0.886	0.430
4962.000000	184	17	0.885	0.434
4968.000000	184	17	0.884	0.458
4974.000000	184	17	0.884	0.485
4980.000000	184	17	0.882	0.504
4986.000000	184	17	0.877	0.517
4992.000000	184	17	0.872	0.536
4998.000000	184	17	0.867	0.556
5004.000000	184	17	0.858	0.574
5010.000000	184	17	0.852	0.597
5016.000000	184	17	0.842	0.615
5022.000000	184	17	0.830	0.637
5028.000000	184	17	0.817	0.662
5034.000000	184	17	0.808	0.682
5040.000000	184	17	0.788	0.700
5046.000000	184	17	0.759	0.721
5052.000000	17	184	0.742	0.729
5058.000000	17	184	0.770	0.680
5064.000000	17	184	0.814	0.608
5070.000000	17	184	0.847	0.518
5076.000000	17	184	0.882	0.379
5082.000000	17	184	0.929	0.176
5088.000000	17	164	0.953	0.098
5094.000000	17	164	0.956	0.100
5100.000000	17	164	0.954	0.105
5106.000000	17	164	0.953	0.108
5112.000000	17	164	0.954	0.112
5118.000000	17	164	0.952	0.118
5124.000000	17	164	0.947	0.127
5130.000000	17	164	0.942	0.138
5136.000000	17	164	0.937	0.153
5142.000000	17	164	0.935	0.171
5148.000000	17	164	0.933	0.184
5154.000000	17	164	0.930	0.200
5160.000000	17	164	0.928	0.216
5166.000000	17	164	0.926	0.230
5172.000000	17	164	0.925	0.245
5178.000000	17	164	0.924	0.263
5184.000000	17	164	0.921	0.281
5190.000000	17	164	0.918	0.292
5196.000000	17	164	0.914	0.306
5202.000000	17	164	0.907	0.319
5208.000000	17	164	0.899	0.329
5214.000000	17	164	0.891	0.342
5220.000000	17	164	0.886	0.354
5226.000000	17	164	0.881	0.363
5232.000000	17	164	0.872	0.372
5238.000000	17	164	0.863	0.383
5244.000000	17	164	0.846	0.400
5250.000000	17	164	0.828	0.418
5256.000000	17	164	0.811	0.433
5262.000000	17	164	0.790	0.449
5268.000000	17	164	0.766	0.465
5274.000000	17	164	0.735	0.486
5280.000000	17	164	0.700	0.507
5286.000000	17	164	0.656	0.528
5292.000000	17	164	0.589	0.552
5298.000000	164	17	0.599	0.483
5304.000000	164	17	0.639	0.374
5310.000000	164	105	0.685	0.378
5316.000000	164	105	0.725	0.387
5322.000000	164	105	0.746	0.404
5328.000000	164	105	0.762	0.418
5334.000000	164	105	0.781	0.422
5340.000000	164	105	0.794	0.421
5346.000000	164	105	0.799	0.422
5352.000000	164	105	0.808	0.421
5358.000000	164	105	0.815	0.426
5364.000000	164	105	0.816	0.429
5370.000000	164	105	0.818	0.427
5376.000000	164	110	0.821	0.418
5382.000000	164	110	0.824	0.433
5388.000000	164	110	0.835	0.440
5394.000000	164	110	0.847	0.452
5400.000000	164	110	0.857	0.466
5406.000000	164	110	0.857	0.483
5412.000000	164	110	0.859	0.494
5418.000000	164	110	0.861	0.500
5424.000000	164	110	0.869	0.507
5430.000000	164	110	0.875	0.510
5436.000000	164	110	0.879	0.511
5442.000000	164	110	0.884	0.509
5448.000000	164	110	0.887	0.512
5454.000000	164	110	0.890	0.516
5460.000000	164	110	0.893	0.523
5466.000000	164	110	0.894	0.528
5472.000000	164	110	0.895	0.530
5478.000000	164	110	0.895	0.528
5484.000000	164	110	0.894	0.530
5490.000000	164	110	0.893	0.532
5496.000000	164	110	0.892	0.536
5502.000000	164	110	0.891	0.534
5508.000000	164	110	0.889	0.533
5514.000000	164	110	0.885	0.530
5520.000000	164	110	0.880	0.529
5526.000000	164	110	0.879	0.529
5532.000000	164	110	0.876	0.534
5538.000000	164	110	0.873	0.536
5544.000000	164	110	0.877	0.528
5550.000000	164	110	0.877	0.512
5556.000000	164	110	0.876	0.500
5562.000000	164	110	0.873	0.489
5568.000000	164	110	0.870	0.476
5574.000000	164	110	0.866	0.456
5580.000000	164	110	0.865	0.428
5586.000000	164	110	0.864	0.381
5592.000000	164	110	0.867	0.320
5598.000000	164	110	0.869	0.254
5604.000000	164	193	0.868	0.232
5610.000000	164	193	0.866	0.227
5616.000000	164	193	0.862	0.217
5622.000000	164	193	0.858	0.211
5628.000000	164	193	0.855	0.215
5634.000000	164	193	0.854	0.212
5640.000000	164	193	0.852	0.203
5646.000000	164	193	0.846	0.197
5652.000000	164	193	0.841	0.192
5658.000000	164	193	0.836	0.186
5664.000000	164	193	0.829	0.182
5670.000000	164	193	0.818	0.182
5676.000000	164	193	0.802	0.182
5682.000000	164	193	0.787	0.181
5688.000000	164	193	0.773	0.175
5694.000000	164	13	0.758	0.174
5700.000000	164	13	0.735	0.183
5706.000000	164	13	0.705	0.193
5712.000000	164	13	0.670	0.205
5718.000000	164	13	0.624	0.222
5724.000000	164	13	0.554	0.239
5730.000000	164	13	0.445	0.261
5736.000000	13	164	0.291	0.291
5742.000000	13	109	0.329	0.201
5748.000000	13	109	0.374	0.216
5754.000000	13	109	0.419	0.244
5760.000000	13	109	0.460	0.276
5766.000000	13	109	0.505	0.307
5772.000000	13	109	0.541	0.330
5778.000000	13	109	0.573	0.354
5784.000000	13	109	0.593	0.360
5790.000000	13	109	0.606	0.368
5796.000000	13	109	0.615	0.378
5802.000000	13	109	0.627	0.390
5808.000000	13	109	0.641	0.398
5814.000000	13	109	0.657	0.399
5820.000000	13	109	0.666	0.405
5826.000000	13	109	0.676	0.415
5832.000000	13	109	0.685	0.418
5838.000000	13	109	0.695	0.415
5844.000000	13	109	0.702	0.418
5850.000000	13	109	0.714	0.418
5856.000000	13	109	0.725	0.417
5862.000000	13	109	0.733	0.415
5868.000000	13	109	0.744	0.416
5874.000000	13	109	0.755	0.419
5880.000000	13	109	0.769	0.420
5886.000000	13	109	0.781	0.420
5892.000000	13	109	0.798	0.424
5898.000000	13	109	0.809	0.424
5904.000000	13	109	0.816	0.423
5910.000000	13	109	0.828	0.415
5916.000000	13	109	0.842	0.411
5922.000000	13	109	0.851	0.417
5928.000000	13	109	0.870	0.407
5934.000000	13	109	0.883	0.407
5940.000000	13	109	0.891	0.403
5946.000000	13	109	0.901	0.400
5952.000000	13	109	0.909	0.394
5958.000000	13	109	0.915	0.383
5964.000000	13	109	0.919	0.359
5970.000000	13	109	0.922	0.338
5976.000000	13	109	0.926	0.314
5982.000000	13	109	0.933	0.287
5988.000000	13	109	0.938	0.248
5994.000000	13	76	0.938	0.208
6000.000000	13	76	0.937	0.217
6006.000000	13	76	0.937	0.230
6012.000000	13	76	0.938	0.246
6018.000000	13	76	0.938	0.257
6024.000000	13	76	0.935	0.262
6030.000000	13	76	0.932	0.264
6036.000000	13	76	0.929	0.264
6042.000000	13	76	0.927	0.261
6048.000000	13	76	0.925	0.260
6054.000000	13	76	0.922	0.259
6060.000000	13	76	0.918	0.255
6066.000000	13	76	0.916	0.249
6072.000000	13	76	0.914	0.245
6078.000000	13	76	0.913	0.245
6084.000000	13	76	0.907	0.242
6090.000000	13	76	0.903	0.237
6096.000000	13	76	0.899	0.233
6102.000000	13	76	0.891	0.227
6108.000000	13	76	0.884	0.217
6114.000000	13	76	0.875	0.207
6120.000000	13	92	0.864	0.206
6126.000000	13	92	0.857	0.214
6132.000000	13	92	0.847	0.216
6138.000000	13	92	0.836	0.219
6144.000000	13	92	0.822	0.227
6150.000000	13	92	0.810	0.239
6156.000000	13	92	0.795	0.252
6162.000000	13	92	0.774	0.258
6168.000000	13	92	0.743	0.267
6174.000000	13	92	0.703	0.284
6180.000000	13	92	0.671	0.308
6186.000000	13	92	0.633	0.331
6192.000000	13	92	0.578	0.362
6198.000000	13	92	0.481	0.406
6204.000000	92	13	0.462	0.340
6210.000000	92	100	0.525	0.374
6216.000000	92	100	0.595	0.415
6222.000000	92	100	0.644	0.466
6228.000000	92	100	0.677	0.527
6234.000000	92	100	0.703	0.565
6240.000000	92	100	0.715	0.597
6246.000000	92	100	0.734	0.625
6252.000000	92	100	0.742	0.645
6258.000000	92	100	0.757	0.670
6264.000000	92	100	0.776	0.681
6270.000000	92	100	0.797	0.693
6276.000000	92	100	0.805	0.698
6282.000000	92	100	0.811	0.706
6288.000000	92	100	0.819	0.721
6294.000000	92	100	0.824	0.732
6300.000000	92	100	0.827	0.745
6306.000000	92	100	0.832	0.752
6312.000000	92	100	0.832	0.759
6318.000000	92	100	0.830	0.771
6324.000000	92	100	0.828	0.777
6330.000000	92	100	0.829	0.779
6336.000000	92	100	0.829	0.786
6342.000000	92	100	0.828	0.791
6348.000000	92	100	0.824	0.797
6354.000000	92	100	0.820	0.803
6360.000000	92	100	0.819	0.803
6366.000000	92	100	0.824	0.798
6372.000000	92	100	0.826	0.801
6378.000000	92	100	0.830	0.802
6384.000000	92	100	0.831	0.801
6390.000000	92	100	0.834	0.801
6396.000000	92	100	0.832	0.804
6402.000000	92	100	0.829	0.806
6408.000000	92	100	0.828	0.805
6414.000000	92	100	0.827	0.802
6420.000000	92	100	0.826	0.800
6426.000000	92	100	0.825	0.798
6432.000000	92	100	0.824	0.796
6438.000000	92	100	0.822	0.796
6444.000000	92	100	0.815	0.798
6450.000000	92	100	0.810	0.796
6456.000000	92	100	0.803	0.791
6462.000000	92	100	0.796	0.783
6468.000000	92	100	0.790	0.775
6474.000000	92	100	0.786	0.767
6480.000000	92	100	0.780	0.761
6486.000000	92	100	0.767	0.756
6492.000000	92	100	0.751	0.748
6498.000000	92	100	0.739	0.731
6504.000000	92	100	0.726	0.716
6510.000000	92	100	0.705	0.704
6516.000000	100	92	0.691	0.679
6522.000000	100	92	0.676	0.644
6528.000000	100	92	0.662	0.601
6534.000000	100	92	0.643	0.552
6540.000000	100	92	0.623	0.461
6546.000000	100	92	0.603	0.337
6552.000000	100	189	0.588	0.220
6558.000000	100	189	0.564	0.237
6564.000000	100	189	0.516	0.264
6570.000000	100	189	0.440	0.328
6576.000000	189	100	0.434	0.346
6582.000000	189	100	0.608	0.230
6588.000000	189	100	0.767	0.129
6594.000000	189	64	0.849	0.093
6600.000000	189	64	0.880	0.097
6606.000000	189	64	0.894	0.102
6612.000000	189	64	0.917	0.108
6618.000000	189	64	0.934	0.119
6624.000000	189	64	0.943	0.132
6630.000000	189	64	0.947	0.146
6636.000000	189	64	0.950	0.158
6642.000000	189	64	0.952	0.170
6648.000000	189	64	0.954	0.182
6654.000000	189	64	0.952	0.197
6660.000000	189	64	0.950	0.213
6666.000000	189	64	0.951	0.228
6672.000000	189	64	0.954	0.249
6678.000000	189	64	0.953	0.281
6684.000000	189	64	0.954	0.313
6690.000000	189	64	0.954	0.342
6696.000000	189	64	0.952	0.371
6702.000000	189	64	0.949	0.404
6708.000000	189	64	0.947	0.447
6714.000000	189	64	0.943	0.497
6720.000000	189	64	0.941	0.536
6726.000000	189	64	0.940	0.564
6732.000000	189	64	0.938	0.591
6738.000000	189	64	0.934	0.630
6744.000000	189	64	0.933	0.661
6750.000000	189	64	0.933	0.688
6756.000000	189	64	0.933	0.708
6762.000000	189	64	0.932	0.727
6768.000000	189	64	0.930	0.744
6774.000000	189	64	0.921	0.761
6780.000000	189	64	0.908	0.777
6786.000000	189	64	0.897	0.789
6792.000000	189	64	0.890	0.798
6798.000000	189	64	0.880	0.804
6804.000000	189	64	0.873	0.809
6810.000000	189	64	0.858	0.828
6816.000000	189	64	0.847	0.838
6822.000000	64	189	0.848	0.831
6828.000000	64	189	0.858	0.812
6834.000000	64	189	0.874	0.784
6840.000000	64	189	0.882	0.758
6846.000000	64	189	0.885	0.741
6852.000000	64	189	0.892	0.720
6858.000000	64	189	0.895	0.692
6864.000000	64	189	0.907	0.644
6870.000000	64	189	0.924	0.574
6876.000000	64	189	0.941	0.480
6882.000000	64	189	0.961	0.343
6888.000000	64	189	0.974	0.188
6894.000000	64	76	0.978	0.066
6900.000000	64	76	0.979	0.067
6906.000000	64	151	0.978	0.069
6912.000000	64	76	0.977	0.071
6918.000000	64	76	0.976	0.077
6924.000000	64	76	0.973	0.085
6930.000000	64	76	0.970	0.093
6936.000000	64	76	0.969	0.100
6942.000000	64	76	0.967	0.106
6948.000000	64	76	0.966	0.113
6954.000000	64	76	0.964	0.116
6960.000000	64	76	0.961	0.118
6966.000000	64	76	0.959	0.120
6972.000000	64	76	0.958	0.128
6978.000000	64	76	0.955	0.137
6984.000000	64	76	0.952	0.142
6990.000000	64	76	0.948	0.148
6996.000000	64	76	0.945	0.152
7002.000000	64	76	0.942	0.154
7008.000000	64	76	0.940	0.157
7014.000000	64	76	0.937	0.166
7020.000000	64	76	0.933	0.174
7026.000000	64	76	0.930	0.179
7032.000000	64	76	0.925	0.181
7038.000000	64	76	0.919	0.185
7044.000000	64	76	0.914	0.189
7050.000000	64	76	0.909	0.193
7056.000000	64	76	0.903	0.198
7062.000000	64	76	0.896	0.206
7068.000000	64	76	0.889	0.215
7074.000000	64	76	0.880	0.218
7080.000000	64	76	0.869	0.225
7086.000000	64	76	0.857	0.230
7092.000000	64	76	0.838	0.235
7098.000000	64	76	0.817	0.243
7104.000000	64	76	0.800	0.249
7110.000000	64	76	0.777	0.256
7116.000000	64	76	0.746	0.262
7122.000000	64	76	0.697	0.269
7128.000000	64	76	0.624	0.285
7134.000000	64	134	0.531	0.316
7140.000000	64	134	0.415	0.367
7146.000000	134	76	0.432	0.353
7152.000000	134	76	0.516	0.386
7158.000000	134	76	0.608	0.412
7164.000000	134	76	0.670	0.442
7170.000000	134	76	0.688	0.456
7176.000000	134	76	0.693	0.468
7182.000000	134	76	0.700	0.478
7188.000000	134	76	0.704	0.484
7194.000000	134	76	0.713	0.484
7200.000000	134	76	0.721	0.492
7206.000000	134	76	0.732	0.495
7212.000000	134	76	0.746	0.504
7218.000000	134	76	0.749	0.506
7224.000000	134	76	0.753	0.509
7230.000000	134	76	0.758	0.513
7236.000000	134	76	0.761	0.518
7242.000000	134	76	0.760	0.527
7248.000000	134	76	0.761	0.535
7254.000000	134	76	0.767	0.541
7260.000000	134	76	0.770	0.542
7266.000000	134	76	0.779	0.537
7272.000000	134	76	0.789	0.530
7278.000000	134	76	0.793	0.524
7284.000000	134	76	0.797	0.516
7290.000000	134	76	0.800	0.502
7296.000000	134	76	0.806	0.491
7302.000000	134	76	0.807	0.480
7308.000000	134	76	0.812	0.472
7314.000000	134	76	0.819	0.462
7320.000000	134	76	0.822	0.449
7326.000000	134	76	0.822	0.440
7332.000000	134	76	0.827	0.424
7338.000000	134	76	0.831	0.406
7344.000000	134	76	0.838	0.377
7350.000000	134	76	0.848	0.343
7356.000000	134	76	0.859	0.303
7362.000000	134	76	0.867	0.255
7368.000000	134	13	0.875	0.236
7374.000000	134	13	0.880	0.241
7380.000000	134	13	0.890	0.236
7386.000000	134	13	0.897	0.226
7392.000000	134	13	0.903	0.215
7398.000000	134	13	0.906	0.200
7404.000000	134	167	0.902	0.198
7410.000000	134	167	0.899	0.195
7416.000000	134	167	0.899	0.189
7422.000000	134	167	0.897	0.185
7428.000000	134	167	0.893	0.183
7434.000000	134	167	0.891	0.176
7440.000000	134	167	0.886	0.167
7446.000000	134	178	0.880	0.157
7452.000000	134	178	0.879	0.163
7458.000000	134	178	0.878	0.164
7464.000000	134	178	0.875	0.165
7470.000000	134	178	0.872	0.167
7476.000000	134	178	0.869	0.167
7482.000000	134	178	0.868	0.164
7488.000000	134	178	0.864	0.165
7494.000000	134	178	0.859	0.171
7500.000000	134	178	0.853	0.180
7506.000000	134	178	0.846	0.188
7512.000000	134	178	0.843	0.196
7518.000000	134	178	0.839	0.204
7524.000000	134	178	0.831	0.210
7530.000000	134	178	0.817	0.218
7536.000000	134	178	0.801	0.224
7542.000000	134	178	0.786	0.228
7548.000000	134	178	0.767	0.237
7554.000000	134	178	0.739	0.247
7560.000000	134	178	0.698	0.260
7566.000000	134	178	0.629	0.273
7572.000000	134	178	0.535	0.292
7578.000000	134	178	0.398	0.324
7584.000000	178	134	0.381	0.217
7590.000000	178	191	0.474	0.168
7596.000000	178	191	0.578	0.166
7602.000000	178	191	0.680	0.168
7608.000000	178	191	0.752	0.173
7614.000000	178	191	0.793	0.179
7620.000000	178	191	0.810	0.182
7626.000000	178	191	0.821	0.178
7632.000000	178	191	0.839	0.174
7638.000000	178	93	0.854	0.176
7644.000000	178	93	0.857	0.185
7650.000000	178	93	0.858	0.192
7656.000000	178	93	0.864	0.200
7662.000000	178	93	0.865	0.206
7668.000000	178	93	0.869	0.216
7674.000000	178	93	0.876	0.225
7680.000000	178	93	0.882	0.233
7686.000000	178	93	0.885	0.241
7692.000000	178	93	0.887	0.248
7698.000000	178	93	0.888	0.254
7704.000000	178	93	0.890	0.262
7710.000000	178	93	0.893	0.270
7716.000000	178	93	0.896	0.277
7722.000000	178	93	0.897	0.287
7728.000000	178	93	0.898	0.291
7734.000000	178	93	0.900	0.291
7740.000000	178	93	0.900	0.290
7746.000000	178	93	0.901	0.288
7752.000000	178	93	0.903	0.287
7758.000000	178	93	0.904	0.287
7764.000000	178	93	0.905	0.291
7770.000000	178	93	0.905	0.293
7776.000000	178	93	0.908	0.288
7782.000000	178	93	0.912	0.289
7788.000000	178	93	0.913	0.299
7794.000000	178	93	0.915	0.306
7800.000000	178	93	0.916	0.310
7806.000000	178	93	0.918	0.310
7812.000000	178	93	0.919	0.307
7818.000000	178	93	0.917	0.305
7824.000000	178	183	0.914	0.307
7830.000000	178	183	0.914	0.311
7836.000000	178	183	0.913	0.316
7842.000000	178	183	0.909	0.322
7848.000000	178	183	0.906	0.331
7854.000000	178	183	0.901	0.344
7860.000000	178	183	0.898	0.358
7866.000000	178	183	0.897	0.366
7872.000000	178	183	0.897	0.368
7878.000000	178	183	0.895	0.376
7884.000000	178	183	0.891	0.392
7890.000000	178	183	0.882	0.410
7896.000000	178	183	0.873	0.431
7902.000000	178	183	0.867	0.455
7908.000000	178	183	0.861	0.478
7914.000000	178	183	0.847	0.503
7920.000000	178	183	0.831	0.536
7926.000000	178	183	0.818	0.565
7932.000000	178	183	0.807	0.588
7938.000000	178	183	0.793	0.613
7944.000000	178	183	0.767	0.644
7950.000000	178	183	0.742	0.677
7956.000000	183	178	0.708	0.701
7962.000000	183	178	0.746	0.653
7968.000000	183	178	0.780	0.582
7974.000000	183	178	0.826	0.451
7980.000000	183	178	0.870	0.253
7986.000000	183	107	0.911	0.145
7992.000000	183	163	0.936	0.137
7998.000000	183	163	0.941	0.139
8004.000000	183	163	0.950	0.141
8010.000000	183	163	0.961	0.141
8016.000000	183	163	0.962	0.145
8022.000000	183	163	0.959	0.150
8028.000000	183	163	0.956	0.157
8034.000000	183	163	0.955	0.163
8040.000000	183	163	0.953	0.166
8046.000000	183	163	0.952	0.164
8052.000000	183	163	0.951	0.160
8058.000000	183	163	0.949	0.156
8064.000000	183	26	0.946	0.155
8070.000000	183	26	0.945	0.155
8076.000000	183	20	0.944	0.159
8082.000000	183	20	0.943	0.163
8088.000000	183	20	0.941	0.167
8094.000000	183	20	0.939	0.173
8100.000000	183	20	0.937	0.174
8106.000000	183	20	0.936	0.174
8112.000000	183	20	0.935	0.174
8118.000000	183	20	0.933	0.176
8124.000000	183	20	0.932	0.180
8130.000000	183	20	0.929	0.180
8136.000000	183	20	0.927	0.181
8142.000000	183	194	0.924	0.185
8148.000000	183	194	0.921	0.190
8154.000000	183	194	0.919	0.197
8160.000000	183	194	0.916	0.204
8166.000000	183	194	0.913	0.209
8172.000000	183	194	0.910	0.216
8178.000000	183	194	0.906	0.224
8184.000000	183	194	0.903	0.233
8190.000000	183	194	0.898	0.243
8196.000000	183	194	0.893	0.249
8202.000000	183	194	0.887	0.253
8208.000000	183	194	0.879	0.259
8214.000000	183	194	0.868	0.265
8220.000000	183	194	0.854	0.275
8226.000000	183	194	0.843	0.283
8232.000000	183	194	0.831	0.286
8238.000000	183	194	0.815	0.298
8244.000000	183	194	0.796	0.311
8250.000000	183	194	0.780	0.322
8256.000000	183	194	0.757	0.334
8262.000000	183	194	0.723	0.354
8268.000000	183	194	0.678	0.377
8274.000000	183	194	0.613	0.402
8280.000000	183	194	0.512	0.453
8286.000000	194	183	0.523	0.355
8292.000000	194	3	0.605	0.163
8298.000000	194	3	0.684	0.166
8304.000000	194	3	0.756	0.160
8310.000000	194	3	0.811	0.163
8316.000000	194	3	0.829	0.172
8322.000000	194	3	0.849	0.170
8328.000000	194	3	0.867	0.161
8334.000000	194	3	0.878	0.156
8340.000000	194	3	0.888	0.146
8346.000000	194	39	0.893	0.145
8352.000000	194	39	0.897	0.156
8358.000000	194	39	0.903	0.172
8364.000000	194	39	0.904	0.188
8370.000000	194	39	0.904	0.198
8376.000000	194	39	0.903	0.212
8382.000000	194	39	0.903	0.226
8388.000000	194	39	0.904	0.239
8394.000000	194	39	0.904	0.254
8400.000000	194	39	0.907	0.268
8406.000000	194	39	0.906	0.283
8412.000000	194	39	0.907	0.303
8418.000000	194	39	0.910	0.327
8424.000000	194	39	0.911	0.347
8430.000000	194	39	0.918	0.366
8436.000000	194	39	0.918	0.386
8442.000000	194	39	0.917	0.403
8448.000000	194	39	0.915	0.426
8454.000000	194	39	0.914	0.448
8460.000000	194	39	0.913	0.466
8466.000000	194	39	0.911	0.487
8472.000000	194	39	0.910	0.507
8478.000000	194	39	0.909	0.524
8484.000000	194	39	0.904	0.543
8490.000000	194	39	0.900	0.562
8496.000000	194	39	0.893	0.582
8502.000000	194	39	0.886	0.602
8508.000000	194	39	0.879	0.623
8514.000000	194	39	0.872	0.648
8520.000000	194	39	0.859	0.681
8526.000000	194	39	0.845	0.716
8532.000000	194	39	0.824	0.754
8538.000000	194	39	0.807	0.781
8544.000000	39	194	0.807	0.790
8550.000000	39	194	0.835	0.762
8556.000000	39	194	0.861	0.723
8562.000000	39	194	0.886	0.675
8568.000000	39	194	0.900	0.624
8574.000000	39	194	0.913	0.554
8580.000000	39	194	0.924	0.467
8586.000000	39	194	0.940	0.313
8592.000000	39	29	0.960	0.136
8598.000000	39	29	0.975	0.128
8604.000000	39	29	0.976	0.118
8610.000000	39	29	0.976	0.111
8616.000000	39	29	0.976	0.107
8622.000000	39	29	0.979	0.105
8628.000000	39	29	0.978	0.102
8634.000000	39	29	0.977	0.095
8640.000000	39	29	0.977	0.088
8646.000000	39	29	0.977	0.085
8652.000000	39	15	0.976	0.083
8658.000000	39	15	0.976	0.088
8664.000000	39	15	0.975	0.089
8670.000000	39	15	0.975	0.087
8676.000000	39	15	0.974	0.087
8682.000000	39	15	0.973	0.087
8688.000000	39	15	0.971	0.087
8694.000000	39	15	0.969	0.088
8700.000000	39	15	0.968	0.088
8706.000000	39	85	0.966	0.093
8712.000000	39	85	0.965	0.097
8718.000000	39	85	0.963	0.098
8724.000000	39	85	0.962	0.100
8730.000000	39	85	0.962	0.104
8736.000000	39	85	0.961	0.108
8742.000000	39	85	0.961	0.110
8748.000000	39	85	0.960	0.112
8754.000000	39	85	0.959	0.112
8760.000000	39	85	0.958	0.111
8766.000000	39	85	0.956	0.113
8772.000000	39	115	0.955	0.120
8778.000000	39	115	0.953	0.127
8784.000000	39	115	0.952	0.131
8790.000000	39	115	0.951	0.135
8796.000000	39	115	0.950	0.141
8802.000000	39	115	0.950	0.147
8808.000000	39	115	0.950	0.152
8814.000000	39	115	0.951	0.156
8820.000000	39	115	0.951	0.155
8826.000000	39	115	0.951	0.153
8832.000000	39	115	0.950	0.155
8838.000000	39	115	0.948	0.158
8844.000000	39	115	0.948	0.165
8850.000000	39	115	0.946	0.171
8856.000000	39	115	0.942	0.174
8862.000000	39	115	0.938	0.177
8868.000000	39	115	0.935	0.182
8874.000000	39	115	0.932	0.192
8880.000000	39	115	0.929	0.203
8886.000000	39	115	0.924	0.212
8892.000000	39	115	0.922	0.219
8898.000000	39	115	0.919	0.228
8904.000000	39	115	0.914	0.239
8910.000000	39	115	0.908	0.252
8916.000000	39	115	0.902	0.277
8922.000000	39	115	0.894	0.308
8928.000000	39	115	0.887	0.336
8934.000000	39	115	0.877	0.368
8940.000000	39	115	0.867	0.409
8946.000000	39	115	0.856	0.470
8952.000000	39	115	0.843	0.535
8958.000000	39	115	0.819	0.612
8964.000000	39	115	0.768	0.709
8970.000000	115	39	0.793	0.686
8976.000000	115	39	0.879	0.528
8982.000000	115	39	0.958	0.241
8988.000000	115	55	0.980	0.048
8994.000000	115	55	0.983	0.048
9000.000000	115	8	0.984	0.052
9006.000000	115	8	0.984	0.056
9012.000000	115	8	0.984	0.059
9018.000000	115	8	0.983	0.063
9024.000000	115	58	0.982	0.068
9030.000000	115	8	0.980	0.074
9036.000000	115	8	0.978	0.080
9042.000000	115	8	0.975	0.089
9048.000000	115	8	0.972	0.099
9054.000000	115	8	0.969	0.105
9060.000000	115	8	0.965	0.110
9066.000000	115	8	0.961	0.119
9072.000000	115	8	0.958	0.133
9078.000000	115	8	0.955	0.153
9084.000000	115	8	0.952	0.174
9090.000000	115	8	0.950	0.192
9096.000000	115	8	0.946	0.214
9102.000000	115	8	0.943	0.235
9108.000000	115	8	0.939	0.261
9114.000000	115	8	0.935	0.280
9120.000000	115	8	0.931	0.298
9126.000000	115	8	0.927	0.320
9132.000000	115	8	0.922	0.343
9138.000000	115	8	0.916	0.367
9144.000000	115	8	0.910	0.393
9150.000000	115	8	0.902	0.417
9156.000000	115	8	0.896	0.439
9162.000000	115	8	0.891	0.461
9168.000000	115	8	0.882	0.484
9174.000000	115	8	0.871	0.496
9180.000000	115	8	0.863	0.509
9186.000000	115	8	0.854	0.523
9192.000000	115	8	0.845	0.540
9198.000000	115	8	0.841	0.562
9204.000000	115	8	0.840	0.575
9210.000000	115	8	0.830	0.590
9216.000000	115	8	0.822	0.604
9222.000000	115	8	0.812	0.616
9228.000000	115	8	0.792	0.638
9234.000000	115	8	0.765	0.668
9240.000000	115	8	0.740	0.694
9246.000000	8	115	0.736	0.701
9252.000000	8	115	0.764	0.655
9258.000000	8	115	0.794	0.584
9264.000000	8	115	0.842	0.461
9270.000000	8	115	0.900	0.273
9276.000000	8	132	0.937	0.174
9282.000000	8	132	0.956	0.157
9288.000000	8	132	0.963	0.140
9294.000000	8	132	0.964	0.129
9300.000000	8	132	0.964	0.119
9306.000000	8	132	0.967	0.111
9312.000000	8	132	0.967	0.101
9318.000000	8	132	0.967	0.091
9324.000000	8	132	0.969	0.088
9330.000000	8	132	0.968	0.082
9336.000000	8	112	0.967	0.083
9342.000000	8	156	0.965	0.094
9348.000000	8	156	0.963	0.107
9354.000000	8	156	0.960	0.119
9360.000000	8	156	0.958	0.127
9366.000000	8	156	0.956	0.130
9372.000000	8	156	0.955	0.134
9378.000000	8	156	0.954	0.139
9384.000000	8	156	0.953	0.144
9390.000000	8	156	0.952	0.148
9396.000000	8	156	0.950	0.156
9402.000000	8	156	0.949	0.165
9408.000000	8	156	0.949	0.174
9414.000000	8	156	0.948	0.185
9420.000000	8	156	0.947	0.202
9426.000000	8	156	0.945	0.216
9432.000000	8	156	0.942	0.224
9438.000000	8	156	0.938	0.232
9444.000000	8	156	0.935	0.240
9450.000000	8	156	0.932	0.249
9456.000000	8	156	0.931	0.261
9462.000000	8	156	0.930	0.270
9468.000000	8	156	0.928	0.280
9474.000000	8	156	0.927	0.293
9480.000000	8	156	0.925	0.307
9486.000000	8	156	0.923	0.327
9492.000000	8	156	0.920	0.353
9498.000000	8	156	0.916	0.387
9504.000000	8	156	0.913	0.424
9510.000000	8	156	0.908	0.462
9516.000000	8	156	0.902	0.504
9522.000000	8	156	0.895	0.551
9528.000000	8	156	0.883	0.602
9534.000000	8	156	0.865	0.666
9540.000000	8	156	0.839	0.711
9546.000000	8	156	0.799	0.756
9552.000000	156	8	0.803	0.756
9558.000000	156	8	0.840	0.712
9564.000000	156	8	0.863	0.662
9570.000000	156	8	0.898	0.574
9576.000000	156	8	0.938	0.421
9582.000000	156	8	0.963	0.212
9588.000000	156	50	0.972	0.141
9594.000000	156	50	0.974	0.139
9600.000000	156	50	0.973	0.137
9606.000000	156	50	0.971	0.128
9612.000000	156	50	0.969	0.119
9618.000000	156	50	0.968	0.118
9624.000000	156	50	0.969	0.117
9630.000000	156	50	0.967	0.115
9636.000000	156	50	0.964	0.110
9642.000000	156	50	0.960	0.104
9648.000000	156	50	0.958	0.099
9654.000000	156	50	0.956	0.091
9660.000000	156	172	0.954	0.089
9666.000000	156	109	0.952	0.095
9672.000000	156	109	0.950	0.102
9678.000000	156	109	0.947	0.107
9684.000000	156	109	0.944	0.115
9690.000000	156	49	0.941	0.122
9696.000000	156	49	0.938	0.135
9702.000000	156	49	0.935	0.152
9708.000000	156	49	0.931	0.165
9714.000000	156	49	0.926	0.173
9720.000000	156	49	0.921	0.184
9726.000000	156	49	0.918	0.197
9732.000000	156	49	0.914	0.208
9738.000000	156	49	0.911	0.220
9744.000000	156	49	0.907	0.234
9750.000000	156	49	0.903	0.248
9756.000000	156	49	0.898	0.258
9762.000000	156	49	0.890	0.271
9768.000000	156	49	0.883	0.288
9774.000000	156	49	0.876	0.303
9780.000000	156	49	0.866	0.320
9786.000000	156	49	0.854	0.339
9792.000000	156	49	0.837	0.357
9798.000000	156	49	0.817	0.379
9804.000000	156	49	0.795	0.393
9810.000000	156	49	0.773	0.403
9816.000000	156	49	0.744	0.417
9822.000000	156	49	0.700	0.435
9828.000000	156	49	0.637	0.452
9834.000000	156	49	0.554	0.473
9840.000000	49	156	0.500	0.446
9846.000000	49	109	0.535	0.391
9852.000000	49	109	0.575	0.404
9858.000000	49	109	0.611	0.429
9864.000000	49	109	0.645	0.462
9870.000000	49	109	0.679	0.489
9876.000000	49	109	0.699	0.512
9882.000000	49	109	0.709	0.534
9888.000000	49	109	0.725	0.552
9894.000000	49	109	0.733	0.572
9900.000000	49	109	0.735	0.583
9906.000000	49	109	0.734	0.601
9912.000000	49	109	0.740	0.617
9918.000000	49	109	0.746	0.625
9924.000000	49	109	0.748	0.636
9930.000000	49	109	0.757	0.644
9936.000000	49	109	0.761	0.651
9942.000000	49	109	0.770	0.656
9948.000000	49	109	0.774	0.662
9954.000000	49	109	0.775	0.676
9960.000000	49	109	0.775	0.689
9966.000000	49	109	0.776	0.701
9972.000000	49	109	0.781	0.708
9978.000000	49	109	0.783	0.716
9984.000000	49	109	0.783	0.719
9990.000000	49	109	0.787	0.723
9996.000000	49	109	0.794	0.730
10002.000000	49	109	0.798	0.733
10008.000000	49	109	0.794	0.750
10014.000000	49	109	0.789	0.766
10020.000000	49	109	0.790	0.773
10026.000000	49	109	0.785	0.780
10032.000000	109	49	0.786	0.781
10038.000000	109	49	0.789	0.779
10044.000000	109	49	0.792	0.775
10050.000000	109	49	0.791	0.771
10056.000000	109	49	0.794	0.763
10062.000000	109	49	0.799	0.756
10068.000000	109	49	0.799	0.752
10074.000000	109	49	0.799	0.747
10080.000000	109	49	0.802	0.736
10086.000000	109	49	0.808	0.714
10092.000000	109	49	0.813	0.693
10098.000000	109	49	0.815	0.674
10104.000000	109	49	0.813	0.650
10110.000000	109	49	0.814	0.615
10116.000000	109	49	0.820	0.567
10122.000000	109	49	0.831	0.494
10128.000000	109	49	0.852	0.387
10134.000000	109	49	0.881	0.227
10140.000000	109	183	0.904	0.103
10146.000000	109	183	0.923	0.102
10152.000000	109	183	0.933	0.104
10158.000000	109	183	0.938	0.110
10164.000000	109	183	0.941	0.118
10170.000000	109	183	0.946	0.122
10176.000000	109	183	0.950	0.128
10182.000000	109	183	0.953	0.135
10188.000000	109	183	0.955	0.141
10194.000000	109	183	0.955	0.142
10200.000000	109	183	0.955	0.141
10206.000000	109	183	0.955	0.141
10212.000000	109	183	0.955	0.140
10218.000000	109	183	0.954	0.143
10224.000000	109	183	0.952	0.146
10230.000000	109	183	0.950	0.148
10236.000000	109	183	0.946	0.150
10242.000000	109	183	0.944	0.155
10248.000000	109	183	0.941	0.158
10254.000000	109	183	0.935	0.159
10260.000000	109	57	0.930	0.167
10266.000000	109	57	0.924	0.175
10272.000000	109	57	0.915	0.179
10278.000000	109	57	0.904	0.182
10284.000000	109	57	0.895	0.186
10290.000000	109	57	0.882	0.191
10296.000000	109	57	0.867	0.200
10302.000000	109	57	0.847	0.206
10308.000000	109	57	0.822	0.212
10314.000000	109	57	0.798	0.221
10320.000000	109	57	0.774	0.228
10326.000000	109	177	0.735	0.243
10332.000000	109	177	0.683	0.271
10338.000000	109	177	0.614	0.296
10344.000000	109	177	0.512	0.322
10350.000000	109	177	0.368	0.345
10356.000000	177	57	0.382	0.322
10362.000000	177	57	0.427	0.352
10368.000000	177	57	0.472	0.385
10374.000000	177	57	0.509	0.407
10380.000000	177	57	0.545	0.415
10386.000000	177	57	0.574	0.425
10392.000000	177	42	0.600	0.439
10398.000000	177	42	0.616	0.453
10404.000000	177	42	0.631	0.473
10410.000000	177	42	0.645	0.488
10416.000000	177	42	0.659	0.490
10422.000000	177	42	0.670	0.499
10428.000000	177	42	0.685	0.511
10434.000000	177	42	0.689	0.519
10440.000000	177	42	0.696	0.533
10446.000000	177	42	0.705	0.548
10452.000000	177	42	0.704	0.564
10458.000000	177	42	0.706	0.572
10464.000000	177	42	0.709	0.580
10470.000000	177	42	0.715	0.585
10476.000000	177	42	0.725	0.595
10482.000000	177	42	0.739	0.610
10488.000000	177	42	0.755	0.618
10494.000000	177	42	0.762	0.632
10500.000000	177	42	0.775	0.641
10506.000000	177	42	0.786	0.658
10512.000000	177	42	0.795	0.669
10518.000000	177	42	0.804	0.682
10524.000000	177	42	0.810	0.696
10530.000000	177	42	0.817	0.709
10536.000000	177	42	0.822	0.713
10542.000000	177	42	0.827	0.713
10548.000000	177	42	0.835	0.714
10554.000000	177	42	0.835	0.716
10560.000000	177	42	0.832	0.731
10566.000000	177	42	0.831	0.741
10572.000000	177	42	0.828	0.743
10578.000000	177	42	0.827	0.741
10584.000000	177	42	0.833	0.739
10590.000000	177	42	0.829	0.742
10596.000000	177	42	0.827	0.743
10602.000000	177	42	0.822	0.741
10608.000000	177	42	0.817	0.740
10614.000000	177	42	0.812	0.738
10620.000000	177	42	0.807	0.733
10626.000000	177	42	0.803	0.730
10632.000000	177	42	0.797	0.726
10638.000000	177	42	0.790	0.722
10644.000000	177	42	0.782	0.718
10650.000000	177	42	0.774	0.714
10656.000000	177	42	0.768	0.709
10662.000000	177	42	0.755	0.708
10668.000000	177	42	0.741	0.707
10674.000000	177	42	0.726	0.703
10680.000000	177	42	0.701	0.697
10686.000000	42	177	0.695	0.669
10692.000000	42	177	0.689	0.645
10698.000000	42	177	0.686	0.603
10704.000000	42	177	0.676	0.545
10710.000000	42	177	0.669	0.469
10716.000000	42	177	0.670	0.367
10722.000000	42	177	0.693	0.226
10728.000000	42	91	0.710	0.171
10734.000000	42	91	0.721	0.172
10740.000000	42	91	0.724	0.180
10746.000000	42	91	0.727	0.199
10752.000000	42	91	0.724	0.219
10758.000000	42	91	0.719	0.233
10764.000000	42	91	0.712	0.252
10770.000000	42	91	0.703	0.272
10776.000000	42	91	0.686	0.295
10782.000000	42	91	0.662	0.322
10788.000000	42	91	0.630	0.348
10794.000000	42	91	0.598	0.377
10800.000000	42	91	0.550	0.417
10806.000000	42	91	0.483	0.465
10812.000000	91	42	0.516	0.399
10818.000000	91	42	0.558	0.327
10824.000000	91	27	0.609	0.287
10830.000000	91	27	0.682	0.305
10836.000000	91	27	0.723	0.316
10842.000000	91	27	0.754	0.331
10848.000000	91	27	0.772	0.354
10854.000000	91	27	0.780	0.372
10860.000000	91	27	0.791	0.395
10866.000000	91	27	0.804	0.417
10872.000000	91	27	0.816	0.438
10878.000000	91	27	0.820	0.460
10884.000000	91	27	0.824	0.476
10890.000000	91	27	0.828	0.485
10896.000000	91	27	0.832	0.496
10902.000000	91	27	0.834	0.502
10908.000000	91	27	0.832	0.512
10914.000000	91	27	0.832	0.522
10920.000000	91	27	0.833	0.537
10926.000000	91	27	0.838	0.552
10932.000000	91	27	0.836	0.559
10938.000000	91	27	0.835	0.568
10944.000000	91	27	0.836	0.578
10950.000000	91	27	0.828	0.591
10956.000000	91	27	0.824	0.600
10962.000000	91	27	0.821	0.607
10968.000000	91	27	0.818	0.619
10974.000000	91	27	0.820	0.626
10980.000000	91	27	0.815	0.634
10986.000000	91	27	0.812	0.641
10992.000000	91	27	0.804	0.646
10998.000000	91	27	0.799	0.653
11004.000000	91	27	0.795	0.663
11010.000000	91	27	0.792	0.672
11016.000000	91	27	0.789	0.679
11022.000000	91	27	0.785	0.685
11028.000000	91	27	0.781	0.690
11034.000000	91	27	0.773	0.699
11040.000000	91	27	0.769	0.708
11046.000000	91	27	0.755	0.711
11052.000000	91	27	0.735	0.715
11058.000000	27	91	0.722	0.714
11064.000000	27	91	0.728	0.694
11070.000000	27	91	0.733	0.675
11076.000000	27	10	0.736	0.683
11082.000000	27	10	0.741	0.701
11088.000000	27	10	0.747	0.711
11094.000000	27	10	0.759	0.726
11100.000000	27	10	0.773	0.750
11106.000000	10	27	0.791	0.785
11112.000000	10	27	0.811	0.795
11118.000000	10	27	0.821	0.804
11124.000000	10	27	0.832	0.807
11130.000000	10	27	0.838	0.806
11136.000000	10	27	0.840	0.804
11142.000000	10	27	0.844	0.798
11148.000000	10	27	0.853	0.788
11154.000000	10	27	0.856	0.779
11160.000000	10	27	0.862	0.767
11166.000000	10	27	0.862	0.758
11172.000000	10	27	0.861	0.744
11178.000000	10	27	0.863	0.726
11184.000000	10	27	0.868	0.703
11190.000000	10	27	0.873	0.678
11196.000000	10	27	0.876	0.645
11202.000000	10	27	0.880	0.604
11208.000000	10	27	0.882	0.554
11214.000000	10	27	0.893	0.479
11220.000000	10	27	0.898	0.390
11226.000000	10	27	0.914	0.271
11232.000000	10	27	0.925	0.158
11238.000000	10	27	0.932	0.069
11244.000000	10	28	0.943	0.066
11250.000000	10	28	0.951	0.069
11256.000000	10	28	0.955	0.073
11262.000000	10	28	0.961	0.076
11268.000000	10	28	0.964	0.079
11274.000000	10	28	0.971	0.081
11280.000000	10	28	0.972	0.083
11286.000000	10	28	0.971	0.086
11292.000000	10	28	0.971	0.089
11298.000000	10	28	0.971	0.087
11304.000000	10	28	0.971	0.081
11310.000000	10	28	0.973	0.073
11316.000000	10	28	0.972	0.069
11322.000000	10	28	0.972	0.066
11328.000000	10	28	0.971	0.063
11334.000000	10	124	0.970	0.063
11340.000000	10	124	0.970	0.065
11346.000000	10	124	0.969	0.065
11352.000000	10	24	0.968	0.064
11358.000000	10	24	0.967	0.063
11364.000000	10	124	0.966	0.064
11370.000000	10	124	0.963	0.067
11376.000000	10	124	0.961	0.071
11382.000000	10	124	0.958	0.072
11388.000000	10	124	0.954	0.070
11394.000000	10	124	0.950	0.068
11400.000000	10	124	0.946	0.067
11406.000000	10	36	0.941	0.069
11412.000000	10	36	0.935	0.071
11418.000000	10	36	0.930	0.070
11424.000000	10	36	0.926	0.069
11430.000000	10	36	0.920	0.070
11436.000000	10	193	0.909	0.075
11442.000000	10	193	0.898	0.080
11448.000000	10	193	0.888	0.081
11454.000000	10	193	0.876	0.082
11460.000000	10	193	0.861	0.084
11466.000000	10	193	0.840	0.089
11472.000000	10	193	0.807	0.098
11478.000000	10	193	0.772	0.103
11484.000000	10	193	0.723	0.108
11490.000000	10	193	0.650	0.112
11496.000000	10	193	0.548	0.115
11502.000000	10	193	0.370	0.118
11508.000000	10	193	0.128	0.111
11514.000000	193	71	0.106	0.096
11520.000000	193	71	0.115	0.097
11526.000000	193	71	0.129	0.103
11532.000000	193	71	0.139	0.109
11538.000000	193	71	0.151	0.114
11544.000000	193	71	0.170	0.117
11550.000000	193	71	0.197	0.123
11556.000000	193	71	0.240	0.131
11562.000000	193	71	0.306	0.138
11568.000000	193	71	0.399	0.146
11574.000000	193	71	0.555	0.155
11580.000000	193	71	0.741	0.164
11586.000000	193	71	0.854	0.185
11592.000000	193	71	0.885	0.212
11598.000000	193	71	0.894	0.241
11604.000000	193	71	0.898	0.271
11610.000000	193	71	0.909	0.310
11616.000000	193	71	0.914	0.363
11622.000000	193	71	0.922	0.418
11628.000000	193	71	0.925	0.480
11634.000000	193	71	0.932	0.542
11640.000000	193	71	0.933	0.603
11646.000000	193	71	0.932	0.642
11652.000000	193	71	0.931	0.659
11658.000000	193	71	0.932	0.667
11664.000000	193	71	0.929	0.674
11670.000000	193	71	0.931	0.683
11676.000000	193	71	0.931	0.689
11682.000000	193	71	0.931	0.696
11688.000000	193	71	0.930	0.700
11694.000000	193	71	0.929	0.705
11700.000000	193	71	0.927	0.714
11706.000000	193	71	0.929	0.727
11712.000000	193	71	0.930	0.740
11718.000000	193	71	0.929	0.746
11724.000000	193	71	0.926	0.759
11730.000000	193	71	0.922	0.769
11736.000000	193	71	0.921	0.773
11742.000000	193	71	0.918	0.776
11748.000000	193	71	0.917	0.778
11754.000000	193	71	0.916	0.782
11760.000000	193	71	0.911	0.788
11766.000000	193	71	0.907	0.793
11772.000000	193	71	0.901	0.801
11778.000000	193	71	0.896	0.808
11784.000000	193	71	0.889	0.814
11790.000000	193	71	0.883	0.817
11796.000000	193	71	0.874	0.822
11802.000000	193	71	0.856	0.836
11808.000000	193	71	0.848	0.843
11814.000000	71	193	0.846	0.841
11820.000000	71	193	0.853	0.831
11826.000000	71	193	0.857	0.822
11832.000000	71	193	0.864	0.807
11838.000000	71	193	0.878	0.783
11844.000000	71	193	0.885	0.763
11850.000000	71	193	0.895	0.735
11856.000000	71	193	0.905	0.700
11862.000000	71	193	0.915	0.657
11868.000000	71	193	0.918	0.608
11874.000000	71	193	0.925	0.528
11880.000000	71	193	0.943	0.372
11886.000000	71	193	0.971	0.155
11892.000000	71	13	0.980	0.122
11898.000000	71	13	0.980	0.110
11904.000000	71	13	0.979	0.095
11910.000000	71	13	0.977	0.087
11916.000000	71	13	0.976	0.080
11922.000000	71	13	0.973	0.073
11928.000000	71	13	0.971	0.067
11934.000000	71	126	0.970	0.065
11940.000000	71	126	0.969	0.066
11946.000000	71	126	0.968	0.068
11952.000000	71	126	0.967	0.071
11958.000000	71	126	0.966	0.075
11964.000000	71	126	0.965	0.080
11970.000000	71	126	0.964	0.084
11976.000000	71	126	0.963	0.085
11982.000000	71	126	0.961	0.087
11988.000000	71	126	0.959	0.087
11994.000000	71	126	0.955	0.087
12000.000000	71	126	0.951	0.086
12006.000000	71	126	0.948	0.084
12012.000000	71	126	0.946	0.085
12018.000000	71	126	0.943	0.087
12024.000000	71	126	0.940	0.090
12030.000000	71	126	0.937	0.092
12036.000000	71	126	0.934	0.094
12042.000000	71	126	0.930	0.096
12048.000000	71	126	0.927	0.099
12054.000000	71	126	0.924	0.103
12060.000000	71	126	0.921	0.108
12066.000000	71	126	0.917	0.110
12072.000000	71	126	0.913	0.111
12078.000000	71	126	0.909	0.110
12084.000000	71	126	0.906	0.107
12090.000000	71	126	0.902	0.105
12096.000000	71	126	0.896	0.105
12102.000000	71	126	0.889	0.105
12108.000000	71	126	0.884	0.105
12114.000000	71	126	0.877	0.103
12120.000000	71	126	0.869	0.101
12126.000000	71	126	0.857	0.102
12132.000000	71	126	0.843	0.103
12138.000000	71	126	0.825	0.102
12144.000000	71	126	0.798	0.100
12150.000000	71	126	0.762	0.096
12156.000000	71	126	0.714	0.089
12162.000000	71	126	0.637	0.080
12168.000000	71	147	0.494	0.075
12174.000000	71	147	0.256	0.072
12180.000000	147	170	0.051	0.045
12186.000000	147	170	0.045	0.040
12192.000000	147	170	0.043	0.039
12198.000000	147	170	0.041	0.040
12204.000000	170	147	0.037	0.035
12210.000000	170	100	0.036	0.025
12216.000000	170	12	0.033	0.023
12222.000000	170	3	0.032	0.022
12228.000000	170	3	0.028	0.022
12234.000000	3	170	0.020	0.020
12240.000000	3	170	0.018	0.016
12246.000000	3	170	0.015	0.012
12252.000000	3	100	0.009	0.008
