0.000000	125	102	0.000	0.000
6.000000	126	87	0.992	0.047
12.000000	126	87	0.992	0.049
18.000000	126	87	0.992	0.051
24.000000	126	87	0.991	0.055
30.000000	126	87	0.990	0.060
36.000000	126	87	0.988	0.062
42.000000	126	87	0.987	0.064
48.000000	126	87	0.985	0.069
54.000000	126	87	0.983	0.072
60.000000	126	87	0.982	0.075
66.000000	126	87	0.980	0.079
72.000000	126	87	0.978	0.086
78.000000	126	87	0.975	0.091
84.000000	126	87	0.973	0.094
90.000000	126	87	0.971	0.097
96.000000	126	87	0.968	0.101
102.000000	126	71	0.966	0.107
108.000000	126	71	0.963	0.114
114.000000	126	71	0.959	0.124
120.000000	126	71	0.956	0.139
126.000000	126	71	0.953	0.156
132.000000	126	71	0.950	0.175
138.000000	126	71	0.947	0.191
144.000000	126	71	0.944	0.206
150.000000	126	71	0.941	0.221
156.000000	126	71	0.937	0.234
162.000000	126	71	0.934	0.251
168.000000	126	71	0.932	0.263
174.000000	126	71	0.929	0.272
180.000000	126	71	0.926	0.277
186.000000	126	71	0.922	0.284
192.000000	126	71	0.918	0.292
198.000000	126	71	0.914	0.301
204.000000	126	71	0.909	0.309
210.000000	126	71	0.906	0.320
216.000000	126	71	0.902	0.338
222.000000	126	71	0.898	0.359
228.000000	126	71	0.892	0.377
234.000000	126	71	0.889	0.396
240.000000	126	71	0.884	0.410
246.000000	126	71	0.875	0.419
252.000000	126	71	0.869	0.429
258.000000	126	71	0.864	0.437
264.000000	126	71	0.857	0.449
270.000000	126	71	0.849	0.465
276.000000	126	71	0.843	0.477
282.000000	126	71	0.835	0.495
288.000000	126	71	0.831	0.514
294.000000	126	71	0.824	0.536
300.000000	126	71	0.814	0.560
306.000000	126	71	0.797	0.593
312.000000	126	71	0.766	0.635
318.000000	126	71	0.731	0.677
324.000000	71	126	0.710	0.687
330.000000	71	126	0.753	0.621
336.000000	71	126	0.793	0.549
342.000000	71	126	0.834	0.449
348.000000	71	194	0.876	0.414
354.000000	71	194	0.886	0.452
360.000000	71	194	0.901	0.466
366.000000	71	194	0.909	0.481
372.000000	71	194	0.914	0.486
378.000000	71	194	0.912	0.489
384.000000	71	194	0.912	0.499
390.000000	71	194	0.910	0.514
396.000000	71	194	0.908	0.523
402.000000	71	194	0.907	0.532
408.000000	71	194	0.905	0.541
414.000000	71	194	0.902	0.543
420.000000	71	194	0.899	0.543
426.000000	71	194	0.896	0.544
432.000000	71	194	0.889	0.550
438.000000	71	194	0.887	0.553
444.000000	71	194	0.890	0.546
450.000000	71	194	0.889	0.544
456.000000	71	194	0.890	0.542
462.000000	71	194	0.889	0.540
468.000000	71	194	0.888	0.539
474.000000	71	194	0.886	0.534
480.000000	71	194	0.885	0.528
486.000000	71	194	0.886	0.526
492.000000	71	194	0.883	0.524
498.000000	71	194	0.876	0.519
504.000000	71	194	0.874	0.509
510.000000	71	194	0.870	0.498
516.000000	71	194	0.866	0.481
522.000000	71	194	0.862	0.464
528.000000	71	194	0.852	0.450
534.000000	71	194	0.847	0.430
540.000000	71	194	0.841	0.410
546.000000	71	194	0.835	0.384
552.000000	71	170	0.826	0.358
558.000000	71	170	0.811	0.374
564.000000	71	170	0.799	0.388
570.000000	71	170	0.781	0.403
576.000000	71	170	0.762	0.418
582.000000	71	170	0.745	0.441
588.000000	71	170	0.724	0.455
594.000000	71	170	0.691	0.468
600.000000	71	170	0.646	0.487
606.000000	71	170	0.587	0.500
612.000000	71	170	0.511	0.507
618.000000	170	71	0.530	0.414
624.000000	170	71	0.542	0.306
630.000000	170	13	0.564	0.281
636.000000	170	13	0.583	0.293
642.000000	170	13	0.598	0.308
648.000000	170	13	0.610	0.313
654.000000	170	13	0.623	0.312
660.000000	170	13	0.632	0.316
666.000000	170	13	0.634	0.318
672.000000	170	82	0.633	0.327
678.000000	170	82	0.628	0.337
684.000000	170	82	0.620	0.343
690.000000	170	82	0.617	0.349
696.000000	170	82	0.612	0.357
702.000000	170	82	0.612	0.358
708.000000	170	82	0.613	0.360
714.000000	170	82	0.613	0.366
720.000000	170	82	0.608	0.369
726.000000	170	82	0.606	0.376
732.000000	170	82	0.598	0.385
738.000000	170	82	0.598	0.395
744.000000	170	82	0.600	0.400
750.000000	170	82	0.597	0.409
756.000000	170	82	0.591	0.412
762.000000	170	82	0.585	0.411
768.000000	170	82	0.579	0.406
774.000000	170	82	0.573	0.401
780.000000	170	82	0.562	0.399
786.000000	170	82	0.549	0.402
792.000000	170	82	0.530	0.404
798.000000	170	82	0.504	0.404
804.000000	170	82	0.468	0.401
810.000000	170	82	0.437	0.406
816.000000	82	170	0.420	0.402
822.000000	82	135	0.426	0.391
828.000000	82	135	0.436	0.408
834.000000	82	135	0.448	0.428
840.000000	82	135	0.459	0.450
846.000000	82	135	0.465	0.462
852.000000	135	82	0.474	0.468
858.000000	135	82	0.490	0.466
864.000000	135	82	0.510	0.470
870.000000	135	82	0.534	0.476
876.000000	135	82	0.565	0.479
882.000000	135	82	0.583	0.481
888.000000	135	82	0.590	0.485
894.000000	135	82	0.605	0.484
900.000000	135	82	0.624	0.477
906.000000	135	82	0.640	0.466
912.000000	135	82	0.658	0.453
918.000000	135	82	0.669	0.450
924.000000	135	82	0.684	0.452
930.000000	135	82	0.707	0.451
936.000000	135	82	0.713	0.452
942.000000	135	82	0.716	0.451
948.000000	135	82	0.723	0.452
954.000000	135	82	0.737	0.449
960.000000	135	82	0.748	0.441
966.000000	135	82	0.755	0.433
972.000000	135	82	0.763	0.422
978.000000	135	82	0.767	0.408
984.000000	135	82	0.768	0.390
990.000000	135	82	0.769	0.375
996.000000	135	140	0.776	0.364
1002.000000	135	140	0.782	0.378
1008.000000	135	140	0.791	0.392
1014.000000	135	140	0.797	0.409
1020.000000	135	140	0.798	0.430
1026.000000	135	140	0.796	0.452
1032.000000	135	140	0.797	0.474
1038.000000	135	140	0.799	0.497
1044.000000	135	140	0.804	0.519
1050.000000	135	140	0.805	0.533
1056.000000	135	140	0.792	0.557
1062.000000	135	140	0.785	0.580
1068.000000	135	140	0.779	0.598
1074.000000	135	140	0.777	0.615
1080.000000	135	140	0.772	0.633
1086.000000	135	140	0.760	0.654
1092.000000	135	140	0.747	0.671
1098.000000	135	140	0.733	0.681
1104.000000	135	140	0.713	0.693
1110.000000	140	135	0.707	0.696
1116.000000	140	135	0.729	0.679
1122.000000	140	135	0.754	0.651
1128.000000	140	135	0.775	0.619
1134.000000	140	135	0.805	0.571
1140.000000	140	135	0.822	0.513
1146.000000	140	135	0.844	0.446
1152.000000	140	135	0.872	0.358
1158.000000	140	135	0.888	0.266
1164.000000	140	135	0.900	0.163
1170.000000	140	193	0.909	0.127
1176.000000	140	34	0.918	0.118
1182.000000	140	34	0.928	0.122
1188.000000	140	34	0.934	0.130
1194.000000	140	34	0.939	0.134
1200.000000	140	34	0.940	0.139
1206.000000	140	34	0.939	0.142
1212.000000	140	34	0.939	0.140
1218.000000	140	34	0.940	0.141
1224.000000	140	34	0.944	0.141
1230.000000	140	34	0.944	0.137
1236.000000	140	34	0.946	0.129
1242.000000	140	34	0.945	0.123
1248.000000	140	81	0.943	0.124
1254.000000	140	81	0.941	0.126
1260.000000	140	81	0.940	0.126
1266.000000	140	127	0.935	0.133
1272.000000	140	127	0.932	0.141
1278.000000	140	127	0.930	0.148
1284.000000	140	127	0.928	0.153
1290.000000	140	127	0.925	0.157
1296.000000	140	127	0.922	0.164
1302.000000	140	100	0.921	0.168
1308.000000	140	100	0.920	0.173
1314.000000	140	39	0.918	0.180
1320.000000	140	39	0.916	0.195
1326.000000	140	39	0.914	0.206
1332.000000	140	39	0.912	0.213
1338.000000	140	39	0.907	0.222
1344.000000	140	39	0.901	0.238
1350.000000	140	39	0.892	0.258
1356.000000	140	39	0.883	0.277
1362.000000	140	39	0.873	0.293
1368.000000	140	39	0.860	0.315
1374.000000	140	39	0.841	0.335
1380.000000	140	39	0.817	0.357
1386.000000	140	39	0.794	0.381
1392.000000	140	39	0.769	0.408
1398.000000	140	39	0.741	0.435
1404.000000	140	39	0.704	0.473
1410.000000	140	39	0.644	0.513
1416.000000	100	39	0.560	0.559
1422.000000	100	39	0.602	0.595
1428.000000	39	100	0.671	0.639
1434.000000	39	100	0.728	0.667
1440.000000	39	100	0.766	0.675
1446.000000	39	100	0.791	0.683
1452.000000	39	100	0.793	0.697
1458.000000	39	100	0.801	0.705
1464.000000	39	100	0.806	0.720
1470.000000	39	100	0.815	0.727
1476.000000	39	100	0.823	0.732
1482.000000	39	100	0.828	0.741
1488.000000	39	100	0.831	0.741
1494.000000	39	100	0.829	0.740
1500.000000	39	100	0.831	0.736
1506.000000	39	100	0.835	0.736
1512.000000	39	100	0.835	0.735
1518.000000	39	100	0.838	0.731
1524.000000	39	100	0.843	0.728
1530.000000	39	100	0.842	0.730
1536.000000	39	100	0.841	0.732
1542.000000	39	100	0.838	0.736
1548.000000	39	100	0.838	0.735
1554.000000	39	100	0.839	0.732
1560.000000	39	100	0.843	0.729
1566.000000	39	100	0.844	0.727
1572.000000	39	100	0.844	0.725
1578.000000	39	100	0.844	0.723
1584.000000	39	100	0.845	0.722
1590.000000	39	100	0.841	0.724
1596.000000	39	100	0.839	0.722
1602.000000	39	100	0.837	0.719
1608.000000	39	100	0.833	0.715
1614.000000	39	100	0.828	0.712
1620.000000	39	100	0.826	0.708
1626.000000	39	100	0.823	0.701
1632.000000	39	100	0.817	0.698
1638.000000	39	100	0.815	0.692
1644.000000	39	100	0.808	0.685
1650.000000	39	100	0.802	0.675
1656.000000	39	100	0.796	0.660
1662.000000	39	100	0.793	0.639
1668.000000	39	100	0.788	0.615
1674.000000	39	100	0.789	0.581
1680.000000	39	100	0.782	0.543
1686.000000	39	100	0.766	0.484
1692.000000	39	100	0.749	0.413
1698.000000	39	95	0.746	0.362
1704.000000	39	95	0.741	0.417
1710.000000	39	95	0.734	0.467
1716.000000	39	95	0.722	0.523
1722.000000	39	95	0.698	0.588
1728.000000	39	95	0.663	0.649
1734.000000	95	39	0.699	0.629
1740.000000	95	39	0.730	0.576
1746.000000	95	39	0.761	0.500
1752.000000	95	39	0.784	0.398
1758.000000	95	39	0.815	0.288
1764.000000	95	63	0.834	0.234
1770.000000	95	63	0.845	0.247
1776.000000	95	63	0.859	0.257
1782.000000	95	63	0.860	0.266
1788.000000	95	63	0.858	0.272
1794.000000	95	63	0.859	0.276
1800.000000	95	63	0.858	0.281
1806.000000	95	63	0.856	0.283
1812.000000	95	63	0.857	0.284
1818.000000	95	63	0.856	0.286
1824.000000	95	63	0.857	0.283
1830.000000	95	63	0.856	0.285
1836.000000	95	63	0.857	0.290
1842.000000	95	63	0.858	0.295
1848.000000	95	63	0.858	0.298
1854.000000	95	63	0.861	0.295
1860.000000	95	63	0.863	0.291
1866.000000	95	63	0.863	0.291
1872.000000	95	157	0.861	0.297
1878.000000	95	157	0.862	0.300
1884.000000	95	157	0.867	0.301
1890.000000	95	157	0.872	0.307
1896.000000	95	157	0.875	0.316
1902.000000	95	157	0.879	0.326
1908.000000	95	157	0.880	0.335
1914.000000	95	157	0.880	0.345
1920.000000	95	157	0.882	0.353
1926.000000	95	157	0.884	0.363
1932.000000	95	157	0.885	0.374
1938.000000	95	157	0.886	0.388
1944.000000	95	157	0.888	0.404
1950.000000	95	157	0.891	0.414
1956.000000	95	157	0.897	0.417
1962.000000	95	157	0.899	0.423
1968.000000	95	157	0.899	0.431
1974.000000	95	157	0.898	0.449
1980.000000	95	157	0.896	0.472
1986.000000	95	157	0.890	0.488
1992.000000	95	157	0.887	0.502
1998.000000	95	157	0.882	0.520
2004.000000	95	157	0.880	0.533
2010.000000	95	157	0.883	0.540
2016.000000	95	157	0.877	0.555
2022.000000	95	157	0.867	0.568
2028.000000	95	157	0.854	0.574
2034.000000	95	157	0.838	0.579
2040.000000	95	157	0.820	0.583
2046.000000	95	157	0.802	0.589
2052.000000	95	157	0.777	0.601
2058.000000	95	157	0.740	0.618
2064.000000	95	157	0.699	0.634
2070.000000	157	95	0.655	0.641
2076.000000	157	95	0.681	0.559
2082.000000	157	95	0.713	0.435
2088.000000	157	162	0.736	0.439
2094.000000	157	162	0.758	0.474
2100.000000	157	162	0.782	0.504
2106.000000	157	162	0.800	0.529
2112.000000	157	162	0.799	0.561
2118.000000	157	162	0.794	0.581
2124.000000	157	162	0.792	0.594
2130.000000	157	162	0.792	0.607
2136.000000	157	162	0.793	0.619
2142.000000	157	162	0.790	0.625
2148.000000	157	162	0.786	0.638
2154.000000	157	162	0.783	0.640
2160.000000	157	162	0.774	0.642
2166.000000	157	162	0.766	0.644
2172.000000	157	162	0.761	0.650
2178.000000	157	162	0.753	0.656
2184.000000	157	162	0.742	0.660
2190.000000	157	162	0.730	0.662
2196.000000	157	162	0.721	0.663
2202.000000	157	162	0.705	0.663
2208.000000	157	162	0.686	0.668
2214.000000	162	157	0.671	0.670
2220.000000	162	157	0.674	0.651
2226.000000	162	157	0.684	0.617
2232.000000	162	157	0.685	0.591
2238.000000	162	28	0.687	0.570
2244.000000	162	28	0.696	0.588
2250.000000	162	28	0.708	0.616
2256.000000	162	28	0.719	0.651
2262.000000	162	28	0.730	0.687
2268.000000	162	28	0.754	0.709
2274.000000	162	28	0.764	0.728
2280.000000	162	28	0.763	0.741
2286.000000	28	162	0.758	0.755
2292.000000	28	162	0.773	0.742
2298.000000	28	162	0.779	0.736
2304.000000	28	162	0.784	0.730
2310.000000	28	162	0.792	0.717
2316.000000	28	162	0.796	0.700
2322.000000	28	162	0.807	0.675
2328.000000	28	162	0.820	0.646
2334.000000	28	162	0.838	0.607
2340.000000	28	162	0.858	0.559
2346.000000	28	162	0.873	0.510
2352.000000	28	162	0.901	0.441
2358.000000	28	162	0.920	0.361
2364.000000	28	162	0.931	0.269
2370.000000	28	162	0.936	0.183
2376.000000	28	162	0.941	0.120
2382.000000	28	97	0.944	0.117
2388.000000	28	97	0.946	0.120
2394.000000	28	97	0.946	0.127
2400.000000	28	97	0.945	0.132
2406.000000	28	97	0.943	0.130
2412.000000	28	97	0.942	0.126
2418.000000	28	97	0.942	0.122
2424.000000	28	97	0.939	0.122
2430.000000	28	97	0.935	0.124
2436.000000	28	109	0.932	0.127
2442.000000	28	183	0.936	0.136
2448.000000	28	183	0.933	0.148
2454.000000	28	183	0.931	0.153
2460.000000	28	183	0.929	0.158
2466.000000	28	183	0.927	0.171
2472.000000	28	183	0.925	0.182
2478.000000	28	183	0.921	0.192
2484.000000	28	183	0.915	0.207
2490.000000	28	183	0.911	0.219
2496.000000	28	183	0.905	0.229
2502.000000	28	183	0.900	0.241
2508.000000	28	183	0.894	0.256
2514.000000	28	183	0.884	0.270
2520.000000	28	183	0.875	0.281
2526.000000	28	183	0.869	0.285
2532.000000	28	183	0.861	0.287
2538.000000	28	183	0.852	0.290
2544.000000	28	183	0.841	0.296
2550.000000	28	109	0.829	0.310
2556.000000	28	109	0.812	0.329
2562.000000	28	109	0.796	0.348
2568.000000	28	109	0.772	0.373
2574.000000	28	109	0.735	0.401
2580.000000	28	109	0.683	0.432
2586.000000	28	109	0.642	0.461
2592.000000	28	109	0.569	0.494
2598.000000	109	183	0.530	0.527
2604.000000	183	109	0.583	0.567
2610.000000	183	109	0.628	0.613
2616.000000	109	183	0.670	0.657
2622.000000	109	183	0.706	0.677
2628.000000	109	183	0.732	0.690
2634.000000	109	183	0.742	0.714
2640.000000	109	183	0.750	0.728
2646.000000	109	183	0.763	0.735
2652.000000	109	183	0.777	0.736
2658.000000	109	183	0.792	0.736
2664.000000	109	183	0.795	0.736
2670.000000	109	183	0.798	0.736
2676.000000	109	183	0.800	0.741
2682.000000	109	183	0.805	0.747
2688.000000	109	183	0.808	0.750
2694.000000	109	183	0.812	0.751
2700.000000	109	183	0.822	0.755
2706.000000	109	183	0.831	0.757
2712.000000	109	183	0.835	0.758
2718.000000	109	183	0.833	0.761
2724.000000	109	183	0.830	0.766
2730.000000	109	183	0.835	0.766
2736.000000	109	183	0.840	0.766
2742.000000	109	183	0.845	0.766
2748.000000	109	183	0.846	0.764
2754.000000	109	183	0.842	0.763
2760.000000	109	183	0.841	0.762
2766.000000	109	183	0.837	0.765
2772.000000	109	183	0.832	0.766
2778.000000	109	183	0.828	0.762
2784.000000	109	183	0.823	0.760
2790.000000	109	183	0.820	0.759
2796.000000	109	183	0.816	0.755
2802.000000	109	183	0.814	0.748
2808.000000	109	183	0.810	0.744
2814.000000	109	183	0.805	0.744
2820.000000	109	183	0.801	0.744
2826.000000	109	183	0.797	0.743
2832.000000	109	183	0.790	0.742
2838.000000	109	183	0.784	0.735
2844.000000	109	183	0.776	0.726
2850.000000	109	183	0.766	0.716
2856.000000	109	183	0.752	0.708
2862.000000	109	183	0.733	0.698
2868.000000	109	183	0.709	0.684
2874.000000	109	183	0.685	0.671
2880.000000	183	109	0.658	0.655
2886.000000	183	109	0.639	0.622
2892.000000	183	109	0.619	0.588
2898.000000	183	109	0.600	0.545
2904.000000	183	109	0.569	0.478
2910.000000	183	109	0.537	0.393
2916.000000	183	109	0.497	0.281
2922.000000	183	42	0.448	0.160
2928.000000	183	42	0.378	0.170
2934.000000	183	42	0.274	0.178
2940.000000	100	42	0.187	0.177
2946.000000	100	89	0.202	0.191
2952.000000	89	100	0.220	0.215
2958.000000	89	100	0.255	0.233
2964.000000	89	100	0.296	0.248
2970.000000	89	100	0.349	0.262
2976.000000	89	100	0.391	0.280
2982.000000	89	100	0.430	0.283
2988.000000	89	100	0.459	0.285
2994.000000	89	100	0.487	0.292
3000.000000	89	100	0.503	0.297
3006.000000	89	100	0.523	0.301
3012.000000	89	100	0.539	0.306
3018.000000	89	100	0.554	0.312
3024.000000	89	100	0.561	0.312
3030.000000	89	100	0.566	0.311
3036.000000	89	100	0.578	0.312
3042.000000	89	100	0.596	0.320
3048.000000	89	100	0.610	0.321
3054.000000	89	100	0.631	0.321
3060.000000	89	100	0.644	0.321
3066.000000	89	100	0.663	0.316
3072.000000	89	100	0.686	0.319
3078.000000	89	100	0.702	0.330
3084.000000	89	100	0.716	0.337
3090.000000	89	100	0.735	0.340
3096.000000	89	100	0.752	0.331
3102.000000	89	100	0.773	0.316
3108.000000	89	100	0.789	0.306
3114.000000	89	100	0.799	0.300
3120.000000	89	100	0.808	0.295
3126.000000	89	100	0.814	0.296
3132.000000	89	100	0.825	0.292
3138.000000	89	100	0.841	0.284
3144.000000	89	100	0.858	0.265
3150.000000	89	100	0.871	0.250
3156.000000	89	100	0.881	0.240
3162.000000	89	100	0.889	0.225
3168.000000	89	147	0.900	0.212
3174.000000	89	147	0.911	0.209
3180.000000	89	147	0.917	0.199
3186.000000	89	147	0.920	0.193
3192.000000	89	120	0.925	0.190
3198.000000	89	120	0.925	0.202
3204.000000	89	120	0.929	0.207
3210.000000	89	120	0.929	0.210
3216.000000	89	120	0.929	0.214
3222.000000	89	120	0.929	0.218
3228.000000	89	120	0.932	0.217
3234.000000	89	120	0.937	0.214
3240.000000	89	120	0.938	0.213
3246.000000	89	120	0.938	0.212
3252.000000	89	120	0.938	0.216
3258.000000	89	120	0.938	0.218
3264.000000	89	120	0.938	0.214
3270.000000	89	120	0.939	0.207
3276.000000	89	120	0.940	0.197
3282.000000	89	120	0.940	0.190
3288.000000	89	120	0.940	0.182
3294.000000	89	120	0.940	0.173
3300.000000	89	120	0.939	0.161
3306.000000	89	98	0.940	0.164
3312.000000	89	98	0.938	0.175
3318.000000	89	98	0.937	0.184
3324.000000	89	98	0.935	0.192
3330.000000	89	98	0.933	0.196
3336.000000	89	98	0.931	0.202
3342.000000	89	98	0.928	0.209
3348.000000	89	98	0.923	0.218
3354.000000	89	98	0.918	0.234
3360.000000	89	98	0.914	0.246
3366.000000	89	98	0.911	0.254
3372.000000	89	98	0.907	0.264
3378.000000	89	98	0.901	0.280
3384.000000	89	98	0.894	0.293
3390.000000	89	98	0.885	0.309
3396.000000	89	98	0.878	0.323
3402.000000	89	98	0.866	0.339
3408.000000	89	98	0.851	0.355
3414.000000	89	98	0.829	0.380
3420.000000	89	98	0.809	0.398
3426.000000	89	98	0.788	0.414
3432.000000	89	98	0.757	0.425
3438.000000	89	98	0.714	0.444
3444.000000	89	98	0.655	0.476
3450.000000	89	98	0.558	0.521
3456.000000	98	89	0.555	0.434
3462.000000	98	108	0.602	0.381
3468.000000	98	108	0.642	0.423
3474.000000	98	108	0.683	0.473
3480.000000	98	108	0.711	0.524
3486.000000	98	108	0.726	0.562
3492.000000	98	108	0.728	0.593
3498.000000	98	108	0.736	0.615
3504.000000	98	108	0.741	0.639
3510.000000	98	108	0.741	0.658
3516.000000	98	108	0.739	0.676
3522.000000	98	108	0.739	0.688
3528.000000	98	108	0.744	0.706
3534.000000	98	108	0.744	0.716
3540.000000	98	108	0.743	0.721
3546.000000	98	108	0.750	0.720
3552.000000	98	108	0.748	0.722
3558.000000	98	108	0.746	0.725
3564.000000	98	108	0.745	0.730
3570.000000	98	108	0.747	0.734
3576.000000	98	108	0.749	0.738
3582.000000	98	108	0.747	0.741
3588.000000	108	98	0.745	0.744
3594.000000	108	98	0.747	0.740
3600.000000	108	98	0.749	0.737
3606.000000	108	98	0.750	0.731
3612.000000	108	98	0.753	0.719
3618.000000	108	98	0.761	0.708
3624.000000	108	98	0.771	0.697
3630.000000	108	98	0.780	0.686
3636.000000	108	98	0.793	0.675
3642.000000	108	98	0.806	0.657
3648.000000	108	98	0.821	0.637
3654.000000	108	98	0.834	0.614
3660.000000	108	98	0.847	0.584
3666.000000	108	98	0.864	0.547
3672.000000	108	98	0.878	0.498
3678.000000	108	98	0.891	0.433
3684.000000	108	98	0.903	0.362
3690.000000	108	98	0.915	0.264
3696.000000	108	98	0.932	0.141
3702.000000	108	155	0.943	0.094
3708.000000	108	155	0.950	0.095
3714.000000	108	143	0.958	0.091
3720.000000	108	143	0.958	0.093
3726.000000	108	143	0.957	0.091
3732.000000	108	143	0.956	0.089
3738.000000	108	8	0.954	0.088
3744.000000	108	67	0.953	0.089
3750.000000	108	149	0.952	0.093
3756.000000	108	149	0.950	0.100
3762.000000	108	149	0.948	0.108
3768.000000	108	149	0.948	0.114
3774.000000	108	149	0.948	0.118
3780.000000	108	149	0.946	0.121
3786.000000	108	149	0.944	0.124
3792.000000	108	149	0.942	0.128
3798.000000	108	149	0.940	0.132
3804.000000	108	149	0.936	0.138
3810.000000	108	149	0.930	0.144
3816.000000	108	149	0.923	0.153
3822.000000	108	149	0.918	0.165
3828.000000	108	149	0.914	0.182
3834.000000	108	149	0.910	0.203
3840.000000	108	149	0.904	0.221
3846.000000	108	149	0.897	0.241
3852.000000	108	149	0.888	0.259
3858.000000	108	149	0.876	0.276
3864.000000	108	149	0.859	0.295
3870.000000	108	149	0.846	0.314
3876.000000	108	149	0.834	0.329
3882.000000	108	149	0.818	0.349
3888.000000	108	149	0.797	0.369
3894.000000	108	149	0.767	0.384
3900.000000	108	149	0.720	0.410
3906.000000	108	149	0.654	0.440
3912.000000	108	149	0.536	0.484
3918.000000	149	108	0.551	0.356
3924.000000	149	194	0.624	0.375
3930.000000	149	194	0.698	0.406
3936.000000	149	194	0.740	0.433
3942.000000	149	73	0.771	0.455
3948.000000	149	73	0.791	0.483
3954.000000	149	73	0.809	0.505
3960.000000	149	73	0.819	0.517
3966.000000	149	73	0.821	0.523
3972.000000	149	73	0.823	0.529
3978.000000	149	73	0.826	0.538
3984.000000	149	73	0.829	0.543
3990.000000	149	73	0.830	0.545
3996.000000	149	73	0.830	0.545
4002.000000	149	73	0.831	0.546
4008.000000	149	73	0.830	0.548
4014.000000	149	73	0.828	0.549
4020.000000	149	73	0.829	0.548
4026.000000	149	73	0.829	0.541
4032.000000	149	194	0.828	0.551
4038.000000	149	194	0.825	0.558
4044.000000	149	194	0.824	0.562
4050.000000	149	194	0.824	0.567
4056.000000	149	194	0.820	0.569
4062.000000	149	194	0.816	0.571
4068.000000	149	194	0.811	0.575
4074.000000	149	194	0.808	0.583
4080.000000	149	194	0.806	0.588
4086.000000	149	194	0.805	0.593
4092.000000	149	194	0.807	0.596
4098.000000	149	194	0.802	0.599
4104.000000	149	194	0.799	0.599
4110.000000	149	194	0.794	0.596
4116.000000	149	194	0.788	0.603
4122.000000	149	194	0.782	0.607
4128.000000	149	194	0.785	0.606
4134.000000	149	194	0.793	0.602
4140.000000	149	194	0.798	0.600
4146.000000	149	194	0.801	0.610
4152.000000	149	194	0.800	0.610
4158.000000	149	194	0.795	0.607
4164.000000	149	194	0.789	0.603
4170.000000	149	194	0.786	0.599
4176.000000	149	194	0.784	0.592
4182.000000	149	194	0.771	0.589
4188.000000	149	194	0.757	0.585
4194.000000	149	194	0.746	0.574
4200.000000	149	194	0.733	0.565
4206.000000	149	194	0.715	0.559
4212.000000	149	194	0.693	0.553
4218.000000	149	194	0.667	0.542
4224.000000	149	194	0.630	0.527
4230.000000	149	194	0.577	0.509
4236.000000	149	194	0.497	0.478
4242.000000	194	149	0.450	0.383
4248.000000	194	71	0.419	0.269
4254.000000	194	71	0.379	0.298
4260.000000	194	71	0.334	0.332
4266.000000	71	194	0.365	0.285
4272.000000	71	194	0.403	0.235
4278.000000	71	170	0.450	0.210
4284.000000	71	170	0.494	0.229
4290.000000	71	170	0.524	0.249
4296.000000	71	170	0.565	0.277
4302.000000	71	170	0.604	0.306
4308.000000	71	170	0.633	0.325
4314.000000	71	170	0.652	0.351
4320.000000	71	170	0.661	0.372
4326.000000	71	170	0.670	0.385
4332.000000	71	170	0.677	0.395
4338.000000	71	170	0.678	0.400
4344.000000	71	170	0.682	0.401
4350.000000	71	139	0.689	0.410
4356.000000	71	170	0.700	0.417
4362.000000	71	170	0.706	0.429
4368.000000	71	170	0.708	0.439
4374.000000	71	170	0.707	0.446
4380.000000	71	170	0.708	0.453
4386.000000	71	170	0.712	0.459
4392.000000	71	170	0.717	0.466
4398.000000	71	170	0.723	0.473
4404.000000	71	170	0.724	0.482
4410.000000	71	170	0.725	0.487
4416.000000	71	170	0.730	0.491
4422.000000	71	170	0.733	0.505
4428.000000	71	170	0.740	0.511
4434.000000	71	170	0.743	0.517
4440.000000	71	170	0.751	0.525
4446.000000	71	139	0.750	0.532
4452.000000	71	139	0.749	0.545
4458.000000	71	139	0.756	0.557
4464.000000	71	139	0.759	0.573
4470.000000	71	139	0.758	0.595
4476.000000	71	139	0.757	0.618
4482.000000	71	139	0.753	0.631
4488.000000	71	139	0.760	0.643
4494.000000	71	139	0.760	0.651
4500.000000	71	139	0.754	0.658
4506.000000	71	139	0.746	0.668
4512.000000	71	139	0.740	0.679
4518.000000	71	139	0.733	0.685
4524.000000	71	139	0.717	0.700
4530.000000	139	71	0.715	0.701
4536.000000	139	71	0.726	0.683
4542.000000	139	71	0.744	0.650
4548.000000	139	71	0.765	0.602
4554.000000	139	71	0.792	0.537
4560.000000	139	71	0.808	0.463
4566.000000	139	71	0.832	0.379
4572.000000	139	71	0.860	0.280
4578.000000	139	71	0.893	0.159
4584.000000	139	143	0.911	0.146
4590.000000	139	143	0.920	0.140
4596.000000	139	39	0.928	0.143
4602.000000	139	39	0.933	0.153
4608.000000	139	39	0.941	0.156
4614.000000	139	39	0.942	0.160
4620.000000	139	39	0.940	0.166
4626.000000	139	39	0.937	0.175
4632.000000	139	39	0.936	0.189
4638.000000	139	39	0.935	0.206
4644.000000	139	39	0.932	0.218
4650.000000	139	39	0.929	0.227
4656.000000	139	39	0.926	0.236
4662.000000	139	39	0.923	0.246
4668.000000	139	39	0.919	0.260
4674.000000	139	39	0.915	0.275
4680.000000	139	39	0.912	0.289
4686.000000	139	39	0.908	0.305
4692.000000	139	39	0.904	0.323
4698.000000	139	39	0.900	0.344
4704.000000	139	39	0.897	0.367
4710.000000	139	39	0.892	0.389
4716.000000	139	39	0.886	0.412
4722.000000	139	39	0.885	0.443
4728.000000	139	39	0.882	0.479
4734.000000	139	39	0.876	0.504
4740.000000	139	39	0.867	0.539
4746.000000	139	39	0.849	0.576
4752.000000	139	39	0.829	0.605
4758.000000	139	39	0.800	0.641
4764.000000	139	39	0.781	0.663
4770.000000	139	39	0.756	0.689
4776.000000	39	139	0.730	0.719
4782.000000	39	139	0.763	0.663
4788.000000	39	139	0.783	0.607
4794.000000	39	139	0.825	0.524
4800.000000	39	139	0.863	0.426
4806.000000	39	139	0.887	0.292
4812.000000	39	114	0.924	0.182
4818.000000	39	114	0.942	0.160
4824.000000	39	114	0.952	0.141
4830.000000	39	88	0.953	0.134
4836.000000	39	88	0.953	0.137
4842.000000	39	88	0.955	0.139
4848.000000	39	88	0.955	0.140
4854.000000	39	88	0.952	0.140
4860.000000	39	54	0.949	0.146
4866.000000	39	54	0.947	0.154
4872.000000	39	54	0.944	0.163
4878.000000	39	54	0.940	0.173
4884.000000	39	54	0.934	0.183
4890.000000	39	54	0.929	0.194
4896.000000	39	54	0.926	0.205
4902.000000	39	54	0.925	0.218
4908.000000	39	54	0.925	0.228
4914.000000	39	54	0.926	0.241
4920.000000	39	54	0.925	0.250
4926.000000	39	54	0.923	0.261
4932.000000	39	54	0.919	0.282
4938.000000	39	54	0.917	0.303
4944.000000	39	54	0.917	0.324
4950.000000	39	54	0.915	0.354
4956.000000	39	54	0.912	0.385
4962.000000	39	54	0.910	0.410
4968.000000	39	54	0.907	0.437
4974.000000	39	54	0.905	0.471
4980.000000	39	54	0.903	0.506
4986.000000	39	54	0.899	0.554
4992.000000	39	54	0.894	0.596
4998.000000	39	54	0.890	0.635
5004.000000	39	54	0.883	0.666
5010.000000	39	54	0.878	0.696
5016.000000	39	54	0.875	0.716
5022.000000	39	54	0.867	0.747
5028.000000	39	54	0.862	0.770
5034.000000	39	54	0.852	0.786
5040.000000	39	54	0.841	0.807
5046.000000	54	39	0.834	0.825
5052.000000	54	39	0.858	0.804
5058.000000	54	39	0.869	0.783
5064.000000	54	39	0.885	0.747
5070.000000	54	39	0.893	0.711
5076.000000	54	39	0.904	0.654
5082.000000	54	39	0.920	0.562
5088.000000	54	39	0.937	0.444
5094.000000	54	39	0.951	0.283
5100.000000	54	39	0.967	0.110
5106.000000	54	132	0.972	0.076
5112.000000	54	132	0.977	0.080
5118.000000	54	132	0.977	0.083
5124.000000	54	132	0.976	0.089
5130.000000	54	132	0.975	0.091
5136.000000	54	132	0.974	0.092
5142.000000	54	132	0.971	0.093
5148.000000	54	61	0.968	0.099
5154.000000	54	61	0.965	0.106
5160.000000	54	118	0.962	0.111
5166.000000	54	118	0.958	0.121
5172.000000	54	118	0.954	0.136
5178.000000	54	118	0.951	0.147
5184.000000	54	118	0.948	0.156
5190.000000	54	118	0.944	0.168
5196.000000	54	118	0.940	0.177
5202.000000	54	127	0.936	0.188
5208.000000	54	127	0.931	0.196
5214.000000	54	127	0.925	0.202
5220.000000	54	127	0.918	0.213
5226.000000	54	127	0.911	0.223
5232.000000	54	127	0.904	0.235
5238.000000	54	127	0.892	0.249
5244.000000	54	127	0.880	0.264
5250.000000	54	127	0.871	0.275
5256.000000	54	118	0.860	0.289
5262.000000	54	118	0.848	0.305
5268.000000	54	118	0.834	0.321
5274.000000	54	118	0.818	0.342
5280.000000	54	118	0.800	0.358
5286.000000	54	118	0.776	0.377
5292.000000	54	118	0.742	0.397
5298.000000	54	118	0.713	0.421
5304.000000	54	118	0.673	0.439
5310.000000	54	118	0.604	0.464
5316.000000	54	118	0.527	0.508
5322.000000	118	54	0.543	0.446
5328.000000	118	127	0.591	0.469
5334.000000	118	127	0.646	0.503
5340.000000	118	127	0.681	0.528
5346.000000	118	127	0.697	0.541
5352.000000	118	127	0.713	0.556
5358.000000	118	127	0.718	0.570
5364.000000	118	127	0.733	0.580
5370.000000	118	127	0.738	0.581
5376.000000	118	127	0.739	0.590
5382.000000	118	127	0.739	0.601
5388.000000	118	127	0.735	0.602
5394.000000	118	127	0.736	0.599
5400.000000	118	127	0.736	0.599
5406.000000	118	127	0.741	0.600
5412.000000	118	127	0.741	0.600
5418.000000	118	127	0.743	0.600
5424.000000	118	127	0.743	0.599
5430.000000	118	127	0.742	0.592
5436.000000	118	127	0.740	0.587
5442.000000	118	127	0.742	0.583
5448.000000	118	127	0.741	0.588
5454.000000	118	127	0.741	0.584
5460.000000	118	127	0.736	0.581
5466.000000	118	127	0.733	0.574
5472.000000	118	127	0.731	0.564
5478.000000	118	127	0.734	0.563
5484.000000	118	127	0.735	0.557
5490.000000	118	127	0.739	0.547
5496.000000	118	127	0.741	0.539
5502.000000	118	127	0.741	0.529
5508.000000	118	127	0.743	0.517
5514.000000	118	127	0.747	0.499
5520.000000	118	127	0.749	0.481
5526.000000	118	127	0.756	0.457
5532.000000	118	127	0.765	0.426
5538.000000	118	127	0.774	0.378
5544.000000	118	127	0.792	0.327
5550.000000	118	127	0.809	0.271
5556.000000	118	127	0.819	0.208
5562.000000	118	69	0.830	0.153
5568.000000	118	69	0.830	0.152
5574.000000	118	147	0.833	0.148
5580.000000	118	147	0.836	0.147
5586.000000	118	147	0.837	0.146
5592.000000	118	147	0.837	0.154
5598.000000	118	147	0.834	0.161
5604.000000	118	147	0.829	0.172
5610.000000	118	147	0.825	0.181
5616.000000	118	147	0.819	0.184
5622.000000	118	147	0.815	0.194
5628.000000	118	147	0.810	0.204
5634.000000	118	147	0.801	0.209
5640.000000	118	147	0.790	0.217
5646.000000	118	147	0.781	0.223
5652.000000	118	147	0.768	0.234
5658.000000	118	147	0.754	0.243
5664.000000	118	168	0.740	0.259
5670.000000	118	168	0.715	0.290
5676.000000	118	168	0.678	0.313
5682.000000	118	168	0.643	0.331
5688.000000	118	168	0.597	0.355
5694.000000	118	168	0.533	0.394
5700.000000	118	168	0.449	0.432
5706.000000	168	147	0.467	0.352
5712.000000	168	147	0.515	0.360
5718.000000	168	147	0.559	0.361
5724.000000	168	147	0.596	0.365
5730.000000	168	147	0.640	0.371
5736.000000	168	147	0.677	0.374
5742.000000	168	147	0.710	0.371
5748.000000	168	147	0.724	0.375
5754.000000	168	147	0.738	0.387
5760.000000	168	147	0.762	0.398
5766.000000	168	147	0.776	0.407
5772.000000	168	147	0.793	0.412
5778.000000	168	147	0.801	0.414
5784.000000	168	147	0.806	0.418
5790.000000	168	147	0.812	0.422
5796.000000	168	147	0.816	0.426
5802.000000	168	147	0.822	0.432
5808.000000	168	147	0.818	0.441
5814.000000	168	147	0.823	0.444
5820.000000	168	147	0.830	0.444
5826.000000	168	147	0.839	0.444
5832.000000	168	147	0.848	0.445
5838.000000	168	147	0.858	0.442
5844.000000	168	147	0.861	0.445
5850.000000	168	147	0.863	0.453
5856.000000	168	147	0.862	0.462
5862.000000	168	147	0.861	0.468
5868.000000	168	147	0.864	0.474
5874.000000	168	147	0.859	0.485
5880.000000	168	147	0.864	0.492
5886.000000	168	147	0.866	0.495
5892.000000	168	147	0.864	0.498
5898.000000	168	147	0.859	0.498
5904.000000	168	147	0.855	0.498
5910.000000	168	147	0.851	0.500
5916.000000	168	147	0.849	0.500
5922.000000	168	147	0.848	0.499
5928.000000	168	147	0.849	0.498
5934.000000	168	147	0.851	0.491
5940.000000	168	147	0.858	0.478
5946.000000	168	147	0.860	0.469
5952.000000	168	147	0.861	0.455
5958.000000	168	147	0.863	0.437
5964.000000	168	147	0.863	0.412
5970.000000	168	147	0.863	0.376
5976.000000	168	147	0.862	0.339
5982.000000	168	147	0.862	0.300
5988.000000	168	120	0.863	0.275
5994.000000	168	120	0.865	0.281
6000.000000	168	120	0.865	0.287
6006.000000	168	120	0.870	0.299
6012.000000	168	120	0.874	0.324
6018.000000	168	120	0.870	0.358
6024.000000	168	120	0.864	0.390
6030.000000	168	120	0.856	0.423
6036.000000	168	120	0.843	0.452
6042.000000	168	120	0.831	0.480
6048.000000	168	120	0.813	0.512
6054.000000	168	120	0.795	0.536
6060.000000	168	120	0.769	0.567
6066.000000	168	120	0.729	0.613
6072.000000	168	120	0.679	0.661
6078.000000	120	168	0.708	0.630
6084.000000	120	168	0.762	0.550
6090.000000	120	168	0.810	0.419
6096.000000	120	168	0.872	0.233
6102.000000	120	189	0.913	0.149
6108.000000	120	189	0.937	0.141
6114.000000	120	189	0.946	0.135
6120.000000	120	189	0.950	0.131
6126.000000	120	189	0.953	0.128
6132.000000	120	189	0.955	0.127
6138.000000	120	189	0.958	0.127
6144.000000	120	189	0.957	0.125
6150.000000	120	189	0.956	0.119
6156.000000	120	189	0.955	0.116
6162.000000	120	189	0.954	0.114
6168.000000	120	189	0.954	0.108
6174.000000	120	46	0.953	0.106
6180.000000	120	46	0.952	0.114
6186.000000	120	46	0.953	0.118
6192.000000	120	46	0.953	0.121
6198.000000	120	72	0.952	0.133
6204.000000	120	72	0.950	0.151
6210.000000	120	72	0.949	0.162
6216.000000	120	72	0.949	0.171
6222.000000	120	72	0.948	0.180
6228.000000	120	72	0.946	0.193
6234.000000	120	72	0.944	0.208
6240.000000	120	72	0.942	0.223
6246.000000	120	72	0.940	0.238
6252.000000	120	72	0.937	0.258
6258.000000	120	72	0.934	0.282
6264.000000	120	72	0.928	0.303
6270.000000	120	72	0.923	0.325
6276.000000	120	72	0.916	0.351
6282.000000	120	72	0.909	0.381
6288.000000	120	72	0.904	0.415
6294.000000	120	72	0.899	0.449
6300.000000	120	72	0.891	0.477
6306.000000	120	72	0.883	0.501
6312.000000	120	72	0.871	0.530
6318.000000	120	72	0.851	0.558
6324.000000	120	72	0.830	0.579
6330.000000	120	72	0.815	0.598
6336.000000	120	72	0.793	0.622
6342.000000	120	72	0.756	0.661
6348.000000	120	72	0.714	0.705
6354.000000	72	120	0.745	0.663
6360.000000	72	120	0.790	0.569
6366.000000	72	120	0.838	0.441
6372.000000	72	120	0.885	0.268
6378.000000	72	58	0.932	0.204
6384.000000	72	58	0.943	0.193
6390.000000	72	58	0.950	0.190
6396.000000	72	58	0.949	0.191
6402.000000	72	58	0.948	0.187
6408.000000	72	58	0.948	0.184
6414.000000	72	58	0.947	0.178
6420.000000	72	183	0.949	0.175
6426.000000	72	183	0.948	0.183
6432.000000	72	183	0.946	0.191
6438.000000	72	183	0.945	0.198
6444.000000	72	183	0.943	0.209
6450.000000	72	183	0.941	0.224
6456.000000	72	183	0.939	0.228
6462.000000	72	183	0.937	0.232
6468.000000	72	183	0.936	0.235
6474.000000	72	183	0.935	0.237
6480.000000	72	183	0.933	0.243
6486.000000	72	183	0.931	0.250
6492.000000	72	183	0.929	0.251
6498.000000	72	183	0.927	0.250
6504.000000	72	183	0.926	0.248
6510.000000	72	183	0.925	0.248
6516.000000	72	183	0.924	0.254
6522.000000	72	183	0.922	0.256
6528.000000	72	183	0.919	0.258
6534.000000	72	183	0.914	0.260
6540.000000	72	183	0.906	0.265
6546.000000	72	183	0.898	0.271
6552.000000	72	183	0.891	0.273
6558.000000	72	183	0.885	0.272
6564.000000	72	183	0.877	0.270
6570.000000	72	183	0.870	0.266
6576.000000	72	183	0.861	0.258
6582.000000	72	183	0.846	0.251
6588.000000	72	42	0.835	0.244
6594.000000	72	42	0.823	0.248
6600.000000	72	42	0.810	0.255
6606.000000	72	42	0.796	0.264
6612.000000	72	42	0.778	0.277
6618.000000	72	42	0.753	0.299
6624.000000	72	42	0.723	0.312
6630.000000	72	42	0.688	0.333
6636.000000	72	42	0.638	0.364
6642.000000	72	42	0.568	0.394
6648.000000	72	42	0.479	0.441
6654.000000	42	72	0.494	0.366
6660.000000	42	178	0.542	0.298
6666.000000	42	178	0.593	0.300
6672.000000	42	178	0.640	0.304
6678.000000	42	178	0.675	0.323
6684.000000	42	178	0.703	0.348
6690.000000	42	178	0.720	0.384
6696.000000	42	178	0.727	0.410
6702.000000	42	178	0.731	0.422
6708.000000	42	178	0.740	0.425
6714.000000	42	178	0.742	0.436
6720.000000	42	178	0.742	0.449
6726.000000	42	178	0.739	0.455
6732.000000	42	178	0.743	0.458
6738.000000	42	178	0.751	0.460
6744.000000	42	178	0.760	0.460
6750.000000	42	178	0.771	0.457
6756.000000	42	178	0.773	0.454
6762.000000	42	178	0.772	0.456
6768.000000	42	178	0.777	0.451
6774.000000	42	178	0.787	0.444
6780.000000	42	178	0.791	0.438
6786.000000	42	178	0.794	0.432
6792.000000	42	178	0.799	0.424
6798.000000	42	178	0.804	0.420
6804.000000	42	178	0.810	0.423
6810.000000	42	178	0.820	0.417
6816.000000	42	178	0.831	0.411
6822.000000	42	178	0.834	0.411
6828.000000	42	178	0.837	0.410
6834.000000	42	178	0.840	0.404
6840.000000	42	178	0.839	0.403
6846.000000	42	178	0.840	0.400
6852.000000	42	178	0.843	0.390
6858.000000	42	178	0.850	0.376
6864.000000	42	178	0.858	0.360
6870.000000	42	178	0.866	0.340
6876.000000	42	178	0.867	0.312
6882.000000	42	178	0.871	0.275
6888.000000	42	27	0.882	0.254
6894.000000	42	27	0.890	0.262
6900.000000	42	27	0.894	0.266
6906.000000	42	27	0.900	0.270
6912.000000	42	27	0.904	0.275
6918.000000	42	27	0.908	0.287
6924.000000	42	27	0.911	0.293
6930.000000	42	27	0.921	0.300
6936.000000	42	27	0.923	0.308
6942.000000	42	27	0.923	0.316
6948.000000	42	27	0.921	0.326
6954.000000	42	27	0.918	0.337
6960.000000	42	27	0.914	0.347
6966.000000	42	27	0.908	0.358
6972.000000	42	27	0.901	0.370
6978.000000	42	27	0.895	0.384
6984.000000	42	27	0.892	0.393
6990.000000	42	27	0.886	0.399
6996.000000	42	27	0.876	0.405
7002.000000	42	27	0.864	0.415
7008.000000	42	27	0.855	0.427
7014.000000	42	27	0.845	0.437
7020.000000	42	27	0.830	0.446
7026.000000	42	27	0.807	0.461
7032.000000	42	27	0.780	0.481
7038.000000	42	27	0.752	0.496
7044.000000	42	27	0.705	0.511
7050.000000	42	27	0.642	0.532
7056.000000	27	42	0.578	0.551
7062.000000	27	42	0.616	0.445
7068.000000	27	10	0.664	0.304
7074.000000	27	10	0.721	0.340
7080.000000	27	10	0.773	0.351
7086.000000	27	10	0.800	0.358
7092.000000	27	10	0.816	0.372
7098.000000	27	10	0.825	0.392
7104.000000	27	10	0.834	0.402
7110.000000	27	10	0.848	0.405
7116.000000	27	10	0.852	0.416
7122.000000	27	10	0.859	0.429
7128.000000	27	10	0.863	0.439
7134.000000	27	10	0.869	0.454
7140.000000	27	10	0.869	0.467
7146.000000	27	10	0.868	0.477
7152.000000	27	10	0.868	0.482
7158.000000	27	10	0.871	0.486
7164.000000	27	10	0.871	0.490
7170.000000	27	10	0.870	0.496
7176.000000	27	10	0.870	0.503
7182.000000	27	10	0.869	0.512
7188.000000	27	10	0.871	0.522
7194.000000	27	10	0.874	0.530
7200.000000	27	10	0.876	0.537
7206.000000	27	10	0.879	0.545
7212.000000	27	10	0.880	0.549
7218.000000	27	10	0.880	0.555
7224.000000	27	10	0.881	0.562
7230.000000	27	10	0.885	0.567
7236.000000	27	10	0.889	0.575
7242.000000	27	10	0.891	0.582
7248.000000	27	10	0.890	0.587
7254.000000	27	10	0.889	0.601
7260.000000	27	10	0.889	0.614
7266.000000	27	10	0.885	0.626
7272.000000	27	10	0.881	0.642
7278.000000	27	10	0.879	0.653
7284.000000	27	10	0.881	0.656
7290.000000	27	10	0.881	0.661
7296.000000	27	10	0.880	0.668
7302.000000	27	10	0.870	0.680
7308.000000	27	10	0.860	0.696
7314.000000	27	10	0.854	0.710
7320.000000	27	10	0.842	0.731
7326.000000	27	10	0.818	0.754
7332.000000	27	10	0.793	0.770
7338.000000	10	27	0.787	0.765
7344.000000	10	27	0.805	0.730
7350.000000	10	27	0.828	0.675
7356.000000	10	27	0.852	0.608
7362.000000	10	27	0.874	0.520
7368.000000	10	27	0.905	0.383
7374.000000	10	27	0.939	0.161
7380.000000	10	24	0.958	0.048
7386.000000	10	24	0.962	0.047
7392.000000	10	24	0.966	0.047
7398.000000	10	24	0.967	0.047
7404.000000	10	71	0.967	0.050
7410.000000	10	71	0.967	0.055
7416.000000	10	71	0.969	0.062
7422.000000	10	71	0.971	0.072
7428.000000	10	71	0.970	0.083
7434.000000	10	71	0.969	0.096
7440.000000	10	71	0.967	0.107
7446.000000	10	71	0.964	0.116
7452.000000	10	71	0.961	0.121
7458.000000	10	71	0.958	0.131
7464.000000	10	71	0.956	0.141
7470.000000	10	71	0.953	0.152
7476.000000	10	71	0.949	0.164
7482.000000	10	71	0.946	0.173
7488.000000	10	71	0.941	0.181
7494.000000	10	71	0.937	0.192
7500.000000	10	71	0.933	0.207
7506.000000	10	71	0.928	0.225
7512.000000	10	71	0.916	0.242
7518.000000	10	71	0.905	0.257
7524.000000	10	71	0.899	0.278
7530.000000	10	71	0.890	0.305
7536.000000	10	71	0.876	0.334
7542.000000	10	71	0.858	0.365
7548.000000	10	71	0.840	0.395
7554.000000	10	71	0.822	0.417
7560.000000	10	71	0.794	0.445
7566.000000	10	71	0.754	0.480
7572.000000	10	71	0.708	0.521
7578.000000	10	71	0.649	0.575
7584.000000	71	10	0.631	0.550
7590.000000	71	10	0.715	0.398
7596.000000	71	193	0.787	0.251
7602.000000	71	193	0.841	0.262
7608.000000	71	193	0.885	0.266
7614.000000	71	193	0.904	0.276
7620.000000	71	193	0.911	0.290
7626.000000	71	193	0.916	0.306
7632.000000	71	193	0.914	0.327
7638.000000	71	193	0.914	0.348
7644.000000	71	193	0.917	0.364
7650.000000	71	193	0.917	0.378
7656.000000	71	193	0.916	0.394
7662.000000	71	193	0.915	0.407
7668.000000	71	193	0.916	0.419
7674.000000	71	193	0.915	0.427
7680.000000	71	193	0.913	0.432
7686.000000	71	193	0.910	0.441
7692.000000	71	193	0.907	0.447
7698.000000	71	193	0.906	0.460
7704.000000	71	193	0.907	0.471
7710.000000	71	193	0.906	0.476
7716.000000	71	193	0.904	0.477
7722.000000	71	193	0.903	0.482
7728.000000	71	193	0.902	0.486
7734.000000	71	193	0.901	0.490
7740.000000	71	193	0.897	0.495
7746.000000	71	193	0.894	0.507
7752.000000	71	193	0.890	0.519
7758.000000	71	193	0.890	0.527
7764.000000	71	193	0.885	0.534
7770.000000	71	193	0.877	0.544
7776.000000	71	193	0.872	0.549
7782.000000	71	193	0.868	0.554
7788.000000	71	193	0.860	0.562
7794.000000	71	193	0.855	0.567
7800.000000	71	193	0.850	0.576
7806.000000	71	193	0.837	0.586
7812.000000	71	193	0.829	0.590
7818.000000	71	193	0.823	0.592
7824.000000	71	193	0.813	0.599
7830.000000	71	193	0.802	0.603
7836.000000	71	193	0.787	0.604
7842.000000	71	193	0.765	0.608
7848.000000	71	193	0.742	0.611
7854.000000	71	193	0.716	0.613
7860.000000	71	193	0.688	0.610
7866.000000	71	193	0.649	0.612
7872.000000	193	71	0.618	0.594
7878.000000	193	71	0.627	0.519
7884.000000	193	71	0.647	0.420
7890.000000	193	184	0.673	0.427
7896.000000	193	184	0.706	0.484
7902.000000	193	184	0.732	0.554
7908.000000	193	184	0.736	0.612
7914.000000	193	184	0.737	0.645
7920.000000	193	184	0.737	0.670
7926.000000	193	184	0.739	0.696
7932.000000	193	184	0.743	0.712
7938.000000	193	184	0.741	0.726
7944.000000	184	193	0.743	0.728
7950.000000	184	193	0.750	0.720
7956.000000	184	193	0.757	0.706
7962.000000	184	193	0.763	0.696
7968.000000	184	193	0.785	0.668
7974.000000	184	193	0.796	0.640
7980.000000	184	193	0.806	0.607
7986.000000	184	193	0.819	0.566
7992.000000	184	193	0.832	0.513
7998.000000	184	193	0.850	0.454
8004.000000	184	193	0.864	0.383
8010.000000	184	193	0.884	0.303
8016.000000	184	193	0.897	0.218
8022.000000	184	193	0.908	0.138
8028.000000	184	79	0.917	0.106
8034.000000	184	79	0.918	0.100
8040.000000	184	79	0.917	0.096
8046.000000	184	79	0.917	0.088
8052.000000	184	137	0.918	0.086
8058.000000	184	137	0.919	0.092
8064.000000	184	137	0.918	0.100
8070.000000	184	137	0.917	0.101
8076.000000	184	137	0.917	0.101
8082.000000	184	137	0.917	0.102
8088.000000	184	137	0.915	0.101
8094.000000	184	137	0.917	0.100
8100.000000	184	87	0.918	0.101
8106.000000	184	87	0.920	0.106
8112.000000	184	87	0.919	0.114
8118.000000	184	87	0.916	0.120
8124.000000	184	87	0.913	0.124
8130.000000	184	87	0.911	0.129
8136.000000	184	87	0.908	0.135
8142.000000	184	87	0.905	0.140
8148.000000	184	87	0.902	0.145
8154.000000	184	87	0.900	0.149
8160.000000	184	87	0.894	0.155
8166.000000	184	87	0.890	0.160
8172.000000	184	17	0.888	0.165
8178.000000	184	17	0.886	0.176
8184.000000	184	17	0.883	0.185
8190.000000	184	17	0.881	0.190
8196.000000	184	17	0.879	0.192
8202.000000	184	17	0.877	0.195
8208.000000	184	17	0.873	0.208
8214.000000	184	17	0.871	0.221
8220.000000	184	17	0.868	0.233
8226.000000	184	17	0.865	0.247
8232.000000	184	17	0.862	0.262
8238.000000	184	17	0.859	0.288
8244.000000	184	17	0.856	0.314
8250.000000	184	17	0.855	0.337
8256.000000	184	17	0.855	0.363
8262.000000	184	17	0.850	0.391
8268.000000	184	17	0.840	0.427
8274.000000	184	17	0.825	0.471
8280.000000	184	17	0.808	0.516
8286.000000	184	17	0.789	0.559
8292.000000	184	17	0.768	0.601
8298.000000	184	17	0.722	0.657
8304.000000	17	184	0.705	0.655
8310.000000	17	184	0.752	0.566
8316.000000	17	184	0.816	0.413
8322.000000	17	184	0.878	0.213
8328.000000	17	117	0.920	0.101
8334.000000	17	117	0.945	0.100
8340.000000	17	117	0.957	0.105
8346.000000	17	117	0.960	0.107
8352.000000	17	117	0.962	0.112
8358.000000	17	117	0.963	0.116
8364.000000	17	117	0.962	0.118
8370.000000	17	117	0.961	0.123
8376.000000	17	117	0.960	0.128
8382.000000	17	117	0.960	0.134
8388.000000	17	117	0.959	0.141
8394.000000	17	117	0.961	0.146
8400.000000	17	117	0.960	0.151
8406.000000	17	117	0.958	0.158
8412.000000	17	117	0.956	0.164
8418.000000	17	117	0.954	0.175
8424.000000	17	117	0.951	0.186
8430.000000	17	117	0.949	0.193
8436.000000	17	117	0.946	0.199
8442.000000	17	117	0.944	0.203
8448.000000	17	117	0.944	0.205
8454.000000	17	117	0.943	0.204
8460.000000	17	117	0.941	0.202
8466.000000	17	117	0.939	0.202
8472.000000	17	164	0.938	0.207
8478.000000	17	164	0.934	0.218
8484.000000	17	164	0.933	0.229
8490.000000	17	18	0.932	0.238
8496.000000	17	18	0.929	0.257
8502.000000	17	18	0.923	0.271
8508.000000	17	18	0.918	0.283
8514.000000	17	18	0.914	0.294
8520.000000	17	18	0.911	0.302
8526.000000	17	164	0.907	0.313
8532.000000	17	164	0.897	0.332
8538.000000	17	164	0.888	0.346
8544.000000	17	164	0.877	0.362
8550.000000	17	164	0.863	0.383
8556.000000	17	164	0.849	0.403
8562.000000	17	164	0.829	0.421
8568.000000	17	164	0.803	0.436
8574.000000	17	164	0.771	0.459
8580.000000	17	164	0.734	0.476
8586.000000	17	164	0.689	0.493
8592.000000	17	164	0.638	0.511
8598.000000	17	164	0.570	0.537
8604.000000	164	17	0.576	0.478
8610.000000	164	18	0.636	0.439
8616.000000	164	18	0.725	0.458
8622.000000	164	18	0.794	0.470
8628.000000	164	18	0.836	0.490
8634.000000	164	18	0.863	0.511
8640.000000	164	18	0.882	0.531
8646.000000	164	18	0.888	0.540
8652.000000	164	18	0.887	0.544
8658.000000	164	18	0.887	0.550
8664.000000	164	18	0.886	0.559
8670.000000	164	18	0.882	0.567
8676.000000	164	18	0.879	0.571
8682.000000	164	18	0.876	0.571
8688.000000	164	18	0.873	0.569
8694.000000	164	18	0.873	0.569
8700.000000	164	18	0.871	0.573
8706.000000	164	18	0.869	0.574
8712.000000	164	18	0.867	0.569
8718.000000	164	18	0.870	0.560
8724.000000	164	18	0.870	0.554
8730.000000	164	18	0.869	0.544
8736.000000	164	18	0.870	0.530
8742.000000	164	18	0.872	0.518
8748.000000	164	18	0.873	0.505
8754.000000	164	18	0.879	0.498
8760.000000	164	18	0.881	0.479
8766.000000	164	18	0.886	0.446
8772.000000	164	18	0.888	0.414
8778.000000	164	18	0.890	0.386
8784.000000	164	18	0.895	0.346
8790.000000	164	18	0.902	0.293
8796.000000	164	18	0.909	0.230
8802.000000	164	141	0.913	0.176
8808.000000	164	141	0.915	0.180
8814.000000	164	141	0.917	0.177
8820.000000	164	141	0.920	0.173
8826.000000	164	141	0.926	0.167
8832.000000	164	193	0.932	0.167
8838.000000	164	193	0.935	0.179
8844.000000	164	193	0.940	0.194
8850.000000	164	193	0.942	0.208
8856.000000	164	193	0.944	0.221
8862.000000	164	193	0.946	0.234
8868.000000	164	193	0.945	0.248
8874.000000	164	193	0.946	0.267
8880.000000	164	193	0.946	0.293
8886.000000	164	193	0.946	0.329
8892.000000	164	193	0.944	0.374
8898.000000	164	193	0.941	0.425
8904.000000	164	193	0.935	0.491
8910.000000	164	193	0.926	0.559
8916.000000	164	193	0.920	0.616
8922.000000	164	193	0.911	0.650
8928.000000	164	193	0.895	0.686
8934.000000	164	193	0.875	0.717
8940.000000	164	193	0.850	0.754
8946.000000	164	193	0.826	0.791
8952.000000	193	164	0.821	0.793
8958.000000	193	164	0.846	0.751
8964.000000	193	164	0.872	0.696
8970.000000	193	164	0.898	0.624
8976.000000	193	164	0.924	0.495
8982.000000	193	164	0.947	0.310
8988.000000	193	164	0.970	0.110
8994.000000	193	24	0.979	0.053
9000.000000	193	24	0.980	0.053
9006.000000	193	24	0.979	0.054
9012.000000	193	24	0.978	0.056
9018.000000	193	94	0.978	0.057
9024.000000	193	94	0.980	0.061
9030.000000	193	94	0.979	0.064
9036.000000	193	94	0.977	0.065
9042.000000	193	94	0.974	0.067
9048.000000	193	13	0.971	0.070
9054.000000	193	13	0.970	0.073
9060.000000	193	13	0.969	0.077
9066.000000	193	13	0.967	0.081
9072.000000	193	13	0.964	0.089
9078.000000	193	13	0.961	0.101
9084.000000	193	13	0.956	0.114
9090.000000	193	13	0.951	0.122
9096.000000	193	13	0.946	0.125
9102.000000	193	13	0.943	0.128
9108.000000	193	13	0.941	0.134
9114.000000	193	13	0.939	0.144
9120.000000	193	13	0.937	0.157
9126.000000	193	13	0.934	0.170
9132.000000	193	13	0.931	0.186
9138.000000	193	13	0.928	0.200
9144.000000	193	13	0.925	0.211
9150.000000	193	13	0.921	0.224
9156.000000	193	13	0.916	0.240
9162.000000	193	13	0.911	0.257
9168.000000	193	13	0.902	0.277
9174.000000	193	13	0.892	0.302
9180.000000	193	13	0.883	0.327
9186.000000	193	13	0.874	0.351
9192.000000	193	13	0.860	0.384
9198.000000	193	13	0.845	0.423
9204.000000	193	13	0.826	0.462
9210.000000	193	13	0.803	0.506
9216.000000	193	13	0.779	0.546
9222.000000	193	13	0.742	0.600
9228.000000	193	13	0.700	0.645
9234.000000	13	193	0.685	0.639
9240.000000	13	193	0.739	0.538
9246.000000	13	193	0.793	0.389
9252.000000	13	79	0.867	0.245
9258.000000	13	79	0.909	0.252
9264.000000	13	79	0.936	0.259
9270.000000	13	79	0.948	0.271
9276.000000	13	79	0.948	0.287
9282.000000	13	79	0.946	0.296
9288.000000	13	79	0.943	0.307
9294.000000	13	79	0.941	0.319
9300.000000	13	79	0.943	0.323
9306.000000	13	79	0.943	0.328
9312.000000	13	79	0.943	0.328
9318.000000	13	79	0.942	0.327
9324.000000	13	79	0.942	0.327
9330.000000	13	79	0.943	0.329
9336.000000	13	79	0.942	0.334
9342.000000	13	79	0.940	0.339
9348.000000	13	79	0.939	0.343
9354.000000	13	79	0.939	0.344
9360.000000	13	79	0.938	0.343
9366.000000	13	79	0.937	0.338
9372.000000	13	79	0.937	0.329
9378.000000	13	79	0.934	0.323
9384.000000	13	79	0.932	0.320
9390.000000	13	79	0.931	0.315
9396.000000	13	79	0.931	0.306
9402.000000	13	79	0.930	0.297
9408.000000	13	79	0.930	0.286
9414.000000	13	79	0.930	0.274
9420.000000	13	79	0.931	0.257
9426.000000	13	79	0.932	0.237
9432.000000	13	79	0.932	0.221
9438.000000	13	79	0.932	0.199
9444.000000	13	75	0.932	0.200
9450.000000	13	75	0.931	0.206
9456.000000	13	75	0.932	0.214
9462.000000	13	75	0.933	0.220
9468.000000	13	75	0.935	0.221
9474.000000	13	75	0.937	0.218
9480.000000	13	75	0.938	0.211
9486.000000	13	75	0.938	0.205
9492.000000	13	75	0.939	0.201
9498.000000	13	75	0.938	0.198
9504.000000	13	75	0.935	0.200
9510.000000	13	75	0.930	0.197
9516.000000	13	89	0.925	0.197
9522.000000	13	89	0.922	0.209
9528.000000	13	89	0.918	0.223
9534.000000	13	89	0.915	0.239
9540.000000	13	89	0.912	0.261
9546.000000	13	89	0.906	0.288
9552.000000	13	89	0.898	0.318
9558.000000	13	89	0.891	0.345
9564.000000	13	89	0.882	0.375
9570.000000	13	89	0.868	0.410
9576.000000	13	89	0.854	0.443
9582.000000	13	89	0.838	0.485
9588.000000	13	89	0.809	0.529
9594.000000	13	89	0.772	0.576
9600.000000	13	89	0.724	0.630
9606.000000	89	13	0.712	0.656
9612.000000	89	13	0.786	0.543
9618.000000	89	13	0.876	0.327
9624.000000	89	76	0.943	0.134
9630.000000	89	76	0.964	0.120
9636.000000	89	76	0.973	0.102
9642.000000	89	76	0.975	0.089
9648.000000	89	76	0.981	0.075
9654.000000	89	76	0.981	0.065
9660.000000	89	76	0.980	0.062
9666.000000	89	76	0.979	0.058
9672.000000	89	165	0.979	0.057
9678.000000	89	196	0.978	0.058
9684.000000	89	98	0.976	0.066
9690.000000	89	98	0.974	0.071
9696.000000	89	98	0.973	0.075
9702.000000	89	98	0.972	0.079
9708.000000	89	98	0.970	0.086
9714.000000	89	98	0.968	0.093
9720.000000	89	98	0.965	0.099
9726.000000	89	98	0.961	0.105
9732.000000	89	98	0.958	0.109
9738.000000	89	98	0.956	0.114
9744.000000	89	98	0.955	0.122
9750.000000	89	98	0.953	0.133
9756.000000	89	98	0.951	0.144
9762.000000	89	98	0.949	0.157
9768.000000	89	98	0.947	0.173
9774.000000	89	98	0.944	0.189
9780.000000	89	98	0.942	0.204
9786.000000	89	98	0.941	0.214
9792.000000	89	98	0.939	0.224
9798.000000	89	98	0.938	0.235
9804.000000	89	98	0.936	0.252
9810.000000	89	98	0.934	0.273
9816.000000	89	98	0.931	0.297
9822.000000	89	98	0.928	0.322
9828.000000	89	98	0.927	0.354
9834.000000	89	98	0.922	0.394
9840.000000	89	98	0.919	0.422
9846.000000	89	98	0.915	0.449
9852.000000	89	98	0.909	0.474
9858.000000	89	98	0.901	0.502
9864.000000	89	98	0.888	0.533
9870.000000	89	98	0.874	0.558
9876.000000	89	98	0.859	0.577
9882.000000	89	98	0.842	0.591
9888.000000	89	98	0.821	0.612
9894.000000	89	98	0.795	0.645
9900.000000	89	98	0.761	0.676
9906.000000	98	89	0.716	0.707
9912.000000	98	89	0.751	0.625
9918.000000	98	89	0.794	0.508
9924.000000	98	89	0.847	0.359
9930.000000	98	196	0.898	0.245
9936.000000	98	196	0.926	0.242
9942.000000	98	196	0.937	0.242
9948.000000	98	196	0.944	0.237
9954.000000	98	196	0.946	0.243
9960.000000	98	196	0.947	0.252
9966.000000	98	196	0.947	0.258
9972.000000	98	196	0.947	0.262
9978.000000	98	196	0.946	0.267
9984.000000	98	196	0.944	0.278
9990.000000	98	196	0.943	0.285
9996.000000	98	196	0.942	0.293
10002.000000	98	196	0.941	0.305
10008.000000	98	196	0.939	0.322
10014.000000	98	196	0.938	0.336
10020.000000	98	196	0.937	0.345
10026.000000	98	196	0.936	0.349
10032.000000	98	196	0.935	0.346
10038.000000	98	196	0.935	0.344
10044.000000	98	196	0.935	0.345
10050.000000	98	196	0.936	0.345
10056.000000	98	196	0.934	0.345
10062.000000	98	196	0.932	0.343
10068.000000	98	196	0.929	0.341
10074.000000	98	196	0.926	0.335
10080.000000	98	196	0.925	0.330
10086.000000	98	196	0.923	0.322
10092.000000	98	196	0.921	0.314
10098.000000	98	196	0.918	0.312
10104.000000	98	196	0.917	0.306
10110.000000	98	196	0.916	0.297
10116.000000	98	196	0.916	0.282
10122.000000	98	196	0.915	0.262
10128.000000	98	196	0.912	0.243
10134.000000	98	196	0.910	0.225
10140.000000	98	105	0.907	0.214
10146.000000	98	105	0.906	0.230
10152.000000	98	105	0.904	0.251
10158.000000	98	105	0.904	0.276
10164.000000	98	105	0.903	0.305
10170.000000	98	105	0.900	0.334
10176.000000	98	105	0.898	0.362
10182.000000	98	105	0.898	0.387
10188.000000	98	105	0.896	0.416
10194.000000	98	105	0.891	0.459
10200.000000	98	105	0.883	0.518
10206.000000	98	105	0.873	0.581
10212.000000	98	105	0.859	0.627
10218.000000	98	105	0.820	0.673
10224.000000	98	105	0.774	0.712
10230.000000	105	98	0.766	0.709
10236.000000	105	98	0.808	0.635
10242.000000	105	98	0.861	0.510
10248.000000	105	98	0.903	0.328
10254.000000	105	73	0.941	0.117
10260.000000	105	73	0.962	0.120
10266.000000	105	73	0.964	0.126
10272.000000	105	73	0.963	0.132
10278.000000	105	73	0.963	0.142
10284.000000	105	73	0.962	0.157
10290.000000	105	73	0.961	0.175
10296.000000	105	73	0.962	0.194
10302.000000	105	73	0.964	0.213
10308.000000	105	73	0.962	0.232
10314.000000	105	73	0.961	0.250
10320.000000	105	73	0.960	0.268
10326.000000	105	73	0.961	0.287
10332.000000	105	73	0.961	0.311
10338.000000	105	73	0.960	0.336
10344.000000	105	73	0.958	0.362
10350.000000	105	73	0.956	0.386
10356.000000	105	73	0.954	0.409
10362.000000	105	73	0.953	0.434
10368.000000	105	73	0.951	0.458
10374.000000	105	73	0.949	0.485
10380.000000	105	73	0.947	0.510
10386.000000	105	73	0.945	0.530
10392.000000	105	73	0.940	0.550
10398.000000	105	73	0.936	0.564
10404.000000	105	73	0.934	0.578
10410.000000	105	73	0.928	0.596
10416.000000	105	73	0.925	0.613
10422.000000	105	73	0.923	0.625
10428.000000	105	73	0.919	0.639
10434.000000	105	73	0.915	0.645
10440.000000	105	73	0.908	0.656
10446.000000	105	73	0.902	0.673
10452.000000	105	73	0.892	0.695
10458.000000	105	73	0.881	0.713
10464.000000	105	73	0.867	0.728
10470.000000	105	73	0.850	0.748
10476.000000	105	73	0.823	0.768
10482.000000	105	73	0.794	0.790
10488.000000	73	105	0.815	0.748
10494.000000	73	105	0.842	0.696
10500.000000	73	105	0.884	0.618
10506.000000	73	105	0.910	0.517
10512.000000	73	105	0.935	0.370
10518.000000	73	105	0.965	0.178
10524.000000	73	72	0.973	0.098
10530.000000	73	72	0.974	0.097
10536.000000	73	72	0.973	0.099
10542.000000	73	72	0.972	0.100
10548.000000	73	181	0.971	0.104
10554.000000	73	181	0.971	0.111
10560.000000	73	181	0.972	0.118
10566.000000	73	181	0.973	0.124
10572.000000	73	181	0.972	0.130
10578.000000	73	181	0.971	0.133
10584.000000	73	181	0.970	0.135
10590.000000	73	181	0.969	0.136
10596.000000	73	181	0.967	0.137
10602.000000	73	71	0.965	0.139
10608.000000	73	71	0.963	0.153
10614.000000	73	71	0.961	0.167
10620.000000	73	71	0.958	0.180
10626.000000	73	71	0.956	0.193
10632.000000	73	71	0.954	0.211
10638.000000	73	71	0.951	0.228
10644.000000	73	71	0.947	0.243
10650.000000	73	71	0.942	0.261
10656.000000	73	71	0.937	0.277
10662.000000	73	71	0.932	0.292
10668.000000	73	71	0.929	0.308
10674.000000	73	71	0.927	0.320
10680.000000	73	71	0.923	0.335
10686.000000	73	71	0.918	0.358
10692.000000	73	71	0.908	0.386
10698.000000	73	71	0.899	0.409
10704.000000	73	71	0.885	0.434
10710.000000	73	71	0.870	0.466
10716.000000	73	71	0.849	0.506
10722.000000	73	71	0.820	0.556
10728.000000	73	71	0.782	0.601
10734.000000	73	71	0.729	0.644
10740.000000	71	73	0.699	0.654
10746.000000	71	73	0.749	0.569
10752.000000	71	73	0.795	0.444
10758.000000	71	2	0.849	0.268
10764.000000	71	2	0.881	0.273
10770.000000	71	2	0.894	0.290
10776.000000	71	2	0.905	0.306
10782.000000	71	2	0.918	0.319
10788.000000	71	2	0.920	0.329
10794.000000	71	2	0.918	0.339
10800.000000	71	2	0.915	0.356
10806.000000	71	2	0.915	0.365
10812.000000	71	2	0.914	0.378
10818.000000	71	2	0.916	0.388
10824.000000	71	2	0.916	0.396
10830.000000	71	2	0.915	0.403
10836.000000	71	2	0.916	0.416
10842.000000	71	2	0.914	0.429
10848.000000	71	2	0.912	0.441
10854.000000	71	2	0.909	0.458
10860.000000	71	2	0.906	0.477
10866.000000	71	2	0.904	0.497
10872.000000	71	2	0.903	0.510
10878.000000	71	2	0.899	0.521
10884.000000	71	2	0.896	0.534
10890.000000	71	2	0.895	0.549
10896.000000	71	2	0.896	0.560
10902.000000	71	2	0.897	0.575
10908.000000	71	2	0.896	0.591
10914.000000	71	2	0.894	0.603
10920.000000	71	2	0.889	0.613
10926.000000	71	2	0.885	0.624
10932.000000	71	2	0.881	0.636
10938.000000	71	2	0.877	0.644
10944.000000	71	2	0.875	0.657
10950.000000	71	2	0.875	0.670
10956.000000	71	2	0.873	0.679
10962.000000	71	2	0.870	0.693
10968.000000	71	2	0.871	0.710
10974.000000	71	2	0.869	0.724
10980.000000	71	2	0.864	0.741
10986.000000	71	2	0.859	0.753
10992.000000	71	2	0.853	0.762
10998.000000	71	2	0.844	0.773
11004.000000	71	2	0.835	0.784
11010.000000	71	2	0.824	0.793
11016.000000	2	71	0.810	0.806
11022.000000	2	71	0.823	0.784
11028.000000	2	71	0.845	0.749
11034.000000	2	71	0.865	0.708
11040.000000	2	71	0.882	0.650
11046.000000	2	71	0.897	0.572
11052.000000	2	71	0.917	0.444
11058.000000	2	71	0.950	0.234
11064.000000	2	77	0.965	0.080
11070.000000	2	77	0.971	0.073
11076.000000	2	77	0.975	0.071
11082.000000	2	77	0.976	0.071
11088.000000	2	77	0.975	0.070
11094.000000	2	77	0.974	0.067
11100.000000	2	77	0.974	0.062
11106.000000	2	85	0.972	0.062
11112.000000	2	85	0.971	0.064
11118.000000	2	85	0.970	0.066
11124.000000	2	85	0.970	0.067
11130.000000	2	85	0.969	0.068
11136.000000	2	85	0.967	0.071
11142.000000	2	85	0.965	0.073
11148.000000	2	85	0.964	0.073
11154.000000	2	85	0.963	0.074
11160.000000	2	85	0.962	0.075
11166.000000	2	85	0.962	0.076
11172.000000	2	101	0.961	0.078
11178.000000	2	101	0.961	0.080
11184.000000	2	101	0.960	0.081
11190.000000	2	101	0.960	0.084
11196.000000	2	113	0.959	0.085
11202.000000	2	113	0.957	0.090
11208.000000	2	113	0.956	0.092
11214.000000	2	113	0.955	0.093
11220.000000	2	113	0.955	0.093
11226.000000	2	113	0.953	0.094
11232.000000	2	101	0.952	0.097
11238.000000	2	101	0.951	0.100
11244.000000	2	101	0.951	0.103
11250.000000	2	101	0.951	0.103
11256.000000	2	101	0.952	0.104
11262.000000	2	101	0.954	0.104
11268.000000	2	101	0.957	0.101
11274.000000	2	101	0.959	0.096
11280.000000	2	101	0.962	0.093
11286.000000	2	101	0.964	0.095
11292.000000	2	101	0.964	0.093
11298.000000	2	101	0.965	0.089
11304.000000	2	101	0.965	0.086
11310.000000	2	101	0.965	0.086
11316.000000	2	101	0.964	0.087
11322.000000	2	101	0.962	0.088
11328.000000	2	101	0.960	0.089
11334.000000	2	101	0.957	0.088
11340.000000	2	101	0.955	0.085
11346.000000	2	101	0.953	0.082
11352.000000	2	101	0.951	0.075
11358.000000	2	101	0.951	0.067
11364.000000	2	101	0.950	0.060
11370.000000	2	101	0.947	0.055
11376.000000	2	101	0.943	0.051
11382.000000	2	19	0.939	0.050
11388.000000	2	19	0.936	0.052
11394.000000	2	19	0.932	0.053
11400.000000	2	19	0.925	0.054
11406.000000	2	19	0.919	0.055
11412.000000	2	19	0.914	0.055
11418.000000	2	19	0.908	0.056
11424.000000	2	19	0.899	0.056
11430.000000	2	19	0.888	0.055
11436.000000	2	19	0.875	0.054
11442.000000	2	19	0.860	0.054
11448.000000	2	19	0.840	0.054
11454.000000	2	19	0.813	0.054
11460.000000	2	19	0.771	0.055
11466.000000	2	19	0.720	0.054
11472.000000	2	19	0.632	0.052
11478.000000	2	19	0.434	0.045
11484.000000	2	19	0.094	0.018
11490.000000	169	10	0.002	0.002
