0.000000	125	102	0.000	0.000
6.000000	39	66	0.992	0.034
12.000000	39	66	0.993	0.035
18.000000	39	66	0.992	0.035
24.000000	39	66	0.992	0.035
30.000000	39	139	0.991	0.037
36.000000	39	139	0.990	0.041
42.000000	39	131	0.988	0.044
48.000000	39	131	0.987	0.049
54.000000	39	131	0.985	0.052
60.000000	39	131	0.983	0.057
66.000000	39	131	0.981	0.065
72.000000	39	131	0.980	0.072
78.000000	39	131	0.978	0.078
84.000000	39	131	0.976	0.083
90.000000	39	131	0.974	0.090
96.000000	39	131	0.972	0.097
102.000000	39	131	0.970	0.103
108.000000	39	31	0.967	0.115
114.000000	39	31	0.965	0.128
120.000000	39	31	0.962	0.144
126.000000	39	31	0.959	0.163
132.000000	39	31	0.956	0.184
138.000000	39	31	0.952	0.204
144.000000	39	31	0.949	0.224
150.000000	39	31	0.945	0.247
156.000000	39	31	0.942	0.266
162.000000	39	31	0.938	0.287
168.000000	39	31	0.935	0.307
174.000000	39	31	0.933	0.328
180.000000	39	31	0.930	0.349
186.000000	39	31	0.927	0.373
192.000000	39	31	0.922	0.398
198.000000	39	31	0.920	0.412
204.000000	39	31	0.919	0.419
210.000000	39	31	0.917	0.432
216.000000	39	31	0.913	0.442
222.000000	39	31	0.912	0.454
228.000000	39	31	0.911	0.465
234.000000	39	31	0.910	0.475
240.000000	39	31	0.909	0.482
246.000000	39	31	0.903	0.492
252.000000	39	31	0.895	0.507
258.000000	39	31	0.891	0.522
264.000000	39	31	0.888	0.532
270.000000	39	31	0.882	0.550
276.000000	39	31	0.871	0.572
282.000000	39	31	0.857	0.597
288.000000	39	31	0.842	0.627
294.000000	39	31	0.828	0.655
300.000000	39	31	0.802	0.702
306.000000	39	31	0.777	0.727
312.000000	31	39	0.754	0.745
318.000000	31	39	0.770	0.709
324.000000	31	39	0.798	0.658
330.000000	31	95	0.820	0.628
336.000000	31	95	0.838	0.664
342.000000	31	95	0.867	0.703
348.000000	31	95	0.881	0.744
354.000000	31	95	0.875	0.792
360.000000	31	95	0.871	0.812
366.000000	31	95	0.867	0.820
372.000000	31	95	0.864	0.826
378.000000	31	95	0.860	0.827
384.000000	31	95	0.853	0.832
390.000000	31	95	0.850	0.830
396.000000	31	95	0.841	0.831
402.000000	31	95	0.833	0.832
408.000000	95	31	0.831	0.830
414.000000	95	31	0.831	0.826
420.000000	95	31	0.830	0.820
426.000000	95	31	0.833	0.810
432.000000	95	31	0.833	0.800
438.000000	95	31	0.835	0.789
444.000000	95	31	0.837	0.780
450.000000	95	31	0.841	0.770
456.000000	95	31	0.843	0.765
462.000000	95	31	0.844	0.760
468.000000	95	31	0.845	0.751
474.000000	95	31	0.846	0.738
480.000000	95	31	0.845	0.727
486.000000	95	31	0.849	0.706
492.000000	95	31	0.850	0.686
498.000000	95	31	0.853	0.665
504.000000	95	31	0.853	0.641
510.000000	95	31	0.855	0.599
516.000000	95	31	0.863	0.546
522.000000	95	31	0.869	0.482
528.000000	95	31	0.875	0.389
534.000000	95	31	0.882	0.275
540.000000	95	157	0.893	0.188
546.000000	95	157	0.907	0.190
552.000000	95	157	0.912	0.189
558.000000	95	157	0.913	0.186
564.000000	95	157	0.916	0.188
570.000000	95	189	0.914	0.200
576.000000	95	189	0.908	0.225
582.000000	95	189	0.902	0.252
588.000000	95	189	0.896	0.276
594.000000	95	189	0.888	0.294
600.000000	95	189	0.880	0.312
606.000000	95	189	0.874	0.333
612.000000	95	189	0.861	0.359
618.000000	95	189	0.837	0.391
624.000000	95	189	0.822	0.418
630.000000	95	189	0.801	0.444
636.000000	95	189	0.778	0.467
642.000000	95	189	0.750	0.491
648.000000	95	189	0.710	0.520
654.000000	95	189	0.651	0.561
660.000000	189	95	0.595	0.587
666.000000	189	95	0.620	0.507
672.000000	189	95	0.647	0.402
678.000000	189	191	0.699	0.352
684.000000	189	191	0.743	0.375
690.000000	189	191	0.784	0.392
696.000000	189	191	0.807	0.408
702.000000	189	191	0.823	0.432
708.000000	189	191	0.841	0.464
714.000000	189	191	0.846	0.484
720.000000	189	191	0.853	0.497
726.000000	189	191	0.853	0.503
732.000000	189	191	0.854	0.513
738.000000	189	191	0.856	0.517
744.000000	189	191	0.856	0.523
750.000000	189	191	0.858	0.528
756.000000	189	191	0.859	0.528
762.000000	189	191	0.858	0.533
768.000000	189	191	0.855	0.544
774.000000	189	191	0.860	0.545
780.000000	189	191	0.865	0.545
786.000000	189	191	0.865	0.545
792.000000	189	191	0.868	0.539
798.000000	189	191	0.870	0.532
804.000000	189	191	0.870	0.526
810.000000	189	191	0.875	0.517
816.000000	189	191	0.878	0.513
822.000000	189	191	0.879	0.511
828.000000	189	191	0.880	0.506
834.000000	189	191	0.881	0.498
840.000000	189	191	0.882	0.487
846.000000	189	191	0.887	0.472
852.000000	189	191	0.888	0.458
858.000000	189	191	0.887	0.449
864.000000	189	191	0.888	0.428
870.000000	189	191	0.894	0.402
876.000000	189	191	0.898	0.375
882.000000	189	191	0.900	0.342
888.000000	189	191	0.904	0.293
894.000000	189	169	0.908	0.284
900.000000	189	169	0.912	0.280
906.000000	189	169	0.914	0.278
912.000000	189	169	0.915	0.277
918.000000	189	169	0.917	0.273
924.000000	189	169	0.916	0.265
930.000000	189	169	0.914	0.258
936.000000	189	169	0.912	0.250
942.000000	189	169	0.908	0.241
948.000000	189	169	0.906	0.229
954.000000	189	169	0.904	0.215
960.000000	189	97	0.902	0.201
966.000000	189	97	0.898	0.214
972.000000	189	97	0.892	0.228
978.000000	189	97	0.885	0.242
984.000000	189	97	0.875	0.257
990.000000	189	97	0.865	0.279
996.000000	189	97	0.858	0.297
1002.000000	189	97	0.847	0.325
1008.000000	189	97	0.833	0.353
1014.000000	189	97	0.814	0.387
1020.000000	189	97	0.784	0.428
1026.000000	189	97	0.735	0.470
1032.000000	189	97	0.681	0.507
1038.000000	189	97	0.599	0.567
1044.000000	97	189	0.632	0.472
1050.000000	97	81	0.682	0.336
1056.000000	97	81	0.745	0.394
1062.000000	97	81	0.788	0.460
1068.000000	97	81	0.826	0.503
1074.000000	97	81	0.841	0.533
1080.000000	97	81	0.857	0.557
1086.000000	97	81	0.861	0.572
1092.000000	97	81	0.867	0.576
1098.000000	97	81	0.867	0.579
1104.000000	97	81	0.867	0.584
1110.000000	97	81	0.865	0.596
1116.000000	97	81	0.865	0.601
1122.000000	97	81	0.864	0.606
1128.000000	97	81	0.862	0.613
1134.000000	97	81	0.862	0.619
1140.000000	97	81	0.861	0.624
1146.000000	97	81	0.860	0.632
1152.000000	97	81	0.859	0.643
1158.000000	97	81	0.858	0.645
1164.000000	97	81	0.856	0.644
1170.000000	97	81	0.853	0.647
1176.000000	97	81	0.858	0.640
1182.000000	97	81	0.858	0.640
1188.000000	97	81	0.859	0.640
1194.000000	97	81	0.860	0.638
1200.000000	97	81	0.859	0.636
1206.000000	97	81	0.858	0.635
1212.000000	97	81	0.860	0.636
1218.000000	97	81	0.859	0.637
1224.000000	97	81	0.856	0.639
1230.000000	97	81	0.854	0.640
1236.000000	97	81	0.853	0.642
1242.000000	97	81	0.854	0.639
1248.000000	97	81	0.854	0.641
1254.000000	97	81	0.851	0.649
1260.000000	97	81	0.845	0.652
1266.000000	97	81	0.840	0.652
1272.000000	97	81	0.838	0.654
1278.000000	97	81	0.837	0.657
1284.000000	97	81	0.828	0.658
1290.000000	97	81	0.821	0.652
1296.000000	97	81	0.813	0.645
1302.000000	97	81	0.802	0.636
1308.000000	97	81	0.789	0.623
1314.000000	97	81	0.772	0.612
1320.000000	97	81	0.760	0.594
1326.000000	97	81	0.752	0.567
1332.000000	97	81	0.745	0.540
1338.000000	97	81	0.733	0.514
1344.000000	97	81	0.711	0.478
1350.000000	97	81	0.682	0.436
1356.000000	97	81	0.654	0.386
1362.000000	97	81	0.606	0.331
1368.000000	97	81	0.538	0.273
1374.000000	97	155	0.451	0.214
1380.000000	97	99	0.331	0.241
1386.000000	99	155	0.283	0.261
1392.000000	99	155	0.330	0.291
1398.000000	99	155	0.375	0.335
1404.000000	99	155	0.432	0.385
1410.000000	99	155	0.490	0.442
1416.000000	99	155	0.540	0.495
1422.000000	99	155	0.571	0.524
1428.000000	99	155	0.584	0.551
1434.000000	99	155	0.600	0.562
1440.000000	99	155	0.616	0.572
1446.000000	99	155	0.629	0.585
1452.000000	99	155	0.645	0.603
1458.000000	99	155	0.655	0.606
1464.000000	99	155	0.665	0.606
1470.000000	99	155	0.675	0.613
1476.000000	99	155	0.684	0.613
1482.000000	99	155	0.688	0.611
1488.000000	99	155	0.694	0.610
1494.000000	99	155	0.699	0.614
1500.000000	99	155	0.704	0.617
1506.000000	99	155	0.708	0.624
1512.000000	99	155	0.713	0.626
1518.000000	99	155	0.719	0.632
1524.000000	99	155	0.729	0.634
1530.000000	99	155	0.736	0.637
1536.000000	99	155	0.738	0.645
1542.000000	99	155	0.740	0.652
1548.000000	99	155	0.747	0.657
1554.000000	99	155	0.750	0.663
1560.000000	99	155	0.755	0.666
1566.000000	99	155	0.759	0.661
1572.000000	99	155	0.760	0.665
1578.000000	99	155	0.765	0.666
1584.000000	99	155	0.775	0.667
1590.000000	99	155	0.785	0.670
1596.000000	99	155	0.802	0.671
1602.000000	99	155	0.815	0.665
1608.000000	99	155	0.824	0.666
1614.000000	99	155	0.832	0.666
1620.000000	99	155	0.838	0.667
1626.000000	99	155	0.842	0.667
1632.000000	99	155	0.843	0.665
1638.000000	99	155	0.841	0.663
1644.000000	99	155	0.836	0.659
1650.000000	99	155	0.830	0.656
1656.000000	99	155	0.827	0.653
1662.000000	99	155	0.829	0.642
1668.000000	99	155	0.828	0.632
1674.000000	99	155	0.824	0.625
1680.000000	99	155	0.823	0.611
1686.000000	99	155	0.823	0.598
1692.000000	99	155	0.824	0.582
1698.000000	99	155	0.822	0.559
1704.000000	99	155	0.825	0.525
1710.000000	99	155	0.825	0.481
1716.000000	99	155	0.825	0.421
1722.000000	99	155	0.829	0.348
1728.000000	99	155	0.832	0.264
1734.000000	99	155	0.839	0.186
1740.000000	99	107	0.839	0.150
1746.000000	99	107	0.838	0.155
1752.000000	99	107	0.841	0.162
1758.000000	99	141	0.845	0.168
1764.000000	99	141	0.843	0.180
1770.000000	99	141	0.841	0.192
1776.000000	99	141	0.838	0.206
1782.000000	99	141	0.831	0.216
1788.000000	99	141	0.819	0.231
1794.000000	99	141	0.807	0.248
1800.000000	99	141	0.798	0.264
1806.000000	99	141	0.787	0.285
1812.000000	99	141	0.767	0.313
1818.000000	99	141	0.737	0.345
1824.000000	99	141	0.698	0.376
1830.000000	99	141	0.652	0.409
1836.000000	99	141	0.581	0.453
1842.000000	141	99	0.512	0.490
1848.000000	141	107	0.581	0.367
1854.000000	141	107	0.659	0.405
1860.000000	141	107	0.737	0.438
1866.000000	141	107	0.775	0.458
1872.000000	141	107	0.794	0.473
1878.000000	141	107	0.801	0.493
1884.000000	141	107	0.804	0.505
1890.000000	141	107	0.803	0.508
1896.000000	141	107	0.802	0.514
1902.000000	141	107	0.809	0.519
1908.000000	141	107	0.815	0.518
1914.000000	141	107	0.817	0.522
1920.000000	141	107	0.818	0.530
1926.000000	141	107	0.819	0.532
1932.000000	141	107	0.821	0.532
1938.000000	141	107	0.821	0.532
1944.000000	141	107	0.819	0.529
1950.000000	141	107	0.816	0.526
1956.000000	141	107	0.811	0.523
1962.000000	141	107	0.810	0.516
1968.000000	141	107	0.809	0.509
1974.000000	141	107	0.807	0.505
1980.000000	141	107	0.804	0.502
1986.000000	141	107	0.804	0.499
1992.000000	141	107	0.805	0.497
1998.000000	141	107	0.813	0.484
2004.000000	141	107	0.813	0.472
2010.000000	141	112	0.811	0.459
2016.000000	141	112	0.809	0.456
2022.000000	141	112	0.814	0.447
2028.000000	141	112	0.815	0.446
2034.000000	141	112	0.817	0.444
2040.000000	141	112	0.824	0.440
2046.000000	141	112	0.828	0.438
2052.000000	141	112	0.831	0.443
2058.000000	141	112	0.835	0.435
2064.000000	141	112	0.842	0.423
2070.000000	141	112	0.851	0.406
2076.000000	141	112	0.861	0.385
2082.000000	141	112	0.868	0.354
2088.000000	141	112	0.877	0.318
2094.000000	141	112	0.882	0.279
2100.000000	141	112	0.887	0.235
2106.000000	141	112	0.897	0.181
2112.000000	141	63	0.902	0.162
2118.000000	141	63	0.902	0.170
2124.000000	141	63	0.902	0.179
2130.000000	141	63	0.904	0.187
2136.000000	141	63	0.908	0.193
2142.000000	141	63	0.915	0.192
2148.000000	141	63	0.923	0.191
2154.000000	141	63	0.924	0.197
2160.000000	141	63	0.923	0.200
2166.000000	141	63	0.922	0.204
2172.000000	141	63	0.920	0.210
2178.000000	141	63	0.917	0.218
2184.000000	141	63	0.913	0.222
2190.000000	141	63	0.909	0.223
2196.000000	141	63	0.906	0.226
2202.000000	141	63	0.904	0.228
2208.000000	141	63	0.900	0.228
2214.000000	141	63	0.896	0.225
2220.000000	141	63	0.893	0.217
2226.000000	141	63	0.888	0.210
2232.000000	141	63	0.883	0.200
2238.000000	141	9	0.874	0.205
2244.000000	141	9	0.863	0.211
2250.000000	141	9	0.850	0.217
2256.000000	141	9	0.834	0.221
2262.000000	141	196	0.817	0.227
2268.000000	141	196	0.797	0.239
2274.000000	141	196	0.766	0.260
2280.000000	141	196	0.724	0.281
2286.000000	141	196	0.671	0.302
2292.000000	141	196	0.592	0.331
2298.000000	141	196	0.492	0.371
2304.000000	196	141	0.410	0.347
2310.000000	196	9	0.472	0.350
2316.000000	196	9	0.546	0.367
2322.000000	196	9	0.627	0.372
2328.000000	196	9	0.690	0.375
2334.000000	196	9	0.719	0.380
2340.000000	196	9	0.735	0.390
2346.000000	196	9	0.751	0.402
2352.000000	196	9	0.767	0.414
2358.000000	196	9	0.786	0.428
2364.000000	196	9	0.796	0.436
2370.000000	196	9	0.805	0.444
2376.000000	196	9	0.808	0.448
2382.000000	196	9	0.816	0.455
2388.000000	196	9	0.827	0.461
2394.000000	196	9	0.834	0.468
2400.000000	196	9	0.845	0.474
2406.000000	196	9	0.858	0.474
2412.000000	196	9	0.866	0.469
2418.000000	196	9	0.869	0.465
2424.000000	196	9	0.873	0.462
2430.000000	196	9	0.880	0.455
2436.000000	196	9	0.884	0.451
2442.000000	196	9	0.885	0.450
2448.000000	196	9	0.886	0.448
2454.000000	196	9	0.885	0.442
2460.000000	196	9	0.884	0.445
2466.000000	196	9	0.884	0.445
2472.000000	196	9	0.886	0.447
2478.000000	196	9	0.885	0.446
2484.000000	196	9	0.887	0.440
2490.000000	196	9	0.888	0.423
2496.000000	196	9	0.888	0.402
2502.000000	196	9	0.890	0.382
2508.000000	196	9	0.890	0.366
2514.000000	196	9	0.892	0.349
2520.000000	196	9	0.895	0.326
2526.000000	196	9	0.896	0.297
2532.000000	196	9	0.898	0.270
2538.000000	196	9	0.900	0.249
2544.000000	196	9	0.900	0.231
2550.000000	196	98	0.901	0.205
2556.000000	196	98	0.906	0.219
2562.000000	196	98	0.911	0.233
2568.000000	196	98	0.913	0.246
2574.000000	196	98	0.911	0.260
2580.000000	196	98	0.910	0.272
2586.000000	196	98	0.911	0.284
2592.000000	196	98	0.911	0.296
2598.000000	196	98	0.911	0.313
2604.000000	196	98	0.908	0.327
2610.000000	196	98	0.905	0.343
2616.000000	196	98	0.901	0.368
2622.000000	196	98	0.898	0.391
2628.000000	196	98	0.895	0.415
2634.000000	196	98	0.889	0.438
2640.000000	196	98	0.880	0.455
2646.000000	196	98	0.872	0.469
2652.000000	196	98	0.858	0.484
2658.000000	196	98	0.841	0.499
2664.000000	196	98	0.822	0.521
2670.000000	196	98	0.800	0.540
2676.000000	196	98	0.770	0.567
2682.000000	196	98	0.744	0.587
2688.000000	196	98	0.704	0.615
2694.000000	98	196	0.658	0.650
2700.000000	98	196	0.704	0.579
2706.000000	98	196	0.745	0.489
2712.000000	98	196	0.813	0.344
2718.000000	98	167	0.874	0.182
2724.000000	98	36	0.901	0.187
2730.000000	98	36	0.911	0.184
2736.000000	98	36	0.921	0.183
2742.000000	98	173	0.927	0.189
2748.000000	98	173	0.925	0.203
2754.000000	98	173	0.922	0.216
2760.000000	98	173	0.920	0.228
2766.000000	98	173	0.920	0.237
2772.000000	98	173	0.918	0.249
2778.000000	98	173	0.914	0.258
2784.000000	98	173	0.909	0.270
2790.000000	98	173	0.904	0.282
2796.000000	98	173	0.899	0.296
2802.000000	98	173	0.900	0.304
2808.000000	98	173	0.899	0.311
2814.000000	98	173	0.897	0.319
2820.000000	98	173	0.896	0.327
2826.000000	98	173	0.894	0.337
2832.000000	98	173	0.893	0.349
2838.000000	98	173	0.890	0.356
2844.000000	98	173	0.887	0.360
2850.000000	98	173	0.880	0.369
2856.000000	98	173	0.875	0.378
2862.000000	98	173	0.871	0.380
2868.000000	98	173	0.867	0.381
2874.000000	98	173	0.864	0.381
2880.000000	98	173	0.863	0.384
2886.000000	98	173	0.861	0.388
2892.000000	98	173	0.859	0.389
2898.000000	98	173	0.856	0.387
2904.000000	98	173	0.851	0.384
2910.000000	98	173	0.845	0.380
2916.000000	98	173	0.838	0.384
2922.000000	98	173	0.826	0.385
2928.000000	98	173	0.809	0.382
2934.000000	98	173	0.790	0.387
2940.000000	98	173	0.778	0.387
2946.000000	98	172	0.760	0.394
2952.000000	98	172	0.732	0.436
2958.000000	98	172	0.695	0.483
2964.000000	98	172	0.663	0.513
2970.000000	98	172	0.624	0.541
2976.000000	172	98	0.576	0.572
2982.000000	172	98	0.621	0.499
2988.000000	172	98	0.669	0.396
2994.000000	172	130	0.739	0.300
3000.000000	172	130	0.796	0.314
3006.000000	172	130	0.842	0.329
3012.000000	172	130	0.875	0.346
3018.000000	172	130	0.879	0.365
3024.000000	172	130	0.884	0.379
3030.000000	172	130	0.897	0.384
3036.000000	172	130	0.909	0.395
3042.000000	172	130	0.912	0.412
3048.000000	172	130	0.910	0.438
3054.000000	172	130	0.908	0.462
3060.000000	172	130	0.906	0.487
3066.000000	172	130	0.903	0.503
3072.000000	172	130	0.901	0.512
3078.000000	172	130	0.899	0.521
3084.000000	172	130	0.896	0.535
3090.000000	172	130	0.896	0.541
3096.000000	172	130	0.899	0.539
3102.000000	172	130	0.902	0.539
3108.000000	172	130	0.906	0.543
3114.000000	172	130	0.911	0.550
3120.000000	172	130	0.913	0.559
3126.000000	172	130	0.917	0.561
3132.000000	172	130	0.916	0.562
3138.000000	172	130	0.916	0.561
3144.000000	172	130	0.914	0.564
3150.000000	172	130	0.911	0.570
3156.000000	172	130	0.911	0.574
3162.000000	172	130	0.908	0.576
3168.000000	172	130	0.907	0.576
3174.000000	172	130	0.903	0.577
3180.000000	172	130	0.901	0.576
3186.000000	172	130	0.900	0.575
3192.000000	172	130	0.900	0.565
3198.000000	172	130	0.900	0.557
3204.000000	172	130	0.898	0.546
3210.000000	172	130	0.892	0.535
3216.000000	172	130	0.888	0.519
3222.000000	172	130	0.884	0.504
3228.000000	172	130	0.880	0.487
3234.000000	172	130	0.877	0.467
3240.000000	172	130	0.878	0.429
3246.000000	172	130	0.882	0.372
3252.000000	172	130	0.885	0.314
3258.000000	172	130	0.887	0.253
3264.000000	172	130	0.890	0.181
3270.000000	172	113	0.893	0.155
3276.000000	172	113	0.901	0.163
3282.000000	172	113	0.909	0.173
3288.000000	172	113	0.911	0.180
3294.000000	172	113	0.913	0.186
3300.000000	172	113	0.915	0.190
3306.000000	172	113	0.917	0.191
3312.000000	172	113	0.924	0.193
3318.000000	172	113	0.928	0.193
3324.000000	172	113	0.924	0.192
3330.000000	172	83	0.918	0.208
3336.000000	172	83	0.910	0.229
3342.000000	172	83	0.905	0.255
3348.000000	172	83	0.899	0.287
3354.000000	172	83	0.891	0.327
3360.000000	172	83	0.882	0.388
3366.000000	172	83	0.875	0.463
3372.000000	172	83	0.864	0.541
3378.000000	172	83	0.843	0.605
3384.000000	172	83	0.806	0.666
3390.000000	172	83	0.749	0.723
3396.000000	83	172	0.793	0.663
3402.000000	83	172	0.868	0.541
3408.000000	83	172	0.904	0.392
3414.000000	83	172	0.927	0.192
3420.000000	83	113	0.947	0.150
3426.000000	83	113	0.955	0.143
3432.000000	83	113	0.959	0.148
3438.000000	83	113	0.958	0.158
3444.000000	83	113	0.961	0.164
3450.000000	83	113	0.961	0.167
3456.000000	83	113	0.959	0.169
3462.000000	83	113	0.957	0.169
3468.000000	83	51	0.954	0.183
3474.000000	83	51	0.951	0.200
3480.000000	83	51	0.948	0.219
3486.000000	83	51	0.945	0.245
3492.000000	83	51	0.942	0.271
3498.000000	83	51	0.940	0.289
3504.000000	83	51	0.937	0.307
3510.000000	83	51	0.934	0.325
3516.000000	83	51	0.930	0.341
3522.000000	83	51	0.927	0.359
3528.000000	83	51	0.924	0.379
3534.000000	83	51	0.918	0.396
3540.000000	83	51	0.912	0.413
3546.000000	83	51	0.907	0.431
3552.000000	83	51	0.901	0.450
3558.000000	83	51	0.897	0.465
3564.000000	83	51	0.894	0.478
3570.000000	83	51	0.891	0.491
3576.000000	83	51	0.886	0.510
3582.000000	83	51	0.877	0.528
3588.000000	83	51	0.874	0.544
3594.000000	83	51	0.871	0.556
3600.000000	83	51	0.866	0.564
3606.000000	83	51	0.858	0.577
3612.000000	83	51	0.850	0.591
3618.000000	83	51	0.840	0.604
3624.000000	83	51	0.835	0.613
3630.000000	83	51	0.832	0.626
3636.000000	83	51	0.830	0.646
3642.000000	83	51	0.829	0.658
3648.000000	83	51	0.824	0.671
3654.000000	83	51	0.811	0.685
3660.000000	83	51	0.797	0.703
3666.000000	83	51	0.781	0.710
3672.000000	83	51	0.748	0.725
3678.000000	51	83	0.732	0.720
3684.000000	51	83	0.749	0.680
3690.000000	51	83	0.763	0.634
3696.000000	51	83	0.775	0.566
3702.000000	51	83	0.798	0.469
3708.000000	51	83	0.835	0.350
3714.000000	51	183	0.882	0.311
3720.000000	51	183	0.901	0.317
3726.000000	51	183	0.921	0.310
3732.000000	51	183	0.927	0.316
3738.000000	51	183	0.929	0.328
3744.000000	51	183	0.929	0.338
3750.000000	51	183	0.930	0.336
3756.000000	51	183	0.928	0.334
3762.000000	51	183	0.928	0.332
3768.000000	51	183	0.929	0.331
3774.000000	51	183	0.929	0.331
3780.000000	51	183	0.926	0.330
3786.000000	51	183	0.925	0.323
3792.000000	51	183	0.923	0.313
3798.000000	51	183	0.922	0.307
3804.000000	51	183	0.918	0.298
3810.000000	51	183	0.912	0.289
3816.000000	51	183	0.905	0.283
3822.000000	51	183	0.899	0.277
3828.000000	51	183	0.896	0.261
3834.000000	51	183	0.894	0.242
3840.000000	51	183	0.891	0.223
3846.000000	51	183	0.888	0.195
3852.000000	51	122	0.883	0.175
3858.000000	51	122	0.875	0.165
3864.000000	51	73	0.869	0.170
3870.000000	51	73	0.866	0.170
3876.000000	51	73	0.859	0.169
3882.000000	51	73	0.849	0.175
3888.000000	51	73	0.842	0.181
3894.000000	51	73	0.833	0.185
3900.000000	51	73	0.818	0.192
3906.000000	51	73	0.802	0.206
3912.000000	51	73	0.789	0.215
3918.000000	51	73	0.775	0.226
3924.000000	51	73	0.759	0.235
3930.000000	51	73	0.741	0.243
3936.000000	51	73	0.717	0.257
3942.000000	51	73	0.690	0.272
3948.000000	51	73	0.655	0.289
3954.000000	51	73	0.603	0.317
3960.000000	51	73	0.533	0.350
3966.000000	51	73	0.433	0.383
3972.000000	73	51	0.432	0.292
3978.000000	73	175	0.511	0.226
3984.000000	73	182	0.606	0.231
3990.000000	73	182	0.685	0.230
3996.000000	73	175	0.725	0.234
4002.000000	73	175	0.750	0.241
4008.000000	73	175	0.781	0.253
4014.000000	73	175	0.809	0.261
4020.000000	73	175	0.828	0.267
4026.000000	73	71	0.842	0.274
4032.000000	73	71	0.852	0.294
4038.000000	73	71	0.860	0.319
4044.000000	73	71	0.866	0.351
4050.000000	73	71	0.870	0.379
4056.000000	73	71	0.874	0.409
4062.000000	73	71	0.875	0.434
4068.000000	73	71	0.878	0.458
4074.000000	73	71	0.881	0.478
4080.000000	73	71	0.883	0.489
4086.000000	73	71	0.882	0.496
4092.000000	73	71	0.879	0.508
4098.000000	73	71	0.878	0.522
4104.000000	73	71	0.876	0.540
4110.000000	73	71	0.875	0.561
4116.000000	73	71	0.875	0.577
4122.000000	73	71	0.876	0.591
4128.000000	73	71	0.877	0.606
4134.000000	73	71	0.879	0.636
4140.000000	73	71	0.881	0.656
4146.000000	73	71	0.876	0.679
4152.000000	73	71	0.876	0.698
4158.000000	73	71	0.877	0.716
4164.000000	73	71	0.878	0.735
4170.000000	73	71	0.877	0.752
4176.000000	73	71	0.877	0.772
4182.000000	73	71	0.878	0.785
4188.000000	73	71	0.879	0.792
4194.000000	73	71	0.878	0.801
4200.000000	73	71	0.868	0.812
4206.000000	73	71	0.862	0.818
4212.000000	73	71	0.855	0.825
4218.000000	73	71	0.853	0.827
4224.000000	73	71	0.846	0.831
4230.000000	71	73	0.836	0.835
4236.000000	71	73	0.839	0.830
4242.000000	71	73	0.848	0.820
4248.000000	71	73	0.853	0.808
4254.000000	71	73	0.857	0.790
4260.000000	71	73	0.860	0.770
4266.000000	71	73	0.861	0.749
4272.000000	71	73	0.867	0.724
4278.000000	71	73	0.879	0.689
4284.000000	71	73	0.892	0.644
4290.000000	71	73	0.911	0.571
4296.000000	71	73	0.926	0.476
4302.000000	71	73	0.948	0.318
4308.000000	71	73	0.972	0.130
4314.000000	71	168	0.978	0.077
4320.000000	71	168	0.978	0.073
4326.000000	71	168	0.978	0.072
4332.000000	71	168	0.977	0.073
4338.000000	71	168	0.976	0.076
4344.000000	71	168	0.976	0.081
4350.000000	71	168	0.975	0.086
4356.000000	71	168	0.974	0.090
4362.000000	71	168	0.974	0.092
4368.000000	71	168	0.973	0.096
4374.000000	71	168	0.973	0.102
4380.000000	71	168	0.972	0.108
4386.000000	71	168	0.972	0.110
4392.000000	71	168	0.972	0.113
4398.000000	71	168	0.973	0.121
4404.000000	71	168	0.973	0.132
4410.000000	71	168	0.973	0.141
4416.000000	71	168	0.972	0.146
4422.000000	71	168	0.971	0.152
4428.000000	71	168	0.970	0.159
4434.000000	71	168	0.969	0.167
4440.000000	71	168	0.967	0.173
4446.000000	71	168	0.964	0.179
4452.000000	71	168	0.960	0.186
4458.000000	71	168	0.956	0.190
4464.000000	71	168	0.952	0.194
4470.000000	71	168	0.946	0.199
4476.000000	71	168	0.940	0.207
4482.000000	71	168	0.936	0.215
4488.000000	71	168	0.932	0.224
4494.000000	71	168	0.927	0.231
4500.000000	71	168	0.920	0.244
4506.000000	71	168	0.911	0.264
4512.000000	71	168	0.901	0.288
4518.000000	71	168	0.891	0.322
4524.000000	71	168	0.876	0.355
4530.000000	71	168	0.860	0.389
4536.000000	71	168	0.840	0.428
4542.000000	71	168	0.810	0.475
4548.000000	71	168	0.775	0.541
4554.000000	71	168	0.732	0.607
4560.000000	168	71	0.683	0.667
4566.000000	168	71	0.766	0.546
4572.000000	168	71	0.830	0.337
4578.000000	168	104	0.900	0.350
4584.000000	168	104	0.926	0.392
4590.000000	168	104	0.933	0.443
4596.000000	168	104	0.929	0.503
4602.000000	168	104	0.928	0.555
4608.000000	168	104	0.925	0.588
4614.000000	168	104	0.923	0.603
4620.000000	168	104	0.922	0.613
4626.000000	168	104	0.921	0.619
4632.000000	168	104	0.919	0.624
4638.000000	168	104	0.916	0.632
4644.000000	168	104	0.908	0.641
4650.000000	168	104	0.907	0.642
4656.000000	168	104	0.904	0.644
4662.000000	168	104	0.900	0.646
4668.000000	168	104	0.894	0.650
4674.000000	168	104	0.888	0.659
4680.000000	168	104	0.885	0.667
4686.000000	168	104	0.883	0.671
4692.000000	168	104	0.880	0.674
4698.000000	168	104	0.875	0.682
4704.000000	168	104	0.872	0.686
4710.000000	168	104	0.869	0.688
4716.000000	168	104	0.866	0.693
4722.000000	168	104	0.864	0.695
4728.000000	168	104	0.862	0.696
4734.000000	168	104	0.857	0.702
4740.000000	168	104	0.845	0.714
4746.000000	168	104	0.833	0.724
4752.000000	168	104	0.827	0.729
4758.000000	168	104	0.820	0.737
4764.000000	168	104	0.814	0.741
4770.000000	168	104	0.811	0.741
4776.000000	168	104	0.806	0.742
4782.000000	168	104	0.798	0.749
4788.000000	168	104	0.785	0.759
4794.000000	168	104	0.775	0.763
4800.000000	168	104	0.764	0.763
4806.000000	104	168	0.761	0.751
4812.000000	104	168	0.763	0.734
4818.000000	104	168	0.772	0.709
4824.000000	104	168	0.776	0.682
4830.000000	104	168	0.785	0.640
4836.000000	104	168	0.802	0.580
4842.000000	104	168	0.815	0.513
4848.000000	104	168	0.836	0.410
4854.000000	104	169	0.861	0.292
4860.000000	104	169	0.886	0.314
4866.000000	104	169	0.908	0.328
4872.000000	104	169	0.911	0.356
4878.000000	104	169	0.912	0.391
4884.000000	104	169	0.911	0.431
4890.000000	104	169	0.910	0.472
4896.000000	104	169	0.908	0.512
4902.000000	104	169	0.908	0.553
4908.000000	104	169	0.905	0.574
4914.000000	104	169	0.898	0.590
4920.000000	104	169	0.893	0.605
4926.000000	104	169	0.884	0.622
4932.000000	104	169	0.871	0.637
4938.000000	104	169	0.855	0.649
4944.000000	104	169	0.840	0.668
4950.000000	104	169	0.826	0.689
4956.000000	104	169	0.813	0.704
4962.000000	104	169	0.788	0.716
4968.000000	104	169	0.758	0.731
4974.000000	169	104	0.757	0.719
4980.000000	169	104	0.777	0.668
4986.000000	169	104	0.796	0.602
4992.000000	169	104	0.819	0.513
4998.000000	169	104	0.842	0.383
5004.000000	169	104	0.873	0.233
5010.000000	169	87	0.907	0.151
5016.000000	169	88	0.921	0.157
5022.000000	169	88	0.928	0.159
5028.000000	169	88	0.932	0.166
5034.000000	169	88	0.931	0.176
5040.000000	169	88	0.931	0.186
5046.000000	169	88	0.929	0.194
5052.000000	169	88	0.926	0.203
5058.000000	169	88	0.924	0.210
5064.000000	169	88	0.925	0.217
5070.000000	169	88	0.922	0.224
5076.000000	169	88	0.919	0.226
5082.000000	169	88	0.915	0.230
5088.000000	169	88	0.914	0.231
5094.000000	169	88	0.912	0.233
5100.000000	169	88	0.910	0.238
5106.000000	169	88	0.908	0.241
5112.000000	169	88	0.907	0.242
5118.000000	169	88	0.906	0.244
5124.000000	169	88	0.905	0.245
5130.000000	169	88	0.904	0.244
5136.000000	169	88	0.904	0.242
5142.000000	169	88	0.902	0.244
5148.000000	169	88	0.899	0.251
5154.000000	169	88	0.896	0.253
5160.000000	169	88	0.893	0.250
5166.000000	169	88	0.888	0.244
5172.000000	169	88	0.880	0.236
5178.000000	169	88	0.874	0.228
5184.000000	169	84	0.870	0.222
5190.000000	169	84	0.867	0.227
5196.000000	169	84	0.864	0.232
5202.000000	169	84	0.863	0.233
5208.000000	169	84	0.856	0.237
5214.000000	169	84	0.848	0.241
5220.000000	169	84	0.840	0.242
5226.000000	169	84	0.832	0.242
5232.000000	169	84	0.824	0.241
5238.000000	169	84	0.814	0.239
5244.000000	169	84	0.804	0.240
5250.000000	169	84	0.791	0.245
5256.000000	169	84	0.774	0.244
5262.000000	169	84	0.758	0.247
5268.000000	169	84	0.737	0.258
5274.000000	169	84	0.702	0.268
5280.000000	169	84	0.655	0.274
5286.000000	169	84	0.592	0.275
5292.000000	169	84	0.509	0.280
5298.000000	169	84	0.391	0.293
5304.000000	84	169	0.320	0.217
5310.000000	84	81	0.347	0.211
5316.000000	84	81	0.350	0.230
5322.000000	84	81	0.353	0.256
5328.000000	84	81	0.363	0.282
5334.000000	84	81	0.377	0.303
5340.000000	84	81	0.384	0.319
5346.000000	84	81	0.398	0.340
5352.000000	84	81	0.410	0.351
5358.000000	84	81	0.410	0.363
5364.000000	84	81	0.410	0.375
5370.000000	84	81	0.412	0.385
5376.000000	84	81	0.414	0.400
5382.000000	81	84	0.418	0.414
5388.000000	81	84	0.434	0.413
5394.000000	81	84	0.443	0.407
5400.000000	81	84	0.459	0.399
5406.000000	81	84	0.490	0.388
5412.000000	81	84	0.506	0.378
5418.000000	81	84	0.518	0.367
5424.000000	81	84	0.534	0.360
5430.000000	81	84	0.556	0.347
5436.000000	81	120	0.579	0.356
5442.000000	81	120	0.604	0.365
5448.000000	81	120	0.626	0.371
5454.000000	81	120	0.650	0.380
5460.000000	81	120	0.674	0.387
5466.000000	81	120	0.693	0.395
5472.000000	81	120	0.714	0.407
5478.000000	81	120	0.742	0.417
5484.000000	81	120	0.778	0.423
5490.000000	81	120	0.799	0.432
5496.000000	81	120	0.815	0.443
5502.000000	81	120	0.833	0.453
5508.000000	81	120	0.843	0.463
5514.000000	81	120	0.847	0.475
5520.000000	81	120	0.857	0.486
5526.000000	81	120	0.870	0.492
5532.000000	81	120	0.883	0.500
5538.000000	81	120	0.893	0.501
5544.000000	81	120	0.898	0.499
5550.000000	81	120	0.903	0.501
5556.000000	81	120	0.911	0.493
5562.000000	81	120	0.916	0.486
5568.000000	81	120	0.918	0.483
5574.000000	81	120	0.920	0.483
5580.000000	81	120	0.920	0.480
5586.000000	81	120	0.921	0.476
5592.000000	81	120	0.920	0.468
5598.000000	81	120	0.920	0.453
5604.000000	81	120	0.925	0.439
5610.000000	81	120	0.928	0.427
5616.000000	81	120	0.929	0.415
5622.000000	81	120	0.928	0.403
5628.000000	81	120	0.928	0.388
5634.000000	81	120	0.928	0.369
5640.000000	81	120	0.928	0.344
5646.000000	81	120	0.928	0.309
5652.000000	81	120	0.928	0.275
5658.000000	81	120	0.930	0.233
5664.000000	81	120	0.932	0.172
5670.000000	81	120	0.935	0.124
5676.000000	81	158	0.937	0.116
5682.000000	81	158	0.935	0.113
5688.000000	81	158	0.934	0.113
5694.000000	81	158	0.932	0.112
5700.000000	81	158	0.932	0.107
5706.000000	81	158	0.931	0.098
5712.000000	81	158	0.931	0.092
5718.000000	81	35	0.933	0.089
5724.000000	81	153	0.933	0.089
5730.000000	81	153	0.934	0.094
5736.000000	81	153	0.935	0.100
5742.000000	81	153	0.937	0.106
5748.000000	81	153	0.939	0.113
5754.000000	81	153	0.937	0.118
5760.000000	81	153	0.936	0.118
5766.000000	81	153	0.936	0.118
5772.000000	81	153	0.936	0.121
5778.000000	81	153	0.936	0.126
5784.000000	81	153	0.935	0.132
5790.000000	81	153	0.933	0.139
5796.000000	81	153	0.929	0.146
5802.000000	81	153	0.925	0.155
5808.000000	81	153	0.922	0.166
5814.000000	81	153	0.918	0.177
5820.000000	81	153	0.915	0.192
5826.000000	81	153	0.913	0.209
5832.000000	81	153	0.911	0.224
5838.000000	81	153	0.910	0.242
5844.000000	81	153	0.907	0.264
5850.000000	81	153	0.904	0.294
5856.000000	81	153	0.898	0.336
5862.000000	81	153	0.888	0.387
5868.000000	81	153	0.875	0.463
5874.000000	81	153	0.858	0.568
5880.000000	81	153	0.828	0.665
5886.000000	81	153	0.783	0.738
5892.000000	153	81	0.807	0.715
5898.000000	153	81	0.861	0.619
5904.000000	153	81	0.906	0.472
5910.000000	153	81	0.936	0.278
5916.000000	153	142	0.963	0.088
5922.000000	153	142	0.978	0.080
5928.000000	153	159	0.980	0.081
5934.000000	153	159	0.979	0.086
5940.000000	153	159	0.977	0.095
5946.000000	153	159	0.975	0.105
5952.000000	153	159	0.973	0.115
5958.000000	153	159	0.970	0.128
5964.000000	153	159	0.966	0.140
5970.000000	153	159	0.962	0.155
5976.000000	153	159	0.959	0.179
5982.000000	153	159	0.957	0.204
5988.000000	153	159	0.953	0.220
5994.000000	153	159	0.949	0.235
6000.000000	153	159	0.945	0.249
6006.000000	153	159	0.940	0.272
6012.000000	153	159	0.937	0.299
6018.000000	153	159	0.934	0.325
6024.000000	153	159	0.930	0.347
6030.000000	153	159	0.926	0.364
6036.000000	153	159	0.922	0.382
6042.000000	153	159	0.918	0.403
6048.000000	153	159	0.909	0.431
6054.000000	153	159	0.903	0.451
6060.000000	153	159	0.893	0.467
6066.000000	153	159	0.887	0.482
6072.000000	153	159	0.878	0.499
6078.000000	153	159	0.869	0.513
6084.000000	153	159	0.851	0.536
6090.000000	153	159	0.842	0.548
6096.000000	153	159	0.836	0.558
6102.000000	153	159	0.829	0.571
6108.000000	153	159	0.818	0.587
6114.000000	153	159	0.810	0.603
6120.000000	153	159	0.795	0.624
6126.000000	153	159	0.768	0.651
6132.000000	153	159	0.746	0.671
6138.000000	153	159	0.715	0.692
6144.000000	159	153	0.721	0.683
6150.000000	159	153	0.750	0.641
6156.000000	159	153	0.770	0.598
6162.000000	159	153	0.784	0.542
6168.000000	159	153	0.805	0.467
6174.000000	159	153	0.833	0.354
6180.000000	159	178	0.866	0.331
6186.000000	159	178	0.889	0.335
6192.000000	159	178	0.898	0.339
6198.000000	159	178	0.909	0.346
6204.000000	159	178	0.913	0.356
6210.000000	159	178	0.914	0.362
6216.000000	159	178	0.914	0.364
6222.000000	159	178	0.918	0.363
6228.000000	159	178	0.920	0.356
6234.000000	159	178	0.921	0.347
6240.000000	159	178	0.920	0.339
6246.000000	159	178	0.919	0.336
6252.000000	159	178	0.918	0.335
6258.000000	159	178	0.920	0.332
6264.000000	159	178	0.920	0.330
6270.000000	159	178	0.919	0.325
6276.000000	159	178	0.918	0.319
6282.000000	159	178	0.915	0.313
6288.000000	159	178	0.913	0.301
6294.000000	159	178	0.912	0.289
6300.000000	159	178	0.913	0.272
6306.000000	159	178	0.912	0.248
6312.000000	159	178	0.910	0.225
6318.000000	159	3	0.909	0.223
6324.000000	159	3	0.910	0.235
6330.000000	159	3	0.908	0.251
6336.000000	159	3	0.909	0.274
6342.000000	159	3	0.907	0.308
6348.000000	159	3	0.902	0.336
6354.000000	159	3	0.895	0.361
6360.000000	159	3	0.885	0.397
6366.000000	159	3	0.874	0.437
6372.000000	159	3	0.861	0.466
6378.000000	159	3	0.848	0.500
6384.000000	159	3	0.832	0.535
6390.000000	159	3	0.811	0.569
6396.000000	159	3	0.781	0.598
6402.000000	159	3	0.749	0.623
6408.000000	159	3	0.716	0.641
6414.000000	3	159	0.670	0.658
6420.000000	3	159	0.711	0.591
6426.000000	3	159	0.754	0.505
6432.000000	3	159	0.811	0.359
6438.000000	3	7	0.852	0.228
6444.000000	3	7	0.881	0.230
6450.000000	3	7	0.897	0.230
6456.000000	3	7	0.921	0.221
6462.000000	3	7	0.927	0.212
6468.000000	3	7	0.924	0.204
6474.000000	3	7	0.924	0.195
6480.000000	3	7	0.927	0.188
6486.000000	3	7	0.930	0.179
6492.000000	3	122	0.929	0.174
6498.000000	3	7	0.929	0.167
6504.000000	3	7	0.932	0.163
6510.000000	3	7	0.934	0.157
6516.000000	3	7	0.936	0.151
6522.000000	3	7	0.935	0.148
6528.000000	3	7	0.934	0.145
6534.000000	3	7	0.933	0.140
6540.000000	3	1	0.932	0.136
6546.000000	3	1	0.934	0.133
6552.000000	3	1	0.934	0.131
6558.000000	3	1	0.934	0.130
6564.000000	3	1	0.934	0.131
6570.000000	3	1	0.934	0.131
6576.000000	3	1	0.934	0.132
6582.000000	3	87	0.934	0.133
6588.000000	3	87	0.934	0.137
6594.000000	3	87	0.934	0.142
6600.000000	3	87	0.934	0.143
6606.000000	3	87	0.933	0.143
6612.000000	3	87	0.932	0.144
6618.000000	3	87	0.931	0.143
6624.000000	3	87	0.930	0.145
6630.000000	3	87	0.928	0.146
6636.000000	3	87	0.924	0.146
6642.000000	3	87	0.922	0.147
6648.000000	3	87	0.921	0.147
6654.000000	3	87	0.919	0.147
6660.000000	3	87	0.917	0.149
6666.000000	3	87	0.916	0.150
6672.000000	3	87	0.916	0.144
6678.000000	3	39	0.915	0.145
6684.000000	3	39	0.910	0.153
6690.000000	3	39	0.906	0.160
6696.000000	3	39	0.900	0.165
6702.000000	3	39	0.894	0.171
6708.000000	3	39	0.889	0.177
6714.000000	3	39	0.885	0.184
6720.000000	3	39	0.881	0.195
6726.000000	3	39	0.878	0.209
6732.000000	3	39	0.873	0.221
6738.000000	3	39	0.865	0.235
6744.000000	3	39	0.854	0.251
6750.000000	3	39	0.837	0.273
6756.000000	3	39	0.818	0.298
6762.000000	3	39	0.787	0.325
6768.000000	3	39	0.739	0.357
6774.000000	3	39	0.671	0.407
6780.000000	3	39	0.567	0.468
6786.000000	39	13	0.559	0.529
6792.000000	39	13	0.640	0.607
6798.000000	39	13	0.704	0.679
6804.000000	39	13	0.747	0.730
6810.000000	39	13	0.780	0.747
6816.000000	39	13	0.800	0.748
6822.000000	39	13	0.809	0.753
6828.000000	39	13	0.814	0.755
6834.000000	39	13	0.815	0.758
6840.000000	39	13	0.817	0.757
6846.000000	39	13	0.823	0.757
6852.000000	39	13	0.831	0.756
6858.000000	39	13	0.837	0.753
6864.000000	39	13	0.834	0.755
6870.000000	39	13	0.834	0.755
6876.000000	39	13	0.838	0.751
6882.000000	39	13	0.837	0.750
6888.000000	39	13	0.837	0.750
6894.000000	39	13	0.840	0.747
6900.000000	39	13	0.842	0.743
6906.000000	39	13	0.841	0.743
6912.000000	39	13	0.839	0.745
6918.000000	39	13	0.839	0.746
6924.000000	39	13	0.836	0.751
6930.000000	39	13	0.835	0.753
6936.000000	39	13	0.837	0.750
6942.000000	39	13	0.837	0.750
6948.000000	39	13	0.837	0.749
6954.000000	39	13	0.837	0.747
6960.000000	39	13	0.838	0.744
6966.000000	39	13	0.835	0.745
6972.000000	39	13	0.834	0.742
6978.000000	39	13	0.835	0.735
6984.000000	39	13	0.837	0.726
6990.000000	39	13	0.838	0.723
6996.000000	39	13	0.838	0.719
7002.000000	39	13	0.835	0.718
7008.000000	39	13	0.833	0.713
7014.000000	39	13	0.835	0.698
7020.000000	39	13	0.837	0.682
7026.000000	39	13	0.840	0.665
7032.000000	39	13	0.839	0.645
7038.000000	39	13	0.841	0.606
7044.000000	39	13	0.838	0.559
7050.000000	39	13	0.838	0.498
7056.000000	39	13	0.847	0.408
7062.000000	39	13	0.857	0.293
7068.000000	39	13	0.876	0.159
7074.000000	39	146	0.882	0.075
7080.000000	39	146	0.892	0.080
7086.000000	39	146	0.890	0.088
7092.000000	39	146	0.889	0.096
7098.000000	39	146	0.889	0.102
7104.000000	39	146	0.887	0.107
7110.000000	39	146	0.884	0.114
7116.000000	39	146	0.883	0.123
7122.000000	39	146	0.881	0.134
7128.000000	39	146	0.876	0.144
7134.000000	39	146	0.869	0.153
7140.000000	39	146	0.860	0.159
7146.000000	39	146	0.851	0.169
7152.000000	39	146	0.839	0.180
7158.000000	39	146	0.828	0.187
7164.000000	39	15	0.818	0.191
7170.000000	39	15	0.799	0.197
7176.000000	39	15	0.774	0.208
7182.000000	39	15	0.751	0.222
7188.000000	39	15	0.726	0.239
7194.000000	39	15	0.694	0.248
7200.000000	39	15	0.652	0.256
7206.000000	39	15	0.600	0.273
7212.000000	39	15	0.534	0.295
7218.000000	39	15	0.447	0.331
7224.000000	15	39	0.367	0.322
7230.000000	15	112	0.406	0.228
7236.000000	15	112	0.442	0.239
7242.000000	15	112	0.485	0.253
7248.000000	15	112	0.525	0.267
7254.000000	15	112	0.553	0.284
7260.000000	15	112	0.578	0.296
7266.000000	15	112	0.596	0.319
7272.000000	15	112	0.609	0.344
7278.000000	15	112	0.624	0.366
7284.000000	15	112	0.636	0.383
7290.000000	15	112	0.661	0.395
7296.000000	15	112	0.678	0.410
7302.000000	15	112	0.697	0.424
7308.000000	15	112	0.715	0.436
7314.000000	15	112	0.733	0.446
7320.000000	15	112	0.742	0.459
7326.000000	15	112	0.754	0.468
7332.000000	15	112	0.761	0.485
7338.000000	15	112	0.766	0.496
7344.000000	15	112	0.779	0.505
7350.000000	15	112	0.791	0.520
7356.000000	15	112	0.800	0.539
7362.000000	15	112	0.812	0.557
7368.000000	15	112	0.815	0.577
7374.000000	15	112	0.823	0.601
7380.000000	15	112	0.828	0.619
7386.000000	15	112	0.829	0.635
7392.000000	15	112	0.831	0.651
7398.000000	15	112	0.831	0.666
7404.000000	15	112	0.829	0.680
7410.000000	15	112	0.824	0.690
7416.000000	15	112	0.820	0.701
7422.000000	15	112	0.818	0.711
7428.000000	15	112	0.815	0.723
7434.000000	15	112	0.812	0.729
7440.000000	15	112	0.805	0.738
7446.000000	15	112	0.809	0.743
7452.000000	15	112	0.808	0.758
7458.000000	15	112	0.802	0.771
7464.000000	15	112	0.794	0.780
7470.000000	15	112	0.789	0.786
7476.000000	112	15	0.793	0.780
7482.000000	112	15	0.802	0.763
7488.000000	112	15	0.817	0.744
7494.000000	112	15	0.830	0.716
7500.000000	112	15	0.843	0.686
7506.000000	112	15	0.856	0.641
7512.000000	112	15	0.867	0.593
7518.000000	112	15	0.883	0.535
7524.000000	112	15	0.896	0.468
7530.000000	112	15	0.909	0.368
7536.000000	112	15	0.924	0.251
7542.000000	112	15	0.937	0.123
7548.000000	112	107	0.946	0.133
7554.000000	112	107	0.951	0.139
7560.000000	112	107	0.954	0.148
7566.000000	112	107	0.955	0.161
7572.000000	112	107	0.956	0.172
7578.000000	112	107	0.955	0.181
7584.000000	112	107	0.952	0.192
7590.000000	112	107	0.950	0.204
7596.000000	112	107	0.948	0.215
7602.000000	112	107	0.944	0.228
7608.000000	112	107	0.942	0.243
7614.000000	112	107	0.941	0.260
7620.000000	112	107	0.935	0.282
7626.000000	112	107	0.929	0.306
7632.000000	112	107	0.924	0.326
7638.000000	112	107	0.920	0.341
7644.000000	112	107	0.916	0.360
7650.000000	112	107	0.910	0.389
7656.000000	112	107	0.902	0.421
7662.000000	112	107	0.890	0.450
7668.000000	112	107	0.878	0.477
7674.000000	112	107	0.868	0.508
7680.000000	112	107	0.854	0.537
7686.000000	112	107	0.838	0.560
7692.000000	112	107	0.813	0.581
7698.000000	112	107	0.786	0.602
7704.000000	112	107	0.751	0.628
7710.000000	112	107	0.700	0.654
7716.000000	107	112	0.684	0.639
7722.000000	107	112	0.715	0.571
7728.000000	107	112	0.755	0.476
7734.000000	107	112	0.814	0.349
7740.000000	107	93	0.864	0.191
7746.000000	107	93	0.892	0.189
7752.000000	107	93	0.907	0.189
7758.000000	107	93	0.914	0.191
7764.000000	107	93	0.919	0.196
7770.000000	107	93	0.930	0.199
7776.000000	107	93	0.928	0.203
7782.000000	107	93	0.925	0.205
7788.000000	107	93	0.927	0.203
7794.000000	107	22	0.925	0.202
7800.000000	107	22	0.925	0.203
7806.000000	107	22	0.926	0.199
7812.000000	107	93	0.924	0.198
7818.000000	107	93	0.922	0.196
7824.000000	107	93	0.921	0.199
7830.000000	107	93	0.922	0.203
7836.000000	107	93	0.923	0.204
7842.000000	107	93	0.923	0.201
7848.000000	107	93	0.923	0.192
7854.000000	107	93	0.921	0.185
7860.000000	107	93	0.919	0.180
7866.000000	107	167	0.917	0.176
7872.000000	107	136	0.916	0.176
7878.000000	107	136	0.916	0.181
7884.000000	107	57	0.915	0.188
7890.000000	107	57	0.914	0.195
7896.000000	107	57	0.913	0.203
7902.000000	107	57	0.910	0.211
7908.000000	107	57	0.905	0.223
7914.000000	107	57	0.901	0.230
7920.000000	107	57	0.894	0.240
7926.000000	107	57	0.887	0.252
7932.000000	107	57	0.884	0.261
7938.000000	107	57	0.881	0.268
7944.000000	107	57	0.876	0.279
7950.000000	107	57	0.871	0.291
7956.000000	107	57	0.866	0.299
7962.000000	107	57	0.858	0.307
7968.000000	107	57	0.847	0.321
7974.000000	107	57	0.832	0.339
7980.000000	107	57	0.821	0.360
7986.000000	107	57	0.809	0.376
7992.000000	107	57	0.798	0.396
7998.000000	107	57	0.788	0.423
8004.000000	107	57	0.776	0.454
8010.000000	107	57	0.763	0.480
8016.000000	107	57	0.746	0.508
8022.000000	107	57	0.718	0.538
8028.000000	107	57	0.681	0.577
8034.000000	57	107	0.631	0.622
8040.000000	57	107	0.688	0.541
8046.000000	57	107	0.745	0.431
8052.000000	57	107	0.827	0.268
8058.000000	57	167	0.886	0.263
8064.000000	57	167	0.925	0.254
8070.000000	57	167	0.941	0.247
8076.000000	57	167	0.948	0.248
8082.000000	57	167	0.952	0.242
8088.000000	57	167	0.951	0.236
8094.000000	57	167	0.951	0.230
8100.000000	57	167	0.949	0.225
8106.000000	57	167	0.948	0.220
8112.000000	57	167	0.947	0.213
8118.000000	57	135	0.946	0.217
8124.000000	57	135	0.945	0.228
8130.000000	57	135	0.945	0.241
8136.000000	57	135	0.945	0.247
8142.000000	57	135	0.947	0.251
8148.000000	57	135	0.946	0.256
8154.000000	57	135	0.945	0.263
8160.000000	57	135	0.944	0.268
8166.000000	57	135	0.941	0.275
8172.000000	57	135	0.940	0.282
8178.000000	57	135	0.940	0.288
8184.000000	57	135	0.940	0.292
8190.000000	57	135	0.939	0.298
8196.000000	57	135	0.938	0.306
8202.000000	57	135	0.936	0.314
8208.000000	57	135	0.934	0.320
8214.000000	57	135	0.932	0.333
8220.000000	57	135	0.930	0.350
8226.000000	57	135	0.926	0.372
8232.000000	57	135	0.924	0.392
8238.000000	57	135	0.923	0.413
8244.000000	57	135	0.920	0.444
8250.000000	57	135	0.917	0.479
8256.000000	57	135	0.911	0.504
8262.000000	57	135	0.906	0.528
8268.000000	57	135	0.899	0.552
8274.000000	57	135	0.895	0.566
8280.000000	57	135	0.891	0.586
8286.000000	57	135	0.884	0.608
8292.000000	57	135	0.874	0.631
8298.000000	57	135	0.864	0.664
8304.000000	57	135	0.853	0.692
8310.000000	57	135	0.838	0.714
8316.000000	57	135	0.822	0.735
8322.000000	57	135	0.799	0.762
8328.000000	135	57	0.796	0.760
8334.000000	135	57	0.848	0.697
8340.000000	135	57	0.877	0.637
8346.000000	135	57	0.896	0.548
8352.000000	135	57	0.924	0.391
8358.000000	135	57	0.960	0.169
8364.000000	135	105	0.969	0.113
8370.000000	135	105	0.974	0.117
8376.000000	135	105	0.974	0.117
8382.000000	135	105	0.973	0.116
8388.000000	135	105	0.971	0.114
8394.000000	135	105	0.970	0.111
8400.000000	135	105	0.968	0.110
8406.000000	135	105	0.967	0.111
8412.000000	135	105	0.965	0.114
8418.000000	135	105	0.962	0.116
8424.000000	135	105	0.963	0.118
8430.000000	135	105	0.962	0.120
8436.000000	135	105	0.960	0.123
8442.000000	135	105	0.958	0.124
8448.000000	135	105	0.957	0.125
8454.000000	135	105	0.954	0.127
8460.000000	135	17	0.951	0.131
8466.000000	135	17	0.949	0.137
8472.000000	135	17	0.946	0.144
8478.000000	135	17	0.943	0.150
8484.000000	135	17	0.941	0.158
8490.000000	135	17	0.939	0.166
8496.000000	135	17	0.937	0.173
8502.000000	135	17	0.934	0.181
8508.000000	135	17	0.930	0.192
8514.000000	135	17	0.927	0.201
8520.000000	135	17	0.923	0.210
8526.000000	135	17	0.920	0.218
8532.000000	135	17	0.916	0.229
8538.000000	135	17	0.912	0.243
8544.000000	135	17	0.907	0.256
8550.000000	135	17	0.899	0.265
8556.000000	135	17	0.889	0.268
8562.000000	135	17	0.880	0.270
8568.000000	135	17	0.868	0.276
8574.000000	135	17	0.855	0.288
8580.000000	135	17	0.837	0.307
8586.000000	135	17	0.815	0.323
8592.000000	135	17	0.788	0.340
8598.000000	135	153	0.749	0.360
8604.000000	135	153	0.691	0.390
8610.000000	135	153	0.611	0.425
8616.000000	135	153	0.509	0.464
8622.000000	153	17	0.513	0.485
8628.000000	153	17	0.561	0.529
8634.000000	153	17	0.621	0.576
8640.000000	153	17	0.647	0.609
8646.000000	153	17	0.664	0.630
8652.000000	153	17	0.679	0.650
8658.000000	153	17	0.688	0.670
8664.000000	153	17	0.701	0.678
8670.000000	153	17	0.704	0.696
8676.000000	153	17	0.708	0.704
8682.000000	17	153	0.708	0.707
8688.000000	17	153	0.713	0.705
8694.000000	153	17	0.713	0.712
8700.000000	153	17	0.719	0.712
8706.000000	153	17	0.726	0.718
8712.000000	153	17	0.727	0.724
8718.000000	17	153	0.732	0.724
8724.000000	17	153	0.738	0.719
8730.000000	17	153	0.744	0.718
8736.000000	17	153	0.746	0.722
8742.000000	17	153	0.748	0.723
8748.000000	17	153	0.755	0.721
8754.000000	17	153	0.761	0.720
8760.000000	17	153	0.768	0.725
8766.000000	17	153	0.773	0.732
8772.000000	17	153	0.774	0.736
8778.000000	17	153	0.770	0.744
8784.000000	17	153	0.763	0.753
8790.000000	17	153	0.764	0.754
8796.000000	17	153	0.765	0.757
8802.000000	153	17	0.762	0.762
8808.000000	153	17	0.764	0.761
8814.000000	153	17	0.766	0.757
8820.000000	153	17	0.765	0.753
8826.000000	153	17	0.757	0.750
8832.000000	153	17	0.753	0.745
8838.000000	153	17	0.751	0.738
8844.000000	153	17	0.745	0.736
8850.000000	17	153	0.737	0.736
8856.000000	17	153	0.737	0.726
8862.000000	17	153	0.733	0.717
8868.000000	17	153	0.722	0.712
8874.000000	17	153	0.711	0.704
8880.000000	153	17	0.698	0.691
8886.000000	153	17	0.685	0.676
8892.000000	153	17	0.674	0.659
8898.000000	153	17	0.655	0.636
8904.000000	153	17	0.627	0.610
8910.000000	153	17	0.589	0.577
8916.000000	153	17	0.543	0.524
8922.000000	153	17	0.486	0.454
8928.000000	164	153	0.425	0.411
8934.000000	164	153	0.468	0.319
8940.000000	164	159	0.523	0.277
8946.000000	164	159	0.594	0.308
8952.000000	164	159	0.659	0.344
8958.000000	164	159	0.701	0.394
8964.000000	164	159	0.731	0.458
8970.000000	164	159	0.753	0.518
8976.000000	164	159	0.770	0.591
8982.000000	164	159	0.787	0.639
8988.000000	164	159	0.799	0.669
8994.000000	164	159	0.805	0.686
9000.000000	164	159	0.806	0.707
9006.000000	164	159	0.805	0.723
9012.000000	164	159	0.799	0.736
9018.000000	164	159	0.802	0.740
9024.000000	164	159	0.801	0.745
9030.000000	164	159	0.799	0.753
9036.000000	164	159	0.797	0.760
9042.000000	164	159	0.793	0.761
9048.000000	164	159	0.793	0.761
9054.000000	164	159	0.791	0.763
9060.000000	164	159	0.790	0.765
9066.000000	164	159	0.787	0.768
9072.000000	164	159	0.783	0.776
9078.000000	159	164	0.782	0.781
9084.000000	159	164	0.787	0.780
9090.000000	159	164	0.789	0.781
9096.000000	159	164	0.792	0.781
9102.000000	159	164	0.793	0.782
9108.000000	159	164	0.794	0.778
9114.000000	159	164	0.797	0.772
9120.000000	159	164	0.799	0.766
9126.000000	159	164	0.807	0.755
9132.000000	159	164	0.817	0.740
9138.000000	159	164	0.825	0.727
9144.000000	159	164	0.827	0.719
9150.000000	159	164	0.832	0.705
9156.000000	159	164	0.841	0.683
9162.000000	159	164	0.852	0.656
9168.000000	159	164	0.856	0.628
9174.000000	159	164	0.868	0.591
9180.000000	159	164	0.875	0.541
9186.000000	159	164	0.890	0.442
9192.000000	159	164	0.909	0.316
9198.000000	159	164	0.924	0.188
9204.000000	159	133	0.938	0.146
9210.000000	159	133	0.952	0.125
9216.000000	159	122	0.956	0.125
9222.000000	159	122	0.956	0.140
9228.000000	159	122	0.955	0.155
9234.000000	159	122	0.954	0.173
9240.000000	159	122	0.952	0.192
9246.000000	159	122	0.950	0.208
9252.000000	159	122	0.948	0.230
9258.000000	159	122	0.946	0.257
9264.000000	159	122	0.942	0.283
9270.000000	159	122	0.938	0.309
9276.000000	159	122	0.932	0.335
9282.000000	159	122	0.927	0.365
9288.000000	159	122	0.920	0.398
9294.000000	159	122	0.910	0.434
9300.000000	159	122	0.900	0.469
9306.000000	159	122	0.889	0.510
9312.000000	159	122	0.879	0.557
9318.000000	159	122	0.857	0.617
9324.000000	159	122	0.837	0.648
9330.000000	159	122	0.811	0.676
9336.000000	159	122	0.768	0.716
9342.000000	122	159	0.749	0.723
9348.000000	122	159	0.783	0.665
9354.000000	122	159	0.836	0.575
9360.000000	122	159	0.885	0.441
9366.000000	122	159	0.919	0.263
9372.000000	122	100	0.939	0.099
9378.000000	122	187	0.951	0.096
9384.000000	122	187	0.953	0.100
9390.000000	122	187	0.962	0.108
9396.000000	122	187	0.965	0.119
9402.000000	122	187	0.964	0.130
9408.000000	122	187	0.963	0.141
9414.000000	122	187	0.961	0.152
9420.000000	122	187	0.959	0.167
9426.000000	122	187	0.955	0.181
9432.000000	122	187	0.954	0.190
9438.000000	122	187	0.953	0.202
9444.000000	122	187	0.952	0.218
9450.000000	122	187	0.951	0.234
9456.000000	122	187	0.949	0.254
9462.000000	122	187	0.948	0.280
9468.000000	122	187	0.947	0.309
9474.000000	122	187	0.946	0.340
9480.000000	122	187	0.946	0.364
9486.000000	122	187	0.944	0.381
9492.000000	122	187	0.943	0.401
9498.000000	122	187	0.941	0.424
9504.000000	122	187	0.940	0.439
9510.000000	122	187	0.938	0.450
9516.000000	122	187	0.936	0.462
9522.000000	122	187	0.931	0.480
9528.000000	122	187	0.923	0.503
9534.000000	122	187	0.916	0.528
9540.000000	122	187	0.906	0.551
9546.000000	122	187	0.897	0.576
9552.000000	122	187	0.887	0.602
9558.000000	122	187	0.880	0.621
9564.000000	122	187	0.871	0.643
9570.000000	122	187	0.857	0.668
9576.000000	122	187	0.847	0.681
9582.000000	122	187	0.829	0.697
9588.000000	122	187	0.811	0.714
9594.000000	122	187	0.786	0.733
9600.000000	122	187	0.759	0.749
9606.000000	187	122	0.762	0.731
9612.000000	187	122	0.786	0.694
9618.000000	187	122	0.812	0.645
9624.000000	187	122	0.833	0.581
9630.000000	187	122	0.858	0.504
9636.000000	187	122	0.898	0.387
9642.000000	187	122	0.923	0.238
9648.000000	187	51	0.944	0.122
9654.000000	187	51	0.960	0.112
9660.000000	187	51	0.964	0.109
9666.000000	187	51	0.964	0.106
9672.000000	187	51	0.964	0.100
9678.000000	187	51	0.964	0.092
9684.000000	187	178	0.965	0.089
9690.000000	187	178	0.966	0.092
9696.000000	187	178	0.967	0.093
9702.000000	187	178	0.969	0.094
9708.000000	187	178	0.968	0.098
9714.000000	187	178	0.968	0.100
9720.000000	187	178	0.968	0.103
9726.000000	187	178	0.968	0.108
9732.000000	187	178	0.969	0.112
9738.000000	187	178	0.970	0.114
9744.000000	187	178	0.969	0.115
9750.000000	187	178	0.967	0.114
9756.000000	187	12	0.966	0.117
9762.000000	187	12	0.966	0.123
9768.000000	187	12	0.966	0.129
9774.000000	187	12	0.965	0.137
9780.000000	187	12	0.964	0.144
9786.000000	187	12	0.963	0.152
9792.000000	187	12	0.962	0.159
9798.000000	187	12	0.961	0.164
9804.000000	187	12	0.959	0.168
9810.000000	187	12	0.956	0.175
9816.000000	187	12	0.953	0.182
9822.000000	187	12	0.947	0.188
9828.000000	187	12	0.942	0.192
9834.000000	187	12	0.938	0.195
9840.000000	187	12	0.932	0.199
9846.000000	187	12	0.927	0.203
9852.000000	187	12	0.922	0.205
9858.000000	187	12	0.917	0.209
9864.000000	187	12	0.913	0.214
9870.000000	187	12	0.909	0.216
9876.000000	187	12	0.904	0.219
9882.000000	187	12	0.895	0.226
9888.000000	187	12	0.888	0.233
9894.000000	187	12	0.884	0.239
9900.000000	187	12	0.878	0.241
9906.000000	187	12	0.872	0.242
9912.000000	187	12	0.865	0.248
9918.000000	187	12	0.852	0.259
9924.000000	187	12	0.834	0.271
9930.000000	187	12	0.818	0.283
9936.000000	187	12	0.797	0.299
9942.000000	187	12	0.769	0.318
9948.000000	187	12	0.733	0.344
9954.000000	187	12	0.675	0.385
9960.000000	187	12	0.581	0.442
9966.000000	12	187	0.530	0.413
9972.000000	12	155	0.668	0.208
9978.000000	12	155	0.785	0.194
9984.000000	12	155	0.865	0.196
9990.000000	12	155	0.900	0.214
9996.000000	12	155	0.922	0.230
10002.000000	12	155	0.928	0.252
10008.000000	12	155	0.927	0.280
10014.000000	12	155	0.925	0.303
10020.000000	12	155	0.924	0.325
10026.000000	12	155	0.924	0.358
10032.000000	12	155	0.922	0.393
10038.000000	12	155	0.920	0.421
10044.000000	12	155	0.918	0.449
10050.000000	12	155	0.916	0.471
10056.000000	12	155	0.917	0.486
10062.000000	12	155	0.918	0.504
10068.000000	12	155	0.917	0.523
10074.000000	12	155	0.915	0.535
10080.000000	12	155	0.913	0.547
10086.000000	12	155	0.912	0.552
10092.000000	12	155	0.910	0.559
10098.000000	12	155	0.907	0.569
10104.000000	12	155	0.907	0.583
10110.000000	12	155	0.907	0.599
10116.000000	12	155	0.907	0.608
10122.000000	12	155	0.906	0.619
10128.000000	12	155	0.904	0.634
10134.000000	12	155	0.900	0.648
10140.000000	12	155	0.900	0.657
10146.000000	12	155	0.898	0.665
10152.000000	12	155	0.896	0.669
10158.000000	12	155	0.889	0.674
10164.000000	12	155	0.883	0.678
10170.000000	12	155	0.882	0.686
10176.000000	12	155	0.878	0.699
10182.000000	12	155	0.875	0.708
10188.000000	12	155	0.873	0.714
10194.000000	12	155	0.868	0.724
10200.000000	12	155	0.853	0.745
10206.000000	12	155	0.849	0.756
10212.000000	12	155	0.839	0.770
10218.000000	12	155	0.818	0.790
10224.000000	155	12	0.808	0.794
10230.000000	155	12	0.816	0.783
10236.000000	155	12	0.829	0.761
10242.000000	155	12	0.845	0.728
10248.000000	155	12	0.862	0.679
10254.000000	155	12	0.881	0.613
10260.000000	155	12	0.904	0.520
10266.000000	155	12	0.928	0.376
10272.000000	155	12	0.958	0.187
10278.000000	155	154	0.972	0.058
10284.000000	155	38	0.976	0.057
10290.000000	155	38	0.977	0.057
10296.000000	155	142	0.978	0.058
10302.000000	155	142	0.978	0.061
10308.000000	155	70	0.978	0.063
10314.000000	155	70	0.979	0.068
10320.000000	155	70	0.979	0.074
10326.000000	155	70	0.978	0.080
10332.000000	155	70	0.977	0.084
10338.000000	155	70	0.976	0.088
10344.000000	155	70	0.974	0.091
10350.000000	155	70	0.971	0.093
10356.000000	155	70	0.970	0.095
10362.000000	155	70	0.969	0.099
10368.000000	155	70	0.968	0.105
10374.000000	155	70	0.967	0.113
10380.000000	155	70	0.965	0.122
10386.000000	155	70	0.963	0.128
10392.000000	155	70	0.962	0.134
10398.000000	155	70	0.960	0.140
10404.000000	155	70	0.959	0.145
10410.000000	155	70	0.957	0.150
10416.000000	155	70	0.954	0.155
10422.000000	155	70	0.949	0.162
10428.000000	155	70	0.943	0.169
10434.000000	155	70	0.938	0.176
10440.000000	155	70	0.931	0.184
10446.000000	155	70	0.924	0.193
10452.000000	155	70	0.918	0.205
10458.000000	155	70	0.913	0.215
10464.000000	155	70	0.907	0.223
10470.000000	155	70	0.897	0.232
10476.000000	155	70	0.888	0.241
10482.000000	155	70	0.878	0.252
10488.000000	155	70	0.866	0.263
10494.000000	155	70	0.853	0.275
10500.000000	155	70	0.832	0.288
10506.000000	155	70	0.804	0.299
10512.000000	155	70	0.776	0.310
10518.000000	155	70	0.733	0.327
10524.000000	155	70	0.682	0.353
10530.000000	155	115	0.608	0.394
10536.000000	155	115	0.486	0.473
10542.000000	115	70	0.564	0.460
10548.000000	115	70	0.665	0.523
10554.000000	115	70	0.748	0.579
10560.000000	115	70	0.793	0.617
10566.000000	115	70	0.811	0.634
10572.000000	115	70	0.831	0.641
10578.000000	115	70	0.831	0.651
10584.000000	115	70	0.829	0.660
10590.000000	115	70	0.828	0.668
10596.000000	115	70	0.828	0.675
10602.000000	115	70	0.829	0.682
10608.000000	115	70	0.830	0.685
10614.000000	115	70	0.830	0.690
10620.000000	115	70	0.831	0.694
10626.000000	115	70	0.832	0.694
10632.000000	115	70	0.832	0.693
10638.000000	115	70	0.832	0.691
10644.000000	115	70	0.833	0.687
10650.000000	115	70	0.838	0.680
10656.000000	115	70	0.842	0.676
10662.000000	115	70	0.847	0.669
10668.000000	115	70	0.848	0.667
10674.000000	115	70	0.854	0.662
10680.000000	115	70	0.858	0.657
10686.000000	115	70	0.870	0.644
10692.000000	115	70	0.875	0.639
10698.000000	115	70	0.879	0.635
10704.000000	115	70	0.881	0.627
10710.000000	115	70	0.884	0.614
10716.000000	115	70	0.888	0.590
10722.000000	115	70	0.892	0.564
10728.000000	115	70	0.895	0.539
10734.000000	115	70	0.897	0.509
10740.000000	115	70	0.900	0.469
10746.000000	115	70	0.906	0.401
10752.000000	115	70	0.919	0.303
10758.000000	115	70	0.942	0.163
10764.000000	115	30	0.953	0.140
10770.000000	115	30	0.961	0.143
10776.000000	115	30	0.965	0.149
10782.000000	115	30	0.965	0.153
10788.000000	115	30	0.965	0.156
10794.000000	115	58	0.963	0.163
10800.000000	115	58	0.962	0.171
10806.000000	115	58	0.960	0.179
10812.000000	115	58	0.957	0.188
10818.000000	115	58	0.953	0.196
10824.000000	115	58	0.951	0.206
10830.000000	115	58	0.948	0.213
10836.000000	115	58	0.945	0.220
10842.000000	115	58	0.942	0.224
10848.000000	115	58	0.939	0.228
10854.000000	115	58	0.935	0.232
10860.000000	115	58	0.932	0.234
10866.000000	115	58	0.931	0.235
10872.000000	115	58	0.930	0.235
10878.000000	115	58	0.928	0.238
10884.000000	115	58	0.927	0.242
10890.000000	115	58	0.925	0.248
10896.000000	115	58	0.923	0.254
10902.000000	115	58	0.919	0.261
10908.000000	115	58	0.914	0.269
10914.000000	115	58	0.906	0.271
10920.000000	115	58	0.901	0.270
10926.000000	115	58	0.895	0.264
10932.000000	115	58	0.886	0.260
10938.000000	115	58	0.878	0.256
10944.000000	115	58	0.869	0.249
10950.000000	115	58	0.857	0.244
10956.000000	115	58	0.839	0.236
10962.000000	115	58	0.816	0.224
10968.000000	115	58	0.795	0.212
10974.000000	115	58	0.770	0.209
10980.000000	115	58	0.735	0.205
10986.000000	115	58	0.684	0.196
10992.000000	115	58	0.614	0.190
10998.000000	115	58	0.516	0.176
11004.000000	115	58	0.346	0.158
11010.000000	58	11	0.134	0.116
11016.000000	11	58	0.116	0.111
11022.000000	11	58	0.123	0.100
11028.000000	11	169	0.133	0.094
11034.000000	11	169	0.142	0.097
11040.000000	11	172	0.152	0.106
11046.000000	11	38	0.166	0.112
11052.000000	11	172	0.180	0.121
11058.000000	11	172	0.202	0.134
11064.000000	11	172	0.234	0.147
11070.000000	11	172	0.276	0.166
11076.000000	11	172	0.324	0.185
11082.000000	11	172	0.381	0.202
11088.000000	11	172	0.434	0.227
11094.000000	11	172	0.481	0.257
11100.000000	11	172	0.522	0.281
11106.000000	11	172	0.554	0.307
11112.000000	11	172	0.575	0.327
11118.000000	11	172	0.592	0.342
11124.000000	11	172	0.611	0.356
11130.000000	11	172	0.616	0.369
11136.000000	11	172	0.622	0.379
11142.000000	11	172	0.627	0.387
11148.000000	11	172	0.634	0.396
11154.000000	11	172	0.637	0.400
11160.000000	11	172	0.643	0.403
11166.000000	11	172	0.650	0.408
11172.000000	11	172	0.657	0.414
11178.000000	11	172	0.663	0.420
11184.000000	11	172	0.670	0.427
11190.000000	11	172	0.675	0.435
11196.000000	11	172	0.681	0.441
11202.000000	11	172	0.685	0.442
11208.000000	11	172	0.690	0.450
11214.000000	11	172	0.703	0.459
11220.000000	11	172	0.720	0.465
11226.000000	11	172	0.739	0.469
11232.000000	11	172	0.750	0.469
11238.000000	11	172	0.754	0.465
11244.000000	11	172	0.761	0.474
11250.000000	11	172	0.771	0.480
11256.000000	11	172	0.779	0.477
11262.000000	11	172	0.787	0.477
11268.000000	11	172	0.798	0.480
11274.000000	11	172	0.807	0.480
11280.000000	11	172	0.815	0.478
11286.000000	11	172	0.821	0.474
11292.000000	11	172	0.826	0.473
11298.000000	11	172	0.835	0.472
11304.000000	11	172	0.843	0.466
11310.000000	11	172	0.844	0.455
11316.000000	11	172	0.847	0.443
11322.000000	11	172	0.854	0.420
11328.000000	11	172	0.860	0.387
11334.000000	11	83	0.864	0.403
11340.000000	11	83	0.864	0.418
11346.000000	11	83	0.869	0.436
11352.000000	11	83	0.873	0.448
11358.000000	11	83	0.879	0.464
11364.000000	11	83	0.882	0.478
11370.000000	11	83	0.888	0.487
11376.000000	11	83	0.884	0.499
11382.000000	11	83	0.883	0.506
11388.000000	11	83	0.880	0.517
11394.000000	11	83	0.877	0.530
11400.000000	11	83	0.872	0.539
11406.000000	11	83	0.864	0.552
11412.000000	11	83	0.860	0.561
11418.000000	11	83	0.857	0.567
11424.000000	11	83	0.851	0.575
11430.000000	11	83	0.843	0.578
11436.000000	11	83	0.837	0.574
11442.000000	11	83	0.827	0.569
11448.000000	11	83	0.817	0.564
11454.000000	11	83	0.807	0.562
11460.000000	11	83	0.786	0.566
11466.000000	11	83	0.753	0.583
11472.000000	11	83	0.729	0.591
11478.000000	11	83	0.698	0.603
11484.000000	11	83	0.655	0.615
11490.000000	83	11	0.638	0.578
11496.000000	83	11	0.669	0.470
11502.000000	83	113	0.715	0.340
11508.000000	83	113	0.741	0.346
11514.000000	83	113	0.781	0.343
11520.000000	83	113	0.816	0.335
11526.000000	83	113	0.853	0.324
11532.000000	83	113	0.876	0.323
11538.000000	83	113	0.888	0.311
11544.000000	83	113	0.903	0.294
11550.000000	83	113	0.918	0.277
11556.000000	83	113	0.928	0.259
11562.000000	83	113	0.934	0.239
11568.000000	83	113	0.936	0.221
11574.000000	83	113	0.939	0.208
11580.000000	83	113	0.941	0.191
11586.000000	83	113	0.948	0.176
11592.000000	83	113	0.953	0.159
11598.000000	83	113	0.954	0.132
11604.000000	83	113	0.961	0.097
11610.000000	83	113	0.962	0.073
11616.000000	83	63	0.963	0.060
11622.000000	83	63	0.965	0.064
11628.000000	83	63	0.965	0.066
11634.000000	83	63	0.964	0.067
11640.000000	83	63	0.963	0.069
11646.000000	83	63	0.964	0.074
11652.000000	83	63	0.965	0.077
11658.000000	83	63	0.965	0.081
11664.000000	83	63	0.964	0.084
11670.000000	83	63	0.962	0.087
11676.000000	83	63	0.962	0.090
11682.000000	83	63	0.962	0.094
11688.000000	83	63	0.961	0.099
11694.000000	83	63	0.960	0.103
11700.000000	83	63	0.958	0.105
11706.000000	83	63	0.956	0.106
11712.000000	83	63	0.954	0.105
11718.000000	83	63	0.951	0.103
11724.000000	83	63	0.949	0.101
11730.000000	83	43	0.948	0.106
11736.000000	83	43	0.947	0.114
11742.000000	83	43	0.947	0.120
11748.000000	83	43	0.946	0.122
11754.000000	83	43	0.945	0.122
11760.000000	83	43	0.943	0.127
11766.000000	83	43	0.942	0.130
11772.000000	83	43	0.942	0.129
11778.000000	83	43	0.942	0.129
11784.000000	83	43	0.941	0.131
11790.000000	83	43	0.940	0.133
11796.000000	83	43	0.939	0.137
11802.000000	83	43	0.936	0.141
11808.000000	83	43	0.933	0.142
11814.000000	83	43	0.931	0.144
11820.000000	83	43	0.931	0.148
11826.000000	83	43	0.930	0.150
11832.000000	83	43	0.930	0.153
11838.000000	83	43	0.930	0.157
11844.000000	83	43	0.932	0.161
11850.000000	83	43	0.932	0.163
11856.000000	83	43	0.931	0.164
11862.000000	83	43	0.931	0.169
11868.000000	83	43	0.931	0.172
11874.000000	83	43	0.933	0.172
11880.000000	83	43	0.935	0.173
11886.000000	83	43	0.938	0.171
11892.000000	83	43	0.941	0.165
11898.000000	83	43	0.942	0.159
11904.000000	83	43	0.942	0.154
11910.000000	83	43	0.941	0.144
11916.000000	83	43	0.941	0.133
11922.000000	83	43	0.940	0.124
11928.000000	83	43	0.942	0.115
11934.000000	83	43	0.943	0.107
11940.000000	83	43	0.943	0.100
11946.000000	83	43	0.943	0.094
11952.000000	83	43	0.945	0.088
11958.000000	83	43	0.949	0.079
11964.000000	83	43	0.951	0.071
11970.000000	83	43	0.951	0.066
11976.000000	83	43	0.950	0.059
11982.000000	83	43	0.949	0.053
11988.000000	83	43	0.946	0.046
11994.000000	83	82	0.943	0.042
12000.000000	83	82	0.942	0.039
12006.000000	83	82	0.940	0.036
12012.000000	83	11	0.938	0.036
12018.000000	83	11	0.936	0.037
12024.000000	83	11	0.933	0.038
12030.000000	83	11	0.930	0.040
12036.000000	83	11	0.925	0.041
12042.000000	83	11	0.921	0.041
12048.000000	83	172	0.915	0.041
12054.000000	83	172	0.906	0.041
12060.000000	83	172	0.896	0.041
12066.000000	83	172	0.886	0.039
12072.000000	83	172	0.878	0.039
12078.000000	83	172	0.868	0.039
12084.000000	83	172	0.856	0.039
12090.000000	83	172	0.840	0.039
12096.000000	83	172	0.814	0.039
12102.000000	83	172	0.770	0.039
12108.000000	83	38	0.708	0.039
12114.000000	83	38	0.614	0.039
12120.000000	83	38	0.390	0.030
12126.000000	83	63	0.047	0.013
12132.000000	132	161	0.008	0.008
