0.000000	125	102	0.000	0.000
6.000000	161	11	0.992	0.035
12.000000	161	11	0.993	0.037
18.000000	161	11	0.992	0.038
24.000000	161	11	0.992	0.042
30.000000	161	11	0.991	0.047
36.000000	161	11	0.990	0.050
42.000000	161	11	0.989	0.053
48.000000	161	11	0.988	0.059
54.000000	161	11	0.986	0.064
60.000000	161	11	0.985	0.068
66.000000	161	11	0.984	0.069
72.000000	161	11	0.983	0.073
78.000000	161	11	0.981	0.080
84.000000	161	11	0.980	0.085
90.000000	161	11	0.979	0.087
96.000000	161	11	0.978	0.089
102.000000	161	123	0.976	0.095
108.000000	161	123	0.974	0.104
114.000000	161	123	0.973	0.114
120.000000	161	123	0.971	0.120
126.000000	161	123	0.969	0.127
132.000000	161	123	0.967	0.140
138.000000	161	123	0.964	0.157
144.000000	161	123	0.962	0.174
150.000000	161	123	0.959	0.192
156.000000	161	123	0.956	0.209
162.000000	161	123	0.953	0.227
168.000000	161	123	0.950	0.241
174.000000	161	123	0.947	0.251
180.000000	161	123	0.944	0.266
186.000000	161	123	0.941	0.290
192.000000	161	123	0.937	0.319
198.000000	161	123	0.935	0.341
204.000000	161	123	0.932	0.356
210.000000	161	123	0.930	0.365
216.000000	161	123	0.927	0.375
222.000000	161	123	0.925	0.385
228.000000	161	123	0.920	0.398
234.000000	161	123	0.912	0.416
240.000000	161	123	0.907	0.431
246.000000	161	123	0.898	0.442
252.000000	161	123	0.886	0.456
258.000000	161	123	0.870	0.466
264.000000	161	123	0.852	0.478
270.000000	161	123	0.834	0.492
276.000000	161	123	0.817	0.516
282.000000	161	123	0.804	0.536
288.000000	161	123	0.783	0.564
294.000000	161	123	0.763	0.598
300.000000	161	123	0.740	0.629
306.000000	161	123	0.712	0.656
312.000000	123	161	0.692	0.679
318.000000	123	161	0.727	0.638
324.000000	123	161	0.757	0.574
330.000000	123	161	0.793	0.490
336.000000	123	161	0.828	0.382
342.000000	123	47	0.880	0.301
348.000000	123	47	0.906	0.302
354.000000	123	47	0.916	0.294
360.000000	123	47	0.916	0.286
366.000000	123	47	0.918	0.273
372.000000	123	47	0.918	0.263
378.000000	123	47	0.916	0.257
384.000000	123	47	0.920	0.253
390.000000	123	47	0.917	0.251
396.000000	123	47	0.914	0.250
402.000000	123	47	0.913	0.246
408.000000	123	47	0.911	0.237
414.000000	123	47	0.910	0.225
420.000000	123	47	0.912	0.216
426.000000	123	47	0.912	0.206
432.000000	123	47	0.912	0.191
438.000000	123	62	0.911	0.182
444.000000	123	62	0.909	0.187
450.000000	123	62	0.908	0.194
456.000000	123	62	0.908	0.198
462.000000	123	62	0.912	0.202
468.000000	123	95	0.914	0.216
474.000000	123	95	0.914	0.229
480.000000	123	95	0.914	0.241
486.000000	123	95	0.912	0.260
492.000000	123	95	0.907	0.283
498.000000	123	95	0.904	0.302
504.000000	123	95	0.903	0.317
510.000000	123	95	0.898	0.338
516.000000	123	95	0.892	0.361
522.000000	123	95	0.886	0.394
528.000000	123	95	0.879	0.425
534.000000	123	95	0.873	0.461
540.000000	123	95	0.863	0.494
546.000000	123	95	0.850	0.524
552.000000	123	95	0.834	0.551
558.000000	123	95	0.804	0.590
564.000000	123	95	0.770	0.625
570.000000	123	95	0.736	0.645
576.000000	123	95	0.692	0.671
582.000000	95	123	0.710	0.638
588.000000	95	123	0.754	0.547
594.000000	95	123	0.797	0.439
600.000000	95	123	0.825	0.313
606.000000	95	182	0.851	0.208
612.000000	95	182	0.896	0.197
618.000000	95	182	0.919	0.189
624.000000	95	182	0.937	0.174
630.000000	95	76	0.940	0.161
636.000000	95	76	0.938	0.165
642.000000	95	76	0.935	0.170
648.000000	95	76	0.932	0.176
654.000000	95	82	0.929	0.183
660.000000	95	82	0.921	0.191
666.000000	95	82	0.917	0.197
672.000000	95	82	0.915	0.206
678.000000	95	82	0.912	0.213
684.000000	95	82	0.909	0.216
690.000000	95	82	0.907	0.218
696.000000	95	82	0.907	0.219
702.000000	95	82	0.905	0.220
708.000000	95	82	0.904	0.220
714.000000	95	82	0.903	0.218
720.000000	95	157	0.902	0.223
726.000000	95	82	0.898	0.230
732.000000	95	82	0.893	0.241
738.000000	95	82	0.888	0.247
744.000000	95	82	0.884	0.250
750.000000	95	82	0.881	0.249
756.000000	95	82	0.876	0.248
762.000000	95	82	0.870	0.250
768.000000	95	82	0.869	0.252
774.000000	95	82	0.867	0.252
780.000000	95	82	0.863	0.255
786.000000	95	82	0.859	0.258
792.000000	95	82	0.856	0.265
798.000000	95	82	0.852	0.268
804.000000	95	82	0.844	0.270
810.000000	95	82	0.833	0.274
816.000000	95	82	0.829	0.281
822.000000	95	82	0.822	0.283
828.000000	95	82	0.811	0.280
834.000000	95	82	0.803	0.276
840.000000	95	39	0.791	0.276
846.000000	95	39	0.776	0.279
852.000000	95	39	0.762	0.285
858.000000	95	39	0.748	0.287
864.000000	95	39	0.729	0.286
870.000000	95	39	0.713	0.294
876.000000	95	39	0.688	0.311
882.000000	95	39	0.662	0.340
888.000000	95	39	0.629	0.371
894.000000	95	39	0.583	0.404
900.000000	95	39	0.503	0.432
906.000000	39	95	0.474	0.382
912.000000	39	133	0.517	0.261
918.000000	39	133	0.568	0.275
924.000000	39	133	0.622	0.290
930.000000	39	133	0.661	0.297
936.000000	39	133	0.682	0.305
942.000000	39	133	0.707	0.307
948.000000	39	133	0.721	0.300
954.000000	39	133	0.732	0.301
960.000000	39	133	0.742	0.306
966.000000	39	133	0.747	0.312
972.000000	39	133	0.751	0.316
978.000000	39	133	0.756	0.321
984.000000	39	133	0.767	0.321
990.000000	39	133	0.775	0.318
996.000000	39	133	0.787	0.311
1002.000000	39	133	0.798	0.309
1008.000000	39	133	0.809	0.304
1014.000000	39	133	0.817	0.294
1020.000000	39	133	0.821	0.282
1026.000000	39	133	0.827	0.269
1032.000000	39	133	0.833	0.252
1038.000000	39	133	0.845	0.229
1044.000000	39	133	0.853	0.212
1050.000000	39	133	0.864	0.193
1056.000000	39	133	0.872	0.170
1062.000000	39	133	0.877	0.142
1068.000000	39	170	0.882	0.135
1074.000000	39	170	0.888	0.137
1080.000000	39	170	0.900	0.135
1086.000000	39	170	0.906	0.136
1092.000000	39	170	0.910	0.139
1098.000000	39	170	0.914	0.140
1104.000000	39	170	0.920	0.140
1110.000000	39	170	0.921	0.143
1116.000000	39	170	0.922	0.141
1122.000000	39	170	0.921	0.135
1128.000000	39	170	0.921	0.128
1134.000000	39	8	0.923	0.129
1140.000000	39	8	0.924	0.132
1146.000000	39	8	0.924	0.129
1152.000000	39	8	0.922	0.127
1158.000000	39	31	0.921	0.136
1164.000000	39	31	0.919	0.145
1170.000000	39	31	0.918	0.152
1176.000000	39	31	0.917	0.162
1182.000000	39	31	0.918	0.179
1188.000000	39	31	0.914	0.200
1194.000000	39	31	0.907	0.217
1200.000000	39	31	0.901	0.232
1206.000000	39	31	0.895	0.250
1212.000000	39	31	0.888	0.270
1218.000000	39	31	0.885	0.288
1224.000000	39	31	0.880	0.297
1230.000000	39	31	0.868	0.307
1236.000000	39	31	0.853	0.321
1242.000000	39	31	0.842	0.332
1248.000000	39	31	0.828	0.347
1254.000000	39	31	0.808	0.365
1260.000000	39	31	0.782	0.388
1266.000000	39	31	0.755	0.407
1272.000000	39	31	0.723	0.429
1278.000000	39	31	0.688	0.445
1284.000000	39	31	0.629	0.475
1290.000000	39	31	0.553	0.509
1296.000000	31	66	0.545	0.468
1302.000000	31	66	0.593	0.514
1308.000000	31	66	0.643	0.561
1314.000000	31	66	0.686	0.606
1320.000000	31	66	0.712	0.633
1326.000000	31	66	0.729	0.658
1332.000000	31	66	0.738	0.680
1338.000000	31	66	0.744	0.693
1344.000000	31	66	0.752	0.701
1350.000000	31	66	0.757	0.708
1356.000000	31	66	0.758	0.703
1362.000000	31	66	0.764	0.704
1368.000000	31	66	0.778	0.702
1374.000000	31	66	0.789	0.697
1380.000000	31	66	0.793	0.698
1386.000000	31	66	0.799	0.698
1392.000000	31	66	0.802	0.697
1398.000000	31	66	0.806	0.701
1404.000000	31	66	0.813	0.704
1410.000000	31	66	0.817	0.705
1416.000000	31	66	0.820	0.709
1422.000000	31	66	0.823	0.708
1428.000000	31	66	0.829	0.701
1434.000000	31	66	0.832	0.702
1440.000000	31	66	0.838	0.697
1446.000000	31	66	0.845	0.693
1452.000000	31	66	0.846	0.697
1458.000000	31	66	0.847	0.696
1464.000000	31	66	0.848	0.696
1470.000000	31	66	0.851	0.692
1476.000000	31	66	0.852	0.686
1482.000000	31	66	0.855	0.678
1488.000000	31	66	0.856	0.672
1494.000000	31	66	0.858	0.667
1500.000000	31	66	0.862	0.657
1506.000000	31	66	0.868	0.642
1512.000000	31	66	0.869	0.624
1518.000000	31	66	0.870	0.602
1524.000000	31	66	0.870	0.574
1530.000000	31	66	0.876	0.539
1536.000000	31	66	0.878	0.502
1542.000000	31	66	0.880	0.456
1548.000000	31	66	0.885	0.399
1554.000000	31	66	0.895	0.315
1560.000000	31	66	0.901	0.202
1566.000000	31	157	0.907	0.130
1572.000000	31	157	0.919	0.124
1578.000000	31	157	0.928	0.125
1584.000000	31	157	0.939	0.122
1590.000000	31	157	0.941	0.123
1596.000000	31	157	0.939	0.126
1602.000000	31	157	0.936	0.128
1608.000000	31	157	0.933	0.129
1614.000000	31	157	0.929	0.132
1620.000000	31	157	0.925	0.138
1626.000000	31	157	0.921	0.146
1632.000000	31	157	0.918	0.154
1638.000000	31	157	0.912	0.165
1644.000000	31	157	0.905	0.175
1650.000000	31	157	0.893	0.186
1656.000000	31	157	0.883	0.193
1662.000000	31	157	0.869	0.198
1668.000000	31	157	0.849	0.200
1674.000000	31	157	0.823	0.200
1680.000000	31	157	0.782	0.202
1686.000000	31	157	0.739	0.207
1692.000000	31	157	0.688	0.213
1698.000000	31	157	0.633	0.218
1704.000000	31	35	0.570	0.230
1710.000000	31	35	0.486	0.242
1716.000000	31	35	0.377	0.259
1722.000000	35	141	0.288	0.237
1728.000000	35	141	0.304	0.251
1734.000000	35	141	0.323	0.262
1740.000000	35	193	0.354	0.277
1746.000000	35	193	0.377	0.296
1752.000000	35	193	0.389	0.315
1758.000000	35	193	0.390	0.332
1764.000000	35	193	0.393	0.341
1770.000000	35	193	0.402	0.348
1776.000000	35	193	0.406	0.362
1782.000000	35	193	0.413	0.373
1788.000000	35	193	0.424	0.385
1794.000000	35	193	0.434	0.391
1800.000000	35	193	0.444	0.399
1806.000000	35	193	0.455	0.410
1812.000000	35	193	0.464	0.420
1818.000000	35	193	0.473	0.428
1824.000000	35	193	0.482	0.426
1830.000000	35	193	0.501	0.425
1836.000000	35	193	0.511	0.428
1842.000000	35	193	0.524	0.430
1848.000000	35	193	0.544	0.434
1854.000000	35	193	0.561	0.442
1860.000000	35	193	0.580	0.451
1866.000000	35	193	0.593	0.462
1872.000000	35	193	0.603	0.471
1878.000000	35	193	0.617	0.481
1884.000000	35	193	0.641	0.486
1890.000000	35	193	0.660	0.497
1896.000000	35	193	0.679	0.509
1902.000000	35	193	0.693	0.524
1908.000000	35	193	0.703	0.544
1914.000000	35	193	0.716	0.561
1920.000000	35	193	0.721	0.570
1926.000000	35	193	0.730	0.579
1932.000000	35	193	0.734	0.594
1938.000000	35	193	0.739	0.611
1944.000000	35	193	0.748	0.616
1950.000000	35	193	0.755	0.625
1956.000000	35	193	0.760	0.636
1962.000000	35	193	0.761	0.653
1968.000000	35	193	0.769	0.663
1974.000000	35	193	0.772	0.670
1980.000000	35	193	0.776	0.674
1986.000000	35	193	0.776	0.676
1992.000000	35	193	0.773	0.686
1998.000000	35	193	0.777	0.690
2004.000000	35	193	0.777	0.692
2010.000000	35	193	0.776	0.694
2016.000000	35	193	0.777	0.698
2022.000000	35	193	0.777	0.697
2028.000000	35	193	0.776	0.701
2034.000000	35	193	0.774	0.702
2040.000000	35	193	0.771	0.705
2046.000000	35	193	0.769	0.711
2052.000000	35	193	0.764	0.717
2058.000000	35	193	0.752	0.729
2064.000000	35	193	0.739	0.735
2070.000000	193	35	0.735	0.733
2076.000000	193	35	0.738	0.723
2082.000000	193	35	0.738	0.711
2088.000000	193	35	0.739	0.697
2094.000000	193	35	0.744	0.674
2100.000000	193	35	0.748	0.642
2106.000000	193	35	0.745	0.604
2112.000000	193	35	0.743	0.552
2118.000000	193	35	0.748	0.491
2124.000000	193	35	0.763	0.405
2130.000000	193	35	0.783	0.301
2136.000000	193	133	0.804	0.230
2142.000000	193	133	0.818	0.246
2148.000000	193	133	0.820	0.267
2154.000000	193	133	0.815	0.293
2160.000000	193	133	0.807	0.313
2166.000000	193	133	0.801	0.339
2172.000000	193	133	0.803	0.360
2178.000000	193	133	0.796	0.388
2184.000000	193	133	0.780	0.417
2190.000000	193	133	0.757	0.444
2196.000000	193	133	0.739	0.465
2202.000000	193	133	0.714	0.478
2208.000000	193	133	0.680	0.487
2214.000000	193	133	0.635	0.499
2220.000000	193	133	0.568	0.519
2226.000000	133	193	0.538	0.469
2232.000000	133	170	0.559	0.463
2238.000000	133	170	0.589	0.501
2244.000000	133	170	0.619	0.531
2250.000000	133	170	0.644	0.549
2256.000000	133	170	0.660	0.567
2262.000000	133	170	0.671	0.569
2268.000000	133	170	0.673	0.575
2274.000000	133	170	0.671	0.577
2280.000000	133	170	0.673	0.588
2286.000000	133	170	0.675	0.603
2292.000000	133	170	0.673	0.611
2298.000000	133	170	0.671	0.623
2304.000000	133	170	0.671	0.632
2310.000000	133	170	0.674	0.640
2316.000000	133	170	0.676	0.645
2322.000000	133	170	0.673	0.652
2328.000000	133	170	0.673	0.656
2334.000000	133	170	0.671	0.659
2340.000000	170	133	0.666	0.664
2346.000000	170	133	0.672	0.659
2352.000000	170	133	0.685	0.652
2358.000000	170	133	0.693	0.649
2364.000000	170	133	0.705	0.636
2370.000000	170	133	0.717	0.623
2376.000000	170	133	0.724	0.617
2382.000000	170	133	0.730	0.606
2388.000000	170	171	0.734	0.608
2394.000000	170	171	0.738	0.613
2400.000000	170	171	0.747	0.622
2406.000000	170	171	0.750	0.644
2412.000000	170	171	0.756	0.662
2418.000000	170	171	0.766	0.672
2424.000000	170	171	0.775	0.684
2430.000000	170	171	0.786	0.691
2436.000000	170	171	0.796	0.696
2442.000000	170	171	0.801	0.707
2448.000000	170	171	0.804	0.723
2454.000000	170	171	0.809	0.736
2460.000000	170	171	0.819	0.739
2466.000000	170	171	0.824	0.732
2472.000000	170	171	0.825	0.726
2478.000000	170	171	0.830	0.710
2484.000000	170	171	0.835	0.698
2490.000000	170	171	0.838	0.687
2496.000000	170	171	0.838	0.675
2502.000000	170	171	0.831	0.673
2508.000000	170	171	0.823	0.666
2514.000000	170	171	0.817	0.651
2520.000000	170	171	0.813	0.634
2526.000000	170	171	0.811	0.606
2532.000000	170	171	0.809	0.564
2538.000000	170	171	0.800	0.522
2544.000000	170	171	0.789	0.469
2550.000000	170	75	0.772	0.432
2556.000000	170	75	0.758	0.462
2562.000000	170	75	0.752	0.491
2568.000000	170	75	0.743	0.515
2574.000000	170	75	0.725	0.535
2580.000000	170	75	0.693	0.564
2586.000000	170	75	0.664	0.589
2592.000000	170	75	0.636	0.611
2598.000000	75	170	0.633	0.592
2604.000000	75	170	0.658	0.543
2610.000000	75	170	0.677	0.480
2616.000000	75	170	0.700	0.397
2622.000000	75	194	0.736	0.322
2628.000000	75	194	0.762	0.338
2634.000000	75	194	0.771	0.358
2640.000000	75	194	0.788	0.357
2646.000000	75	194	0.807	0.351
2652.000000	75	194	0.820	0.351
2658.000000	75	194	0.825	0.364
2664.000000	75	194	0.827	0.384
2670.000000	75	194	0.827	0.409
2676.000000	75	194	0.825	0.425
2682.000000	75	194	0.824	0.437
2688.000000	75	194	0.821	0.445
2694.000000	75	194	0.822	0.453
2700.000000	75	194	0.822	0.470
2706.000000	75	194	0.826	0.476
2712.000000	75	194	0.826	0.477
2718.000000	75	194	0.827	0.479
2724.000000	75	194	0.829	0.479
2730.000000	75	194	0.829	0.481
2736.000000	75	194	0.828	0.486
2742.000000	75	194	0.828	0.485
2748.000000	75	194	0.827	0.481
2754.000000	75	194	0.824	0.476
2760.000000	75	194	0.824	0.472
2766.000000	75	194	0.824	0.464
2772.000000	75	194	0.822	0.457
2778.000000	75	194	0.820	0.457
2784.000000	75	194	0.818	0.455
2790.000000	75	194	0.817	0.450
2796.000000	75	194	0.814	0.446
2802.000000	75	194	0.811	0.439
2808.000000	75	194	0.807	0.430
2814.000000	75	194	0.802	0.414
2820.000000	75	194	0.801	0.384
2826.000000	75	194	0.801	0.358
2832.000000	75	194	0.800	0.334
2838.000000	75	194	0.795	0.306
2844.000000	75	194	0.790	0.274
2850.000000	75	194	0.788	0.234
2856.000000	75	128	0.787	0.212
2862.000000	75	128	0.778	0.230
2868.000000	75	128	0.766	0.246
2874.000000	75	128	0.756	0.263
2880.000000	75	128	0.745	0.286
2886.000000	75	128	0.735	0.310
2892.000000	75	128	0.715	0.328
2898.000000	75	128	0.691	0.343
2904.000000	75	128	0.648	0.375
2910.000000	75	128	0.599	0.403
2916.000000	75	128	0.545	0.433
2922.000000	75	128	0.468	0.466
2928.000000	128	75	0.505	0.352
2934.000000	128	75	0.548	0.227
2940.000000	128	188	0.601	0.234
2946.000000	128	188	0.638	0.249
2952.000000	128	188	0.674	0.261
2958.000000	128	188	0.698	0.271
2964.000000	128	188	0.714	0.282
2970.000000	128	188	0.728	0.295
2976.000000	128	188	0.746	0.308
2982.000000	128	188	0.762	0.326
2988.000000	128	188	0.781	0.345
2994.000000	128	188	0.793	0.358
3000.000000	128	188	0.806	0.373
3006.000000	128	188	0.815	0.383
3012.000000	128	188	0.820	0.389
3018.000000	128	188	0.828	0.396
3024.000000	128	188	0.834	0.408
3030.000000	128	188	0.836	0.418
3036.000000	128	188	0.836	0.431
3042.000000	128	188	0.837	0.443
3048.000000	128	188	0.841	0.455
3054.000000	128	188	0.844	0.467
3060.000000	128	188	0.846	0.472
3066.000000	128	188	0.852	0.478
3072.000000	128	188	0.855	0.489
3078.000000	128	188	0.856	0.495
3084.000000	128	188	0.862	0.496
3090.000000	128	188	0.863	0.500
3096.000000	128	188	0.865	0.502
3102.000000	128	188	0.867	0.500
3108.000000	128	188	0.868	0.505
3114.000000	128	188	0.871	0.504
3120.000000	128	188	0.875	0.502
3126.000000	128	188	0.885	0.500
3132.000000	128	188	0.887	0.498
3138.000000	128	188	0.885	0.493
3144.000000	128	188	0.885	0.488
3150.000000	128	188	0.886	0.480
3156.000000	128	188	0.887	0.470
3162.000000	128	188	0.889	0.455
3168.000000	128	188	0.894	0.431
3174.000000	128	188	0.900	0.403
3180.000000	128	188	0.906	0.378
3186.000000	128	188	0.908	0.347
3192.000000	128	188	0.910	0.310
3198.000000	128	44	0.911	0.302
3204.000000	128	44	0.914	0.299
3210.000000	128	44	0.919	0.308
3216.000000	128	44	0.922	0.313
3222.000000	128	44	0.922	0.317
3228.000000	128	44	0.923	0.316
3234.000000	128	44	0.924	0.315
3240.000000	128	44	0.925	0.315
3246.000000	128	44	0.925	0.315
3252.000000	128	44	0.926	0.320
3258.000000	128	44	0.924	0.328
3264.000000	128	44	0.919	0.338
3270.000000	128	44	0.916	0.348
3276.000000	128	44	0.910	0.352
3282.000000	128	44	0.904	0.353
3288.000000	128	44	0.897	0.355
3294.000000	128	44	0.890	0.362
3300.000000	128	44	0.884	0.370
3306.000000	128	44	0.878	0.378
3312.000000	128	44	0.868	0.385
3318.000000	128	44	0.857	0.387
3324.000000	128	44	0.847	0.393
3330.000000	128	44	0.834	0.401
3336.000000	128	44	0.814	0.412
3342.000000	128	44	0.791	0.419
3348.000000	128	44	0.766	0.430
3354.000000	128	44	0.730	0.446
3360.000000	128	44	0.682	0.468
3366.000000	128	44	0.615	0.496
3372.000000	128	44	0.533	0.526
3378.000000	44	128	0.580	0.396
3384.000000	44	128	0.646	0.222
3390.000000	44	56	0.725	0.197
3396.000000	44	56	0.769	0.202
3402.000000	44	56	0.792	0.218
3408.000000	44	56	0.815	0.234
3414.000000	44	56	0.828	0.257
3420.000000	44	56	0.847	0.279
3426.000000	44	56	0.854	0.301
3432.000000	44	56	0.859	0.327
3438.000000	44	56	0.869	0.344
3444.000000	44	56	0.877	0.353
3450.000000	44	56	0.881	0.367
3456.000000	44	56	0.886	0.378
3462.000000	44	56	0.891	0.390
3468.000000	44	56	0.891	0.407
3474.000000	44	56	0.891	0.431
3480.000000	44	56	0.896	0.449
3486.000000	44	56	0.899	0.470
3492.000000	44	56	0.899	0.486
3498.000000	44	56	0.897	0.505
3504.000000	44	56	0.897	0.529
3510.000000	44	56	0.895	0.556
3516.000000	44	56	0.895	0.574
3522.000000	44	56	0.896	0.592
3528.000000	44	56	0.896	0.609
3534.000000	44	56	0.895	0.634
3540.000000	44	56	0.893	0.659
3546.000000	44	56	0.886	0.690
3552.000000	44	56	0.886	0.710
3558.000000	44	56	0.886	0.730
3564.000000	44	56	0.883	0.752
3570.000000	44	56	0.877	0.769
3576.000000	44	56	0.872	0.778
3582.000000	44	56	0.867	0.789
3588.000000	44	56	0.857	0.804
3594.000000	44	56	0.837	0.825
3600.000000	56	44	0.835	0.820
3606.000000	56	44	0.847	0.801
3612.000000	56	44	0.852	0.784
3618.000000	56	44	0.857	0.766
3624.000000	56	44	0.861	0.742
3630.000000	56	44	0.868	0.706
3636.000000	56	44	0.872	0.666
3642.000000	56	44	0.882	0.615
3648.000000	56	44	0.898	0.535
3654.000000	56	44	0.912	0.437
3660.000000	56	44	0.930	0.287
3666.000000	56	92	0.946	0.169
3672.000000	56	92	0.953	0.180
3678.000000	56	141	0.952	0.196
3684.000000	56	141	0.944	0.217
3690.000000	56	141	0.935	0.235
3696.000000	56	141	0.928	0.251
3702.000000	56	141	0.924	0.271
3708.000000	56	141	0.918	0.293
3714.000000	56	141	0.910	0.315
3720.000000	56	92	0.901	0.336
3726.000000	56	92	0.894	0.353
3732.000000	56	92	0.884	0.368
3738.000000	56	92	0.870	0.388
3744.000000	56	92	0.857	0.416
3750.000000	56	92	0.844	0.439
3756.000000	56	92	0.827	0.462
3762.000000	56	92	0.804	0.487
3768.000000	56	92	0.779	0.511
3774.000000	56	92	0.748	0.531
3780.000000	56	92	0.714	0.547
3786.000000	56	92	0.674	0.564
3792.000000	56	92	0.617	0.589
3798.000000	92	141	0.613	0.594
3804.000000	141	92	0.635	0.624
3810.000000	141	92	0.678	0.654
3816.000000	141	92	0.712	0.688
3822.000000	141	92	0.751	0.710
3828.000000	141	92	0.782	0.718
3834.000000	141	92	0.795	0.731
3840.000000	141	92	0.808	0.741
3846.000000	141	92	0.821	0.748
3852.000000	141	92	0.827	0.753
3858.000000	141	92	0.832	0.758
3864.000000	141	92	0.837	0.768
3870.000000	141	92	0.844	0.770
3876.000000	141	92	0.845	0.771
3882.000000	141	92	0.847	0.780
3888.000000	141	92	0.850	0.782
3894.000000	141	92	0.853	0.780
3900.000000	141	92	0.853	0.779
3906.000000	141	92	0.852	0.781
3912.000000	141	92	0.851	0.784
3918.000000	141	92	0.848	0.786
3924.000000	141	92	0.847	0.785
3930.000000	141	92	0.848	0.782
3936.000000	141	92	0.844	0.785
3942.000000	141	92	0.844	0.782
3948.000000	141	92	0.845	0.775
3954.000000	141	92	0.845	0.767
3960.000000	141	92	0.844	0.762
3966.000000	141	92	0.839	0.762
3972.000000	141	92	0.835	0.763
3978.000000	141	92	0.837	0.757
3984.000000	141	92	0.838	0.750
3990.000000	141	92	0.835	0.747
3996.000000	141	92	0.834	0.739
4002.000000	141	92	0.838	0.727
4008.000000	141	92	0.838	0.712
4014.000000	141	92	0.837	0.689
4020.000000	141	92	0.839	0.662
4026.000000	141	92	0.842	0.636
4032.000000	141	92	0.843	0.608
4038.000000	141	92	0.844	0.569
4044.000000	141	92	0.853	0.500
4050.000000	141	92	0.873	0.404
4056.000000	141	92	0.882	0.296
4062.000000	141	164	0.890	0.209
4068.000000	141	164	0.895	0.211
4074.000000	141	164	0.898	0.212
4080.000000	141	164	0.905	0.211
4086.000000	141	164	0.912	0.219
4092.000000	141	164	0.912	0.233
4098.000000	141	164	0.910	0.247
4104.000000	141	164	0.909	0.258
4110.000000	141	164	0.904	0.270
4116.000000	141	164	0.899	0.288
4122.000000	141	164	0.895	0.306
4128.000000	141	164	0.894	0.323
4134.000000	141	164	0.887	0.341
4140.000000	141	164	0.874	0.365
4146.000000	141	164	0.861	0.399
4152.000000	141	164	0.848	0.440
4158.000000	141	164	0.830	0.482
4164.000000	141	164	0.805	0.530
4170.000000	141	164	0.781	0.565
4176.000000	141	164	0.749	0.600
4182.000000	141	164	0.708	0.636
4188.000000	164	141	0.682	0.635
4194.000000	164	141	0.737	0.529
4200.000000	164	141	0.802	0.391
4206.000000	164	141	0.856	0.220
4212.000000	164	19	0.891	0.185
4218.000000	164	19	0.913	0.194
4224.000000	164	19	0.925	0.207
4230.000000	164	19	0.934	0.222
4236.000000	164	19	0.934	0.241
4242.000000	164	19	0.931	0.258
4248.000000	164	19	0.934	0.275
4254.000000	164	19	0.932	0.290
4260.000000	164	19	0.929	0.301
4266.000000	164	19	0.926	0.310
4272.000000	164	19	0.922	0.322
4278.000000	164	19	0.920	0.333
4284.000000	164	19	0.919	0.344
4290.000000	164	19	0.921	0.348
4296.000000	164	19	0.921	0.351
4302.000000	164	19	0.921	0.355
4308.000000	164	19	0.921	0.361
4314.000000	164	19	0.921	0.369
4320.000000	164	19	0.917	0.374
4326.000000	164	19	0.916	0.375
4332.000000	164	19	0.915	0.376
4338.000000	164	19	0.914	0.378
4344.000000	164	19	0.913	0.386
4350.000000	164	19	0.912	0.392
4356.000000	164	19	0.909	0.398
4362.000000	164	19	0.907	0.404
4368.000000	164	19	0.905	0.411
4374.000000	164	19	0.905	0.415
4380.000000	164	19	0.903	0.417
4386.000000	164	19	0.901	0.412
4392.000000	164	19	0.900	0.407
4398.000000	164	19	0.897	0.400
4404.000000	164	19	0.891	0.390
4410.000000	164	159	0.886	0.396
4416.000000	164	159	0.879	0.404
4422.000000	164	159	0.870	0.412
4428.000000	164	159	0.864	0.418
4434.000000	164	159	0.857	0.430
4440.000000	164	159	0.851	0.441
4446.000000	164	159	0.846	0.452
4452.000000	164	159	0.837	0.467
4458.000000	164	159	0.824	0.483
4464.000000	164	159	0.809	0.502
4470.000000	164	159	0.790	0.522
4476.000000	164	159	0.759	0.549
4482.000000	164	159	0.731	0.581
4488.000000	164	159	0.692	0.607
4494.000000	164	159	0.642	0.638
4500.000000	159	164	0.681	0.573
4506.000000	159	146	0.736	0.489
4512.000000	159	146	0.775	0.531
4518.000000	159	146	0.814	0.567
4524.000000	159	146	0.840	0.600
4530.000000	159	146	0.847	0.623
4536.000000	159	146	0.851	0.629
4542.000000	159	146	0.855	0.631
4548.000000	159	146	0.857	0.638
4554.000000	159	146	0.863	0.638
4560.000000	159	146	0.866	0.636
4566.000000	159	146	0.870	0.630
4572.000000	159	146	0.871	0.625
4578.000000	159	146	0.871	0.625
4584.000000	159	146	0.871	0.626
4590.000000	159	146	0.872	0.625
4596.000000	159	146	0.871	0.622
4602.000000	159	146	0.871	0.620
4608.000000	159	146	0.872	0.619
4614.000000	159	146	0.871	0.618
4620.000000	159	146	0.870	0.614
4626.000000	159	146	0.869	0.607
4632.000000	159	146	0.872	0.598
4638.000000	159	146	0.872	0.589
4644.000000	159	146	0.871	0.583
4650.000000	159	146	0.870	0.579
4656.000000	159	146	0.870	0.570
4662.000000	159	146	0.869	0.559
4668.000000	159	146	0.868	0.545
4674.000000	159	146	0.873	0.521
4680.000000	159	146	0.879	0.493
4686.000000	159	146	0.884	0.462
4692.000000	159	146	0.892	0.412
4698.000000	159	146	0.902	0.347
4704.000000	159	146	0.914	0.263
4710.000000	159	146	0.922	0.173
4716.000000	159	7	0.928	0.121
4722.000000	159	7	0.933	0.123
4728.000000	159	7	0.933	0.120
4734.000000	159	44	0.938	0.121
4740.000000	159	44	0.939	0.130
4746.000000	159	44	0.937	0.139
4752.000000	159	44	0.933	0.147
4758.000000	159	44	0.930	0.154
4764.000000	159	44	0.926	0.160
4770.000000	159	44	0.921	0.167
4776.000000	159	44	0.916	0.176
4782.000000	159	44	0.912	0.188
4788.000000	159	44	0.907	0.199
4794.000000	159	44	0.901	0.212
4800.000000	159	44	0.892	0.233
4806.000000	159	44	0.879	0.259
4812.000000	159	44	0.857	0.284
4818.000000	159	44	0.836	0.313
4824.000000	159	44	0.818	0.339
4830.000000	159	44	0.790	0.370
4836.000000	159	44	0.758	0.405
4842.000000	159	44	0.717	0.441
4848.000000	159	44	0.661	0.477
4854.000000	159	44	0.593	0.516
4860.000000	44	159	0.558	0.487
4866.000000	44	159	0.632	0.310
4872.000000	44	195	0.712	0.248
4878.000000	44	195	0.769	0.267
4884.000000	44	195	0.817	0.284
4890.000000	44	195	0.842	0.303
4896.000000	44	195	0.862	0.322
4902.000000	44	195	0.870	0.340
4908.000000	44	195	0.872	0.365
4914.000000	44	195	0.872	0.383
4920.000000	44	195	0.873	0.402
4926.000000	44	195	0.880	0.421
4932.000000	44	195	0.883	0.432
4938.000000	44	195	0.884	0.446
4944.000000	44	195	0.888	0.461
4950.000000	44	195	0.891	0.469
4956.000000	44	195	0.889	0.474
4962.000000	44	195	0.887	0.483
4968.000000	44	195	0.885	0.503
4974.000000	44	195	0.884	0.523
4980.000000	44	195	0.886	0.535
4986.000000	44	195	0.884	0.541
4992.000000	44	195	0.881	0.544
4998.000000	44	195	0.878	0.552
5004.000000	44	195	0.874	0.566
5010.000000	44	195	0.875	0.576
5016.000000	44	195	0.875	0.581
5022.000000	44	195	0.876	0.594
5028.000000	44	195	0.875	0.600
5034.000000	44	195	0.873	0.603
5040.000000	44	195	0.870	0.608
5046.000000	44	195	0.866	0.613
5052.000000	44	195	0.866	0.615
5058.000000	44	195	0.865	0.618
5064.000000	44	195	0.857	0.620
5070.000000	44	195	0.845	0.618
5076.000000	44	195	0.835	0.620
5082.000000	44	195	0.831	0.619
5088.000000	44	195	0.827	0.621
5094.000000	44	195	0.824	0.622
5100.000000	44	195	0.821	0.619
5106.000000	44	195	0.814	0.615
5112.000000	44	195	0.804	0.614
5118.000000	44	195	0.794	0.610
5124.000000	44	195	0.778	0.610
5130.000000	44	195	0.760	0.617
5136.000000	44	195	0.742	0.625
5142.000000	44	195	0.722	0.631
5148.000000	44	195	0.699	0.639
5154.000000	44	195	0.662	0.647
5160.000000	195	44	0.659	0.618
5166.000000	195	44	0.675	0.557
5172.000000	195	44	0.708	0.459
5178.000000	195	44	0.744	0.337
5184.000000	195	109	0.766	0.204
5190.000000	195	109	0.793	0.225
5196.000000	195	109	0.814	0.252
5202.000000	195	109	0.827	0.272
5208.000000	195	109	0.829	0.305
5214.000000	195	109	0.824	0.344
5220.000000	195	109	0.824	0.385
5226.000000	195	109	0.818	0.434
5232.000000	195	109	0.806	0.483
5238.000000	195	109	0.794	0.529
5244.000000	195	109	0.776	0.571
5250.000000	195	109	0.756	0.602
5256.000000	195	109	0.731	0.628
5262.000000	195	109	0.712	0.643
5268.000000	195	109	0.694	0.653
5274.000000	195	109	0.679	0.667
5280.000000	109	195	0.685	0.661
5286.000000	109	195	0.706	0.633
5292.000000	109	195	0.731	0.595
5298.000000	109	195	0.741	0.573
5304.000000	109	195	0.756	0.539
5310.000000	109	195	0.766	0.495
5316.000000	109	195	0.789	0.432
5322.000000	109	195	0.811	0.341
5328.000000	109	54	0.828	0.283
5334.000000	109	54	0.852	0.295
5340.000000	109	54	0.865	0.317
5346.000000	109	54	0.879	0.333
5352.000000	109	54	0.887	0.360
5358.000000	109	54	0.893	0.384
5364.000000	109	54	0.896	0.397
5370.000000	109	54	0.901	0.404
5376.000000	109	54	0.907	0.413
5382.000000	109	54	0.907	0.429
5388.000000	109	54	0.907	0.446
5394.000000	109	54	0.906	0.459
5400.000000	109	54	0.908	0.470
5406.000000	109	54	0.909	0.479
5412.000000	109	54	0.909	0.494
5418.000000	109	54	0.908	0.512
5424.000000	109	54	0.909	0.526
5430.000000	109	54	0.908	0.545
5436.000000	109	54	0.907	0.562
5442.000000	109	54	0.905	0.576
5448.000000	109	54	0.904	0.588
5454.000000	109	54	0.900	0.604
5460.000000	109	54	0.899	0.613
5466.000000	109	54	0.898	0.622
5472.000000	109	54	0.896	0.632
5478.000000	109	54	0.892	0.638
5484.000000	109	54	0.886	0.644
5490.000000	109	54	0.879	0.650
5496.000000	109	54	0.876	0.653
5502.000000	109	54	0.871	0.656
5508.000000	109	54	0.865	0.663
5514.000000	109	54	0.859	0.675
5520.000000	109	54	0.844	0.690
5526.000000	109	54	0.834	0.700
5532.000000	109	54	0.819	0.715
5538.000000	109	54	0.796	0.735
5544.000000	109	54	0.770	0.749
5550.000000	54	109	0.773	0.734
5556.000000	54	109	0.798	0.686
5562.000000	54	109	0.832	0.624
5568.000000	54	109	0.862	0.548
5574.000000	54	109	0.877	0.441
5580.000000	54	109	0.895	0.301
5586.000000	54	64	0.909	0.248
5592.000000	54	64	0.921	0.270
5598.000000	54	64	0.937	0.282
5604.000000	54	64	0.942	0.299
5610.000000	54	64	0.945	0.316
5616.000000	54	64	0.944	0.339
5622.000000	54	64	0.942	0.367
5628.000000	54	64	0.939	0.395
5634.000000	54	64	0.937	0.418
5640.000000	54	64	0.934	0.445
5646.000000	54	64	0.931	0.473
5652.000000	54	64	0.928	0.496
5658.000000	54	64	0.922	0.517
5664.000000	54	64	0.914	0.538
5670.000000	54	64	0.906	0.557
5676.000000	54	64	0.896	0.581
5682.000000	54	64	0.888	0.601
5688.000000	54	64	0.880	0.626
5694.000000	54	64	0.867	0.654
5700.000000	54	64	0.854	0.672
5706.000000	54	64	0.840	0.687
5712.000000	54	64	0.828	0.694
5718.000000	54	64	0.807	0.707
5724.000000	54	64	0.783	0.725
5730.000000	54	64	0.759	0.739
5736.000000	64	54	0.751	0.726
5742.000000	64	54	0.771	0.684
5748.000000	64	54	0.799	0.627
5754.000000	64	54	0.824	0.542
5760.000000	64	54	0.849	0.431
5766.000000	64	39	0.876	0.362
5772.000000	64	39	0.904	0.410
5778.000000	64	39	0.921	0.457
5784.000000	64	39	0.921	0.513
5790.000000	64	39	0.924	0.560
5796.000000	64	39	0.923	0.602
5802.000000	64	39	0.920	0.631
5808.000000	64	39	0.920	0.652
5814.000000	64	39	0.916	0.664
5820.000000	64	39	0.914	0.680
5826.000000	64	39	0.911	0.692
5832.000000	64	39	0.907	0.705
5838.000000	64	39	0.900	0.715
5844.000000	64	39	0.889	0.723
5850.000000	64	39	0.881	0.726
5856.000000	64	39	0.870	0.738
5862.000000	64	39	0.865	0.743
5868.000000	64	39	0.857	0.750
5874.000000	64	39	0.851	0.756
5880.000000	64	39	0.836	0.767
5886.000000	64	39	0.821	0.776
5892.000000	64	39	0.806	0.785
5898.000000	64	39	0.792	0.790
5904.000000	39	64	0.802	0.767
5910.000000	39	64	0.809	0.746
5916.000000	39	64	0.822	0.721
5922.000000	39	64	0.834	0.686
5928.000000	39	64	0.853	0.634
5934.000000	39	64	0.871	0.586
5940.000000	39	64	0.889	0.530
5946.000000	39	64	0.911	0.441
5952.000000	39	64	0.926	0.319
5958.000000	39	95	0.945	0.167
5964.000000	39	95	0.957	0.171
5970.000000	39	95	0.960	0.173
5976.000000	39	95	0.961	0.184
5982.000000	39	95	0.960	0.197
5988.000000	39	95	0.959	0.204
5994.000000	39	95	0.957	0.216
6000.000000	39	95	0.955	0.236
6006.000000	39	95	0.952	0.254
6012.000000	39	95	0.948	0.273
6018.000000	39	95	0.944	0.291
6024.000000	39	95	0.942	0.303
6030.000000	39	95	0.939	0.310
6036.000000	39	95	0.934	0.312
6042.000000	39	95	0.929	0.315
6048.000000	39	95	0.926	0.323
6054.000000	39	95	0.922	0.332
6060.000000	39	95	0.918	0.344
6066.000000	39	95	0.914	0.364
6072.000000	39	95	0.908	0.381
6078.000000	39	95	0.901	0.404
6084.000000	39	95	0.891	0.423
6090.000000	39	95	0.875	0.449
6096.000000	39	95	0.859	0.476
6102.000000	39	95	0.845	0.494
6108.000000	39	95	0.830	0.508
6114.000000	39	95	0.818	0.522
6120.000000	39	95	0.799	0.540
6126.000000	39	95	0.780	0.560
6132.000000	39	95	0.757	0.579
6138.000000	39	95	0.726	0.611
6144.000000	39	95	0.688	0.643
6150.000000	95	39	0.668	0.629
6156.000000	95	39	0.699	0.543
6162.000000	95	39	0.744	0.417
6168.000000	95	31	0.796	0.452
6174.000000	95	31	0.839	0.498
6180.000000	95	31	0.874	0.527
6186.000000	95	31	0.887	0.554
6192.000000	95	31	0.886	0.581
6198.000000	95	31	0.883	0.603
6204.000000	95	31	0.883	0.618
6210.000000	95	31	0.880	0.633
6216.000000	95	31	0.877	0.649
6222.000000	95	31	0.874	0.660
6228.000000	95	31	0.871	0.664
6234.000000	95	31	0.866	0.670
6240.000000	95	31	0.862	0.674
6246.000000	95	31	0.860	0.680
6252.000000	95	31	0.861	0.685
6258.000000	95	31	0.859	0.686
6264.000000	95	31	0.858	0.689
6270.000000	95	31	0.857	0.691
6276.000000	95	31	0.858	0.695
6282.000000	95	31	0.857	0.699
6288.000000	95	31	0.856	0.700
6294.000000	95	31	0.854	0.699
6300.000000	95	31	0.848	0.700
6306.000000	95	31	0.843	0.701
6312.000000	95	31	0.839	0.703
6318.000000	95	31	0.838	0.705
6324.000000	95	31	0.837	0.705
6330.000000	95	31	0.840	0.699
6336.000000	95	31	0.839	0.700
6342.000000	95	31	0.838	0.704
6348.000000	95	31	0.834	0.711
6354.000000	95	31	0.828	0.725
6360.000000	95	31	0.824	0.733
6366.000000	95	31	0.820	0.738
6372.000000	95	31	0.815	0.743
6378.000000	95	31	0.808	0.754
6384.000000	95	31	0.806	0.758
6390.000000	95	31	0.797	0.761
6396.000000	95	31	0.780	0.766
6402.000000	31	95	0.772	0.768
6408.000000	31	95	0.779	0.754
6414.000000	31	95	0.786	0.737
6420.000000	31	95	0.796	0.714
6426.000000	31	95	0.806	0.683
6432.000000	31	95	0.819	0.635
6438.000000	31	95	0.833	0.578
6444.000000	31	95	0.847	0.491
6450.000000	31	95	0.874	0.339
6456.000000	31	95	0.908	0.152
6462.000000	31	95	0.930	0.046
6468.000000	31	2	0.944	0.039
6474.000000	31	2	0.950	0.038
6480.000000	31	2	0.959	0.037
6486.000000	31	2	0.965	0.039
6492.000000	31	2	0.967	0.041
6498.000000	31	2	0.966	0.040
6504.000000	31	44	0.965	0.039
6510.000000	31	44	0.965	0.044
6516.000000	31	44	0.966	0.047
6522.000000	31	44	0.966	0.049
6528.000000	31	44	0.966	0.051
6534.000000	31	44	0.966	0.052
6540.000000	31	44	0.966	0.054
6546.000000	31	44	0.968	0.055
6552.000000	31	44	0.972	0.057
6558.000000	31	44	0.972	0.057
6564.000000	31	44	0.972	0.059
6570.000000	31	44	0.972	0.059
6576.000000	31	44	0.971	0.056
6582.000000	31	44	0.972	0.054
6588.000000	31	44	0.975	0.053
6594.000000	31	44	0.974	0.053
6600.000000	31	44	0.973	0.055
6606.000000	31	44	0.972	0.058
6612.000000	31	44	0.970	0.059
6618.000000	31	44	0.970	0.058
6624.000000	31	44	0.970	0.054
6630.000000	31	44	0.970	0.047
6636.000000	31	44	0.971	0.043
6642.000000	31	44	0.971	0.042
6648.000000	31	55	0.972	0.041
6654.000000	31	55	0.974	0.041
6660.000000	31	112	0.975	0.041
6666.000000	31	112	0.975	0.043
6672.000000	31	112	0.975	0.045
6678.000000	31	112	0.974	0.048
6684.000000	31	112	0.974	0.049
6690.000000	31	112	0.974	0.049
6696.000000	31	112	0.974	0.048
6702.000000	31	112	0.973	0.047
6708.000000	31	112	0.972	0.047
6714.000000	31	112	0.971	0.047
6720.000000	31	112	0.971	0.047
6726.000000	31	112	0.972	0.047
6732.000000	31	112	0.973	0.047
6738.000000	31	112	0.973	0.046
6744.000000	31	112	0.973	0.045
6750.000000	31	112	0.972	0.043
6756.000000	31	112	0.971	0.042
6762.000000	31	112	0.969	0.040
6768.000000	31	112	0.967	0.038
6774.000000	31	112	0.964	0.037
6780.000000	31	112	0.961	0.036
6786.000000	31	112	0.958	0.034
6792.000000	31	112	0.955	0.033
6798.000000	31	112	0.952	0.033
6804.000000	31	113	0.949	0.033
6810.000000	31	113	0.944	0.034
6816.000000	31	113	0.938	0.034
6822.000000	31	113	0.931	0.034
6828.000000	31	113	0.926	0.034
6834.000000	31	113	0.918	0.035
6840.000000	31	113	0.909	0.035
6846.000000	31	113	0.900	0.035
6852.000000	31	113	0.887	0.034
6858.000000	31	113	0.868	0.032
6864.000000	31	67	0.844	0.032
6870.000000	31	67	0.810	0.032
6876.000000	31	67	0.755	0.033
6882.000000	31	67	0.675	0.035
6888.000000	31	67	0.532	0.036
6894.000000	31	67	0.219	0.028
6900.000000	67	15	0.015	0.014
6906.000000	15	67	0.013	0.009
6912.000000	15	87	0.012	0.008
6918.000000	15	87	0.011	0.008
6924.000000	15	87	0.010	0.007
6930.000000	15	87	0.007	0.006
