0.000000	125	102	0.000	0.000
6.000000	172	156	0.986	0.035
12.000000	172	156	0.985	0.037
18.000000	172	156	0.984	0.039
24.000000	172	113	0.982	0.042
30.000000	172	113	0.981	0.049
36.000000	172	113	0.979	0.055
42.000000	172	113	0.977	0.061
48.000000	172	113	0.975	0.067
54.000000	172	113	0.973	0.074
60.000000	172	100	0.970	0.082
66.000000	172	100	0.968	0.091
72.000000	172	100	0.965	0.101
78.000000	172	113	0.962	0.112
84.000000	172	113	0.960	0.124
90.000000	172	113	0.957	0.136
96.000000	172	113	0.954	0.147
102.000000	172	113	0.951	0.159
108.000000	172	113	0.949	0.170
114.000000	172	113	0.946	0.181
120.000000	172	113	0.944	0.193
126.000000	172	83	0.942	0.208
132.000000	172	83	0.940	0.226
138.000000	172	83	0.938	0.243
144.000000	172	83	0.936	0.261
150.000000	172	83	0.935	0.280
156.000000	172	83	0.933	0.296
162.000000	172	83	0.932	0.311
168.000000	172	83	0.930	0.328
174.000000	172	83	0.928	0.343
180.000000	172	83	0.925	0.363
186.000000	172	83	0.921	0.389
192.000000	172	83	0.916	0.419
198.000000	172	83	0.911	0.462
204.000000	172	83	0.903	0.510
210.000000	172	83	0.893	0.556
216.000000	172	83	0.880	0.602
222.000000	172	83	0.863	0.646
228.000000	172	83	0.838	0.684
234.000000	172	83	0.808	0.714
240.000000	172	83	0.754	0.747
246.000000	83	172	0.781	0.679
252.000000	83	172	0.808	0.576
258.000000	83	113	0.848	0.519
264.000000	83	113	0.892	0.578
270.000000	83	113	0.913	0.634
276.000000	83	113	0.919	0.668
282.000000	83	113	0.920	0.678
288.000000	83	113	0.916	0.684
294.000000	83	113	0.913	0.686
300.000000	83	113	0.909	0.685
306.000000	83	113	0.907	0.684
312.000000	83	113	0.900	0.685
318.000000	83	113	0.889	0.690
324.000000	83	113	0.880	0.691
330.000000	83	113	0.873	0.691
336.000000	83	113	0.865	0.689
342.000000	83	113	0.857	0.687
348.000000	83	113	0.850	0.684
354.000000	83	113	0.842	0.681
360.000000	83	113	0.834	0.678
366.000000	83	113	0.827	0.670
372.000000	83	113	0.819	0.657
378.000000	83	113	0.811	0.637
384.000000	83	113	0.802	0.612
390.000000	83	113	0.793	0.578
396.000000	83	113	0.785	0.531
402.000000	83	113	0.778	0.461
408.000000	83	113	0.773	0.360
414.000000	83	113	0.769	0.233
420.000000	83	11	0.767	0.196
426.000000	83	11	0.762	0.189
432.000000	83	11	0.755	0.183
438.000000	83	11	0.739	0.183
444.000000	83	11	0.715	0.185
450.000000	83	11	0.680	0.189
456.000000	83	11	0.626	0.197
462.000000	83	11	0.543	0.207
468.000000	83	11	0.415	0.221
474.000000	11	83	0.239	0.233
480.000000	11	59	0.263	0.195
486.000000	11	59	0.290	0.214
492.000000	11	59	0.326	0.238
498.000000	11	59	0.373	0.274
504.000000	11	59	0.424	0.315
510.000000	11	59	0.473	0.353
516.000000	11	59	0.514	0.389
522.000000	11	59	0.543	0.420
528.000000	11	59	0.560	0.448
534.000000	11	59	0.570	0.473
540.000000	11	59	0.574	0.491
546.000000	11	59	0.577	0.502
552.000000	11	59	0.578	0.508
558.000000	11	59	0.578	0.513
564.000000	11	59	0.578	0.516
570.000000	11	59	0.575	0.522
576.000000	11	59	0.573	0.529
582.000000	11	59	0.572	0.535
588.000000	11	59	0.572	0.540
594.000000	11	59	0.572	0.544
600.000000	11	59	0.572	0.549
606.000000	11	59	0.572	0.560
612.000000	11	59	0.574	0.570
618.000000	59	11	0.582	0.570
624.000000	59	11	0.600	0.562
630.000000	59	11	0.617	0.553
636.000000	59	11	0.635	0.538
642.000000	59	11	0.661	0.509
648.000000	59	11	0.686	0.474
654.000000	59	11	0.714	0.422
660.000000	59	11	0.746	0.350
666.000000	59	195	0.790	0.284
672.000000	59	195	0.830	0.269
678.000000	59	195	0.861	0.251
684.000000	59	195	0.891	0.233
690.000000	59	195	0.903	0.215
696.000000	59	117	0.908	0.199
702.000000	59	117	0.911	0.228
708.000000	59	117	0.911	0.264
714.000000	59	117	0.913	0.306
720.000000	59	117	0.913	0.355
726.000000	59	117	0.911	0.402
732.000000	59	117	0.907	0.446
738.000000	59	117	0.901	0.488
744.000000	59	117	0.894	0.527
750.000000	59	117	0.888	0.561
756.000000	59	117	0.880	0.594
762.000000	59	117	0.868	0.621
768.000000	59	117	0.852	0.641
774.000000	59	117	0.831	0.663
780.000000	59	117	0.802	0.686
786.000000	59	117	0.765	0.711
792.000000	117	59	0.734	0.714
798.000000	117	59	0.766	0.638
804.000000	117	59	0.810	0.530
810.000000	117	59	0.854	0.370
816.000000	117	59	0.911	0.168
822.000000	117	142	0.940	0.103
828.000000	117	142	0.954	0.107
834.000000	117	142	0.958	0.112
840.000000	117	142	0.958	0.117
846.000000	117	107	0.955	0.122
852.000000	117	107	0.952	0.133
858.000000	117	107	0.949	0.143
864.000000	117	107	0.945	0.150
870.000000	117	107	0.941	0.158
876.000000	117	107	0.937	0.165
882.000000	117	107	0.932	0.174
888.000000	117	107	0.927	0.182
894.000000	117	107	0.922	0.192
900.000000	117	107	0.916	0.206
906.000000	117	107	0.910	0.220
912.000000	117	107	0.903	0.233
918.000000	117	107	0.897	0.244
924.000000	117	107	0.893	0.255
930.000000	117	107	0.887	0.264
936.000000	117	107	0.881	0.273
942.000000	117	107	0.874	0.283
948.000000	117	107	0.867	0.295
954.000000	117	107	0.858	0.309
960.000000	117	107	0.846	0.326
966.000000	117	107	0.831	0.350
972.000000	117	107	0.811	0.378
978.000000	117	107	0.784	0.416
984.000000	117	107	0.744	0.463
990.000000	117	107	0.687	0.512
996.000000	117	107	0.605	0.564
1002.000000	107	117	0.637	0.479
1008.000000	107	117	0.727	0.294
1014.000000	107	112	0.818	0.183
1020.000000	107	112	0.867	0.200
1026.000000	107	112	0.886	0.229
1032.000000	107	112	0.903	0.265
1038.000000	107	112	0.906	0.303
1044.000000	107	112	0.903	0.340
1050.000000	107	112	0.900	0.377
1056.000000	107	112	0.900	0.412
1062.000000	107	112	0.901	0.445
1068.000000	107	112	0.898	0.478
1074.000000	107	112	0.895	0.503
1080.000000	107	112	0.892	0.526
1086.000000	107	112	0.889	0.547
1092.000000	107	112	0.884	0.565
1098.000000	107	112	0.880	0.580
1104.000000	107	112	0.876	0.592
1110.000000	107	112	0.866	0.606
1116.000000	107	112	0.858	0.615
1122.000000	107	112	0.849	0.628
1128.000000	107	112	0.841	0.641
1134.000000	107	112	0.831	0.649
1140.000000	107	112	0.819	0.660
1146.000000	107	112	0.805	0.678
1152.000000	107	112	0.792	0.698
1158.000000	107	112	0.775	0.719
1164.000000	107	112	0.752	0.743
1170.000000	112	107	0.767	0.721
1176.000000	112	107	0.783	0.680
1182.000000	112	107	0.805	0.617
1188.000000	112	107	0.833	0.523
1194.000000	112	107	0.866	0.380
1200.000000	112	107	0.899	0.195
1206.000000	112	22	0.921	0.162
1212.000000	112	22	0.939	0.160
1218.000000	112	22	0.950	0.165
1224.000000	112	22	0.952	0.172
1230.000000	112	22	0.953	0.181
1236.000000	112	22	0.951	0.189
1242.000000	112	22	0.950	0.199
1248.000000	112	22	0.950	0.210
1254.000000	112	22	0.947	0.226
1260.000000	112	22	0.943	0.245
1266.000000	112	22	0.939	0.264
1272.000000	112	22	0.934	0.285
1278.000000	112	22	0.927	0.309
1284.000000	112	22	0.920	0.335
1290.000000	112	22	0.913	0.361
1296.000000	112	22	0.904	0.388
1302.000000	112	22	0.893	0.418
1308.000000	112	22	0.880	0.449
1314.000000	112	22	0.863	0.480
1320.000000	112	22	0.841	0.512
1326.000000	112	22	0.812	0.542
1332.000000	112	22	0.769	0.576
1338.000000	112	22	0.709	0.611
1344.000000	22	112	0.652	0.624
1350.000000	22	112	0.692	0.507
1356.000000	22	112	0.749	0.334
1362.000000	22	112	0.833	0.127
1368.000000	22	195	0.903	0.109
1374.000000	22	195	0.926	0.118
1380.000000	22	195	0.937	0.130
1386.000000	22	195	0.941	0.142
1392.000000	22	195	0.943	0.154
1398.000000	22	195	0.943	0.168
1404.000000	22	195	0.942	0.183
1410.000000	22	195	0.940	0.202
1416.000000	22	195	0.938	0.228
1422.000000	22	195	0.935	0.257
1428.000000	22	195	0.932	0.288
1434.000000	22	195	0.928	0.321
1440.000000	22	195	0.924	0.357
1446.000000	22	195	0.920	0.393
1452.000000	22	195	0.916	0.433
1458.000000	22	195	0.912	0.478
1464.000000	22	195	0.908	0.516
1470.000000	22	195	0.901	0.551
1476.000000	22	195	0.891	0.575
1482.000000	22	195	0.881	0.598
1488.000000	22	195	0.873	0.625
1494.000000	22	195	0.864	0.650
1500.000000	22	195	0.851	0.677
1506.000000	22	195	0.831	0.708
1512.000000	22	195	0.808	0.731
1518.000000	22	195	0.772	0.757
1524.000000	195	22	0.782	0.719
1530.000000	195	22	0.804	0.647
1536.000000	195	22	0.827	0.537
1542.000000	195	22	0.865	0.360
1548.000000	195	53	0.916	0.163
1554.000000	195	53	0.952	0.118
1560.000000	195	53	0.967	0.085
1566.000000	195	181	0.967	0.071
1572.000000	195	181	0.963	0.073
1578.000000	195	181	0.959	0.074
1584.000000	195	181	0.955	0.076
1590.000000	195	181	0.951	0.078
1596.000000	195	36	0.947	0.084
1602.000000	195	36	0.943	0.092
1608.000000	195	36	0.939	0.100
1614.000000	195	36	0.936	0.107
1620.000000	195	36	0.932	0.113
1626.000000	195	36	0.928	0.120
1632.000000	195	36	0.923	0.126
1638.000000	195	36	0.917	0.132
1644.000000	195	36	0.911	0.139
1650.000000	195	36	0.904	0.145
1656.000000	195	36	0.896	0.150
1662.000000	195	36	0.887	0.155
1668.000000	195	36	0.878	0.160
1674.000000	195	36	0.868	0.165
1680.000000	195	36	0.857	0.168
1686.000000	195	36	0.845	0.170
1692.000000	195	36	0.830	0.172
1698.000000	195	36	0.810	0.173
1704.000000	195	36	0.783	0.173
1710.000000	195	36	0.746	0.174
1716.000000	195	36	0.694	0.173
1722.000000	195	36	0.615	0.171
1728.000000	195	36	0.491	0.168
1734.000000	195	170	0.305	0.179
1740.000000	170	109	0.206	0.166
1746.000000	170	109	0.244	0.179
1752.000000	170	109	0.311	0.204
1758.000000	170	109	0.400	0.234
1764.000000	170	109	0.501	0.270
1770.000000	170	109	0.602	0.305
1776.000000	170	109	0.669	0.335
1782.000000	170	109	0.699	0.365
1788.000000	170	109	0.714	0.386
1794.000000	170	109	0.729	0.397
1800.000000	170	109	0.742	0.402
1806.000000	170	109	0.751	0.405
1812.000000	170	109	0.760	0.405
1818.000000	170	54	0.765	0.416
1824.000000	170	54	0.777	0.427
1830.000000	170	54	0.782	0.434
1836.000000	170	54	0.782	0.441
1842.000000	170	54	0.783	0.451
1848.000000	170	54	0.790	0.461
1854.000000	170	54	0.795	0.466
1860.000000	170	54	0.803	0.467
1866.000000	170	54	0.810	0.472
1872.000000	170	54	0.823	0.475
1878.000000	170	54	0.833	0.482
1884.000000	170	54	0.846	0.496
1890.000000	170	54	0.854	0.515
1896.000000	170	54	0.864	0.535
1902.000000	170	54	0.870	0.563
1908.000000	170	54	0.872	0.596
1914.000000	170	54	0.877	0.618
1920.000000	170	54	0.878	0.633
1926.000000	170	54	0.880	0.639
1932.000000	170	54	0.882	0.644
1938.000000	170	54	0.884	0.647
1944.000000	170	54	0.882	0.647
1950.000000	170	54	0.877	0.647
1956.000000	170	54	0.873	0.646
1962.000000	170	54	0.865	0.647
1968.000000	170	54	0.858	0.642
1974.000000	170	54	0.848	0.635
1980.000000	170	54	0.834	0.626
1986.000000	170	54	0.818	0.612
1992.000000	170	54	0.797	0.593
1998.000000	170	54	0.770	0.569
2004.000000	170	54	0.735	0.540
2010.000000	170	54	0.686	0.500
2016.000000	170	54	0.618	0.444
2022.000000	170	54	0.513	0.362
2028.000000	170	54	0.360	0.258
2034.000000	170	54	0.158	0.154
2040.000000	54	41	0.068	0.055
2046.000000	45	41	0.044	0.043
2052.000000	45	41	0.038	0.035
2058.000000	45	41	0.031	0.028
2064.000000	45	41	0.024	0.021
2070.000000	45	41	0.018	0.015
2076.000000	45	27	0.012	0.010
2082.000000	27	45	0.008	0.007
