0.000000	125	102	0.000	0.000
6.000000	127	85	0.986	0.034
12.000000	127	85	0.985	0.037
18.000000	127	85	0.984	0.039
24.000000	127	8	0.983	0.044
30.000000	127	8	0.981	0.053
36.000000	127	8	0.979	0.063
42.000000	127	8	0.976	0.074
48.000000	127	8	0.974	0.085
54.000000	127	8	0.971	0.095
60.000000	127	8	0.968	0.103
66.000000	127	8	0.965	0.110
72.000000	127	8	0.962	0.116
78.000000	127	8	0.958	0.121
84.000000	127	8	0.955	0.125
90.000000	127	8	0.953	0.129
96.000000	127	8	0.950	0.131
102.000000	127	8	0.948	0.134
108.000000	127	8	0.945	0.136
114.000000	127	81	0.943	0.138
120.000000	127	106	0.941	0.144
126.000000	127	106	0.939	0.150
132.000000	127	81	0.937	0.155
138.000000	127	81	0.934	0.165
144.000000	127	81	0.932	0.175
150.000000	127	81	0.929	0.185
156.000000	127	81	0.926	0.195
162.000000	127	81	0.923	0.204
168.000000	127	81	0.920	0.212
174.000000	127	81	0.919	0.218
180.000000	127	81	0.917	0.223
186.000000	127	81	0.915	0.229
192.000000	127	81	0.913	0.236
198.000000	127	81	0.912	0.240
204.000000	127	81	0.910	0.245
210.000000	127	162	0.906	0.255
216.000000	127	162	0.900	0.275
222.000000	127	162	0.892	0.298
228.000000	127	162	0.881	0.324
234.000000	127	162	0.868	0.354
240.000000	127	162	0.853	0.392
246.000000	127	162	0.835	0.434
252.000000	127	162	0.810	0.479
258.000000	127	162	0.772	0.530
264.000000	127	162	0.708	0.598
270.000000	162	127	0.675	0.605
276.000000	162	127	0.752	0.432
282.000000	162	164	0.835	0.226
288.000000	162	164	0.897	0.264
294.000000	162	164	0.926	0.319
300.000000	162	164	0.939	0.384
306.000000	162	164	0.939	0.460
312.000000	162	164	0.936	0.526
318.000000	162	164	0.932	0.574
324.000000	162	164	0.928	0.608
330.000000	162	164	0.925	0.629
336.000000	162	164	0.923	0.642
342.000000	162	164	0.919	0.651
348.000000	162	164	0.915	0.659
354.000000	162	164	0.910	0.668
360.000000	162	164	0.903	0.675
366.000000	162	164	0.899	0.678
372.000000	162	164	0.895	0.683
378.000000	162	164	0.890	0.686
384.000000	162	164	0.886	0.687
390.000000	162	164	0.881	0.688
396.000000	162	164	0.877	0.689
402.000000	162	164	0.872	0.692
408.000000	162	164	0.866	0.699
414.000000	162	164	0.861	0.706
420.000000	162	164	0.855	0.709
426.000000	162	164	0.845	0.713
432.000000	162	164	0.835	0.720
438.000000	162	164	0.814	0.735
444.000000	162	164	0.799	0.746
450.000000	162	164	0.785	0.752
456.000000	162	164	0.769	0.755
462.000000	164	162	0.760	0.740
468.000000	164	162	0.769	0.693
474.000000	164	162	0.795	0.613
480.000000	164	162	0.817	0.496
486.000000	164	162	0.861	0.294
492.000000	164	162	0.930	0.083
498.000000	164	193	0.954	0.073
504.000000	164	193	0.959	0.075
510.000000	164	193	0.962	0.076
516.000000	164	193	0.962	0.078
522.000000	164	193	0.961	0.081
528.000000	164	193	0.959	0.084
534.000000	164	193	0.956	0.089
540.000000	164	193	0.953	0.094
546.000000	164	193	0.948	0.100
552.000000	164	193	0.943	0.107
558.000000	164	193	0.937	0.114
564.000000	164	193	0.929	0.121
570.000000	164	193	0.921	0.128
576.000000	164	193	0.913	0.136
582.000000	164	193	0.903	0.146
588.000000	164	193	0.892	0.157
594.000000	164	193	0.879	0.170
600.000000	164	193	0.863	0.184
606.000000	164	193	0.843	0.197
612.000000	164	193	0.817	0.208
618.000000	164	193	0.783	0.219
624.000000	164	193	0.739	0.233
630.000000	164	193	0.682	0.252
636.000000	164	193	0.601	0.274
642.000000	164	193	0.479	0.297
648.000000	193	164	0.321	0.313
654.000000	193	156	0.341	0.224
660.000000	193	156	0.361	0.246
666.000000	193	156	0.389	0.269
672.000000	193	156	0.418	0.295
678.000000	193	156	0.447	0.324
684.000000	193	156	0.477	0.351
690.000000	193	156	0.499	0.374
696.000000	193	156	0.518	0.396
702.000000	193	156	0.535	0.417
708.000000	193	156	0.550	0.440
714.000000	193	156	0.566	0.457
720.000000	193	156	0.575	0.475
726.000000	193	156	0.578	0.497
732.000000	193	156	0.581	0.516
738.000000	193	156	0.581	0.524
744.000000	193	119	0.581	0.531
750.000000	193	119	0.575	0.545
756.000000	193	119	0.572	0.557
762.000000	119	193	0.564	0.564
768.000000	119	193	0.569	0.555
774.000000	119	193	0.577	0.543
780.000000	119	193	0.585	0.530
786.000000	119	156	0.600	0.523
792.000000	119	156	0.616	0.516
798.000000	119	156	0.635	0.506
804.000000	119	156	0.658	0.504
810.000000	119	156	0.683	0.499
816.000000	119	156	0.706	0.493
822.000000	119	156	0.732	0.488
828.000000	119	156	0.763	0.472
834.000000	119	156	0.785	0.451
840.000000	119	156	0.811	0.419
846.000000	119	156	0.843	0.364
852.000000	119	140	0.872	0.342
858.000000	119	140	0.893	0.374
864.000000	119	140	0.906	0.409
870.000000	119	140	0.909	0.454
876.000000	119	140	0.906	0.502
882.000000	119	140	0.904	0.546
888.000000	119	140	0.899	0.581
894.000000	119	140	0.894	0.608
900.000000	119	140	0.887	0.629
906.000000	119	140	0.880	0.644
912.000000	119	140	0.873	0.653
918.000000	119	140	0.866	0.662
924.000000	119	140	0.855	0.670
930.000000	119	140	0.843	0.675
936.000000	119	140	0.829	0.679
942.000000	119	140	0.811	0.689
948.000000	119	140	0.792	0.697
954.000000	119	140	0.773	0.704
960.000000	119	140	0.747	0.716
966.000000	140	119	0.729	0.712
972.000000	140	119	0.743	0.665
978.000000	140	119	0.763	0.597
984.000000	140	119	0.788	0.493
990.000000	140	119	0.834	0.331
996.000000	140	89	0.883	0.177
1002.000000	140	89	0.923	0.183
1008.000000	140	89	0.937	0.193
1014.000000	140	89	0.942	0.207
1020.000000	140	89	0.943	0.220
1026.000000	140	89	0.940	0.232
1032.000000	140	89	0.936	0.242
1038.000000	140	89	0.930	0.251
1044.000000	140	89	0.923	0.260
1050.000000	140	89	0.916	0.268
1056.000000	140	89	0.908	0.274
1062.000000	140	89	0.900	0.279
1068.000000	140	89	0.890	0.284
1074.000000	140	89	0.877	0.290
1080.000000	140	89	0.863	0.294
1086.000000	140	89	0.847	0.296
1092.000000	140	89	0.828	0.296
1098.000000	140	89	0.806	0.295
1104.000000	140	89	0.778	0.292
1110.000000	140	89	0.742	0.288
1116.000000	140	89	0.698	0.283
1122.000000	140	41	0.639	0.297
1128.000000	140	41	0.561	0.315
1134.000000	140	41	0.463	0.342
1140.000000	41	140	0.387	0.341
1146.000000	41	89	0.453	0.211
1152.000000	41	39	0.537	0.207
1158.000000	41	39	0.648	0.222
1164.000000	41	39	0.735	0.235
1170.000000	41	39	0.795	0.248
1176.000000	41	39	0.842	0.255
1182.000000	41	39	0.859	0.262
1188.000000	41	39	0.861	0.269
1194.000000	41	39	0.862	0.271
1200.000000	41	39	0.864	0.273
1206.000000	41	39	0.871	0.274
1212.000000	41	39	0.872	0.278
1218.000000	41	39	0.873	0.280
1224.000000	41	39	0.879	0.272
1230.000000	41	39	0.881	0.261
1236.000000	41	39	0.887	0.242
1242.000000	41	81	0.894	0.229
1248.000000	41	81	0.902	0.223
1254.000000	41	81	0.904	0.219
1260.000000	41	81	0.904	0.212
1266.000000	41	81	0.904	0.205
1272.000000	41	81	0.902	0.196
1278.000000	41	85	0.901	0.200
1284.000000	41	85	0.899	0.207
1290.000000	41	85	0.898	0.215
1296.000000	41	85	0.896	0.223
1302.000000	41	85	0.895	0.228
1308.000000	41	85	0.893	0.232
1314.000000	41	85	0.893	0.236
1320.000000	41	85	0.889	0.243
1326.000000	41	85	0.884	0.251
1332.000000	41	85	0.878	0.259
1338.000000	41	85	0.871	0.267
1344.000000	41	85	0.862	0.276
1350.000000	41	85	0.853	0.288
1356.000000	41	85	0.842	0.301
1362.000000	41	85	0.831	0.315
1368.000000	41	85	0.816	0.327
1374.000000	41	85	0.795	0.341
1380.000000	41	85	0.766	0.360
1386.000000	41	85	0.722	0.391
1392.000000	41	85	0.652	0.433
1398.000000	41	85	0.536	0.489
1404.000000	85	41	0.575	0.351
1410.000000	85	41	0.711	0.126
1416.000000	85	170	0.855	0.041
1422.000000	85	170	0.932	0.041
1428.000000	85	110	0.956	0.043
1434.000000	85	110	0.961	0.047
1440.000000	85	15	0.967	0.053
1446.000000	85	2	0.966	0.057
1452.000000	85	2	0.965	0.065
1458.000000	85	2	0.962	0.071
1464.000000	85	2	0.960	0.077
1470.000000	85	2	0.957	0.082
1476.000000	85	2	0.953	0.088
1482.000000	85	2	0.950	0.093
1488.000000	85	2	0.947	0.097
1494.000000	85	2	0.944	0.100
1500.000000	85	2	0.942	0.102
1506.000000	85	10	0.939	0.110
1512.000000	85	10	0.936	0.120
1518.000000	85	10	0.934	0.129
1524.000000	85	10	0.931	0.136
1530.000000	85	10	0.929	0.143
1536.000000	85	10	0.927	0.150
1542.000000	85	10	0.924	0.156
1548.000000	85	10	0.922	0.163
1554.000000	85	10	0.919	0.171
1560.000000	85	10	0.916	0.180
1566.000000	85	10	0.911	0.190
1572.000000	85	10	0.907	0.204
1578.000000	85	10	0.901	0.221
1584.000000	85	10	0.893	0.243
1590.000000	85	10	0.884	0.273
1596.000000	85	10	0.870	0.316
1602.000000	85	10	0.851	0.375
1608.000000	85	10	0.825	0.442
1614.000000	85	10	0.791	0.515
1620.000000	85	10	0.745	0.586
1626.000000	85	10	0.676	0.650
1632.000000	10	85	0.707	0.566
1638.000000	10	85	0.773	0.378
1644.000000	10	85	0.859	0.147
1650.000000	10	193	0.919	0.141
1656.000000	10	193	0.938	0.149
1662.000000	10	193	0.941	0.158
1668.000000	10	193	0.943	0.166
1674.000000	10	193	0.950	0.172
1680.000000	10	193	0.948	0.178
1686.000000	10	193	0.946	0.184
1692.000000	10	193	0.943	0.191
1698.000000	10	72	0.940	0.199
1704.000000	10	72	0.940	0.211
1710.000000	10	72	0.938	0.221
1716.000000	10	72	0.936	0.230
1722.000000	10	72	0.933	0.235
1728.000000	10	72	0.930	0.238
1734.000000	10	72	0.928	0.240
1740.000000	10	72	0.924	0.242
1746.000000	10	72	0.921	0.242
1752.000000	10	72	0.917	0.240
1758.000000	10	72	0.913	0.241
1764.000000	10	72	0.908	0.239
1770.000000	10	72	0.904	0.234
1776.000000	10	40	0.897	0.232
1782.000000	10	40	0.892	0.240
1788.000000	10	40	0.887	0.248
1794.000000	10	40	0.882	0.256
1800.000000	10	40	0.878	0.263
1806.000000	10	40	0.873	0.273
1812.000000	10	40	0.868	0.286
1818.000000	10	40	0.862	0.302
1824.000000	10	40	0.854	0.324
1830.000000	10	40	0.843	0.352
1836.000000	10	40	0.828	0.383
1842.000000	10	40	0.808	0.415
1848.000000	10	40	0.782	0.451
1854.000000	10	40	0.744	0.488
1860.000000	10	40	0.683	0.532
1866.000000	40	10	0.591	0.587
1872.000000	40	10	0.654	0.429
1878.000000	40	10	0.736	0.207
1884.000000	40	6	0.839	0.090
1890.000000	40	197	0.904	0.083
1896.000000	40	197	0.931	0.085
1902.000000	40	197	0.944	0.089
1908.000000	40	197	0.950	0.094
1914.000000	40	197	0.952	0.098
1920.000000	40	197	0.954	0.100
1926.000000	40	197	0.953	0.102
1932.000000	40	197	0.951	0.104
1938.000000	40	197	0.950	0.105
1944.000000	40	118	0.948	0.107
1950.000000	40	118	0.946	0.111
1956.000000	40	118	0.944	0.114
1962.000000	40	118	0.943	0.116
1968.000000	40	121	0.941	0.125
1974.000000	40	121	0.939	0.135
1980.000000	40	121	0.941	0.144
1986.000000	40	121	0.940	0.154
1992.000000	40	121	0.938	0.167
1998.000000	40	121	0.937	0.182
2004.000000	40	121	0.935	0.199
2010.000000	40	121	0.934	0.218
2016.000000	40	121	0.932	0.240
2022.000000	40	121	0.931	0.265
2028.000000	40	121	0.928	0.297
2034.000000	40	121	0.924	0.335
2040.000000	40	121	0.917	0.383
2046.000000	40	121	0.906	0.438
2052.000000	40	121	0.892	0.493
2058.000000	40	121	0.875	0.554
2064.000000	40	121	0.855	0.613
2070.000000	40	121	0.828	0.656
2076.000000	40	121	0.784	0.691
2082.000000	40	121	0.724	0.719
2088.000000	121	40	0.751	0.631
2094.000000	121	40	0.795	0.476
2100.000000	121	40	0.875	0.240
2106.000000	121	27	0.932	0.206
2112.000000	121	27	0.952	0.230
2118.000000	121	27	0.958	0.266
2124.000000	121	27	0.957	0.313
2130.000000	121	27	0.953	0.366
2136.000000	121	27	0.947	0.421
2142.000000	121	27	0.940	0.481
2148.000000	121	27	0.932	0.536
2154.000000	121	27	0.925	0.581
2160.000000	121	27	0.917	0.617
2166.000000	121	27	0.910	0.643
2172.000000	121	27	0.902	0.658
2178.000000	121	27	0.895	0.668
2184.000000	121	27	0.886	0.679
2190.000000	121	27	0.874	0.689
2196.000000	121	27	0.862	0.704
2202.000000	121	27	0.847	0.725
2208.000000	121	27	0.833	0.738
2214.000000	121	27	0.819	0.745
2220.000000	121	27	0.804	0.751
2226.000000	121	27	0.781	0.767
2232.000000	27	121	0.773	0.763
2238.000000	27	121	0.781	0.737
2244.000000	27	121	0.797	0.701
2250.000000	27	121	0.808	0.662
2256.000000	27	121	0.822	0.605
2262.000000	27	121	0.848	0.503
2268.000000	27	121	0.879	0.362
2274.000000	27	15	0.919	0.320
2280.000000	27	15	0.942	0.361
2286.000000	27	15	0.944	0.412
2292.000000	27	15	0.942	0.462
2298.000000	27	15	0.938	0.509
2304.000000	27	15	0.933	0.553
2310.000000	27	15	0.926	0.586
2316.000000	27	15	0.919	0.614
2322.000000	27	15	0.911	0.636
2328.000000	27	15	0.901	0.650
2334.000000	27	15	0.889	0.660
2340.000000	27	15	0.868	0.677
2346.000000	27	15	0.850	0.688
2352.000000	27	15	0.830	0.700
2358.000000	27	15	0.801	0.713
2364.000000	27	15	0.770	0.721
2370.000000	15	27	0.731	0.726
2376.000000	15	27	0.744	0.667
2382.000000	15	27	0.763	0.584
2388.000000	15	27	0.794	0.463
2394.000000	15	27	0.832	0.304
2400.000000	15	27	0.879	0.148
2406.000000	15	125	0.915	0.138
2412.000000	15	125	0.938	0.136
2418.000000	15	125	0.947	0.136
2424.000000	15	125	0.948	0.137
2430.000000	15	145	0.947	0.139
2436.000000	15	145	0.948	0.144
2442.000000	15	145	0.947	0.152
2448.000000	15	145	0.945	0.159
2454.000000	15	145	0.942	0.166
2460.000000	15	145	0.939	0.173
2466.000000	15	145	0.936	0.181
2472.000000	15	145	0.931	0.191
2478.000000	15	145	0.927	0.201
2484.000000	15	145	0.924	0.211
2490.000000	15	145	0.918	0.223
2496.000000	15	145	0.911	0.235
2502.000000	15	145	0.900	0.249
2508.000000	15	145	0.888	0.265
2514.000000	15	145	0.872	0.282
2520.000000	15	145	0.853	0.302
2526.000000	15	145	0.829	0.326
2532.000000	15	145	0.799	0.358
2538.000000	15	145	0.757	0.398
2544.000000	15	145	0.699	0.441
2550.000000	15	145	0.607	0.487
2556.000000	145	15	0.549	0.455
2562.000000	145	15	0.652	0.254
2568.000000	145	110	0.744	0.256
2574.000000	145	110	0.821	0.267
2580.000000	145	110	0.859	0.276
2586.000000	145	110	0.878	0.287
2592.000000	145	110	0.888	0.296
2598.000000	145	110	0.897	0.309
2604.000000	145	110	0.903	0.318
2610.000000	145	110	0.906	0.323
2616.000000	145	110	0.911	0.328
2622.000000	145	110	0.917	0.330
2628.000000	145	110	0.917	0.329
2634.000000	145	110	0.917	0.324
2640.000000	145	110	0.917	0.317
2646.000000	145	110	0.916	0.309
2652.000000	145	110	0.915	0.298
2658.000000	145	110	0.914	0.283
2664.000000	145	110	0.913	0.263
2670.000000	145	110	0.914	0.237
2676.000000	145	110	0.915	0.204
2682.000000	145	110	0.916	0.162
2688.000000	145	153	0.920	0.145
2694.000000	145	16	0.921	0.143
2700.000000	145	16	0.922	0.149
2706.000000	145	16	0.922	0.153
2712.000000	145	16	0.921	0.154
2718.000000	145	16	0.919	0.154
2724.000000	145	16	0.919	0.154
2730.000000	145	16	0.917	0.154
2736.000000	145	16	0.913	0.154
2742.000000	145	16	0.908	0.155
2748.000000	145	16	0.902	0.155
2754.000000	145	16	0.896	0.156
2760.000000	145	80	0.890	0.161
2766.000000	145	80	0.881	0.167
2772.000000	145	80	0.869	0.175
2778.000000	145	80	0.854	0.183
2784.000000	145	80	0.834	0.192
2790.000000	145	80	0.808	0.200
2796.000000	145	80	0.774	0.210
2802.000000	145	80	0.725	0.223
2808.000000	145	80	0.645	0.241
2814.000000	145	80	0.504	0.266
2820.000000	80	145	0.299	0.294
2826.000000	80	52	0.347	0.157
2832.000000	80	52	0.412	0.162
2838.000000	80	52	0.498	0.178
2844.000000	80	52	0.583	0.191
2850.000000	80	52	0.664	0.206
2856.000000	80	52	0.719	0.225
2862.000000	80	52	0.761	0.246
2868.000000	80	52	0.800	0.270
2874.000000	80	52	0.823	0.282
2880.000000	80	52	0.833	0.299
2886.000000	80	52	0.842	0.319
2892.000000	80	52	0.853	0.340
2898.000000	80	52	0.860	0.359
2904.000000	80	52	0.863	0.374
2910.000000	80	52	0.866	0.389
2916.000000	80	52	0.870	0.401
2922.000000	80	52	0.871	0.411
2928.000000	80	52	0.873	0.418
2934.000000	80	52	0.880	0.420
2940.000000	80	52	0.890	0.423
2946.000000	80	52	0.897	0.422
2952.000000	80	52	0.899	0.422
2958.000000	80	52	0.899	0.421
2964.000000	80	52	0.898	0.419
2970.000000	80	52	0.896	0.416
2976.000000	80	52	0.894	0.409
2982.000000	80	52	0.894	0.397
2988.000000	80	52	0.896	0.379
2994.000000	80	52	0.897	0.353
3000.000000	80	52	0.903	0.313
3006.000000	80	52	0.906	0.257
3012.000000	80	52	0.910	0.189
3018.000000	80	176	0.914	0.138
3024.000000	80	176	0.917	0.136
3030.000000	80	176	0.921	0.133
3036.000000	80	176	0.923	0.126
3042.000000	80	176	0.925	0.117
3048.000000	80	176	0.924	0.106
3054.000000	80	176	0.922	0.094
3060.000000	80	153	0.919	0.092
3066.000000	80	153	0.915	0.097
3072.000000	80	153	0.911	0.103
3078.000000	80	153	0.905	0.111
3084.000000	80	153	0.899	0.119
3090.000000	80	153	0.890	0.130
3096.000000	80	153	0.879	0.141
3102.000000	80	153	0.865	0.155
3108.000000	80	153	0.846	0.173
3114.000000	80	153	0.820	0.196
3120.000000	80	153	0.782	0.229
3126.000000	80	153	0.727	0.279
3132.000000	80	153	0.638	0.350
3138.000000	80	153	0.467	0.458
3144.000000	153	80	0.614	0.188
3150.000000	153	10	0.777	0.113
3156.000000	153	10	0.867	0.105
3162.000000	153	2	0.914	0.109
3168.000000	153	2	0.942	0.124
3174.000000	153	2	0.951	0.143
3180.000000	153	2	0.953	0.164
3186.000000	153	2	0.954	0.186
3192.000000	153	2	0.953	0.207
3198.000000	153	2	0.949	0.228
3204.000000	153	2	0.946	0.248
3210.000000	153	2	0.943	0.271
3216.000000	153	2	0.939	0.296
3222.000000	153	2	0.935	0.322
3228.000000	153	2	0.932	0.348
3234.000000	153	2	0.928	0.374
3240.000000	153	2	0.924	0.406
3246.000000	153	2	0.919	0.438
3252.000000	153	2	0.915	0.466
3258.000000	153	2	0.910	0.488
3264.000000	153	2	0.906	0.506
3270.000000	153	2	0.902	0.522
3276.000000	153	2	0.898	0.535
3282.000000	153	2	0.892	0.551
3288.000000	153	2	0.885	0.571
3294.000000	153	2	0.878	0.592
3300.000000	153	2	0.872	0.615
3306.000000	153	2	0.864	0.640
3312.000000	153	2	0.852	0.672
3318.000000	153	2	0.841	0.696
3324.000000	153	2	0.831	0.714
3330.000000	153	2	0.817	0.731
3336.000000	153	2	0.797	0.743
3342.000000	153	2	0.772	0.752
3348.000000	2	153	0.764	0.734
3354.000000	2	153	0.778	0.681
3360.000000	2	153	0.814	0.586
3366.000000	2	153	0.866	0.431
3372.000000	2	153	0.927	0.200
3378.000000	2	174	0.969	0.072
3384.000000	2	174	0.970	0.073
3390.000000	2	174	0.967	0.074
3396.000000	2	174	0.962	0.074
3402.000000	2	174	0.958	0.072
3408.000000	2	19	0.954	0.073
3414.000000	2	19	0.949	0.079
3420.000000	2	19	0.943	0.086
3426.000000	2	19	0.938	0.095
3432.000000	2	19	0.932	0.104
3438.000000	2	19	0.927	0.114
3444.000000	2	19	0.921	0.125
3450.000000	2	19	0.914	0.136
3456.000000	2	19	0.908	0.148
3462.000000	2	19	0.901	0.161
3468.000000	2	19	0.893	0.176
3474.000000	2	19	0.884	0.195
3480.000000	2	19	0.873	0.217
3486.000000	2	19	0.860	0.241
3492.000000	2	19	0.844	0.269
3498.000000	2	19	0.825	0.299
3504.000000	2	19	0.799	0.333
3510.000000	2	19	0.765	0.369
3516.000000	2	19	0.722	0.408
3522.000000	2	19	0.666	0.453
3528.000000	2	19	0.591	0.516
3534.000000	19	2	0.587	0.484
3540.000000	19	2	0.682	0.331
3546.000000	19	2	0.784	0.151
3552.000000	19	64	0.861	0.128
3558.000000	19	64	0.894	0.126
3564.000000	19	64	0.915	0.127
3570.000000	19	64	0.930	0.128
3576.000000	19	64	0.937	0.128
3582.000000	19	64	0.937	0.131
3588.000000	19	64	0.938	0.134
3594.000000	19	64	0.944	0.133
3600.000000	19	64	0.945	0.130
3606.000000	19	64	0.946	0.125
3612.000000	19	64	0.944	0.120
3618.000000	19	64	0.942	0.117
3624.000000	19	189	0.939	0.121
3630.000000	19	189	0.937	0.127
3636.000000	19	189	0.934	0.133
3642.000000	19	189	0.932	0.139
3648.000000	19	189	0.929	0.144
3654.000000	19	189	0.927	0.150
3660.000000	19	120	0.924	0.164
3666.000000	19	120	0.920	0.180
3672.000000	19	120	0.916	0.195
3678.000000	19	120	0.911	0.210
3684.000000	19	120	0.905	0.227
3690.000000	19	120	0.898	0.247
3696.000000	19	120	0.890	0.267
3702.000000	19	120	0.882	0.284
3708.000000	19	120	0.872	0.304
3714.000000	19	120	0.859	0.327
3720.000000	19	120	0.842	0.349
3726.000000	19	120	0.822	0.375
3732.000000	19	120	0.799	0.407
3738.000000	19	120	0.768	0.442
3744.000000	19	120	0.727	0.478
3750.000000	19	120	0.668	0.510
3756.000000	19	120	0.583	0.554
3762.000000	120	19	0.604	0.459
3768.000000	120	71	0.668	0.440
3774.000000	120	71	0.726	0.512
3780.000000	120	71	0.779	0.595
3786.000000	120	71	0.820	0.664
3792.000000	120	71	0.845	0.697
3798.000000	120	71	0.852	0.717
3804.000000	120	71	0.852	0.731
3810.000000	120	71	0.850	0.738
3816.000000	120	71	0.851	0.745
3822.000000	120	71	0.849	0.751
3828.000000	120	71	0.846	0.755
3834.000000	120	71	0.845	0.756
3840.000000	120	71	0.845	0.754
3846.000000	120	71	0.843	0.752
3852.000000	120	71	0.838	0.752
3858.000000	120	71	0.834	0.749
3864.000000	120	71	0.828	0.746
3870.000000	120	71	0.818	0.748
3876.000000	120	71	0.806	0.748
3882.000000	120	71	0.795	0.745
3888.000000	120	71	0.781	0.740
3894.000000	120	71	0.768	0.729
3900.000000	120	71	0.752	0.717
3906.000000	120	71	0.731	0.703
3912.000000	120	71	0.706	0.688
3918.000000	71	120	0.673	0.672
3924.000000	71	120	0.652	0.633
3930.000000	71	120	0.631	0.575
3936.000000	71	120	0.604	0.492
3942.000000	71	175	0.582	0.380
3948.000000	71	175	0.567	0.441
3954.000000	71	175	0.536	0.532
3960.000000	175	71	0.647	0.483
3966.000000	175	71	0.740	0.403
3972.000000	175	71	0.803	0.292
3978.000000	175	71	0.859	0.174
3984.000000	175	126	0.908	0.090
3990.000000	175	126	0.927	0.084
3996.000000	175	126	0.932	0.079
4002.000000	175	126	0.943	0.074
4008.000000	175	126	0.948	0.068
4014.000000	175	182	0.946	0.071
4020.000000	175	182	0.944	0.075
4026.000000	175	42	0.940	0.081
4032.000000	175	42	0.936	0.089
4038.000000	175	42	0.931	0.096
4044.000000	175	42	0.926	0.101
4050.000000	175	42	0.923	0.104
4056.000000	175	42	0.920	0.106
4062.000000	175	169	0.917	0.117
4068.000000	175	169	0.914	0.128
4074.000000	175	169	0.911	0.137
4080.000000	175	169	0.908	0.144
4086.000000	175	169	0.904	0.151
4092.000000	175	119	0.901	0.159
4098.000000	175	119	0.898	0.169
4104.000000	175	119	0.894	0.179
4110.000000	175	119	0.890	0.188
4116.000000	175	119	0.885	0.198
4122.000000	175	119	0.880	0.208
4128.000000	175	119	0.875	0.220
4134.000000	175	119	0.871	0.233
4140.000000	175	119	0.864	0.245
4146.000000	175	119	0.855	0.260
4152.000000	175	119	0.842	0.276
4158.000000	175	119	0.827	0.291
4164.000000	175	119	0.808	0.306
4170.000000	175	82	0.781	0.333
4176.000000	175	82	0.743	0.365
4182.000000	175	82	0.684	0.401
4188.000000	175	119	0.589	0.452
4194.000000	119	82	0.518	0.501
4200.000000	119	82	0.592	0.586
4206.000000	82	119	0.677	0.671
4212.000000	119	82	0.736	0.732
4218.000000	119	82	0.776	0.751
4224.000000	119	82	0.792	0.757
4230.000000	119	82	0.799	0.754
4236.000000	119	82	0.805	0.752
4242.000000	119	82	0.808	0.751
4248.000000	119	82	0.810	0.751
4254.000000	119	82	0.808	0.748
4260.000000	119	82	0.807	0.745
4266.000000	119	82	0.804	0.742
4272.000000	119	82	0.800	0.739
4278.000000	119	82	0.799	0.732
4284.000000	119	82	0.796	0.726
4290.000000	119	82	0.792	0.722
4296.000000	119	82	0.789	0.717
4302.000000	119	82	0.786	0.710
4308.000000	119	82	0.784	0.699
4314.000000	119	82	0.785	0.689
4320.000000	119	82	0.781	0.683
4326.000000	119	82	0.777	0.675
4332.000000	119	82	0.772	0.667
4338.000000	119	82	0.767	0.652
4344.000000	119	82	0.761	0.634
4350.000000	119	82	0.749	0.612
4356.000000	119	82	0.735	0.579
4362.000000	119	82	0.724	0.525
4368.000000	119	82	0.718	0.438
4374.000000	119	82	0.718	0.311
4380.000000	119	82	0.727	0.165
4386.000000	119	13	0.739	0.088
4392.000000	119	13	0.741	0.083
4398.000000	119	13	0.735	0.082
4404.000000	119	13	0.725	0.081
4410.000000	119	13	0.712	0.080
4416.000000	119	13	0.696	0.079
4422.000000	119	13	0.673	0.077
4428.000000	119	13	0.640	0.077
4434.000000	119	13	0.589	0.077
4440.000000	119	13	0.509	0.077
4446.000000	119	13	0.380	0.077
4452.000000	119	94	0.207	0.078
4458.000000	94	119	0.080	0.077
4464.000000	94	184	0.079	0.070
4470.000000	94	184	0.080	0.068
4476.000000	94	184	0.082	0.066
4482.000000	94	3	0.086	0.064
4488.000000	94	3	0.092	0.074
4494.000000	94	3	0.099	0.085
4500.000000	94	3	0.109	0.099
4506.000000	94	3	0.124	0.116
4512.000000	94	3	0.146	0.140
4518.000000	94	3	0.179	0.173
4524.000000	94	3	0.233	0.223
4530.000000	94	3	0.323	0.306
4536.000000	94	3	0.469	0.437
4542.000000	94	3	0.650	0.612
4548.000000	94	3	0.773	0.738
4554.000000	94	3	0.824	0.791
4560.000000	94	3	0.841	0.811
4566.000000	94	3	0.852	0.816
4572.000000	94	3	0.856	0.817
4578.000000	94	3	0.857	0.818
4584.000000	94	3	0.856	0.819
4590.000000	94	3	0.856	0.818
4596.000000	94	3	0.856	0.820
4602.000000	94	3	0.855	0.820
4608.000000	94	3	0.854	0.819
4614.000000	94	3	0.852	0.818
4620.000000	94	3	0.851	0.817
4626.000000	94	3	0.850	0.816
4632.000000	94	3	0.852	0.812
4638.000000	94	3	0.851	0.810
4644.000000	94	3	0.849	0.809
4650.000000	94	3	0.848	0.809
4656.000000	94	3	0.846	0.809
4662.000000	94	3	0.846	0.809
4668.000000	94	3	0.847	0.807
4674.000000	94	3	0.850	0.801
4680.000000	94	3	0.849	0.797
4686.000000	94	3	0.847	0.794
4692.000000	94	3	0.844	0.789
4698.000000	94	3	0.841	0.783
4704.000000	94	3	0.841	0.772
4710.000000	94	3	0.836	0.762
4716.000000	94	3	0.831	0.746
4722.000000	94	3	0.825	0.723
4728.000000	94	3	0.819	0.690
4734.000000	94	3	0.813	0.643
4740.000000	94	3	0.807	0.569
4746.000000	94	3	0.809	0.438
4752.000000	94	3	0.820	0.244
4758.000000	94	3	0.843	0.070
4764.000000	94	20	0.869	0.050
4770.000000	94	193	0.882	0.050
4776.000000	94	193	0.891	0.056
4782.000000	94	193	0.897	0.062
4788.000000	94	193	0.900	0.068
4794.000000	94	193	0.903	0.075
4800.000000	94	193	0.905	0.081
4806.000000	94	193	0.906	0.087
4812.000000	94	193	0.905	0.094
4818.000000	94	193	0.901	0.101
4824.000000	94	193	0.896	0.109
4830.000000	94	193	0.890	0.117
4836.000000	94	193	0.881	0.126
4842.000000	94	193	0.870	0.135
4848.000000	94	193	0.856	0.144
4854.000000	94	193	0.836	0.153
4860.000000	94	193	0.806	0.163
4866.000000	94	193	0.758	0.176
4872.000000	94	193	0.676	0.194
4878.000000	94	193	0.530	0.219
4884.000000	94	193	0.290	0.255
4890.000000	193	78	0.310	0.274
4896.000000	193	78	0.412	0.350
4902.000000	193	78	0.565	0.461
4908.000000	193	78	0.693	0.597
4914.000000	193	78	0.750	0.696
4920.000000	193	78	0.780	0.740
4926.000000	193	78	0.795	0.762
4932.000000	193	78	0.803	0.774
4938.000000	193	78	0.812	0.779
4944.000000	193	78	0.818	0.778
4950.000000	193	78	0.822	0.778
4956.000000	193	78	0.828	0.779
4962.000000	193	78	0.831	0.779
4968.000000	193	78	0.834	0.782
4974.000000	193	78	0.838	0.785
4980.000000	193	78	0.839	0.786
4986.000000	193	78	0.839	0.786
4992.000000	193	78	0.838	0.786
4998.000000	193	78	0.837	0.786
5004.000000	193	78	0.836	0.787
5010.000000	193	78	0.836	0.790
5016.000000	193	78	0.838	0.791
5022.000000	193	78	0.838	0.795
5028.000000	193	78	0.838	0.798
5034.000000	193	78	0.838	0.800
5040.000000	193	78	0.839	0.803
5046.000000	193	78	0.841	0.805
5052.000000	193	78	0.841	0.808
5058.000000	193	78	0.837	0.810
5064.000000	193	78	0.834	0.810
5070.000000	193	78	0.835	0.804
5076.000000	193	78	0.832	0.796
5082.000000	193	78	0.829	0.783
5088.000000	193	78	0.823	0.768
5094.000000	193	78	0.814	0.750
5100.000000	193	78	0.800	0.731
5106.000000	193	78	0.786	0.700
5112.000000	193	78	0.771	0.656
5118.000000	193	78	0.750	0.583
5124.000000	193	78	0.726	0.456
5130.000000	193	78	0.705	0.250
5136.000000	193	78	0.679	0.071
5142.000000	193	87	0.627	0.060
5148.000000	193	87	0.522	0.064
5154.000000	193	87	0.338	0.064
5160.000000	193	87	0.114	0.045
5166.000000	36	193	0.031	0.030
5172.000000	36	87	0.027	0.022
5178.000000	36	10	0.022	0.017
5184.000000	36	91	0.016	0.012
5190.000000	36	91	0.011	0.009
5196.000000	36	91	0.007	0.006
