0.000000	125	102	0.000	0.000
6.000000	154	124	0.986	0.041
12.000000	154	124	0.985	0.046
18.000000	154	124	0.984	0.052
24.000000	154	124	0.983	0.058
30.000000	154	124	0.981	0.064
36.000000	154	124	0.980	0.070
42.000000	154	124	0.978	0.076
48.000000	154	124	0.976	0.083
54.000000	154	124	0.974	0.090
60.000000	154	124	0.971	0.099
66.000000	154	124	0.969	0.110
72.000000	154	124	0.966	0.123
78.000000	154	124	0.963	0.141
84.000000	154	124	0.960	0.162
90.000000	154	124	0.957	0.184
96.000000	154	124	0.954	0.205
102.000000	154	124	0.951	0.225
108.000000	154	124	0.948	0.244
114.000000	154	124	0.945	0.262
120.000000	154	124	0.941	0.280
126.000000	154	124	0.938	0.298
132.000000	154	124	0.934	0.315
138.000000	154	124	0.930	0.329
144.000000	154	124	0.926	0.341
150.000000	154	124	0.921	0.353
156.000000	154	124	0.916	0.365
162.000000	154	124	0.910	0.377
168.000000	154	124	0.903	0.391
174.000000	154	124	0.895	0.409
180.000000	154	28	0.886	0.436
186.000000	154	28	0.875	0.464
192.000000	154	28	0.859	0.502
198.000000	154	28	0.841	0.537
204.000000	154	28	0.823	0.563
210.000000	154	28	0.803	0.584
216.000000	154	28	0.772	0.609
222.000000	154	28	0.732	0.631
228.000000	154	28	0.671	0.647
234.000000	28	154	0.673	0.573
240.000000	28	124	0.706	0.601
246.000000	28	124	0.761	0.641
252.000000	28	124	0.794	0.692
258.000000	28	124	0.812	0.723
264.000000	28	124	0.824	0.739
270.000000	28	124	0.830	0.749
276.000000	28	124	0.828	0.749
282.000000	28	124	0.828	0.742
288.000000	28	124	0.827	0.735
294.000000	28	124	0.826	0.727
300.000000	28	124	0.822	0.717
306.000000	28	124	0.821	0.705
312.000000	28	124	0.819	0.688
318.000000	28	124	0.810	0.675
324.000000	28	124	0.804	0.657
330.000000	28	124	0.805	0.630
336.000000	28	124	0.805	0.595
342.000000	28	124	0.802	0.552
348.000000	28	124	0.798	0.495
354.000000	28	124	0.800	0.416
360.000000	28	124	0.812	0.315
366.000000	28	124	0.823	0.198
372.000000	28	46	0.830	0.092
378.000000	28	46	0.835	0.097
384.000000	28	46	0.838	0.102
390.000000	28	46	0.840	0.105
396.000000	28	46	0.843	0.108
402.000000	28	46	0.847	0.111
408.000000	28	46	0.850	0.116
414.000000	28	46	0.851	0.120
420.000000	28	180	0.851	0.127
426.000000	28	180	0.849	0.133
432.000000	28	180	0.846	0.140
438.000000	28	180	0.843	0.146
444.000000	28	180	0.838	0.153
450.000000	28	180	0.830	0.161
456.000000	28	180	0.821	0.170
462.000000	28	180	0.809	0.179
468.000000	28	180	0.793	0.189
474.000000	28	180	0.773	0.199
480.000000	28	180	0.746	0.209
486.000000	28	180	0.705	0.223
492.000000	28	180	0.643	0.237
498.000000	28	180	0.538	0.255
504.000000	28	180	0.350	0.275
510.000000	180	46	0.303	0.214
516.000000	180	46	0.336	0.228
522.000000	180	46	0.374	0.240
528.000000	180	46	0.411	0.247
534.000000	180	46	0.434	0.252
540.000000	180	46	0.450	0.260
546.000000	180	184	0.462	0.277
552.000000	180	184	0.473	0.296
558.000000	180	184	0.481	0.309
564.000000	180	184	0.485	0.318
570.000000	180	184	0.487	0.326
576.000000	180	184	0.495	0.333
582.000000	180	184	0.502	0.336
588.000000	180	184	0.506	0.339
594.000000	180	184	0.511	0.339
600.000000	180	184	0.519	0.336
606.000000	180	184	0.519	0.331
612.000000	180	184	0.515	0.323
618.000000	180	184	0.512	0.313
624.000000	180	184	0.506	0.303
630.000000	180	184	0.499	0.292
636.000000	180	184	0.498	0.278
642.000000	180	184	0.502	0.265
648.000000	180	184	0.506	0.252
654.000000	180	184	0.509	0.228
660.000000	180	12	0.506	0.206
666.000000	180	12	0.506	0.198
672.000000	180	22	0.506	0.201
678.000000	180	22	0.506	0.208
684.000000	180	22	0.508	0.215
690.000000	180	22	0.510	0.223
696.000000	180	22	0.503	0.230
702.000000	180	22	0.490	0.231
708.000000	180	22	0.474	0.226
714.000000	180	22	0.451	0.222
720.000000	180	186	0.419	0.230
726.000000	180	186	0.381	0.241
732.000000	180	186	0.337	0.253
738.000000	180	186	0.289	0.269
744.000000	186	180	0.291	0.235
750.000000	186	65	0.316	0.232
756.000000	186	65	0.341	0.229
762.000000	186	65	0.371	0.226
768.000000	186	65	0.406	0.218
774.000000	186	65	0.449	0.207
780.000000	186	65	0.499	0.193
786.000000	186	121	0.552	0.191
792.000000	186	121	0.601	0.192
798.000000	186	133	0.641	0.192
804.000000	186	133	0.674	0.211
810.000000	186	133	0.700	0.233
816.000000	186	133	0.724	0.257
822.000000	186	133	0.746	0.280
828.000000	186	133	0.757	0.300
834.000000	186	133	0.768	0.321
840.000000	186	133	0.779	0.341
846.000000	186	133	0.793	0.362
852.000000	186	133	0.812	0.381
858.000000	186	133	0.835	0.402
864.000000	186	133	0.860	0.417
870.000000	186	133	0.870	0.428
876.000000	186	133	0.877	0.449
882.000000	186	133	0.880	0.477
888.000000	186	133	0.881	0.509
894.000000	186	133	0.882	0.539
900.000000	186	133	0.881	0.566
906.000000	186	133	0.877	0.590
912.000000	186	133	0.872	0.614
918.000000	186	133	0.868	0.633
924.000000	186	133	0.861	0.654
930.000000	186	133	0.859	0.669
936.000000	186	133	0.855	0.684
942.000000	186	133	0.852	0.696
948.000000	186	133	0.847	0.710
954.000000	186	133	0.839	0.720
960.000000	186	133	0.825	0.734
966.000000	186	133	0.812	0.745
972.000000	186	133	0.787	0.763
978.000000	133	186	0.772	0.765
984.000000	133	186	0.789	0.726
990.000000	133	186	0.810	0.674
996.000000	133	186	0.836	0.589
1002.000000	133	186	0.863	0.456
1008.000000	133	186	0.890	0.256
1014.000000	133	171	0.931	0.119
1020.000000	133	171	0.958	0.104
1026.000000	133	171	0.967	0.098
1032.000000	133	171	0.967	0.095
1038.000000	133	171	0.966	0.093
1044.000000	133	171	0.963	0.093
1050.000000	133	171	0.960	0.092
1056.000000	133	171	0.957	0.091
1062.000000	133	171	0.953	0.090
1068.000000	133	82	0.949	0.096
1074.000000	133	82	0.944	0.110
1080.000000	133	82	0.939	0.125
1086.000000	133	82	0.933	0.141
1092.000000	133	82	0.927	0.159
1098.000000	133	82	0.920	0.180
1104.000000	133	82	0.911	0.203
1110.000000	133	82	0.901	0.228
1116.000000	133	82	0.890	0.251
1122.000000	133	82	0.876	0.275
1128.000000	133	82	0.858	0.302
1134.000000	133	82	0.834	0.333
1140.000000	133	82	0.801	0.364
1146.000000	133	82	0.752	0.395
1152.000000	133	82	0.681	0.431
1158.000000	133	82	0.577	0.485
1164.000000	82	133	0.550	0.430
1170.000000	82	75	0.632	0.295
1176.000000	82	75	0.729	0.318
1182.000000	82	75	0.800	0.342
1188.000000	82	75	0.832	0.370
1194.000000	82	75	0.844	0.394
1200.000000	82	75	0.852	0.411
1206.000000	82	75	0.856	0.424
1212.000000	82	75	0.855	0.438
1218.000000	82	75	0.852	0.451
1224.000000	82	75	0.851	0.462
1230.000000	82	75	0.851	0.469
1236.000000	82	75	0.852	0.474
1242.000000	82	75	0.851	0.480
1248.000000	82	75	0.851	0.488
1254.000000	82	75	0.849	0.491
1260.000000	82	75	0.847	0.500
1266.000000	82	75	0.848	0.506
1272.000000	82	75	0.850	0.509
1278.000000	82	75	0.858	0.507
1284.000000	82	75	0.861	0.499
1290.000000	82	165	0.865	0.501
1296.000000	82	165	0.866	0.508
1302.000000	82	165	0.866	0.513
1308.000000	82	165	0.866	0.519
1314.000000	82	165	0.867	0.527
1320.000000	82	165	0.871	0.538
1326.000000	82	165	0.873	0.546
1332.000000	82	165	0.875	0.555
1338.000000	82	165	0.876	0.564
1344.000000	82	165	0.874	0.567
1350.000000	82	165	0.871	0.566
1356.000000	82	165	0.866	0.567
1362.000000	82	165	0.859	0.568
1368.000000	82	165	0.851	0.563
1374.000000	82	165	0.843	0.554
1380.000000	82	165	0.830	0.542
1386.000000	82	165	0.813	0.525
1392.000000	82	165	0.795	0.498
1398.000000	82	165	0.770	0.464
1404.000000	82	165	0.736	0.422
1410.000000	82	165	0.692	0.366
1416.000000	82	165	0.634	0.297
1422.000000	82	165	0.550	0.226
1428.000000	82	112	0.427	0.201
1434.000000	82	112	0.249	0.233
1440.000000	112	117	0.289	0.116
1446.000000	112	117	0.387	0.118
1452.000000	112	140	0.542	0.133
1458.000000	112	140	0.707	0.156
1464.000000	112	140	0.797	0.175
1470.000000	112	140	0.833	0.193
1476.000000	112	141	0.848	0.229
1482.000000	112	141	0.854	0.261
1488.000000	112	141	0.855	0.287
1494.000000	112	141	0.855	0.312
1500.000000	112	141	0.854	0.337
1506.000000	112	141	0.855	0.359
1512.000000	112	141	0.860	0.377
1518.000000	112	141	0.861	0.392
1524.000000	112	141	0.862	0.408
1530.000000	112	141	0.861	0.418
1536.000000	112	141	0.860	0.426
1542.000000	112	141	0.859	0.432
1548.000000	112	141	0.860	0.439
1554.000000	112	141	0.863	0.445
1560.000000	112	141	0.864	0.449
1566.000000	112	141	0.869	0.453
1572.000000	112	141	0.872	0.458
1578.000000	112	141	0.878	0.460
1584.000000	112	141	0.878	0.461
1590.000000	112	141	0.880	0.464
1596.000000	112	141	0.882	0.468
1602.000000	112	141	0.886	0.476
1608.000000	112	141	0.888	0.485
1614.000000	112	141	0.895	0.493
1620.000000	112	141	0.904	0.501
1626.000000	112	141	0.907	0.506
1632.000000	112	141	0.908	0.510
1638.000000	112	141	0.907	0.517
1644.000000	112	141	0.906	0.526
1650.000000	112	141	0.904	0.526
1656.000000	112	141	0.898	0.521
1662.000000	112	141	0.894	0.508
1668.000000	112	141	0.890	0.489
1674.000000	112	141	0.884	0.465
1680.000000	112	141	0.879	0.429
1686.000000	112	141	0.874	0.381
1692.000000	112	141	0.870	0.318
1698.000000	112	141	0.868	0.240
1704.000000	112	141	0.869	0.154
1710.000000	112	141	0.867	0.084
1716.000000	112	184	0.860	0.083
1722.000000	112	184	0.850	0.085
1728.000000	112	184	0.836	0.088
1734.000000	112	184	0.817	0.092
1740.000000	112	184	0.791	0.097
1746.000000	112	184	0.753	0.103
1752.000000	112	184	0.695	0.109
1758.000000	112	184	0.597	0.115
1764.000000	112	184	0.415	0.120
1770.000000	112	184	0.133	0.121
1776.000000	184	22	0.122	0.072
1782.000000	184	22	0.132	0.075
1788.000000	184	22	0.150	0.080
1794.000000	184	22	0.178	0.086
1800.000000	184	32	0.228	0.097
1806.000000	184	32	0.317	0.114
1812.000000	184	32	0.466	0.133
1818.000000	184	32	0.662	0.154
1824.000000	184	32	0.815	0.173
1830.000000	184	32	0.874	0.197
1836.000000	184	32	0.892	0.228
1842.000000	184	32	0.901	0.264
1848.000000	184	32	0.904	0.304
1854.000000	184	32	0.903	0.350
1860.000000	184	32	0.901	0.401
1866.000000	184	32	0.900	0.453
1872.000000	184	32	0.898	0.502
1878.000000	184	32	0.895	0.543
1884.000000	184	32	0.893	0.572
1890.000000	184	32	0.890	0.590
1896.000000	184	32	0.888	0.600
1902.000000	184	32	0.887	0.607
1908.000000	184	32	0.885	0.613
1914.000000	184	32	0.884	0.617
1920.000000	184	32	0.883	0.619
1926.000000	184	32	0.882	0.621
1932.000000	184	32	0.881	0.625
1938.000000	184	32	0.881	0.633
1944.000000	184	32	0.880	0.644
1950.000000	184	32	0.880	0.655
1956.000000	184	32	0.879	0.669
1962.000000	184	32	0.879	0.686
1968.000000	184	32	0.876	0.707
1974.000000	184	32	0.872	0.727
1980.000000	184	32	0.870	0.741
1986.000000	184	32	0.867	0.749
1992.000000	184	32	0.862	0.756
1998.000000	184	32	0.855	0.762
2004.000000	184	32	0.841	0.773
2010.000000	184	32	0.831	0.778
2016.000000	184	32	0.813	0.783
2022.000000	32	184	0.791	0.790
2028.000000	32	184	0.796	0.760
2034.000000	32	184	0.804	0.715
2040.000000	32	184	0.817	0.645
2046.000000	32	184	0.828	0.533
2052.000000	32	184	0.861	0.339
2058.000000	32	184	0.903	0.109
2064.000000	32	61	0.945	0.084
2070.000000	32	61	0.958	0.091
2076.000000	32	61	0.962	0.097
2082.000000	32	61	0.962	0.103
2088.000000	32	61	0.959	0.109
2094.000000	32	61	0.957	0.114
2100.000000	32	61	0.953	0.119
2106.000000	32	61	0.950	0.126
2112.000000	32	61	0.945	0.134
2118.000000	32	61	0.941	0.141
2124.000000	32	61	0.935	0.149
2130.000000	32	61	0.929	0.156
2136.000000	32	61	0.921	0.163
2142.000000	32	61	0.913	0.170
2148.000000	32	61	0.903	0.176
2154.000000	32	61	0.891	0.180
2160.000000	32	61	0.877	0.184
2166.000000	32	61	0.860	0.186
2172.000000	32	61	0.837	0.188
2178.000000	32	61	0.803	0.190
2184.000000	32	61	0.753	0.195
2190.000000	32	60	0.672	0.207
2196.000000	32	60	0.542	0.235
2202.000000	32	60	0.348	0.272
2208.000000	60	61	0.324	0.228
2214.000000	60	61	0.404	0.226
2220.000000	60	61	0.526	0.235
2226.000000	60	61	0.668	0.249
2232.000000	60	61	0.773	0.264
2238.000000	60	61	0.824	0.280
2244.000000	60	61	0.849	0.297
2250.000000	60	61	0.859	0.313
2256.000000	60	61	0.862	0.321
2262.000000	60	61	0.861	0.330
2268.000000	60	61	0.863	0.338
2274.000000	60	61	0.865	0.345
2280.000000	60	61	0.866	0.347
2286.000000	60	61	0.867	0.346
2292.000000	60	61	0.871	0.342
2298.000000	60	61	0.871	0.336
2304.000000	60	61	0.871	0.330
2310.000000	60	61	0.872	0.318
2316.000000	60	61	0.876	0.297
2322.000000	60	61	0.883	0.273
2328.000000	60	61	0.893	0.243
2334.000000	60	61	0.908	0.204
2340.000000	60	93	0.917	0.161
2346.000000	60	93	0.927	0.117
2352.000000	60	77	0.941	0.091
2358.000000	60	77	0.948	0.081
2364.000000	60	23	0.954	0.069
2370.000000	60	23	0.956	0.071
2376.000000	60	23	0.957	0.073
2382.000000	60	23	0.960	0.074
2388.000000	60	23	0.961	0.076
2394.000000	60	23	0.961	0.077
2400.000000	60	23	0.961	0.078
2406.000000	60	23	0.961	0.079
2412.000000	60	23	0.959	0.079
2418.000000	60	23	0.958	0.079
2424.000000	60	23	0.955	0.078
2430.000000	60	23	0.952	0.078
2436.000000	60	23	0.948	0.078
2442.000000	60	23	0.944	0.077
2448.000000	60	23	0.938	0.076
2454.000000	60	23	0.932	0.075
2460.000000	60	23	0.925	0.073
2466.000000	60	23	0.917	0.071
2472.000000	60	23	0.908	0.068
2478.000000	60	38	0.897	0.067
2484.000000	60	38	0.884	0.067
2490.000000	60	38	0.869	0.067
2496.000000	60	38	0.849	0.065
2502.000000	60	38	0.824	0.061
2508.000000	60	38	0.788	0.054
2514.000000	60	46	0.733	0.046
2520.000000	60	46	0.636	0.038
2526.000000	60	127	0.448	0.032
2532.000000	60	127	0.128	0.019
2538.000000	190	135	0.010	0.010
