0.000000	125	102	0.000	0.000
6.000000	1	187	0.986	0.031
12.000000	1	187	0.985	0.033
18.000000	1	187	0.984	0.034
24.000000	1	75	0.983	0.037
30.000000	1	75	0.981	0.042
36.000000	1	75	0.979	0.048
42.000000	1	138	0.977	0.054
48.000000	1	138	0.975	0.061
54.000000	1	185	0.972	0.068
60.000000	1	185	0.970	0.079
66.000000	1	185	0.967	0.089
72.000000	1	185	0.964	0.099
78.000000	1	185	0.961	0.110
84.000000	1	185	0.959	0.120
90.000000	1	185	0.956	0.129
96.000000	1	185	0.954	0.139
102.000000	1	185	0.952	0.150
108.000000	1	185	0.950	0.161
114.000000	1	185	0.948	0.172
120.000000	1	185	0.947	0.184
126.000000	1	185	0.945	0.199
132.000000	1	185	0.944	0.217
138.000000	1	185	0.942	0.234
144.000000	1	185	0.941	0.251
150.000000	1	185	0.940	0.270
156.000000	1	185	0.938	0.293
162.000000	1	185	0.937	0.318
168.000000	1	185	0.935	0.343
174.000000	1	185	0.933	0.369
180.000000	1	185	0.930	0.402
186.000000	1	185	0.927	0.447
192.000000	1	185	0.924	0.496
198.000000	1	185	0.919	0.542
204.000000	1	185	0.912	0.592
210.000000	1	185	0.904	0.644
216.000000	1	185	0.890	0.693
222.000000	1	185	0.872	0.717
228.000000	1	185	0.849	0.733
234.000000	1	185	0.819	0.747
240.000000	1	185	0.780	0.758
246.000000	185	1	0.774	0.720
252.000000	185	1	0.804	0.615
258.000000	185	1	0.858	0.434
264.000000	185	1	0.948	0.160
270.000000	185	179	0.974	0.092
276.000000	185	179	0.975	0.101
282.000000	185	179	0.973	0.114
288.000000	185	179	0.970	0.130
294.000000	185	179	0.967	0.149
300.000000	185	179	0.964	0.172
306.000000	185	179	0.961	0.196
312.000000	185	179	0.957	0.223
318.000000	185	179	0.953	0.251
324.000000	185	179	0.949	0.279
330.000000	185	179	0.943	0.308
336.000000	185	179	0.938	0.335
342.000000	185	179	0.932	0.361
348.000000	185	179	0.925	0.386
354.000000	185	179	0.918	0.411
360.000000	185	179	0.910	0.434
366.000000	185	179	0.900	0.457
372.000000	185	179	0.890	0.479
378.000000	185	179	0.878	0.496
384.000000	185	179	0.863	0.510
390.000000	185	179	0.846	0.526
396.000000	185	179	0.828	0.542
402.000000	185	179	0.806	0.554
408.000000	185	179	0.778	0.567
414.000000	185	179	0.741	0.584
420.000000	185	179	0.677	0.610
426.000000	179	185	0.637	0.577
432.000000	179	65	0.678	0.441
438.000000	179	65	0.725	0.496
444.000000	179	65	0.768	0.562
450.000000	179	65	0.803	0.631
456.000000	179	65	0.819	0.694
462.000000	179	65	0.828	0.735
468.000000	179	65	0.834	0.756
474.000000	179	65	0.834	0.765
480.000000	179	65	0.832	0.770
486.000000	179	65	0.825	0.784
492.000000	179	65	0.824	0.785
498.000000	179	65	0.824	0.783
504.000000	179	65	0.822	0.782
510.000000	179	65	0.821	0.780
516.000000	179	65	0.817	0.780
522.000000	179	65	0.810	0.779
528.000000	179	65	0.801	0.779
534.000000	179	65	0.788	0.779
540.000000	65	179	0.777	0.775
546.000000	65	179	0.777	0.759
552.000000	65	179	0.777	0.739
558.000000	65	179	0.776	0.712
564.000000	65	179	0.780	0.672
570.000000	65	179	0.784	0.622
576.000000	65	179	0.792	0.552
582.000000	65	179	0.813	0.441
588.000000	65	179	0.840	0.295
594.000000	65	179	0.859	0.145
600.000000	65	63	0.876	0.135
606.000000	65	63	0.893	0.140
612.000000	65	63	0.908	0.144
618.000000	65	63	0.916	0.149
624.000000	65	63	0.918	0.155
630.000000	65	63	0.916	0.164
636.000000	65	63	0.912	0.177
642.000000	65	63	0.907	0.193
648.000000	65	63	0.900	0.211
654.000000	65	63	0.892	0.226
660.000000	65	63	0.882	0.238
666.000000	65	63	0.870	0.248
672.000000	65	63	0.857	0.257
678.000000	65	63	0.842	0.268
684.000000	65	35	0.822	0.283
690.000000	65	35	0.796	0.297
696.000000	65	35	0.760	0.311
702.000000	65	35	0.708	0.324
708.000000	65	35	0.628	0.338
714.000000	65	63	0.501	0.366
720.000000	63	35	0.413	0.402
726.000000	63	35	0.481	0.458
732.000000	63	35	0.581	0.510
738.000000	63	35	0.668	0.569
744.000000	63	35	0.718	0.626
750.000000	63	35	0.746	0.661
756.000000	63	35	0.765	0.684
762.000000	63	35	0.776	0.698
768.000000	63	35	0.784	0.709
774.000000	63	35	0.786	0.722
780.000000	63	35	0.787	0.732
786.000000	63	35	0.788	0.742
792.000000	63	35	0.794	0.743
798.000000	63	35	0.798	0.745
804.000000	63	35	0.799	0.748
810.000000	63	35	0.800	0.752
816.000000	63	35	0.801	0.756
822.000000	63	35	0.804	0.764
828.000000	63	35	0.810	0.772
834.000000	63	35	0.814	0.780
840.000000	63	35	0.813	0.785
846.000000	63	35	0.813	0.788
852.000000	63	35	0.812	0.788
858.000000	63	35	0.810	0.790
864.000000	63	35	0.809	0.790
870.000000	63	35	0.806	0.792
876.000000	63	35	0.803	0.797
882.000000	63	35	0.799	0.797
888.000000	63	35	0.794	0.794
894.000000	63	35	0.792	0.786
900.000000	63	35	0.791	0.776
906.000000	63	35	0.782	0.770
912.000000	63	35	0.772	0.761
918.000000	63	35	0.757	0.749
924.000000	63	35	0.740	0.735
930.000000	35	63	0.718	0.715
936.000000	35	63	0.696	0.678
942.000000	35	63	0.664	0.628
948.000000	35	63	0.619	0.549
954.000000	35	63	0.554	0.423
960.000000	35	63	0.475	0.242
966.000000	35	63	0.357	0.088
972.000000	35	96	0.180	0.060
978.000000	35	105	0.063	0.046
984.000000	105	96	0.041	0.034
990.000000	105	135	0.037	0.026
996.000000	105	135	0.032	0.023
1002.000000	105	135	0.027	0.020
1008.000000	105	135	0.021	0.017
1014.000000	105	135	0.015	0.013
1020.000000	105	135	0.009	0.009
