0.000000	125	102	0.000	0.000
6.000000	191	22	0.986	0.036
12.000000	191	22	0.985	0.039
18.000000	191	22	0.984	0.043
24.000000	191	22	0.982	0.048
30.000000	191	22	0.980	0.054
36.000000	191	22	0.978	0.060
42.000000	191	22	0.975	0.068
48.000000	191	22	0.972	0.077
54.000000	191	22	0.969	0.086
60.000000	191	22	0.966	0.097
66.000000	191	22	0.963	0.108
72.000000	191	22	0.959	0.120
78.000000	191	22	0.956	0.130
84.000000	191	22	0.952	0.140
90.000000	191	22	0.949	0.147
96.000000	191	193	0.945	0.155
102.000000	191	193	0.942	0.173
108.000000	191	193	0.939	0.191
114.000000	191	193	0.935	0.210
120.000000	191	193	0.932	0.229
126.000000	191	193	0.928	0.249
132.000000	191	193	0.924	0.264
138.000000	191	193	0.920	0.276
144.000000	191	193	0.916	0.287
150.000000	191	193	0.911	0.296
156.000000	191	193	0.907	0.306
162.000000	191	193	0.902	0.317
168.000000	191	193	0.896	0.328
174.000000	191	193	0.891	0.340
180.000000	191	193	0.883	0.352
186.000000	191	193	0.874	0.366
192.000000	191	193	0.864	0.377
198.000000	191	193	0.852	0.391
204.000000	191	193	0.840	0.410
210.000000	191	193	0.824	0.438
216.000000	191	193	0.803	0.472
222.000000	191	193	0.773	0.527
228.000000	191	193	0.741	0.581
234.000000	191	193	0.695	0.637
240.000000	193	191	0.687	0.623
246.000000	193	191	0.737	0.501
252.000000	193	191	0.799	0.301
258.000000	193	79	0.879	0.140
264.000000	193	79	0.918	0.128
270.000000	193	164	0.931	0.124
276.000000	193	164	0.935	0.125
282.000000	193	164	0.937	0.128
288.000000	193	164	0.936	0.133
294.000000	193	164	0.935	0.138
300.000000	193	164	0.934	0.143
306.000000	193	164	0.930	0.148
312.000000	193	164	0.925	0.152
318.000000	193	24	0.920	0.156
324.000000	193	24	0.915	0.167
330.000000	193	24	0.911	0.176
336.000000	193	24	0.906	0.185
342.000000	193	24	0.901	0.194
348.000000	193	24	0.896	0.204
354.000000	193	24	0.890	0.214
360.000000	193	24	0.885	0.223
366.000000	193	24	0.879	0.229
372.000000	193	24	0.875	0.234
378.000000	193	24	0.868	0.240
384.000000	193	24	0.860	0.247
390.000000	193	24	0.851	0.257
396.000000	193	24	0.839	0.268
402.000000	193	24	0.825	0.282
408.000000	193	24	0.810	0.302
414.000000	193	24	0.791	0.325
420.000000	193	24	0.767	0.355
426.000000	193	24	0.736	0.395
432.000000	193	24	0.688	0.454
438.000000	193	24	0.615	0.536
444.000000	24	193	0.638	0.499
450.000000	24	193	0.729	0.330
456.000000	24	193	0.831	0.130
462.000000	24	94	0.907	0.110
468.000000	24	162	0.939	0.110
474.000000	24	162	0.951	0.115
480.000000	24	162	0.954	0.123
486.000000	24	162	0.958	0.133
492.000000	24	162	0.960	0.144
498.000000	24	162	0.960	0.154
504.000000	24	162	0.960	0.164
510.000000	24	162	0.958	0.173
516.000000	24	162	0.955	0.181
522.000000	24	162	0.952	0.188
528.000000	24	162	0.949	0.195
534.000000	24	162	0.946	0.202
540.000000	24	162	0.943	0.207
546.000000	24	162	0.940	0.210
552.000000	24	162	0.937	0.211
558.000000	24	162	0.933	0.210
564.000000	24	162	0.929	0.207
570.000000	24	162	0.925	0.202
576.000000	24	162	0.920	0.194
582.000000	24	44	0.915	0.207
588.000000	24	44	0.910	0.221
594.000000	24	44	0.904	0.235
600.000000	24	44	0.898	0.250
606.000000	24	44	0.891	0.265
612.000000	24	44	0.883	0.282
618.000000	24	44	0.872	0.301
624.000000	24	44	0.859	0.323
630.000000	24	44	0.842	0.349
636.000000	24	44	0.821	0.385
642.000000	24	44	0.791	0.428
648.000000	24	44	0.750	0.479
654.000000	24	44	0.694	0.532
660.000000	24	44	0.610	0.589
666.000000	44	24	0.646	0.477
672.000000	44	24	0.717	0.272
678.000000	44	35	0.787	0.205
684.000000	44	35	0.850	0.190
690.000000	44	35	0.886	0.174
696.000000	44	35	0.904	0.161
702.000000	44	35	0.917	0.149
708.000000	44	35	0.919	0.137
714.000000	44	128	0.923	0.125
720.000000	44	42	0.923	0.133
726.000000	44	42	0.923	0.146
732.000000	44	42	0.925	0.159
738.000000	44	42	0.925	0.171
744.000000	44	42	0.923	0.183
750.000000	44	42	0.921	0.199
756.000000	44	42	0.920	0.216
762.000000	44	42	0.918	0.233
768.000000	44	42	0.917	0.250
774.000000	44	42	0.915	0.268
780.000000	44	42	0.913	0.295
786.000000	44	42	0.910	0.323
792.000000	44	42	0.907	0.348
798.000000	44	42	0.904	0.375
804.000000	44	42	0.902	0.404
810.000000	44	42	0.900	0.437
816.000000	44	42	0.894	0.481
822.000000	44	42	0.887	0.529
828.000000	44	42	0.881	0.571
834.000000	44	42	0.873	0.604
840.000000	44	42	0.863	0.634
846.000000	44	42	0.852	0.662
852.000000	44	42	0.837	0.681
858.000000	44	42	0.811	0.700
864.000000	44	42	0.784	0.719
870.000000	44	42	0.755	0.728
876.000000	42	44	0.740	0.712
882.000000	42	44	0.756	0.640
888.000000	42	44	0.778	0.518
894.000000	42	56	0.820	0.437
900.000000	42	56	0.877	0.470
906.000000	42	56	0.906	0.502
912.000000	42	56	0.918	0.525
918.000000	42	56	0.920	0.543
924.000000	42	56	0.919	0.555
930.000000	42	56	0.915	0.563
936.000000	42	56	0.912	0.566
942.000000	42	56	0.908	0.567
948.000000	42	56	0.906	0.563
954.000000	42	56	0.901	0.561
960.000000	42	56	0.896	0.558
966.000000	42	56	0.889	0.552
972.000000	42	56	0.881	0.548
978.000000	42	56	0.873	0.541
984.000000	42	56	0.867	0.528
990.000000	42	56	0.862	0.509
996.000000	42	56	0.857	0.481
1002.000000	42	56	0.853	0.441
1008.000000	42	56	0.853	0.384
1014.000000	42	56	0.853	0.306
1020.000000	42	56	0.852	0.210
1026.000000	42	91	0.854	0.152
1032.000000	42	91	0.856	0.161
1038.000000	42	91	0.855	0.173
1044.000000	42	91	0.852	0.188
1050.000000	42	91	0.848	0.208
1056.000000	42	91	0.840	0.231
1062.000000	42	91	0.830	0.260
1068.000000	42	91	0.816	0.295
1074.000000	42	91	0.795	0.338
1080.000000	42	91	0.763	0.393
1086.000000	42	91	0.716	0.461
1092.000000	42	91	0.642	0.540
1098.000000	91	42	0.623	0.530
1104.000000	91	42	0.715	0.360
1110.000000	91	42	0.809	0.146
1116.000000	91	77	0.874	0.089
1122.000000	91	77	0.909	0.088
1128.000000	91	105	0.926	0.092
1134.000000	91	105	0.933	0.104
1140.000000	91	105	0.935	0.118
1146.000000	91	105	0.938	0.135
1152.000000	91	105	0.939	0.151
1158.000000	91	105	0.936	0.165
1164.000000	91	105	0.934	0.179
1170.000000	91	105	0.931	0.192
1176.000000	91	105	0.928	0.208
1182.000000	91	105	0.927	0.226
1188.000000	91	105	0.925	0.245
1194.000000	91	105	0.922	0.267
1200.000000	91	105	0.918	0.292
1206.000000	91	105	0.914	0.320
1212.000000	91	105	0.909	0.351
1218.000000	91	105	0.903	0.388
1224.000000	91	105	0.896	0.427
1230.000000	91	105	0.888	0.461
1236.000000	91	105	0.881	0.486
1242.000000	91	105	0.872	0.505
1248.000000	91	105	0.861	0.526
1254.000000	91	105	0.847	0.547
1260.000000	91	105	0.827	0.564
1266.000000	91	105	0.806	0.586
1272.000000	91	105	0.779	0.621
1278.000000	91	105	0.752	0.656
1284.000000	91	105	0.712	0.690
1290.000000	105	91	0.717	0.658
1296.000000	105	91	0.745	0.584
1302.000000	105	91	0.770	0.482
1308.000000	105	91	0.820	0.322
1314.000000	105	135	0.893	0.144
1320.000000	105	135	0.932	0.152
1326.000000	105	135	0.952	0.167
1332.000000	105	135	0.953	0.180
1338.000000	105	135	0.951	0.193
1344.000000	105	135	0.947	0.207
1350.000000	105	135	0.944	0.224
1356.000000	105	135	0.939	0.242
1362.000000	105	135	0.935	0.262
1368.000000	105	135	0.930	0.286
1374.000000	105	135	0.926	0.313
1380.000000	105	135	0.922	0.338
1386.000000	105	135	0.918	0.364
1392.000000	105	135	0.914	0.393
1398.000000	105	135	0.908	0.422
1404.000000	105	135	0.903	0.450
1410.000000	105	135	0.896	0.475
1416.000000	105	135	0.890	0.496
1422.000000	105	135	0.883	0.515
1428.000000	105	135	0.872	0.538
1434.000000	105	135	0.859	0.566
1440.000000	105	135	0.846	0.590
1446.000000	105	135	0.827	0.616
1452.000000	105	135	0.801	0.647
1458.000000	105	135	0.774	0.681
1464.000000	105	135	0.744	0.701
1470.000000	135	105	0.723	0.701
1476.000000	135	105	0.756	0.636
1482.000000	135	105	0.793	0.539
1488.000000	135	105	0.838	0.390
1494.000000	135	105	0.903	0.187
1500.000000	135	115	0.955	0.114
1506.000000	135	115	0.966	0.106
1512.000000	135	115	0.968	0.097
1518.000000	135	115	0.968	0.088
1524.000000	135	115	0.965	0.080
1530.000000	135	178	0.962	0.073
1536.000000	135	178	0.959	0.075
1542.000000	135	18	0.956	0.078
1548.000000	135	18	0.952	0.085
1554.000000	135	18	0.948	0.093
1560.000000	135	18	0.944	0.101
1566.000000	135	18	0.939	0.111
1572.000000	135	18	0.933	0.121
1578.000000	135	18	0.927	0.132
1584.000000	135	18	0.919	0.143
1590.000000	135	18	0.909	0.153
1596.000000	135	18	0.897	0.162
1602.000000	135	25	0.883	0.178
1608.000000	135	25	0.869	0.198
1614.000000	135	25	0.853	0.218
1620.000000	135	25	0.836	0.240
1626.000000	135	25	0.817	0.262
1632.000000	135	25	0.791	0.283
1638.000000	135	25	0.757	0.305
1644.000000	135	25	0.709	0.328
1650.000000	135	25	0.645	0.353
1656.000000	135	25	0.554	0.385
1662.000000	25	135	0.431	0.426
1668.000000	25	3	0.491	0.433
1674.000000	25	3	0.569	0.498
1680.000000	25	3	0.634	0.569
1686.000000	25	3	0.680	0.625
1692.000000	25	3	0.713	0.652
1698.000000	25	3	0.738	0.674
1704.000000	25	3	0.747	0.696
1710.000000	25	3	0.759	0.707
1716.000000	25	3	0.771	0.718
1722.000000	25	3	0.774	0.721
1728.000000	25	3	0.772	0.729
1734.000000	25	3	0.775	0.729
1740.000000	25	3	0.778	0.731
1746.000000	25	3	0.779	0.736
1752.000000	25	3	0.784	0.734
1758.000000	25	3	0.786	0.729
1764.000000	25	3	0.789	0.722
1770.000000	25	3	0.792	0.716
1776.000000	25	3	0.792	0.714
1782.000000	25	3	0.794	0.706
1788.000000	25	3	0.796	0.696
1794.000000	25	3	0.792	0.685
1800.000000	25	3	0.789	0.671
1806.000000	25	3	0.790	0.651
1812.000000	25	3	0.790	0.630
1818.000000	25	3	0.787	0.605
1824.000000	25	3	0.783	0.568
1830.000000	25	3	0.782	0.515
1836.000000	25	3	0.779	0.440
1842.000000	25	81	0.779	0.359
1848.000000	25	81	0.794	0.408
1854.000000	25	81	0.805	0.469
1860.000000	25	81	0.808	0.539
1866.000000	25	81	0.795	0.607
1872.000000	25	81	0.773	0.656
1878.000000	25	81	0.741	0.687
1884.000000	81	25	0.713	0.693
1890.000000	81	25	0.748	0.615
1896.000000	81	25	0.785	0.499
1902.000000	81	25	0.837	0.325
1908.000000	81	25	0.881	0.155
1914.000000	81	34	0.908	0.104
1920.000000	81	34	0.924	0.100
1926.000000	81	34	0.934	0.099
1932.000000	81	34	0.939	0.099
1938.000000	81	34	0.939	0.100
1944.000000	81	153	0.936	0.109
1950.000000	81	153	0.934	0.127
1956.000000	81	153	0.934	0.143
1962.000000	81	153	0.932	0.157
1968.000000	81	153	0.930	0.170
1974.000000	81	153	0.928	0.183
1980.000000	81	153	0.926	0.198
1986.000000	81	153	0.924	0.214
1992.000000	81	153	0.920	0.229
1998.000000	81	153	0.915	0.244
2004.000000	81	153	0.908	0.257
2010.000000	81	153	0.901	0.271
2016.000000	81	153	0.893	0.289
2022.000000	81	153	0.885	0.309
2028.000000	81	153	0.876	0.329
2034.000000	81	153	0.865	0.349
2040.000000	81	153	0.853	0.371
2046.000000	81	153	0.840	0.396
2052.000000	81	153	0.826	0.421
2058.000000	81	153	0.806	0.454
2064.000000	81	153	0.783	0.492
2070.000000	81	153	0.756	0.540
2076.000000	81	153	0.719	0.586
2082.000000	81	153	0.662	0.626
2088.000000	153	81	0.679	0.571
2094.000000	153	81	0.730	0.431
2100.000000	153	81	0.809	0.238
2106.000000	153	62	0.874	0.100
2112.000000	153	167	0.909	0.079
2118.000000	153	167	0.929	0.069
2124.000000	153	2	0.936	0.067
2130.000000	153	2	0.943	0.075
2136.000000	153	2	0.947	0.081
2142.000000	153	2	0.949	0.086
2148.000000	153	2	0.948	0.091
2154.000000	153	2	0.945	0.096
2160.000000	153	2	0.942	0.101
2166.000000	153	2	0.939	0.106
2172.000000	153	2	0.935	0.111
2178.000000	153	80	0.934	0.118
2184.000000	153	80	0.931	0.125
2190.000000	153	80	0.928	0.133
2196.000000	153	80	0.924	0.140
2202.000000	153	80	0.919	0.147
2208.000000	153	178	0.914	0.155
2214.000000	153	178	0.908	0.163
2220.000000	153	178	0.901	0.169
2226.000000	153	178	0.894	0.173
2232.000000	153	178	0.886	0.176
2238.000000	153	178	0.878	0.178
2244.000000	153	178	0.869	0.179
2250.000000	153	178	0.859	0.182
2256.000000	153	178	0.847	0.185
2262.000000	153	178	0.833	0.190
2268.000000	153	178	0.818	0.193
2274.000000	153	178	0.801	0.195
2280.000000	153	178	0.779	0.197
2286.000000	153	178	0.752	0.198
2292.000000	153	178	0.714	0.198
2298.000000	153	178	0.658	0.198
2304.000000	153	178	0.579	0.201
2310.000000	153	178	0.459	0.207
2316.000000	153	119	0.276	0.222
2322.000000	119	178	0.255	0.226
2328.000000	119	178	0.299	0.241
2334.000000	119	178	0.366	0.270
2340.000000	119	178	0.464	0.313
2346.000000	119	178	0.571	0.360
2352.000000	119	178	0.650	0.403
2358.000000	119	178	0.708	0.442
2364.000000	119	178	0.744	0.475
2370.000000	119	178	0.758	0.504
2376.000000	119	178	0.766	0.528
2382.000000	119	178	0.771	0.552
2388.000000	119	178	0.773	0.568
2394.000000	119	178	0.773	0.579
2400.000000	119	178	0.773	0.590
2406.000000	119	178	0.775	0.600
2412.000000	119	178	0.778	0.610
2418.000000	119	178	0.784	0.621
2424.000000	119	178	0.789	0.628
2430.000000	119	178	0.791	0.634
2436.000000	119	178	0.791	0.639
2442.000000	119	178	0.797	0.645
2448.000000	119	178	0.802	0.648
2454.000000	119	178	0.808	0.652
2460.000000	119	178	0.816	0.658
2466.000000	119	178	0.820	0.662
2472.000000	119	178	0.825	0.665
2478.000000	119	178	0.833	0.665
2484.000000	119	178	0.841	0.662
2490.000000	119	178	0.848	0.657
2496.000000	119	178	0.856	0.644
2502.000000	119	178	0.858	0.631
2508.000000	119	178	0.864	0.607
2514.000000	119	178	0.866	0.576
2520.000000	119	178	0.873	0.524
2526.000000	119	178	0.880	0.449
2532.000000	119	178	0.891	0.331
2538.000000	119	178	0.910	0.175
2544.000000	119	165	0.929	0.094
2550.000000	119	165	0.945	0.083
2556.000000	119	165	0.952	0.075
2562.000000	119	79	0.955	0.071
2568.000000	119	79	0.954	0.077
2574.000000	119	79	0.952	0.082
2580.000000	119	79	0.949	0.088
2586.000000	119	79	0.945	0.094
2592.000000	119	79	0.940	0.100
2598.000000	119	159	0.933	0.107
2604.000000	119	159	0.925	0.115
2610.000000	119	159	0.915	0.124
2616.000000	119	159	0.904	0.132
2622.000000	119	159	0.889	0.140
2628.000000	119	159	0.871	0.147
2634.000000	119	159	0.847	0.153
2640.000000	119	126	0.815	0.163
2646.000000	119	126	0.767	0.185
2652.000000	119	126	0.692	0.211
2658.000000	119	126	0.567	0.246
2664.000000	119	126	0.366	0.291
2670.000000	126	184	0.342	0.229
2676.000000	126	184	0.407	0.237
2682.000000	126	184	0.504	0.246
2688.000000	126	184	0.620	0.256
2694.000000	126	184	0.690	0.269
2700.000000	126	184	0.730	0.284
2706.000000	126	184	0.760	0.303
2712.000000	126	184	0.784	0.325
2718.000000	126	184	0.808	0.343
2724.000000	126	184	0.818	0.357
2730.000000	126	184	0.820	0.371
2736.000000	126	184	0.826	0.384
2742.000000	126	184	0.829	0.395
2748.000000	126	184	0.837	0.401
2754.000000	126	184	0.842	0.409
2760.000000	126	184	0.844	0.416
2766.000000	126	184	0.849	0.423
2772.000000	126	184	0.850	0.428
2778.000000	126	184	0.851	0.431
2784.000000	126	184	0.855	0.433
2790.000000	126	184	0.855	0.430
2796.000000	126	184	0.857	0.425
2802.000000	126	184	0.862	0.422
2808.000000	126	184	0.865	0.411
2814.000000	126	184	0.872	0.396
2820.000000	126	184	0.879	0.375
2826.000000	126	184	0.884	0.346
2832.000000	126	184	0.885	0.311
2838.000000	126	184	0.889	0.270
2844.000000	126	184	0.892	0.222
2850.000000	126	184	0.906	0.164
2856.000000	126	71	0.911	0.150
2862.000000	126	71	0.912	0.149
2868.000000	126	71	0.912	0.146
2874.000000	126	71	0.911	0.143
2880.000000	126	71	0.911	0.141
2886.000000	126	71	0.910	0.140
2892.000000	126	71	0.905	0.139
2898.000000	126	71	0.899	0.138
2904.000000	126	71	0.890	0.137
2910.000000	126	71	0.880	0.135
2916.000000	126	109	0.868	0.148
2922.000000	126	109	0.853	0.165
2928.000000	126	109	0.834	0.184
2934.000000	126	109	0.808	0.205
2940.000000	126	109	0.773	0.230
2946.000000	126	109	0.725	0.258
2952.000000	126	109	0.657	0.292
2958.000000	126	109	0.551	0.335
2964.000000	109	126	0.395	0.377
2970.000000	109	14	0.473	0.250
2976.000000	109	14	0.579	0.263
2982.000000	109	14	0.671	0.279
2988.000000	109	14	0.732	0.297
2994.000000	109	14	0.772	0.313
3000.000000	109	14	0.792	0.326
3006.000000	109	14	0.803	0.335
3012.000000	109	14	0.812	0.347
3018.000000	109	14	0.816	0.358
3024.000000	109	14	0.818	0.371
3030.000000	109	14	0.825	0.386
3036.000000	109	14	0.831	0.396
3042.000000	109	14	0.832	0.400
3048.000000	109	14	0.838	0.402
3054.000000	109	14	0.843	0.406
3060.000000	109	14	0.850	0.411
3066.000000	109	14	0.855	0.411
3072.000000	109	14	0.858	0.411
3078.000000	109	14	0.863	0.414
3084.000000	109	14	0.867	0.413
3090.000000	109	14	0.875	0.405
3096.000000	109	14	0.886	0.389
3102.000000	109	14	0.896	0.362
3108.000000	109	14	0.904	0.328
3114.000000	109	14	0.910	0.286
3120.000000	109	14	0.915	0.238
3126.000000	109	14	0.920	0.191
3132.000000	109	177	0.925	0.154
3138.000000	109	177	0.928	0.157
3144.000000	109	177	0.929	0.162
3150.000000	109	177	0.930	0.168
3156.000000	109	177	0.929	0.172
3162.000000	109	177	0.927	0.175
3168.000000	109	177	0.924	0.177
3174.000000	109	18	0.918	0.189
3180.000000	109	18	0.911	0.214
3186.000000	109	18	0.902	0.243
3192.000000	109	18	0.891	0.272
3198.000000	109	18	0.878	0.299
3204.000000	109	18	0.861	0.326
3210.000000	109	18	0.840	0.356
3216.000000	109	18	0.814	0.390
3222.000000	109	18	0.777	0.431
3228.000000	109	18	0.725	0.479
3234.000000	109	18	0.642	0.533
3240.000000	18	109	0.602	0.507
3246.000000	18	46	0.700	0.378
3252.000000	18	46	0.817	0.448
3258.000000	18	46	0.874	0.535
3264.000000	18	46	0.883	0.602
3270.000000	18	46	0.886	0.641
3276.000000	18	46	0.885	0.671
3282.000000	18	46	0.884	0.690
3288.000000	18	46	0.883	0.703
3294.000000	18	46	0.880	0.710
3300.000000	18	46	0.877	0.710
3306.000000	18	46	0.874	0.708
3312.000000	18	46	0.871	0.705
3318.000000	18	46	0.867	0.703
3324.000000	18	46	0.868	0.695
3330.000000	18	46	0.866	0.690
3336.000000	18	46	0.864	0.683
3342.000000	18	46	0.861	0.675
3348.000000	18	46	0.859	0.665
3354.000000	18	46	0.857	0.654
3360.000000	18	46	0.856	0.641
3366.000000	18	46	0.857	0.624
3372.000000	18	46	0.858	0.603
3378.000000	18	46	0.857	0.578
3384.000000	18	46	0.857	0.540
3390.000000	18	46	0.867	0.482
3396.000000	18	46	0.879	0.401
3402.000000	18	46	0.886	0.291
3408.000000	18	46	0.895	0.159
3414.000000	18	82	0.907	0.138
3420.000000	18	82	0.917	0.136
3426.000000	18	82	0.923	0.132
3432.000000	18	82	0.927	0.131
3438.000000	18	82	0.928	0.130
3444.000000	18	82	0.927	0.130
3450.000000	18	82	0.925	0.130
3456.000000	18	82	0.922	0.130
3462.000000	18	82	0.917	0.129
3468.000000	18	82	0.911	0.128
3474.000000	18	82	0.904	0.126
3480.000000	18	82	0.897	0.123
3486.000000	18	121	0.888	0.122
3492.000000	18	9	0.877	0.129
3498.000000	18	9	0.864	0.139
3504.000000	18	9	0.847	0.151
3510.000000	18	9	0.823	0.165
3516.000000	18	9	0.791	0.180
3522.000000	18	9	0.743	0.197
3528.000000	18	9	0.669	0.218
3534.000000	18	9	0.549	0.247
3540.000000	18	9	0.357	0.291
3546.000000	9	121	0.353	0.162
3552.000000	9	121	0.442	0.162
3558.000000	9	121	0.572	0.164
3564.000000	9	121	0.688	0.169
3570.000000	9	121	0.757	0.174
3576.000000	9	121	0.798	0.176
3582.000000	9	121	0.823	0.178
3588.000000	9	121	0.841	0.182
3594.000000	9	121	0.855	0.183
3600.000000	9	121	0.868	0.180
3606.000000	9	121	0.872	0.175
3612.000000	9	121	0.875	0.165
3618.000000	9	141	0.876	0.169
3624.000000	9	141	0.877	0.172
3630.000000	9	141	0.880	0.174
3636.000000	9	141	0.886	0.177
3642.000000	9	141	0.891	0.181
3648.000000	9	141	0.892	0.184
3654.000000	9	141	0.893	0.184
3660.000000	9	141	0.895	0.183
3666.000000	9	141	0.898	0.181
3672.000000	9	141	0.901	0.176
3678.000000	9	141	0.904	0.170
3684.000000	9	141	0.910	0.159
3690.000000	9	1	0.916	0.160
3696.000000	9	1	0.919	0.169
3702.000000	9	1	0.922	0.180
3708.000000	9	1	0.921	0.194
3714.000000	9	1	0.920	0.211
3720.000000	9	1	0.918	0.228
3726.000000	9	1	0.914	0.245
3732.000000	9	1	0.908	0.263
3738.000000	9	1	0.901	0.285
3744.000000	9	1	0.894	0.310
3750.000000	9	1	0.885	0.336
3756.000000	9	1	0.875	0.368
3762.000000	9	1	0.862	0.401
3768.000000	9	1	0.844	0.431
3774.000000	9	1	0.817	0.465
3780.000000	9	1	0.778	0.504
3786.000000	9	1	0.729	0.537
3792.000000	9	1	0.657	0.576
3798.000000	1	9	0.623	0.551
3804.000000	1	9	0.677	0.387
3810.000000	1	3	0.751	0.357
3816.000000	1	3	0.827	0.380
3822.000000	1	3	0.861	0.400
3828.000000	1	3	0.881	0.420
3834.000000	1	3	0.884	0.449
3840.000000	1	3	0.889	0.476
3846.000000	1	3	0.889	0.507
3852.000000	1	3	0.889	0.533
3858.000000	1	3	0.889	0.555
3864.000000	1	3	0.885	0.575
3870.000000	1	3	0.882	0.593
3876.000000	1	3	0.880	0.602
3882.000000	1	3	0.878	0.605
3888.000000	1	3	0.876	0.606
3894.000000	1	3	0.874	0.606
3900.000000	1	3	0.872	0.605
3906.000000	1	3	0.873	0.604
3912.000000	1	3	0.870	0.601
3918.000000	1	3	0.866	0.595
3924.000000	1	3	0.863	0.587
3930.000000	1	3	0.858	0.579
3936.000000	1	3	0.850	0.574
3942.000000	1	3	0.842	0.566
3948.000000	1	3	0.831	0.554
3954.000000	1	3	0.822	0.538
3960.000000	1	3	0.813	0.513
3966.000000	1	3	0.802	0.478
3972.000000	1	3	0.790	0.431
3978.000000	1	3	0.779	0.360
3984.000000	1	3	0.775	0.253
3990.000000	1	124	0.770	0.163
3996.000000	1	124	0.756	0.173
4002.000000	1	124	0.733	0.192
4008.000000	1	124	0.698	0.220
4014.000000	1	124	0.644	0.263
4020.000000	1	124	0.552	0.322
4026.000000	1	124	0.401	0.399
4032.000000	124	1	0.516	0.193
4038.000000	124	7	0.687	0.087
4044.000000	124	154	0.835	0.086
4050.000000	124	154	0.899	0.092
4056.000000	124	154	0.932	0.096
4062.000000	124	154	0.942	0.101
4068.000000	124	154	0.943	0.106
4074.000000	124	154	0.943	0.111
4080.000000	124	154	0.942	0.115
4086.000000	124	154	0.941	0.118
4092.000000	124	154	0.940	0.121
4098.000000	124	154	0.938	0.123
4104.000000	124	154	0.937	0.124
4110.000000	124	154	0.935	0.125
4116.000000	124	154	0.934	0.125
4122.000000	124	154	0.933	0.123
4128.000000	124	172	0.935	0.120
4134.000000	124	39	0.934	0.118
4140.000000	124	39	0.934	0.126
4146.000000	124	39	0.935	0.134
4152.000000	124	39	0.936	0.142
4158.000000	124	39	0.936	0.150
4164.000000	124	39	0.935	0.158
4170.000000	124	39	0.935	0.165
4176.000000	124	39	0.935	0.171
4182.000000	124	39	0.935	0.178
4188.000000	124	89	0.937	0.189
4194.000000	124	89	0.939	0.208
4200.000000	124	89	0.939	0.233
4206.000000	124	89	0.936	0.270
4212.000000	124	89	0.931	0.319
4218.000000	124	89	0.924	0.380
4224.000000	124	89	0.913	0.446
4230.000000	124	89	0.901	0.512
4236.000000	124	89	0.884	0.578
4242.000000	124	89	0.864	0.627
4248.000000	124	89	0.837	0.659
4254.000000	124	89	0.796	0.680
4260.000000	124	89	0.731	0.702
4266.000000	89	124	0.730	0.631
4272.000000	89	124	0.765	0.471
4278.000000	89	39	0.811	0.406
4284.000000	89	39	0.856	0.436
4290.000000	89	39	0.876	0.464
4296.000000	89	39	0.889	0.478
4302.000000	89	39	0.889	0.497
4308.000000	89	39	0.883	0.517
4314.000000	89	39	0.876	0.536
4320.000000	89	39	0.871	0.548
4326.000000	89	39	0.869	0.549
4332.000000	89	39	0.863	0.553
4338.000000	89	39	0.858	0.557
4344.000000	89	39	0.855	0.555
4350.000000	89	39	0.848	0.554
4356.000000	89	39	0.842	0.553
4362.000000	89	39	0.836	0.550
4368.000000	89	39	0.831	0.546
4374.000000	89	63	0.826	0.552
4380.000000	89	63	0.819	0.563
4386.000000	89	63	0.813	0.578
4392.000000	89	63	0.803	0.599
4398.000000	89	63	0.791	0.627
4404.000000	89	63	0.780	0.643
4410.000000	89	63	0.769	0.664
4416.000000	89	63	0.748	0.705
4422.000000	63	89	0.751	0.719
4428.000000	63	89	0.802	0.678
4434.000000	63	89	0.847	0.613
4440.000000	63	89	0.872	0.531
4446.000000	63	89	0.907	0.395
4452.000000	63	89	0.932	0.221
4458.000000	63	89	0.958	0.080
4464.000000	63	132	0.966	0.081
4470.000000	63	132	0.963	0.086
4476.000000	63	132	0.960	0.091
4482.000000	63	132	0.957	0.096
4488.000000	63	132	0.954	0.102
4494.000000	63	132	0.951	0.109
4500.000000	63	132	0.948	0.117
4506.000000	63	132	0.945	0.125
4512.000000	63	132	0.941	0.134
4518.000000	63	132	0.936	0.145
4524.000000	63	132	0.932	0.157
4530.000000	63	132	0.928	0.170
4536.000000	63	132	0.923	0.183
4542.000000	63	132	0.917	0.197
4548.000000	63	132	0.911	0.209
4554.000000	63	45	0.903	0.229
4560.000000	63	45	0.894	0.250
4566.000000	63	45	0.885	0.274
4572.000000	63	45	0.876	0.303
4578.000000	63	45	0.865	0.334
4584.000000	63	45	0.851	0.366
4590.000000	63	45	0.834	0.406
4596.000000	63	45	0.809	0.454
4602.000000	63	45	0.772	0.511
4608.000000	63	45	0.719	0.565
4614.000000	63	45	0.637	0.618
4620.000000	45	63	0.665	0.508
4626.000000	45	132	0.726	0.564
4632.000000	45	132	0.796	0.645
4638.000000	45	132	0.838	0.712
4644.000000	45	132	0.853	0.749
4650.000000	45	132	0.854	0.778
4656.000000	45	132	0.855	0.796
4662.000000	45	132	0.856	0.797
4668.000000	45	132	0.858	0.794
4674.000000	45	132	0.859	0.790
4680.000000	45	132	0.862	0.788
4686.000000	45	132	0.863	0.786
4692.000000	45	132	0.860	0.785
4698.000000	45	132	0.857	0.785
4704.000000	45	132	0.854	0.782
4710.000000	45	132	0.852	0.781
4716.000000	45	132	0.846	0.784
4722.000000	45	132	0.842	0.784
4728.000000	45	132	0.838	0.781
4734.000000	45	132	0.831	0.780
4740.000000	45	132	0.823	0.780
4746.000000	45	132	0.813	0.781
4752.000000	45	132	0.799	0.786
4758.000000	132	45	0.788	0.788
4764.000000	132	45	0.784	0.778
4770.000000	132	45	0.783	0.765
4776.000000	132	45	0.783	0.748
4782.000000	132	45	0.782	0.730
4788.000000	132	45	0.777	0.710
4794.000000	132	45	0.777	0.679
4800.000000	132	45	0.778	0.633
4806.000000	132	45	0.786	0.565
4812.000000	132	45	0.800	0.466
4818.000000	132	45	0.810	0.318
4824.000000	132	45	0.822	0.133
4830.000000	132	115	0.839	0.063
4836.000000	132	115	0.857	0.070
4842.000000	132	115	0.867	0.078
4848.000000	132	115	0.872	0.084
4854.000000	132	115	0.876	0.091
4860.000000	132	115	0.877	0.096
4866.000000	132	115	0.877	0.101
4872.000000	132	115	0.873	0.106
4878.000000	132	115	0.868	0.109
4884.000000	132	184	0.860	0.116
4890.000000	132	184	0.850	0.128
4896.000000	132	184	0.837	0.141
4902.000000	132	184	0.821	0.154
4908.000000	132	184	0.797	0.171
4914.000000	132	184	0.760	0.194
4920.000000	132	184	0.703	0.230
4926.000000	132	184	0.611	0.287
4932.000000	132	184	0.461	0.374
4938.000000	184	132	0.512	0.259
4944.000000	184	17	0.691	0.117
4950.000000	184	17	0.832	0.124
4956.000000	184	17	0.892	0.136
4962.000000	184	17	0.909	0.147
4968.000000	184	17	0.915	0.163
4974.000000	184	17	0.920	0.179
4980.000000	184	17	0.920	0.194
4986.000000	184	17	0.927	0.210
4992.000000	184	17	0.931	0.231
4998.000000	184	17	0.929	0.255
5004.000000	184	17	0.926	0.282
5010.000000	184	17	0.923	0.312
5016.000000	184	17	0.921	0.343
5022.000000	184	17	0.918	0.374
5028.000000	184	17	0.916	0.404
5034.000000	184	17	0.913	0.434
5040.000000	184	17	0.911	0.458
5046.000000	184	17	0.909	0.485
5052.000000	184	17	0.907	0.513
5058.000000	184	17	0.908	0.537
5064.000000	184	17	0.907	0.558
5070.000000	184	17	0.905	0.573
5076.000000	184	17	0.904	0.588
5082.000000	184	17	0.903	0.605
5088.000000	184	17	0.901	0.621
5094.000000	184	17	0.898	0.645
5100.000000	184	17	0.895	0.673
5106.000000	184	17	0.891	0.694
5112.000000	184	17	0.887	0.710
5118.000000	184	17	0.884	0.721
5124.000000	184	17	0.878	0.733
5130.000000	184	17	0.866	0.742
5136.000000	184	17	0.853	0.750
5142.000000	184	17	0.838	0.756
5148.000000	184	17	0.820	0.759
5154.000000	184	17	0.796	0.764
5160.000000	184	17	0.767	0.765
5166.000000	17	184	0.770	0.723
5172.000000	17	184	0.784	0.649
5178.000000	17	184	0.808	0.521
5184.000000	17	184	0.866	0.293
5190.000000	17	184	0.926	0.075
5196.000000	17	178	0.955	0.046
5202.000000	17	178	0.962	0.050
5208.000000	17	178	0.961	0.053
5214.000000	17	178	0.960	0.055
5220.000000	17	164	0.958	0.058
5226.000000	17	164	0.955	0.062
5232.000000	17	164	0.951	0.067
5238.000000	17	164	0.947	0.071
5244.000000	17	164	0.943	0.076
5250.000000	17	164	0.938	0.080
5256.000000	17	164	0.932	0.085
5262.000000	17	164	0.926	0.091
5268.000000	17	164	0.918	0.098
5274.000000	17	164	0.908	0.106
5280.000000	17	164	0.897	0.116
5286.000000	17	164	0.882	0.127
5292.000000	17	164	0.864	0.137
5298.000000	17	164	0.842	0.147
5304.000000	17	164	0.815	0.158
5310.000000	17	164	0.782	0.170
5316.000000	17	164	0.741	0.183
5322.000000	17	164	0.687	0.198
5328.000000	17	164	0.612	0.218
5334.000000	17	164	0.499	0.244
5340.000000	17	164	0.333	0.288
5346.000000	164	17	0.358	0.141
5352.000000	164	85	0.456	0.149
5358.000000	164	85	0.577	0.162
5364.000000	164	85	0.680	0.175
5370.000000	164	85	0.747	0.191
5376.000000	164	85	0.777	0.205
5382.000000	164	58	0.800	0.218
5388.000000	164	58	0.807	0.229
5394.000000	164	58	0.813	0.241
5400.000000	164	58	0.822	0.252
5406.000000	164	58	0.821	0.259
5412.000000	164	58	0.821	0.263
5418.000000	164	58	0.825	0.264
5424.000000	164	58	0.836	0.267
5430.000000	164	58	0.841	0.271
5436.000000	164	58	0.845	0.273
5442.000000	164	58	0.846	0.276
5448.000000	164	58	0.847	0.278
5454.000000	164	58	0.850	0.273
5460.000000	164	58	0.850	0.266
5466.000000	164	58	0.852	0.257
5472.000000	164	58	0.854	0.245
5478.000000	164	58	0.855	0.226
5484.000000	164	193	0.859	0.231
5490.000000	164	193	0.868	0.240
5496.000000	164	193	0.877	0.255
5502.000000	164	193	0.885	0.272
5508.000000	164	193	0.891	0.290
5514.000000	164	193	0.897	0.310
5520.000000	164	193	0.902	0.330
5526.000000	164	193	0.909	0.354
5532.000000	164	193	0.915	0.382
5538.000000	164	193	0.915	0.410
5544.000000	164	193	0.914	0.439
5550.000000	164	193	0.912	0.470
5556.000000	164	193	0.909	0.508
5562.000000	164	193	0.905	0.549
5568.000000	164	193	0.897	0.594
5574.000000	164	193	0.887	0.636
5580.000000	164	193	0.873	0.670
5586.000000	164	193	0.860	0.698
5592.000000	164	193	0.841	0.722
5598.000000	164	193	0.816	0.745
5604.000000	164	193	0.784	0.768
5610.000000	193	164	0.793	0.735
5616.000000	193	164	0.821	0.665
5622.000000	193	164	0.852	0.552
5628.000000	193	164	0.902	0.349
5634.000000	193	164	0.946	0.124
5640.000000	193	79	0.963	0.051
5646.000000	193	94	0.966	0.055
5652.000000	193	94	0.964	0.060
5658.000000	193	94	0.962	0.064
5664.000000	193	94	0.957	0.070
5670.000000	193	94	0.951	0.077
5676.000000	193	94	0.944	0.085
5682.000000	193	94	0.936	0.092
5688.000000	193	94	0.928	0.099
5694.000000	193	94	0.921	0.104
5700.000000	193	13	0.914	0.117
5706.000000	193	13	0.906	0.131
5712.000000	193	13	0.899	0.145
5718.000000	193	13	0.890	0.160
5724.000000	193	13	0.881	0.175
5730.000000	193	13	0.870	0.191
5736.000000	193	13	0.857	0.206
5742.000000	193	13	0.841	0.223
5748.000000	193	13	0.823	0.243
5754.000000	193	13	0.800	0.267
5760.000000	193	13	0.772	0.293
5766.000000	193	13	0.736	0.322
5772.000000	193	13	0.685	0.358
5778.000000	193	13	0.609	0.406
5784.000000	193	13	0.497	0.471
5790.000000	13	193	0.548	0.350
5796.000000	13	115	0.648	0.186
5802.000000	13	115	0.762	0.195
5808.000000	13	115	0.848	0.196
5814.000000	13	115	0.890	0.206
5820.000000	13	115	0.905	0.219
5826.000000	13	115	0.915	0.233
5832.000000	13	115	0.924	0.251
5838.000000	13	115	0.922	0.269
5844.000000	13	115	0.920	0.288
5850.000000	13	115	0.918	0.310
5856.000000	13	115	0.922	0.330
5862.000000	13	115	0.919	0.350
5868.000000	13	115	0.917	0.369
5874.000000	13	115	0.915	0.387
5880.000000	13	115	0.911	0.406
5886.000000	13	115	0.905	0.424
5892.000000	13	115	0.902	0.435
5898.000000	13	115	0.898	0.444
5904.000000	13	115	0.895	0.452
5910.000000	13	115	0.890	0.458
5916.000000	13	115	0.883	0.464
5922.000000	13	115	0.876	0.467
5928.000000	13	115	0.870	0.471
5934.000000	13	115	0.863	0.477
5940.000000	13	115	0.855	0.481
5946.000000	13	115	0.847	0.484
5952.000000	13	115	0.840	0.485
5958.000000	13	115	0.831	0.485
5964.000000	13	115	0.820	0.491
5970.000000	13	115	0.802	0.498
5976.000000	13	115	0.784	0.507
5982.000000	13	115	0.764	0.507
5988.000000	13	115	0.736	0.505
5994.000000	13	115	0.698	0.499
6000.000000	13	115	0.645	0.487
6006.000000	13	115	0.559	0.473
6012.000000	115	13	0.464	0.419
6018.000000	115	160	0.471	0.449
6024.000000	160	115	0.505	0.486
6030.000000	160	115	0.587	0.485
6036.000000	160	115	0.666	0.476
6042.000000	160	115	0.731	0.455
6048.000000	160	115	0.785	0.432
6054.000000	160	115	0.816	0.405
6060.000000	160	115	0.845	0.365
6066.000000	160	115	0.864	0.326
6072.000000	160	115	0.876	0.284
6078.000000	160	115	0.884	0.239
6084.000000	160	115	0.891	0.189
6090.000000	160	139	0.906	0.132
6096.000000	160	139	0.922	0.140
6102.000000	160	139	0.935	0.147
6108.000000	160	139	0.939	0.155
6114.000000	160	139	0.939	0.162
6120.000000	160	139	0.938	0.168
6126.000000	160	139	0.937	0.172
6132.000000	160	139	0.934	0.175
6138.000000	160	139	0.931	0.177
6144.000000	160	139	0.928	0.177
6150.000000	160	139	0.925	0.176
6156.000000	160	139	0.923	0.175
6162.000000	160	139	0.920	0.172
6168.000000	160	163	0.918	0.169
6174.000000	160	163	0.915	0.181
6180.000000	160	163	0.911	0.191
6186.000000	160	163	0.908	0.202
6192.000000	160	163	0.904	0.211
6198.000000	160	163	0.901	0.220
6204.000000	160	163	0.897	0.229
6210.000000	160	163	0.890	0.237
6216.000000	160	163	0.883	0.246
6222.000000	160	163	0.874	0.255
6228.000000	160	163	0.864	0.265
6234.000000	160	163	0.851	0.279
6240.000000	160	163	0.833	0.299
6246.000000	160	163	0.806	0.328
6252.000000	160	163	0.765	0.360
6258.000000	160	163	0.704	0.399
6264.000000	160	163	0.611	0.454
6270.000000	163	160	0.531	0.460
6276.000000	163	160	0.633	0.227
6282.000000	163	194	0.739	0.209
6288.000000	163	194	0.818	0.208
6294.000000	163	130	0.860	0.208
6300.000000	163	130	0.882	0.215
6306.000000	163	130	0.899	0.220
6312.000000	163	130	0.906	0.226
6318.000000	163	130	0.914	0.225
6324.000000	163	194	0.916	0.226
6330.000000	163	194	0.916	0.227
6336.000000	163	194	0.915	0.226
6342.000000	163	194	0.915	0.222
6348.000000	163	194	0.919	0.211
6354.000000	163	194	0.926	0.199
6360.000000	163	194	0.928	0.184
6366.000000	163	194	0.933	0.166
6372.000000	163	194	0.934	0.143
6378.000000	163	168	0.935	0.124
6384.000000	163	168	0.937	0.125
6390.000000	163	157	0.940	0.130
6396.000000	163	157	0.942	0.139
6402.000000	163	157	0.942	0.147
6408.000000	163	157	0.941	0.155
6414.000000	163	157	0.940	0.164
6420.000000	163	157	0.938	0.174
6426.000000	163	157	0.936	0.185
6432.000000	163	157	0.934	0.197
6438.000000	163	157	0.931	0.211
6444.000000	163	157	0.927	0.227
6450.000000	163	157	0.924	0.245
6456.000000	163	157	0.921	0.265
6462.000000	163	157	0.917	0.290
6468.000000	163	157	0.911	0.320
6474.000000	163	157	0.902	0.355
6480.000000	163	157	0.891	0.399
6486.000000	163	157	0.878	0.453
6492.000000	163	157	0.861	0.509
6498.000000	163	157	0.837	0.560
6504.000000	163	157	0.798	0.614
6510.000000	163	157	0.738	0.672
6516.000000	157	163	0.736	0.634
6522.000000	157	163	0.810	0.453
6528.000000	157	28	0.872	0.463
6534.000000	157	28	0.912	0.524
6540.000000	157	28	0.922	0.594
6546.000000	157	28	0.921	0.642
6552.000000	157	28	0.915	0.664
6558.000000	157	28	0.910	0.672
6564.000000	157	28	0.908	0.675
6570.000000	157	28	0.905	0.678
6576.000000	157	28	0.901	0.680
6582.000000	157	28	0.896	0.681
6588.000000	157	28	0.893	0.679
6594.000000	157	28	0.889	0.675
6600.000000	157	28	0.884	0.672
6606.000000	157	28	0.878	0.671
6612.000000	157	28	0.872	0.669
6618.000000	157	28	0.867	0.667
6624.000000	157	28	0.864	0.659
6630.000000	157	28	0.862	0.649
6636.000000	157	28	0.858	0.639
6642.000000	157	28	0.853	0.627
6648.000000	157	28	0.848	0.610
6654.000000	157	28	0.843	0.588
6660.000000	157	28	0.839	0.562
6666.000000	157	28	0.834	0.529
6672.000000	157	28	0.830	0.480
6678.000000	157	28	0.826	0.406
6684.000000	157	28	0.829	0.296
6690.000000	157	28	0.836	0.164
6696.000000	157	64	0.839	0.096
6702.000000	157	95	0.837	0.095
6708.000000	157	95	0.837	0.096
6714.000000	157	95	0.837	0.098
6720.000000	157	95	0.832	0.100
6726.000000	157	95	0.824	0.101
6732.000000	157	95	0.813	0.103
6738.000000	157	95	0.799	0.106
6744.000000	157	95	0.781	0.109
6750.000000	157	95	0.756	0.112
6756.000000	157	95	0.720	0.115
6762.000000	157	95	0.664	0.116
6768.000000	157	95	0.569	0.117
6774.000000	157	95	0.400	0.116
6780.000000	157	95	0.159	0.115
6786.000000	95	35	0.106	0.077
6792.000000	95	45	0.105	0.077
6798.000000	95	45	0.108	0.079
6804.000000	95	45	0.111	0.083
6810.000000	95	45	0.118	0.090
6816.000000	95	45	0.130	0.098
6822.000000	95	45	0.149	0.108
6828.000000	95	45	0.178	0.122
6834.000000	95	45	0.215	0.140
6840.000000	95	45	0.269	0.164
6846.000000	95	45	0.345	0.194
6852.000000	95	45	0.453	0.230
6858.000000	95	45	0.574	0.279
6864.000000	95	45	0.677	0.339
6870.000000	95	45	0.739	0.407
6876.000000	95	45	0.773	0.478
6882.000000	95	45	0.786	0.540
6888.000000	95	45	0.799	0.594
6894.000000	95	45	0.808	0.627
6900.000000	95	45	0.812	0.645
6906.000000	95	45	0.813	0.657
6912.000000	95	45	0.813	0.667
6918.000000	95	45	0.813	0.676
6924.000000	95	45	0.815	0.691
6930.000000	95	45	0.814	0.701
6936.000000	95	45	0.813	0.715
6942.000000	95	45	0.813	0.725
6948.000000	95	45	0.817	0.735
6954.000000	95	45	0.818	0.746
6960.000000	95	45	0.819	0.755
6966.000000	95	45	0.823	0.761
6972.000000	95	45	0.825	0.771
6978.000000	95	45	0.826	0.778
6984.000000	95	45	0.825	0.784
6990.000000	95	45	0.819	0.799
6996.000000	95	45	0.817	0.810
7002.000000	95	45	0.817	0.814
7008.000000	95	45	0.817	0.817
7014.000000	45	95	0.817	0.813
7020.000000	45	95	0.815	0.809
7026.000000	45	95	0.818	0.799
7032.000000	45	95	0.819	0.784
7038.000000	45	95	0.827	0.759
7044.000000	45	95	0.838	0.726
7050.000000	45	95	0.849	0.679
7056.000000	45	95	0.858	0.613
7062.000000	45	95	0.876	0.493
7068.000000	45	95	0.896	0.297
7074.000000	45	95	0.932	0.085
7080.000000	45	35	0.949	0.057
7086.000000	45	35	0.951	0.054
7092.000000	45	35	0.953	0.053
7098.000000	45	41	0.953	0.055
7104.000000	45	41	0.951	0.059
7110.000000	45	41	0.948	0.064
7116.000000	45	41	0.945	0.067
7122.000000	45	41	0.940	0.071
7128.000000	45	41	0.935	0.073
7134.000000	45	187	0.929	0.078
7140.000000	45	187	0.921	0.084
7146.000000	45	23	0.911	0.090
7152.000000	45	23	0.899	0.097
7158.000000	45	23	0.885	0.105
7164.000000	45	23	0.866	0.112
7170.000000	45	23	0.843	0.120
7176.000000	45	23	0.814	0.128
7182.000000	45	23	0.775	0.137
7188.000000	45	23	0.717	0.148
7194.000000	45	23	0.628	0.162
7200.000000	45	23	0.486	0.181
7206.000000	45	23	0.283	0.205
7212.000000	23	187	0.232	0.198
7218.000000	23	187	0.269	0.220
7224.000000	23	187	0.317	0.250
7230.000000	23	187	0.378	0.285
7236.000000	23	122	0.447	0.337
7242.000000	23	122	0.510	0.388
7248.000000	23	122	0.556	0.430
7254.000000	23	122	0.587	0.464
7260.000000	23	122	0.599	0.484
7266.000000	23	122	0.605	0.501
7272.000000	23	122	0.609	0.515
7278.000000	23	122	0.614	0.526
7284.000000	23	122	0.618	0.532
7290.000000	23	122	0.622	0.542
7296.000000	23	122	0.625	0.551
7302.000000	23	122	0.628	0.556
7308.000000	23	122	0.632	0.560
7314.000000	23	122	0.634	0.566
7320.000000	23	122	0.633	0.579
7326.000000	23	122	0.638	0.592
7332.000000	23	122	0.643	0.602
7338.000000	23	122	0.654	0.612
7344.000000	23	122	0.664	0.627
7350.000000	23	122	0.681	0.640
7356.000000	23	122	0.702	0.654
7362.000000	23	122	0.715	0.674
7368.000000	23	122	0.729	0.693
7374.000000	23	122	0.745	0.702
7380.000000	23	122	0.756	0.715
7386.000000	23	122	0.763	0.728
7392.000000	23	122	0.767	0.732
7398.000000	23	122	0.774	0.725
7404.000000	23	122	0.778	0.716
7410.000000	23	122	0.779	0.702
7416.000000	23	122	0.778	0.683
7422.000000	23	122	0.773	0.662
7428.000000	23	122	0.769	0.636
7434.000000	23	122	0.765	0.604
7440.000000	23	122	0.763	0.560
7446.000000	23	122	0.758	0.503
7452.000000	23	122	0.756	0.426
7458.000000	23	122	0.762	0.323
7464.000000	23	122	0.784	0.196
7470.000000	23	52	0.816	0.090
7476.000000	23	52	0.836	0.088
7482.000000	23	52	0.852	0.085
7488.000000	23	29	0.870	0.086
7494.000000	23	29	0.885	0.090
7500.000000	23	29	0.894	0.096
7506.000000	23	29	0.899	0.104
7512.000000	23	29	0.900	0.112
7518.000000	23	29	0.898	0.120
7524.000000	23	29	0.894	0.127
7530.000000	23	29	0.890	0.134
7536.000000	23	29	0.885	0.142
7542.000000	23	29	0.878	0.149
7548.000000	23	29	0.870	0.158
7554.000000	23	29	0.859	0.166
7560.000000	23	29	0.847	0.175
7566.000000	23	29	0.831	0.183
7572.000000	23	29	0.810	0.192
7578.000000	23	29	0.781	0.203
7584.000000	23	29	0.739	0.214
7590.000000	23	29	0.676	0.227
7596.000000	23	29	0.580	0.242
7602.000000	23	29	0.439	0.258
7608.000000	29	23	0.277	0.242
7614.000000	29	39	0.305	0.207
7620.000000	29	39	0.340	0.230
7626.000000	29	39	0.385	0.254
7632.000000	29	39	0.437	0.280
7638.000000	29	39	0.484	0.308
7644.000000	29	39	0.516	0.332
7650.000000	29	39	0.536	0.350
7656.000000	29	39	0.546	0.368
7662.000000	29	39	0.550	0.385
7668.000000	29	39	0.553	0.401
7674.000000	29	39	0.558	0.419
7680.000000	29	39	0.560	0.438
7686.000000	29	39	0.565	0.455
7692.000000	29	39	0.573	0.470
7698.000000	29	39	0.582	0.488
7704.000000	29	39	0.588	0.513
7710.000000	29	39	0.600	0.539
7716.000000	29	39	0.612	0.563
7722.000000	29	39	0.621	0.587
7728.000000	29	39	0.639	0.609
7734.000000	29	39	0.659	0.640
7740.000000	29	39	0.673	0.666
7746.000000	39	29	0.703	0.689
7752.000000	39	29	0.731	0.708
7758.000000	39	29	0.753	0.721
7764.000000	39	29	0.768	0.730
7770.000000	39	29	0.777	0.736
7776.000000	39	29	0.787	0.736
7782.000000	39	29	0.792	0.736
7788.000000	39	29	0.797	0.736
7794.000000	39	29	0.805	0.732
7800.000000	39	29	0.812	0.730
7806.000000	39	29	0.815	0.726
7812.000000	39	29	0.817	0.720
7818.000000	39	29	0.822	0.706
7824.000000	39	29	0.827	0.687
7830.000000	39	29	0.828	0.669
7836.000000	39	29	0.829	0.644
7842.000000	39	29	0.840	0.599
7848.000000	39	29	0.849	0.538
7854.000000	39	29	0.855	0.453
7860.000000	39	29	0.871	0.329
7866.000000	39	29	0.892	0.179
7872.000000	39	151	0.907	0.101
7878.000000	39	151	0.922	0.106
7884.000000	39	151	0.926	0.111
7890.000000	39	151	0.930	0.114
7896.000000	39	151	0.932	0.120
7902.000000	39	151	0.934	0.127
7908.000000	39	151	0.934	0.134
7914.000000	39	151	0.933	0.141
7920.000000	39	151	0.930	0.148
7926.000000	39	151	0.927	0.155
7932.000000	39	151	0.924	0.163
7938.000000	39	151	0.919	0.174
7944.000000	39	151	0.914	0.190
7950.000000	39	151	0.906	0.210
7956.000000	39	151	0.897	0.235
7962.000000	39	151	0.886	0.265
7968.000000	39	151	0.873	0.300
7974.000000	39	151	0.854	0.344
7980.000000	39	151	0.828	0.400
7986.000000	39	151	0.789	0.475
7992.000000	39	151	0.730	0.565
7998.000000	151	39	0.651	0.628
8004.000000	151	39	0.747	0.451
8010.000000	151	39	0.856	0.194
8016.000000	151	49	0.937	0.059
8022.000000	151	49	0.969	0.064
8028.000000	151	49	0.972	0.071
8034.000000	151	49	0.970	0.078
8040.000000	151	49	0.968	0.085
8046.000000	151	49	0.966	0.092
8052.000000	151	49	0.964	0.100
8058.000000	151	49	0.962	0.108
8064.000000	151	49	0.959	0.118
8070.000000	151	49	0.957	0.130
8076.000000	151	49	0.955	0.143
8082.000000	151	49	0.952	0.158
8088.000000	151	49	0.950	0.173
8094.000000	151	49	0.947	0.190
8100.000000	151	49	0.945	0.209
8106.000000	151	49	0.943	0.230
8112.000000	151	49	0.940	0.252
8118.000000	151	49	0.938	0.276
8124.000000	151	49	0.936	0.301
8130.000000	151	49	0.934	0.327
8136.000000	151	49	0.931	0.357
8142.000000	151	49	0.928	0.392
8148.000000	151	49	0.924	0.433
8154.000000	151	49	0.919	0.472
8160.000000	151	49	0.914	0.511
8166.000000	151	49	0.907	0.552
8172.000000	151	49	0.898	0.588
8178.000000	151	49	0.887	0.617
8184.000000	151	49	0.878	0.644
8190.000000	151	49	0.864	0.667
8196.000000	151	49	0.849	0.681
8202.000000	151	49	0.828	0.696
8208.000000	151	49	0.796	0.714
8214.000000	151	49	0.758	0.730
8220.000000	49	151	0.747	0.704
8226.000000	49	151	0.782	0.601
8232.000000	49	151	0.833	0.428
8238.000000	49	151	0.898	0.199
8244.000000	49	161	0.951	0.083
8250.000000	49	161	0.968	0.087
8256.000000	49	161	0.971	0.093
8262.000000	49	161	0.969	0.101
8268.000000	49	161	0.967	0.110
8274.000000	49	183	0.964	0.126
8280.000000	49	183	0.961	0.149
8286.000000	49	183	0.957	0.175
8292.000000	49	183	0.952	0.204
8298.000000	49	183	0.947	0.237
8304.000000	49	183	0.941	0.273
8310.000000	49	183	0.935	0.313
8316.000000	49	183	0.927	0.359
8322.000000	49	183	0.918	0.408
8328.000000	49	183	0.907	0.455
8334.000000	49	183	0.894	0.499
8340.000000	49	183	0.878	0.541
8346.000000	49	183	0.858	0.574
8352.000000	49	183	0.836	0.600
8358.000000	49	183	0.809	0.625
8364.000000	49	183	0.778	0.650
8370.000000	49	183	0.738	0.680
8376.000000	183	49	0.716	0.681
8382.000000	183	49	0.745	0.610
8388.000000	183	49	0.783	0.507
8394.000000	183	49	0.841	0.356
8400.000000	183	49	0.891	0.178
8406.000000	183	161	0.936	0.112
8412.000000	183	118	0.956	0.088
8418.000000	183	118	0.961	0.088
8424.000000	183	118	0.964	0.087
8430.000000	183	118	0.964	0.086
8436.000000	183	20	0.961	0.088
8442.000000	183	20	0.957	0.098
8448.000000	183	20	0.952	0.108
8454.000000	183	20	0.947	0.116
8460.000000	183	20	0.943	0.123
8466.000000	183	20	0.939	0.130
8472.000000	183	20	0.935	0.136
8478.000000	183	69	0.931	0.147
8484.000000	183	69	0.926	0.159
8490.000000	183	69	0.921	0.170
8496.000000	183	69	0.915	0.180
8502.000000	183	69	0.909	0.190
8508.000000	183	69	0.900	0.199
8514.000000	183	69	0.889	0.207
8520.000000	183	69	0.875	0.217
8526.000000	183	69	0.859	0.231
8532.000000	183	69	0.842	0.244
8538.000000	183	69	0.825	0.258
8544.000000	183	69	0.805	0.270
8550.000000	183	69	0.781	0.282
8556.000000	183	69	0.751	0.296
8562.000000	183	69	0.716	0.307
8568.000000	183	69	0.669	0.317
8574.000000	183	69	0.601	0.331
8580.000000	183	69	0.508	0.346
8586.000000	69	183	0.372	0.361
8592.000000	69	14	0.428	0.217
8598.000000	69	14	0.533	0.231
8604.000000	69	14	0.646	0.252
8610.000000	69	14	0.723	0.282
8616.000000	69	14	0.770	0.311
8622.000000	69	14	0.811	0.339
8628.000000	69	14	0.839	0.363
8634.000000	69	14	0.857	0.390
8640.000000	69	14	0.866	0.431
8646.000000	69	14	0.871	0.469
8652.000000	69	14	0.877	0.497
8658.000000	69	14	0.880	0.520
8664.000000	69	14	0.883	0.535
8670.000000	69	14	0.883	0.543
8676.000000	69	14	0.888	0.548
8682.000000	69	14	0.896	0.555
8688.000000	69	14	0.898	0.564
8694.000000	69	14	0.897	0.573
8700.000000	69	14	0.899	0.587
8706.000000	69	14	0.899	0.600
8712.000000	69	14	0.898	0.614
8718.000000	69	14	0.897	0.626
8724.000000	69	14	0.896	0.639
8730.000000	69	14	0.892	0.651
8736.000000	69	14	0.884	0.658
8742.000000	69	14	0.874	0.664
8748.000000	69	14	0.863	0.668
8754.000000	69	14	0.854	0.668
8760.000000	69	14	0.840	0.667
8766.000000	69	14	0.825	0.664
8772.000000	69	14	0.802	0.665
8778.000000	69	14	0.771	0.666
8784.000000	69	14	0.730	0.665
8790.000000	14	69	0.672	0.667
8796.000000	14	69	0.681	0.579
8802.000000	14	69	0.695	0.442
8808.000000	14	69	0.731	0.244
8814.000000	14	33	0.790	0.251
8820.000000	14	33	0.843	0.266
8826.000000	14	33	0.879	0.290
8832.000000	14	33	0.895	0.317
8838.000000	14	33	0.907	0.345
8844.000000	14	33	0.913	0.372
8850.000000	14	33	0.916	0.401
8856.000000	14	33	0.915	0.431
8862.000000	14	33	0.913	0.465
8868.000000	14	33	0.910	0.501
8874.000000	14	33	0.905	0.538
8880.000000	14	33	0.899	0.571
8886.000000	14	33	0.892	0.598
8892.000000	14	33	0.884	0.623
8898.000000	14	33	0.871	0.645
8904.000000	14	33	0.859	0.664
8910.000000	14	33	0.845	0.679
8916.000000	14	33	0.826	0.696
8922.000000	14	33	0.797	0.716
8928.000000	14	33	0.756	0.735
8934.000000	33	14	0.755	0.702
8940.000000	33	14	0.775	0.620
8946.000000	33	14	0.802	0.487
8952.000000	33	14	0.845	0.307
8958.000000	33	14	0.899	0.130
8964.000000	33	68	0.939	0.072
8970.000000	33	82	0.956	0.071
8976.000000	33	82	0.960	0.078
8982.000000	33	82	0.960	0.086
8988.000000	33	82	0.957	0.095
8994.000000	33	82	0.953	0.104
9000.000000	33	82	0.950	0.114
9006.000000	33	82	0.946	0.125
9012.000000	33	82	0.941	0.136
9018.000000	33	82	0.937	0.148
9024.000000	33	82	0.931	0.163
9030.000000	33	82	0.925	0.179
9036.000000	33	82	0.918	0.196
9042.000000	33	82	0.911	0.217
9048.000000	33	82	0.902	0.239
9054.000000	33	82	0.889	0.264
9060.000000	33	82	0.873	0.293
9066.000000	33	82	0.857	0.321
9072.000000	33	82	0.838	0.352
9078.000000	33	82	0.815	0.385
9084.000000	33	82	0.787	0.418
9090.000000	33	82	0.749	0.454
9096.000000	33	82	0.701	0.490
9102.000000	33	82	0.631	0.528
9108.000000	82	33	0.574	0.533
9114.000000	82	33	0.624	0.396
9120.000000	82	33	0.698	0.210
9126.000000	82	167	0.770	0.214
9132.000000	82	167	0.811	0.235
9138.000000	82	167	0.828	0.258
9144.000000	82	167	0.836	0.281
9150.000000	82	167	0.853	0.301
9156.000000	82	167	0.858	0.324
9162.000000	82	167	0.861	0.347
9168.000000	82	167	0.862	0.368
9174.000000	82	167	0.859	0.390
9180.000000	82	167	0.859	0.409
9186.000000	82	167	0.857	0.425
9192.000000	82	167	0.855	0.440
9198.000000	82	167	0.856	0.452
9204.000000	82	167	0.857	0.467
9210.000000	82	167	0.857	0.489
9216.000000	82	167	0.855	0.514
9222.000000	82	167	0.852	0.537
9228.000000	82	167	0.849	0.558
9234.000000	82	167	0.848	0.582
9240.000000	82	167	0.849	0.602
9246.000000	82	167	0.845	0.621
9252.000000	82	167	0.841	0.635
9258.000000	82	167	0.835	0.651
9264.000000	82	167	0.826	0.666
9270.000000	82	167	0.818	0.676
9276.000000	82	167	0.806	0.688
9282.000000	82	167	0.795	0.695
9288.000000	82	167	0.784	0.702
9294.000000	82	167	0.767	0.710
9300.000000	82	167	0.746	0.720
9306.000000	167	82	0.732	0.715
9312.000000	167	82	0.746	0.671
9318.000000	167	82	0.756	0.609
9324.000000	167	82	0.779	0.492
9330.000000	167	82	0.820	0.305
9336.000000	167	82	0.868	0.118
9342.000000	167	52	0.908	0.056
9348.000000	167	52	0.933	0.058
9354.000000	167	66	0.940	0.061
9360.000000	167	66	0.941	0.065
9366.000000	167	66	0.941	0.070
9372.000000	167	66	0.940	0.076
9378.000000	167	66	0.939	0.083
9384.000000	167	66	0.938	0.089
9390.000000	167	66	0.936	0.095
9396.000000	167	66	0.933	0.101
9402.000000	167	66	0.930	0.107
9408.000000	167	66	0.926	0.113
9414.000000	167	66	0.921	0.119
9420.000000	167	30	0.915	0.127
9426.000000	167	30	0.908	0.140
9432.000000	167	30	0.899	0.154
9438.000000	167	30	0.887	0.166
9444.000000	167	30	0.872	0.180
9450.000000	167	30	0.854	0.195
9456.000000	167	30	0.830	0.212
9462.000000	167	30	0.799	0.233
9468.000000	167	30	0.757	0.263
9474.000000	167	30	0.699	0.302
9480.000000	167	30	0.615	0.343
9486.000000	167	30	0.493	0.390
9492.000000	30	167	0.454	0.321
9498.000000	30	68	0.534	0.320
9504.000000	30	68	0.640	0.360
9510.000000	30	68	0.730	0.420
9516.000000	30	68	0.777	0.485
9522.000000	30	68	0.802	0.541
9528.000000	30	68	0.821	0.590
9534.000000	30	68	0.834	0.624
9540.000000	30	68	0.844	0.648
9546.000000	30	68	0.848	0.664
9552.000000	30	68	0.848	0.674
9558.000000	30	68	0.850	0.682
9564.000000	30	68	0.850	0.686
9570.000000	30	68	0.853	0.688
9576.000000	30	68	0.856	0.689
9582.000000	30	68	0.857	0.689
9588.000000	30	68	0.857	0.692
9594.000000	30	68	0.857	0.695
9600.000000	30	68	0.855	0.698
9606.000000	30	68	0.851	0.701
9612.000000	30	68	0.848	0.704
9618.000000	30	68	0.843	0.706
9624.000000	30	68	0.839	0.706
9630.000000	30	68	0.832	0.707
9636.000000	30	68	0.827	0.707
9642.000000	30	68	0.815	0.711
9648.000000	30	68	0.804	0.710
9654.000000	30	68	0.794	0.704
9660.000000	30	68	0.787	0.691
9666.000000	30	68	0.778	0.679
9672.000000	30	68	0.763	0.665
9678.000000	30	68	0.744	0.646
9684.000000	30	68	0.719	0.615
9690.000000	30	68	0.687	0.569
9696.000000	30	68	0.649	0.502
9702.000000	30	68	0.602	0.398
9708.000000	30	163	0.538	0.361
9714.000000	30	163	0.432	0.409
9720.000000	163	30	0.488	0.269
9726.000000	163	30	0.622	0.111
9732.000000	163	88	0.768	0.068
9738.000000	163	116	0.867	0.067
9744.000000	163	116	0.915	0.066
9750.000000	163	116	0.936	0.067
9756.000000	163	116	0.944	0.070
9762.000000	163	116	0.946	0.072
9768.000000	163	32	0.947	0.077
9774.000000	163	32	0.947	0.082
9780.000000	163	32	0.946	0.087
9786.000000	163	32	0.944	0.092
9792.000000	163	178	0.942	0.099
9798.000000	163	178	0.939	0.114
9804.000000	163	178	0.936	0.130
9810.000000	163	178	0.934	0.149
9816.000000	163	178	0.932	0.170
9822.000000	163	178	0.928	0.195
9828.000000	163	178	0.924	0.221
9834.000000	163	178	0.920	0.249
9840.000000	163	178	0.916	0.280
9846.000000	163	178	0.912	0.312
9852.000000	163	178	0.907	0.341
9858.000000	163	178	0.901	0.368
9864.000000	163	178	0.894	0.398
9870.000000	163	178	0.884	0.432
9876.000000	163	178	0.871	0.469
9882.000000	163	178	0.854	0.504
9888.000000	163	178	0.834	0.541
9894.000000	163	178	0.811	0.574
9900.000000	163	178	0.785	0.610
9906.000000	163	178	0.751	0.642
9912.000000	163	178	0.700	0.680
9918.000000	178	163	0.733	0.621
9924.000000	178	163	0.778	0.499
9930.000000	178	163	0.848	0.297
9936.000000	178	93	0.921	0.177
9942.000000	178	93	0.956	0.176
9948.000000	178	93	0.961	0.183
9954.000000	178	93	0.965	0.194
9960.000000	178	93	0.963	0.205
9966.000000	178	93	0.960	0.215
9972.000000	178	93	0.956	0.224
9978.000000	178	93	0.953	0.233
9984.000000	178	93	0.949	0.240
9990.000000	178	93	0.946	0.245
9996.000000	178	93	0.943	0.247
10002.000000	178	93	0.940	0.247
10008.000000	178	93	0.938	0.246
10014.000000	178	93	0.935	0.243
10020.000000	178	93	0.933	0.238
10026.000000	178	93	0.931	0.231
10032.000000	178	93	0.929	0.221
10038.000000	178	93	0.927	0.209
10044.000000	178	93	0.926	0.193
10050.000000	178	93	0.924	0.171
10056.000000	178	93	0.923	0.141
10062.000000	178	107	0.922	0.108
10068.000000	178	107	0.922	0.108
10074.000000	178	107	0.921	0.107
10080.000000	178	107	0.919	0.106
10086.000000	178	107	0.917	0.103
10092.000000	178	107	0.915	0.100
10098.000000	178	107	0.912	0.096
10104.000000	178	107	0.909	0.091
10110.000000	178	107	0.905	0.085
10116.000000	178	107	0.900	0.078
10122.000000	178	107	0.894	0.071
10128.000000	178	107	0.887	0.064
10134.000000	178	107	0.879	0.059
10140.000000	178	50	0.868	0.059
10146.000000	178	50	0.855	0.061
10152.000000	178	50	0.838	0.063
10158.000000	178	50	0.815	0.065
10164.000000	178	50	0.784	0.066
10170.000000	178	50	0.737	0.067
10176.000000	178	50	0.656	0.067
10182.000000	178	50	0.496	0.064
10188.000000	178	50	0.195	0.051
10194.000000	96	50	0.027	0.027
10200.000000	96	50	0.019	0.015
10206.000000	96	53	0.012	0.008
10212.000000	96	53	0.006	0.005
