0.000000	125	102	0.000	0.000
6.000000	79	43	0.986	0.040
12.000000	79	43	0.985	0.045
18.000000	79	43	0.984	0.050
24.000000	79	43	0.982	0.056
30.000000	79	43	0.980	0.064
36.000000	79	43	0.978	0.073
42.000000	79	43	0.976	0.084
48.000000	79	43	0.973	0.096
54.000000	79	43	0.970	0.110
60.000000	79	43	0.967	0.126
66.000000	79	43	0.964	0.142
72.000000	79	43	0.961	0.160
78.000000	79	43	0.957	0.179
84.000000	79	43	0.954	0.201
90.000000	79	43	0.950	0.227
96.000000	79	43	0.947	0.256
102.000000	79	43	0.944	0.287
108.000000	79	43	0.940	0.320
114.000000	79	43	0.937	0.351
120.000000	79	43	0.934	0.380
126.000000	79	43	0.932	0.407
132.000000	79	43	0.930	0.427
138.000000	79	43	0.929	0.445
144.000000	79	43	0.927	0.462
150.000000	79	43	0.926	0.482
156.000000	79	43	0.924	0.500
162.000000	79	43	0.923	0.519
168.000000	79	43	0.920	0.541
174.000000	79	43	0.916	0.567
180.000000	79	43	0.910	0.589
186.000000	79	43	0.901	0.609
192.000000	79	43	0.888	0.631
198.000000	79	43	0.870	0.650
204.000000	79	43	0.849	0.665
210.000000	79	43	0.822	0.678
216.000000	79	43	0.790	0.686
222.000000	79	43	0.746	0.696
228.000000	43	79	0.709	0.689
234.000000	43	79	0.725	0.607
240.000000	43	128	0.759	0.555
246.000000	43	128	0.805	0.592
252.000000	43	128	0.862	0.633
258.000000	43	128	0.888	0.680
264.000000	43	128	0.890	0.709
270.000000	43	128	0.882	0.720
276.000000	43	128	0.875	0.725
282.000000	43	128	0.870	0.727
288.000000	43	128	0.863	0.726
294.000000	43	128	0.854	0.726
300.000000	43	128	0.843	0.726
306.000000	43	128	0.831	0.725
312.000000	43	128	0.820	0.721
318.000000	43	128	0.807	0.716
324.000000	43	128	0.793	0.711
330.000000	43	128	0.776	0.708
336.000000	43	128	0.753	0.704
342.000000	43	128	0.722	0.704
348.000000	128	43	0.698	0.693
354.000000	128	43	0.698	0.650
360.000000	128	43	0.699	0.600
366.000000	128	43	0.696	0.539
372.000000	128	43	0.693	0.456
378.000000	128	43	0.713	0.345
384.000000	128	43	0.740	0.217
390.000000	128	74	0.764	0.118
396.000000	128	18	0.780	0.121
402.000000	128	18	0.791	0.136
408.000000	128	18	0.801	0.153
414.000000	128	18	0.811	0.172
420.000000	128	18	0.818	0.195
426.000000	128	18	0.820	0.220
432.000000	128	18	0.818	0.245
438.000000	128	18	0.811	0.270
444.000000	128	18	0.801	0.294
450.000000	128	18	0.787	0.315
456.000000	128	18	0.769	0.334
462.000000	128	18	0.746	0.356
468.000000	128	18	0.716	0.384
474.000000	128	18	0.676	0.411
480.000000	128	18	0.618	0.440
486.000000	128	18	0.535	0.469
492.000000	18	128	0.518	0.419
498.000000	18	128	0.571	0.282
504.000000	18	9	0.628	0.217
510.000000	18	9	0.701	0.239
516.000000	18	9	0.748	0.253
522.000000	18	9	0.782	0.267
528.000000	18	9	0.803	0.284
534.000000	18	9	0.816	0.301
540.000000	18	9	0.832	0.315
546.000000	18	9	0.843	0.335
552.000000	18	9	0.847	0.356
558.000000	18	9	0.849	0.371
564.000000	18	9	0.857	0.383
570.000000	18	9	0.862	0.400
576.000000	18	9	0.863	0.413
582.000000	18	9	0.866	0.427
588.000000	18	9	0.869	0.438
594.000000	18	9	0.878	0.447
600.000000	18	9	0.883	0.455
606.000000	18	9	0.884	0.458
612.000000	18	9	0.885	0.462
618.000000	18	9	0.890	0.467
624.000000	18	9	0.894	0.477
630.000000	18	9	0.896	0.483
636.000000	18	9	0.896	0.487
642.000000	18	9	0.897	0.490
648.000000	18	9	0.896	0.492
654.000000	18	9	0.895	0.496
660.000000	18	9	0.894	0.501
666.000000	18	9	0.892	0.504
672.000000	18	9	0.890	0.502
678.000000	18	9	0.889	0.494
684.000000	18	9	0.886	0.482
690.000000	18	9	0.883	0.467
696.000000	18	9	0.881	0.441
702.000000	18	9	0.878	0.405
708.000000	18	9	0.875	0.357
714.000000	18	9	0.872	0.293
720.000000	18	9	0.870	0.217
726.000000	18	9	0.871	0.143
732.000000	18	9	0.871	0.086
738.000000	18	97	0.869	0.067
744.000000	18	97	0.864	0.066
750.000000	18	97	0.856	0.065
756.000000	18	190	0.844	0.067
762.000000	18	190	0.827	0.073
768.000000	18	190	0.803	0.080
774.000000	18	190	0.769	0.086
780.000000	18	190	0.715	0.094
786.000000	18	190	0.623	0.102
792.000000	18	190	0.449	0.110
798.000000	18	190	0.175	0.113
804.000000	190	144	0.118	0.078
810.000000	190	144	0.124	0.082
816.000000	190	144	0.132	0.089
822.000000	190	144	0.142	0.100
828.000000	190	144	0.156	0.118
834.000000	190	144	0.177	0.144
840.000000	190	144	0.206	0.182
846.000000	190	144	0.245	0.236
852.000000	144	190	0.311	0.291
858.000000	144	190	0.415	0.350
864.000000	144	190	0.531	0.418
870.000000	144	190	0.636	0.478
876.000000	144	190	0.703	0.524
882.000000	144	190	0.736	0.558
888.000000	144	190	0.750	0.584
894.000000	144	190	0.758	0.603
900.000000	144	190	0.767	0.617
906.000000	144	190	0.774	0.625
912.000000	144	190	0.777	0.632
918.000000	144	190	0.783	0.638
924.000000	144	190	0.790	0.646
930.000000	144	190	0.794	0.655
936.000000	144	190	0.799	0.660
942.000000	144	190	0.811	0.664
948.000000	144	190	0.824	0.668
954.000000	144	190	0.833	0.670
960.000000	144	190	0.838	0.676
966.000000	144	190	0.843	0.673
972.000000	144	190	0.850	0.665
978.000000	144	190	0.855	0.658
984.000000	144	190	0.857	0.649
990.000000	144	190	0.859	0.639
996.000000	144	190	0.862	0.625
1002.000000	144	190	0.867	0.603
1008.000000	144	190	0.881	0.568
1014.000000	144	190	0.895	0.524
1020.000000	144	190	0.903	0.471
1026.000000	144	190	0.910	0.394
1032.000000	144	190	0.925	0.286
1038.000000	144	190	0.943	0.169
1044.000000	144	87	0.950	0.106
1050.000000	144	87	0.954	0.108
1056.000000	144	87	0.954	0.110
1062.000000	144	87	0.952	0.114
1068.000000	144	87	0.949	0.119
1074.000000	144	87	0.945	0.126
1080.000000	144	87	0.940	0.134
1086.000000	144	87	0.935	0.145
1092.000000	144	87	0.928	0.156
1098.000000	144	87	0.920	0.168
1104.000000	144	87	0.910	0.180
1110.000000	144	87	0.899	0.192
1116.000000	144	87	0.886	0.204
1122.000000	144	87	0.869	0.217
1128.000000	144	87	0.848	0.231
1134.000000	144	87	0.819	0.249
1140.000000	144	87	0.780	0.273
1146.000000	144	87	0.722	0.308
1152.000000	144	87	0.628	0.361
1158.000000	144	87	0.467	0.440
1164.000000	87	144	0.545	0.255
1170.000000	87	184	0.671	0.187
1176.000000	87	184	0.777	0.194
1182.000000	87	184	0.832	0.207
1188.000000	87	184	0.875	0.229
1194.000000	87	184	0.892	0.257
1200.000000	87	184	0.893	0.282
1206.000000	87	184	0.894	0.306
1212.000000	87	184	0.894	0.326
1218.000000	87	184	0.890	0.346
1224.000000	87	184	0.889	0.361
1230.000000	87	184	0.887	0.372
1236.000000	87	184	0.883	0.380
1242.000000	87	184	0.881	0.386
1248.000000	87	184	0.880	0.395
1254.000000	87	184	0.877	0.403
1260.000000	87	184	0.876	0.410
1266.000000	87	184	0.875	0.414
1272.000000	87	184	0.873	0.418
1278.000000	87	184	0.871	0.423
1284.000000	87	184	0.870	0.427
1290.000000	87	184	0.870	0.427
1296.000000	87	184	0.873	0.420
1302.000000	87	184	0.873	0.413
1308.000000	87	184	0.872	0.405
1314.000000	87	184	0.871	0.395
1320.000000	87	184	0.870	0.384
1326.000000	87	184	0.870	0.369
1332.000000	87	184	0.874	0.347
1338.000000	87	184	0.879	0.316
1344.000000	87	184	0.884	0.272
1350.000000	87	184	0.889	0.217
1356.000000	87	5	0.891	0.210
1362.000000	87	5	0.894	0.208
1368.000000	87	5	0.900	0.205
1374.000000	87	5	0.904	0.205
1380.000000	87	5	0.903	0.205
1386.000000	87	5	0.900	0.207
1392.000000	87	5	0.897	0.210
1398.000000	87	5	0.893	0.212
1404.000000	87	5	0.887	0.213
1410.000000	87	5	0.879	0.213
1416.000000	87	5	0.869	0.211
1422.000000	87	5	0.858	0.208
1428.000000	87	5	0.844	0.203
1434.000000	87	5	0.826	0.194
1440.000000	87	5	0.800	0.184
1446.000000	87	5	0.760	0.172
1452.000000	87	5	0.698	0.160
1458.000000	87	5	0.591	0.146
1464.000000	87	5	0.390	0.128
1470.000000	90	87	0.108	0.104
1476.000000	90	124	0.118	0.063
1482.000000	90	124	0.136	0.059
1488.000000	90	124	0.164	0.055
1494.000000	90	124	0.221	0.050
1500.000000	90	196	0.343	0.048
1506.000000	90	196	0.587	0.048
1512.000000	90	196	0.827	0.044
1518.000000	90	36	0.917	0.048
1524.000000	90	36	0.938	0.052
1530.000000	90	36	0.945	0.057
1536.000000	90	36	0.948	0.061
1542.000000	90	166	0.951	0.066
1548.000000	90	166	0.954	0.074
1554.000000	90	166	0.958	0.082
1560.000000	90	166	0.963	0.089
1566.000000	90	166	0.963	0.097
1572.000000	90	166	0.962	0.105
1578.000000	90	166	0.961	0.114
1584.000000	90	166	0.959	0.123
1590.000000	90	166	0.957	0.133
1596.000000	90	166	0.955	0.143
1602.000000	90	166	0.954	0.153
1608.000000	90	166	0.952	0.165
1614.000000	90	166	0.951	0.177
1620.000000	90	166	0.950	0.191
1626.000000	90	166	0.949	0.204
1632.000000	90	166	0.947	0.214
1638.000000	90	166	0.945	0.223
1644.000000	90	166	0.944	0.236
1650.000000	90	166	0.941	0.249
1656.000000	90	166	0.939	0.264
1662.000000	90	166	0.936	0.279
1668.000000	90	166	0.933	0.295
1674.000000	90	166	0.931	0.313
1680.000000	90	166	0.927	0.331
1686.000000	90	166	0.924	0.354
1692.000000	90	166	0.919	0.384
1698.000000	90	166	0.912	0.419
1704.000000	90	166	0.904	0.464
1710.000000	90	166	0.895	0.512
1716.000000	90	166	0.880	0.561
1722.000000	90	166	0.861	0.609
1728.000000	90	166	0.839	0.649
1734.000000	90	166	0.810	0.687
1740.000000	90	166	0.769	0.728
1746.000000	166	90	0.751	0.718
1752.000000	166	90	0.787	0.617
1758.000000	166	90	0.824	0.467
1764.000000	166	90	0.882	0.240
1770.000000	166	54	0.938	0.097
1776.000000	166	54	0.959	0.101
1782.000000	166	54	0.961	0.107
1788.000000	166	54	0.959	0.115
1794.000000	166	54	0.955	0.124
1800.000000	166	54	0.951	0.135
1806.000000	166	54	0.947	0.146
1812.000000	166	54	0.943	0.158
1818.000000	166	54	0.940	0.170
1824.000000	166	54	0.935	0.182
1830.000000	166	54	0.929	0.194
1836.000000	166	54	0.924	0.205
1842.000000	166	54	0.921	0.216
1848.000000	166	54	0.915	0.224
1854.000000	166	54	0.909	0.231
1860.000000	166	54	0.901	0.235
1866.000000	166	54	0.892	0.237
1872.000000	166	54	0.882	0.238
1878.000000	166	54	0.873	0.238
1884.000000	166	54	0.864	0.238
1890.000000	166	54	0.855	0.237
1896.000000	166	54	0.844	0.230
1902.000000	166	54	0.831	0.221
1908.000000	166	54	0.815	0.210
1914.000000	166	54	0.794	0.199
1920.000000	166	179	0.769	0.193
1926.000000	166	179	0.738	0.201
1932.000000	166	179	0.696	0.212
1938.000000	166	179	0.636	0.228
1944.000000	166	179	0.545	0.253
1950.000000	166	179	0.402	0.287
1956.000000	179	94	0.342	0.235
1962.000000	179	94	0.432	0.276
1968.000000	179	94	0.566	0.330
1974.000000	179	94	0.704	0.399
1980.000000	179	94	0.787	0.474
1986.000000	179	94	0.820	0.540
1992.000000	179	94	0.832	0.582
1998.000000	179	94	0.836	0.610
2004.000000	179	94	0.841	0.628
2010.000000	179	94	0.844	0.641
2016.000000	179	94	0.843	0.651
2022.000000	179	94	0.841	0.659
2028.000000	179	94	0.841	0.666
2034.000000	179	94	0.844	0.669
2040.000000	179	94	0.843	0.669
2046.000000	179	94	0.841	0.668
2052.000000	179	94	0.839	0.669
2058.000000	179	94	0.837	0.672
2064.000000	179	94	0.837	0.675
2070.000000	179	94	0.838	0.677
2076.000000	179	94	0.837	0.677
2082.000000	179	94	0.836	0.677
2088.000000	179	94	0.834	0.675
2094.000000	179	94	0.832	0.673
2100.000000	179	94	0.830	0.672
2106.000000	179	94	0.828	0.672
2112.000000	179	94	0.824	0.669
2118.000000	179	94	0.821	0.663
2124.000000	179	94	0.817	0.651
2130.000000	179	94	0.815	0.634
2136.000000	179	94	0.813	0.610
2142.000000	179	94	0.806	0.580
2148.000000	179	94	0.798	0.530
2154.000000	179	94	0.792	0.448
2160.000000	179	23	0.789	0.409
2166.000000	179	23	0.792	0.444
2172.000000	179	23	0.793	0.504
2178.000000	179	23	0.781	0.568
2184.000000	179	23	0.760	0.619
2190.000000	179	23	0.723	0.663
2196.000000	23	179	0.709	0.662
2202.000000	23	179	0.759	0.567
2208.000000	23	179	0.807	0.417
2214.000000	23	179	0.878	0.198
2220.000000	23	179	0.926	0.067
2226.000000	23	45	0.937	0.058
2232.000000	23	45	0.941	0.068
2238.000000	23	45	0.948	0.078
2244.000000	23	45	0.951	0.092
2250.000000	23	45	0.949	0.109
2256.000000	23	45	0.946	0.127
2262.000000	23	45	0.942	0.147
2268.000000	23	45	0.938	0.166
2274.000000	23	45	0.933	0.186
2280.000000	23	45	0.928	0.208
2286.000000	23	45	0.921	0.232
2292.000000	23	45	0.914	0.259
2298.000000	23	45	0.907	0.291
2304.000000	23	45	0.899	0.329
2310.000000	23	45	0.889	0.367
2316.000000	23	45	0.879	0.401
2322.000000	23	45	0.868	0.431
2328.000000	23	45	0.854	0.459
2334.000000	23	45	0.835	0.484
2340.000000	23	45	0.815	0.506
2346.000000	23	45	0.793	0.527
2352.000000	23	45	0.770	0.555
2358.000000	23	45	0.744	0.576
2364.000000	23	45	0.712	0.600
2370.000000	23	45	0.668	0.620
2376.000000	45	23	0.646	0.602
2382.000000	45	23	0.691	0.502
2388.000000	45	95	0.732	0.399
2394.000000	45	95	0.786	0.439
2400.000000	45	95	0.837	0.479
2406.000000	45	95	0.862	0.524
2412.000000	45	95	0.867	0.579
2418.000000	45	95	0.868	0.628
2424.000000	45	95	0.866	0.662
2430.000000	45	95	0.863	0.693
2436.000000	45	95	0.859	0.713
2442.000000	45	95	0.854	0.722
2448.000000	45	95	0.850	0.727
2454.000000	45	95	0.849	0.727
2460.000000	45	95	0.846	0.728
2466.000000	45	95	0.843	0.731
2472.000000	45	95	0.842	0.737
2478.000000	45	95	0.837	0.738
2484.000000	45	95	0.829	0.740
2490.000000	45	95	0.818	0.744
2496.000000	45	95	0.807	0.748
2502.000000	45	95	0.795	0.748
2508.000000	45	95	0.781	0.745
2514.000000	45	95	0.763	0.741
2520.000000	95	45	0.740	0.735
2526.000000	95	45	0.741	0.698
2532.000000	95	45	0.743	0.652
2538.000000	95	45	0.746	0.595
2544.000000	95	45	0.751	0.518
2550.000000	95	45	0.765	0.417
2556.000000	95	45	0.779	0.280
2562.000000	95	45	0.801	0.119
2568.000000	95	22	0.829	0.103
2574.000000	95	22	0.853	0.102
2580.000000	95	22	0.875	0.103
2586.000000	95	22	0.884	0.104
2592.000000	95	22	0.888	0.105
2598.000000	95	22	0.889	0.107
2604.000000	95	22	0.888	0.107
2610.000000	95	22	0.886	0.105
2616.000000	95	194	0.887	0.107
2622.000000	95	194	0.887	0.111
2628.000000	95	194	0.888	0.115
2634.000000	95	194	0.885	0.118
2640.000000	95	194	0.880	0.119
2646.000000	95	194	0.875	0.119
2652.000000	95	164	0.868	0.126
2658.000000	95	164	0.858	0.137
2664.000000	95	164	0.844	0.148
2670.000000	95	164	0.828	0.160
2676.000000	95	164	0.809	0.174
2682.000000	95	164	0.786	0.191
2688.000000	95	164	0.755	0.211
2694.000000	95	164	0.710	0.236
2700.000000	95	164	0.639	0.266
2706.000000	95	164	0.519	0.305
2712.000000	164	162	0.368	0.359
2718.000000	164	162	0.466	0.460
2724.000000	162	164	0.591	0.591
2730.000000	164	162	0.713	0.702
2736.000000	164	162	0.785	0.773
2742.000000	164	162	0.809	0.797
2748.000000	164	162	0.825	0.800
2754.000000	164	162	0.831	0.799
2760.000000	164	162	0.832	0.797
2766.000000	164	162	0.831	0.797
2772.000000	164	162	0.831	0.793
2778.000000	164	162	0.833	0.790
2784.000000	164	162	0.834	0.786
2790.000000	164	162	0.833	0.784
2796.000000	164	162	0.832	0.782
2802.000000	164	162	0.831	0.780
2808.000000	164	162	0.833	0.777
2814.000000	164	162	0.836	0.773
2820.000000	164	162	0.836	0.769
2826.000000	164	162	0.835	0.764
2832.000000	164	162	0.835	0.761
2838.000000	164	162	0.835	0.758
2844.000000	164	162	0.834	0.756
2850.000000	164	162	0.834	0.756
2856.000000	164	162	0.833	0.751
2862.000000	164	162	0.832	0.744
2868.000000	164	162	0.831	0.734
2874.000000	164	162	0.828	0.724
2880.000000	164	162	0.824	0.713
2886.000000	164	162	0.826	0.695
2892.000000	164	162	0.825	0.673
2898.000000	164	162	0.827	0.639
2904.000000	164	162	0.827	0.592
2910.000000	164	162	0.827	0.522
2916.000000	164	162	0.835	0.410
2922.000000	164	162	0.861	0.250
2928.000000	164	162	0.885	0.102
2934.000000	164	141	0.893	0.060
2940.000000	164	19	0.895	0.064
2946.000000	164	19	0.897	0.070
2952.000000	164	19	0.899	0.077
2958.000000	164	19	0.899	0.084
2964.000000	164	19	0.901	0.091
2970.000000	164	19	0.904	0.099
2976.000000	164	19	0.902	0.107
2982.000000	164	19	0.899	0.116
2988.000000	164	19	0.893	0.126
2994.000000	164	19	0.886	0.138
3000.000000	164	19	0.877	0.153
3006.000000	164	19	0.865	0.173
3012.000000	164	19	0.850	0.196
3018.000000	164	19	0.831	0.223
3024.000000	164	19	0.806	0.254
3030.000000	164	19	0.772	0.288
3036.000000	164	19	0.723	0.328
3042.000000	164	19	0.643	0.375
3048.000000	164	19	0.503	0.443
3054.000000	19	164	0.549	0.277
3060.000000	19	167	0.690	0.199
3066.000000	19	167	0.793	0.227
3072.000000	19	167	0.840	0.263
3078.000000	19	167	0.868	0.306
3084.000000	19	167	0.884	0.353
3090.000000	19	167	0.888	0.402
3096.000000	19	167	0.891	0.446
3102.000000	19	167	0.895	0.487
3108.000000	19	167	0.892	0.523
3114.000000	19	167	0.889	0.550
3120.000000	19	167	0.886	0.567
3126.000000	19	167	0.886	0.579
3132.000000	19	167	0.886	0.586
3138.000000	19	167	0.886	0.588
3144.000000	19	167	0.886	0.590
3150.000000	19	167	0.884	0.594
3156.000000	19	167	0.886	0.593
3162.000000	19	167	0.884	0.592
3168.000000	19	167	0.883	0.589
3174.000000	19	167	0.881	0.586
3180.000000	19	167	0.880	0.584
3186.000000	19	167	0.881	0.581
3192.000000	19	167	0.878	0.581
3198.000000	19	167	0.875	0.575
3204.000000	19	167	0.873	0.566
3210.000000	19	167	0.874	0.555
3216.000000	19	167	0.873	0.540
3222.000000	19	167	0.877	0.513
3228.000000	19	167	0.880	0.473
3234.000000	19	167	0.883	0.419
3240.000000	19	167	0.889	0.339
3246.000000	19	167	0.897	0.226
3252.000000	19	167	0.906	0.108
3258.000000	19	6	0.912	0.071
3264.000000	19	6	0.915	0.061
3270.000000	19	6	0.919	0.053
3276.000000	19	33	0.923	0.049
3282.000000	19	33	0.925	0.051
3288.000000	19	33	0.927	0.052
3294.000000	19	33	0.928	0.054
3300.000000	19	123	0.927	0.057
3306.000000	19	123	0.923	0.063
3312.000000	19	123	0.919	0.069
3318.000000	19	123	0.913	0.076
3324.000000	19	123	0.906	0.084
3330.000000	19	123	0.898	0.092
3336.000000	19	123	0.888	0.101
3342.000000	19	123	0.875	0.110
3348.000000	19	123	0.859	0.121
3354.000000	19	123	0.835	0.133
3360.000000	19	123	0.799	0.148
3366.000000	19	123	0.740	0.166
3372.000000	19	123	0.630	0.191
3378.000000	19	123	0.415	0.233
3384.000000	123	19	0.305	0.127
3390.000000	123	10	0.449	0.099
3396.000000	123	10	0.700	0.097
3402.000000	123	10	0.873	0.092
3408.000000	123	10	0.928	0.085
3414.000000	123	10	0.945	0.082
3420.000000	123	10	0.950	0.082
3426.000000	123	10	0.951	0.084
3432.000000	123	10	0.951	0.089
3438.000000	123	10	0.951	0.096
3444.000000	123	10	0.950	0.105
3450.000000	123	10	0.949	0.114
3456.000000	123	10	0.949	0.122
3462.000000	123	10	0.948	0.130
3468.000000	123	42	0.948	0.146
3474.000000	123	42	0.947	0.168
3480.000000	123	42	0.946	0.191
3486.000000	123	42	0.945	0.211
3492.000000	123	42	0.943	0.230
3498.000000	123	42	0.942	0.250
3504.000000	123	42	0.940	0.271
3510.000000	123	42	0.938	0.293
3516.000000	123	42	0.937	0.317
3522.000000	123	42	0.935	0.343
3528.000000	123	42	0.933	0.374
3534.000000	123	42	0.932	0.410
3540.000000	123	42	0.929	0.443
3546.000000	123	42	0.927	0.475
3552.000000	123	42	0.924	0.512
3558.000000	123	42	0.919	0.558
3564.000000	123	42	0.911	0.612
3570.000000	123	42	0.904	0.660
3576.000000	123	42	0.896	0.692
3582.000000	123	42	0.884	0.728
3588.000000	123	42	0.874	0.751
3594.000000	123	42	0.859	0.766
3600.000000	123	42	0.834	0.783
3606.000000	42	123	0.806	0.797
3612.000000	42	123	0.827	0.755
3618.000000	42	123	0.855	0.689
3624.000000	42	123	0.879	0.587
3630.000000	42	123	0.912	0.405
3636.000000	42	123	0.950	0.138
3642.000000	42	27	0.972	0.088
3648.000000	42	27	0.974	0.097
3654.000000	42	27	0.972	0.104
3660.000000	42	27	0.969	0.112
3666.000000	42	27	0.966	0.120
3672.000000	42	27	0.963	0.131
3678.000000	42	27	0.959	0.144
3684.000000	42	27	0.955	0.159
3690.000000	42	27	0.950	0.175
3696.000000	42	27	0.945	0.190
3702.000000	42	27	0.940	0.204
3708.000000	42	27	0.934	0.218
3714.000000	42	27	0.929	0.231
3720.000000	42	27	0.922	0.244
3726.000000	42	27	0.915	0.256
3732.000000	42	27	0.907	0.268
3738.000000	42	27	0.899	0.280
3744.000000	42	27	0.889	0.292
3750.000000	42	27	0.878	0.303
3756.000000	42	27	0.865	0.315
3762.000000	42	27	0.852	0.329
3768.000000	42	27	0.837	0.344
3774.000000	42	27	0.818	0.361
3780.000000	42	27	0.795	0.379
3786.000000	42	27	0.764	0.402
3792.000000	42	27	0.720	0.434
3798.000000	42	27	0.658	0.473
3804.000000	42	27	0.561	0.525
3810.000000	27	42	0.603	0.411
3816.000000	27	36	0.702	0.360
3822.000000	27	36	0.778	0.400
3828.000000	27	36	0.833	0.436
3834.000000	27	36	0.860	0.460
3840.000000	27	36	0.869	0.476
3846.000000	27	36	0.872	0.486
3852.000000	27	36	0.871	0.494
3858.000000	27	36	0.872	0.502
3864.000000	27	36	0.870	0.508
3870.000000	27	36	0.864	0.513
3876.000000	27	36	0.858	0.516
3882.000000	27	36	0.853	0.518
3888.000000	27	36	0.850	0.516
3894.000000	27	36	0.846	0.513
3900.000000	27	36	0.842	0.510
3906.000000	27	36	0.838	0.507
3912.000000	27	36	0.833	0.499
3918.000000	27	36	0.832	0.487
3924.000000	27	82	0.830	0.495
3930.000000	27	82	0.826	0.504
3936.000000	27	82	0.824	0.512
3942.000000	27	82	0.821	0.525
3948.000000	27	82	0.821	0.544
3954.000000	27	82	0.822	0.563
3960.000000	27	82	0.820	0.581
3966.000000	27	82	0.816	0.604
3972.000000	27	82	0.807	0.630
3978.000000	27	82	0.793	0.669
3984.000000	27	82	0.773	0.700
3990.000000	27	82	0.743	0.726
3996.000000	82	27	0.746	0.703
4002.000000	82	27	0.768	0.649
4008.000000	82	27	0.794	0.570
4014.000000	82	27	0.817	0.454
4020.000000	82	27	0.857	0.271
4026.000000	82	97	0.901	0.123
4032.000000	82	97	0.931	0.124
4038.000000	82	97	0.939	0.125
4044.000000	82	97	0.941	0.129
4050.000000	82	97	0.939	0.133
4056.000000	82	97	0.936	0.137
4062.000000	82	97	0.933	0.138
4068.000000	82	18	0.928	0.139
4074.000000	82	18	0.924	0.140
4080.000000	82	18	0.918	0.141
4086.000000	82	18	0.913	0.141
4092.000000	82	18	0.908	0.140
4098.000000	82	18	0.903	0.136
4104.000000	82	191	0.896	0.133
4110.000000	82	191	0.888	0.140
4116.000000	82	191	0.879	0.148
4122.000000	82	191	0.867	0.157
4128.000000	82	191	0.853	0.169
4134.000000	82	191	0.836	0.181
4140.000000	82	191	0.816	0.195
4146.000000	82	191	0.793	0.213
4152.000000	82	191	0.764	0.235
4158.000000	82	191	0.726	0.260
4164.000000	82	191	0.674	0.289
4170.000000	82	191	0.600	0.330
4176.000000	82	191	0.505	0.383
4182.000000	191	82	0.451	0.376
4188.000000	191	82	0.527	0.220
4194.000000	191	148	0.612	0.198
4200.000000	191	148	0.689	0.213
4206.000000	191	148	0.759	0.231
4212.000000	191	148	0.802	0.257
4218.000000	191	148	0.827	0.289
4224.000000	191	148	0.837	0.327
4230.000000	191	148	0.844	0.363
4236.000000	191	148	0.850	0.397
4242.000000	191	148	0.855	0.424
4248.000000	191	148	0.857	0.444
4254.000000	191	148	0.860	0.457
4260.000000	191	148	0.866	0.467
4266.000000	191	148	0.872	0.479
4272.000000	191	148	0.874	0.490
4278.000000	191	148	0.874	0.500
4284.000000	191	148	0.873	0.511
4290.000000	191	148	0.875	0.521
4296.000000	191	148	0.874	0.532
4302.000000	191	148	0.871	0.541
4308.000000	191	148	0.866	0.558
4314.000000	191	148	0.862	0.576
4320.000000	191	148	0.858	0.591
4326.000000	191	148	0.853	0.605
4332.000000	191	148	0.848	0.617
4338.000000	191	148	0.843	0.622
4344.000000	191	148	0.838	0.628
4350.000000	191	148	0.831	0.636
4356.000000	191	148	0.823	0.646
4362.000000	191	148	0.812	0.655
4368.000000	191	148	0.799	0.662
4374.000000	191	148	0.785	0.666
4380.000000	191	148	0.766	0.675
4386.000000	191	148	0.740	0.685
4392.000000	191	148	0.708	0.689
4398.000000	148	191	0.700	0.657
4404.000000	148	191	0.716	0.582
4410.000000	148	191	0.733	0.467
4416.000000	148	191	0.768	0.286
4422.000000	148	106	0.838	0.115
4428.000000	148	106	0.892	0.103
4434.000000	148	106	0.920	0.099
4440.000000	148	106	0.932	0.094
4446.000000	148	106	0.941	0.089
4452.000000	148	106	0.947	0.083
4458.000000	148	106	0.949	0.076
4464.000000	148	9	0.949	0.084
4470.000000	148	9	0.946	0.091
4476.000000	148	9	0.943	0.097
4482.000000	148	9	0.939	0.101
4488.000000	148	9	0.934	0.106
4494.000000	148	161	0.929	0.112
4500.000000	148	161	0.922	0.125
4506.000000	148	161	0.915	0.139
4512.000000	148	161	0.907	0.153
4518.000000	148	161	0.899	0.166
4524.000000	148	161	0.890	0.179
4530.000000	148	161	0.878	0.193
4536.000000	148	161	0.864	0.206
4542.000000	148	161	0.846	0.221
4548.000000	148	161	0.821	0.238
4554.000000	148	161	0.787	0.262
4560.000000	148	161	0.739	0.295
4566.000000	148	161	0.669	0.341
4572.000000	148	161	0.566	0.406
4578.000000	161	148	0.503	0.395
4584.000000	161	148	0.662	0.172
4590.000000	161	9	0.840	0.111
4596.000000	161	9	0.926	0.089
4602.000000	161	34	0.954	0.083
4608.000000	161	34	0.965	0.084
4614.000000	161	34	0.966	0.087
4620.000000	161	34	0.965	0.091
4626.000000	161	34	0.964	0.094
4632.000000	161	34	0.963	0.097
4638.000000	161	34	0.962	0.098
4644.000000	161	83	0.960	0.099
4650.000000	161	83	0.959	0.104
4656.000000	161	83	0.958	0.108
4662.000000	161	83	0.956	0.111
4668.000000	161	83	0.955	0.113
4674.000000	161	83	0.954	0.115
4680.000000	161	83	0.953	0.115
4686.000000	161	83	0.952	0.114
4692.000000	161	123	0.951	0.116
4698.000000	161	123	0.950	0.119
4704.000000	161	123	0.949	0.123
4710.000000	161	123	0.948	0.126
4716.000000	161	123	0.948	0.128
4722.000000	161	123	0.947	0.130
4728.000000	161	123	0.947	0.130
4734.000000	161	123	0.950	0.128
4740.000000	161	123	0.950	0.124
4746.000000	161	123	0.950	0.118
4752.000000	161	84	0.950	0.118
4758.000000	161	84	0.951	0.118
4764.000000	161	84	0.951	0.116
4770.000000	161	84	0.950	0.111
4776.000000	161	84	0.949	0.103
4782.000000	161	169	0.948	0.094
4788.000000	161	169	0.946	0.084
4794.000000	161	84	0.944	0.073
4800.000000	161	118	0.941	0.068
4806.000000	161	118	0.938	0.068
4812.000000	161	118	0.935	0.067
4818.000000	161	118	0.931	0.066
4824.000000	161	118	0.927	0.063
4830.000000	161	118	0.922	0.061
4836.000000	161	118	0.916	0.057
4842.000000	161	118	0.908	0.053
4848.000000	161	118	0.897	0.048
4854.000000	161	11	0.884	0.045
4860.000000	161	11	0.864	0.043
4866.000000	161	11	0.837	0.041
4872.000000	161	11	0.794	0.038
4878.000000	161	11	0.722	0.034
4884.000000	161	11	0.587	0.027
4890.000000	161	98	0.305	0.019
4896.000000	161	45	0.017	0.007
4902.000000	45	74	0.004	0.002
