0.000000	125	102	0.000	0.000
6.000000	151	49	0.986	0.055
12.000000	151	49	0.985	0.059
18.000000	151	49	0.984	0.063
24.000000	151	49	0.983	0.068
30.000000	151	49	0.981	0.074
36.000000	151	49	0.979	0.079
42.000000	151	49	0.977	0.085
48.000000	151	49	0.975	0.091
54.000000	151	49	0.973	0.098
60.000000	151	49	0.970	0.105
66.000000	151	49	0.968	0.112
72.000000	151	49	0.966	0.121
78.000000	151	49	0.963	0.131
84.000000	151	49	0.960	0.140
90.000000	151	49	0.958	0.149
96.000000	151	49	0.955	0.156
102.000000	151	113	0.953	0.164
108.000000	151	113	0.951	0.179
114.000000	151	113	0.948	0.195
120.000000	151	113	0.946	0.213
126.000000	151	113	0.944	0.232
132.000000	151	113	0.942	0.251
138.000000	151	113	0.939	0.270
144.000000	151	113	0.937	0.287
150.000000	151	113	0.934	0.300
156.000000	151	113	0.932	0.314
162.000000	151	113	0.930	0.328
168.000000	151	113	0.928	0.340
174.000000	151	113	0.926	0.356
180.000000	151	113	0.923	0.386
186.000000	151	113	0.919	0.426
192.000000	151	113	0.910	0.475
198.000000	151	113	0.903	0.514
204.000000	151	113	0.895	0.557
210.000000	151	113	0.884	0.600
216.000000	151	113	0.869	0.636
222.000000	151	113	0.851	0.665
228.000000	151	113	0.830	0.697
234.000000	151	113	0.805	0.736
240.000000	113	151	0.770	0.769
246.000000	113	151	0.801	0.719
252.000000	113	151	0.831	0.638
258.000000	113	151	0.862	0.508
264.000000	113	151	0.906	0.281
270.000000	113	89	0.958	0.079
276.000000	113	89	0.968	0.078
282.000000	113	89	0.968	0.076
288.000000	113	59	0.967	0.077
294.000000	113	59	0.965	0.081
300.000000	113	59	0.961	0.085
306.000000	113	59	0.957	0.090
312.000000	113	59	0.953	0.093
318.000000	113	59	0.947	0.094
324.000000	113	150	0.941	0.095
330.000000	113	150	0.935	0.105
336.000000	113	150	0.928	0.113
342.000000	113	150	0.922	0.119
348.000000	113	150	0.916	0.124
354.000000	113	50	0.910	0.132
360.000000	113	50	0.904	0.144
366.000000	113	50	0.898	0.158
372.000000	113	50	0.892	0.173
378.000000	113	50	0.885	0.190
384.000000	113	50	0.876	0.208
390.000000	113	50	0.866	0.228
396.000000	113	50	0.854	0.249
402.000000	113	50	0.839	0.271
408.000000	113	50	0.819	0.296
414.000000	113	50	0.793	0.327
420.000000	113	50	0.759	0.360
426.000000	113	50	0.711	0.404
432.000000	113	50	0.648	0.455
438.000000	113	50	0.551	0.512
444.000000	50	113	0.589	0.407
450.000000	50	53	0.685	0.380
456.000000	50	53	0.780	0.430
462.000000	50	53	0.837	0.482
468.000000	50	53	0.861	0.524
474.000000	50	53	0.871	0.556
480.000000	50	53	0.876	0.580
486.000000	50	53	0.877	0.600
492.000000	50	53	0.873	0.617
498.000000	50	53	0.872	0.629
504.000000	50	53	0.870	0.638
510.000000	50	53	0.869	0.644
516.000000	50	53	0.862	0.649
522.000000	50	53	0.858	0.649
528.000000	50	53	0.853	0.656
534.000000	50	53	0.849	0.662
540.000000	50	53	0.845	0.661
546.000000	50	53	0.841	0.659
552.000000	50	53	0.835	0.659
558.000000	50	53	0.830	0.656
564.000000	50	53	0.827	0.650
570.000000	50	53	0.823	0.644
576.000000	50	53	0.819	0.635
582.000000	50	53	0.815	0.623
588.000000	50	53	0.808	0.609
594.000000	50	53	0.803	0.588
600.000000	50	53	0.799	0.560
606.000000	50	53	0.792	0.521
612.000000	50	53	0.787	0.463
618.000000	50	53	0.784	0.380
624.000000	50	53	0.781	0.271
630.000000	50	53	0.777	0.152
636.000000	50	8	0.776	0.077
642.000000	50	173	0.773	0.084
648.000000	50	173	0.767	0.090
654.000000	50	173	0.758	0.096
660.000000	50	173	0.744	0.104
666.000000	50	173	0.725	0.114
672.000000	50	173	0.699	0.127
678.000000	50	173	0.660	0.143
684.000000	50	173	0.600	0.162
690.000000	50	173	0.506	0.185
696.000000	50	8	0.361	0.219
702.000000	8	173	0.273	0.242
708.000000	8	173	0.360	0.278
714.000000	8	173	0.480	0.332
720.000000	8	173	0.597	0.402
726.000000	8	173	0.673	0.479
732.000000	8	173	0.718	0.540
738.000000	8	173	0.743	0.578
744.000000	8	173	0.755	0.605
750.000000	8	173	0.761	0.623
756.000000	8	173	0.764	0.635
762.000000	8	173	0.766	0.646
768.000000	8	173	0.768	0.655
774.000000	8	173	0.773	0.657
780.000000	8	173	0.776	0.658
786.000000	8	173	0.778	0.658
792.000000	8	173	0.777	0.658
798.000000	8	173	0.776	0.662
804.000000	8	173	0.775	0.668
810.000000	8	173	0.775	0.674
816.000000	8	173	0.773	0.679
822.000000	8	173	0.771	0.684
828.000000	8	173	0.768	0.687
834.000000	8	173	0.768	0.684
840.000000	8	173	0.771	0.679
846.000000	8	173	0.775	0.681
852.000000	8	173	0.776	0.685
858.000000	8	173	0.776	0.681
864.000000	8	173	0.776	0.678
870.000000	8	173	0.776	0.671
876.000000	8	173	0.781	0.656
882.000000	8	173	0.781	0.636
888.000000	8	173	0.779	0.610
894.000000	8	173	0.775	0.577
900.000000	8	173	0.776	0.528
906.000000	8	173	0.778	0.465
912.000000	8	173	0.789	0.377
918.000000	8	173	0.807	0.267
924.000000	8	173	0.824	0.147
930.000000	8	39	0.847	0.095
936.000000	8	39	0.868	0.098
942.000000	8	39	0.882	0.100
948.000000	8	39	0.896	0.101
954.000000	8	39	0.910	0.102
960.000000	8	39	0.917	0.105
966.000000	8	39	0.921	0.108
972.000000	8	39	0.922	0.111
978.000000	8	39	0.921	0.114
984.000000	8	39	0.920	0.116
990.000000	8	39	0.917	0.118
996.000000	8	39	0.914	0.121
1002.000000	8	39	0.909	0.123
1008.000000	8	39	0.902	0.126
1014.000000	8	39	0.893	0.129
1020.000000	8	39	0.882	0.131
1026.000000	8	39	0.872	0.133
1032.000000	8	39	0.857	0.137
1038.000000	8	39	0.838	0.141
1044.000000	8	156	0.813	0.150
1050.000000	8	156	0.780	0.160
1056.000000	8	156	0.732	0.170
1062.000000	8	156	0.658	0.182
1068.000000	8	156	0.531	0.202
1074.000000	8	156	0.321	0.231
1080.000000	156	39	0.268	0.217
1086.000000	156	39	0.322	0.239
1092.000000	156	168	0.401	0.268
1098.000000	156	168	0.494	0.315
1104.000000	156	168	0.579	0.358
1110.000000	156	39	0.646	0.406
1116.000000	156	39	0.684	0.442
1122.000000	156	39	0.707	0.469
1128.000000	156	39	0.723	0.488
1134.000000	156	39	0.731	0.502
1140.000000	156	39	0.734	0.512
1146.000000	156	39	0.738	0.512
1152.000000	156	168	0.740	0.521
1158.000000	156	168	0.739	0.526
1164.000000	156	168	0.738	0.530
1170.000000	156	168	0.737	0.532
1176.000000	156	168	0.737	0.536
1182.000000	156	168	0.737	0.535
1188.000000	156	168	0.735	0.532
1194.000000	156	39	0.735	0.534
1200.000000	156	39	0.737	0.536
1206.000000	156	39	0.738	0.538
1212.000000	156	39	0.742	0.541
1218.000000	156	39	0.745	0.551
1224.000000	156	39	0.754	0.562
1230.000000	156	39	0.759	0.575
1236.000000	156	39	0.764	0.586
1242.000000	156	39	0.774	0.597
1248.000000	156	39	0.792	0.604
1254.000000	156	39	0.816	0.617
1260.000000	156	39	0.835	0.635
1266.000000	156	39	0.849	0.648
1272.000000	156	39	0.862	0.654
1278.000000	156	39	0.871	0.656
1284.000000	156	39	0.876	0.654
1290.000000	156	39	0.875	0.652
1296.000000	156	39	0.876	0.645
1302.000000	156	39	0.876	0.631
1308.000000	156	39	0.874	0.614
1314.000000	156	39	0.871	0.589
1320.000000	156	39	0.871	0.553
1326.000000	156	39	0.872	0.501
1332.000000	156	39	0.876	0.427
1338.000000	156	39	0.877	0.335
1344.000000	156	39	0.878	0.226
1350.000000	156	172	0.879	0.131
1356.000000	156	172	0.880	0.136
1362.000000	156	172	0.876	0.142
1368.000000	156	172	0.869	0.150
1374.000000	156	172	0.855	0.161
1380.000000	156	172	0.836	0.178
1386.000000	156	172	0.810	0.201
1392.000000	156	172	0.774	0.232
1398.000000	156	172	0.723	0.272
1404.000000	156	172	0.644	0.329
1410.000000	156	172	0.515	0.405
1416.000000	172	156	0.502	0.317
1422.000000	172	116	0.623	0.150
1428.000000	172	116	0.745	0.149
1434.000000	172	116	0.812	0.151
1440.000000	172	116	0.848	0.157
1446.000000	172	116	0.870	0.166
1452.000000	172	116	0.885	0.176
1458.000000	172	116	0.892	0.186
1464.000000	172	116	0.890	0.198
1470.000000	172	116	0.888	0.208
1476.000000	172	83	0.888	0.223
1482.000000	172	83	0.892	0.249
1488.000000	172	83	0.891	0.272
1494.000000	172	83	0.890	0.294
1500.000000	172	83	0.891	0.315
1506.000000	172	83	0.896	0.334
1512.000000	172	83	0.898	0.349
1518.000000	172	83	0.899	0.367
1524.000000	172	83	0.897	0.388
1530.000000	172	83	0.895	0.408
1536.000000	172	83	0.895	0.429
1542.000000	172	83	0.895	0.453
1548.000000	172	83	0.894	0.482
1554.000000	172	83	0.894	0.511
1560.000000	172	83	0.892	0.549
1566.000000	172	83	0.890	0.592
1572.000000	172	83	0.888	0.631
1578.000000	172	83	0.883	0.661
1584.000000	172	83	0.876	0.685
1590.000000	172	83	0.868	0.701
1596.000000	172	83	0.856	0.715
1602.000000	172	83	0.842	0.733
1608.000000	172	83	0.827	0.745
1614.000000	172	83	0.810	0.759
1620.000000	172	83	0.787	0.777
1626.000000	83	172	0.792	0.756
1632.000000	83	172	0.807	0.712
1638.000000	83	172	0.829	0.643
1644.000000	83	172	0.848	0.551
1650.000000	83	172	0.870	0.418
1656.000000	83	192	0.906	0.226
1662.000000	83	192	0.945	0.237
1668.000000	83	192	0.952	0.253
1674.000000	83	192	0.950	0.275
1680.000000	83	192	0.945	0.304
1686.000000	83	192	0.940	0.337
1692.000000	83	192	0.934	0.370
1698.000000	83	192	0.926	0.405
1704.000000	83	192	0.917	0.439
1710.000000	83	192	0.905	0.473
1716.000000	83	192	0.894	0.504
1722.000000	83	192	0.882	0.536
1728.000000	83	192	0.868	0.570
1734.000000	83	192	0.856	0.597
1740.000000	83	192	0.841	0.618
1746.000000	83	192	0.819	0.640
1752.000000	83	192	0.792	0.663
1758.000000	83	192	0.761	0.682
1764.000000	83	192	0.724	0.702
1770.000000	192	83	0.725	0.674
1776.000000	192	83	0.751	0.599
1782.000000	192	83	0.784	0.483
1788.000000	192	83	0.822	0.321
1794.000000	192	82	0.860	0.178
1800.000000	192	82	0.907	0.178
1806.000000	192	82	0.927	0.177
1812.000000	192	82	0.937	0.178
1818.000000	192	82	0.943	0.177
1824.000000	192	82	0.947	0.177
1830.000000	192	82	0.950	0.175
1836.000000	192	82	0.952	0.174
1842.000000	192	82	0.953	0.173
1848.000000	192	82	0.954	0.171
1854.000000	192	82	0.953	0.169
1860.000000	192	82	0.951	0.168
1866.000000	192	82	0.948	0.165
1872.000000	192	82	0.946	0.158
1878.000000	192	157	0.943	0.164
1884.000000	192	157	0.940	0.179
1890.000000	192	157	0.936	0.192
1896.000000	192	157	0.932	0.205
1902.000000	192	157	0.927	0.216
1908.000000	192	157	0.922	0.227
1914.000000	192	157	0.916	0.238
1920.000000	192	157	0.909	0.252
1926.000000	192	157	0.900	0.273
1932.000000	192	157	0.889	0.300
1938.000000	192	157	0.875	0.330
1944.000000	192	157	0.856	0.363
1950.000000	192	157	0.832	0.396
1956.000000	192	157	0.798	0.439
1962.000000	192	157	0.751	0.496
1968.000000	192	157	0.680	0.553
1974.000000	157	192	0.617	0.567
1980.000000	157	192	0.697	0.379
1986.000000	157	189	0.798	0.214
1992.000000	157	189	0.856	0.236
1998.000000	157	189	0.894	0.261
2004.000000	157	189	0.913	0.284
2010.000000	157	189	0.920	0.311
2016.000000	157	189	0.923	0.343
2022.000000	157	189	0.921	0.381
2028.000000	157	189	0.922	0.425
2034.000000	157	189	0.921	0.467
2040.000000	157	189	0.918	0.501
2046.000000	157	189	0.914	0.532
2052.000000	157	189	0.911	0.555
2058.000000	157	189	0.908	0.570
2064.000000	157	189	0.907	0.585
2070.000000	157	189	0.904	0.605
2076.000000	157	189	0.901	0.621
2082.000000	157	189	0.896	0.631
2088.000000	157	189	0.891	0.642
2094.000000	157	189	0.885	0.653
2100.000000	157	189	0.881	0.664
2106.000000	157	189	0.877	0.677
2112.000000	157	189	0.872	0.687
2118.000000	157	189	0.865	0.698
2124.000000	157	189	0.859	0.708
2130.000000	157	189	0.851	0.713
2136.000000	157	189	0.842	0.717
2142.000000	157	189	0.831	0.721
2148.000000	157	189	0.818	0.727
2154.000000	157	189	0.801	0.738
2160.000000	157	189	0.777	0.749
2166.000000	189	157	0.763	0.746
2172.000000	189	157	0.778	0.703
2178.000000	189	157	0.792	0.638
2184.000000	189	157	0.813	0.530
2190.000000	189	157	0.850	0.349
2196.000000	189	157	0.914	0.117
2202.000000	189	130	0.957	0.086
2208.000000	189	130	0.965	0.083
2214.000000	189	130	0.966	0.080
2220.000000	189	130	0.965	0.077
2226.000000	189	130	0.963	0.076
2232.000000	189	130	0.961	0.075
2238.000000	189	130	0.958	0.074
2244.000000	189	130	0.954	0.074
2250.000000	189	130	0.950	0.072
2256.000000	189	130	0.946	0.070
2262.000000	189	130	0.941	0.068
2268.000000	189	173	0.934	0.070
2274.000000	189	173	0.927	0.073
2280.000000	189	173	0.918	0.076
2286.000000	189	173	0.908	0.079
2292.000000	189	169	0.896	0.087
2298.000000	189	169	0.883	0.097
2304.000000	189	169	0.867	0.106
2310.000000	189	169	0.848	0.115
2316.000000	189	169	0.822	0.124
2322.000000	189	169	0.786	0.133
2328.000000	189	169	0.732	0.143
2334.000000	189	169	0.652	0.155
2340.000000	189	169	0.535	0.171
2346.000000	189	169	0.365	0.192
2352.000000	169	189	0.224	0.161
2358.000000	169	171	0.282	0.143
2364.000000	169	93	0.380	0.156
2370.000000	169	93	0.531	0.182
2376.000000	169	93	0.687	0.215
2382.000000	169	93	0.768	0.253
2388.000000	169	93	0.802	0.290
2394.000000	169	93	0.825	0.323
2400.000000	169	93	0.837	0.354
2406.000000	169	93	0.848	0.380
2412.000000	169	93	0.852	0.400
2418.000000	169	93	0.857	0.416
2424.000000	169	93	0.860	0.430
2430.000000	169	93	0.862	0.444
2436.000000	169	93	0.867	0.461
2442.000000	169	93	0.873	0.476
2448.000000	169	93	0.876	0.491
2454.000000	169	93	0.876	0.510
2460.000000	169	93	0.879	0.530
2466.000000	169	93	0.882	0.551
2472.000000	169	93	0.886	0.578
2478.000000	169	93	0.888	0.600
2484.000000	169	93	0.889	0.617
2490.000000	169	93	0.889	0.630
2496.000000	169	93	0.890	0.641
2502.000000	169	93	0.892	0.655
2508.000000	169	93	0.891	0.665
2514.000000	169	93	0.889	0.671
2520.000000	169	93	0.885	0.678
2526.000000	169	93	0.882	0.680
2532.000000	169	93	0.878	0.682
2538.000000	169	93	0.874	0.683
2544.000000	169	93	0.869	0.686
2550.000000	169	93	0.859	0.693
2556.000000	169	93	0.849	0.695
2562.000000	169	93	0.836	0.693
2568.000000	169	93	0.819	0.689
2574.000000	169	93	0.801	0.681
2580.000000	169	93	0.774	0.677
2586.000000	169	93	0.741	0.669
2592.000000	169	93	0.700	0.660
2598.000000	93	169	0.649	0.644
2604.000000	93	169	0.644	0.554
2610.000000	93	169	0.656	0.416
2616.000000	93	169	0.685	0.223
2622.000000	93	40	0.720	0.122
2628.000000	93	40	0.744	0.120
2634.000000	93	40	0.757	0.119
2640.000000	93	40	0.771	0.118
2646.000000	93	40	0.781	0.119
2652.000000	93	40	0.790	0.119
2658.000000	93	40	0.796	0.121
2664.000000	93	40	0.800	0.125
2670.000000	93	40	0.802	0.131
2676.000000	93	40	0.802	0.139
2682.000000	93	40	0.798	0.147
2688.000000	93	40	0.792	0.153
2694.000000	93	40	0.784	0.156
2700.000000	93	40	0.773	0.157
2706.000000	93	40	0.759	0.157
2712.000000	93	199	0.739	0.159
2718.000000	93	199	0.712	0.181
2724.000000	93	199	0.675	0.207
2730.000000	93	199	0.623	0.239
2736.000000	93	199	0.547	0.281
2742.000000	93	199	0.431	0.336
2748.000000	199	93	0.405	0.277
2754.000000	199	66	0.489	0.156
2760.000000	199	66	0.590	0.167
2766.000000	199	66	0.689	0.180
2772.000000	199	66	0.761	0.190
2778.000000	199	66	0.805	0.199
2784.000000	199	66	0.832	0.210
2790.000000	199	66	0.842	0.228
2796.000000	199	66	0.860	0.243
2802.000000	199	66	0.874	0.256
2808.000000	199	66	0.882	0.272
2814.000000	199	66	0.894	0.283
2820.000000	199	66	0.902	0.296
2826.000000	199	66	0.906	0.307
2832.000000	199	66	0.910	0.322
2838.000000	199	66	0.913	0.339
2844.000000	199	66	0.917	0.362
2850.000000	199	66	0.921	0.390
2856.000000	199	66	0.930	0.413
2862.000000	199	66	0.933	0.432
2868.000000	199	66	0.933	0.450
2874.000000	199	66	0.933	0.472
2880.000000	199	66	0.932	0.496
2886.000000	199	66	0.930	0.522
2892.000000	199	66	0.928	0.549
2898.000000	199	66	0.925	0.572
2904.000000	199	66	0.920	0.597
2910.000000	199	66	0.914	0.617
2916.000000	199	66	0.905	0.640
2922.000000	199	66	0.895	0.662
2928.000000	199	66	0.885	0.677
2934.000000	199	66	0.873	0.690
2940.000000	199	66	0.860	0.699
2946.000000	199	66	0.844	0.709
2952.000000	199	66	0.826	0.718
2958.000000	199	66	0.799	0.736
2964.000000	199	66	0.771	0.749
2970.000000	66	199	0.761	0.736
2976.000000	66	199	0.775	0.689
2982.000000	66	199	0.796	0.611
2988.000000	66	199	0.823	0.486
2994.000000	66	199	0.871	0.281
3000.000000	66	199	0.932	0.076
3006.000000	66	39	0.959	0.072
3012.000000	66	39	0.966	0.077
3018.000000	66	39	0.965	0.082
3024.000000	66	39	0.962	0.088
3030.000000	66	39	0.959	0.094
3036.000000	66	39	0.954	0.099
3042.000000	66	39	0.948	0.105
3048.000000	66	39	0.941	0.111
3054.000000	66	39	0.935	0.119
3060.000000	66	118	0.928	0.129
3066.000000	66	118	0.921	0.143
3072.000000	66	118	0.914	0.157
3078.000000	66	118	0.906	0.172
3084.000000	66	118	0.896	0.186
3090.000000	66	118	0.886	0.201
3096.000000	66	118	0.872	0.217
3102.000000	66	118	0.856	0.234
3108.000000	66	118	0.833	0.250
3114.000000	66	118	0.802	0.268
3120.000000	66	118	0.758	0.291
3126.000000	66	118	0.700	0.318
3132.000000	66	118	0.627	0.350
3138.000000	66	118	0.538	0.392
3144.000000	118	66	0.451	0.416
3150.000000	118	66	0.521	0.259
3156.000000	118	39	0.602	0.235
3162.000000	118	39	0.688	0.253
3168.000000	118	39	0.761	0.275
3174.000000	118	39	0.806	0.301
3180.000000	118	39	0.831	0.330
3186.000000	118	39	0.851	0.356
3192.000000	118	39	0.868	0.375
3198.000000	118	39	0.878	0.394
3204.000000	118	39	0.878	0.408
3210.000000	118	39	0.876	0.418
3216.000000	118	39	0.876	0.425
3222.000000	118	39	0.881	0.431
3228.000000	118	39	0.883	0.439
3234.000000	118	39	0.881	0.448
3240.000000	118	39	0.881	0.455
3246.000000	118	39	0.881	0.463
3252.000000	118	39	0.880	0.471
3258.000000	118	39	0.883	0.480
3264.000000	118	39	0.885	0.491
3270.000000	118	39	0.887	0.498
3276.000000	118	39	0.887	0.505
3282.000000	118	39	0.888	0.515
3288.000000	118	39	0.884	0.528
3294.000000	118	39	0.879	0.537
3300.000000	118	39	0.872	0.546
3306.000000	118	39	0.863	0.553
3312.000000	118	39	0.852	0.559
3318.000000	118	39	0.839	0.564
3324.000000	118	39	0.826	0.565
3330.000000	118	39	0.810	0.562
3336.000000	118	39	0.790	0.557
3342.000000	118	39	0.767	0.549
3348.000000	118	39	0.736	0.537
3354.000000	118	39	0.695	0.514
3360.000000	118	39	0.631	0.485
3366.000000	118	39	0.533	0.453
3372.000000	39	118	0.411	0.388
3378.000000	88	39	0.404	0.364
3384.000000	88	39	0.509	0.318
3390.000000	88	39	0.657	0.256
3396.000000	88	39	0.794	0.189
3402.000000	88	39	0.881	0.136
3408.000000	88	39	0.920	0.096
3414.000000	88	139	0.937	0.091
3420.000000	88	139	0.949	0.099
3426.000000	88	139	0.952	0.109
3432.000000	88	139	0.952	0.122
3438.000000	88	139	0.952	0.137
3444.000000	88	139	0.951	0.152
3450.000000	88	139	0.949	0.168
3456.000000	88	139	0.947	0.185
3462.000000	88	139	0.945	0.203
3468.000000	88	139	0.946	0.218
3474.000000	88	139	0.943	0.238
3480.000000	88	139	0.941	0.258
3486.000000	88	139	0.938	0.280
3492.000000	88	139	0.935	0.305
3498.000000	88	139	0.931	0.331
3504.000000	88	139	0.928	0.361
3510.000000	88	139	0.925	0.398
3516.000000	88	139	0.921	0.435
3522.000000	88	139	0.918	0.467
3528.000000	88	139	0.914	0.497
3534.000000	88	139	0.909	0.528
3540.000000	88	139	0.904	0.560
3546.000000	88	139	0.899	0.588
3552.000000	88	139	0.893	0.620
3558.000000	88	139	0.885	0.652
3564.000000	88	139	0.873	0.684
3570.000000	88	139	0.862	0.702
3576.000000	88	139	0.849	0.715
3582.000000	88	139	0.831	0.728
3588.000000	88	139	0.804	0.744
3594.000000	88	139	0.765	0.765
3600.000000	139	88	0.799	0.701
3606.000000	139	88	0.828	0.610
3612.000000	139	88	0.864	0.456
3618.000000	139	88	0.927	0.199
3624.000000	139	41	0.971	0.077
3630.000000	139	41	0.975	0.081
3636.000000	139	41	0.974	0.086
3642.000000	139	41	0.971	0.092
3648.000000	139	41	0.968	0.098
3654.000000	139	41	0.964	0.103
3660.000000	139	41	0.961	0.109
3666.000000	139	41	0.957	0.115
3672.000000	139	41	0.953	0.122
3678.000000	139	41	0.948	0.128
3684.000000	139	41	0.944	0.133
3690.000000	139	41	0.938	0.136
3696.000000	139	41	0.933	0.138
3702.000000	139	42	0.927	0.141
3708.000000	139	42	0.921	0.149
3714.000000	139	42	0.916	0.157
3720.000000	139	42	0.909	0.165
3726.000000	139	42	0.903	0.173
3732.000000	139	42	0.895	0.181
3738.000000	139	42	0.886	0.190
3744.000000	139	42	0.874	0.199
3750.000000	139	42	0.861	0.209
3756.000000	139	42	0.844	0.219
3762.000000	139	42	0.822	0.232
3768.000000	139	42	0.795	0.248
3774.000000	139	42	0.758	0.270
3780.000000	139	42	0.701	0.299
3786.000000	139	42	0.608	0.348
3792.000000	139	42	0.476	0.412
3798.000000	42	143	0.499	0.373
3804.000000	42	143	0.609	0.441
3810.000000	42	143	0.713	0.522
3816.000000	42	143	0.786	0.598
3822.000000	42	143	0.824	0.656
3828.000000	42	143	0.841	0.690
3834.000000	42	143	0.845	0.707
3840.000000	42	143	0.847	0.717
3846.000000	42	143	0.846	0.722
3852.000000	42	143	0.844	0.724
3858.000000	42	143	0.847	0.729
3864.000000	42	143	0.847	0.733
3870.000000	42	143	0.846	0.734
3876.000000	42	143	0.844	0.737
3882.000000	42	143	0.842	0.737
3888.000000	42	143	0.841	0.737
3894.000000	42	143	0.839	0.736
3900.000000	42	143	0.838	0.735
3906.000000	42	143	0.837	0.732
3912.000000	42	143	0.839	0.732
3918.000000	42	143	0.837	0.732
3924.000000	42	143	0.839	0.728
3930.000000	42	143	0.837	0.726
3936.000000	42	143	0.834	0.722
3942.000000	42	143	0.830	0.718
3948.000000	42	143	0.827	0.713
3954.000000	42	143	0.823	0.707
3960.000000	42	143	0.818	0.699
3966.000000	42	143	0.812	0.685
3972.000000	42	143	0.808	0.663
3978.000000	42	143	0.800	0.638
3984.000000	42	143	0.790	0.604
3990.000000	42	143	0.783	0.550
3996.000000	42	143	0.782	0.458
4002.000000	42	143	0.787	0.315
4008.000000	42	143	0.804	0.141
4014.000000	42	73	0.824	0.060
4020.000000	42	61	0.838	0.059
4026.000000	42	77	0.851	0.059
4032.000000	42	77	0.863	0.065
4038.000000	42	77	0.874	0.071
4044.000000	42	77	0.882	0.078
4050.000000	42	77	0.888	0.085
4056.000000	42	77	0.891	0.093
4062.000000	42	77	0.892	0.101
4068.000000	42	77	0.891	0.109
4074.000000	42	77	0.888	0.118
4080.000000	42	77	0.883	0.129
4086.000000	42	77	0.877	0.142
4092.000000	42	77	0.869	0.157
4098.000000	42	77	0.858	0.176
4104.000000	42	77	0.843	0.198
4110.000000	42	77	0.821	0.223
4116.000000	42	77	0.790	0.253
4122.000000	42	77	0.742	0.288
4128.000000	42	77	0.660	0.336
4134.000000	42	77	0.513	0.408
4140.000000	77	42	0.521	0.277
4146.000000	77	72	0.666	0.248
4152.000000	77	72	0.799	0.275
4158.000000	77	72	0.855	0.318
4164.000000	77	72	0.879	0.368
4170.000000	77	72	0.884	0.433
4176.000000	77	72	0.882	0.496
4182.000000	77	72	0.882	0.540
4188.000000	77	72	0.884	0.576
4194.000000	77	72	0.886	0.600
4200.000000	77	72	0.882	0.617
4206.000000	77	72	0.877	0.629
4212.000000	77	72	0.873	0.636
4218.000000	77	72	0.871	0.640
4224.000000	77	72	0.869	0.644
4230.000000	77	72	0.869	0.646
4236.000000	77	72	0.867	0.648
4242.000000	77	72	0.869	0.650
4248.000000	77	72	0.867	0.650
4254.000000	77	72	0.865	0.653
4260.000000	77	72	0.862	0.655
4266.000000	77	72	0.859	0.658
4272.000000	77	72	0.859	0.659
4278.000000	77	72	0.858	0.660
4284.000000	77	72	0.858	0.663
4290.000000	77	72	0.857	0.668
4296.000000	77	72	0.857	0.672
4302.000000	77	72	0.857	0.672
4308.000000	77	72	0.858	0.668
4314.000000	77	72	0.859	0.661
4320.000000	77	72	0.859	0.649
4326.000000	77	72	0.855	0.631
4332.000000	77	72	0.850	0.606
4338.000000	77	72	0.844	0.569
4344.000000	77	72	0.837	0.516
4350.000000	77	72	0.831	0.437
4356.000000	77	72	0.829	0.320
4362.000000	77	72	0.832	0.179
4368.000000	77	60	0.835	0.155
4374.000000	77	60	0.835	0.142
4380.000000	77	60	0.830	0.130
4386.000000	77	60	0.823	0.120
4392.000000	77	60	0.811	0.111
4398.000000	77	60	0.793	0.103
4404.000000	77	60	0.766	0.096
4410.000000	77	60	0.728	0.088
4416.000000	77	60	0.668	0.081
4422.000000	77	60	0.568	0.074
4428.000000	77	189	0.380	0.067
4434.000000	77	189	0.114	0.055
4440.000000	189	132	0.047	0.033
4446.000000	189	132	0.046	0.029
4452.000000	189	132	0.043	0.025
4458.000000	189	132	0.038	0.019
4464.000000	189	132	0.030	0.013
4470.000000	189	145	0.022	0.008
4476.000000	189	100	0.014	0.005
4482.000000	189	100	0.008	0.003
