0.000000	125	102	0.000	0.000
6.000000	46	182	0.986	0.040
12.000000	46	56	0.985	0.044
18.000000	46	56	0.983	0.049
24.000000	46	56	0.982	0.056
30.000000	46	56	0.980	0.064
36.000000	46	56	0.978	0.072
42.000000	46	56	0.975	0.081
48.000000	46	56	0.972	0.089
54.000000	46	56	0.969	0.097
60.000000	46	165	0.966	0.106
66.000000	46	165	0.963	0.116
72.000000	46	165	0.960	0.126
78.000000	46	165	0.957	0.136
84.000000	46	165	0.954	0.145
90.000000	46	165	0.951	0.153
96.000000	46	165	0.948	0.159
102.000000	46	165	0.945	0.163
108.000000	46	165	0.943	0.166
114.000000	46	165	0.940	0.168
120.000000	46	165	0.937	0.171
126.000000	46	165	0.935	0.173
132.000000	46	165	0.933	0.175
138.000000	46	165	0.931	0.178
144.000000	46	165	0.929	0.182
150.000000	46	66	0.928	0.190
156.000000	46	66	0.926	0.202
162.000000	46	66	0.925	0.215
168.000000	46	66	0.923	0.228
174.000000	46	66	0.921	0.239
180.000000	46	66	0.919	0.252
186.000000	46	66	0.918	0.264
192.000000	46	66	0.916	0.278
198.000000	46	66	0.914	0.296
204.000000	46	66	0.910	0.324
210.000000	46	66	0.905	0.362
216.000000	46	66	0.899	0.417
222.000000	46	66	0.890	0.483
228.000000	46	66	0.877	0.548
234.000000	46	66	0.855	0.610
240.000000	46	66	0.831	0.654
246.000000	46	66	0.799	0.688
252.000000	46	66	0.747	0.722
258.000000	66	46	0.759	0.661
264.000000	66	46	0.792	0.535
270.000000	66	39	0.835	0.521
276.000000	66	39	0.881	0.587
282.000000	66	39	0.909	0.645
288.000000	66	39	0.908	0.675
294.000000	66	39	0.906	0.696
300.000000	66	39	0.904	0.708
306.000000	66	39	0.903	0.710
312.000000	66	39	0.901	0.712
318.000000	66	39	0.899	0.716
324.000000	66	39	0.896	0.716
330.000000	66	39	0.892	0.714
336.000000	66	39	0.889	0.710
342.000000	66	39	0.886	0.703
348.000000	66	39	0.885	0.696
354.000000	66	39	0.880	0.689
360.000000	66	39	0.875	0.682
366.000000	66	39	0.868	0.677
372.000000	66	39	0.863	0.668
378.000000	66	39	0.857	0.656
384.000000	66	39	0.851	0.641
390.000000	66	39	0.842	0.623
396.000000	66	39	0.835	0.596
402.000000	66	39	0.828	0.561
408.000000	66	39	0.818	0.513
414.000000	66	39	0.811	0.443
420.000000	66	39	0.807	0.350
426.000000	66	31	0.801	0.245
432.000000	66	31	0.793	0.256
438.000000	66	31	0.776	0.275
444.000000	66	31	0.748	0.307
450.000000	66	31	0.708	0.350
456.000000	66	31	0.643	0.404
462.000000	66	31	0.540	0.478
468.000000	31	66	0.564	0.393
474.000000	31	66	0.666	0.207
480.000000	31	40	0.773	0.106
486.000000	31	40	0.857	0.102
492.000000	31	40	0.888	0.107
498.000000	31	40	0.906	0.114
504.000000	31	40	0.919	0.121
510.000000	31	40	0.930	0.130
516.000000	31	40	0.932	0.135
522.000000	31	40	0.931	0.139
528.000000	31	40	0.929	0.140
534.000000	31	40	0.927	0.141
540.000000	31	40	0.924	0.140
546.000000	31	40	0.922	0.140
552.000000	31	40	0.920	0.141
558.000000	31	40	0.919	0.142
564.000000	31	164	0.917	0.142
570.000000	31	164	0.915	0.149
576.000000	31	164	0.913	0.155
582.000000	31	164	0.911	0.161
588.000000	31	164	0.909	0.168
594.000000	31	164	0.908	0.173
600.000000	31	164	0.906	0.176
606.000000	31	4	0.905	0.184
612.000000	31	4	0.904	0.191
618.000000	31	4	0.905	0.202
624.000000	31	4	0.906	0.213
630.000000	31	4	0.905	0.222
636.000000	31	4	0.905	0.232
642.000000	31	4	0.903	0.243
648.000000	31	4	0.899	0.254
654.000000	31	4	0.894	0.266
660.000000	31	4	0.886	0.279
666.000000	31	4	0.876	0.298
672.000000	31	4	0.862	0.320
678.000000	31	4	0.843	0.343
684.000000	31	4	0.820	0.366
690.000000	31	4	0.789	0.392
696.000000	31	4	0.740	0.423
702.000000	31	4	0.666	0.462
708.000000	31	4	0.547	0.510
714.000000	164	4	0.576	0.566
720.000000	164	4	0.664	0.650
726.000000	164	4	0.750	0.728
732.000000	164	4	0.788	0.774
738.000000	4	164	0.803	0.803
744.000000	4	164	0.815	0.811
750.000000	4	164	0.820	0.815
756.000000	4	164	0.825	0.815
762.000000	4	164	0.827	0.816
768.000000	4	164	0.828	0.815
774.000000	4	164	0.828	0.812
780.000000	4	164	0.828	0.807
786.000000	4	164	0.825	0.805
792.000000	4	164	0.822	0.802
798.000000	4	164	0.819	0.799
804.000000	4	164	0.815	0.796
810.000000	4	164	0.808	0.796
816.000000	4	164	0.806	0.794
822.000000	4	164	0.809	0.786
828.000000	4	164	0.808	0.782
834.000000	4	164	0.803	0.779
840.000000	4	164	0.796	0.777
846.000000	4	164	0.789	0.773
852.000000	4	164	0.785	0.766
858.000000	4	164	0.778	0.760
864.000000	4	164	0.764	0.759
870.000000	164	4	0.755	0.749
876.000000	164	4	0.753	0.730
882.000000	164	4	0.750	0.704
888.000000	164	4	0.743	0.674
894.000000	164	4	0.735	0.630
900.000000	164	4	0.726	0.560
906.000000	164	4	0.727	0.440
912.000000	164	4	0.737	0.261
918.000000	164	193	0.753	0.084
924.000000	164	193	0.768	0.079
930.000000	164	193	0.779	0.077
936.000000	164	193	0.790	0.079
942.000000	164	193	0.801	0.083
948.000000	164	193	0.811	0.087
954.000000	164	193	0.822	0.090
960.000000	164	193	0.829	0.092
966.000000	164	193	0.836	0.094
972.000000	164	86	0.841	0.100
978.000000	164	86	0.845	0.109
984.000000	164	86	0.847	0.118
990.000000	164	86	0.847	0.128
996.000000	164	86	0.846	0.140
1002.000000	164	86	0.843	0.153
1008.000000	164	86	0.837	0.167
1014.000000	164	86	0.827	0.183
1020.000000	164	86	0.814	0.199
1026.000000	164	86	0.796	0.214
1032.000000	164	86	0.772	0.229
1038.000000	164	86	0.736	0.246
1044.000000	164	86	0.682	0.269
1050.000000	164	86	0.599	0.298
1056.000000	164	86	0.461	0.338
1062.000000	86	162	0.392	0.361
1068.000000	86	162	0.458	0.428
1074.000000	86	162	0.529	0.513
1080.000000	86	162	0.608	0.603
1086.000000	162	86	0.661	0.660
1092.000000	86	162	0.699	0.695
1098.000000	86	162	0.724	0.714
1104.000000	86	162	0.738	0.729
1110.000000	86	162	0.746	0.745
1116.000000	162	86	0.755	0.748
1122.000000	162	86	0.762	0.753
1128.000000	162	86	0.765	0.755
1134.000000	162	86	0.768	0.757
1140.000000	162	86	0.770	0.760
1146.000000	162	86	0.770	0.765
1152.000000	86	162	0.772	0.771
1158.000000	86	162	0.778	0.768
1164.000000	86	162	0.782	0.764
1170.000000	86	162	0.785	0.760
1176.000000	86	162	0.785	0.759
1182.000000	86	162	0.783	0.757
1188.000000	86	162	0.781	0.757
1194.000000	86	162	0.781	0.756
1200.000000	86	162	0.781	0.756
1206.000000	86	162	0.779	0.754
1212.000000	86	162	0.776	0.751
1218.000000	86	162	0.770	0.747
1224.000000	86	162	0.763	0.743
1230.000000	86	162	0.754	0.737
1236.000000	86	162	0.743	0.727
1242.000000	86	162	0.730	0.714
1248.000000	86	162	0.707	0.706
1254.000000	162	86	0.690	0.680
1260.000000	162	86	0.670	0.641
1266.000000	162	86	0.649	0.587
1272.000000	162	86	0.629	0.490
1278.000000	162	86	0.609	0.348
1284.000000	162	86	0.579	0.182
1290.000000	162	86	0.533	0.059
1296.000000	162	166	0.447	0.055
1302.000000	162	166	0.307	0.058
1308.000000	162	166	0.162	0.056
1314.000000	162	166	0.085	0.050
1320.000000	162	166	0.049	0.048
1326.000000	166	149	0.046	0.039
1332.000000	166	149	0.045	0.037
1338.000000	166	149	0.042	0.035
1344.000000	166	149	0.040	0.032
1350.000000	166	149	0.036	0.029
1356.000000	166	149	0.031	0.025
1362.000000	166	149	0.024	0.020
1368.000000	166	149	0.017	0.014
1374.000000	166	149	0.011	0.009
1380.000000	166	149	0.006	0.005
