0.000000	125	102	0.000	0.000
6.000000	60	23	0.986	0.026
12.000000	60	23	0.985	0.028
18.000000	60	23	0.984	0.030
24.000000	60	23	0.983	0.032
30.000000	60	23	0.982	0.034
36.000000	60	23	0.980	0.035
42.000000	60	117	0.979	0.037
48.000000	60	159	0.977	0.040
54.000000	60	111	0.975	0.046
60.000000	60	111	0.973	0.053
66.000000	60	111	0.972	0.061
72.000000	60	111	0.970	0.070
78.000000	60	111	0.967	0.082
84.000000	60	111	0.965	0.095
90.000000	60	111	0.963	0.109
96.000000	60	111	0.961	0.122
102.000000	60	111	0.959	0.134
108.000000	60	111	0.956	0.146
114.000000	60	111	0.954	0.157
120.000000	60	111	0.952	0.168
126.000000	60	111	0.950	0.180
132.000000	60	111	0.948	0.192
138.000000	60	111	0.946	0.205
144.000000	60	111	0.943	0.219
150.000000	60	111	0.941	0.233
156.000000	60	111	0.938	0.249
162.000000	60	111	0.934	0.269
168.000000	60	111	0.931	0.290
174.000000	60	111	0.928	0.312
180.000000	60	111	0.925	0.334
186.000000	60	111	0.922	0.357
192.000000	60	111	0.918	0.382
198.000000	60	111	0.913	0.410
204.000000	60	111	0.908	0.450
210.000000	60	111	0.900	0.498
216.000000	60	111	0.890	0.556
222.000000	60	111	0.879	0.620
228.000000	60	111	0.867	0.668
234.000000	60	111	0.852	0.701
240.000000	60	111	0.825	0.733
246.000000	60	111	0.787	0.757
252.000000	111	60	0.788	0.724
258.000000	111	60	0.816	0.632
264.000000	111	60	0.849	0.473
270.000000	111	60	0.911	0.218
276.000000	111	116	0.956	0.049
282.000000	111	116	0.970	0.051
288.000000	111	116	0.969	0.054
294.000000	111	116	0.968	0.059
300.000000	111	116	0.967	0.064
306.000000	111	116	0.967	0.068
312.000000	111	116	0.965	0.073
318.000000	111	116	0.962	0.076
324.000000	111	116	0.959	0.079
330.000000	111	116	0.956	0.082
336.000000	111	42	0.953	0.088
342.000000	111	42	0.949	0.102
348.000000	111	42	0.945	0.118
354.000000	111	42	0.941	0.137
360.000000	111	42	0.936	0.159
366.000000	111	42	0.930	0.185
372.000000	111	42	0.923	0.212
378.000000	111	42	0.914	0.238
384.000000	111	42	0.904	0.267
390.000000	111	42	0.892	0.301
396.000000	111	42	0.879	0.341
402.000000	111	42	0.863	0.385
408.000000	111	42	0.843	0.427
414.000000	111	42	0.820	0.467
420.000000	111	42	0.789	0.511
426.000000	111	42	0.751	0.552
432.000000	111	42	0.698	0.598
438.000000	42	111	0.643	0.612
444.000000	42	111	0.686	0.484
450.000000	42	99	0.763	0.410
456.000000	42	99	0.846	0.481
462.000000	42	99	0.885	0.555
468.000000	42	99	0.897	0.616
474.000000	42	99	0.903	0.654
480.000000	42	99	0.902	0.681
486.000000	42	99	0.899	0.698
492.000000	42	99	0.898	0.707
498.000000	42	99	0.897	0.708
504.000000	42	99	0.895	0.708
510.000000	42	99	0.892	0.709
516.000000	42	99	0.891	0.712
522.000000	42	99	0.889	0.713
528.000000	42	99	0.888	0.714
534.000000	42	99	0.887	0.714
540.000000	42	99	0.886	0.713
546.000000	42	99	0.886	0.712
552.000000	42	99	0.887	0.710
558.000000	42	99	0.891	0.706
564.000000	42	99	0.891	0.701
570.000000	42	99	0.890	0.695
576.000000	42	99	0.885	0.688
582.000000	42	99	0.880	0.683
588.000000	42	99	0.875	0.673
594.000000	42	99	0.872	0.660
600.000000	42	99	0.866	0.645
606.000000	42	99	0.862	0.619
612.000000	42	99	0.859	0.583
618.000000	42	99	0.855	0.532
624.000000	42	99	0.853	0.461
630.000000	42	99	0.855	0.361
636.000000	42	99	0.859	0.232
642.000000	42	99	0.864	0.106
648.000000	42	33	0.868	0.088
654.000000	42	33	0.869	0.086
660.000000	42	33	0.868	0.085
666.000000	42	33	0.868	0.086
672.000000	42	33	0.867	0.087
678.000000	42	33	0.867	0.089
684.000000	42	33	0.866	0.091
690.000000	42	7	0.863	0.094
696.000000	42	7	0.858	0.105
702.000000	42	7	0.851	0.118
708.000000	42	7	0.842	0.132
714.000000	42	7	0.829	0.149
720.000000	42	7	0.811	0.169
726.000000	42	7	0.787	0.194
732.000000	42	7	0.754	0.222
738.000000	42	7	0.703	0.254
744.000000	42	7	0.619	0.294
750.000000	42	7	0.465	0.347
756.000000	7	42	0.428	0.214
762.000000	7	149	0.567	0.138
768.000000	7	149	0.708	0.150
774.000000	7	149	0.811	0.160
780.000000	7	149	0.871	0.173
786.000000	7	149	0.897	0.195
792.000000	7	149	0.914	0.223
798.000000	7	149	0.922	0.254
804.000000	7	149	0.924	0.286
810.000000	7	149	0.926	0.313
816.000000	7	149	0.924	0.342
822.000000	7	149	0.921	0.369
828.000000	7	149	0.919	0.395
834.000000	7	149	0.917	0.416
840.000000	7	149	0.915	0.439
846.000000	7	149	0.913	0.464
852.000000	7	149	0.911	0.485
858.000000	7	149	0.909	0.509
864.000000	7	149	0.908	0.531
870.000000	7	149	0.906	0.550
876.000000	7	149	0.903	0.572
882.000000	7	149	0.902	0.587
888.000000	7	149	0.903	0.598
894.000000	7	149	0.905	0.608
900.000000	7	149	0.904	0.621
906.000000	7	149	0.902	0.640
912.000000	7	149	0.900	0.662
918.000000	7	149	0.896	0.682
924.000000	7	149	0.891	0.695
930.000000	7	149	0.884	0.708
936.000000	7	149	0.876	0.720
942.000000	7	149	0.869	0.730
948.000000	7	149	0.861	0.734
954.000000	7	149	0.848	0.740
960.000000	7	149	0.833	0.746
966.000000	7	149	0.814	0.750
972.000000	7	149	0.788	0.757
978.000000	149	7	0.760	0.757
984.000000	149	7	0.769	0.710
990.000000	149	7	0.788	0.638
996.000000	149	7	0.812	0.526
1002.000000	149	7	0.849	0.330
1008.000000	149	7	0.913	0.099
1014.000000	149	15	0.947	0.079
1020.000000	149	15	0.958	0.090
1026.000000	149	15	0.959	0.104
1032.000000	149	15	0.958	0.120
1038.000000	149	15	0.956	0.139
1044.000000	149	15	0.952	0.161
1050.000000	149	15	0.948	0.188
1056.000000	149	15	0.942	0.220
1062.000000	149	15	0.936	0.254
1068.000000	149	15	0.929	0.295
1074.000000	149	15	0.920	0.344
1080.000000	149	15	0.909	0.402
1086.000000	149	15	0.895	0.466
1092.000000	149	15	0.878	0.526
1098.000000	149	15	0.856	0.575
1104.000000	149	15	0.826	0.613
1110.000000	149	15	0.782	0.650
1116.000000	149	15	0.723	0.683
1122.000000	15	149	0.724	0.633
1128.000000	15	149	0.782	0.497
1134.000000	15	149	0.845	0.324
1140.000000	15	149	0.902	0.149
1146.000000	15	167	0.927	0.086
1152.000000	15	167	0.944	0.090
1158.000000	15	167	0.946	0.097
1164.000000	15	167	0.943	0.105
1170.000000	15	167	0.940	0.113
1176.000000	15	167	0.937	0.121
1182.000000	15	167	0.934	0.129
1188.000000	15	167	0.931	0.136
1194.000000	15	167	0.931	0.141
1200.000000	15	85	0.929	0.145
1206.000000	15	85	0.926	0.155
1212.000000	15	85	0.924	0.163
1218.000000	15	85	0.921	0.171
1224.000000	15	85	0.918	0.181
1230.000000	15	85	0.915	0.191
1236.000000	15	85	0.912	0.202
1242.000000	15	85	0.909	0.213
1248.000000	15	85	0.905	0.227
1254.000000	15	85	0.901	0.241
1260.000000	15	85	0.896	0.257
1266.000000	15	85	0.891	0.276
1272.000000	15	85	0.886	0.296
1278.000000	15	85	0.880	0.320
1284.000000	15	85	0.872	0.351
1290.000000	15	85	0.862	0.387
1296.000000	15	85	0.852	0.422
1302.000000	15	85	0.838	0.465
1308.000000	15	85	0.819	0.509
1314.000000	15	85	0.789	0.558
1320.000000	15	85	0.748	0.602
1326.000000	15	85	0.688	0.654
1332.000000	85	15	0.701	0.600
1338.000000	85	15	0.768	0.460
1344.000000	85	15	0.838	0.281
1350.000000	85	142	0.891	0.150
1356.000000	85	142	0.931	0.133
1362.000000	85	142	0.948	0.120
1368.000000	85	142	0.953	0.105
1374.000000	85	110	0.957	0.106
1380.000000	85	110	0.955	0.109
1386.000000	85	110	0.952	0.112
1392.000000	85	110	0.949	0.115
1398.000000	85	110	0.946	0.117
1404.000000	85	110	0.942	0.118
1410.000000	85	110	0.939	0.119
1416.000000	85	117	0.935	0.126
1422.000000	85	117	0.930	0.138
1428.000000	85	117	0.926	0.150
1434.000000	85	117	0.923	0.160
1440.000000	85	117	0.919	0.168
1446.000000	85	117	0.915	0.176
1452.000000	85	117	0.911	0.185
1458.000000	85	117	0.906	0.195
1464.000000	85	117	0.901	0.203
1470.000000	85	117	0.894	0.210
1476.000000	85	117	0.886	0.216
1482.000000	85	117	0.877	0.221
1488.000000	85	117	0.867	0.224
1494.000000	85	117	0.854	0.226
1500.000000	85	117	0.839	0.226
1506.000000	85	117	0.820	0.225
1512.000000	85	82	0.801	0.230
1518.000000	85	82	0.776	0.255
1524.000000	85	82	0.741	0.289
1530.000000	85	82	0.692	0.332
1536.000000	85	82	0.621	0.384
1542.000000	85	82	0.517	0.450
1548.000000	82	85	0.546	0.361
1554.000000	82	85	0.681	0.157
1560.000000	82	10	0.810	0.111
1566.000000	82	70	0.877	0.104
1572.000000	82	41	0.911	0.104
1578.000000	82	41	0.929	0.106
1584.000000	82	191	0.937	0.115
1590.000000	82	191	0.938	0.131
1596.000000	82	191	0.937	0.149
1602.000000	82	191	0.935	0.170
1608.000000	82	191	0.934	0.196
1614.000000	82	191	0.930	0.223
1620.000000	82	191	0.927	0.249
1626.000000	82	191	0.923	0.274
1632.000000	82	191	0.919	0.296
1638.000000	82	191	0.916	0.314
1644.000000	82	191	0.914	0.327
1650.000000	82	191	0.911	0.341
1656.000000	82	191	0.907	0.359
1662.000000	82	191	0.904	0.378
1668.000000	82	191	0.900	0.401
1674.000000	82	191	0.895	0.427
1680.000000	82	191	0.890	0.449
1686.000000	82	191	0.885	0.470
1692.000000	82	191	0.881	0.490
1698.000000	82	191	0.876	0.517
1704.000000	82	191	0.871	0.547
1710.000000	82	191	0.865	0.572
1716.000000	82	191	0.860	0.597
1722.000000	82	191	0.852	0.621
1728.000000	82	191	0.838	0.645
1734.000000	82	191	0.823	0.665
1740.000000	82	191	0.802	0.691
1746.000000	82	191	0.776	0.712
1752.000000	191	82	0.739	0.732
1758.000000	191	82	0.770	0.677
1764.000000	191	82	0.797	0.594
1770.000000	191	82	0.833	0.464
1776.000000	191	82	0.864	0.285
1782.000000	191	79	0.908	0.162
1788.000000	191	79	0.942	0.144
1794.000000	191	79	0.957	0.126
1800.000000	191	79	0.960	0.109
1806.000000	191	79	0.960	0.093
1812.000000	191	79	0.961	0.080
1818.000000	191	133	0.959	0.071
1824.000000	191	133	0.956	0.076
1830.000000	191	133	0.952	0.082
1836.000000	191	193	0.949	0.091
1842.000000	191	193	0.945	0.102
1848.000000	191	193	0.941	0.113
1854.000000	191	193	0.937	0.124
1860.000000	191	193	0.933	0.135
1866.000000	191	193	0.928	0.147
1872.000000	191	193	0.923	0.158
1878.000000	191	193	0.917	0.170
1884.000000	191	193	0.910	0.183
1890.000000	191	193	0.901	0.196
1896.000000	191	193	0.891	0.211
1902.000000	191	193	0.878	0.225
1908.000000	191	193	0.862	0.240
1914.000000	191	193	0.841	0.255
1920.000000	191	193	0.815	0.273
1926.000000	191	193	0.779	0.296
1932.000000	191	193	0.733	0.327
1938.000000	191	193	0.670	0.372
1944.000000	191	193	0.579	0.434
1950.000000	193	191	0.515	0.438
1956.000000	193	191	0.628	0.237
1962.000000	193	51	0.753	0.177
1968.000000	193	51	0.843	0.168
1974.000000	193	51	0.892	0.161
1980.000000	193	51	0.919	0.155
1986.000000	193	51	0.928	0.150
1992.000000	193	51	0.934	0.145
1998.000000	193	51	0.935	0.138
2004.000000	193	51	0.934	0.128
2010.000000	193	164	0.934	0.126
2016.000000	193	164	0.933	0.134
2022.000000	193	164	0.933	0.141
2028.000000	193	164	0.935	0.148
2034.000000	193	164	0.935	0.154
2040.000000	193	164	0.934	0.159
2046.000000	193	164	0.932	0.164
2052.000000	193	164	0.930	0.169
2058.000000	193	164	0.927	0.172
2064.000000	193	164	0.924	0.174
2070.000000	193	164	0.921	0.175
2076.000000	193	164	0.917	0.173
2082.000000	193	164	0.912	0.171
2088.000000	193	164	0.908	0.170
2094.000000	193	164	0.903	0.168
2100.000000	193	164	0.896	0.167
2106.000000	193	177	0.891	0.174
2112.000000	193	177	0.884	0.185
2118.000000	193	177	0.877	0.196
2124.000000	193	177	0.869	0.210
2130.000000	193	177	0.862	0.226
2136.000000	193	177	0.854	0.243
2142.000000	193	177	0.843	0.261
2148.000000	193	177	0.830	0.280
2154.000000	193	177	0.813	0.302
2160.000000	193	177	0.790	0.328
2166.000000	193	177	0.759	0.356
2172.000000	193	177	0.713	0.389
2178.000000	193	177	0.643	0.430
2184.000000	193	177	0.528	0.491
2190.000000	177	193	0.597	0.343
2196.000000	177	193	0.730	0.125
2202.000000	177	105	0.849	0.097
2208.000000	177	105	0.910	0.096
2214.000000	177	105	0.943	0.098
2220.000000	177	105	0.958	0.102
2226.000000	177	105	0.962	0.105
2232.000000	177	105	0.964	0.106
2238.000000	177	105	0.963	0.106
2244.000000	177	105	0.961	0.104
2250.000000	177	105	0.959	0.103
2256.000000	177	1	0.957	0.102
2262.000000	177	1	0.954	0.109
2268.000000	177	1	0.952	0.117
2274.000000	177	1	0.950	0.125
2280.000000	177	1	0.947	0.132
2286.000000	177	1	0.945	0.141
2292.000000	177	1	0.942	0.150
2298.000000	177	1	0.939	0.160
2304.000000	177	1	0.935	0.169
2310.000000	177	1	0.932	0.179
2316.000000	177	1	0.927	0.188
2322.000000	177	1	0.923	0.196
2328.000000	177	1	0.919	0.201
2334.000000	177	1	0.915	0.204
2340.000000	177	192	0.910	0.213
2346.000000	177	192	0.904	0.235
2352.000000	177	192	0.897	0.261
2358.000000	177	192	0.887	0.285
2364.000000	177	192	0.876	0.306
2370.000000	177	192	0.862	0.326
2376.000000	177	192	0.844	0.348
2382.000000	177	192	0.821	0.369
2388.000000	177	192	0.791	0.395
2394.000000	177	192	0.753	0.431
2400.000000	177	192	0.701	0.468
2406.000000	177	192	0.622	0.511
2412.000000	192	177	0.566	0.507
2418.000000	192	177	0.618	0.343
2424.000000	192	5	0.705	0.200
2430.000000	192	5	0.806	0.200
2436.000000	192	5	0.873	0.197
2442.000000	192	5	0.911	0.184
2448.000000	192	5	0.930	0.178
2454.000000	192	5	0.939	0.171
2460.000000	192	5	0.943	0.163
2466.000000	192	5	0.944	0.155
2472.000000	192	5	0.944	0.147
2478.000000	192	5	0.945	0.141
2484.000000	192	187	0.946	0.137
2490.000000	192	187	0.945	0.137
2496.000000	192	187	0.944	0.137
2502.000000	192	187	0.943	0.136
2508.000000	192	187	0.941	0.134
2514.000000	192	187	0.940	0.132
2520.000000	192	187	0.939	0.128
2526.000000	192	187	0.937	0.122
2532.000000	192	12	0.935	0.117
2538.000000	192	12	0.933	0.126
2544.000000	192	12	0.931	0.136
2550.000000	192	12	0.928	0.147
2556.000000	192	12	0.925	0.158
2562.000000	192	12	0.922	0.171
2568.000000	192	12	0.919	0.184
2574.000000	192	12	0.915	0.196
2580.000000	192	12	0.911	0.209
2586.000000	192	12	0.906	0.225
2592.000000	192	12	0.900	0.245
2598.000000	192	12	0.892	0.270
2604.000000	192	12	0.882	0.302
2610.000000	192	12	0.872	0.340
2616.000000	192	12	0.859	0.381
2622.000000	192	12	0.840	0.427
2628.000000	192	12	0.814	0.482
2634.000000	192	12	0.776	0.548
2640.000000	192	12	0.721	0.625
2646.000000	12	192	0.704	0.633
2652.000000	12	192	0.769	0.491
2658.000000	12	192	0.843	0.271
2664.000000	12	157	0.922	0.091
2670.000000	12	157	0.963	0.077
2676.000000	12	18	0.969	0.079
2682.000000	12	18	0.969	0.086
2688.000000	12	18	0.967	0.095
2694.000000	12	18	0.964	0.105
2700.000000	12	18	0.961	0.115
2706.000000	12	18	0.958	0.124
2712.000000	12	18	0.955	0.134
2718.000000	12	18	0.951	0.144
2724.000000	12	18	0.948	0.153
2730.000000	12	18	0.944	0.163
2736.000000	12	18	0.941	0.174
2742.000000	12	18	0.937	0.185
2748.000000	12	18	0.933	0.195
2754.000000	12	18	0.928	0.204
2760.000000	12	18	0.923	0.212
2766.000000	12	18	0.917	0.221
2772.000000	12	18	0.910	0.228
2778.000000	12	18	0.902	0.236
2784.000000	12	18	0.894	0.244
2790.000000	12	18	0.887	0.251
2796.000000	12	18	0.879	0.258
2802.000000	12	18	0.871	0.264
2808.000000	12	18	0.860	0.271
2814.000000	12	18	0.848	0.279
2820.000000	12	18	0.834	0.291
2826.000000	12	18	0.818	0.307
2832.000000	12	18	0.799	0.323
2838.000000	12	18	0.774	0.340
2844.000000	12	18	0.745	0.360
2850.000000	12	18	0.705	0.383
2856.000000	12	18	0.645	0.411
2862.000000	12	18	0.545	0.457
2868.000000	18	12	0.531	0.379
2874.000000	18	53	0.628	0.206
2880.000000	18	53	0.729	0.206
2886.000000	18	53	0.794	0.206
2892.000000	18	53	0.852	0.210
2898.000000	18	53	0.882	0.224
2904.000000	18	53	0.894	0.241
2910.000000	18	53	0.896	0.253
2916.000000	18	53	0.899	0.260
2922.000000	18	53	0.905	0.260
2928.000000	18	53	0.906	0.263
2934.000000	18	53	0.907	0.264
2940.000000	18	53	0.906	0.264
2946.000000	18	53	0.905	0.264
2952.000000	18	53	0.905	0.263
2958.000000	18	53	0.906	0.259
2964.000000	18	53	0.915	0.246
2970.000000	18	53	0.917	0.233
2976.000000	18	53	0.920	0.216
2982.000000	18	53	0.924	0.197
2988.000000	18	53	0.924	0.173
2994.000000	18	190	0.925	0.149
3000.000000	18	190	0.926	0.143
3006.000000	18	190	0.928	0.137
3012.000000	18	135	0.929	0.142
3018.000000	18	135	0.929	0.158
3024.000000	18	135	0.928	0.177
3030.000000	18	135	0.924	0.198
3036.000000	18	135	0.920	0.223
3042.000000	18	135	0.915	0.255
3048.000000	18	135	0.908	0.293
3054.000000	18	135	0.900	0.338
3060.000000	18	135	0.890	0.385
3066.000000	18	135	0.877	0.433
3072.000000	18	135	0.859	0.483
3078.000000	18	135	0.832	0.538
3084.000000	18	135	0.797	0.592
3090.000000	18	135	0.752	0.637
3096.000000	18	135	0.684	0.681
3102.000000	135	18	0.737	0.581
3108.000000	135	18	0.807	0.412
3114.000000	135	25	0.870	0.309
3120.000000	135	25	0.924	0.320
3126.000000	135	25	0.936	0.339
3132.000000	135	25	0.938	0.371
3138.000000	135	25	0.933	0.413
3144.000000	135	25	0.928	0.452
3150.000000	135	25	0.924	0.485
3156.000000	135	25	0.919	0.513
3162.000000	135	25	0.915	0.536
3168.000000	135	25	0.911	0.556
3174.000000	135	25	0.910	0.571
3180.000000	135	25	0.908	0.584
3186.000000	135	25	0.905	0.593
3192.000000	135	25	0.902	0.600
3198.000000	135	25	0.899	0.604
3204.000000	135	25	0.896	0.606
3210.000000	135	25	0.892	0.607
3216.000000	135	25	0.887	0.611
3222.000000	135	25	0.885	0.613
3228.000000	135	25	0.881	0.618
3234.000000	135	25	0.877	0.623
3240.000000	135	25	0.869	0.630
3246.000000	135	25	0.861	0.636
3252.000000	135	25	0.852	0.642
3258.000000	135	25	0.843	0.650
3264.000000	135	25	0.832	0.655
3270.000000	135	25	0.821	0.659
3276.000000	135	25	0.805	0.670
3282.000000	135	25	0.783	0.686
3288.000000	135	25	0.756	0.701
3294.000000	135	25	0.718	0.714
3300.000000	25	135	0.722	0.668
3306.000000	25	135	0.730	0.592
3312.000000	25	135	0.750	0.463
3318.000000	25	135	0.807	0.248
3324.000000	25	135	0.878	0.052
3330.000000	25	132	0.920	0.043
3336.000000	25	132	0.935	0.042
3342.000000	25	58	0.943	0.041
3348.000000	25	58	0.946	0.042
3354.000000	25	58	0.947	0.043
3360.000000	25	141	0.946	0.049
3366.000000	25	141	0.943	0.057
3372.000000	25	141	0.939	0.065
3378.000000	25	141	0.935	0.073
3384.000000	25	141	0.930	0.081
3390.000000	25	141	0.925	0.090
3396.000000	25	141	0.920	0.099
3402.000000	25	141	0.914	0.110
3408.000000	25	141	0.907	0.122
3414.000000	25	141	0.900	0.135
3420.000000	25	141	0.891	0.149
3426.000000	25	141	0.880	0.165
3432.000000	25	141	0.867	0.184
3438.000000	25	141	0.850	0.206
3444.000000	25	141	0.827	0.231
3450.000000	25	141	0.795	0.259
3456.000000	25	141	0.748	0.293
3462.000000	25	141	0.673	0.337
3468.000000	25	141	0.552	0.400
3474.000000	141	25	0.494	0.362
3480.000000	141	10	0.632	0.191
3486.000000	141	10	0.763	0.209
3492.000000	141	10	0.855	0.224
3498.000000	141	10	0.900	0.239
3504.000000	141	10	0.913	0.260
3510.000000	141	10	0.923	0.289
3516.000000	141	10	0.927	0.322
3522.000000	141	10	0.930	0.356
3528.000000	141	10	0.928	0.389
3534.000000	141	10	0.925	0.419
3540.000000	141	10	0.922	0.441
3546.000000	141	10	0.919	0.460
3552.000000	141	10	0.916	0.477
3558.000000	141	10	0.916	0.492
3564.000000	141	10	0.915	0.504
3570.000000	141	10	0.913	0.515
3576.000000	141	10	0.910	0.528
3582.000000	141	10	0.909	0.538
3588.000000	141	10	0.909	0.550
3594.000000	141	10	0.908	0.564
3600.000000	141	10	0.907	0.580
3606.000000	141	10	0.906	0.598
3612.000000	141	10	0.904	0.614
3618.000000	141	10	0.901	0.632
3624.000000	141	10	0.899	0.649
3630.000000	141	10	0.897	0.663
3636.000000	141	10	0.895	0.671
3642.000000	141	10	0.892	0.676
3648.000000	141	10	0.890	0.676
3654.000000	141	10	0.888	0.677
3660.000000	141	10	0.886	0.677
3666.000000	141	10	0.881	0.679
3672.000000	141	10	0.873	0.683
3678.000000	141	10	0.867	0.680
3684.000000	141	10	0.859	0.676
3690.000000	141	10	0.851	0.669
3696.000000	141	10	0.840	0.658
3702.000000	141	10	0.827	0.645
3708.000000	141	10	0.810	0.627
3714.000000	141	10	0.787	0.601
3720.000000	141	10	0.755	0.564
3726.000000	141	10	0.708	0.507
3732.000000	141	10	0.634	0.419
3738.000000	141	10	0.516	0.296
3744.000000	141	10	0.322	0.164
3750.000000	92	141	0.085	0.084
3756.000000	92	36	0.073	0.049
3762.000000	92	36	0.065	0.044
3768.000000	92	36	0.057	0.040
3774.000000	92	36	0.048	0.034
3780.000000	92	36	0.036	0.029
3786.000000	92	36	0.025	0.022
3792.000000	92	36	0.015	0.015
3798.000000	36	92	0.009	0.008
