0.000000	125	102	0.000	0.000
6.000000	110	85	0.986	0.039
12.000000	110	85	0.985	0.043
18.000000	110	85	0.984	0.047
24.000000	110	85	0.983	0.052
30.000000	110	85	0.981	0.056
36.000000	110	85	0.979	0.059
42.000000	110	85	0.977	0.062
48.000000	110	170	0.975	0.070
54.000000	110	170	0.973	0.080
60.000000	110	170	0.971	0.092
66.000000	110	170	0.968	0.104
72.000000	110	170	0.965	0.117
78.000000	110	170	0.963	0.130
84.000000	110	170	0.960	0.144
90.000000	110	170	0.958	0.158
96.000000	110	170	0.955	0.172
102.000000	110	170	0.952	0.185
108.000000	110	170	0.950	0.198
114.000000	110	170	0.947	0.209
120.000000	110	170	0.944	0.219
126.000000	110	170	0.942	0.228
132.000000	110	170	0.940	0.234
138.000000	110	170	0.938	0.239
144.000000	110	170	0.936	0.243
150.000000	110	170	0.934	0.248
156.000000	110	170	0.932	0.253
162.000000	110	170	0.930	0.255
168.000000	110	170	0.929	0.255
174.000000	110	170	0.928	0.253
180.000000	110	170	0.926	0.250
186.000000	110	170	0.924	0.245
192.000000	110	165	0.921	0.247
198.000000	110	165	0.918	0.257
204.000000	110	165	0.914	0.262
210.000000	110	165	0.910	0.263
216.000000	110	165	0.906	0.262
222.000000	110	165	0.901	0.261
228.000000	110	165	0.896	0.259
234.000000	110	165	0.890	0.259
240.000000	110	165	0.884	0.260
246.000000	110	165	0.876	0.259
252.000000	110	165	0.868	0.256
258.000000	110	165	0.858	0.251
264.000000	110	165	0.844	0.245
270.000000	110	165	0.825	0.237
276.000000	110	37	0.795	0.229
282.000000	110	37	0.745	0.258
288.000000	110	37	0.663	0.290
294.000000	110	37	0.527	0.333
300.000000	37	110	0.395	0.292
306.000000	37	79	0.492	0.198
312.000000	37	79	0.628	0.199
318.000000	37	79	0.737	0.202
324.000000	37	79	0.794	0.213
330.000000	37	79	0.818	0.229
336.000000	37	79	0.835	0.241
342.000000	37	79	0.843	0.252
348.000000	37	79	0.849	0.261
354.000000	37	79	0.857	0.269
360.000000	37	79	0.857	0.277
366.000000	37	79	0.857	0.284
372.000000	37	79	0.862	0.288
378.000000	37	79	0.863	0.291
384.000000	37	79	0.862	0.292
390.000000	37	79	0.861	0.289
396.000000	37	79	0.862	0.281
402.000000	37	79	0.864	0.270
408.000000	37	79	0.864	0.256
414.000000	37	79	0.863	0.237
420.000000	37	79	0.862	0.214
426.000000	37	82	0.861	0.217
432.000000	37	82	0.859	0.226
438.000000	37	82	0.857	0.238
444.000000	37	82	0.857	0.249
450.000000	37	82	0.861	0.258
456.000000	37	82	0.866	0.267
462.000000	37	82	0.868	0.276
468.000000	37	82	0.869	0.284
474.000000	37	82	0.870	0.291
480.000000	37	82	0.872	0.294
486.000000	37	82	0.871	0.293
492.000000	37	82	0.866	0.291
498.000000	37	82	0.857	0.287
504.000000	37	82	0.846	0.278
510.000000	37	139	0.832	0.286
516.000000	37	139	0.811	0.312
522.000000	37	139	0.784	0.344
528.000000	37	139	0.752	0.381
534.000000	37	139	0.705	0.426
540.000000	37	139	0.630	0.477
546.000000	139	37	0.535	0.508
552.000000	139	37	0.604	0.328
558.000000	139	82	0.710	0.155
564.000000	139	39	0.811	0.158
570.000000	139	39	0.879	0.169
576.000000	139	39	0.908	0.180
582.000000	139	39	0.922	0.196
588.000000	139	39	0.927	0.216
594.000000	139	39	0.927	0.238
600.000000	139	39	0.930	0.262
606.000000	139	39	0.933	0.289
612.000000	139	39	0.935	0.317
618.000000	139	39	0.932	0.346
624.000000	139	39	0.928	0.376
630.000000	139	39	0.924	0.407
636.000000	139	39	0.921	0.438
642.000000	139	39	0.917	0.470
648.000000	139	39	0.913	0.500
654.000000	139	39	0.908	0.526
660.000000	139	39	0.903	0.547
666.000000	139	39	0.897	0.572
672.000000	139	39	0.891	0.593
678.000000	139	39	0.885	0.616
684.000000	139	39	0.878	0.644
690.000000	139	39	0.871	0.668
696.000000	139	39	0.864	0.691
702.000000	139	39	0.857	0.709
708.000000	139	39	0.846	0.727
714.000000	139	39	0.834	0.743
720.000000	139	39	0.824	0.754
726.000000	139	39	0.812	0.762
732.000000	139	39	0.796	0.769
738.000000	39	139	0.776	0.772
744.000000	39	139	0.789	0.738
750.000000	39	139	0.820	0.679
756.000000	39	139	0.846	0.603
762.000000	39	139	0.863	0.497
768.000000	39	139	0.894	0.333
774.000000	39	139	0.946	0.129
780.000000	39	95	0.966	0.077
786.000000	39	95	0.970	0.082
792.000000	39	95	0.969	0.087
798.000000	39	95	0.967	0.092
804.000000	39	95	0.964	0.097
810.000000	39	95	0.961	0.101
816.000000	39	95	0.958	0.105
822.000000	39	95	0.954	0.108
828.000000	39	95	0.950	0.110
834.000000	39	95	0.945	0.112
840.000000	39	95	0.940	0.114
846.000000	39	66	0.934	0.121
852.000000	39	66	0.927	0.131
858.000000	39	66	0.920	0.141
864.000000	39	66	0.912	0.151
870.000000	39	66	0.904	0.162
876.000000	39	66	0.894	0.175
882.000000	39	66	0.881	0.191
888.000000	39	66	0.865	0.210
894.000000	39	66	0.845	0.234
900.000000	39	66	0.820	0.262
906.000000	39	66	0.788	0.294
912.000000	39	66	0.742	0.331
918.000000	39	66	0.675	0.378
924.000000	39	66	0.574	0.433
930.000000	66	39	0.512	0.411
936.000000	66	39	0.617	0.208
942.000000	66	31	0.737	0.213
948.000000	66	31	0.814	0.219
954.000000	66	31	0.848	0.220
960.000000	66	31	0.867	0.228
966.000000	66	31	0.871	0.243
972.000000	66	31	0.874	0.251
978.000000	66	31	0.870	0.262
984.000000	66	31	0.867	0.267
990.000000	66	31	0.864	0.267
996.000000	66	31	0.859	0.264
1002.000000	66	57	0.857	0.265
1008.000000	66	57	0.855	0.269
1014.000000	66	57	0.851	0.271
1020.000000	66	57	0.848	0.272
1026.000000	66	57	0.845	0.270
1032.000000	66	57	0.848	0.261
1038.000000	66	57	0.847	0.251
1044.000000	66	57	0.848	0.236
1050.000000	66	57	0.854	0.211
1056.000000	66	73	0.855	0.184
1062.000000	66	18	0.858	0.175
1068.000000	66	18	0.862	0.190
1074.000000	66	18	0.867	0.204
1080.000000	66	18	0.873	0.219
1086.000000	66	18	0.875	0.236
1092.000000	66	18	0.875	0.252
1098.000000	66	18	0.873	0.265
1104.000000	66	18	0.871	0.276
1110.000000	66	18	0.869	0.288
1116.000000	66	18	0.867	0.304
1122.000000	66	18	0.864	0.323
1128.000000	66	18	0.859	0.347
1134.000000	66	18	0.851	0.377
1140.000000	66	18	0.842	0.404
1146.000000	66	18	0.828	0.432
1152.000000	66	18	0.808	0.461
1158.000000	66	18	0.778	0.491
1164.000000	66	18	0.735	0.526
1170.000000	66	18	0.670	0.580
1176.000000	18	66	0.649	0.564
1182.000000	18	66	0.714	0.404
1188.000000	18	66	0.774	0.196
1194.000000	18	190	0.852	0.170
1200.000000	18	190	0.889	0.172
1206.000000	18	190	0.906	0.182
1212.000000	18	190	0.922	0.191
1218.000000	18	190	0.929	0.200
1224.000000	18	190	0.933	0.209
1230.000000	18	190	0.935	0.217
1236.000000	18	190	0.933	0.224
1242.000000	18	190	0.930	0.231
1248.000000	18	190	0.928	0.239
1254.000000	18	190	0.929	0.246
1260.000000	18	190	0.927	0.253
1266.000000	18	190	0.925	0.259
1272.000000	18	190	0.921	0.264
1278.000000	18	190	0.917	0.265
1284.000000	18	190	0.913	0.264
1290.000000	18	190	0.909	0.261
1296.000000	18	190	0.905	0.257
1302.000000	18	190	0.900	0.250
1308.000000	18	67	0.896	0.252
1314.000000	18	67	0.891	0.263
1320.000000	18	67	0.885	0.271
1326.000000	18	67	0.878	0.281
1332.000000	18	67	0.872	0.291
1338.000000	18	67	0.864	0.301
1344.000000	18	67	0.855	0.314
1350.000000	18	67	0.843	0.333
1356.000000	18	67	0.827	0.358
1362.000000	18	67	0.808	0.390
1368.000000	18	67	0.782	0.421
1374.000000	18	67	0.750	0.453
1380.000000	18	67	0.706	0.497
1386.000000	18	67	0.644	0.535
1392.000000	67	18	0.584	0.549
1398.000000	67	18	0.648	0.407
1404.000000	67	18	0.725	0.216
1410.000000	67	176	0.808	0.168
1416.000000	67	176	0.869	0.166
1422.000000	67	176	0.907	0.158
1428.000000	67	176	0.922	0.151
1434.000000	67	176	0.928	0.143
1440.000000	67	187	0.935	0.135
1446.000000	67	187	0.942	0.148
1452.000000	67	187	0.944	0.160
1458.000000	67	187	0.945	0.172
1464.000000	67	187	0.944	0.181
1470.000000	67	187	0.942	0.191
1476.000000	67	187	0.940	0.203
1482.000000	67	187	0.938	0.218
1488.000000	67	187	0.935	0.233
1494.000000	67	187	0.931	0.251
1500.000000	67	187	0.928	0.273
1506.000000	67	187	0.925	0.298
1512.000000	67	187	0.921	0.327
1518.000000	67	187	0.918	0.360
1524.000000	67	187	0.913	0.397
1530.000000	67	187	0.907	0.439
1536.000000	67	187	0.900	0.477
1542.000000	67	187	0.889	0.513
1548.000000	67	187	0.875	0.548
1554.000000	67	187	0.861	0.576
1560.000000	67	187	0.845	0.597
1566.000000	67	187	0.824	0.620
1572.000000	67	187	0.800	0.640
1578.000000	67	187	0.769	0.664
1584.000000	67	187	0.733	0.687
1590.000000	187	67	0.717	0.685
1596.000000	187	67	0.737	0.618
1602.000000	187	67	0.776	0.493
1608.000000	187	67	0.844	0.278
1614.000000	187	145	0.919	0.095
1620.000000	187	145	0.950	0.089
1626.000000	187	145	0.966	0.086
1632.000000	187	145	0.970	0.084
1638.000000	187	145	0.970	0.082
1644.000000	187	145	0.968	0.081
1650.000000	187	86	0.967	0.085
1656.000000	187	86	0.965	0.090
1662.000000	187	122	0.962	0.094
1668.000000	187	122	0.960	0.099
1674.000000	187	122	0.957	0.105
1680.000000	187	122	0.954	0.111
1686.000000	187	122	0.951	0.118
1692.000000	187	122	0.947	0.125
1698.000000	187	122	0.943	0.133
1704.000000	187	122	0.939	0.142
1710.000000	187	122	0.934	0.154
1716.000000	187	122	0.928	0.165
1722.000000	187	122	0.923	0.177
1728.000000	187	122	0.917	0.190
1734.000000	187	122	0.911	0.206
1740.000000	187	122	0.904	0.223
1746.000000	187	122	0.895	0.244
1752.000000	187	122	0.883	0.271
1758.000000	187	122	0.869	0.302
1764.000000	187	122	0.849	0.339
1770.000000	187	122	0.822	0.381
1776.000000	187	122	0.788	0.422
1782.000000	187	122	0.737	0.461
1788.000000	187	122	0.655	0.513
1794.000000	122	187	0.571	0.533
1800.000000	122	93	0.631	0.383
1806.000000	122	93	0.717	0.428
1812.000000	122	93	0.779	0.478
1818.000000	122	93	0.819	0.535
1824.000000	122	93	0.837	0.584
1830.000000	122	93	0.840	0.621
1836.000000	122	93	0.838	0.646
1842.000000	122	93	0.834	0.659
1848.000000	122	93	0.835	0.673
1854.000000	122	93	0.838	0.680
1860.000000	122	93	0.841	0.684
1866.000000	122	93	0.839	0.688
1872.000000	122	93	0.835	0.693
1878.000000	122	93	0.831	0.702
1884.000000	122	93	0.828	0.704
1890.000000	122	93	0.824	0.707
1896.000000	122	93	0.820	0.707
1902.000000	122	93	0.815	0.706
1908.000000	122	93	0.808	0.710
1914.000000	122	93	0.802	0.710
1920.000000	122	93	0.794	0.711
1926.000000	122	93	0.791	0.707
1932.000000	122	93	0.784	0.704
1938.000000	122	93	0.774	0.705
1944.000000	122	93	0.766	0.706
1950.000000	122	93	0.759	0.699
1956.000000	122	93	0.751	0.685
1962.000000	122	93	0.744	0.666
1968.000000	122	93	0.734	0.642
1974.000000	122	93	0.719	0.612
1980.000000	122	93	0.697	0.575
1986.000000	122	93	0.671	0.517
1992.000000	122	93	0.632	0.444
1998.000000	122	93	0.584	0.337
2004.000000	122	93	0.510	0.220
2010.000000	122	93	0.398	0.124
2016.000000	122	96	0.232	0.069
2022.000000	122	96	0.077	0.063
2028.000000	96	83	0.057	0.047
2034.000000	96	83	0.052	0.044
2040.000000	96	83	0.045	0.040
2046.000000	96	83	0.036	0.034
2052.000000	83	96	0.027	0.027
2058.000000	49	83	0.024	0.020
2064.000000	49	83	0.020	0.013
2070.000000	49	151	0.016	0.010
2076.000000	49	151	0.012	0.009
2082.000000	49	151	0.009	0.008
