0.000000	125	102	0.000	0.000
6.000000	58	115	0.986	0.035
12.000000	58	115	0.984	0.038
18.000000	58	154	0.983	0.043
24.000000	58	47	0.981	0.052
30.000000	58	47	0.979	0.063
36.000000	58	47	0.977	0.075
42.000000	58	47	0.974	0.090
48.000000	58	47	0.971	0.105
54.000000	58	47	0.968	0.122
60.000000	58	47	0.964	0.141
66.000000	58	47	0.960	0.162
72.000000	58	47	0.957	0.186
78.000000	58	47	0.952	0.214
84.000000	58	47	0.948	0.247
90.000000	58	47	0.943	0.281
96.000000	58	47	0.939	0.313
102.000000	58	47	0.935	0.341
108.000000	58	47	0.931	0.361
114.000000	58	47	0.928	0.376
120.000000	58	47	0.924	0.388
126.000000	58	47	0.921	0.399
132.000000	58	47	0.917	0.409
138.000000	58	47	0.914	0.418
144.000000	58	47	0.909	0.425
150.000000	58	47	0.904	0.435
156.000000	58	47	0.898	0.449
162.000000	58	47	0.891	0.469
168.000000	58	47	0.882	0.490
174.000000	58	47	0.876	0.509
180.000000	58	47	0.869	0.524
186.000000	58	47	0.861	0.539
192.000000	58	47	0.850	0.561
198.000000	58	47	0.839	0.592
204.000000	58	47	0.820	0.624
210.000000	58	47	0.791	0.663
216.000000	58	47	0.756	0.697
222.000000	47	58	0.728	0.706
228.000000	47	58	0.782	0.625
234.000000	47	58	0.835	0.519
240.000000	47	58	0.873	0.372
246.000000	47	58	0.917	0.169
252.000000	47	15	0.959	0.061
258.000000	47	15	0.968	0.060
264.000000	47	15	0.971	0.060
270.000000	47	15	0.970	0.062
276.000000	47	6	0.967	0.066
282.000000	47	146	0.964	0.071
288.000000	47	146	0.960	0.077
294.000000	47	146	0.956	0.083
300.000000	47	167	0.951	0.091
306.000000	47	167	0.945	0.106
312.000000	47	167	0.938	0.120
318.000000	47	167	0.930	0.136
324.000000	47	167	0.921	0.155
330.000000	47	167	0.910	0.176
336.000000	47	167	0.898	0.199
342.000000	47	167	0.884	0.221
348.000000	47	167	0.868	0.240
354.000000	47	167	0.850	0.259
360.000000	47	167	0.828	0.278
366.000000	47	167	0.804	0.299
372.000000	47	167	0.776	0.319
378.000000	47	167	0.740	0.337
384.000000	47	167	0.691	0.362
390.000000	47	167	0.623	0.394
396.000000	47	167	0.529	0.426
402.000000	167	47	0.464	0.403
408.000000	167	72	0.513	0.343
414.000000	167	72	0.564	0.379
420.000000	167	72	0.612	0.402
426.000000	167	72	0.658	0.429
432.000000	167	72	0.691	0.458
438.000000	167	72	0.717	0.488
444.000000	167	72	0.732	0.520
450.000000	167	72	0.736	0.550
456.000000	167	72	0.737	0.579
462.000000	167	72	0.739	0.602
468.000000	167	72	0.746	0.620
474.000000	167	72	0.755	0.631
480.000000	167	72	0.763	0.637
486.000000	167	72	0.766	0.650
492.000000	167	72	0.769	0.662
498.000000	167	72	0.772	0.670
504.000000	167	72	0.781	0.677
510.000000	167	72	0.790	0.682
516.000000	167	72	0.795	0.686
522.000000	167	72	0.797	0.691
528.000000	167	72	0.798	0.697
534.000000	167	72	0.803	0.697
540.000000	167	72	0.801	0.697
546.000000	167	72	0.795	0.694
552.000000	167	72	0.788	0.693
558.000000	167	72	0.779	0.695
564.000000	167	72	0.767	0.693
570.000000	167	72	0.753	0.688
576.000000	167	72	0.734	0.682
582.000000	167	72	0.714	0.676
588.000000	167	72	0.689	0.664
594.000000	167	72	0.656	0.653
600.000000	72	167	0.638	0.613
606.000000	72	167	0.615	0.556
612.000000	72	167	0.585	0.481
618.000000	72	167	0.556	0.372
624.000000	72	167	0.518	0.234
630.000000	72	42	0.474	0.252
636.000000	72	42	0.406	0.286
642.000000	42	72	0.334	0.322
648.000000	42	72	0.402	0.227
654.000000	42	72	0.487	0.145
660.000000	42	77	0.583	0.140
666.000000	42	77	0.683	0.154
672.000000	42	77	0.753	0.172
678.000000	42	77	0.801	0.187
684.000000	42	77	0.829	0.201
690.000000	42	77	0.844	0.212
696.000000	42	77	0.855	0.225
702.000000	42	77	0.862	0.237
708.000000	42	77	0.868	0.248
714.000000	42	77	0.874	0.257
720.000000	42	77	0.882	0.265
726.000000	42	77	0.886	0.270
732.000000	42	77	0.887	0.277
738.000000	42	77	0.888	0.281
744.000000	42	77	0.890	0.283
750.000000	42	77	0.895	0.280
756.000000	42	77	0.898	0.277
762.000000	42	77	0.901	0.272
768.000000	42	77	0.901	0.264
774.000000	42	77	0.901	0.254
780.000000	42	77	0.901	0.240
786.000000	42	77	0.904	0.223
792.000000	42	77	0.904	0.200
798.000000	42	77	0.904	0.176
804.000000	42	175	0.909	0.163
810.000000	42	175	0.912	0.155
816.000000	42	175	0.920	0.143
822.000000	42	175	0.926	0.126
828.000000	42	27	0.929	0.109
834.000000	42	27	0.931	0.105
840.000000	42	27	0.931	0.102
846.000000	42	27	0.931	0.100
852.000000	42	27	0.930	0.097
858.000000	42	27	0.928	0.093
864.000000	42	27	0.926	0.088
870.000000	42	27	0.925	0.083
876.000000	42	27	0.926	0.078
882.000000	42	27	0.929	0.075
888.000000	42	27	0.929	0.072
894.000000	42	27	0.927	0.069
900.000000	42	27	0.923	0.066
906.000000	42	44	0.918	0.064
912.000000	42	44	0.912	0.064
918.000000	42	98	0.904	0.069
924.000000	42	98	0.894	0.075
930.000000	42	98	0.881	0.081
936.000000	42	98	0.865	0.088
942.000000	42	98	0.842	0.096
948.000000	42	98	0.810	0.105
954.000000	42	98	0.763	0.115
960.000000	42	98	0.685	0.128
966.000000	42	98	0.547	0.146
972.000000	42	98	0.299	0.171
978.000000	98	61	0.200	0.177
984.000000	98	61	0.258	0.209
990.000000	98	61	0.364	0.267
996.000000	98	61	0.529	0.357
1002.000000	98	61	0.698	0.481
1008.000000	98	61	0.789	0.602
1014.000000	98	61	0.820	0.677
1020.000000	98	61	0.830	0.718
1026.000000	98	61	0.833	0.738
1032.000000	98	61	0.835	0.749
1038.000000	98	61	0.835	0.753
1044.000000	98	61	0.834	0.755
1050.000000	98	61	0.832	0.756
1056.000000	98	61	0.831	0.757
1062.000000	98	61	0.829	0.759
1068.000000	98	61	0.829	0.759
1074.000000	98	61	0.829	0.758
1080.000000	98	61	0.829	0.758
1086.000000	98	61	0.829	0.756
1092.000000	98	61	0.828	0.755
1098.000000	98	61	0.827	0.753
1104.000000	98	61	0.825	0.752
1110.000000	98	61	0.824	0.753
1116.000000	98	61	0.820	0.753
1122.000000	98	61	0.820	0.752
1128.000000	98	61	0.819	0.753
1134.000000	98	61	0.819	0.753
1140.000000	98	61	0.823	0.749
1146.000000	98	61	0.826	0.744
1152.000000	98	61	0.823	0.737
1158.000000	98	61	0.814	0.732
1164.000000	98	61	0.808	0.718
1170.000000	98	61	0.801	0.699
1176.000000	98	61	0.789	0.677
1182.000000	98	61	0.777	0.639
1188.000000	98	61	0.768	0.581
1194.000000	98	61	0.761	0.491
1200.000000	98	61	0.761	0.357
1206.000000	98	61	0.773	0.177
1212.000000	98	196	0.796	0.055
1218.000000	98	196	0.810	0.053
1224.000000	98	105	0.824	0.051
1230.000000	98	170	0.836	0.051
1236.000000	98	107	0.848	0.054
1242.000000	98	107	0.859	0.059
1248.000000	98	107	0.870	0.064
1254.000000	98	107	0.879	0.068
1260.000000	98	107	0.887	0.071
1266.000000	98	107	0.893	0.072
1272.000000	98	135	0.896	0.075
1278.000000	98	135	0.897	0.083
1284.000000	98	135	0.896	0.092
1290.000000	98	135	0.894	0.101
1296.000000	98	135	0.892	0.110
1302.000000	98	135	0.888	0.120
1308.000000	98	135	0.880	0.130
1314.000000	98	135	0.870	0.140
1320.000000	98	135	0.857	0.152
1326.000000	98	135	0.836	0.164
1332.000000	98	135	0.803	0.178
1338.000000	98	135	0.751	0.198
1344.000000	98	135	0.663	0.226
1350.000000	98	135	0.502	0.264
1356.000000	135	98	0.326	0.246
1362.000000	135	153	0.430	0.189
1368.000000	135	153	0.605	0.208
1374.000000	135	153	0.771	0.243
1380.000000	135	153	0.852	0.285
1386.000000	135	153	0.882	0.328
1392.000000	135	153	0.892	0.374
1398.000000	135	153	0.895	0.421
1404.000000	135	153	0.895	0.470
1410.000000	135	153	0.893	0.514
1416.000000	135	153	0.890	0.545
1422.000000	135	153	0.888	0.570
1428.000000	135	153	0.887	0.590
1434.000000	135	153	0.888	0.606
1440.000000	135	153	0.891	0.617
1446.000000	135	153	0.893	0.621
1452.000000	135	153	0.892	0.626
1458.000000	135	153	0.891	0.630
1464.000000	135	153	0.891	0.633
1470.000000	135	153	0.892	0.634
1476.000000	135	153	0.897	0.632
1482.000000	135	153	0.899	0.634
1488.000000	135	153	0.902	0.634
1494.000000	135	153	0.905	0.636
1500.000000	135	153	0.906	0.635
1506.000000	135	153	0.908	0.632
1512.000000	135	153	0.910	0.634
1518.000000	135	153	0.914	0.632
1524.000000	135	153	0.917	0.627
1530.000000	135	153	0.920	0.625
1536.000000	135	153	0.923	0.623
1542.000000	135	153	0.924	0.617
1548.000000	135	153	0.923	0.608
1554.000000	135	153	0.923	0.589
1560.000000	135	153	0.922	0.559
1566.000000	135	153	0.920	0.509
1572.000000	135	153	0.921	0.427
1578.000000	135	153	0.929	0.295
1584.000000	135	153	0.934	0.143
1590.000000	135	153	0.937	0.050
1596.000000	135	40	0.936	0.047
1602.000000	135	17	0.934	0.046
1608.000000	135	17	0.931	0.047
1614.000000	135	17	0.927	0.049
1620.000000	135	17	0.923	0.051
1626.000000	135	17	0.917	0.053
1632.000000	135	17	0.911	0.055
1638.000000	135	17	0.903	0.057
1644.000000	135	17	0.893	0.059
1650.000000	135	17	0.880	0.060
1656.000000	135	118	0.861	0.064
1662.000000	135	118	0.836	0.068
1668.000000	135	118	0.800	0.072
1674.000000	135	118	0.744	0.075
1680.000000	135	118	0.648	0.077
1686.000000	135	118	0.457	0.076
1692.000000	135	118	0.130	0.066
1698.000000	118	133	0.054	0.043
1704.000000	118	133	0.045	0.036
1710.000000	118	133	0.034	0.027
1716.000000	118	0	0.024	0.019
1722.000000	118	0	0.016	0.013
1728.000000	118	0	0.010	0.008
