0.000000	125	102	0.000	0.000
6.000000	134	179	0.986	0.031
12.000000	134	179	0.985	0.037
18.000000	134	179	0.984	0.044
24.000000	134	179	0.982	0.051
30.000000	134	179	0.980	0.059
36.000000	134	179	0.978	0.067
42.000000	134	179	0.976	0.075
48.000000	134	179	0.974	0.083
54.000000	134	179	0.971	0.091
60.000000	134	179	0.969	0.099
66.000000	134	179	0.966	0.106
72.000000	134	179	0.964	0.111
78.000000	134	179	0.961	0.116
84.000000	134	179	0.959	0.120
90.000000	134	179	0.957	0.124
96.000000	134	179	0.955	0.128
102.000000	134	179	0.952	0.131
108.000000	134	179	0.950	0.135
114.000000	134	179	0.948	0.136
120.000000	134	179	0.946	0.136
126.000000	134	179	0.944	0.135
132.000000	134	179	0.943	0.133
138.000000	134	32	0.941	0.137
144.000000	134	32	0.939	0.141
150.000000	134	32	0.938	0.143
156.000000	134	32	0.938	0.142
162.000000	134	32	0.937	0.141
168.000000	134	32	0.937	0.137
174.000000	134	32	0.937	0.133
180.000000	134	32	0.936	0.128
186.000000	134	32	0.936	0.119
192.000000	134	32	0.935	0.107
198.000000	134	164	0.934	0.099
204.000000	134	19	0.933	0.093
210.000000	134	19	0.932	0.090
216.000000	134	19	0.930	0.088
222.000000	134	19	0.927	0.088
228.000000	134	19	0.924	0.090
234.000000	134	19	0.919	0.091
240.000000	134	19	0.914	0.090
246.000000	134	19	0.906	0.088
252.000000	134	19	0.897	0.085
258.000000	134	19	0.887	0.081
264.000000	134	19	0.875	0.078
270.000000	134	19	0.860	0.074
276.000000	134	19	0.841	0.070
282.000000	134	19	0.817	0.065
288.000000	134	19	0.783	0.060
294.000000	134	19	0.732	0.055
300.000000	134	151	0.644	0.057
306.000000	134	151	0.471	0.060
312.000000	134	151	0.156	0.051
318.000000	151	128	0.033	0.028
324.000000	151	128	0.026	0.020
330.000000	151	128	0.019	0.013
336.000000	151	128	0.013	0.007
342.000000	151	15	0.008	0.004
