0.000000	125	102	0.000	0.000
6.000000	117	198	0.986	0.039
12.000000	117	198	0.985	0.042
18.000000	117	198	0.984	0.044
24.000000	117	14	0.982	0.049
30.000000	117	14	0.980	0.054
36.000000	117	14	0.978	0.059
42.000000	117	14	0.976	0.065
48.000000	117	82	0.973	0.074
54.000000	117	82	0.970	0.089
60.000000	117	82	0.967	0.106
66.000000	117	82	0.964	0.126
72.000000	117	82	0.961	0.146
78.000000	117	82	0.957	0.164
84.000000	117	82	0.954	0.180
90.000000	117	82	0.951	0.195
96.000000	117	82	0.948	0.207
102.000000	117	82	0.945	0.219
108.000000	117	82	0.942	0.231
114.000000	117	82	0.940	0.245
120.000000	117	82	0.937	0.261
126.000000	117	82	0.935	0.275
132.000000	117	82	0.933	0.286
138.000000	117	82	0.931	0.296
144.000000	117	82	0.929	0.305
150.000000	117	82	0.927	0.312
156.000000	117	82	0.925	0.316
162.000000	117	82	0.924	0.321
168.000000	117	82	0.921	0.326
174.000000	117	82	0.918	0.332
180.000000	117	82	0.913	0.341
186.000000	117	82	0.907	0.348
192.000000	117	82	0.901	0.354
198.000000	117	82	0.895	0.368
204.000000	117	82	0.889	0.390
210.000000	117	82	0.880	0.420
216.000000	117	82	0.872	0.449
222.000000	117	82	0.862	0.478
228.000000	117	82	0.847	0.509
234.000000	117	82	0.826	0.543
240.000000	117	82	0.798	0.581
246.000000	117	82	0.758	0.620
252.000000	117	82	0.703	0.663
258.000000	82	117	0.709	0.622
264.000000	82	117	0.765	0.476
270.000000	82	117	0.846	0.236
276.000000	82	165	0.910	0.096
282.000000	82	167	0.938	0.095
288.000000	82	167	0.952	0.104
294.000000	82	167	0.951	0.114
300.000000	82	167	0.949	0.125
306.000000	82	167	0.946	0.135
312.000000	82	167	0.942	0.144
318.000000	82	167	0.938	0.154
324.000000	82	167	0.933	0.165
330.000000	82	167	0.928	0.176
336.000000	82	167	0.925	0.187
342.000000	82	167	0.920	0.197
348.000000	82	167	0.913	0.205
354.000000	82	167	0.906	0.209
360.000000	82	167	0.897	0.212
366.000000	82	167	0.887	0.215
372.000000	82	167	0.875	0.218
378.000000	82	167	0.863	0.221
384.000000	82	167	0.850	0.224
390.000000	82	167	0.836	0.223
396.000000	82	47	0.819	0.220
402.000000	82	47	0.801	0.227
408.000000	82	47	0.778	0.237
414.000000	82	47	0.753	0.251
420.000000	82	47	0.723	0.271
426.000000	82	47	0.685	0.292
432.000000	82	47	0.633	0.315
438.000000	82	47	0.551	0.351
444.000000	82	47	0.440	0.403
450.000000	47	82	0.465	0.303
456.000000	47	10	0.541	0.256
462.000000	47	10	0.625	0.258
468.000000	47	10	0.699	0.258
474.000000	47	10	0.753	0.253
480.000000	47	10	0.786	0.247
486.000000	47	10	0.816	0.239
492.000000	47	10	0.830	0.229
498.000000	47	10	0.840	0.216
504.000000	47	36	0.844	0.212
510.000000	47	36	0.855	0.212
516.000000	47	36	0.866	0.209
522.000000	47	36	0.873	0.200
528.000000	47	6	0.872	0.200
534.000000	47	6	0.871	0.207
540.000000	47	6	0.875	0.216
546.000000	47	6	0.878	0.224
552.000000	47	6	0.885	0.232
558.000000	47	6	0.888	0.237
564.000000	47	6	0.888	0.244
570.000000	47	6	0.888	0.248
576.000000	47	6	0.889	0.248
582.000000	47	6	0.889	0.248
588.000000	47	6	0.888	0.248
594.000000	47	6	0.886	0.246
600.000000	47	6	0.885	0.244
606.000000	47	6	0.883	0.241
612.000000	47	6	0.880	0.236
618.000000	47	6	0.877	0.229
624.000000	47	6	0.875	0.219
630.000000	47	15	0.870	0.226
636.000000	47	15	0.864	0.235
642.000000	47	15	0.860	0.244
648.000000	47	15	0.855	0.255
654.000000	47	15	0.848	0.269
660.000000	47	15	0.840	0.289
666.000000	47	15	0.827	0.320
672.000000	47	15	0.812	0.354
678.000000	47	15	0.790	0.390
684.000000	47	15	0.759	0.432
690.000000	47	15	0.715	0.482
696.000000	47	15	0.649	0.541
702.000000	15	47	0.618	0.537
708.000000	15	47	0.716	0.359
714.000000	15	47	0.815	0.151
720.000000	15	121	0.902	0.141
726.000000	15	121	0.941	0.149
732.000000	15	121	0.949	0.162
738.000000	15	121	0.950	0.176
744.000000	15	121	0.950	0.188
750.000000	15	121	0.946	0.206
756.000000	15	121	0.942	0.224
762.000000	15	121	0.938	0.240
768.000000	15	121	0.934	0.255
774.000000	15	121	0.933	0.266
780.000000	15	121	0.931	0.279
786.000000	15	121	0.927	0.294
792.000000	15	121	0.924	0.313
798.000000	15	121	0.921	0.337
804.000000	15	121	0.918	0.363
810.000000	15	121	0.915	0.393
816.000000	15	121	0.913	0.426
822.000000	15	121	0.911	0.457
828.000000	15	121	0.908	0.488
834.000000	15	121	0.905	0.524
840.000000	15	121	0.900	0.567
846.000000	15	121	0.896	0.610
852.000000	15	121	0.887	0.651
858.000000	15	121	0.880	0.685
864.000000	15	121	0.869	0.711
870.000000	15	121	0.851	0.738
876.000000	15	121	0.832	0.756
882.000000	15	121	0.804	0.771
888.000000	121	15	0.782	0.768
894.000000	121	15	0.800	0.712
900.000000	121	15	0.817	0.640
906.000000	121	15	0.840	0.538
912.000000	121	15	0.871	0.374
918.000000	121	15	0.922	0.149
924.000000	121	64	0.948	0.081
930.000000	121	64	0.956	0.075
936.000000	121	64	0.959	0.071
942.000000	121	64	0.962	0.070
948.000000	121	64	0.963	0.069
954.000000	121	64	0.962	0.069
960.000000	121	190	0.959	0.072
966.000000	121	190	0.956	0.076
972.000000	121	100	0.953	0.080
978.000000	121	100	0.950	0.085
984.000000	121	100	0.946	0.090
990.000000	121	100	0.941	0.095
996.000000	121	18	0.936	0.107
1002.000000	121	18	0.929	0.121
1008.000000	121	18	0.922	0.136
1014.000000	121	18	0.912	0.153
1020.000000	121	18	0.901	0.171
1026.000000	121	18	0.889	0.191
1032.000000	121	18	0.874	0.214
1038.000000	121	18	0.858	0.238
1044.000000	121	18	0.838	0.267
1050.000000	121	18	0.813	0.304
1056.000000	121	18	0.781	0.346
1062.000000	121	18	0.737	0.386
1068.000000	121	18	0.674	0.434
1074.000000	121	18	0.582	0.497
1080.000000	18	121	0.562	0.446
1086.000000	18	121	0.645	0.247
1092.000000	18	180	0.750	0.150
1098.000000	18	167	0.817	0.150
1104.000000	18	167	0.844	0.151
1110.000000	18	167	0.872	0.154
1116.000000	18	167	0.881	0.158
1122.000000	18	167	0.882	0.166
1128.000000	18	167	0.884	0.173
1134.000000	18	167	0.888	0.177
1140.000000	18	167	0.888	0.177
1146.000000	18	167	0.889	0.179
1152.000000	18	167	0.888	0.178
1158.000000	18	167	0.889	0.173
1164.000000	18	167	0.895	0.162
1170.000000	18	167	0.894	0.152
1176.000000	18	167	0.895	0.138
1182.000000	18	25	0.894	0.134
1188.000000	18	25	0.893	0.144
1194.000000	18	25	0.893	0.154
1200.000000	18	25	0.893	0.163
1206.000000	18	25	0.892	0.176
1212.000000	18	25	0.891	0.191
1218.000000	18	25	0.890	0.207
1224.000000	18	25	0.887	0.226
1230.000000	18	25	0.883	0.248
1236.000000	18	25	0.877	0.274
1242.000000	18	25	0.870	0.304
1248.000000	18	25	0.862	0.340
1254.000000	18	25	0.853	0.376
1260.000000	18	25	0.842	0.412
1266.000000	18	25	0.827	0.451
1272.000000	18	25	0.807	0.482
1278.000000	18	25	0.785	0.508
1284.000000	18	25	0.758	0.543
1290.000000	18	25	0.723	0.583
1296.000000	18	25	0.673	0.624
1302.000000	25	18	0.663	0.595
1308.000000	25	18	0.730	0.468
1314.000000	25	18	0.802	0.290
1320.000000	25	139	0.862	0.266
1326.000000	25	139	0.905	0.302
1332.000000	25	139	0.929	0.352
1338.000000	25	139	0.935	0.410
1344.000000	25	139	0.938	0.469
1350.000000	25	139	0.936	0.526
1356.000000	25	139	0.931	0.583
1362.000000	25	139	0.927	0.626
1368.000000	25	139	0.923	0.656
1374.000000	25	139	0.919	0.679
1380.000000	25	139	0.917	0.695
1386.000000	25	139	0.915	0.707
1392.000000	25	139	0.912	0.716
1398.000000	25	139	0.910	0.721
1404.000000	25	139	0.908	0.726
1410.000000	25	139	0.905	0.730
1416.000000	25	139	0.901	0.732
1422.000000	25	139	0.897	0.735
1428.000000	25	139	0.892	0.738
1434.000000	25	139	0.884	0.743
1440.000000	25	139	0.877	0.747
1446.000000	25	139	0.869	0.750
1452.000000	25	139	0.859	0.751
1458.000000	25	139	0.843	0.755
1464.000000	25	139	0.823	0.763
1470.000000	25	139	0.802	0.767
1476.000000	139	25	0.775	0.773
1482.000000	139	25	0.796	0.721
1488.000000	139	25	0.814	0.651
1494.000000	139	25	0.837	0.535
1500.000000	139	25	0.885	0.340
1506.000000	139	25	0.936	0.121
1512.000000	139	19	0.966	0.062
1518.000000	139	39	0.970	0.064
1524.000000	139	39	0.969	0.073
1530.000000	139	39	0.967	0.087
1536.000000	139	39	0.965	0.105
1542.000000	139	39	0.961	0.126
1548.000000	139	39	0.957	0.148
1554.000000	139	39	0.952	0.174
1560.000000	139	39	0.947	0.204
1566.000000	139	39	0.940	0.241
1572.000000	139	39	0.931	0.286
1578.000000	139	39	0.920	0.342
1584.000000	139	39	0.907	0.417
1590.000000	139	39	0.890	0.500
1596.000000	139	39	0.870	0.565
1602.000000	139	39	0.845	0.606
1608.000000	139	39	0.812	0.639
1614.000000	139	39	0.762	0.675
1620.000000	39	139	0.706	0.694
1626.000000	39	139	0.745	0.593
1632.000000	39	139	0.797	0.446
1638.000000	39	139	0.852	0.247
1644.000000	39	41	0.908	0.196
1650.000000	39	41	0.927	0.196
1656.000000	39	41	0.934	0.199
1662.000000	39	41	0.936	0.201
1668.000000	39	41	0.934	0.201
1674.000000	39	41	0.932	0.199
1680.000000	39	41	0.931	0.195
1686.000000	39	41	0.933	0.191
1692.000000	39	41	0.930	0.186
1698.000000	39	41	0.926	0.178
1704.000000	39	41	0.922	0.168
1710.000000	39	41	0.918	0.154
1716.000000	39	140	0.917	0.145
1722.000000	39	140	0.914	0.151
1728.000000	39	140	0.912	0.155
1734.000000	39	140	0.909	0.157
1740.000000	39	140	0.906	0.160
1746.000000	39	140	0.902	0.161
1752.000000	39	140	0.897	0.162
1758.000000	39	85	0.892	0.174
1764.000000	39	85	0.886	0.188
1770.000000	39	85	0.880	0.201
1776.000000	39	85	0.872	0.214
1782.000000	39	85	0.864	0.225
1788.000000	39	85	0.855	0.235
1794.000000	39	85	0.845	0.244
1800.000000	39	85	0.832	0.253
1806.000000	39	85	0.817	0.261
1812.000000	39	85	0.797	0.270
1818.000000	39	85	0.771	0.281
1824.000000	39	85	0.738	0.292
1830.000000	39	85	0.692	0.304
1836.000000	39	85	0.630	0.319
1842.000000	39	85	0.542	0.341
1848.000000	39	85	0.405	0.369
1854.000000	85	170	0.413	0.336
1860.000000	85	170	0.473	0.367
1866.000000	85	170	0.540	0.390
1872.000000	85	170	0.600	0.414
1878.000000	85	170	0.636	0.441
1884.000000	85	170	0.655	0.477
1890.000000	85	170	0.668	0.519
1896.000000	85	170	0.680	0.560
1902.000000	85	170	0.689	0.591
1908.000000	85	170	0.698	0.619
1914.000000	85	170	0.707	0.643
1920.000000	85	170	0.717	0.661
1926.000000	85	170	0.723	0.674
1932.000000	85	170	0.725	0.688
1938.000000	85	170	0.735	0.709
1944.000000	85	170	0.738	0.725
1950.000000	85	170	0.745	0.742
1956.000000	170	85	0.756	0.752
1962.000000	170	85	0.771	0.755
1968.000000	170	85	0.786	0.757
1974.000000	170	85	0.806	0.761
1980.000000	170	85	0.822	0.760
1986.000000	170	85	0.836	0.755
1992.000000	170	85	0.853	0.741
1998.000000	170	85	0.861	0.730
2004.000000	170	85	0.863	0.715
2010.000000	170	85	0.863	0.697
2016.000000	170	85	0.862	0.673
2022.000000	170	85	0.863	0.639
2028.000000	170	85	0.871	0.585
2034.000000	170	85	0.884	0.508
2040.000000	170	85	0.889	0.398
2046.000000	170	85	0.900	0.259
2052.000000	170	85	0.909	0.132
2058.000000	170	183	0.921	0.132
2064.000000	170	183	0.934	0.138
2070.000000	170	183	0.935	0.144
2076.000000	170	183	0.933	0.153
2082.000000	170	183	0.930	0.164
2088.000000	170	183	0.925	0.178
2094.000000	170	183	0.919	0.193
2100.000000	170	183	0.913	0.211
2106.000000	170	183	0.908	0.231
2112.000000	170	183	0.904	0.253
2118.000000	170	183	0.897	0.274
2124.000000	170	183	0.886	0.295
2130.000000	170	183	0.870	0.317
2136.000000	170	183	0.847	0.344
2142.000000	170	183	0.817	0.371
2148.000000	170	183	0.780	0.394
2154.000000	170	183	0.730	0.421
2160.000000	170	183	0.657	0.458
2166.000000	170	183	0.546	0.497
2172.000000	183	170	0.554	0.375
2178.000000	183	90	0.651	0.199
2184.000000	183	90	0.740	0.210
2190.000000	183	90	0.810	0.224
2196.000000	183	90	0.849	0.244
2202.000000	183	90	0.871	0.264
2208.000000	183	90	0.886	0.293
2214.000000	183	90	0.890	0.321
2220.000000	183	90	0.892	0.351
2226.000000	183	90	0.892	0.379
2232.000000	183	90	0.890	0.405
2238.000000	183	90	0.887	0.431
2244.000000	183	90	0.885	0.459
2250.000000	183	90	0.884	0.490
2256.000000	183	90	0.884	0.519
2262.000000	183	90	0.883	0.549
2268.000000	183	90	0.887	0.577
2274.000000	183	90	0.886	0.598
2280.000000	183	90	0.884	0.615
2286.000000	183	90	0.882	0.629
2292.000000	183	90	0.877	0.647
2298.000000	183	90	0.873	0.667
2304.000000	183	90	0.868	0.688
2310.000000	183	90	0.863	0.704
2316.000000	183	90	0.856	0.715
2322.000000	183	90	0.845	0.724
2328.000000	183	90	0.836	0.729
2334.000000	183	90	0.822	0.741
2340.000000	183	90	0.807	0.753
2346.000000	183	90	0.786	0.765
2352.000000	90	183	0.775	0.760
2358.000000	90	183	0.784	0.728
2364.000000	90	183	0.796	0.686
2370.000000	90	183	0.809	0.622
2376.000000	90	183	0.834	0.514
2382.000000	90	183	0.865	0.356
2388.000000	90	183	0.904	0.162
2394.000000	90	36	0.937	0.064
2400.000000	90	36	0.952	0.066
2406.000000	90	36	0.959	0.068
2412.000000	90	36	0.963	0.070
2418.000000	90	36	0.963	0.073
2424.000000	90	36	0.961	0.076
2430.000000	90	166	0.959	0.085
2436.000000	90	166	0.956	0.095
2442.000000	90	166	0.952	0.107
2448.000000	90	166	0.947	0.119
2454.000000	90	166	0.942	0.133
2460.000000	90	166	0.936	0.148
2466.000000	90	166	0.929	0.162
2472.000000	90	166	0.921	0.177
2478.000000	90	166	0.911	0.193
2484.000000	90	166	0.899	0.212
2490.000000	90	166	0.884	0.231
2496.000000	90	166	0.866	0.252
2502.000000	90	166	0.843	0.274
2508.000000	90	166	0.812	0.298
2514.000000	90	166	0.768	0.322
2520.000000	90	166	0.705	0.347
2526.000000	90	166	0.612	0.379
2532.000000	90	166	0.483	0.424
2538.000000	166	90	0.480	0.310
2544.000000	166	36	0.571	0.239
2550.000000	166	36	0.673	0.249
2556.000000	166	36	0.749	0.263
2562.000000	166	36	0.791	0.293
2568.000000	166	36	0.816	0.326
2574.000000	166	36	0.829	0.357
2580.000000	166	36	0.846	0.386
2586.000000	166	36	0.854	0.415
2592.000000	166	36	0.860	0.442
2598.000000	166	36	0.863	0.466
2604.000000	166	36	0.876	0.484
2610.000000	166	36	0.880	0.501
2616.000000	166	36	0.883	0.516
2622.000000	166	36	0.893	0.530
2628.000000	166	36	0.900	0.545
2634.000000	166	36	0.901	0.563
2640.000000	166	36	0.901	0.575
2646.000000	166	36	0.899	0.588
2652.000000	166	36	0.899	0.601
2658.000000	166	36	0.897	0.614
2664.000000	166	36	0.895	0.624
2670.000000	166	36	0.892	0.635
2676.000000	166	36	0.889	0.645
2682.000000	166	36	0.885	0.657
2688.000000	166	36	0.882	0.665
2694.000000	166	36	0.878	0.668
2700.000000	166	36	0.873	0.674
2706.000000	166	36	0.870	0.678
2712.000000	166	36	0.865	0.679
2718.000000	166	36	0.858	0.675
2724.000000	166	36	0.850	0.667
2730.000000	166	36	0.840	0.656
2736.000000	166	36	0.828	0.643
2742.000000	166	36	0.811	0.630
2748.000000	166	36	0.792	0.611
2754.000000	166	36	0.764	0.590
2760.000000	166	36	0.732	0.560
2766.000000	166	36	0.684	0.522
2772.000000	166	36	0.610	0.472
2778.000000	166	36	0.497	0.404
2784.000000	166	36	0.316	0.315
2790.000000	36	177	0.210	0.109
2796.000000	36	177	0.107	0.099
2802.000000	177	54	0.096	0.083
2808.000000	177	69	0.098	0.080
2814.000000	177	69	0.107	0.084
2820.000000	177	69	0.119	0.090
2826.000000	177	69	0.137	0.098
2832.000000	177	69	0.163	0.107
2838.000000	177	69	0.200	0.119
2844.000000	177	69	0.254	0.135
2850.000000	177	69	0.336	0.154
2856.000000	177	69	0.459	0.174
2862.000000	177	69	0.609	0.198
2868.000000	177	69	0.718	0.226
2874.000000	177	69	0.788	0.258
2880.000000	177	69	0.835	0.294
2886.000000	177	69	0.869	0.333
2892.000000	177	69	0.901	0.365
2898.000000	177	69	0.910	0.400
2904.000000	177	69	0.911	0.430
2910.000000	177	69	0.910	0.458
2916.000000	177	69	0.908	0.484
2922.000000	177	69	0.906	0.509
2928.000000	177	69	0.904	0.528
2934.000000	177	69	0.903	0.542
2940.000000	177	69	0.902	0.551
2946.000000	177	69	0.903	0.557
2952.000000	177	69	0.904	0.563
2958.000000	177	69	0.906	0.572
2964.000000	177	69	0.906	0.585
2970.000000	177	69	0.906	0.597
2976.000000	177	69	0.906	0.610
2982.000000	177	69	0.905	0.627
2988.000000	177	69	0.905	0.650
2994.000000	177	69	0.907	0.666
3000.000000	177	69	0.908	0.678
3006.000000	177	69	0.908	0.688
3012.000000	177	69	0.907	0.700
3018.000000	177	69	0.905	0.705
3024.000000	177	69	0.903	0.706
3030.000000	177	69	0.901	0.704
3036.000000	177	69	0.898	0.699
3042.000000	177	69	0.894	0.693
3048.000000	177	69	0.887	0.687
3054.000000	177	69	0.881	0.678
3060.000000	177	69	0.874	0.661
3066.000000	177	69	0.866	0.636
3072.000000	177	69	0.859	0.597
3078.000000	177	69	0.847	0.544
3084.000000	177	69	0.834	0.463
3090.000000	177	69	0.826	0.328
3096.000000	177	69	0.821	0.171
3102.000000	177	69	0.812	0.070
3108.000000	177	109	0.798	0.047
3114.000000	177	109	0.778	0.046
3120.000000	177	109	0.746	0.046
3126.000000	177	46	0.697	0.046
3132.000000	177	46	0.615	0.050
3138.000000	177	46	0.465	0.053
3144.000000	177	46	0.196	0.047
3150.000000	46	68	0.032	0.026
3156.000000	46	68	0.026	0.022
3162.000000	46	68	0.020	0.017
3168.000000	46	68	0.015	0.012
3174.000000	46	68	0.009	0.007
