0.000000	125	102	0.000	0.000
6.000000	11	191	0.986	0.036
12.000000	11	191	0.985	0.040
18.000000	11	191	0.984	0.045
24.000000	11	191	0.982	0.051
30.000000	11	191	0.981	0.058
36.000000	11	191	0.978	0.066
42.000000	11	191	0.976	0.075
48.000000	11	122	0.973	0.085
54.000000	11	122	0.970	0.098
60.000000	11	122	0.967	0.111
66.000000	11	122	0.964	0.125
72.000000	11	122	0.961	0.137
78.000000	11	122	0.957	0.147
84.000000	11	122	0.954	0.155
90.000000	11	148	0.950	0.163
96.000000	11	148	0.947	0.179
102.000000	11	148	0.944	0.195
108.000000	11	148	0.941	0.209
114.000000	11	148	0.938	0.223
120.000000	11	148	0.935	0.234
126.000000	11	148	0.931	0.243
132.000000	11	79	0.928	0.253
138.000000	11	79	0.924	0.270
144.000000	11	79	0.920	0.287
150.000000	11	79	0.914	0.303
156.000000	11	79	0.910	0.320
162.000000	11	79	0.906	0.337
168.000000	11	79	0.903	0.353
174.000000	11	79	0.899	0.373
180.000000	11	79	0.895	0.402
186.000000	11	79	0.890	0.434
192.000000	11	79	0.882	0.479
198.000000	11	79	0.867	0.542
204.000000	11	79	0.852	0.588
210.000000	11	79	0.831	0.625
216.000000	11	79	0.805	0.648
222.000000	11	79	0.769	0.674
228.000000	11	79	0.716	0.711
234.000000	79	11	0.742	0.640
240.000000	79	11	0.773	0.522
246.000000	79	148	0.807	0.531
252.000000	79	148	0.833	0.572
258.000000	79	148	0.858	0.616
264.000000	79	148	0.872	0.644
270.000000	79	148	0.874	0.656
276.000000	79	148	0.871	0.661
282.000000	79	148	0.867	0.662
288.000000	79	148	0.862	0.660
294.000000	79	148	0.860	0.653
300.000000	79	148	0.855	0.648
306.000000	79	148	0.848	0.644
312.000000	79	148	0.842	0.639
318.000000	79	148	0.835	0.633
324.000000	79	148	0.830	0.626
330.000000	79	148	0.824	0.617
336.000000	79	148	0.820	0.603
342.000000	79	148	0.814	0.587
348.000000	79	148	0.811	0.564
354.000000	79	148	0.806	0.534
360.000000	79	148	0.801	0.496
366.000000	79	148	0.794	0.446
372.000000	79	148	0.789	0.372
378.000000	79	148	0.788	0.264
384.000000	79	148	0.785	0.140
390.000000	79	22	0.789	0.129
396.000000	79	22	0.782	0.130
402.000000	79	22	0.766	0.134
408.000000	79	22	0.743	0.142
414.000000	79	22	0.714	0.152
420.000000	79	22	0.674	0.163
426.000000	79	22	0.618	0.176
432.000000	79	22	0.539	0.191
438.000000	79	22	0.426	0.208
444.000000	79	22	0.280	0.230
450.000000	22	30	0.257	0.209
456.000000	22	30	0.294	0.247
462.000000	22	30	0.348	0.296
468.000000	22	30	0.408	0.360
474.000000	22	30	0.454	0.439
480.000000	30	22	0.506	0.485
486.000000	30	22	0.556	0.512
492.000000	30	22	0.596	0.527
498.000000	30	22	0.624	0.546
504.000000	30	22	0.647	0.557
510.000000	30	22	0.658	0.562
516.000000	30	22	0.664	0.567
522.000000	30	22	0.671	0.575
528.000000	30	22	0.678	0.582
534.000000	30	22	0.685	0.586
540.000000	30	22	0.686	0.587
546.000000	30	22	0.685	0.590
552.000000	30	22	0.684	0.596
558.000000	30	22	0.682	0.599
564.000000	30	22	0.683	0.603
570.000000	30	22	0.685	0.614
576.000000	30	22	0.691	0.622
582.000000	30	22	0.710	0.625
588.000000	30	22	0.720	0.627
594.000000	30	22	0.724	0.632
600.000000	30	22	0.726	0.639
606.000000	30	22	0.726	0.647
612.000000	30	22	0.726	0.649
618.000000	30	22	0.735	0.646
624.000000	30	22	0.748	0.646
630.000000	30	22	0.756	0.658
636.000000	30	22	0.763	0.660
642.000000	30	22	0.773	0.658
648.000000	30	22	0.786	0.645
654.000000	30	22	0.795	0.630
660.000000	30	22	0.801	0.610
666.000000	30	22	0.810	0.573
672.000000	30	22	0.817	0.522
678.000000	30	22	0.826	0.450
684.000000	30	22	0.833	0.356
690.000000	30	22	0.843	0.236
696.000000	30	55	0.859	0.146
702.000000	30	55	0.868	0.158
708.000000	30	55	0.878	0.173
714.000000	30	55	0.882	0.193
720.000000	30	55	0.883	0.215
726.000000	30	55	0.883	0.244
732.000000	30	55	0.883	0.278
738.000000	30	55	0.878	0.319
744.000000	30	55	0.869	0.363
750.000000	30	55	0.857	0.409
756.000000	30	55	0.839	0.458
762.000000	30	55	0.812	0.514
768.000000	30	55	0.777	0.570
774.000000	30	55	0.727	0.621
780.000000	55	30	0.678	0.654
786.000000	55	30	0.731	0.546
792.000000	55	30	0.805	0.376
798.000000	55	30	0.884	0.177
804.000000	55	108	0.939	0.114
810.000000	55	108	0.963	0.113
816.000000	55	108	0.964	0.114
822.000000	55	108	0.962	0.114
828.000000	55	108	0.958	0.112
834.000000	55	108	0.954	0.108
840.000000	55	108	0.949	0.103
846.000000	55	26	0.945	0.100
852.000000	55	26	0.940	0.103
858.000000	55	26	0.936	0.106
864.000000	55	177	0.932	0.116
870.000000	55	177	0.927	0.126
876.000000	55	177	0.923	0.134
882.000000	55	177	0.919	0.141
888.000000	55	177	0.913	0.149
894.000000	55	177	0.906	0.155
900.000000	55	177	0.901	0.157
906.000000	55	177	0.896	0.158
912.000000	55	177	0.892	0.155
918.000000	55	177	0.889	0.152
924.000000	55	177	0.886	0.147
930.000000	55	34	0.884	0.154
936.000000	55	34	0.882	0.161
942.000000	55	34	0.880	0.167
948.000000	55	34	0.878	0.174
954.000000	55	34	0.874	0.183
960.000000	55	34	0.870	0.195
966.000000	55	34	0.863	0.208
972.000000	55	34	0.855	0.222
978.000000	55	34	0.844	0.239
984.000000	55	34	0.831	0.259
990.000000	55	34	0.814	0.281
996.000000	55	34	0.791	0.309
1002.000000	55	34	0.758	0.344
1008.000000	55	34	0.709	0.392
1014.000000	55	34	0.629	0.461
1020.000000	34	55	0.558	0.491
1026.000000	34	55	0.672	0.267
1032.000000	34	145	0.806	0.215
1038.000000	34	145	0.897	0.234
1044.000000	34	145	0.927	0.260
1050.000000	34	145	0.947	0.288
1056.000000	34	145	0.948	0.322
1062.000000	34	145	0.946	0.360
1068.000000	34	145	0.943	0.397
1074.000000	34	145	0.941	0.428
1080.000000	34	145	0.939	0.455
1086.000000	34	145	0.936	0.479
1092.000000	34	145	0.934	0.499
1098.000000	34	145	0.932	0.512
1104.000000	34	145	0.930	0.518
1110.000000	34	145	0.928	0.520
1116.000000	34	145	0.927	0.521
1122.000000	34	145	0.925	0.520
1128.000000	34	145	0.924	0.520
1134.000000	34	145	0.923	0.521
1140.000000	34	145	0.924	0.521
1146.000000	34	145	0.924	0.520
1152.000000	34	145	0.923	0.516
1158.000000	34	145	0.921	0.513
1164.000000	34	145	0.918	0.509
1170.000000	34	145	0.916	0.497
1176.000000	34	145	0.913	0.479
1182.000000	34	145	0.911	0.454
1188.000000	34	145	0.910	0.417
1194.000000	34	145	0.911	0.360
1200.000000	34	145	0.913	0.272
1206.000000	34	145	0.916	0.156
1212.000000	34	152	0.919	0.054
1218.000000	34	152	0.919	0.055
1224.000000	34	152	0.919	0.055
1230.000000	34	152	0.918	0.055
1236.000000	34	152	0.916	0.055
1242.000000	34	152	0.914	0.056
1248.000000	34	152	0.910	0.057
1254.000000	34	152	0.905	0.058
1260.000000	34	152	0.899	0.058
1266.000000	34	152	0.892	0.058
1272.000000	34	152	0.884	0.057
1278.000000	34	152	0.873	0.054
1284.000000	34	152	0.858	0.051
1290.000000	34	152	0.839	0.048
1296.000000	34	61	0.813	0.049
1302.000000	34	61	0.774	0.049
1308.000000	34	61	0.710	0.049
1314.000000	34	61	0.592	0.048
1320.000000	34	61	0.354	0.043
1326.000000	34	63	0.059	0.034
1332.000000	63	186	0.024	0.021
1338.000000	63	186	0.017	0.015
1344.000000	63	186	0.011	0.009
1350.000000	63	186	0.007	0.006
