0.000000	125	102	0.000	0.000
6.000000	170	194	0.986	0.036
12.000000	170	194	0.985	0.041
18.000000	170	194	0.983	0.047
24.000000	170	194	0.982	0.055
30.000000	170	194	0.980	0.066
36.000000	170	194	0.977	0.076
42.000000	170	194	0.974	0.085
48.000000	170	194	0.971	0.092
54.000000	170	194	0.968	0.099
60.000000	170	194	0.965	0.106
66.000000	170	194	0.961	0.114
72.000000	170	194	0.958	0.123
78.000000	170	194	0.954	0.131
84.000000	170	132	0.951	0.139
90.000000	170	132	0.948	0.148
96.000000	170	110	0.945	0.160
102.000000	170	110	0.942	0.173
108.000000	170	110	0.939	0.186
114.000000	170	110	0.937	0.198
120.000000	170	110	0.935	0.208
126.000000	170	110	0.934	0.217
132.000000	170	110	0.933	0.224
138.000000	170	110	0.932	0.231
144.000000	170	110	0.931	0.237
150.000000	170	110	0.930	0.242
156.000000	170	110	0.930	0.247
162.000000	170	110	0.930	0.252
168.000000	170	110	0.930	0.260
174.000000	170	110	0.929	0.272
180.000000	170	110	0.929	0.288
186.000000	170	110	0.930	0.302
192.000000	170	110	0.930	0.316
198.000000	170	110	0.929	0.337
204.000000	170	110	0.927	0.364
210.000000	170	110	0.924	0.395
216.000000	170	110	0.919	0.431
222.000000	170	110	0.912	0.480
228.000000	170	110	0.902	0.536
234.000000	170	110	0.890	0.585
240.000000	170	110	0.871	0.635
246.000000	170	110	0.847	0.680
252.000000	170	110	0.816	0.712
258.000000	170	110	0.775	0.744
264.000000	110	170	0.771	0.721
270.000000	110	170	0.804	0.621
276.000000	110	170	0.863	0.442
282.000000	110	170	0.930	0.190
288.000000	110	180	0.965	0.077
294.000000	110	180	0.966	0.080
300.000000	110	180	0.963	0.082
306.000000	110	180	0.961	0.083
312.000000	110	180	0.959	0.083
318.000000	110	180	0.958	0.083
324.000000	110	180	0.957	0.082
330.000000	110	20	0.955	0.084
336.000000	110	165	0.952	0.096
342.000000	110	165	0.948	0.106
348.000000	110	165	0.944	0.115
354.000000	110	165	0.939	0.125
360.000000	110	165	0.933	0.133
366.000000	110	165	0.927	0.140
372.000000	110	155	0.920	0.155
378.000000	110	155	0.913	0.173
384.000000	110	155	0.905	0.193
390.000000	110	155	0.896	0.210
396.000000	110	155	0.885	0.226
402.000000	110	155	0.872	0.240
408.000000	110	155	0.854	0.252
414.000000	110	155	0.832	0.263
420.000000	110	155	0.807	0.273
426.000000	110	155	0.775	0.285
432.000000	110	155	0.738	0.298
438.000000	110	155	0.690	0.312
444.000000	110	155	0.625	0.328
450.000000	110	155	0.526	0.350
456.000000	155	110	0.383	0.381
462.000000	164	155	0.430	0.421
468.000000	164	155	0.480	0.473
474.000000	164	155	0.538	0.534
480.000000	155	164	0.590	0.586
486.000000	155	164	0.625	0.616
492.000000	155	164	0.640	0.633
498.000000	155	164	0.647	0.644
504.000000	155	164	0.652	0.650
510.000000	155	164	0.660	0.647
516.000000	155	164	0.671	0.645
522.000000	155	164	0.676	0.638
528.000000	155	27	0.679	0.641
534.000000	155	27	0.680	0.647
540.000000	155	27	0.682	0.648
546.000000	155	27	0.682	0.647
552.000000	155	27	0.676	0.648
558.000000	155	27	0.667	0.652
564.000000	27	155	0.664	0.658
570.000000	27	155	0.677	0.645
576.000000	27	155	0.691	0.632
582.000000	27	155	0.696	0.620
588.000000	27	155	0.700	0.603
594.000000	27	155	0.702	0.584
600.000000	27	155	0.708	0.561
606.000000	27	155	0.715	0.529
612.000000	27	155	0.729	0.494
618.000000	27	155	0.745	0.463
624.000000	27	155	0.771	0.422
630.000000	27	155	0.797	0.363
636.000000	27	155	0.835	0.282
642.000000	27	155	0.868	0.196
648.000000	27	42	0.887	0.144
654.000000	27	42	0.898	0.155
660.000000	27	42	0.908	0.168
666.000000	27	42	0.913	0.182
672.000000	27	42	0.911	0.198
678.000000	27	42	0.908	0.215
684.000000	27	42	0.902	0.231
690.000000	27	42	0.896	0.247
696.000000	27	42	0.888	0.263
702.000000	27	42	0.877	0.278
708.000000	27	42	0.865	0.294
714.000000	27	42	0.849	0.310
720.000000	27	42	0.832	0.326
726.000000	27	42	0.807	0.348
732.000000	27	42	0.779	0.370
738.000000	27	42	0.744	0.395
744.000000	27	42	0.700	0.422
750.000000	27	42	0.643	0.456
756.000000	27	42	0.564	0.495
762.000000	42	27	0.539	0.444
768.000000	42	88	0.595	0.399
774.000000	42	88	0.652	0.440
780.000000	42	88	0.691	0.479
786.000000	42	88	0.734	0.516
792.000000	42	88	0.764	0.551
798.000000	42	88	0.781	0.577
804.000000	42	88	0.791	0.596
810.000000	42	88	0.798	0.614
816.000000	42	88	0.801	0.627
822.000000	42	88	0.804	0.640
828.000000	42	88	0.810	0.651
834.000000	42	88	0.810	0.658
840.000000	42	88	0.810	0.672
846.000000	42	88	0.816	0.686
852.000000	42	88	0.821	0.696
858.000000	42	88	0.823	0.702
864.000000	42	88	0.830	0.699
870.000000	42	88	0.831	0.699
876.000000	42	88	0.829	0.699
882.000000	42	88	0.820	0.700
888.000000	42	88	0.814	0.699
894.000000	42	88	0.813	0.693
900.000000	42	88	0.807	0.688
906.000000	42	88	0.804	0.678
912.000000	42	88	0.801	0.664
918.000000	42	88	0.798	0.644
924.000000	42	88	0.795	0.617
930.000000	42	88	0.792	0.579
936.000000	42	88	0.796	0.518
942.000000	42	88	0.805	0.431
948.000000	42	88	0.816	0.314
954.000000	42	88	0.830	0.185
960.000000	42	88	0.839	0.086
966.000000	42	112	0.846	0.074
972.000000	42	99	0.851	0.076
978.000000	42	99	0.856	0.081
984.000000	42	139	0.862	0.089
990.000000	42	139	0.868	0.097
996.000000	42	139	0.874	0.104
1002.000000	42	139	0.880	0.110
1008.000000	42	139	0.883	0.117
1014.000000	42	139	0.886	0.125
1020.000000	42	139	0.885	0.135
1026.000000	42	139	0.881	0.146
1032.000000	42	139	0.875	0.160
1038.000000	42	139	0.863	0.177
1044.000000	42	139	0.847	0.198
1050.000000	42	139	0.825	0.221
1056.000000	42	139	0.795	0.247
1062.000000	42	139	0.749	0.275
1068.000000	42	139	0.679	0.305
1074.000000	42	139	0.567	0.345
1080.000000	139	42	0.407	0.406
1086.000000	139	72	0.471	0.248
1092.000000	139	44	0.546	0.264
1098.000000	139	44	0.619	0.288
1104.000000	139	44	0.678	0.315
1110.000000	139	44	0.711	0.346
1116.000000	139	44	0.735	0.374
1122.000000	139	44	0.754	0.402
1128.000000	139	44	0.767	0.431
1134.000000	139	44	0.777	0.463
1140.000000	139	44	0.784	0.492
1146.000000	139	44	0.798	0.517
1152.000000	139	44	0.815	0.544
1158.000000	139	44	0.826	0.565
1164.000000	139	44	0.831	0.578
1170.000000	139	44	0.835	0.590
1176.000000	139	44	0.835	0.601
1182.000000	139	44	0.839	0.609
1188.000000	139	44	0.840	0.627
1194.000000	139	44	0.842	0.635
1200.000000	139	44	0.844	0.640
1206.000000	139	44	0.851	0.648
1212.000000	139	44	0.858	0.658
1218.000000	139	44	0.859	0.665
1224.000000	139	44	0.860	0.669
1230.000000	139	44	0.864	0.676
1236.000000	139	44	0.866	0.686
1242.000000	139	44	0.868	0.694
1248.000000	139	44	0.868	0.698
1254.000000	139	44	0.866	0.699
1260.000000	139	44	0.862	0.697
1266.000000	139	44	0.852	0.698
1272.000000	139	44	0.842	0.698
1278.000000	139	44	0.835	0.691
1284.000000	139	44	0.828	0.681
1290.000000	139	44	0.817	0.669
1296.000000	139	44	0.798	0.660
1302.000000	139	44	0.777	0.649
1308.000000	139	44	0.761	0.625
1314.000000	139	44	0.738	0.595
1320.000000	139	44	0.706	0.557
1326.000000	139	44	0.666	0.501
1332.000000	139	44	0.609	0.429
1338.000000	139	44	0.521	0.340
1344.000000	139	44	0.376	0.237
1350.000000	139	44	0.174	0.140
1356.000000	115	97	0.145	0.126
1362.000000	115	97	0.168	0.135
1368.000000	115	97	0.209	0.149
1374.000000	115	97	0.268	0.168
1380.000000	115	97	0.356	0.194
1386.000000	115	97	0.479	0.229
1392.000000	115	97	0.604	0.280
1398.000000	115	97	0.693	0.343
1404.000000	115	97	0.751	0.416
1410.000000	115	97	0.783	0.485
1416.000000	115	97	0.799	0.538
1422.000000	115	97	0.802	0.571
1428.000000	115	97	0.804	0.590
1434.000000	115	97	0.808	0.604
1440.000000	115	97	0.808	0.617
1446.000000	115	97	0.808	0.628
1452.000000	115	97	0.807	0.634
1458.000000	115	97	0.807	0.639
1464.000000	115	97	0.810	0.641
1470.000000	115	97	0.810	0.644
1476.000000	115	97	0.810	0.649
1482.000000	115	97	0.811	0.650
1488.000000	115	97	0.813	0.654
1494.000000	115	97	0.814	0.659
1500.000000	115	97	0.817	0.664
1506.000000	115	97	0.823	0.664
1512.000000	115	97	0.829	0.666
1518.000000	115	97	0.840	0.667
1524.000000	115	97	0.848	0.670
1530.000000	115	97	0.857	0.677
1536.000000	115	97	0.870	0.681
1542.000000	115	97	0.877	0.683
1548.000000	115	97	0.883	0.680
1554.000000	115	97	0.889	0.672
1560.000000	115	97	0.891	0.664
1566.000000	115	97	0.888	0.654
1572.000000	115	97	0.887	0.638
1578.000000	115	97	0.887	0.614
1584.000000	115	97	0.886	0.581
1590.000000	115	97	0.883	0.534
1596.000000	115	97	0.880	0.461
1602.000000	115	97	0.888	0.340
1608.000000	115	97	0.903	0.186
1614.000000	115	97	0.912	0.071
1620.000000	115	159	0.918	0.068
1626.000000	115	159	0.921	0.068
1632.000000	115	159	0.925	0.068
1638.000000	115	159	0.927	0.068
1644.000000	115	159	0.926	0.066
1650.000000	115	58	0.924	0.070
1656.000000	115	58	0.920	0.078
1662.000000	115	58	0.915	0.086
1668.000000	115	58	0.908	0.094
1674.000000	115	58	0.899	0.102
1680.000000	115	58	0.888	0.111
1686.000000	115	58	0.874	0.122
1692.000000	115	58	0.856	0.136
1698.000000	115	58	0.832	0.156
1704.000000	115	58	0.799	0.184
1710.000000	115	58	0.746	0.219
1716.000000	115	58	0.657	0.264
1722.000000	115	58	0.496	0.331
1728.000000	58	115	0.440	0.236
1734.000000	58	90	0.617	0.063
1740.000000	58	122	0.825	0.059
1746.000000	58	47	0.906	0.067
1752.000000	58	47	0.930	0.080
1758.000000	58	47	0.936	0.093
1764.000000	58	47	0.938	0.108
1770.000000	58	47	0.939	0.127
1776.000000	58	47	0.935	0.147
1782.000000	58	47	0.931	0.172
1788.000000	58	47	0.927	0.202
1794.000000	58	47	0.923	0.235
1800.000000	58	47	0.918	0.273
1806.000000	58	47	0.913	0.313
1812.000000	58	47	0.909	0.348
1818.000000	58	47	0.904	0.381
1824.000000	58	47	0.900	0.409
1830.000000	58	47	0.895	0.432
1836.000000	58	47	0.890	0.452
1842.000000	58	47	0.887	0.468
1848.000000	58	47	0.884	0.485
1854.000000	58	47	0.880	0.503
1860.000000	58	47	0.875	0.521
1866.000000	58	47	0.867	0.542
1872.000000	58	47	0.861	0.555
1878.000000	58	47	0.854	0.570
1884.000000	58	47	0.842	0.586
1890.000000	58	47	0.820	0.611
1896.000000	58	47	0.802	0.638
1902.000000	58	47	0.782	0.659
1908.000000	58	47	0.756	0.681
1914.000000	58	47	0.721	0.698
1920.000000	47	58	0.720	0.667
1926.000000	47	58	0.750	0.586
1932.000000	47	154	0.796	0.480
1938.000000	47	154	0.838	0.507
1944.000000	47	154	0.878	0.544
1950.000000	47	154	0.899	0.586
1956.000000	47	154	0.909	0.611
1962.000000	47	154	0.912	0.626
1968.000000	47	154	0.910	0.635
1974.000000	47	154	0.909	0.634
1980.000000	47	154	0.903	0.634
1986.000000	47	154	0.895	0.634
1992.000000	47	154	0.891	0.628
1998.000000	47	154	0.885	0.621
2004.000000	47	154	0.880	0.612
2010.000000	47	154	0.876	0.596
2016.000000	47	154	0.868	0.582
2022.000000	47	154	0.857	0.568
2028.000000	47	154	0.849	0.547
2034.000000	47	154	0.842	0.522
2040.000000	47	154	0.837	0.493
2046.000000	47	154	0.830	0.457
2052.000000	47	154	0.823	0.409
2058.000000	47	154	0.818	0.353
2064.000000	47	154	0.811	0.286
2070.000000	47	154	0.804	0.204
2076.000000	47	169	0.797	0.191
2082.000000	47	169	0.786	0.190
2088.000000	47	169	0.771	0.191
2094.000000	47	169	0.749	0.195
2100.000000	47	169	0.714	0.199
2106.000000	47	167	0.659	0.214
2112.000000	47	167	0.572	0.246
2118.000000	47	167	0.438	0.287
2124.000000	167	47	0.343	0.259
2130.000000	167	178	0.411	0.296
2136.000000	167	178	0.478	0.331
2142.000000	167	178	0.541	0.359
2148.000000	167	178	0.586	0.379
2154.000000	167	178	0.618	0.394
2160.000000	167	178	0.641	0.407
2166.000000	167	178	0.652	0.419
2172.000000	167	178	0.662	0.426
2178.000000	167	178	0.670	0.430
2184.000000	167	178	0.681	0.433
2190.000000	167	178	0.691	0.438
2196.000000	167	178	0.700	0.442
2202.000000	167	178	0.705	0.444
2208.000000	167	178	0.709	0.447
2214.000000	167	178	0.715	0.447
2220.000000	167	178	0.721	0.443
2226.000000	167	178	0.727	0.439
2232.000000	167	178	0.740	0.435
2238.000000	167	178	0.762	0.425
2244.000000	167	178	0.793	0.409
2250.000000	167	178	0.817	0.391
2256.000000	167	178	0.841	0.376
2262.000000	167	178	0.865	0.355
2268.000000	167	178	0.881	0.326
2274.000000	167	178	0.902	0.284
2280.000000	167	178	0.918	0.225
2286.000000	167	178	0.927	0.151
2292.000000	167	69	0.934	0.090
2298.000000	167	66	0.941	0.090
2304.000000	167	66	0.943	0.092
2310.000000	167	66	0.943	0.092
2316.000000	167	66	0.942	0.092
2322.000000	167	66	0.938	0.094
2328.000000	167	66	0.933	0.096
2334.000000	167	66	0.928	0.098
2340.000000	167	66	0.922	0.099
2346.000000	167	66	0.916	0.100
2352.000000	167	66	0.909	0.100
2358.000000	167	112	0.901	0.100
2364.000000	167	112	0.893	0.104
2370.000000	167	112	0.884	0.109
2376.000000	167	112	0.873	0.113
2382.000000	167	112	0.860	0.117
2388.000000	167	30	0.845	0.122
2394.000000	167	30	0.827	0.127
2400.000000	167	30	0.805	0.133
2406.000000	167	30	0.776	0.140
2412.000000	167	30	0.735	0.149
2418.000000	167	30	0.677	0.160
2424.000000	167	30	0.587	0.175
2430.000000	167	30	0.438	0.195
2436.000000	68	30	0.220	0.218
2442.000000	68	30	0.266	0.255
2448.000000	68	30	0.353	0.319
2454.000000	68	30	0.476	0.409
2460.000000	68	30	0.604	0.516
2466.000000	68	30	0.698	0.624
2472.000000	68	30	0.745	0.690
2478.000000	68	30	0.767	0.720
2484.000000	68	30	0.777	0.735
2490.000000	68	30	0.783	0.745
2496.000000	68	30	0.787	0.755
2502.000000	68	30	0.791	0.761
2508.000000	68	30	0.791	0.765
2514.000000	68	30	0.791	0.770
2520.000000	68	30	0.792	0.774
2526.000000	68	30	0.792	0.775
2532.000000	68	30	0.791	0.774
2538.000000	68	30	0.791	0.774
2544.000000	68	30	0.791	0.777
2550.000000	68	30	0.790	0.776
2556.000000	68	30	0.789	0.775
2562.000000	68	30	0.787	0.775
2568.000000	30	68	0.781	0.780
2574.000000	30	68	0.784	0.777
2580.000000	30	68	0.784	0.773
2586.000000	30	68	0.782	0.769
2592.000000	30	68	0.780	0.765
2598.000000	30	68	0.777	0.760
2604.000000	30	68	0.772	0.755
2610.000000	30	68	0.765	0.752
2616.000000	30	68	0.754	0.753
2622.000000	68	30	0.751	0.743
2628.000000	68	30	0.741	0.730
2634.000000	68	30	0.726	0.713
2640.000000	68	30	0.707	0.687
2646.000000	68	30	0.680	0.650
2652.000000	68	30	0.636	0.601
2658.000000	68	30	0.570	0.531
2664.000000	163	68	0.530	0.474
2670.000000	163	68	0.660	0.331
2676.000000	163	68	0.816	0.165
2682.000000	163	28	0.928	0.081
2688.000000	163	28	0.960	0.079
2694.000000	163	28	0.968	0.081
2700.000000	163	28	0.967	0.086
2706.000000	163	28	0.965	0.090
2712.000000	163	28	0.962	0.095
2718.000000	163	28	0.960	0.099
2724.000000	163	28	0.958	0.103
2730.000000	163	28	0.955	0.106
2736.000000	163	7	0.951	0.111
2742.000000	163	7	0.946	0.129
2748.000000	163	7	0.941	0.148
2754.000000	163	7	0.935	0.166
2760.000000	163	7	0.929	0.183
2766.000000	163	7	0.923	0.199
2772.000000	163	7	0.916	0.215
2778.000000	163	7	0.910	0.229
2784.000000	163	7	0.903	0.242
2790.000000	163	7	0.897	0.257
2796.000000	163	7	0.891	0.271
2802.000000	163	7	0.884	0.284
2808.000000	163	7	0.875	0.297
2814.000000	163	7	0.865	0.314
2820.000000	163	7	0.855	0.330
2826.000000	163	7	0.843	0.348
2832.000000	163	7	0.830	0.368
2838.000000	163	7	0.812	0.392
2844.000000	163	7	0.787	0.420
2850.000000	163	7	0.756	0.448
2856.000000	163	7	0.714	0.466
2862.000000	163	7	0.653	0.489
2868.000000	163	7	0.573	0.525
2874.000000	7	163	0.572	0.447
2880.000000	7	32	0.627	0.423
2886.000000	7	32	0.696	0.460
2892.000000	7	32	0.751	0.485
2898.000000	7	32	0.787	0.491
2904.000000	7	32	0.800	0.504
2910.000000	7	32	0.810	0.512
2916.000000	7	32	0.810	0.518
2922.000000	7	32	0.806	0.520
2928.000000	7	195	0.806	0.523
2934.000000	7	195	0.808	0.528
2940.000000	7	195	0.809	0.529
2946.000000	7	195	0.806	0.529
2952.000000	7	195	0.802	0.528
2958.000000	7	195	0.795	0.530
2964.000000	7	195	0.792	0.532
2970.000000	7	195	0.791	0.537
2976.000000	7	195	0.789	0.541
2982.000000	7	195	0.784	0.548
2988.000000	7	195	0.781	0.557
2994.000000	7	195	0.778	0.565
3000.000000	7	195	0.772	0.577
3006.000000	7	195	0.768	0.585
3012.000000	7	195	0.763	0.593
3018.000000	7	195	0.756	0.609
3024.000000	7	195	0.749	0.626
3030.000000	7	195	0.745	0.639
3036.000000	7	195	0.734	0.650
3042.000000	7	195	0.722	0.661
3048.000000	7	195	0.708	0.669
3054.000000	7	195	0.695	0.673
3060.000000	195	7	0.680	0.672
3066.000000	195	7	0.693	0.636
3072.000000	195	7	0.707	0.584
3078.000000	195	7	0.721	0.507
3084.000000	195	7	0.755	0.380
3090.000000	195	7	0.805	0.213
3096.000000	195	53	0.850	0.095
3102.000000	195	53	0.884	0.092
3108.000000	195	53	0.907	0.090
3114.000000	195	78	0.916	0.098
3120.000000	195	78	0.921	0.106
3126.000000	195	78	0.926	0.114
3132.000000	195	78	0.928	0.122
3138.000000	195	78	0.928	0.127
3144.000000	195	78	0.926	0.131
3150.000000	195	78	0.921	0.135
3156.000000	195	78	0.916	0.138
3162.000000	195	78	0.910	0.139
3168.000000	195	78	0.903	0.140
3174.000000	195	78	0.895	0.139
3180.000000	195	78	0.886	0.138
3186.000000	195	81	0.875	0.138
3192.000000	195	81	0.860	0.151
3198.000000	195	81	0.842	0.164
3204.000000	195	81	0.817	0.175
3210.000000	195	81	0.784	0.186
3216.000000	195	81	0.738	0.198
3222.000000	195	81	0.672	0.215
3228.000000	195	81	0.573	0.232
3234.000000	195	81	0.432	0.250
3240.000000	81	195	0.274	0.258
3246.000000	81	44	0.309	0.254
3252.000000	81	44	0.359	0.276
3258.000000	81	44	0.414	0.307
3264.000000	81	44	0.467	0.335
3270.000000	81	44	0.509	0.357
3276.000000	81	44	0.543	0.375
3282.000000	81	100	0.574	0.392
3288.000000	81	100	0.601	0.416
3294.000000	81	100	0.617	0.434
3300.000000	81	100	0.634	0.448
3306.000000	81	100	0.653	0.462
3312.000000	81	100	0.672	0.476
3318.000000	81	100	0.685	0.485
3324.000000	81	100	0.704	0.493
3330.000000	81	100	0.714	0.497
3336.000000	81	100	0.719	0.504
3342.000000	81	100	0.736	0.514
3348.000000	81	100	0.745	0.526
3354.000000	81	100	0.754	0.537
3360.000000	81	100	0.758	0.551
3366.000000	81	100	0.765	0.566
3372.000000	81	100	0.775	0.582
3378.000000	81	100	0.790	0.599
3384.000000	81	100	0.805	0.623
3390.000000	81	100	0.815	0.643
3396.000000	81	100	0.825	0.658
3402.000000	81	100	0.831	0.671
3408.000000	81	100	0.832	0.685
3414.000000	81	100	0.836	0.694
3420.000000	81	100	0.834	0.702
3426.000000	81	100	0.832	0.704
3432.000000	81	100	0.829	0.705
3438.000000	81	100	0.825	0.705
3444.000000	81	100	0.821	0.703
3450.000000	81	100	0.817	0.698
3456.000000	81	100	0.810	0.697
3462.000000	81	100	0.803	0.694
3468.000000	81	100	0.798	0.687
3474.000000	81	100	0.792	0.675
3480.000000	81	100	0.779	0.666
3486.000000	81	100	0.768	0.649
3492.000000	81	100	0.757	0.626
3498.000000	81	100	0.744	0.597
3504.000000	81	100	0.724	0.559
3510.000000	81	100	0.701	0.504
3516.000000	81	100	0.673	0.419
3522.000000	81	100	0.630	0.301
3528.000000	81	172	0.561	0.202
3534.000000	81	172	0.445	0.229
3540.000000	172	81	0.281	0.265
3546.000000	172	173	0.371	0.192
3552.000000	172	173	0.538	0.226
3558.000000	172	173	0.735	0.265
3564.000000	172	173	0.838	0.318
3570.000000	172	173	0.879	0.389
3576.000000	172	173	0.887	0.459
3582.000000	172	173	0.890	0.517
3588.000000	172	173	0.891	0.562
3594.000000	172	173	0.890	0.596
3600.000000	172	173	0.888	0.618
3606.000000	172	173	0.887	0.632
3612.000000	172	173	0.885	0.639
3618.000000	172	173	0.884	0.642
3624.000000	172	173	0.882	0.643
3630.000000	172	173	0.880	0.644
3636.000000	172	173	0.878	0.644
3642.000000	172	173	0.876	0.646
3648.000000	172	173	0.875	0.649
3654.000000	172	173	0.874	0.651
3660.000000	172	173	0.873	0.652
3666.000000	172	173	0.871	0.650
3672.000000	172	173	0.870	0.650
3678.000000	172	173	0.870	0.648
3684.000000	172	173	0.869	0.643
3690.000000	172	173	0.870	0.636
3696.000000	172	173	0.871	0.630
3702.000000	172	173	0.873	0.623
3708.000000	172	173	0.875	0.611
3714.000000	172	173	0.880	0.591
3720.000000	172	173	0.890	0.558
3726.000000	172	173	0.899	0.512
3732.000000	172	173	0.911	0.435
3738.000000	172	173	0.922	0.318
3744.000000	172	173	0.938	0.179
3750.000000	172	173	0.949	0.074
3756.000000	172	38	0.959	0.057
3762.000000	172	38	0.962	0.054
3768.000000	172	38	0.963	0.052
3774.000000	172	174	0.962	0.052
3780.000000	172	174	0.961	0.054
3786.000000	172	174	0.958	0.056
3792.000000	172	174	0.956	0.058
3798.000000	172	174	0.953	0.059
3804.000000	172	174	0.949	0.060
3810.000000	172	174	0.945	0.061
3816.000000	172	156	0.940	0.063
3822.000000	172	156	0.934	0.066
3828.000000	172	156	0.928	0.069
3834.000000	172	156	0.920	0.071
3840.000000	172	156	0.912	0.074
3846.000000	172	156	0.901	0.076
3852.000000	172	156	0.887	0.077
3858.000000	172	156	0.869	0.079
3864.000000	172	156	0.846	0.080
3870.000000	172	156	0.813	0.080
3876.000000	172	156	0.762	0.079
3882.000000	172	156	0.675	0.076
3888.000000	172	156	0.501	0.066
3894.000000	172	156	0.168	0.048
3900.000000	156	113	0.032	0.025
3906.000000	156	113	0.020	0.015
3912.000000	156	113	0.011	0.009
3918.000000	156	168	0.005	0.005
