0.000000	125	102	0.000	0.000
6.000000	55	115	0.986	0.039
12.000000	55	115	0.985	0.043
18.000000	55	115	0.984	0.047
24.000000	55	115	0.983	0.052
30.000000	55	115	0.981	0.058
36.000000	55	115	0.979	0.065
42.000000	55	115	0.977	0.073
48.000000	55	115	0.975	0.082
54.000000	55	115	0.972	0.092
60.000000	55	115	0.969	0.103
66.000000	55	115	0.966	0.113
72.000000	55	115	0.963	0.124
78.000000	55	115	0.960	0.134
84.000000	55	115	0.956	0.145
90.000000	55	115	0.953	0.154
96.000000	55	115	0.949	0.163
102.000000	55	115	0.946	0.170
108.000000	55	115	0.942	0.176
114.000000	55	115	0.939	0.182
120.000000	55	115	0.936	0.188
126.000000	55	115	0.932	0.193
132.000000	55	115	0.929	0.199
138.000000	55	115	0.927	0.204
144.000000	55	115	0.925	0.207
150.000000	55	115	0.922	0.207
156.000000	55	115	0.921	0.204
162.000000	55	115	0.919	0.199
168.000000	55	115	0.919	0.191
174.000000	55	145	0.919	0.199
180.000000	55	145	0.919	0.208
186.000000	55	145	0.919	0.216
192.000000	55	145	0.919	0.225
198.000000	55	145	0.919	0.238
204.000000	55	145	0.919	0.255
210.000000	55	145	0.917	0.277
216.000000	55	145	0.912	0.308
222.000000	55	145	0.902	0.351
228.000000	55	145	0.889	0.401
234.000000	55	145	0.872	0.468
240.000000	55	145	0.848	0.544
246.000000	55	145	0.815	0.608
252.000000	55	145	0.766	0.660
258.000000	145	55	0.713	0.696
264.000000	145	55	0.760	0.601
270.000000	145	55	0.813	0.431
276.000000	145	153	0.893	0.220
282.000000	145	153	0.935	0.224
288.000000	145	153	0.946	0.233
294.000000	145	153	0.945	0.251
300.000000	145	153	0.942	0.268
306.000000	145	153	0.938	0.284
312.000000	145	153	0.934	0.298
318.000000	145	153	0.932	0.310
324.000000	145	153	0.930	0.319
330.000000	145	153	0.926	0.327
336.000000	145	153	0.922	0.333
342.000000	145	153	0.919	0.335
348.000000	145	153	0.915	0.332
354.000000	145	153	0.912	0.327
360.000000	145	153	0.911	0.317
366.000000	145	153	0.910	0.305
372.000000	145	153	0.908	0.289
378.000000	145	153	0.907	0.266
384.000000	145	153	0.908	0.238
390.000000	145	153	0.909	0.204
396.000000	145	27	0.908	0.171
402.000000	145	27	0.905	0.186
408.000000	145	27	0.902	0.195
414.000000	145	27	0.898	0.200
420.000000	145	155	0.893	0.207
426.000000	145	155	0.886	0.229
432.000000	145	155	0.875	0.256
438.000000	145	155	0.859	0.285
444.000000	145	155	0.839	0.314
450.000000	145	155	0.814	0.345
456.000000	145	155	0.787	0.378
462.000000	145	155	0.751	0.417
468.000000	145	155	0.704	0.469
474.000000	145	155	0.636	0.531
480.000000	155	145	0.604	0.520
486.000000	155	145	0.687	0.315
492.000000	155	27	0.781	0.313
498.000000	155	27	0.834	0.344
504.000000	155	27	0.878	0.379
510.000000	155	27	0.910	0.403
516.000000	155	27	0.919	0.428
522.000000	155	27	0.919	0.454
528.000000	155	27	0.920	0.475
534.000000	155	27	0.921	0.493
540.000000	155	27	0.920	0.507
546.000000	155	27	0.919	0.519
552.000000	155	27	0.917	0.532
558.000000	155	27	0.916	0.544
564.000000	155	27	0.918	0.552
570.000000	155	27	0.917	0.559
576.000000	155	27	0.917	0.565
582.000000	155	27	0.917	0.568
588.000000	155	27	0.916	0.571
594.000000	155	27	0.914	0.575
600.000000	155	27	0.911	0.579
606.000000	155	27	0.909	0.579
612.000000	155	27	0.907	0.576
618.000000	155	27	0.904	0.571
624.000000	155	27	0.901	0.565
630.000000	155	27	0.898	0.557
636.000000	155	27	0.897	0.550
642.000000	155	27	0.897	0.540
648.000000	155	27	0.895	0.526
654.000000	155	27	0.892	0.508
660.000000	155	27	0.888	0.478
666.000000	155	27	0.884	0.433
672.000000	155	27	0.881	0.369
678.000000	155	27	0.879	0.285
684.000000	155	27	0.876	0.194
690.000000	155	190	0.877	0.186
696.000000	155	190	0.874	0.188
702.000000	155	190	0.868	0.189
708.000000	155	190	0.859	0.192
714.000000	155	190	0.848	0.196
720.000000	155	190	0.833	0.201
726.000000	155	190	0.814	0.208
732.000000	155	190	0.787	0.219
738.000000	155	190	0.745	0.235
744.000000	155	190	0.677	0.263
750.000000	155	190	0.560	0.308
756.000000	190	155	0.369	0.358
762.000000	190	112	0.451	0.129
768.000000	190	112	0.564	0.135
774.000000	190	112	0.685	0.147
780.000000	190	112	0.769	0.159
786.000000	190	112	0.821	0.169
792.000000	190	112	0.850	0.179
798.000000	190	112	0.867	0.187
804.000000	190	112	0.875	0.195
810.000000	190	112	0.883	0.201
816.000000	190	112	0.887	0.204
822.000000	190	18	0.891	0.205
828.000000	190	18	0.892	0.215
834.000000	190	18	0.897	0.225
840.000000	190	18	0.897	0.232
846.000000	190	18	0.896	0.237
852.000000	190	18	0.897	0.239
858.000000	190	18	0.897	0.238
864.000000	190	18	0.896	0.240
870.000000	190	18	0.894	0.242
876.000000	190	18	0.893	0.243
882.000000	190	18	0.893	0.240
888.000000	190	18	0.895	0.234
894.000000	190	18	0.894	0.225
900.000000	190	135	0.894	0.221
906.000000	190	135	0.897	0.225
912.000000	190	135	0.898	0.228
918.000000	190	135	0.898	0.230
924.000000	190	135	0.899	0.229
930.000000	190	135	0.899	0.226
936.000000	190	135	0.901	0.222
942.000000	190	135	0.902	0.215
948.000000	190	195	0.901	0.210
954.000000	190	195	0.900	0.217
960.000000	190	195	0.902	0.227
966.000000	190	195	0.903	0.241
972.000000	190	195	0.900	0.252
978.000000	190	195	0.896	0.262
984.000000	190	195	0.890	0.275
990.000000	190	195	0.882	0.290
996.000000	190	195	0.872	0.306
1002.000000	190	195	0.860	0.326
1008.000000	190	195	0.844	0.349
1014.000000	190	195	0.823	0.380
1020.000000	190	195	0.796	0.422
1026.000000	190	195	0.759	0.470
1032.000000	190	195	0.701	0.520
1038.000000	190	195	0.602	0.587
1044.000000	195	190	0.680	0.424
1050.000000	195	190	0.806	0.157
1056.000000	195	36	0.909	0.083
1062.000000	195	36	0.937	0.083
1068.000000	195	36	0.948	0.085
1074.000000	195	36	0.953	0.088
1080.000000	195	36	0.953	0.091
1086.000000	195	36	0.950	0.093
1092.000000	195	181	0.946	0.097
1098.000000	195	181	0.942	0.110
1104.000000	195	181	0.937	0.122
1110.000000	195	181	0.933	0.134
1116.000000	195	181	0.930	0.147
1122.000000	195	181	0.926	0.161
1128.000000	195	181	0.923	0.175
1134.000000	195	181	0.919	0.190
1140.000000	195	181	0.915	0.207
1146.000000	195	181	0.911	0.224
1152.000000	195	181	0.906	0.241
1158.000000	195	181	0.901	0.256
1164.000000	195	181	0.896	0.269
1170.000000	195	181	0.891	0.286
1176.000000	195	181	0.887	0.303
1182.000000	195	181	0.881	0.322
1188.000000	195	181	0.875	0.340
1194.000000	195	181	0.867	0.355
1200.000000	195	181	0.858	0.369
1206.000000	195	181	0.848	0.384
1212.000000	195	181	0.837	0.406
1218.000000	195	181	0.824	0.433
1224.000000	195	181	0.807	0.470
1230.000000	195	181	0.787	0.518
1236.000000	195	181	0.760	0.575
1242.000000	195	181	0.723	0.629
1248.000000	181	195	0.687	0.660
1254.000000	181	195	0.758	0.553
1260.000000	181	195	0.833	0.383
1266.000000	181	195	0.924	0.151
1272.000000	181	130	0.973	0.055
1278.000000	181	130	0.977	0.051
1284.000000	181	130	0.975	0.051
1290.000000	181	73	0.972	0.056
1296.000000	181	73	0.968	0.062
1302.000000	181	73	0.964	0.069
1308.000000	181	73	0.960	0.077
1314.000000	181	73	0.956	0.087
1320.000000	181	73	0.952	0.095
1326.000000	181	73	0.947	0.103
1332.000000	181	73	0.943	0.111
1338.000000	181	73	0.939	0.116
1344.000000	181	73	0.934	0.121
1350.000000	181	73	0.929	0.124
1356.000000	181	73	0.924	0.126
1362.000000	181	73	0.918	0.130
1368.000000	181	73	0.912	0.135
1374.000000	181	73	0.905	0.138
1380.000000	181	73	0.896	0.139
1386.000000	181	184	0.885	0.145
1392.000000	181	184	0.874	0.153
1398.000000	181	184	0.862	0.159
1404.000000	181	184	0.849	0.165
1410.000000	181	184	0.834	0.167
1416.000000	181	40	0.817	0.175
1422.000000	181	40	0.796	0.192
1428.000000	181	40	0.769	0.215
1434.000000	181	40	0.734	0.236
1440.000000	181	40	0.688	0.256
1446.000000	181	40	0.621	0.279
1452.000000	181	40	0.518	0.311
1458.000000	181	40	0.363	0.360
1464.000000	40	178	0.438	0.272
1470.000000	40	178	0.532	0.303
1476.000000	40	178	0.633	0.334
1482.000000	40	178	0.709	0.374
1488.000000	40	178	0.762	0.420
1494.000000	40	178	0.784	0.460
1500.000000	40	178	0.796	0.491
1506.000000	40	178	0.804	0.520
1512.000000	40	178	0.809	0.543
1518.000000	40	178	0.817	0.563
1524.000000	40	178	0.820	0.578
1530.000000	40	178	0.824	0.594
1536.000000	40	178	0.830	0.607
1542.000000	40	178	0.835	0.613
1548.000000	40	178	0.836	0.618
1554.000000	40	178	0.836	0.629
1560.000000	40	178	0.840	0.646
1566.000000	40	178	0.841	0.667
1572.000000	40	178	0.838	0.689
1578.000000	40	178	0.838	0.703
1584.000000	40	178	0.838	0.716
1590.000000	40	178	0.836	0.725
1596.000000	40	178	0.833	0.730
1602.000000	40	178	0.828	0.736
1608.000000	40	178	0.821	0.746
1614.000000	40	178	0.813	0.752
1620.000000	40	178	0.799	0.762
1626.000000	40	178	0.787	0.766
1632.000000	40	178	0.773	0.769
1638.000000	178	40	0.772	0.756
1644.000000	178	40	0.776	0.738
1650.000000	178	40	0.783	0.715
1656.000000	178	40	0.782	0.693
1662.000000	178	40	0.781	0.661
1668.000000	178	40	0.787	0.615
1674.000000	178	40	0.793	0.547
1680.000000	178	40	0.809	0.437
1686.000000	178	40	0.835	0.273
1692.000000	178	47	0.867	0.134
1698.000000	178	47	0.894	0.133
1704.000000	178	47	0.911	0.135
1710.000000	178	47	0.918	0.136
1716.000000	178	47	0.921	0.135
1722.000000	178	47	0.921	0.132
1728.000000	178	47	0.920	0.128
1734.000000	178	93	0.917	0.128
1740.000000	178	93	0.914	0.128
1746.000000	178	93	0.910	0.128
1752.000000	178	93	0.906	0.128
1758.000000	178	93	0.902	0.126
1764.000000	178	93	0.897	0.124
1770.000000	178	50	0.892	0.124
1776.000000	178	50	0.887	0.133
1782.000000	178	50	0.883	0.142
1788.000000	178	50	0.878	0.148
1794.000000	178	50	0.871	0.153
1800.000000	178	50	0.862	0.158
1806.000000	178	50	0.850	0.164
1812.000000	178	50	0.833	0.174
1818.000000	178	50	0.809	0.183
1824.000000	178	50	0.775	0.193
1830.000000	178	50	0.722	0.204
1836.000000	178	17	0.634	0.229
1842.000000	178	17	0.485	0.279
1848.000000	17	178	0.361	0.265
1854.000000	17	50	0.496	0.289
1860.000000	17	50	0.668	0.343
1866.000000	17	50	0.788	0.421
1872.000000	17	50	0.840	0.509
1878.000000	17	50	0.860	0.588
1884.000000	17	50	0.865	0.650
1890.000000	17	50	0.865	0.687
1896.000000	17	50	0.862	0.709
1902.000000	17	50	0.863	0.723
1908.000000	17	50	0.862	0.728
1914.000000	17	50	0.860	0.731
1920.000000	17	50	0.858	0.735
1926.000000	17	50	0.855	0.738
1932.000000	17	50	0.850	0.743
1938.000000	17	50	0.846	0.745
1944.000000	17	50	0.841	0.749
1950.000000	17	50	0.837	0.752
1956.000000	17	50	0.833	0.759
1962.000000	17	50	0.829	0.762
1968.000000	17	50	0.825	0.764
1974.000000	17	50	0.820	0.766
1980.000000	17	50	0.814	0.769
1986.000000	17	50	0.807	0.774
1992.000000	17	50	0.799	0.779
1998.000000	50	17	0.788	0.784
2004.000000	50	17	0.794	0.771
2010.000000	50	17	0.793	0.757
2016.000000	50	17	0.792	0.740
2022.000000	50	17	0.789	0.718
2028.000000	50	17	0.784	0.690
2034.000000	50	17	0.780	0.648
2040.000000	50	17	0.782	0.583
2046.000000	50	164	0.785	0.486
2052.000000	50	164	0.792	0.548
2058.000000	50	164	0.805	0.624
2064.000000	50	164	0.813	0.705
2070.000000	50	164	0.808	0.763
2076.000000	164	50	0.801	0.788
2082.000000	164	50	0.814	0.767
2088.000000	164	50	0.831	0.729
2094.000000	164	50	0.847	0.673
2100.000000	164	50	0.864	0.597
2106.000000	164	50	0.886	0.482
2112.000000	164	50	0.901	0.319
2118.000000	164	193	0.920	0.181
2124.000000	164	193	0.931	0.200
2130.000000	164	193	0.936	0.228
2136.000000	164	193	0.936	0.262
2142.000000	164	193	0.935	0.303
2148.000000	164	193	0.934	0.350
2154.000000	164	193	0.931	0.396
2160.000000	164	193	0.928	0.440
2166.000000	164	193	0.924	0.483
2172.000000	164	193	0.920	0.516
2178.000000	164	193	0.916	0.540
2184.000000	164	193	0.912	0.559
2190.000000	164	193	0.908	0.580
2196.000000	164	193	0.903	0.603
2202.000000	164	193	0.897	0.622
2208.000000	164	193	0.888	0.643
2214.000000	164	193	0.878	0.663
2220.000000	164	193	0.867	0.685
2226.000000	164	193	0.855	0.698
2232.000000	164	193	0.838	0.715
2238.000000	164	193	0.817	0.729
2244.000000	164	193	0.793	0.747
2250.000000	164	193	0.769	0.759
2256.000000	193	164	0.780	0.729
2262.000000	193	164	0.824	0.656
2268.000000	193	164	0.866	0.556
2274.000000	193	164	0.900	0.405
2280.000000	193	164	0.935	0.209
2286.000000	193	164	0.966	0.070
2292.000000	193	177	0.971	0.063
2298.000000	193	177	0.970	0.066
2304.000000	193	177	0.966	0.070
2310.000000	193	177	0.962	0.075
2316.000000	193	177	0.957	0.080
2322.000000	193	177	0.951	0.084
2328.000000	193	13	0.945	0.091
2334.000000	193	13	0.937	0.103
2340.000000	193	13	0.929	0.115
2346.000000	193	13	0.921	0.126
2352.000000	193	13	0.912	0.136
2358.000000	193	13	0.903	0.147
2364.000000	193	13	0.894	0.158
2370.000000	193	13	0.884	0.170
2376.000000	193	13	0.874	0.181
2382.000000	193	13	0.861	0.192
2388.000000	193	13	0.845	0.202
2394.000000	193	13	0.826	0.213
2400.000000	193	13	0.802	0.226
2406.000000	193	13	0.770	0.240
2412.000000	193	13	0.731	0.255
2418.000000	193	13	0.676	0.272
2424.000000	193	13	0.600	0.293
2430.000000	193	13	0.491	0.323
2436.000000	13	193	0.366	0.325
2442.000000	13	94	0.427	0.296
2448.000000	13	94	0.509	0.328
2454.000000	13	94	0.598	0.364
2460.000000	13	94	0.678	0.404
2466.000000	13	94	0.732	0.440
2472.000000	13	94	0.764	0.468
2478.000000	13	94	0.782	0.491
2484.000000	13	94	0.793	0.505
2490.000000	13	94	0.799	0.515
2496.000000	13	94	0.807	0.527
2502.000000	13	94	0.814	0.537
2508.000000	13	94	0.818	0.548
2514.000000	13	94	0.818	0.560
2520.000000	13	94	0.817	0.566
2526.000000	13	94	0.816	0.572
2532.000000	13	94	0.815	0.577
2538.000000	13	94	0.816	0.581
2544.000000	13	94	0.821	0.586
2550.000000	13	94	0.824	0.592
2556.000000	13	94	0.828	0.601
2562.000000	13	94	0.834	0.607
2568.000000	13	94	0.835	0.618
2574.000000	13	94	0.837	0.627
2580.000000	13	94	0.838	0.641
2586.000000	13	94	0.844	0.646
2592.000000	13	94	0.846	0.648
2598.000000	13	94	0.846	0.646
2604.000000	13	94	0.840	0.649
2610.000000	13	94	0.839	0.643
2616.000000	13	94	0.838	0.630
2622.000000	13	94	0.839	0.611
2628.000000	13	94	0.842	0.585
2634.000000	13	94	0.846	0.550
2640.000000	13	94	0.852	0.501
2646.000000	13	94	0.863	0.430
2652.000000	13	94	0.873	0.334
2658.000000	13	94	0.885	0.216
2664.000000	13	160	0.898	0.130
2670.000000	13	160	0.906	0.117
2676.000000	13	160	0.910	0.105
2682.000000	13	160	0.912	0.095
2688.000000	13	160	0.915	0.086
2694.000000	13	160	0.919	0.077
2700.000000	13	160	0.920	0.070
2706.000000	13	160	0.918	0.066
2712.000000	13	120	0.915	0.064
2718.000000	13	120	0.912	0.068
2724.000000	13	120	0.907	0.073
2730.000000	13	120	0.899	0.079
2736.000000	13	120	0.890	0.084
2742.000000	13	120	0.877	0.089
2748.000000	13	120	0.863	0.095
2754.000000	13	120	0.844	0.100
2760.000000	13	120	0.817	0.105
2766.000000	13	120	0.776	0.110
2772.000000	13	76	0.709	0.116
2778.000000	13	76	0.588	0.130
2784.000000	13	76	0.367	0.147
2790.000000	76	120	0.157	0.142
2796.000000	76	120	0.166	0.162
2802.000000	120	76	0.200	0.198
2808.000000	76	120	0.256	0.256
2814.000000	76	120	0.354	0.337
2820.000000	76	120	0.495	0.432
2826.000000	76	120	0.647	0.522
2832.000000	76	120	0.735	0.609
2838.000000	76	120	0.765	0.669
2844.000000	76	120	0.776	0.702
2850.000000	76	120	0.784	0.715
2856.000000	76	120	0.790	0.718
2862.000000	76	120	0.796	0.719
2868.000000	76	120	0.798	0.721
2874.000000	76	120	0.802	0.718
2880.000000	76	120	0.802	0.716
2886.000000	76	120	0.801	0.715
2892.000000	76	120	0.801	0.714
2898.000000	76	120	0.800	0.713
2904.000000	76	120	0.799	0.711
2910.000000	76	120	0.798	0.709
2916.000000	76	120	0.797	0.708
2922.000000	76	120	0.796	0.706
2928.000000	76	120	0.798	0.709
2934.000000	76	120	0.797	0.709
2940.000000	76	120	0.797	0.706
2946.000000	76	120	0.798	0.704
2952.000000	76	120	0.800	0.700
2958.000000	76	120	0.800	0.695
2964.000000	76	120	0.800	0.686
2970.000000	76	120	0.801	0.675
2976.000000	76	120	0.803	0.663
2982.000000	76	120	0.807	0.644
2988.000000	76	120	0.815	0.613
2994.000000	76	120	0.824	0.568
3000.000000	76	120	0.839	0.502
3006.000000	76	120	0.856	0.406
3012.000000	76	120	0.887	0.258
3018.000000	76	64	0.917	0.138
3024.000000	76	64	0.941	0.115
3030.000000	76	64	0.949	0.099
3036.000000	76	64	0.951	0.086
3042.000000	76	64	0.952	0.073
3048.000000	76	50	0.952	0.063
3054.000000	76	50	0.950	0.066
3060.000000	76	50	0.948	0.070
3066.000000	76	187	0.945	0.076
3072.000000	76	187	0.942	0.084
3078.000000	76	187	0.937	0.093
3084.000000	76	187	0.932	0.102
3090.000000	76	187	0.925	0.112
3096.000000	76	187	0.917	0.123
3102.000000	76	187	0.905	0.134
3108.000000	76	187	0.891	0.145
3114.000000	76	187	0.872	0.157
3120.000000	76	187	0.845	0.168
3126.000000	76	187	0.807	0.179
3132.000000	76	187	0.751	0.193
3138.000000	76	187	0.663	0.210
3144.000000	76	187	0.525	0.234
3150.000000	76	187	0.322	0.268
3156.000000	187	191	0.314	0.280
3162.000000	187	191	0.373	0.309
3168.000000	187	191	0.447	0.338
3174.000000	187	191	0.533	0.371
3180.000000	187	191	0.611	0.403
3186.000000	187	191	0.663	0.434
3192.000000	187	191	0.683	0.466
3198.000000	187	191	0.690	0.490
3204.000000	187	191	0.691	0.509
3210.000000	187	191	0.689	0.526
3216.000000	187	191	0.690	0.537
3222.000000	187	191	0.689	0.546
3228.000000	187	191	0.688	0.552
3234.000000	187	191	0.690	0.555
3240.000000	187	191	0.700	0.555
3246.000000	187	191	0.707	0.560
3252.000000	187	191	0.710	0.563
3258.000000	187	191	0.714	0.566
3264.000000	187	191	0.713	0.567
3270.000000	187	191	0.712	0.571
3276.000000	187	191	0.718	0.578
3282.000000	187	191	0.719	0.582
3288.000000	187	191	0.726	0.584
3294.000000	187	191	0.731	0.584
3300.000000	187	191	0.741	0.580
3306.000000	187	191	0.746	0.580
3312.000000	187	191	0.752	0.579
3318.000000	187	191	0.759	0.578
3324.000000	187	191	0.762	0.577
3330.000000	187	191	0.764	0.576
3336.000000	187	191	0.770	0.575
3342.000000	187	191	0.773	0.580
3348.000000	187	191	0.778	0.579
3354.000000	187	191	0.779	0.568
3360.000000	187	191	0.788	0.538
3366.000000	187	191	0.796	0.497
3372.000000	187	191	0.802	0.437
3378.000000	187	191	0.808	0.363
3384.000000	187	191	0.813	0.280
3390.000000	187	191	0.821	0.194
3396.000000	187	191	0.829	0.116
3402.000000	187	189	0.835	0.112
3408.000000	187	189	0.837	0.113
3414.000000	187	189	0.834	0.113
3420.000000	187	189	0.831	0.113
3426.000000	187	107	0.825	0.122
3432.000000	187	107	0.814	0.135
3438.000000	187	107	0.801	0.149
3444.000000	187	107	0.785	0.166
3450.000000	187	107	0.764	0.184
3456.000000	187	107	0.735	0.206
3462.000000	187	107	0.692	0.235
3468.000000	187	107	0.629	0.272
3474.000000	187	107	0.532	0.316
3480.000000	187	107	0.388	0.374
3486.000000	107	86	0.453	0.308
3492.000000	107	86	0.559	0.355
3498.000000	107	86	0.657	0.403
3504.000000	107	86	0.745	0.456
3510.000000	107	86	0.785	0.504
3516.000000	107	86	0.814	0.544
3522.000000	107	86	0.825	0.589
3528.000000	107	86	0.833	0.624
3534.000000	107	86	0.836	0.649
3540.000000	107	86	0.839	0.669
3546.000000	107	86	0.841	0.690
3552.000000	107	86	0.844	0.706
3558.000000	107	86	0.844	0.715
3564.000000	107	86	0.844	0.722
3570.000000	107	86	0.846	0.730
3576.000000	107	86	0.847	0.733
3582.000000	107	86	0.846	0.735
3588.000000	107	86	0.846	0.740
3594.000000	107	86	0.848	0.748
3600.000000	107	86	0.848	0.756
3606.000000	107	86	0.847	0.762
3612.000000	107	86	0.845	0.767
3618.000000	107	86	0.844	0.772
3624.000000	107	86	0.845	0.772
3630.000000	107	86	0.841	0.775
3636.000000	107	86	0.835	0.782
3642.000000	107	86	0.828	0.787
3648.000000	107	86	0.817	0.795
3654.000000	107	86	0.809	0.800
3660.000000	107	86	0.804	0.801
3666.000000	86	107	0.803	0.792
3672.000000	86	107	0.809	0.775
3678.000000	86	107	0.812	0.758
3684.000000	86	107	0.816	0.735
3690.000000	86	107	0.816	0.705
3696.000000	86	107	0.818	0.660
3702.000000	86	107	0.827	0.588
3708.000000	86	107	0.847	0.467
3714.000000	86	107	0.879	0.273
3720.000000	86	107	0.913	0.078
3726.000000	86	164	0.937	0.053
3732.000000	86	164	0.946	0.049
3738.000000	86	72	0.950	0.048
3744.000000	86	72	0.950	0.049
3750.000000	86	72	0.948	0.049
3756.000000	86	72	0.944	0.049
3762.000000	86	20	0.939	0.048
3768.000000	86	20	0.933	0.051
3774.000000	86	172	0.926	0.054
3780.000000	86	172	0.918	0.058
3786.000000	86	172	0.909	0.062
3792.000000	86	156	0.899	0.069
3798.000000	86	156	0.887	0.080
3804.000000	86	156	0.872	0.092
3810.000000	86	156	0.853	0.106
3816.000000	86	156	0.828	0.121
3822.000000	86	156	0.793	0.139
3828.000000	86	156	0.739	0.161
3834.000000	86	156	0.655	0.189
3840.000000	86	156	0.519	0.226
3846.000000	86	156	0.314	0.278
3852.000000	156	172	0.361	0.178
3858.000000	156	172	0.498	0.206
3864.000000	156	172	0.673	0.237
3870.000000	156	172	0.798	0.272
3876.000000	156	172	0.831	0.316
3882.000000	156	172	0.848	0.365
3888.000000	156	172	0.856	0.417
3894.000000	156	172	0.859	0.461
3900.000000	156	172	0.856	0.501
3906.000000	156	172	0.855	0.530
3912.000000	156	172	0.854	0.552
3918.000000	156	172	0.853	0.568
3924.000000	156	172	0.852	0.579
3930.000000	156	172	0.851	0.589
3936.000000	156	172	0.850	0.600
3942.000000	156	172	0.849	0.607
3948.000000	156	172	0.849	0.611
3954.000000	156	172	0.849	0.613
3960.000000	156	172	0.849	0.615
3966.000000	156	172	0.850	0.618
3972.000000	156	172	0.853	0.623
3978.000000	156	172	0.852	0.627
3984.000000	156	172	0.854	0.633
3990.000000	156	172	0.857	0.640
3996.000000	156	172	0.860	0.653
4002.000000	156	172	0.861	0.660
4008.000000	156	172	0.859	0.668
4014.000000	156	172	0.857	0.679
4020.000000	156	172	0.857	0.683
4026.000000	156	172	0.860	0.686
4032.000000	156	172	0.859	0.690
4038.000000	156	172	0.855	0.693
4044.000000	156	172	0.852	0.693
4050.000000	156	172	0.848	0.688
4056.000000	156	172	0.843	0.682
4062.000000	156	172	0.832	0.678
4068.000000	156	172	0.820	0.671
4074.000000	156	172	0.809	0.659
4080.000000	156	172	0.792	0.647
4086.000000	156	172	0.767	0.633
4092.000000	156	172	0.733	0.614
4098.000000	156	172	0.680	0.588
4104.000000	156	172	0.590	0.559
4110.000000	172	156	0.538	0.431
4116.000000	172	156	0.538	0.214
4122.000000	172	49	0.519	0.091
4128.000000	172	49	0.457	0.088
4134.000000	172	49	0.352	0.082
4140.000000	172	49	0.250	0.073
4146.000000	172	49	0.180	0.067
4152.000000	172	49	0.136	0.063
4158.000000	172	49	0.107	0.060
4164.000000	172	49	0.084	0.056
4170.000000	172	49	0.060	0.051
4176.000000	49	172	0.045	0.036
4182.000000	49	66	0.037	0.029
4188.000000	49	75	0.028	0.022
4194.000000	75	49	0.020	0.019
4200.000000	75	66	0.018	0.011
4206.000000	75	71	0.014	0.009
4212.000000	75	71	0.011	0.007
4218.000000	75	31	0.008	0.005
