0.000000	125	102	0.000	0.000
6.000000	33	149	0.986	0.036
12.000000	33	35	0.985	0.039
18.000000	33	35	0.984	0.043
24.000000	33	35	0.982	0.048
30.000000	33	35	0.981	0.053
36.000000	33	35	0.979	0.058
42.000000	33	35	0.976	0.062
48.000000	33	35	0.974	0.067
54.000000	33	35	0.971	0.072
60.000000	33	35	0.969	0.078
66.000000	33	35	0.966	0.084
72.000000	33	35	0.964	0.091
78.000000	33	35	0.961	0.098
84.000000	33	35	0.959	0.105
90.000000	33	35	0.956	0.112
96.000000	33	35	0.954	0.119
102.000000	33	42	0.951	0.126
108.000000	33	42	0.948	0.134
114.000000	33	42	0.945	0.143
120.000000	33	42	0.942	0.152
126.000000	33	42	0.939	0.163
132.000000	33	42	0.936	0.174
138.000000	33	42	0.934	0.185
144.000000	33	42	0.931	0.198
150.000000	33	42	0.929	0.211
156.000000	33	42	0.926	0.224
162.000000	33	42	0.924	0.238
168.000000	33	42	0.921	0.255
174.000000	33	42	0.918	0.278
180.000000	33	42	0.915	0.305
186.000000	33	42	0.911	0.339
192.000000	33	42	0.905	0.382
198.000000	33	42	0.899	0.430
204.000000	33	42	0.890	0.495
210.000000	33	42	0.878	0.576
216.000000	33	42	0.863	0.639
222.000000	33	42	0.839	0.689
228.000000	33	42	0.809	0.734
234.000000	33	42	0.772	0.770
240.000000	42	33	0.796	0.719
246.000000	42	33	0.829	0.625
252.000000	42	33	0.874	0.460
258.000000	42	33	0.933	0.217
264.000000	42	82	0.962	0.089
270.000000	42	77	0.965	0.085
276.000000	42	77	0.962	0.092
282.000000	42	77	0.959	0.102
288.000000	42	77	0.955	0.113
294.000000	42	77	0.951	0.124
300.000000	42	77	0.947	0.135
306.000000	42	77	0.942	0.143
312.000000	42	77	0.937	0.151
318.000000	42	77	0.932	0.158
324.000000	42	77	0.927	0.165
330.000000	42	77	0.922	0.172
336.000000	42	77	0.916	0.177
342.000000	42	77	0.911	0.181
348.000000	42	77	0.905	0.185
354.000000	42	77	0.899	0.189
360.000000	42	77	0.893	0.192
366.000000	42	77	0.887	0.194
372.000000	42	77	0.882	0.195
378.000000	42	77	0.877	0.195
384.000000	42	77	0.871	0.195
390.000000	42	77	0.866	0.195
396.000000	42	77	0.859	0.194
402.000000	42	77	0.852	0.192
408.000000	42	174	0.845	0.195
414.000000	42	174	0.837	0.206
420.000000	42	174	0.827	0.216
426.000000	42	174	0.812	0.227
432.000000	42	174	0.793	0.238
438.000000	42	174	0.769	0.250
444.000000	42	174	0.738	0.262
450.000000	42	174	0.696	0.278
456.000000	42	174	0.630	0.304
462.000000	42	174	0.520	0.345
468.000000	174	42	0.403	0.346
474.000000	174	10	0.469	0.321
480.000000	174	10	0.557	0.376
486.000000	174	10	0.647	0.451
492.000000	174	10	0.712	0.523
498.000000	174	10	0.739	0.576
504.000000	174	10	0.754	0.616
510.000000	174	10	0.760	0.645
516.000000	174	10	0.762	0.665
522.000000	174	10	0.763	0.681
528.000000	174	10	0.763	0.691
534.000000	174	10	0.763	0.698
540.000000	174	10	0.765	0.701
546.000000	174	10	0.766	0.704
552.000000	174	10	0.765	0.707
558.000000	174	10	0.767	0.710
564.000000	174	10	0.765	0.714
570.000000	174	10	0.762	0.720
576.000000	174	10	0.760	0.719
582.000000	174	10	0.760	0.716
588.000000	174	10	0.759	0.712
594.000000	174	10	0.756	0.708
600.000000	174	10	0.752	0.704
606.000000	174	10	0.745	0.703
612.000000	174	10	0.737	0.697
618.000000	174	10	0.728	0.689
624.000000	174	10	0.717	0.680
630.000000	174	10	0.703	0.671
636.000000	174	10	0.684	0.664
642.000000	10	174	0.660	0.658
648.000000	10	174	0.649	0.632
654.000000	10	174	0.638	0.596
660.000000	10	174	0.632	0.544
666.000000	10	174	0.614	0.472
672.000000	10	174	0.588	0.361
678.000000	10	174	0.568	0.205
684.000000	10	59	0.551	0.109
690.000000	10	59	0.504	0.101
696.000000	10	59	0.417	0.097
702.000000	10	59	0.297	0.095
708.000000	10	59	0.177	0.093
714.000000	10	115	0.100	0.095
720.000000	8	115	0.115	0.108
726.000000	8	115	0.148	0.125
732.000000	8	115	0.193	0.150
738.000000	8	115	0.257	0.183
744.000000	8	115	0.351	0.220
750.000000	8	115	0.474	0.258
756.000000	8	115	0.576	0.293
762.000000	8	115	0.649	0.332
768.000000	8	115	0.697	0.368
774.000000	8	115	0.725	0.393
780.000000	8	115	0.737	0.409
786.000000	8	115	0.739	0.423
792.000000	8	115	0.739	0.435
798.000000	8	115	0.739	0.444
804.000000	8	115	0.743	0.452
810.000000	8	115	0.749	0.455
816.000000	8	115	0.756	0.458
822.000000	8	115	0.760	0.463
828.000000	8	115	0.766	0.462
834.000000	8	115	0.776	0.458
840.000000	8	115	0.779	0.454
846.000000	8	115	0.782	0.449
852.000000	8	26	0.787	0.455
858.000000	8	26	0.791	0.466
864.000000	8	26	0.802	0.479
870.000000	8	26	0.820	0.493
876.000000	8	26	0.837	0.507
882.000000	8	26	0.850	0.522
888.000000	8	26	0.861	0.541
894.000000	8	26	0.870	0.563
900.000000	8	26	0.882	0.592
906.000000	8	26	0.892	0.622
912.000000	8	26	0.899	0.656
918.000000	8	26	0.904	0.679
924.000000	8	26	0.905	0.694
930.000000	8	26	0.904	0.709
936.000000	8	26	0.904	0.721
942.000000	8	26	0.902	0.725
948.000000	8	26	0.898	0.727
954.000000	8	26	0.893	0.730
960.000000	8	26	0.890	0.730
966.000000	8	26	0.886	0.729
972.000000	8	26	0.876	0.732
978.000000	8	26	0.866	0.731
984.000000	8	26	0.855	0.730
990.000000	8	26	0.844	0.725
996.000000	8	26	0.830	0.720
1002.000000	8	26	0.812	0.714
1008.000000	8	26	0.787	0.708
1014.000000	8	26	0.751	0.700
1020.000000	8	26	0.699	0.695
1026.000000	26	8	0.697	0.619
1032.000000	26	8	0.714	0.481
1038.000000	26	8	0.746	0.265
1044.000000	26	8	0.790	0.084
1050.000000	26	73	0.817	0.058
1056.000000	26	49	0.841	0.060
1062.000000	26	49	0.863	0.065
1068.000000	26	49	0.883	0.070
1074.000000	26	49	0.898	0.075
1080.000000	26	49	0.910	0.079
1086.000000	26	49	0.919	0.082
1092.000000	26	49	0.926	0.085
1098.000000	26	49	0.930	0.086
1104.000000	26	49	0.933	0.087
1110.000000	26	49	0.933	0.086
1116.000000	26	49	0.932	0.085
1122.000000	26	63	0.931	0.084
1128.000000	26	63	0.928	0.091
1134.000000	26	63	0.925	0.097
1140.000000	26	63	0.922	0.102
1146.000000	26	63	0.917	0.108
1152.000000	26	63	0.912	0.112
1158.000000	26	63	0.905	0.117
1164.000000	26	89	0.898	0.121
1170.000000	26	89	0.888	0.140
1176.000000	26	89	0.876	0.161
1182.000000	26	89	0.860	0.185
1188.000000	26	89	0.839	0.213
1194.000000	26	89	0.809	0.249
1200.000000	26	89	0.766	0.296
1206.000000	26	89	0.693	0.358
1212.000000	26	89	0.562	0.456
1218.000000	89	26	0.592	0.342
1224.000000	89	63	0.771	0.218
1230.000000	89	63	0.882	0.234
1236.000000	89	63	0.910	0.266
1242.000000	89	63	0.912	0.313
1248.000000	89	63	0.912	0.370
1254.000000	89	63	0.916	0.430
1260.000000	89	63	0.912	0.484
1266.000000	89	63	0.906	0.524
1272.000000	89	63	0.901	0.551
1278.000000	89	63	0.897	0.572
1284.000000	89	63	0.893	0.585
1290.000000	89	63	0.890	0.599
1296.000000	89	63	0.887	0.608
1302.000000	89	63	0.884	0.614
1308.000000	89	63	0.881	0.619
1314.000000	89	63	0.878	0.625
1320.000000	89	63	0.875	0.630
1326.000000	89	63	0.875	0.637
1332.000000	89	63	0.881	0.639
1338.000000	89	63	0.882	0.639
1344.000000	89	63	0.882	0.641
1350.000000	89	63	0.882	0.645
1356.000000	89	63	0.881	0.645
1362.000000	89	63	0.881	0.647
1368.000000	89	63	0.881	0.649
1374.000000	89	63	0.881	0.651
1380.000000	89	63	0.880	0.653
1386.000000	89	63	0.879	0.656
1392.000000	89	63	0.877	0.659
1398.000000	89	63	0.875	0.662
1404.000000	89	63	0.871	0.666
1410.000000	89	63	0.866	0.673
1416.000000	89	63	0.863	0.673
1422.000000	89	63	0.862	0.666
1428.000000	89	63	0.858	0.658
1434.000000	89	63	0.852	0.648
1440.000000	89	63	0.845	0.633
1446.000000	89	63	0.836	0.609
1452.000000	89	63	0.821	0.576
1458.000000	89	63	0.806	0.520
1464.000000	89	63	0.789	0.428
1470.000000	89	63	0.769	0.290
1476.000000	89	63	0.752	0.146
1482.000000	89	63	0.724	0.071
1488.000000	89	63	0.675	0.042
1494.000000	89	185	0.585	0.042
1500.000000	89	185	0.406	0.038
1506.000000	89	185	0.126	0.024
1512.000000	45	15	0.015	0.015
1518.000000	111	15	0.011	0.011
1524.000000	111	137	0.010	0.008
