0.000000	125	102	0.000	0.000
6.000000	77	2	0.986	0.036
12.000000	77	2	0.985	0.040
18.000000	77	2	0.984	0.044
24.000000	77	2	0.982	0.049
30.000000	77	2	0.980	0.055
36.000000	77	2	0.978	0.061
42.000000	77	2	0.976	0.068
48.000000	77	2	0.973	0.074
54.000000	77	132	0.970	0.080
60.000000	77	132	0.968	0.088
66.000000	77	132	0.965	0.096
72.000000	77	132	0.962	0.105
78.000000	77	132	0.959	0.114
84.000000	77	132	0.956	0.123
90.000000	77	132	0.953	0.134
96.000000	77	132	0.950	0.144
102.000000	77	132	0.947	0.153
108.000000	77	132	0.945	0.161
114.000000	77	132	0.942	0.169
120.000000	77	132	0.940	0.177
126.000000	77	132	0.937	0.185
132.000000	77	132	0.934	0.193
138.000000	77	132	0.930	0.201
144.000000	77	132	0.928	0.207
150.000000	77	132	0.925	0.211
156.000000	77	132	0.924	0.215
162.000000	77	42	0.922	0.220
168.000000	77	42	0.920	0.228
174.000000	77	42	0.918	0.233
180.000000	77	42	0.915	0.236
186.000000	77	42	0.910	0.237
192.000000	77	46	0.905	0.255
198.000000	77	46	0.898	0.280
204.000000	77	46	0.890	0.307
210.000000	77	46	0.880	0.334
216.000000	77	46	0.867	0.363
222.000000	77	46	0.849	0.395
228.000000	77	46	0.828	0.433
234.000000	77	46	0.800	0.475
240.000000	77	46	0.761	0.525
246.000000	77	46	0.707	0.575
252.000000	46	77	0.642	0.623
258.000000	46	77	0.708	0.497
264.000000	46	132	0.785	0.338
270.000000	46	132	0.866	0.347
276.000000	46	132	0.905	0.357
282.000000	46	132	0.913	0.372
288.000000	46	132	0.914	0.386
294.000000	46	132	0.915	0.399
300.000000	46	132	0.913	0.414
306.000000	46	132	0.910	0.426
312.000000	46	132	0.907	0.435
318.000000	46	132	0.903	0.440
324.000000	46	132	0.899	0.444
330.000000	46	132	0.896	0.446
336.000000	46	132	0.893	0.445
342.000000	46	132	0.889	0.442
348.000000	46	132	0.885	0.438
354.000000	46	132	0.883	0.428
360.000000	46	132	0.881	0.414
366.000000	46	132	0.880	0.393
372.000000	46	132	0.878	0.364
378.000000	46	132	0.876	0.325
384.000000	46	132	0.877	0.269
390.000000	46	39	0.879	0.263
396.000000	46	39	0.879	0.282
402.000000	46	39	0.881	0.301
408.000000	46	39	0.878	0.322
414.000000	46	39	0.873	0.350
420.000000	46	39	0.866	0.388
426.000000	46	39	0.856	0.437
432.000000	46	39	0.844	0.490
438.000000	46	39	0.832	0.539
444.000000	46	39	0.815	0.585
450.000000	46	39	0.796	0.623
456.000000	46	39	0.765	0.659
462.000000	46	39	0.715	0.696
468.000000	39	46	0.736	0.641
474.000000	39	46	0.793	0.525
480.000000	39	46	0.850	0.356
486.000000	39	170	0.892	0.186
492.000000	39	170	0.919	0.188
498.000000	39	170	0.935	0.194
504.000000	39	170	0.941	0.204
510.000000	39	170	0.942	0.220
516.000000	39	170	0.943	0.235
522.000000	39	170	0.942	0.249
528.000000	39	170	0.941	0.262
534.000000	39	170	0.941	0.276
540.000000	39	170	0.939	0.291
546.000000	39	170	0.936	0.306
552.000000	39	170	0.932	0.322
558.000000	39	170	0.928	0.336
564.000000	39	170	0.925	0.351
570.000000	39	170	0.921	0.365
576.000000	39	170	0.917	0.377
582.000000	39	170	0.914	0.389
588.000000	39	170	0.909	0.404
594.000000	39	170	0.904	0.420
600.000000	39	170	0.897	0.435
606.000000	39	170	0.889	0.447
612.000000	39	170	0.880	0.461
618.000000	39	170	0.867	0.479
624.000000	39	170	0.853	0.503
630.000000	39	170	0.835	0.527
636.000000	39	170	0.813	0.555
642.000000	39	170	0.786	0.593
648.000000	39	170	0.757	0.633
654.000000	39	170	0.719	0.667
660.000000	170	39	0.705	0.662
666.000000	170	39	0.742	0.582
672.000000	170	39	0.787	0.453
678.000000	170	39	0.844	0.252
684.000000	170	15	0.914	0.138
690.000000	170	15	0.950	0.113
696.000000	170	15	0.958	0.097
702.000000	170	15	0.958	0.085
708.000000	170	15	0.954	0.076
714.000000	170	37	0.950	0.079
720.000000	170	37	0.946	0.082
726.000000	170	195	0.941	0.088
732.000000	170	195	0.935	0.098
738.000000	170	195	0.929	0.106
744.000000	170	195	0.924	0.113
750.000000	170	154	0.918	0.121
756.000000	170	154	0.912	0.128
762.000000	170	154	0.907	0.132
768.000000	170	154	0.901	0.136
774.000000	170	32	0.896	0.145
780.000000	170	32	0.889	0.155
786.000000	170	32	0.882	0.165
792.000000	170	32	0.874	0.172
798.000000	170	32	0.866	0.178
804.000000	170	32	0.857	0.184
810.000000	170	32	0.847	0.189
816.000000	170	71	0.835	0.197
822.000000	170	71	0.821	0.211
828.000000	170	71	0.803	0.223
834.000000	170	71	0.781	0.234
840.000000	170	71	0.750	0.246
846.000000	170	71	0.708	0.258
852.000000	170	71	0.651	0.272
858.000000	170	71	0.560	0.294
864.000000	170	71	0.417	0.327
870.000000	71	32	0.380	0.297
876.000000	71	32	0.457	0.341
882.000000	71	32	0.547	0.393
888.000000	71	32	0.644	0.441
894.000000	71	32	0.709	0.490
900.000000	71	32	0.745	0.536
906.000000	71	32	0.770	0.577
912.000000	71	32	0.791	0.603
918.000000	71	32	0.801	0.624
924.000000	71	32	0.812	0.636
930.000000	71	32	0.818	0.641
936.000000	71	32	0.820	0.644
942.000000	71	32	0.820	0.646
948.000000	71	32	0.821	0.650
954.000000	71	32	0.822	0.654
960.000000	71	32	0.826	0.659
966.000000	71	32	0.830	0.663
972.000000	71	32	0.833	0.668
978.000000	71	32	0.838	0.674
984.000000	71	32	0.843	0.677
990.000000	71	32	0.850	0.676
996.000000	71	32	0.852	0.679
1002.000000	71	32	0.854	0.682
1008.000000	71	32	0.854	0.682
1014.000000	71	32	0.852	0.684
1020.000000	71	32	0.855	0.685
1026.000000	71	32	0.859	0.683
1032.000000	71	32	0.859	0.682
1038.000000	71	32	0.856	0.680
1044.000000	71	32	0.855	0.672
1050.000000	71	32	0.851	0.659
1056.000000	71	32	0.850	0.636
1062.000000	71	32	0.852	0.596
1068.000000	71	32	0.859	0.531
1074.000000	71	32	0.867	0.435
1080.000000	71	32	0.876	0.300
1086.000000	71	32	0.880	0.158
1092.000000	71	73	0.886	0.084
1098.000000	71	73	0.890	0.089
1104.000000	71	73	0.888	0.097
1110.000000	71	73	0.884	0.107
1116.000000	71	73	0.879	0.119
1122.000000	71	73	0.874	0.131
1128.000000	71	73	0.868	0.144
1134.000000	71	73	0.859	0.156
1140.000000	71	73	0.847	0.167
1146.000000	71	73	0.829	0.180
1152.000000	71	73	0.803	0.195
1158.000000	71	73	0.768	0.211
1164.000000	71	73	0.717	0.226
1170.000000	71	73	0.639	0.245
1176.000000	71	73	0.517	0.268
1182.000000	71	73	0.331	0.295
1188.000000	73	165	0.332	0.217
1194.000000	73	165	0.381	0.245
1200.000000	73	165	0.443	0.279
1206.000000	73	165	0.504	0.316
1212.000000	73	165	0.556	0.355
1218.000000	73	165	0.595	0.399
1224.000000	73	165	0.622	0.442
1230.000000	73	165	0.636	0.477
1236.000000	73	165	0.646	0.498
1242.000000	73	165	0.654	0.510
1248.000000	73	165	0.656	0.519
1254.000000	73	165	0.659	0.529
1260.000000	73	165	0.659	0.535
1266.000000	73	165	0.660	0.537
1272.000000	73	165	0.660	0.537
1278.000000	73	165	0.658	0.536
1284.000000	73	165	0.656	0.535
1290.000000	73	165	0.655	0.533
1296.000000	73	165	0.655	0.528
1302.000000	73	165	0.655	0.522
1308.000000	73	165	0.657	0.517
1314.000000	73	165	0.659	0.511
1320.000000	73	165	0.663	0.507
1326.000000	73	165	0.674	0.505
1332.000000	73	165	0.687	0.497
1338.000000	73	165	0.695	0.486
1344.000000	73	165	0.708	0.469
1350.000000	73	165	0.721	0.457
1356.000000	73	165	0.727	0.441
1362.000000	73	165	0.733	0.406
1368.000000	73	165	0.756	0.354
1374.000000	73	165	0.778	0.293
1380.000000	73	165	0.800	0.216
1386.000000	73	165	0.813	0.144
1392.000000	73	93	0.820	0.117
1398.000000	73	93	0.828	0.123
1404.000000	73	93	0.837	0.133
1410.000000	73	105	0.845	0.143
1416.000000	73	105	0.852	0.159
1422.000000	73	105	0.858	0.173
1428.000000	73	105	0.861	0.184
1434.000000	73	105	0.861	0.194
1440.000000	73	105	0.860	0.207
1446.000000	73	105	0.857	0.223
1452.000000	73	105	0.850	0.240
1458.000000	73	105	0.841	0.256
1464.000000	73	105	0.829	0.273
1470.000000	73	105	0.815	0.288
1476.000000	73	105	0.798	0.302
1482.000000	73	105	0.774	0.317
1488.000000	73	105	0.745	0.329
1494.000000	73	105	0.708	0.341
1500.000000	73	105	0.657	0.353
1506.000000	73	105	0.582	0.370
1512.000000	73	105	0.481	0.399
1518.000000	105	93	0.449	0.421
1524.000000	105	93	0.527	0.469
1530.000000	105	93	0.601	0.516
1536.000000	105	93	0.674	0.558
1542.000000	105	93	0.717	0.595
1548.000000	105	93	0.738	0.618
1554.000000	105	93	0.750	0.632
1560.000000	105	93	0.753	0.641
1566.000000	105	93	0.760	0.645
1572.000000	105	93	0.762	0.650
1578.000000	105	93	0.759	0.652
1584.000000	105	93	0.754	0.661
1590.000000	105	93	0.751	0.670
1596.000000	105	93	0.748	0.678
1602.000000	105	93	0.746	0.680
1608.000000	105	93	0.747	0.683
1614.000000	105	93	0.754	0.679
1620.000000	105	93	0.754	0.680
1626.000000	105	93	0.751	0.680
1632.000000	105	93	0.746	0.685
1638.000000	105	93	0.740	0.692
1644.000000	105	93	0.734	0.700
1650.000000	105	93	0.725	0.702
1656.000000	105	93	0.714	0.704
1662.000000	93	105	0.707	0.701
1668.000000	93	105	0.711	0.685
1674.000000	93	105	0.714	0.669
1680.000000	93	105	0.714	0.654
1686.000000	93	105	0.714	0.631
1692.000000	93	105	0.716	0.594
1698.000000	93	105	0.720	0.538
1704.000000	93	105	0.726	0.454
1710.000000	93	105	0.741	0.326
1716.000000	93	105	0.768	0.172
1722.000000	93	96	0.804	0.092
1728.000000	93	96	0.831	0.085
1734.000000	93	96	0.861	0.078
1740.000000	93	138	0.888	0.082
1746.000000	93	138	0.911	0.087
1752.000000	93	138	0.929	0.092
1758.000000	93	138	0.941	0.097
1764.000000	93	138	0.945	0.101
1770.000000	93	138	0.946	0.106
1776.000000	93	138	0.945	0.111
1782.000000	93	191	0.942	0.119
1788.000000	93	191	0.939	0.132
1794.000000	93	191	0.934	0.147
1800.000000	93	191	0.929	0.161
1806.000000	93	191	0.922	0.175
1812.000000	93	191	0.914	0.192
1818.000000	93	191	0.902	0.211
1824.000000	93	191	0.888	0.232
1830.000000	93	191	0.869	0.256
1836.000000	93	191	0.844	0.282
1842.000000	93	191	0.812	0.312
1848.000000	93	191	0.768	0.349
1854.000000	93	191	0.702	0.395
1860.000000	93	191	0.597	0.449
1866.000000	191	93	0.514	0.416
1872.000000	191	11	0.611	0.344
1878.000000	191	11	0.722	0.383
1884.000000	191	11	0.813	0.434
1890.000000	191	11	0.847	0.496
1896.000000	191	11	0.865	0.567
1902.000000	191	11	0.874	0.624
1908.000000	191	11	0.877	0.654
1914.000000	191	11	0.878	0.670
1920.000000	191	11	0.876	0.683
1926.000000	191	11	0.876	0.693
1932.000000	191	11	0.878	0.696
1938.000000	191	11	0.881	0.700
1944.000000	191	11	0.881	0.705
1950.000000	191	11	0.884	0.711
1956.000000	191	11	0.887	0.712
1962.000000	191	11	0.888	0.712
1968.000000	191	11	0.889	0.715
1974.000000	191	11	0.886	0.719
1980.000000	191	11	0.885	0.721
1986.000000	191	11	0.885	0.721
1992.000000	191	11	0.885	0.720
1998.000000	191	11	0.884	0.719
2004.000000	191	11	0.883	0.716
2010.000000	191	11	0.882	0.711
2016.000000	191	11	0.880	0.708
2022.000000	191	11	0.880	0.703
2028.000000	191	11	0.881	0.693
2034.000000	191	11	0.877	0.684
2040.000000	191	11	0.869	0.676
2046.000000	191	11	0.859	0.665
2052.000000	191	11	0.850	0.644
2058.000000	191	11	0.842	0.609
2064.000000	191	11	0.833	0.558
2070.000000	191	11	0.823	0.485
2076.000000	191	11	0.815	0.372
2082.000000	191	11	0.812	0.221
2088.000000	191	82	0.809	0.112
2094.000000	191	82	0.802	0.102
2100.000000	191	82	0.794	0.091
2106.000000	191	82	0.784	0.081
2112.000000	191	22	0.771	0.077
2118.000000	191	22	0.750	0.084
2124.000000	191	22	0.718	0.091
2130.000000	191	22	0.665	0.099
2136.000000	191	22	0.571	0.107
2142.000000	191	22	0.393	0.116
2148.000000	191	22	0.129	0.116
2154.000000	22	173	0.116	0.078
2160.000000	22	173	0.133	0.085
2166.000000	22	173	0.163	0.094
2172.000000	22	173	0.212	0.106
2178.000000	22	173	0.299	0.121
2184.000000	22	173	0.459	0.140
2190.000000	22	173	0.686	0.160
2196.000000	22	173	0.829	0.185
2202.000000	22	173	0.872	0.217
2208.000000	22	173	0.887	0.259
2214.000000	22	173	0.894	0.307
2220.000000	22	173	0.900	0.358
2226.000000	22	173	0.905	0.408
2232.000000	22	173	0.904	0.456
2238.000000	22	173	0.902	0.498
2244.000000	22	173	0.900	0.526
2250.000000	22	173	0.898	0.542
2256.000000	22	173	0.896	0.553
2262.000000	22	173	0.895	0.564
2268.000000	22	173	0.894	0.575
2274.000000	22	173	0.893	0.582
2280.000000	22	173	0.893	0.587
2286.000000	22	173	0.893	0.591
2292.000000	22	173	0.894	0.596
2298.000000	22	173	0.894	0.600
2304.000000	22	173	0.893	0.604
2310.000000	22	173	0.891	0.613
2316.000000	22	173	0.891	0.620
2322.000000	22	173	0.891	0.628
2328.000000	22	173	0.891	0.637
2334.000000	22	173	0.888	0.653
2340.000000	22	173	0.886	0.666
2346.000000	22	173	0.881	0.675
2352.000000	22	173	0.873	0.678
2358.000000	22	173	0.868	0.678
2364.000000	22	173	0.861	0.676
2370.000000	22	173	0.852	0.673
2376.000000	22	173	0.842	0.670
2382.000000	22	173	0.828	0.663
2388.000000	22	173	0.811	0.653
2394.000000	22	173	0.793	0.637
2400.000000	22	173	0.766	0.614
2406.000000	22	173	0.733	0.579
2412.000000	22	173	0.686	0.528
2418.000000	22	173	0.615	0.463
2424.000000	22	173	0.503	0.377
2430.000000	22	173	0.318	0.279
2436.000000	173	68	0.183	0.175
2442.000000	68	173	0.152	0.107
2448.000000	68	173	0.139	0.062
2454.000000	68	107	0.134	0.043
2460.000000	68	107	0.133	0.033
2466.000000	68	108	0.134	0.029
2472.000000	68	108	0.138	0.024
2478.000000	68	33	0.143	0.019
2484.000000	68	87	0.150	0.018
2490.000000	68	87	0.159	0.020
2496.000000	68	87	0.170	0.021
2502.000000	68	87	0.183	0.023
2508.000000	68	87	0.196	0.025
2514.000000	68	87	0.211	0.027
2520.000000	68	87	0.227	0.029
2526.000000	68	87	0.246	0.031
2532.000000	68	133	0.268	0.034
2538.000000	68	133	0.296	0.038
2544.000000	68	177	0.332	0.044
2550.000000	68	177	0.377	0.050
2556.000000	68	177	0.443	0.055
2562.000000	68	177	0.541	0.060
2568.000000	68	177	0.688	0.063
2574.000000	68	177	0.835	0.066
2580.000000	68	14	0.911	0.073
2586.000000	68	14	0.940	0.082
2592.000000	68	14	0.947	0.090
2598.000000	68	5	0.951	0.100
2604.000000	68	5	0.950	0.111
2610.000000	68	14	0.948	0.121
2616.000000	68	14	0.946	0.133
2622.000000	68	14	0.944	0.146
2628.000000	68	14	0.941	0.162
2634.000000	68	14	0.938	0.181
2640.000000	68	14	0.935	0.200
2646.000000	68	14	0.933	0.222
2652.000000	68	14	0.930	0.244
2658.000000	68	14	0.928	0.267
2664.000000	68	14	0.925	0.291
2670.000000	68	14	0.922	0.317
2676.000000	68	14	0.919	0.347
2682.000000	68	14	0.918	0.379
2688.000000	68	14	0.917	0.411
2694.000000	68	14	0.914	0.437
2700.000000	68	14	0.910	0.466
2706.000000	68	14	0.905	0.502
2712.000000	68	14	0.907	0.539
2718.000000	68	14	0.903	0.571
2724.000000	68	14	0.898	0.604
2730.000000	68	14	0.889	0.641
2736.000000	68	14	0.877	0.693
2742.000000	68	14	0.867	0.732
2748.000000	68	14	0.856	0.759
2754.000000	68	14	0.839	0.786
2760.000000	68	14	0.816	0.797
2766.000000	14	68	0.811	0.778
2772.000000	14	68	0.830	0.718
2778.000000	14	68	0.855	0.625
2784.000000	14	68	0.890	0.467
2790.000000	14	68	0.936	0.209
2796.000000	14	18	0.961	0.053
2802.000000	14	18	0.971	0.055
2808.000000	14	18	0.972	0.056
2814.000000	14	18	0.969	0.056
2820.000000	14	18	0.966	0.056
2826.000000	14	33	0.962	0.060
2832.000000	14	37	0.959	0.065
2838.000000	14	37	0.955	0.072
2844.000000	14	37	0.951	0.079
2850.000000	14	117	0.947	0.088
2856.000000	14	117	0.943	0.097
2862.000000	14	117	0.939	0.106
2868.000000	14	117	0.935	0.115
2874.000000	14	117	0.931	0.124
2880.000000	14	117	0.927	0.134
2886.000000	14	117	0.922	0.146
2892.000000	14	117	0.917	0.159
2898.000000	14	117	0.911	0.173
2904.000000	14	37	0.904	0.193
2910.000000	14	37	0.895	0.216
2916.000000	14	37	0.884	0.246
2922.000000	14	37	0.869	0.280
2928.000000	14	37	0.849	0.319
2934.000000	14	37	0.818	0.366
2940.000000	14	37	0.770	0.423
2946.000000	14	37	0.696	0.496
2952.000000	14	37	0.586	0.579
2958.000000	37	117	0.665	0.518
2964.000000	37	117	0.752	0.597
2970.000000	37	117	0.821	0.654
2976.000000	37	117	0.845	0.698
2982.000000	37	117	0.850	0.723
2988.000000	37	117	0.847	0.728
2994.000000	37	117	0.841	0.733
3000.000000	37	117	0.834	0.742
3006.000000	37	117	0.830	0.746
3012.000000	37	117	0.826	0.746
3018.000000	37	117	0.824	0.744
3024.000000	37	117	0.822	0.739
3030.000000	37	117	0.818	0.734
3036.000000	37	117	0.815	0.728
3042.000000	37	117	0.811	0.721
3048.000000	37	117	0.805	0.714
3054.000000	37	117	0.798	0.708
3060.000000	37	117	0.792	0.697
3066.000000	37	117	0.785	0.683
3072.000000	37	117	0.779	0.665
3078.000000	37	117	0.770	0.646
3084.000000	37	117	0.760	0.623
3090.000000	37	117	0.750	0.594
3096.000000	37	117	0.742	0.563
3102.000000	37	117	0.731	0.526
3108.000000	37	117	0.719	0.476
3114.000000	37	117	0.707	0.409
3120.000000	37	117	0.699	0.319
3126.000000	37	71	0.694	0.209
3132.000000	37	71	0.691	0.221
3138.000000	37	71	0.681	0.235
3144.000000	37	71	0.658	0.252
3150.000000	37	71	0.627	0.272
3156.000000	37	71	0.582	0.299
3162.000000	37	71	0.517	0.335
3168.000000	37	71	0.432	0.384
3174.000000	71	37	0.455	0.332
3180.000000	71	194	0.527	0.360
3186.000000	71	194	0.584	0.391
3192.000000	71	194	0.628	0.418
3198.000000	71	194	0.663	0.444
3204.000000	71	194	0.688	0.466
3210.000000	71	194	0.702	0.483
3216.000000	71	194	0.716	0.495
3222.000000	71	194	0.728	0.506
3228.000000	71	194	0.740	0.516
3234.000000	71	194	0.745	0.521
3240.000000	71	194	0.753	0.524
3246.000000	71	194	0.759	0.525
3252.000000	71	194	0.766	0.525
3258.000000	71	194	0.773	0.525
3264.000000	71	194	0.779	0.521
3270.000000	71	194	0.783	0.518
3276.000000	71	194	0.785	0.513
3282.000000	71	194	0.790	0.505
3288.000000	71	194	0.799	0.495
3294.000000	71	194	0.800	0.483
3300.000000	71	26	0.803	0.486
3306.000000	71	26	0.808	0.504
3312.000000	71	26	0.810	0.524
3318.000000	71	26	0.807	0.546
3324.000000	71	26	0.809	0.564
3330.000000	71	26	0.811	0.580
3336.000000	71	26	0.817	0.596
3342.000000	71	26	0.821	0.608
3348.000000	71	26	0.822	0.621
3354.000000	71	26	0.820	0.625
3360.000000	71	26	0.814	0.631
3366.000000	71	26	0.808	0.633
3372.000000	71	26	0.805	0.635
3378.000000	71	26	0.799	0.641
3384.000000	71	26	0.789	0.649
3390.000000	71	26	0.776	0.656
3396.000000	71	26	0.757	0.663
3402.000000	71	26	0.736	0.669
3408.000000	71	26	0.705	0.676
3414.000000	26	71	0.687	0.661
3420.000000	26	71	0.702	0.598
3426.000000	26	71	0.715	0.495
3432.000000	26	71	0.753	0.318
3438.000000	26	126	0.796	0.139
3444.000000	26	126	0.843	0.122
3450.000000	26	126	0.874	0.110
3456.000000	26	126	0.897	0.098
3462.000000	26	126	0.912	0.087
3468.000000	26	169	0.922	0.079
3474.000000	26	169	0.931	0.079
3480.000000	26	169	0.938	0.079
3486.000000	26	169	0.941	0.080
3492.000000	26	169	0.943	0.081
3498.000000	26	169	0.943	0.082
3504.000000	26	169	0.942	0.083
3510.000000	26	169	0.942	0.082
3516.000000	26	169	0.941	0.081
3522.000000	26	169	0.940	0.080
3528.000000	26	169	0.938	0.078
3534.000000	26	119	0.936	0.077
3540.000000	26	119	0.933	0.081
3546.000000	26	119	0.930	0.085
3552.000000	26	119	0.927	0.088
3558.000000	26	119	0.924	0.090
3564.000000	26	119	0.920	0.092
3570.000000	26	119	0.916	0.094
3576.000000	26	119	0.911	0.095
3582.000000	26	105	0.906	0.097
3588.000000	26	105	0.899	0.103
3594.000000	26	105	0.889	0.109
3600.000000	26	105	0.877	0.115
3606.000000	26	105	0.861	0.121
3612.000000	26	105	0.839	0.129
3618.000000	26	105	0.807	0.139
3624.000000	26	105	0.758	0.153
3630.000000	26	105	0.672	0.173
3636.000000	26	105	0.509	0.206
3642.000000	105	26	0.268	0.230
3648.000000	105	89	0.379	0.066
3654.000000	105	89	0.615	0.055
3660.000000	105	89	0.873	0.047
3666.000000	105	173	0.946	0.048
3672.000000	105	173	0.960	0.054
3678.000000	105	173	0.963	0.061
3684.000000	105	173	0.963	0.068
3690.000000	105	173	0.963	0.077
3696.000000	105	173	0.961	0.086
3702.000000	105	173	0.959	0.097
3708.000000	105	173	0.957	0.109
3714.000000	105	173	0.956	0.125
3720.000000	105	173	0.955	0.142
3726.000000	105	173	0.956	0.160
3732.000000	105	173	0.954	0.179
3738.000000	105	173	0.952	0.199
3744.000000	105	173	0.949	0.221
3750.000000	105	173	0.946	0.243
3756.000000	105	173	0.944	0.267
3762.000000	105	173	0.942	0.291
3768.000000	105	173	0.940	0.316
3774.000000	105	173	0.938	0.341
3780.000000	105	173	0.937	0.373
3786.000000	105	173	0.935	0.403
3792.000000	105	173	0.934	0.429
3798.000000	105	173	0.933	0.451
3804.000000	105	173	0.930	0.473
3810.000000	105	173	0.927	0.498
3816.000000	105	173	0.926	0.518
3822.000000	105	173	0.925	0.548
3828.000000	105	173	0.923	0.589
3834.000000	105	173	0.919	0.620
3840.000000	105	173	0.912	0.643
3846.000000	105	173	0.904	0.668
3852.000000	105	173	0.893	0.699
3858.000000	105	173	0.878	0.722
3864.000000	105	173	0.860	0.739
3870.000000	105	173	0.832	0.761
3876.000000	105	173	0.794	0.783
3882.000000	173	105	0.811	0.735
3888.000000	173	105	0.836	0.656
3894.000000	173	105	0.871	0.522
3900.000000	173	105	0.916	0.308
3906.000000	173	105	0.954	0.105
3912.000000	173	172	0.969	0.075
3918.000000	173	172	0.969	0.077
3924.000000	173	115	0.967	0.080
3930.000000	173	115	0.964	0.084
3936.000000	173	172	0.962	0.088
3942.000000	173	172	0.958	0.093
3948.000000	173	172	0.955	0.098
3954.000000	173	172	0.950	0.103
3960.000000	173	172	0.946	0.108
3966.000000	173	172	0.941	0.112
3972.000000	173	172	0.936	0.116
3978.000000	173	172	0.930	0.118
3984.000000	173	172	0.925	0.120
3990.000000	173	172	0.918	0.119
3996.000000	173	172	0.911	0.117
4002.000000	173	172	0.904	0.113
4008.000000	173	130	0.896	0.109
4014.000000	173	130	0.888	0.110
4020.000000	173	116	0.880	0.113
4026.000000	173	116	0.871	0.121
4032.000000	173	116	0.861	0.130
4038.000000	173	116	0.848	0.140
4044.000000	173	116	0.834	0.153
4050.000000	173	116	0.815	0.170
4056.000000	173	116	0.791	0.191
4062.000000	173	116	0.755	0.222
4068.000000	173	116	0.699	0.268
4074.000000	173	116	0.601	0.340
4080.000000	116	173	0.458	0.430
4086.000000	116	173	0.660	0.190
4092.000000	116	65	0.856	0.131
4098.000000	116	65	0.941	0.143
4104.000000	116	65	0.963	0.167
4110.000000	116	65	0.964	0.204
4116.000000	116	65	0.964	0.253
4122.000000	116	65	0.961	0.315
4128.000000	116	65	0.956	0.387
4134.000000	116	65	0.952	0.462
4140.000000	116	65	0.947	0.529
4146.000000	116	65	0.943	0.576
4152.000000	116	65	0.938	0.611
4158.000000	116	65	0.934	0.636
4164.000000	116	65	0.931	0.650
4170.000000	116	65	0.928	0.662
4176.000000	116	65	0.925	0.673
4182.000000	116	65	0.922	0.682
4188.000000	116	65	0.919	0.688
4194.000000	116	65	0.915	0.691
4200.000000	116	65	0.912	0.695
4206.000000	116	65	0.904	0.704
4212.000000	116	65	0.898	0.713
4218.000000	116	65	0.892	0.724
4224.000000	116	65	0.886	0.737
4230.000000	116	65	0.882	0.744
4236.000000	116	65	0.876	0.753
4242.000000	116	65	0.870	0.763
4248.000000	116	65	0.864	0.771
4254.000000	116	65	0.853	0.779
4260.000000	116	65	0.843	0.788
4266.000000	116	65	0.831	0.794
4272.000000	116	65	0.819	0.800
4278.000000	65	116	0.804	0.802
4284.000000	65	116	0.808	0.778
4290.000000	65	116	0.815	0.742
4296.000000	65	116	0.823	0.691
4302.000000	65	116	0.838	0.605
4308.000000	65	116	0.874	0.453
4314.000000	65	116	0.930	0.219
4320.000000	65	116	0.963	0.047
4326.000000	65	79	0.969	0.046
4332.000000	65	79	0.969	0.049
4338.000000	65	79	0.967	0.052
4344.000000	65	79	0.964	0.056
4350.000000	65	45	0.960	0.063
4356.000000	65	45	0.955	0.073
4362.000000	65	45	0.949	0.085
4368.000000	65	45	0.942	0.098
4374.000000	65	45	0.933	0.113
4380.000000	65	45	0.923	0.127
4386.000000	65	45	0.912	0.142
4392.000000	65	45	0.898	0.158
4398.000000	65	45	0.882	0.175
4404.000000	65	45	0.861	0.195
4410.000000	65	45	0.835	0.216
4416.000000	65	45	0.801	0.238
4422.000000	65	45	0.754	0.263
4428.000000	65	45	0.687	0.295
4434.000000	65	45	0.591	0.336
4440.000000	65	45	0.451	0.386
4446.000000	45	65	0.450	0.269
4452.000000	45	52	0.551	0.172
4458.000000	45	52	0.656	0.190
4464.000000	45	52	0.730	0.216
4470.000000	45	52	0.780	0.243
4476.000000	45	52	0.834	0.267
4482.000000	45	52	0.862	0.293
4488.000000	45	52	0.877	0.316
4494.000000	45	52	0.885	0.336
4500.000000	45	52	0.895	0.356
4506.000000	45	52	0.902	0.372
4512.000000	45	52	0.906	0.382
4518.000000	45	52	0.907	0.390
4524.000000	45	52	0.907	0.397
4530.000000	45	52	0.907	0.404
4536.000000	45	52	0.908	0.410
4542.000000	45	52	0.908	0.413
4548.000000	45	52	0.907	0.415
4554.000000	45	52	0.906	0.417
4560.000000	45	52	0.906	0.417
4566.000000	45	52	0.910	0.415
4572.000000	45	52	0.912	0.412
4578.000000	45	52	0.918	0.405
4584.000000	45	52	0.922	0.396
4590.000000	45	52	0.926	0.380
4596.000000	45	52	0.928	0.359
4602.000000	45	52	0.929	0.329
4608.000000	45	52	0.931	0.289
4614.000000	45	23	0.934	0.262
4620.000000	45	23	0.939	0.262
4626.000000	45	23	0.943	0.257
4632.000000	45	23	0.948	0.246
4638.000000	45	23	0.950	0.227
4644.000000	45	23	0.950	0.199
4650.000000	45	23	0.949	0.166
4656.000000	45	23	0.946	0.136
4662.000000	45	23	0.943	0.107
4668.000000	45	23	0.940	0.079
4674.000000	45	11	0.936	0.061
4680.000000	45	11	0.931	0.065
4686.000000	45	11	0.924	0.069
4692.000000	45	122	0.917	0.074
4698.000000	45	122	0.908	0.081
4704.000000	45	122	0.897	0.086
4710.000000	45	122	0.884	0.092
4716.000000	45	122	0.869	0.097
4722.000000	45	122	0.849	0.102
4728.000000	45	122	0.823	0.108
4734.000000	45	122	0.785	0.116
4740.000000	45	122	0.725	0.126
4746.000000	45	122	0.619	0.141
4752.000000	45	122	0.421	0.164
4758.000000	122	187	0.197	0.148
4764.000000	122	187	0.235	0.173
4770.000000	122	187	0.322	0.218
4776.000000	122	187	0.494	0.282
4782.000000	122	187	0.714	0.374
4788.000000	122	187	0.825	0.490
4794.000000	122	187	0.858	0.593
4800.000000	122	187	0.866	0.653
4806.000000	122	187	0.868	0.681
4812.000000	122	187	0.871	0.697
4818.000000	122	187	0.871	0.704
4824.000000	122	187	0.872	0.705
4830.000000	122	187	0.873	0.705
4836.000000	122	187	0.874	0.704
4842.000000	122	187	0.874	0.703
4848.000000	122	187	0.874	0.701
4854.000000	122	187	0.874	0.699
4860.000000	122	187	0.876	0.698
4866.000000	122	187	0.880	0.696
4872.000000	122	187	0.881	0.695
4878.000000	122	187	0.882	0.695
4884.000000	122	187	0.883	0.696
4890.000000	122	187	0.882	0.697
4896.000000	122	187	0.882	0.699
4902.000000	122	187	0.884	0.701
4908.000000	122	187	0.889	0.701
4914.000000	122	187	0.895	0.698
4920.000000	122	187	0.896	0.694
4926.000000	122	187	0.897	0.689
4932.000000	122	187	0.896	0.685
4938.000000	122	187	0.899	0.673
4944.000000	122	187	0.898	0.661
4950.000000	122	187	0.897	0.646
4956.000000	122	187	0.897	0.624
4962.000000	122	187	0.896	0.593
4968.000000	122	187	0.895	0.548
4974.000000	122	187	0.897	0.479
4980.000000	122	187	0.903	0.370
4986.000000	122	187	0.912	0.225
4992.000000	122	187	0.927	0.100
4998.000000	122	187	0.932	0.053
5004.000000	122	114	0.933	0.049
5010.000000	122	114	0.934	0.049
5016.000000	122	114	0.935	0.049
5022.000000	122	58	0.933	0.050
5028.000000	122	58	0.930	0.054
5034.000000	122	58	0.927	0.058
5040.000000	122	58	0.922	0.062
5046.000000	122	58	0.915	0.067
5052.000000	122	58	0.907	0.071
5058.000000	122	58	0.896	0.075
5064.000000	122	58	0.883	0.079
5070.000000	122	58	0.865	0.084
5076.000000	122	58	0.841	0.089
5082.000000	122	58	0.808	0.095
5088.000000	122	58	0.759	0.101
5094.000000	122	58	0.683	0.109
5100.000000	122	58	0.557	0.116
5106.000000	122	58	0.333	0.118
5112.000000	58	122	0.105	0.059
5118.000000	58	159	0.097	0.031
5124.000000	58	115	0.094	0.026
5130.000000	58	108	0.090	0.021
5136.000000	58	108	0.084	0.017
5142.000000	58	108	0.078	0.014
5148.000000	58	108	0.069	0.011
5154.000000	58	129	0.059	0.009
5160.000000	58	129	0.048	0.009
5166.000000	58	129	0.035	0.009
5172.000000	58	129	0.023	0.008
5178.000000	58	129	0.012	0.007
5184.000000	129	58	0.006	0.005
