0.000000	125	102	0.000	0.000
6.000000	40	118	0.986	0.039
12.000000	40	118	0.985	0.043
18.000000	40	118	0.983	0.047
24.000000	40	118	0.982	0.053
30.000000	40	118	0.980	0.059
36.000000	40	121	0.978	0.067
42.000000	40	121	0.976	0.076
48.000000	40	121	0.973	0.085
54.000000	40	121	0.971	0.093
60.000000	40	121	0.968	0.102
66.000000	40	121	0.965	0.112
72.000000	40	121	0.961	0.121
78.000000	40	121	0.958	0.129
84.000000	40	121	0.955	0.136
90.000000	40	121	0.951	0.143
96.000000	40	118	0.948	0.149
102.000000	40	118	0.945	0.157
108.000000	40	118	0.942	0.166
114.000000	40	121	0.939	0.178
120.000000	40	121	0.936	0.190
126.000000	40	121	0.932	0.201
132.000000	40	121	0.929	0.211
138.000000	40	121	0.925	0.220
144.000000	40	121	0.922	0.228
150.000000	40	121	0.918	0.235
156.000000	40	121	0.915	0.243
162.000000	40	121	0.911	0.252
168.000000	40	121	0.907	0.259
174.000000	40	121	0.904	0.265
180.000000	40	107	0.900	0.279
186.000000	40	107	0.895	0.297
192.000000	40	107	0.889	0.319
198.000000	40	107	0.881	0.348
204.000000	40	107	0.871	0.378
210.000000	40	107	0.858	0.412
216.000000	40	107	0.844	0.445
222.000000	40	107	0.823	0.481
228.000000	40	107	0.792	0.521
234.000000	40	107	0.743	0.575
240.000000	40	107	0.683	0.622
246.000000	107	40	0.668	0.596
252.000000	107	40	0.746	0.467
258.000000	107	40	0.817	0.277
264.000000	107	121	0.897	0.191
270.000000	107	121	0.935	0.153
276.000000	107	121	0.956	0.120
282.000000	107	121	0.959	0.097
288.000000	107	117	0.956	0.095
294.000000	107	117	0.953	0.103
300.000000	107	57	0.949	0.113
306.000000	107	57	0.945	0.127
312.000000	107	57	0.941	0.140
318.000000	107	57	0.937	0.152
324.000000	107	57	0.933	0.164
330.000000	107	57	0.928	0.175
336.000000	107	57	0.924	0.187
342.000000	107	57	0.919	0.201
348.000000	107	57	0.914	0.218
354.000000	107	57	0.910	0.235
360.000000	107	57	0.906	0.250
366.000000	107	57	0.904	0.265
372.000000	107	57	0.899	0.278
378.000000	107	57	0.892	0.290
384.000000	107	57	0.883	0.306
390.000000	107	57	0.875	0.329
396.000000	107	57	0.867	0.350
402.000000	107	57	0.858	0.370
408.000000	107	57	0.847	0.395
414.000000	107	57	0.835	0.423
420.000000	107	57	0.823	0.449
426.000000	107	57	0.807	0.482
432.000000	107	57	0.787	0.518
438.000000	107	57	0.759	0.556
444.000000	107	57	0.719	0.601
450.000000	107	57	0.661	0.650
456.000000	57	107	0.709	0.570
462.000000	57	107	0.782	0.427
468.000000	57	107	0.859	0.226
474.000000	57	112	0.930	0.065
480.000000	57	14	0.955	0.056
486.000000	57	14	0.964	0.060
492.000000	57	14	0.965	0.065
498.000000	57	14	0.963	0.071
504.000000	57	14	0.961	0.078
510.000000	57	14	0.958	0.086
516.000000	57	14	0.955	0.095
522.000000	57	14	0.951	0.106
528.000000	57	14	0.947	0.121
534.000000	57	14	0.943	0.137
540.000000	57	14	0.937	0.155
546.000000	57	14	0.931	0.173
552.000000	57	14	0.924	0.191
558.000000	57	14	0.916	0.209
564.000000	57	14	0.909	0.228
570.000000	57	14	0.901	0.253
576.000000	57	14	0.892	0.283
582.000000	57	14	0.881	0.319
588.000000	57	14	0.868	0.362
594.000000	57	14	0.854	0.403
600.000000	57	14	0.836	0.439
606.000000	57	14	0.817	0.466
612.000000	57	14	0.794	0.493
618.000000	57	14	0.769	0.521
624.000000	57	14	0.739	0.548
630.000000	57	14	0.699	0.570
636.000000	57	14	0.641	0.603
642.000000	14	57	0.657	0.549
648.000000	14	57	0.718	0.411
654.000000	14	57	0.780	0.231
660.000000	14	10	0.838	0.117
666.000000	14	10	0.895	0.102
672.000000	14	9	0.933	0.087
678.000000	14	126	0.950	0.078
684.000000	14	126	0.959	0.080
690.000000	14	126	0.961	0.080
696.000000	14	126	0.960	0.080
702.000000	14	126	0.959	0.080
708.000000	14	54	0.958	0.086
714.000000	14	54	0.959	0.095
720.000000	14	54	0.957	0.104
726.000000	14	54	0.955	0.112
732.000000	14	54	0.952	0.122
738.000000	14	54	0.949	0.135
744.000000	14	54	0.945	0.149
750.000000	14	54	0.940	0.163
756.000000	14	37	0.935	0.182
762.000000	14	37	0.930	0.201
768.000000	14	37	0.925	0.220
774.000000	14	37	0.919	0.242
780.000000	14	37	0.912	0.266
786.000000	14	37	0.904	0.292
792.000000	14	37	0.894	0.321
798.000000	14	37	0.882	0.354
804.000000	14	37	0.867	0.392
810.000000	14	37	0.852	0.426
816.000000	14	37	0.833	0.459
822.000000	14	37	0.808	0.490
828.000000	14	37	0.777	0.519
834.000000	14	37	0.732	0.549
840.000000	14	37	0.662	0.584
846.000000	37	14	0.628	0.555
852.000000	37	54	0.678	0.573
858.000000	37	54	0.762	0.648
864.000000	37	54	0.821	0.727
870.000000	37	54	0.837	0.772
876.000000	37	54	0.843	0.791
882.000000	37	54	0.843	0.797
888.000000	37	54	0.841	0.800
894.000000	37	54	0.834	0.805
900.000000	37	54	0.828	0.806
906.000000	37	54	0.822	0.807
912.000000	37	54	0.815	0.807
918.000000	37	54	0.809	0.806
924.000000	54	37	0.805	0.801
930.000000	54	37	0.806	0.792
936.000000	54	37	0.805	0.784
942.000000	54	37	0.801	0.776
948.000000	54	37	0.798	0.765
954.000000	54	37	0.798	0.749
960.000000	54	37	0.795	0.732
966.000000	54	37	0.791	0.712
972.000000	54	37	0.787	0.689
978.000000	54	37	0.780	0.659
984.000000	54	37	0.777	0.619
990.000000	54	37	0.775	0.567
996.000000	54	37	0.773	0.499
1002.000000	54	37	0.773	0.405
1008.000000	54	36	0.787	0.309
1014.000000	54	36	0.807	0.344
1020.000000	54	36	0.819	0.395
1026.000000	54	36	0.823	0.463
1032.000000	54	36	0.822	0.546
1038.000000	54	36	0.815	0.620
1044.000000	54	36	0.801	0.674
1050.000000	54	36	0.779	0.705
1056.000000	54	36	0.746	0.729
1062.000000	36	54	0.754	0.703
1068.000000	36	54	0.778	0.652
1074.000000	36	54	0.798	0.582
1080.000000	36	54	0.827	0.484
1086.000000	36	54	0.854	0.360
1092.000000	36	54	0.892	0.202
1098.000000	36	155	0.921	0.108
1104.000000	36	155	0.933	0.108
1110.000000	36	155	0.939	0.108
1116.000000	36	155	0.943	0.107
1122.000000	36	155	0.945	0.106
1128.000000	36	155	0.947	0.104
1134.000000	36	84	0.948	0.104
1140.000000	36	84	0.946	0.107
1146.000000	36	84	0.942	0.110
1152.000000	36	167	0.939	0.115
1158.000000	36	167	0.934	0.124
1164.000000	36	167	0.930	0.132
1170.000000	36	167	0.925	0.141
1176.000000	36	167	0.921	0.147
1182.000000	36	167	0.916	0.153
1188.000000	36	167	0.910	0.158
1194.000000	36	167	0.905	0.165
1200.000000	36	167	0.899	0.170
1206.000000	36	167	0.893	0.175
1212.000000	36	167	0.885	0.180
1218.000000	36	167	0.877	0.183
1224.000000	36	167	0.866	0.185
1230.000000	36	167	0.851	0.184
1236.000000	36	167	0.833	0.183
1242.000000	36	167	0.810	0.179
1248.000000	36	167	0.780	0.175
1254.000000	36	167	0.738	0.172
1260.000000	36	42	0.683	0.182
1266.000000	36	42	0.607	0.203
1272.000000	36	42	0.498	0.233
1278.000000	36	42	0.341	0.273
1284.000000	42	147	0.320	0.264
1290.000000	42	147	0.358	0.300
1296.000000	42	147	0.390	0.340
1302.000000	42	147	0.439	0.385
1308.000000	42	147	0.504	0.430
1314.000000	42	147	0.549	0.472
1320.000000	42	147	0.581	0.501
1326.000000	42	147	0.607	0.518
1332.000000	42	147	0.629	0.528
1338.000000	42	147	0.643	0.537
1344.000000	42	147	0.661	0.546
1350.000000	42	147	0.679	0.551
1356.000000	42	147	0.691	0.549
1362.000000	42	147	0.703	0.543
1368.000000	42	147	0.716	0.538
1374.000000	42	147	0.729	0.536
1380.000000	42	147	0.741	0.530
1386.000000	42	147	0.746	0.519
1392.000000	42	147	0.760	0.506
1398.000000	42	147	0.773	0.489
1404.000000	42	147	0.783	0.468
1410.000000	42	147	0.797	0.442
1416.000000	42	147	0.816	0.408
1422.000000	42	147	0.835	0.360
1428.000000	42	147	0.865	0.303
1434.000000	42	147	0.882	0.236
1440.000000	42	147	0.897	0.163
1446.000000	42	72	0.916	0.130
1452.000000	42	72	0.926	0.140
1458.000000	42	72	0.936	0.151
1464.000000	42	72	0.942	0.160
1470.000000	42	72	0.941	0.169
1476.000000	42	72	0.939	0.176
1482.000000	42	72	0.935	0.184
1488.000000	42	72	0.930	0.194
1494.000000	42	72	0.925	0.205
1500.000000	42	72	0.919	0.214
1506.000000	42	72	0.913	0.220
1512.000000	42	72	0.907	0.224
1518.000000	42	72	0.901	0.225
1524.000000	42	72	0.894	0.225
1530.000000	42	72	0.887	0.222
1536.000000	42	72	0.879	0.217
1542.000000	42	72	0.869	0.210
1548.000000	42	72	0.858	0.202
1554.000000	42	72	0.844	0.192
1560.000000	42	27	0.828	0.183
1566.000000	42	27	0.807	0.178
1572.000000	42	116	0.779	0.177
1578.000000	42	116	0.742	0.184
1584.000000	42	116	0.690	0.192
1590.000000	42	116	0.618	0.201
1596.000000	42	116	0.513	0.217
1602.000000	42	116	0.358	0.244
1608.000000	116	42	0.287	0.161
1614.000000	116	101	0.359	0.119
1620.000000	116	101	0.477	0.128
1626.000000	116	101	0.622	0.133
1632.000000	116	101	0.740	0.132
1638.000000	116	101	0.821	0.133
1644.000000	116	101	0.867	0.138
1650.000000	116	101	0.891	0.142
1656.000000	116	101	0.903	0.147
1662.000000	116	101	0.908	0.153
1668.000000	116	101	0.915	0.154
1674.000000	116	101	0.924	0.151
1680.000000	116	101	0.929	0.149
1686.000000	116	141	0.929	0.149
1692.000000	116	141	0.929	0.149
1698.000000	116	141	0.928	0.147
1704.000000	116	141	0.931	0.143
1710.000000	116	141	0.933	0.138
1716.000000	116	141	0.936	0.132
1722.000000	116	83	0.936	0.136
1728.000000	116	83	0.938	0.146
1734.000000	116	83	0.941	0.157
1740.000000	116	83	0.941	0.168
1746.000000	116	83	0.942	0.178
1752.000000	116	83	0.942	0.189
1758.000000	116	83	0.941	0.200
1764.000000	116	83	0.941	0.210
1770.000000	116	83	0.939	0.222
1776.000000	116	83	0.937	0.236
1782.000000	116	83	0.935	0.257
1788.000000	116	83	0.932	0.282
1794.000000	116	83	0.929	0.314
1800.000000	116	83	0.924	0.358
1806.000000	116	83	0.919	0.414
1812.000000	116	83	0.913	0.472
1818.000000	116	83	0.905	0.528
1824.000000	116	83	0.895	0.579
1830.000000	116	83	0.881	0.624
1836.000000	116	83	0.864	0.657
1842.000000	116	83	0.843	0.678
1848.000000	116	83	0.816	0.697
1854.000000	116	83	0.774	0.727
1860.000000	83	116	0.762	0.715
1866.000000	83	116	0.803	0.619
1872.000000	83	116	0.860	0.476
1878.000000	83	116	0.901	0.273
1884.000000	83	11	0.947	0.095
1890.000000	83	11	0.966	0.094
1896.000000	83	11	0.967	0.102
1902.000000	83	11	0.966	0.111
1908.000000	83	11	0.967	0.124
1914.000000	83	11	0.964	0.133
1920.000000	83	11	0.962	0.140
1926.000000	83	11	0.959	0.147
1932.000000	83	11	0.955	0.154
1938.000000	83	11	0.952	0.164
1944.000000	83	11	0.948	0.177
1950.000000	83	11	0.943	0.191
1956.000000	83	11	0.939	0.208
1962.000000	83	11	0.934	0.226
1968.000000	83	11	0.928	0.247
1974.000000	83	11	0.922	0.270
1980.000000	83	11	0.917	0.295
1986.000000	83	11	0.911	0.321
1992.000000	83	11	0.906	0.345
1998.000000	83	11	0.901	0.367
2004.000000	83	11	0.895	0.390
2010.000000	83	11	0.890	0.414
2016.000000	83	11	0.883	0.445
2022.000000	83	11	0.875	0.482
2028.000000	83	11	0.866	0.510
2034.000000	83	11	0.854	0.532
2040.000000	83	11	0.839	0.555
2046.000000	83	11	0.821	0.576
2052.000000	83	11	0.792	0.601
2058.000000	83	11	0.748	0.635
2064.000000	11	83	0.684	0.684
2070.000000	11	83	0.731	0.583
2076.000000	11	83	0.784	0.416
2082.000000	11	83	0.873	0.176
2088.000000	11	161	0.947	0.090
2094.000000	11	161	0.965	0.093
2100.000000	11	161	0.967	0.098
2106.000000	11	161	0.965	0.105
2112.000000	11	161	0.964	0.114
2118.000000	11	161	0.962	0.125
2124.000000	11	161	0.958	0.136
2130.000000	11	161	0.953	0.146
2136.000000	11	161	0.948	0.156
2142.000000	11	161	0.943	0.167
2148.000000	11	161	0.936	0.178
2154.000000	11	161	0.929	0.189
2160.000000	11	161	0.921	0.198
2166.000000	11	161	0.913	0.204
2172.000000	11	161	0.904	0.210
2178.000000	11	161	0.894	0.215
2184.000000	11	161	0.884	0.222
2190.000000	11	79	0.872	0.237
2196.000000	11	79	0.859	0.256
2202.000000	11	79	0.842	0.278
2208.000000	11	79	0.822	0.302
2214.000000	11	79	0.796	0.327
2220.000000	11	79	0.765	0.350
2226.000000	11	79	0.723	0.376
2232.000000	11	79	0.669	0.407
2238.000000	11	126	0.593	0.443
2244.000000	126	79	0.512	0.482
2250.000000	126	79	0.570	0.551
2256.000000	126	79	0.624	0.618
2262.000000	126	79	0.680	0.680
2268.000000	126	79	0.726	0.716
2274.000000	126	79	0.756	0.727
2280.000000	126	79	0.766	0.743
2286.000000	126	79	0.773	0.759
2292.000000	126	79	0.775	0.769
2298.000000	126	79	0.777	0.774
2304.000000	79	126	0.779	0.776
2310.000000	79	126	0.785	0.776
2316.000000	79	126	0.797	0.774
2322.000000	79	126	0.803	0.778
2328.000000	79	126	0.805	0.783
2334.000000	79	126	0.802	0.788
2340.000000	79	126	0.802	0.784
2346.000000	79	126	0.800	0.781
2352.000000	79	126	0.797	0.776
2358.000000	79	126	0.795	0.767
2364.000000	79	126	0.786	0.767
2370.000000	79	126	0.783	0.759
2376.000000	79	126	0.780	0.752
2382.000000	79	126	0.773	0.746
2388.000000	79	126	0.762	0.739
2394.000000	79	126	0.750	0.731
2400.000000	79	126	0.737	0.722
2406.000000	79	126	0.716	0.711
2412.000000	126	79	0.703	0.689
2418.000000	126	79	0.687	0.663
2424.000000	126	79	0.667	0.627
2430.000000	126	79	0.645	0.579
2436.000000	126	79	0.614	0.522
2442.000000	126	79	0.570	0.443
2448.000000	126	79	0.510	0.332
2454.000000	126	71	0.410	0.212
2460.000000	126	71	0.268	0.226
2466.000000	71	126	0.250	0.124
2472.000000	71	32	0.293	0.131
2478.000000	71	32	0.367	0.144
2484.000000	71	32	0.475	0.161
2490.000000	71	32	0.579	0.183
2496.000000	71	32	0.660	0.208
2502.000000	71	32	0.719	0.235
2508.000000	71	32	0.763	0.267
2514.000000	71	32	0.791	0.297
2520.000000	71	32	0.809	0.330
2526.000000	71	32	0.827	0.364
2532.000000	71	32	0.843	0.398
2538.000000	71	32	0.850	0.431
2544.000000	71	32	0.853	0.460
2550.000000	71	32	0.856	0.485
2556.000000	71	32	0.856	0.505
2562.000000	71	32	0.857	0.519
2568.000000	71	32	0.858	0.533
2574.000000	71	32	0.861	0.544
2580.000000	71	32	0.864	0.557
2586.000000	71	32	0.871	0.568
2592.000000	71	32	0.876	0.579
2598.000000	71	32	0.879	0.592
2604.000000	71	32	0.880	0.603
2610.000000	71	32	0.882	0.609
2616.000000	71	32	0.883	0.617
2622.000000	71	32	0.884	0.628
2628.000000	71	32	0.886	0.636
2634.000000	71	32	0.889	0.645
2640.000000	71	32	0.891	0.652
2646.000000	71	32	0.887	0.663
2652.000000	71	32	0.886	0.668
2658.000000	71	32	0.881	0.675
2664.000000	71	32	0.876	0.679
2670.000000	71	32	0.866	0.681
2676.000000	71	32	0.855	0.683
2682.000000	71	32	0.842	0.680
2688.000000	71	32	0.827	0.671
2694.000000	71	32	0.806	0.658
2700.000000	71	32	0.777	0.645
2706.000000	71	32	0.737	0.633
2712.000000	71	32	0.690	0.610
2718.000000	71	32	0.625	0.581
2724.000000	32	67	0.544	0.532
2730.000000	67	32	0.586	0.506
2736.000000	67	32	0.670	0.470
2742.000000	67	32	0.754	0.405
2748.000000	67	32	0.833	0.305
2754.000000	67	32	0.887	0.207
2760.000000	67	32	0.914	0.138
2766.000000	67	32	0.931	0.088
2772.000000	67	182	0.941	0.072
2778.000000	67	182	0.945	0.073
2784.000000	67	182	0.947	0.074
2790.000000	67	176	0.946	0.075
2796.000000	67	35	0.946	0.080
2802.000000	67	35	0.944	0.089
2808.000000	67	35	0.941	0.097
2814.000000	67	35	0.938	0.104
2820.000000	67	35	0.934	0.110
2826.000000	67	35	0.930	0.115
2832.000000	67	35	0.928	0.120
2838.000000	67	52	0.925	0.123
2844.000000	67	52	0.920	0.126
2850.000000	67	58	0.916	0.130
2856.000000	67	58	0.912	0.134
2862.000000	67	58	0.907	0.137
2868.000000	67	58	0.900	0.139
2874.000000	67	68	0.892	0.139
2880.000000	67	145	0.884	0.146
2886.000000	67	145	0.875	0.158
2892.000000	67	145	0.864	0.171
2898.000000	67	145	0.850	0.186
2904.000000	67	145	0.835	0.203
2910.000000	67	145	0.817	0.222
2916.000000	67	145	0.796	0.242
2922.000000	67	145	0.768	0.265
2928.000000	67	145	0.730	0.294
2934.000000	67	145	0.676	0.332
2940.000000	67	145	0.594	0.385
2946.000000	67	145	0.461	0.454
2952.000000	145	67	0.538	0.271
2958.000000	145	189	0.641	0.249
2964.000000	145	189	0.751	0.255
2970.000000	145	189	0.812	0.258
2976.000000	145	189	0.853	0.263
2982.000000	145	189	0.875	0.275
2988.000000	145	189	0.884	0.289
2994.000000	145	189	0.889	0.306
3000.000000	145	189	0.890	0.323
3006.000000	145	189	0.889	0.336
3012.000000	145	189	0.890	0.343
3018.000000	145	189	0.888	0.346
3024.000000	145	189	0.886	0.345
3030.000000	145	189	0.884	0.342
3036.000000	145	189	0.884	0.339
3042.000000	145	68	0.883	0.338
3048.000000	145	68	0.883	0.336
3054.000000	145	68	0.884	0.330
3060.000000	145	68	0.886	0.323
3066.000000	145	68	0.889	0.311
3072.000000	145	68	0.897	0.292
3078.000000	145	68	0.906	0.271
3084.000000	145	68	0.910	0.244
3090.000000	145	68	0.915	0.208
3096.000000	145	183	0.920	0.207
3102.000000	145	183	0.924	0.219
3108.000000	145	183	0.930	0.233
3114.000000	145	183	0.935	0.248
3120.000000	145	183	0.936	0.265
3126.000000	145	183	0.934	0.285
3132.000000	145	183	0.929	0.311
3138.000000	145	183	0.923	0.345
3144.000000	145	183	0.916	0.383
3150.000000	145	183	0.907	0.419
3156.000000	145	183	0.897	0.450
3162.000000	145	183	0.884	0.477
3168.000000	145	183	0.868	0.503
3174.000000	145	183	0.847	0.528
3180.000000	145	183	0.817	0.557
3186.000000	145	183	0.777	0.590
3192.000000	145	183	0.724	0.624
3198.000000	183	145	0.660	0.646
3204.000000	183	145	0.711	0.514
3210.000000	183	145	0.785	0.301
3216.000000	183	64	0.893	0.079
3222.000000	183	86	0.943	0.078
3228.000000	183	87	0.955	0.079
3234.000000	183	87	0.958	0.080
3240.000000	183	127	0.959	0.089
3246.000000	183	127	0.958	0.098
3252.000000	183	127	0.955	0.106
3258.000000	183	127	0.952	0.112
3264.000000	183	127	0.950	0.118
3270.000000	183	127	0.947	0.122
3276.000000	183	127	0.944	0.126
3282.000000	183	127	0.941	0.128
3288.000000	183	127	0.938	0.131
3294.000000	183	127	0.939	0.133
3300.000000	183	124	0.937	0.133
3306.000000	183	101	0.934	0.139
3312.000000	183	101	0.931	0.147
3318.000000	183	101	0.927	0.155
3324.000000	183	101	0.923	0.163
3330.000000	183	101	0.918	0.171
3336.000000	183	170	0.912	0.178
3342.000000	183	170	0.906	0.187
3348.000000	183	170	0.900	0.195
3354.000000	183	170	0.892	0.205
3360.000000	183	170	0.882	0.219
3366.000000	183	170	0.872	0.233
3372.000000	183	170	0.862	0.249
3378.000000	183	170	0.850	0.270
3384.000000	183	170	0.835	0.298
3390.000000	183	170	0.815	0.334
3396.000000	183	170	0.788	0.378
3402.000000	183	170	0.752	0.429
3408.000000	183	170	0.697	0.499
3414.000000	183	170	0.609	0.598
3420.000000	170	183	0.706	0.456
3426.000000	170	183	0.836	0.226
3432.000000	170	178	0.934	0.064
3438.000000	170	194	0.962	0.061
3444.000000	170	194	0.963	0.070
3450.000000	170	194	0.962	0.080
3456.000000	170	194	0.962	0.089
3462.000000	170	194	0.962	0.097
3468.000000	170	194	0.959	0.104
3474.000000	170	194	0.956	0.111
3480.000000	170	194	0.952	0.117
3486.000000	170	194	0.949	0.122
3492.000000	170	194	0.946	0.127
3498.000000	170	140	0.943	0.135
3504.000000	170	140	0.940	0.148
3510.000000	170	140	0.938	0.159
3516.000000	170	140	0.935	0.169
3522.000000	170	140	0.933	0.177
3528.000000	170	140	0.930	0.183
3534.000000	170	140	0.928	0.187
3540.000000	170	140	0.925	0.191
3546.000000	170	140	0.923	0.194
3552.000000	170	140	0.920	0.196
3558.000000	170	140	0.916	0.200
3564.000000	170	140	0.911	0.204
3570.000000	170	140	0.907	0.206
3576.000000	170	140	0.903	0.207
3582.000000	170	140	0.899	0.207
3588.000000	170	140	0.895	0.210
3594.000000	170	140	0.890	0.213
3600.000000	170	140	0.884	0.218
3606.000000	170	140	0.876	0.223
3612.000000	170	140	0.866	0.225
3618.000000	170	140	0.854	0.225
3624.000000	170	140	0.837	0.226
3630.000000	170	140	0.817	0.228
3636.000000	170	140	0.790	0.232
3642.000000	170	140	0.754	0.238
3648.000000	170	140	0.707	0.249
3654.000000	170	140	0.636	0.262
3660.000000	170	140	0.516	0.281
3666.000000	140	170	0.329	0.305
3672.000000	140	75	0.414	0.092
3678.000000	140	81	0.543	0.088
3684.000000	140	81	0.689	0.097
3690.000000	140	81	0.790	0.106
3696.000000	140	81	0.842	0.113
3702.000000	140	81	0.872	0.120
3708.000000	140	81	0.892	0.123
3714.000000	140	81	0.899	0.126
3720.000000	140	81	0.906	0.130
3726.000000	140	156	0.912	0.137
3732.000000	140	156	0.921	0.154
3738.000000	140	156	0.926	0.175
3744.000000	140	156	0.932	0.198
3750.000000	140	156	0.931	0.223
3756.000000	140	156	0.930	0.248
3762.000000	140	156	0.928	0.271
3768.000000	140	156	0.926	0.291
3774.000000	140	156	0.924	0.310
3780.000000	140	156	0.921	0.331
3786.000000	140	156	0.919	0.355
3792.000000	140	156	0.919	0.376
3798.000000	140	156	0.918	0.397
3804.000000	140	156	0.917	0.417
3810.000000	140	156	0.915	0.437
3816.000000	140	156	0.913	0.458
3822.000000	140	156	0.910	0.480
3828.000000	140	156	0.906	0.500
3834.000000	140	156	0.902	0.522
3840.000000	140	156	0.896	0.551
3846.000000	140	156	0.891	0.576
3852.000000	140	156	0.882	0.605
3858.000000	140	156	0.870	0.643
3864.000000	140	156	0.863	0.671
3870.000000	140	156	0.854	0.695
3876.000000	140	156	0.840	0.715
3882.000000	140	156	0.819	0.734
3888.000000	140	156	0.794	0.746
3894.000000	156	140	0.763	0.753
3900.000000	156	140	0.779	0.690
3906.000000	156	140	0.796	0.588
3912.000000	156	140	0.836	0.399
3918.000000	156	140	0.899	0.156
3924.000000	156	8	0.947	0.111
3930.000000	156	8	0.955	0.112
3936.000000	156	168	0.957	0.120
3942.000000	156	168	0.957	0.131
3948.000000	156	168	0.955	0.145
3954.000000	156	168	0.952	0.162
3960.000000	156	168	0.948	0.180
3966.000000	156	168	0.943	0.199
3972.000000	156	168	0.937	0.218
3978.000000	156	168	0.930	0.238
3984.000000	156	168	0.922	0.260
3990.000000	156	168	0.913	0.284
3996.000000	156	168	0.902	0.310
4002.000000	156	168	0.889	0.339
4008.000000	156	168	0.875	0.371
4014.000000	156	168	0.857	0.405
4020.000000	156	168	0.838	0.437
4026.000000	156	168	0.817	0.464
4032.000000	156	168	0.789	0.491
4038.000000	156	168	0.754	0.523
4044.000000	156	168	0.704	0.565
4050.000000	156	168	0.631	0.611
4056.000000	168	156	0.659	0.521
4062.000000	168	38	0.712	0.392
4068.000000	168	38	0.765	0.413
4074.000000	168	38	0.824	0.437
4080.000000	168	38	0.869	0.462
4086.000000	168	38	0.887	0.496
4092.000000	168	38	0.895	0.532
4098.000000	168	38	0.897	0.560
4104.000000	168	38	0.895	0.577
4110.000000	168	38	0.889	0.588
4116.000000	168	38	0.881	0.595
4122.000000	168	38	0.873	0.600
4128.000000	168	38	0.865	0.602
4134.000000	168	38	0.859	0.601
4140.000000	168	38	0.854	0.597
4146.000000	168	38	0.849	0.592
4152.000000	168	38	0.844	0.583
4158.000000	168	38	0.839	0.572
4164.000000	168	38	0.833	0.560
4170.000000	168	38	0.827	0.548
4176.000000	168	38	0.821	0.531
4182.000000	168	38	0.818	0.507
4188.000000	168	38	0.811	0.478
4194.000000	168	38	0.803	0.442
4200.000000	168	38	0.795	0.393
4206.000000	168	38	0.788	0.328
4212.000000	168	38	0.782	0.241
4218.000000	168	180	0.780	0.149
4224.000000	168	92	0.784	0.133
4230.000000	168	189	0.780	0.140
4236.000000	168	189	0.769	0.158
4242.000000	168	189	0.755	0.177
4248.000000	168	189	0.737	0.199
4254.000000	168	189	0.710	0.230
4260.000000	168	189	0.671	0.270
4266.000000	168	189	0.611	0.322
4272.000000	168	189	0.522	0.392
4278.000000	189	168	0.483	0.391
4284.000000	189	168	0.618	0.212
4290.000000	189	169	0.776	0.098
4296.000000	189	169	0.878	0.101
4302.000000	189	169	0.927	0.101
4308.000000	189	169	0.949	0.104
4314.000000	189	169	0.954	0.108
4320.000000	189	169	0.955	0.110
4326.000000	189	129	0.955	0.115
4332.000000	189	129	0.955	0.126
4338.000000	189	129	0.956	0.138
4344.000000	189	129	0.955	0.151
4350.000000	189	129	0.953	0.163
4356.000000	189	129	0.950	0.176
4362.000000	189	129	0.947	0.189
4368.000000	189	129	0.944	0.203
4374.000000	189	129	0.940	0.217
4380.000000	189	129	0.937	0.232
4386.000000	189	129	0.934	0.248
4392.000000	189	129	0.931	0.263
4398.000000	189	129	0.927	0.278
4404.000000	189	129	0.923	0.295
4410.000000	189	129	0.918	0.313
4416.000000	189	129	0.914	0.330
4422.000000	189	129	0.910	0.348
4428.000000	189	129	0.906	0.366
4434.000000	189	129	0.902	0.385
4440.000000	189	129	0.899	0.406
4446.000000	189	129	0.895	0.429
4452.000000	189	129	0.889	0.463
4458.000000	189	129	0.884	0.503
4464.000000	189	129	0.876	0.549
4470.000000	189	129	0.866	0.598
4476.000000	189	129	0.855	0.646
4482.000000	189	129	0.840	0.678
4488.000000	189	129	0.822	0.700
4494.000000	189	129	0.795	0.727
4500.000000	129	189	0.756	0.755
4506.000000	129	189	0.784	0.693
4512.000000	129	189	0.827	0.581
4518.000000	129	189	0.887	0.393
4524.000000	129	189	0.943	0.148
4530.000000	129	139	0.967	0.055
4536.000000	129	139	0.971	0.057
4542.000000	129	139	0.970	0.060
4548.000000	129	184	0.968	0.065
4554.000000	129	184	0.965	0.074
4560.000000	129	184	0.962	0.085
4566.000000	129	184	0.959	0.098
4572.000000	129	184	0.955	0.112
4578.000000	129	184	0.950	0.128
4584.000000	129	184	0.945	0.146
4590.000000	129	184	0.938	0.169
4596.000000	129	184	0.930	0.199
4602.000000	129	184	0.921	0.234
4608.000000	129	184	0.910	0.270
4614.000000	129	184	0.897	0.309
4620.000000	129	184	0.882	0.349
4626.000000	129	184	0.865	0.392
4632.000000	129	184	0.847	0.441
4638.000000	129	184	0.826	0.487
4644.000000	129	184	0.800	0.528
4650.000000	129	184	0.769	0.561
4656.000000	129	184	0.730	0.596
4662.000000	129	184	0.671	0.639
4668.000000	184	129	0.660	0.597
4674.000000	184	129	0.689	0.490
4680.000000	184	129	0.735	0.338
4686.000000	184	17	0.786	0.287
4692.000000	184	17	0.828	0.319
4698.000000	184	17	0.866	0.351
4704.000000	184	17	0.878	0.396
4710.000000	184	17	0.882	0.441
4716.000000	184	17	0.890	0.481
4722.000000	184	17	0.891	0.515
4728.000000	184	17	0.888	0.546
4734.000000	184	17	0.888	0.573
4740.000000	184	17	0.886	0.597
4746.000000	184	17	0.883	0.614
4752.000000	184	17	0.882	0.629
4758.000000	184	17	0.878	0.644
4764.000000	184	17	0.873	0.651
4770.000000	184	17	0.868	0.664
4776.000000	184	17	0.861	0.676
4782.000000	184	17	0.854	0.682
4788.000000	184	17	0.845	0.689
4794.000000	184	17	0.833	0.698
4800.000000	184	17	0.823	0.704
4806.000000	184	17	0.811	0.711
4812.000000	184	17	0.798	0.718
4818.000000	184	17	0.786	0.723
4824.000000	184	17	0.769	0.730
4830.000000	184	17	0.748	0.733
4836.000000	17	184	0.735	0.721
4842.000000	17	184	0.735	0.687
4848.000000	17	184	0.746	0.632
4854.000000	17	184	0.772	0.552
4860.000000	17	184	0.798	0.441
4866.000000	17	184	0.837	0.274
4872.000000	17	184	0.884	0.090
4878.000000	17	18	0.934	0.050
4884.000000	17	18	0.953	0.052
4890.000000	17	18	0.957	0.056
4896.000000	17	97	0.958	0.061
4902.000000	17	97	0.958	0.070
4908.000000	17	97	0.955	0.078
4914.000000	17	97	0.953	0.085
4920.000000	17	97	0.952	0.092
4926.000000	17	97	0.947	0.099
4932.000000	17	97	0.942	0.106
4938.000000	17	97	0.936	0.114
4944.000000	17	97	0.929	0.123
4950.000000	17	97	0.921	0.133
4956.000000	17	97	0.912	0.144
4962.000000	17	97	0.901	0.155
4968.000000	17	97	0.888	0.168
4974.000000	17	97	0.872	0.181
4980.000000	17	97	0.852	0.196
4986.000000	17	97	0.828	0.214
4992.000000	17	97	0.796	0.237
4998.000000	17	97	0.752	0.264
5004.000000	17	97	0.689	0.298
5010.000000	17	97	0.596	0.344
5016.000000	17	97	0.461	0.408
5022.000000	97	17	0.494	0.270
5028.000000	97	164	0.622	0.129
5034.000000	97	164	0.771	0.113
5040.000000	97	41	0.849	0.117
5046.000000	97	41	0.885	0.121
5052.000000	97	41	0.909	0.126
5058.000000	97	41	0.926	0.127
5064.000000	97	41	0.935	0.127
5070.000000	97	41	0.940	0.127
5076.000000	97	41	0.943	0.128
5082.000000	97	41	0.944	0.131
5088.000000	97	41	0.944	0.133
5094.000000	97	41	0.942	0.136
5100.000000	97	41	0.939	0.140
5106.000000	97	41	0.937	0.141
5112.000000	97	41	0.934	0.141
5118.000000	97	84	0.932	0.141
5124.000000	97	84	0.930	0.146
5130.000000	97	84	0.928	0.152
5136.000000	97	84	0.927	0.156
5142.000000	97	84	0.926	0.159
5148.000000	97	84	0.926	0.159
5154.000000	97	84	0.925	0.157
5160.000000	97	84	0.924	0.154
5166.000000	97	84	0.923	0.152
5172.000000	97	84	0.922	0.150
5178.000000	97	84	0.922	0.150
5184.000000	97	74	0.920	0.161
5190.000000	97	74	0.918	0.174
5196.000000	97	74	0.916	0.191
5202.000000	97	74	0.912	0.210
5208.000000	97	74	0.909	0.225
5214.000000	97	74	0.904	0.239
5220.000000	97	74	0.898	0.254
5226.000000	97	74	0.891	0.277
5232.000000	97	74	0.882	0.304
5238.000000	97	74	0.870	0.333
5244.000000	97	74	0.854	0.370
5250.000000	97	74	0.833	0.421
5256.000000	97	74	0.804	0.486
5262.000000	97	74	0.764	0.556
5268.000000	97	74	0.703	0.625
5274.000000	74	97	0.691	0.604
5280.000000	74	97	0.766	0.436
5286.000000	74	97	0.856	0.196
5292.000000	74	39	0.933	0.055
5298.000000	74	39	0.958	0.057
5304.000000	74	39	0.962	0.061
5310.000000	74	39	0.967	0.065
5316.000000	74	39	0.967	0.069
5322.000000	74	39	0.965	0.073
5328.000000	74	39	0.962	0.077
5334.000000	74	117	0.959	0.085
5340.000000	74	117	0.956	0.093
5346.000000	74	117	0.952	0.103
5352.000000	74	117	0.948	0.113
5358.000000	74	117	0.944	0.123
5364.000000	74	117	0.941	0.132
5370.000000	74	157	0.937	0.149
5376.000000	74	157	0.933	0.167
5382.000000	74	157	0.930	0.189
5388.000000	74	157	0.928	0.216
5394.000000	74	157	0.925	0.245
5400.000000	74	157	0.920	0.277
5406.000000	74	157	0.915	0.305
5412.000000	74	157	0.909	0.331
5418.000000	74	157	0.903	0.360
5424.000000	74	157	0.894	0.390
5430.000000	74	157	0.882	0.417
5436.000000	74	157	0.868	0.440
5442.000000	74	157	0.851	0.464
5448.000000	74	157	0.829	0.495
5454.000000	74	157	0.799	0.531
5460.000000	74	157	0.764	0.558
5466.000000	74	157	0.718	0.580
5472.000000	74	157	0.645	0.610
5478.000000	157	74	0.643	0.540
5484.000000	157	117	0.689	0.495
5490.000000	157	117	0.748	0.570
5496.000000	157	117	0.806	0.634
5502.000000	157	117	0.836	0.674
5508.000000	157	117	0.849	0.701
5514.000000	157	117	0.858	0.712
5520.000000	157	117	0.864	0.721
5526.000000	157	117	0.863	0.732
5532.000000	157	117	0.862	0.736
5538.000000	157	117	0.861	0.735
5544.000000	157	117	0.859	0.735
5550.000000	157	117	0.857	0.733
5556.000000	157	117	0.854	0.731
5562.000000	157	117	0.850	0.729
5568.000000	157	117	0.844	0.724
5574.000000	157	117	0.838	0.718
5580.000000	157	117	0.832	0.712
5586.000000	157	117	0.825	0.704
5592.000000	157	117	0.815	0.697
5598.000000	157	117	0.802	0.691
5604.000000	157	117	0.788	0.685
5610.000000	157	117	0.771	0.674
5616.000000	157	117	0.751	0.664
5622.000000	157	117	0.731	0.646
5628.000000	157	117	0.708	0.624
5634.000000	157	117	0.677	0.598
5640.000000	157	117	0.632	0.565
5646.000000	157	117	0.569	0.520
5652.000000	157	117	0.483	0.460
5658.000000	117	157	0.381	0.366
5664.000000	117	157	0.274	0.211
5670.000000	130	117	0.149	0.147
5676.000000	130	198	0.138	0.115
5682.000000	130	198	0.136	0.119
5688.000000	130	198	0.144	0.127
5694.000000	130	198	0.158	0.141
5700.000000	130	198	0.178	0.163
5706.000000	130	198	0.203	0.197
5712.000000	198	130	0.247	0.232
5718.000000	198	130	0.324	0.259
5724.000000	198	130	0.434	0.288
5730.000000	198	130	0.549	0.318
5736.000000	198	130	0.648	0.347
5742.000000	198	130	0.724	0.376
5748.000000	198	130	0.773	0.401
5754.000000	198	130	0.803	0.421
5760.000000	198	130	0.818	0.438
5766.000000	198	130	0.825	0.451
5772.000000	198	130	0.830	0.460
5778.000000	198	130	0.838	0.465
5784.000000	198	130	0.846	0.465
5790.000000	198	130	0.847	0.466
5796.000000	198	130	0.849	0.465
5802.000000	198	130	0.863	0.457
5808.000000	198	130	0.869	0.446
5814.000000	198	130	0.870	0.429
5820.000000	198	130	0.873	0.404
5826.000000	198	130	0.876	0.374
5832.000000	198	130	0.878	0.335
5838.000000	198	130	0.884	0.284
5844.000000	198	141	0.898	0.292
5850.000000	198	141	0.906	0.307
5856.000000	198	141	0.920	0.322
5862.000000	198	141	0.935	0.344
5868.000000	198	141	0.940	0.376
5874.000000	198	141	0.940	0.407
5880.000000	198	141	0.938	0.429
5886.000000	198	141	0.936	0.447
5892.000000	198	141	0.934	0.467
5898.000000	198	141	0.932	0.488
5904.000000	198	141	0.930	0.512
5910.000000	198	141	0.926	0.536
5916.000000	198	141	0.920	0.565
5922.000000	198	141	0.913	0.590
5928.000000	198	141	0.905	0.610
5934.000000	198	141	0.892	0.634
5940.000000	198	141	0.877	0.651
5946.000000	198	141	0.857	0.670
5952.000000	198	141	0.832	0.685
5958.000000	198	141	0.795	0.702
5964.000000	198	141	0.735	0.730
5970.000000	141	198	0.758	0.652
5976.000000	141	198	0.801	0.507
5982.000000	141	198	0.857	0.283
5988.000000	141	198	0.923	0.076
5994.000000	141	173	0.960	0.077
6000.000000	141	173	0.969	0.083
6006.000000	141	173	0.969	0.089
6012.000000	141	173	0.970	0.097
6018.000000	141	173	0.970	0.104
6024.000000	141	173	0.968	0.111
6030.000000	141	173	0.965	0.120
6036.000000	141	173	0.962	0.129
6042.000000	141	173	0.959	0.139
6048.000000	141	173	0.956	0.151
6054.000000	141	173	0.952	0.165
6060.000000	141	173	0.948	0.179
6066.000000	141	173	0.945	0.193
6072.000000	141	173	0.941	0.208
6078.000000	141	173	0.936	0.224
6084.000000	141	173	0.931	0.241
6090.000000	141	173	0.925	0.258
6096.000000	141	173	0.918	0.276
6102.000000	141	173	0.910	0.296
6108.000000	141	173	0.899	0.320
6114.000000	141	173	0.889	0.348
6120.000000	141	173	0.878	0.378
6126.000000	141	173	0.862	0.413
6132.000000	141	173	0.842	0.457
6138.000000	141	173	0.816	0.495
6144.000000	141	173	0.774	0.540
6150.000000	141	173	0.718	0.588
6156.000000	173	141	0.638	0.632
6162.000000	173	141	0.686	0.497
6168.000000	173	89	0.734	0.521
6174.000000	173	89	0.796	0.594
6180.000000	173	89	0.826	0.653
6186.000000	173	89	0.839	0.685
6192.000000	173	89	0.841	0.699
6198.000000	173	89	0.843	0.706
6204.000000	173	89	0.840	0.713
6210.000000	173	89	0.835	0.719
6216.000000	173	89	0.829	0.724
6222.000000	173	89	0.823	0.723
6228.000000	173	89	0.822	0.715
6234.000000	173	89	0.821	0.705
6240.000000	173	89	0.818	0.695
6246.000000	173	89	0.813	0.686
6252.000000	173	89	0.807	0.676
6258.000000	173	89	0.798	0.669
6264.000000	173	89	0.787	0.661
6270.000000	173	89	0.777	0.647
6276.000000	173	89	0.764	0.631
6282.000000	173	89	0.748	0.612
6288.000000	173	89	0.731	0.590
6294.000000	173	89	0.712	0.562
6300.000000	173	89	0.689	0.528
6306.000000	173	89	0.659	0.487
6312.000000	173	89	0.624	0.431
6318.000000	173	105	0.586	0.410
6324.000000	173	105	0.537	0.458
6330.000000	105	173	0.532	0.465
6336.000000	105	173	0.623	0.359
6342.000000	105	173	0.757	0.224
6348.000000	105	173	0.887	0.113
6354.000000	105	173	0.944	0.062
6360.000000	105	135	0.966	0.061
6366.000000	105	135	0.968	0.066
6372.000000	105	135	0.968	0.072
6378.000000	105	135	0.968	0.080
6384.000000	105	135	0.967	0.090
6390.000000	105	135	0.964	0.101
6396.000000	105	135	0.961	0.113
6402.000000	105	135	0.958	0.125
6408.000000	105	135	0.955	0.138
6414.000000	105	135	0.952	0.152
6420.000000	105	135	0.949	0.169
6426.000000	105	135	0.945	0.187
6432.000000	105	135	0.941	0.205
6438.000000	105	135	0.937	0.221
6444.000000	105	135	0.933	0.235
6450.000000	105	135	0.929	0.249
6456.000000	105	135	0.925	0.265
6462.000000	105	135	0.920	0.283
6468.000000	105	135	0.915	0.299
6474.000000	105	135	0.909	0.316
6480.000000	105	135	0.903	0.333
6486.000000	105	135	0.897	0.354
6492.000000	105	135	0.890	0.378
6498.000000	105	135	0.882	0.403
6504.000000	105	135	0.872	0.435
6510.000000	105	135	0.858	0.473
6516.000000	105	135	0.838	0.513
6522.000000	105	135	0.807	0.563
6528.000000	105	135	0.768	0.608
6534.000000	105	135	0.715	0.643
6540.000000	135	105	0.682	0.634
6546.000000	135	105	0.720	0.507
6552.000000	135	167	0.776	0.434
6558.000000	135	167	0.845	0.488
6564.000000	135	167	0.884	0.535
6570.000000	135	167	0.900	0.561
6576.000000	135	167	0.899	0.587
6582.000000	135	167	0.895	0.598
6588.000000	135	167	0.888	0.615
6594.000000	135	167	0.881	0.628
6600.000000	135	167	0.881	0.630
6606.000000	135	167	0.876	0.636
6612.000000	135	167	0.869	0.645
6618.000000	135	167	0.864	0.653
6624.000000	135	167	0.861	0.652
6630.000000	135	167	0.858	0.651
6636.000000	135	167	0.855	0.647
6642.000000	135	167	0.851	0.642
6648.000000	135	167	0.846	0.637
6654.000000	135	167	0.839	0.633
6660.000000	135	167	0.831	0.627
6666.000000	135	167	0.822	0.619
6672.000000	135	167	0.808	0.613
6678.000000	135	167	0.797	0.601
6684.000000	135	167	0.784	0.586
6690.000000	135	167	0.767	0.570
6696.000000	135	167	0.748	0.552
6702.000000	135	167	0.727	0.526
6708.000000	135	167	0.700	0.491
6714.000000	135	167	0.665	0.441
6720.000000	135	167	0.617	0.378
6726.000000	135	167	0.547	0.296
6732.000000	135	167	0.440	0.210
6738.000000	135	82	0.273	0.141
6744.000000	82	135	0.147	0.083
6750.000000	82	15	0.161	0.054
6756.000000	82	157	0.191	0.050
6762.000000	82	157	0.242	0.051
6768.000000	82	18	0.334	0.052
6774.000000	82	18	0.486	0.061
6780.000000	82	18	0.671	0.069
6786.000000	82	18	0.800	0.075
6792.000000	82	18	0.859	0.079
6798.000000	82	18	0.891	0.080
6804.000000	82	18	0.914	0.079
6810.000000	82	18	0.930	0.080
6816.000000	82	0	0.936	0.086
6822.000000	82	0	0.938	0.095
6828.000000	82	191	0.941	0.105
6834.000000	82	191	0.941	0.117
6840.000000	82	191	0.941	0.126
6846.000000	82	0	0.941	0.135
6852.000000	82	0	0.939	0.144
6858.000000	82	0	0.936	0.152
6864.000000	82	0	0.934	0.160
6870.000000	82	0	0.931	0.166
6876.000000	82	0	0.928	0.172
6882.000000	82	0	0.926	0.176
6888.000000	82	0	0.923	0.178
6894.000000	82	0	0.920	0.179
6900.000000	82	0	0.916	0.177
6906.000000	82	0	0.912	0.173
6912.000000	82	0	0.909	0.167
6918.000000	82	0	0.906	0.158
6924.000000	82	99	0.903	0.149
6930.000000	82	79	0.904	0.158
6936.000000	82	79	0.902	0.166
6942.000000	82	79	0.900	0.173
6948.000000	82	79	0.900	0.179
6954.000000	82	79	0.902	0.184
6960.000000	82	79	0.902	0.185
6966.000000	82	79	0.901	0.185
6972.000000	82	79	0.901	0.184
6978.000000	82	79	0.900	0.183
6984.000000	82	79	0.898	0.181
6990.000000	82	79	0.896	0.176
6996.000000	82	79	0.893	0.166
7002.000000	82	79	0.891	0.153
7008.000000	82	79	0.889	0.136
7014.000000	82	79	0.888	0.121
7020.000000	82	79	0.887	0.109
7026.000000	82	79	0.885	0.097
7032.000000	82	79	0.881	0.083
7038.000000	82	79	0.875	0.069
7044.000000	82	72	0.867	0.069
7050.000000	82	72	0.856	0.071
7056.000000	82	72	0.840	0.071
7062.000000	82	72	0.818	0.071
7068.000000	82	72	0.788	0.069
7074.000000	82	175	0.743	0.069
7080.000000	82	175	0.671	0.070
7086.000000	82	175	0.539	0.069
7092.000000	82	175	0.272	0.064
7098.000000	175	181	0.051	0.044
7104.000000	175	181	0.042	0.039
7110.000000	181	175	0.034	0.034
7116.000000	181	175	0.029	0.026
7122.000000	181	175	0.023	0.018
7128.000000	181	44	0.017	0.014
7134.000000	181	44	0.012	0.011
7140.000000	181	44	0.007	0.007
