0.000000	125	102	0.000	0.000
6.000000	61	32	0.986	0.043
12.000000	61	32	0.985	0.045
18.000000	61	32	0.984	0.047
24.000000	61	32	0.983	0.049
30.000000	61	32	0.982	0.051
36.000000	61	32	0.981	0.053
42.000000	61	32	0.979	0.056
48.000000	61	35	0.977	0.060
54.000000	61	35	0.975	0.065
60.000000	61	42	0.973	0.072
66.000000	61	42	0.971	0.081
72.000000	61	42	0.969	0.091
78.000000	61	42	0.967	0.101
84.000000	61	42	0.965	0.110
90.000000	61	42	0.963	0.119
96.000000	61	42	0.961	0.129
102.000000	61	42	0.959	0.140
108.000000	61	42	0.957	0.155
114.000000	61	42	0.954	0.170
120.000000	61	42	0.952	0.184
126.000000	61	42	0.950	0.198
132.000000	61	42	0.948	0.212
138.000000	61	42	0.945	0.229
144.000000	61	42	0.942	0.250
150.000000	61	42	0.939	0.276
156.000000	61	42	0.935	0.302
162.000000	61	42	0.929	0.329
168.000000	61	42	0.923	0.358
174.000000	61	42	0.915	0.389
180.000000	61	42	0.905	0.420
186.000000	61	42	0.891	0.460
192.000000	61	42	0.876	0.501
198.000000	61	42	0.854	0.534
204.000000	61	42	0.829	0.558
210.000000	61	42	0.796	0.590
216.000000	61	42	0.753	0.620
222.000000	61	42	0.690	0.651
228.000000	42	61	0.694	0.600
234.000000	42	35	0.746	0.560
240.000000	42	35	0.797	0.608
246.000000	42	35	0.855	0.678
252.000000	42	35	0.881	0.707
258.000000	42	35	0.892	0.719
264.000000	42	35	0.894	0.719
270.000000	42	35	0.893	0.720
276.000000	42	35	0.885	0.719
282.000000	42	35	0.876	0.721
288.000000	42	35	0.872	0.718
294.000000	42	35	0.867	0.716
300.000000	42	35	0.864	0.714
306.000000	42	35	0.859	0.709
312.000000	42	35	0.854	0.701
318.000000	42	35	0.848	0.692
324.000000	42	35	0.841	0.681
330.000000	42	35	0.832	0.668
336.000000	42	35	0.824	0.653
342.000000	42	35	0.814	0.635
348.000000	42	35	0.803	0.616
354.000000	42	35	0.793	0.591
360.000000	42	35	0.784	0.559
366.000000	42	35	0.776	0.514
372.000000	42	35	0.773	0.457
378.000000	42	35	0.768	0.388
384.000000	42	35	0.766	0.299
390.000000	42	36	0.762	0.199
396.000000	42	36	0.756	0.210
402.000000	42	36	0.750	0.221
408.000000	42	36	0.738	0.236
414.000000	42	36	0.719	0.252
420.000000	42	36	0.695	0.272
426.000000	42	36	0.660	0.298
432.000000	42	36	0.609	0.330
438.000000	42	36	0.525	0.369
444.000000	36	42	0.418	0.394
450.000000	36	139	0.484	0.328
456.000000	36	139	0.555	0.368
462.000000	36	139	0.632	0.423
468.000000	36	139	0.687	0.489
474.000000	36	139	0.710	0.546
480.000000	36	139	0.723	0.594
486.000000	36	139	0.734	0.627
492.000000	36	139	0.742	0.649
498.000000	36	139	0.746	0.670
504.000000	36	139	0.748	0.681
510.000000	36	139	0.751	0.694
516.000000	36	139	0.755	0.705
522.000000	36	139	0.764	0.710
528.000000	36	139	0.770	0.716
534.000000	36	139	0.774	0.725
540.000000	36	139	0.778	0.730
546.000000	36	139	0.785	0.739
552.000000	36	139	0.789	0.750
558.000000	36	139	0.789	0.756
564.000000	36	139	0.791	0.760
570.000000	36	139	0.792	0.765
576.000000	36	139	0.799	0.771
582.000000	36	139	0.801	0.775
588.000000	36	139	0.802	0.776
594.000000	36	139	0.801	0.780
600.000000	36	139	0.796	0.786
606.000000	36	139	0.787	0.787
612.000000	139	36	0.789	0.773
618.000000	139	36	0.788	0.756
624.000000	139	36	0.787	0.737
630.000000	139	36	0.785	0.712
636.000000	139	36	0.790	0.676
642.000000	139	36	0.789	0.629
648.000000	139	36	0.794	0.554
654.000000	139	36	0.804	0.442
660.000000	139	36	0.822	0.277
666.000000	139	36	0.864	0.111
672.000000	139	39	0.889	0.098
678.000000	139	39	0.900	0.111
684.000000	139	39	0.907	0.124
690.000000	139	39	0.910	0.138
696.000000	139	39	0.909	0.155
702.000000	139	39	0.906	0.177
708.000000	139	39	0.901	0.206
714.000000	139	39	0.893	0.245
720.000000	139	39	0.882	0.293
726.000000	139	39	0.866	0.346
732.000000	139	39	0.845	0.404
738.000000	139	39	0.816	0.471
744.000000	139	39	0.776	0.540
750.000000	139	39	0.721	0.598
756.000000	39	139	0.653	0.643
762.000000	39	139	0.706	0.518
768.000000	39	19	0.789	0.354
774.000000	39	19	0.850	0.395
780.000000	39	19	0.878	0.431
786.000000	39	19	0.887	0.471
792.000000	39	19	0.896	0.507
798.000000	39	19	0.906	0.534
804.000000	39	19	0.908	0.555
810.000000	39	19	0.907	0.574
816.000000	39	19	0.905	0.589
822.000000	39	19	0.906	0.602
828.000000	39	19	0.906	0.610
834.000000	39	19	0.906	0.614
840.000000	39	19	0.905	0.620
846.000000	39	19	0.905	0.623
852.000000	39	19	0.904	0.626
858.000000	39	19	0.903	0.628
864.000000	39	19	0.904	0.625
870.000000	39	19	0.901	0.623
876.000000	39	19	0.901	0.621
882.000000	39	19	0.900	0.617
888.000000	39	19	0.900	0.608
894.000000	39	19	0.905	0.594
900.000000	39	19	0.905	0.580
906.000000	39	19	0.906	0.561
912.000000	39	19	0.906	0.533
918.000000	39	19	0.906	0.491
924.000000	39	19	0.908	0.427
930.000000	39	19	0.910	0.330
936.000000	39	19	0.915	0.201
942.000000	39	57	0.920	0.107
948.000000	39	57	0.924	0.107
954.000000	39	57	0.927	0.108
960.000000	39	57	0.930	0.111
966.000000	39	57	0.935	0.115
972.000000	39	57	0.940	0.118
978.000000	39	57	0.941	0.122
984.000000	39	57	0.940	0.126
990.000000	39	57	0.937	0.130
996.000000	39	57	0.933	0.134
1002.000000	39	57	0.928	0.137
1008.000000	39	57	0.922	0.139
1014.000000	39	57	0.913	0.140
1020.000000	39	63	0.902	0.146
1026.000000	39	63	0.888	0.165
1032.000000	39	63	0.868	0.190
1038.000000	39	63	0.841	0.222
1044.000000	39	63	0.804	0.264
1050.000000	39	63	0.750	0.320
1056.000000	39	63	0.665	0.399
1062.000000	39	63	0.520	0.501
1068.000000	63	39	0.614	0.284
1074.000000	63	66	0.761	0.167
1080.000000	63	66	0.872	0.181
1086.000000	63	66	0.900	0.208
1092.000000	63	66	0.911	0.242
1098.000000	63	66	0.919	0.278
1104.000000	63	66	0.923	0.315
1110.000000	63	66	0.926	0.354
1116.000000	63	66	0.924	0.393
1122.000000	63	66	0.921	0.428
1128.000000	63	66	0.919	0.458
1134.000000	63	66	0.922	0.482
1140.000000	63	66	0.921	0.504
1146.000000	63	66	0.919	0.525
1152.000000	63	66	0.917	0.544
1158.000000	63	66	0.916	0.558
1164.000000	63	66	0.914	0.573
1170.000000	63	66	0.913	0.585
1176.000000	63	66	0.912	0.595
1182.000000	63	66	0.911	0.603
1188.000000	63	66	0.910	0.616
1194.000000	63	66	0.912	0.633
1200.000000	63	66	0.911	0.650
1206.000000	63	66	0.910	0.659
1212.000000	63	66	0.910	0.665
1218.000000	63	66	0.908	0.671
1224.000000	63	66	0.906	0.676
1230.000000	63	66	0.904	0.679
1236.000000	63	66	0.900	0.682
1242.000000	63	66	0.895	0.683
1248.000000	63	66	0.886	0.688
1254.000000	63	66	0.876	0.692
1260.000000	63	66	0.871	0.693
1266.000000	63	66	0.866	0.695
1272.000000	63	66	0.860	0.694
1278.000000	63	66	0.850	0.694
1284.000000	63	66	0.832	0.697
1290.000000	63	66	0.810	0.704
1296.000000	63	66	0.784	0.708
1302.000000	63	66	0.750	0.711
1308.000000	66	63	0.725	0.694
1314.000000	66	63	0.735	0.617
1320.000000	66	63	0.765	0.483
1326.000000	66	63	0.797	0.269
1332.000000	66	26	0.859	0.082
1338.000000	66	26	0.899	0.079
1344.000000	66	26	0.919	0.079
1350.000000	66	26	0.927	0.081
1356.000000	66	26	0.931	0.085
1362.000000	66	26	0.931	0.089
1368.000000	66	26	0.927	0.096
1374.000000	66	26	0.923	0.104
1380.000000	66	26	0.921	0.114
1386.000000	66	26	0.917	0.123
1392.000000	66	26	0.911	0.130
1398.000000	66	26	0.902	0.135
1404.000000	66	26	0.891	0.140
1410.000000	66	26	0.878	0.144
1416.000000	66	26	0.861	0.148
1422.000000	66	26	0.841	0.152
1428.000000	66	26	0.816	0.155
1434.000000	66	26	0.783	0.157
1440.000000	66	118	0.742	0.164
1446.000000	66	118	0.685	0.178
1452.000000	66	118	0.609	0.194
1458.000000	66	118	0.511	0.206
1464.000000	66	183	0.382	0.223
1470.000000	183	118	0.236	0.230
1476.000000	183	118	0.245	0.242
1482.000000	118	183	0.260	0.257
1488.000000	118	183	0.284	0.276
1494.000000	118	183	0.313	0.299
1500.000000	118	183	0.342	0.325
1506.000000	118	183	0.373	0.355
1512.000000	118	183	0.402	0.383
1518.000000	118	183	0.428	0.401
1524.000000	118	183	0.452	0.422
1530.000000	118	183	0.471	0.436
1536.000000	118	183	0.484	0.443
1542.000000	118	183	0.495	0.451
1548.000000	118	183	0.505	0.460
1554.000000	118	183	0.517	0.467
1560.000000	118	183	0.527	0.475
1566.000000	118	183	0.534	0.486
1572.000000	118	183	0.547	0.496
1578.000000	118	183	0.563	0.501
1584.000000	118	183	0.590	0.500
1590.000000	118	183	0.613	0.499
1596.000000	118	183	0.627	0.503
1602.000000	118	183	0.637	0.505
1608.000000	118	183	0.648	0.507
1614.000000	118	183	0.665	0.507
1620.000000	118	183	0.676	0.499
1626.000000	118	183	0.699	0.488
1632.000000	118	183	0.719	0.472
1638.000000	118	183	0.741	0.452
1644.000000	118	183	0.757	0.429
1650.000000	118	183	0.768	0.403
1656.000000	118	183	0.783	0.366
1662.000000	118	183	0.793	0.319
1668.000000	118	183	0.808	0.255
1674.000000	118	183	0.831	0.174
1680.000000	118	88	0.858	0.168
1686.000000	118	88	0.872	0.174
1692.000000	118	88	0.884	0.185
1698.000000	118	88	0.894	0.197
1704.000000	118	88	0.902	0.210
1710.000000	118	88	0.905	0.224
1716.000000	118	88	0.902	0.238
1722.000000	118	88	0.898	0.253
1728.000000	118	88	0.894	0.270
1734.000000	118	88	0.892	0.287
1740.000000	118	88	0.889	0.304
1746.000000	118	88	0.885	0.322
1752.000000	118	88	0.879	0.338
1758.000000	118	88	0.874	0.352
1764.000000	118	88	0.866	0.365
1770.000000	118	88	0.855	0.378
1776.000000	118	88	0.841	0.393
1782.000000	118	88	0.821	0.408
1788.000000	118	88	0.801	0.423
1794.000000	118	88	0.778	0.439
1800.000000	118	88	0.745	0.464
1806.000000	118	88	0.699	0.494
1812.000000	118	88	0.634	0.517
1818.000000	88	118	0.541	0.531
1824.000000	88	118	0.588	0.366
1830.000000	88	130	0.660	0.185
1836.000000	88	130	0.754	0.162
1842.000000	88	130	0.831	0.139
1848.000000	88	130	0.870	0.125
1854.000000	88	130	0.888	0.117
1860.000000	88	130	0.902	0.110
1866.000000	88	130	0.912	0.104
1872.000000	88	130	0.916	0.097
1878.000000	88	84	0.920	0.091
1884.000000	88	84	0.926	0.086
1890.000000	88	112	0.926	0.093
1896.000000	88	112	0.927	0.104
1902.000000	88	112	0.929	0.115
1908.000000	88	112	0.929	0.126
1914.000000	88	112	0.928	0.141
1920.000000	88	112	0.927	0.157
1926.000000	88	112	0.925	0.173
1932.000000	88	112	0.924	0.189
1938.000000	88	112	0.922	0.208
1944.000000	88	112	0.921	0.229
1950.000000	88	112	0.919	0.254
1956.000000	88	112	0.917	0.280
1962.000000	88	112	0.916	0.310
1968.000000	88	112	0.913	0.344
1974.000000	88	112	0.907	0.384
1980.000000	88	112	0.898	0.432
1986.000000	88	112	0.885	0.490
1992.000000	88	112	0.871	0.553
1998.000000	88	112	0.852	0.605
2004.000000	88	112	0.828	0.643
2010.000000	88	112	0.795	0.683
2016.000000	88	112	0.743	0.739
2022.000000	112	88	0.795	0.669
2028.000000	112	88	0.837	0.550
2034.000000	112	88	0.888	0.353
2040.000000	112	9	0.932	0.178
2046.000000	112	9	0.953	0.168
2052.000000	112	9	0.959	0.164
2058.000000	112	9	0.960	0.162
2064.000000	112	9	0.957	0.159
2070.000000	112	9	0.957	0.152
2076.000000	112	9	0.954	0.144
2082.000000	112	9	0.950	0.136
2088.000000	112	9	0.945	0.126
2094.000000	112	9	0.941	0.115
2100.000000	112	22	0.936	0.122
2106.000000	112	22	0.931	0.133
2112.000000	112	22	0.926	0.144
2118.000000	112	22	0.921	0.156
2124.000000	112	22	0.915	0.166
2130.000000	112	22	0.909	0.177
2136.000000	112	22	0.903	0.189
2142.000000	112	22	0.898	0.202
2148.000000	112	22	0.891	0.214
2154.000000	112	22	0.884	0.228
2160.000000	112	22	0.875	0.242
2166.000000	112	22	0.866	0.259
2172.000000	112	22	0.856	0.273
2178.000000	112	22	0.844	0.286
2184.000000	112	22	0.831	0.306
2190.000000	112	22	0.816	0.331
2196.000000	112	22	0.799	0.361
2202.000000	112	22	0.778	0.401
2208.000000	112	22	0.752	0.446
2214.000000	112	22	0.715	0.498
2220.000000	112	22	0.663	0.561
2226.000000	22	112	0.624	0.574
2232.000000	22	112	0.701	0.423
2238.000000	22	112	0.791	0.221
2244.000000	22	82	0.870	0.128
2250.000000	22	82	0.920	0.117
2256.000000	22	82	0.943	0.107
2262.000000	22	82	0.953	0.097
2268.000000	22	82	0.953	0.088
2274.000000	22	53	0.955	0.083
2280.000000	22	43	0.955	0.091
2286.000000	22	43	0.954	0.101
2292.000000	22	43	0.952	0.112
2298.000000	22	43	0.949	0.123
2304.000000	22	43	0.947	0.136
2310.000000	22	43	0.944	0.150
2316.000000	22	43	0.941	0.166
2322.000000	22	43	0.937	0.179
2328.000000	22	43	0.933	0.189
2334.000000	22	43	0.929	0.199
2340.000000	22	133	0.924	0.214
2346.000000	22	133	0.920	0.232
2352.000000	22	133	0.915	0.253
2358.000000	22	133	0.909	0.279
2364.000000	22	133	0.903	0.307
2370.000000	22	133	0.897	0.332
2376.000000	22	133	0.890	0.357
2382.000000	22	133	0.880	0.383
2388.000000	22	133	0.869	0.411
2394.000000	22	133	0.853	0.440
2400.000000	22	133	0.834	0.473
2406.000000	22	133	0.813	0.502
2412.000000	22	133	0.788	0.525
2418.000000	22	133	0.752	0.548
2424.000000	22	133	0.703	0.579
2430.000000	22	133	0.630	0.620
2436.000000	133	22	0.658	0.529
2442.000000	133	43	0.714	0.392
2448.000000	133	43	0.793	0.420
2454.000000	133	43	0.858	0.446
2460.000000	133	43	0.887	0.472
2466.000000	133	43	0.898	0.498
2472.000000	133	43	0.899	0.526
2478.000000	133	43	0.905	0.544
2484.000000	133	43	0.909	0.552
2490.000000	133	43	0.908	0.560
2496.000000	133	43	0.909	0.564
2502.000000	133	43	0.908	0.568
2508.000000	133	43	0.907	0.572
2514.000000	133	43	0.907	0.576
2520.000000	133	43	0.905	0.580
2526.000000	133	43	0.902	0.583
2532.000000	133	43	0.900	0.585
2538.000000	133	43	0.898	0.583
2544.000000	133	43	0.897	0.576
2550.000000	133	43	0.897	0.569
2556.000000	133	43	0.896	0.557
2562.000000	133	43	0.895	0.540
2568.000000	133	43	0.894	0.514
2574.000000	133	43	0.894	0.476
2580.000000	133	43	0.893	0.424
2586.000000	133	43	0.893	0.354
2592.000000	133	43	0.894	0.263
2598.000000	133	190	0.898	0.203
2604.000000	133	190	0.907	0.216
2610.000000	133	190	0.914	0.238
2616.000000	133	190	0.916	0.270
2622.000000	133	190	0.914	0.318
2628.000000	133	190	0.908	0.381
2634.000000	133	190	0.896	0.457
2640.000000	133	190	0.880	0.540
2646.000000	133	190	0.859	0.614
2652.000000	133	190	0.833	0.665
2658.000000	133	190	0.797	0.697
2664.000000	190	133	0.737	0.736
2670.000000	190	133	0.774	0.651
2676.000000	190	133	0.814	0.504
2682.000000	190	133	0.872	0.276
2688.000000	190	171	0.927	0.083
2694.000000	190	118	0.949	0.092
2700.000000	190	23	0.956	0.104
2706.000000	190	23	0.958	0.120
2712.000000	190	23	0.957	0.136
2718.000000	190	23	0.955	0.154
2724.000000	190	23	0.951	0.173
2730.000000	190	23	0.945	0.195
2736.000000	190	23	0.940	0.211
2742.000000	190	23	0.936	0.222
2748.000000	190	23	0.931	0.228
2754.000000	190	23	0.926	0.233
2760.000000	190	23	0.920	0.238
2766.000000	190	23	0.915	0.243
2772.000000	190	23	0.909	0.249
2778.000000	190	66	0.904	0.265
2784.000000	190	66	0.898	0.291
2790.000000	190	66	0.893	0.314
2796.000000	190	66	0.888	0.336
2802.000000	190	66	0.883	0.358
2808.000000	190	66	0.878	0.382
2814.000000	190	66	0.872	0.405
2820.000000	190	66	0.866	0.432
2826.000000	190	66	0.857	0.464
2832.000000	190	66	0.845	0.500
2838.000000	190	66	0.829	0.540
2844.000000	190	66	0.813	0.576
2850.000000	190	66	0.791	0.619
2856.000000	190	66	0.761	0.662
2862.000000	190	66	0.719	0.703
2868.000000	66	190	0.742	0.656
2874.000000	66	190	0.793	0.560
2880.000000	66	190	0.847	0.407
2886.000000	66	190	0.925	0.180
2892.000000	66	118	0.961	0.078
2898.000000	66	118	0.965	0.074
2904.000000	66	39	0.962	0.077
2910.000000	66	39	0.959	0.084
2916.000000	66	39	0.955	0.092
2922.000000	66	39	0.951	0.100
2928.000000	66	39	0.949	0.109
2934.000000	66	130	0.945	0.126
2940.000000	66	130	0.940	0.142
2946.000000	66	130	0.935	0.158
2952.000000	66	130	0.931	0.173
2958.000000	66	130	0.927	0.187
2964.000000	66	130	0.922	0.198
2970.000000	66	46	0.918	0.208
2976.000000	66	46	0.914	0.219
2982.000000	66	46	0.909	0.230
2988.000000	66	46	0.904	0.242
2994.000000	66	46	0.899	0.252
3000.000000	66	46	0.894	0.259
3006.000000	66	46	0.888	0.268
3012.000000	66	46	0.881	0.279
3018.000000	66	46	0.874	0.287
3024.000000	66	46	0.865	0.293
3030.000000	66	46	0.856	0.299
3036.000000	66	46	0.846	0.306
3042.000000	66	46	0.835	0.316
3048.000000	66	46	0.821	0.330
3054.000000	66	46	0.803	0.347
3060.000000	66	46	0.780	0.369
3066.000000	66	46	0.750	0.401
3072.000000	66	46	0.708	0.454
3078.000000	66	46	0.643	0.525
3084.000000	46	66	0.601	0.529
3090.000000	46	66	0.689	0.330
3096.000000	46	130	0.784	0.180
3102.000000	46	130	0.857	0.135
3108.000000	46	150	0.895	0.095
3114.000000	46	150	0.921	0.079
3120.000000	46	165	0.932	0.077
3126.000000	46	165	0.934	0.089
3132.000000	46	165	0.935	0.101
3138.000000	46	165	0.935	0.113
3144.000000	46	165	0.934	0.124
3150.000000	46	165	0.933	0.134
3156.000000	46	165	0.931	0.143
3162.000000	46	165	0.930	0.152
3168.000000	46	165	0.928	0.160
3174.000000	46	165	0.925	0.167
3180.000000	46	165	0.923	0.176
3186.000000	46	165	0.920	0.185
3192.000000	46	165	0.917	0.195
3198.000000	46	165	0.913	0.205
3204.000000	46	165	0.909	0.216
3210.000000	46	165	0.905	0.226
3216.000000	46	165	0.900	0.235
3222.000000	46	28	0.895	0.242
3228.000000	46	28	0.890	0.249
3234.000000	46	28	0.884	0.256
3240.000000	46	28	0.879	0.263
3246.000000	46	28	0.874	0.273
3252.000000	46	28	0.869	0.282
3258.000000	46	28	0.864	0.291
3264.000000	46	28	0.856	0.302
3270.000000	46	28	0.846	0.317
3276.000000	46	28	0.831	0.336
3282.000000	46	28	0.812	0.364
3288.000000	46	28	0.788	0.405
3294.000000	46	28	0.755	0.457
3300.000000	46	28	0.707	0.511
3306.000000	46	28	0.634	0.576
3312.000000	28	46	0.656	0.516
3318.000000	28	46	0.746	0.327
3324.000000	28	82	0.859	0.117
3330.000000	28	82	0.931	0.095
3336.000000	28	82	0.954	0.081
3342.000000	28	162	0.960	0.075
3348.000000	28	162	0.962	0.085
3354.000000	28	162	0.962	0.099
3360.000000	28	162	0.961	0.114
3366.000000	28	162	0.957	0.133
3372.000000	28	162	0.953	0.154
3378.000000	28	162	0.948	0.178
3384.000000	28	162	0.944	0.205
3390.000000	28	162	0.940	0.238
3396.000000	28	162	0.935	0.272
3402.000000	28	162	0.931	0.303
3408.000000	28	162	0.926	0.331
3414.000000	28	162	0.921	0.358
3420.000000	28	162	0.916	0.384
3426.000000	28	162	0.911	0.407
3432.000000	28	162	0.906	0.426
3438.000000	28	162	0.900	0.445
3444.000000	28	162	0.893	0.467
3450.000000	28	162	0.884	0.494
3456.000000	28	162	0.875	0.518
3462.000000	28	162	0.866	0.544
3468.000000	28	162	0.855	0.578
3474.000000	28	162	0.845	0.612
3480.000000	28	162	0.834	0.637
3486.000000	28	162	0.818	0.663
3492.000000	28	162	0.798	0.693
3498.000000	28	162	0.778	0.722
3504.000000	162	28	0.748	0.746
3510.000000	162	28	0.771	0.701
3516.000000	162	28	0.811	0.626
3522.000000	162	28	0.867	0.497
3528.000000	162	28	0.922	0.300
3534.000000	162	28	0.956	0.106
3540.000000	162	76	0.970	0.066
3546.000000	162	164	0.972	0.073
3552.000000	162	164	0.972	0.084
3558.000000	162	164	0.969	0.096
3564.000000	162	164	0.965	0.111
3570.000000	162	164	0.961	0.128
3576.000000	162	164	0.957	0.148
3582.000000	162	164	0.952	0.167
3588.000000	162	164	0.947	0.187
3594.000000	162	164	0.941	0.207
3600.000000	162	164	0.935	0.229
3606.000000	162	164	0.927	0.253
3612.000000	162	164	0.918	0.285
3618.000000	162	164	0.907	0.323
3624.000000	162	164	0.895	0.370
3630.000000	162	164	0.882	0.430
3636.000000	162	164	0.868	0.494
3642.000000	162	164	0.853	0.550
3648.000000	162	164	0.835	0.593
3654.000000	162	164	0.814	0.627
3660.000000	162	164	0.791	0.654
3666.000000	162	164	0.755	0.686
3672.000000	164	162	0.719	0.709
3678.000000	164	162	0.756	0.641
3684.000000	164	162	0.804	0.537
3690.000000	164	162	0.865	0.385
3696.000000	164	162	0.921	0.193
3702.000000	164	193	0.944	0.142
3708.000000	164	193	0.952	0.158
3714.000000	164	193	0.957	0.180
3720.000000	164	193	0.959	0.204
3726.000000	164	193	0.959	0.234
3732.000000	164	193	0.955	0.271
3738.000000	164	193	0.951	0.317
3744.000000	164	193	0.946	0.362
3750.000000	164	193	0.941	0.410
3756.000000	164	193	0.936	0.460
3762.000000	164	193	0.932	0.508
3768.000000	164	193	0.928	0.548
3774.000000	164	193	0.925	0.586
3780.000000	164	193	0.921	0.618
3786.000000	164	193	0.917	0.638
3792.000000	164	193	0.913	0.655
3798.000000	164	193	0.908	0.668
3804.000000	164	193	0.903	0.682
3810.000000	164	193	0.898	0.691
3816.000000	164	193	0.891	0.698
3822.000000	164	193	0.881	0.709
3828.000000	164	193	0.872	0.723
3834.000000	164	193	0.856	0.739
3840.000000	164	193	0.842	0.747
3846.000000	164	193	0.823	0.758
3852.000000	164	193	0.802	0.766
3858.000000	193	164	0.780	0.771
3864.000000	193	164	0.796	0.729
3870.000000	193	164	0.821	0.663
3876.000000	193	164	0.843	0.569
3882.000000	193	164	0.873	0.411
3888.000000	193	164	0.924	0.195
3894.000000	193	13	0.955	0.091
3900.000000	193	13	0.968	0.096
3906.000000	193	13	0.968	0.103
3912.000000	193	13	0.966	0.109
3918.000000	193	13	0.963	0.116
3924.000000	193	13	0.959	0.123
3930.000000	193	13	0.955	0.133
3936.000000	193	13	0.950	0.145
3942.000000	193	13	0.943	0.158
3948.000000	193	13	0.935	0.172
3954.000000	193	13	0.926	0.187
3960.000000	193	13	0.916	0.203
3966.000000	193	13	0.906	0.223
3972.000000	193	13	0.894	0.245
3978.000000	193	13	0.880	0.271
3984.000000	193	13	0.863	0.298
3990.000000	193	13	0.845	0.328
3996.000000	193	13	0.825	0.361
4002.000000	193	13	0.800	0.397
4008.000000	193	13	0.769	0.434
4014.000000	193	13	0.726	0.477
4020.000000	193	13	0.660	0.531
4026.000000	13	193	0.594	0.554
4032.000000	13	193	0.677	0.383
4038.000000	13	193	0.771	0.169
4044.000000	13	58	0.867	0.142
4050.000000	13	58	0.915	0.129
4056.000000	13	58	0.927	0.119
4062.000000	13	89	0.937	0.113
4068.000000	13	89	0.947	0.121
4074.000000	13	89	0.950	0.131
4080.000000	13	89	0.948	0.145
4086.000000	13	89	0.945	0.164
4092.000000	13	89	0.944	0.185
4098.000000	13	89	0.941	0.212
4104.000000	13	89	0.938	0.242
4110.000000	13	89	0.934	0.272
4116.000000	13	89	0.930	0.301
4122.000000	13	89	0.927	0.330
4128.000000	13	89	0.924	0.358
4134.000000	13	89	0.921	0.391
4140.000000	13	89	0.917	0.431
4146.000000	13	89	0.913	0.473
4152.000000	13	89	0.908	0.504
4158.000000	13	89	0.903	0.530
4164.000000	13	89	0.895	0.552
4170.000000	13	89	0.885	0.575
4176.000000	13	89	0.876	0.597
4182.000000	13	89	0.864	0.627
4188.000000	13	89	0.848	0.652
4194.000000	13	89	0.829	0.669
4200.000000	13	89	0.806	0.685
4206.000000	13	89	0.772	0.704
4212.000000	89	13	0.728	0.721
4218.000000	89	13	0.758	0.644
4224.000000	89	160	0.791	0.595
4230.000000	89	160	0.812	0.627
4236.000000	89	160	0.833	0.668
4242.000000	89	160	0.856	0.706
4248.000000	89	160	0.874	0.727
4254.000000	89	160	0.881	0.732
4260.000000	89	160	0.883	0.732
4266.000000	89	160	0.881	0.729
4272.000000	89	160	0.878	0.726
4278.000000	89	160	0.874	0.724
4284.000000	89	160	0.870	0.719
4290.000000	89	160	0.868	0.711
4296.000000	89	160	0.865	0.703
4302.000000	89	160	0.859	0.698
4308.000000	89	160	0.854	0.690
4314.000000	89	160	0.851	0.678
4320.000000	89	160	0.851	0.660
4326.000000	89	160	0.851	0.640
4332.000000	89	160	0.848	0.611
4338.000000	89	160	0.846	0.574
4344.000000	89	160	0.844	0.519
4350.000000	89	160	0.847	0.433
4356.000000	89	160	0.860	0.307
4362.000000	89	160	0.871	0.171
4368.000000	89	169	0.880	0.104
4374.000000	89	169	0.885	0.105
4380.000000	89	169	0.889	0.108
4386.000000	89	169	0.892	0.114
4392.000000	89	169	0.893	0.120
4398.000000	89	169	0.893	0.128
4404.000000	89	169	0.891	0.138
4410.000000	89	169	0.888	0.147
4416.000000	89	169	0.883	0.158
4422.000000	89	169	0.874	0.170
4428.000000	89	169	0.863	0.183
4434.000000	89	169	0.847	0.197
4440.000000	89	169	0.826	0.212
4446.000000	89	169	0.795	0.229
4452.000000	89	169	0.747	0.248
4458.000000	89	169	0.671	0.273
4464.000000	89	169	0.542	0.309
4470.000000	169	89	0.367	0.333
4476.000000	169	196	0.461	0.122
4482.000000	169	196	0.618	0.113
4488.000000	169	15	0.769	0.113
4494.000000	169	15	0.847	0.117
4500.000000	169	15	0.883	0.122
4506.000000	169	15	0.904	0.129
4512.000000	169	15	0.910	0.138
4518.000000	169	15	0.912	0.148
4524.000000	169	15	0.915	0.157
4530.000000	169	15	0.914	0.169
4536.000000	169	15	0.911	0.183
4542.000000	169	15	0.909	0.194
4548.000000	169	15	0.910	0.201
4554.000000	169	15	0.908	0.209
4560.000000	169	15	0.908	0.213
4566.000000	169	15	0.909	0.215
4572.000000	169	15	0.908	0.216
4578.000000	169	84	0.908	0.229
4584.000000	169	84	0.907	0.240
4590.000000	169	84	0.905	0.249
4596.000000	169	84	0.902	0.258
4602.000000	169	84	0.897	0.266
4608.000000	169	84	0.892	0.276
4614.000000	169	84	0.888	0.284
4620.000000	169	84	0.886	0.289
4626.000000	169	84	0.883	0.300
4632.000000	169	84	0.880	0.319
4638.000000	169	84	0.877	0.343
4644.000000	169	84	0.875	0.373
4650.000000	169	84	0.871	0.411
4656.000000	169	84	0.865	0.449
4662.000000	169	84	0.856	0.489
4668.000000	169	84	0.847	0.530
4674.000000	169	84	0.835	0.575
4680.000000	169	84	0.819	0.622
4686.000000	169	84	0.797	0.669
4692.000000	169	84	0.768	0.706
4698.000000	84	169	0.739	0.728
4704.000000	84	169	0.765	0.664
4710.000000	84	169	0.800	0.550
4716.000000	84	169	0.849	0.350
4722.000000	84	169	0.922	0.118
4728.000000	84	161	0.965	0.090
4734.000000	84	161	0.974	0.089
4740.000000	84	161	0.974	0.089
4746.000000	84	161	0.972	0.089
4752.000000	84	161	0.970	0.088
4758.000000	84	161	0.967	0.085
4764.000000	84	161	0.964	0.082
4770.000000	84	137	0.961	0.083
4776.000000	84	137	0.958	0.090
4782.000000	84	137	0.954	0.097
4788.000000	84	137	0.950	0.105
4794.000000	84	137	0.945	0.114
4800.000000	84	137	0.939	0.126
4806.000000	84	137	0.934	0.143
4812.000000	84	137	0.929	0.162
4818.000000	84	137	0.924	0.183
4824.000000	84	137	0.920	0.205
4830.000000	84	137	0.916	0.227
4836.000000	84	137	0.911	0.251
4842.000000	84	137	0.906	0.280
4848.000000	84	137	0.900	0.318
4854.000000	84	137	0.893	0.372
4860.000000	84	137	0.885	0.434
4866.000000	84	137	0.875	0.497
4872.000000	84	137	0.862	0.559
4878.000000	84	137	0.840	0.616
4884.000000	84	137	0.816	0.659
4890.000000	84	137	0.776	0.706
4896.000000	137	84	0.742	0.717
4902.000000	137	84	0.792	0.611
4908.000000	137	84	0.859	0.441
4914.000000	137	84	0.920	0.218
4920.000000	137	184	0.964	0.074
4926.000000	137	184	0.972	0.078
4932.000000	137	184	0.972	0.084
4938.000000	137	184	0.969	0.091
4944.000000	137	184	0.966	0.100
4950.000000	137	184	0.963	0.110
4956.000000	137	184	0.960	0.121
4962.000000	137	184	0.957	0.132
4968.000000	137	184	0.954	0.145
4974.000000	137	184	0.950	0.159
4980.000000	137	184	0.946	0.175
4986.000000	137	184	0.942	0.194
4992.000000	137	184	0.937	0.216
4998.000000	137	184	0.932	0.241
5004.000000	137	184	0.925	0.272
5010.000000	137	184	0.919	0.307
5016.000000	137	184	0.912	0.343
5022.000000	137	184	0.905	0.378
5028.000000	137	184	0.895	0.418
5034.000000	137	184	0.884	0.462
5040.000000	137	184	0.874	0.498
5046.000000	137	184	0.863	0.531
5052.000000	137	184	0.847	0.568
5058.000000	137	184	0.828	0.608
5064.000000	137	184	0.801	0.642
5070.000000	137	184	0.764	0.674
5076.000000	184	137	0.711	0.709
5082.000000	184	137	0.749	0.628
5088.000000	184	137	0.802	0.494
5094.000000	184	137	0.853	0.311
5100.000000	184	149	0.908	0.306
5106.000000	184	149	0.933	0.348
5112.000000	184	149	0.941	0.400
5118.000000	184	149	0.941	0.454
5124.000000	184	149	0.938	0.505
5130.000000	184	149	0.935	0.549
5136.000000	184	149	0.932	0.582
5142.000000	184	149	0.929	0.602
5148.000000	184	149	0.925	0.614
5154.000000	184	149	0.920	0.626
5160.000000	184	149	0.917	0.635
5166.000000	184	149	0.913	0.639
5172.000000	184	149	0.907	0.645
5178.000000	184	149	0.904	0.648
5184.000000	184	149	0.901	0.652
5190.000000	184	149	0.895	0.658
5196.000000	184	149	0.891	0.661
5202.000000	184	149	0.886	0.662
5208.000000	184	149	0.880	0.663
5214.000000	184	149	0.872	0.664
5220.000000	184	149	0.860	0.670
5226.000000	184	149	0.844	0.676
5232.000000	184	149	0.831	0.677
5238.000000	184	149	0.815	0.676
5244.000000	184	149	0.793	0.680
5250.000000	184	149	0.765	0.689
5256.000000	184	149	0.733	0.689
5262.000000	149	184	0.691	0.686
5268.000000	149	184	0.697	0.614
5274.000000	149	184	0.713	0.495
5280.000000	149	184	0.756	0.290
5286.000000	149	184	0.862	0.073
5292.000000	149	189	0.924	0.060
5298.000000	149	189	0.939	0.062
5304.000000	149	189	0.943	0.066
5310.000000	149	189	0.943	0.071
5316.000000	149	189	0.943	0.077
5322.000000	149	189	0.943	0.084
5328.000000	149	189	0.939	0.091
5334.000000	149	189	0.935	0.098
5340.000000	149	189	0.929	0.106
5346.000000	149	15	0.923	0.117
5352.000000	149	15	0.916	0.130
5358.000000	149	15	0.908	0.145
5364.000000	149	15	0.898	0.161
5370.000000	149	15	0.886	0.181
5376.000000	149	15	0.871	0.205
5382.000000	149	15	0.851	0.231
5388.000000	149	15	0.823	0.262
5394.000000	149	15	0.786	0.297
5400.000000	149	15	0.737	0.338
5406.000000	149	15	0.673	0.382
5412.000000	149	15	0.592	0.429
5418.000000	15	149	0.486	0.482
5424.000000	15	189	0.546	0.336
5430.000000	15	189	0.618	0.361
5436.000000	15	189	0.678	0.380
5442.000000	15	189	0.718	0.412
5448.000000	15	189	0.761	0.437
5454.000000	15	189	0.782	0.469
5460.000000	15	189	0.799	0.505
5466.000000	15	189	0.804	0.533
5472.000000	15	189	0.815	0.551
5478.000000	15	189	0.817	0.564
5484.000000	15	189	0.821	0.571
5490.000000	15	189	0.823	0.579
5496.000000	15	189	0.829	0.582
5502.000000	15	189	0.828	0.595
5508.000000	15	189	0.829	0.607
5514.000000	15	189	0.829	0.614
5520.000000	15	189	0.828	0.619
5526.000000	15	189	0.831	0.625
5532.000000	15	189	0.837	0.627
5538.000000	15	189	0.839	0.626
5544.000000	15	189	0.841	0.623
5550.000000	15	189	0.840	0.625
5556.000000	15	189	0.839	0.626
5562.000000	15	189	0.837	0.623
5568.000000	15	189	0.834	0.617
5574.000000	15	189	0.830	0.610
5580.000000	15	189	0.828	0.605
5586.000000	15	189	0.822	0.603
5592.000000	15	189	0.823	0.594
5598.000000	15	189	0.819	0.578
5604.000000	15	189	0.817	0.551
5610.000000	15	189	0.813	0.510
5616.000000	15	189	0.807	0.451
5622.000000	15	189	0.804	0.366
5628.000000	15	189	0.809	0.247
5634.000000	15	189	0.816	0.125
5640.000000	15	189	0.824	0.049
5646.000000	15	156	0.831	0.042
5652.000000	15	85	0.835	0.043
5658.000000	15	85	0.837	0.044
5664.000000	15	85	0.841	0.046
5670.000000	15	85	0.847	0.048
5676.000000	15	85	0.852	0.049
5682.000000	15	85	0.854	0.052
5688.000000	15	85	0.853	0.054
5694.000000	15	85	0.849	0.056
5700.000000	15	85	0.842	0.058
5706.000000	15	85	0.832	0.059
5712.000000	15	85	0.817	0.061
5718.000000	15	85	0.795	0.062
5724.000000	15	85	0.760	0.064
5730.000000	15	85	0.706	0.066
5736.000000	15	85	0.612	0.068
5742.000000	15	85	0.434	0.067
5748.000000	15	170	0.165	0.056
5754.000000	85	170	0.039	0.039
5760.000000	170	85	0.029	0.029
5766.000000	170	85	0.022	0.020
5772.000000	170	63	0.017	0.016
5778.000000	63	170	0.012	0.011
5784.000000	63	170	0.008	0.006
