0.000000	125	102	0.000	0.000
6.000000	65	79	0.986	0.031
12.000000	65	79	0.985	0.034
18.000000	65	79	0.984	0.038
24.000000	65	79	0.983	0.041
30.000000	65	79	0.981	0.046
36.000000	65	79	0.979	0.051
42.000000	65	79	0.977	0.057
48.000000	65	79	0.975	0.063
54.000000	65	79	0.973	0.069
60.000000	65	79	0.971	0.074
66.000000	65	79	0.969	0.079
72.000000	65	79	0.966	0.083
78.000000	65	79	0.964	0.086
84.000000	65	63	0.961	0.089
90.000000	65	63	0.959	0.100
96.000000	65	63	0.956	0.112
102.000000	65	63	0.954	0.125
108.000000	65	63	0.951	0.138
114.000000	65	63	0.949	0.152
120.000000	65	63	0.947	0.166
126.000000	65	63	0.944	0.181
132.000000	65	63	0.941	0.197
138.000000	65	63	0.938	0.215
144.000000	65	63	0.934	0.236
150.000000	65	63	0.930	0.257
156.000000	65	63	0.926	0.276
162.000000	65	63	0.922	0.292
168.000000	65	63	0.917	0.306
174.000000	65	63	0.911	0.321
180.000000	65	63	0.904	0.338
186.000000	65	63	0.897	0.355
192.000000	65	63	0.889	0.378
198.000000	65	63	0.880	0.402
204.000000	65	63	0.869	0.425
210.000000	65	63	0.856	0.452
216.000000	65	63	0.840	0.483
222.000000	65	63	0.818	0.514
228.000000	65	63	0.786	0.545
234.000000	65	63	0.746	0.582
240.000000	65	63	0.693	0.615
246.000000	63	65	0.660	0.601
252.000000	63	4	0.713	0.571
258.000000	63	4	0.766	0.634
264.000000	63	4	0.836	0.692
270.000000	63	4	0.870	0.734
276.000000	63	4	0.878	0.746
282.000000	63	4	0.880	0.751
288.000000	63	4	0.879	0.755
294.000000	63	4	0.876	0.757
300.000000	63	4	0.873	0.759
306.000000	63	4	0.870	0.757
312.000000	63	4	0.869	0.754
318.000000	63	4	0.869	0.750
324.000000	63	4	0.866	0.746
330.000000	63	4	0.863	0.742
336.000000	63	4	0.859	0.738
342.000000	63	4	0.856	0.735
348.000000	63	4	0.854	0.727
354.000000	63	4	0.852	0.719
360.000000	63	4	0.849	0.710
366.000000	63	4	0.848	0.697
372.000000	63	4	0.851	0.677
378.000000	63	4	0.853	0.654
384.000000	63	4	0.853	0.625
390.000000	63	4	0.856	0.581
396.000000	63	4	0.857	0.517
402.000000	63	4	0.863	0.418
408.000000	63	4	0.871	0.291
414.000000	63	4	0.885	0.147
420.000000	63	82	0.906	0.058
426.000000	63	82	0.916	0.056
432.000000	63	82	0.924	0.053
438.000000	63	82	0.929	0.052
444.000000	63	82	0.932	0.053
450.000000	63	82	0.934	0.054
456.000000	63	82	0.934	0.057
462.000000	63	82	0.931	0.060
468.000000	63	82	0.926	0.063
474.000000	63	82	0.920	0.065
480.000000	63	82	0.913	0.067
486.000000	63	82	0.904	0.068
492.000000	63	122	0.894	0.070
498.000000	63	122	0.883	0.076
504.000000	63	122	0.869	0.082
510.000000	63	89	0.853	0.088
516.000000	63	89	0.834	0.097
522.000000	63	89	0.809	0.107
528.000000	63	89	0.775	0.117
534.000000	63	89	0.725	0.128
540.000000	63	89	0.646	0.138
546.000000	63	89	0.511	0.148
552.000000	63	89	0.281	0.150
558.000000	89	15	0.144	0.100
564.000000	89	15	0.141	0.103
570.000000	89	15	0.148	0.109
576.000000	89	83	0.159	0.120
582.000000	89	83	0.174	0.136
588.000000	89	90	0.194	0.161
594.000000	89	90	0.219	0.197
600.000000	89	90	0.250	0.239
606.000000	90	89	0.285	0.284
612.000000	90	89	0.332	0.320
618.000000	90	89	0.376	0.353
624.000000	90	89	0.411	0.379
630.000000	90	89	0.440	0.401
636.000000	90	89	0.465	0.424
642.000000	90	89	0.484	0.447
648.000000	90	89	0.508	0.470
654.000000	90	89	0.530	0.491
660.000000	90	89	0.547	0.504
666.000000	90	89	0.560	0.515
672.000000	90	89	0.571	0.522
678.000000	90	89	0.592	0.529
684.000000	90	89	0.604	0.533
690.000000	90	89	0.621	0.538
696.000000	90	89	0.636	0.548
702.000000	90	89	0.653	0.559
708.000000	90	89	0.675	0.573
714.000000	90	89	0.694	0.592
720.000000	90	89	0.716	0.612
726.000000	90	89	0.736	0.636
732.000000	90	89	0.756	0.660
738.000000	90	89	0.771	0.687
744.000000	90	89	0.781	0.704
750.000000	90	89	0.788	0.709
756.000000	90	89	0.800	0.710
762.000000	90	89	0.807	0.713
768.000000	90	89	0.810	0.715
774.000000	90	89	0.813	0.712
780.000000	90	89	0.812	0.707
786.000000	90	89	0.810	0.698
792.000000	90	89	0.807	0.687
798.000000	90	89	0.806	0.671
804.000000	90	89	0.809	0.647
810.000000	90	89	0.807	0.621
816.000000	90	89	0.808	0.583
822.000000	90	89	0.808	0.540
828.000000	90	89	0.810	0.478
834.000000	90	89	0.814	0.393
840.000000	90	89	0.827	0.272
846.000000	90	159	0.843	0.186
852.000000	90	159	0.858	0.197
858.000000	90	159	0.870	0.213
864.000000	90	159	0.882	0.228
870.000000	90	159	0.888	0.242
876.000000	90	159	0.889	0.257
882.000000	90	159	0.886	0.275
888.000000	90	159	0.881	0.294
894.000000	90	159	0.876	0.315
900.000000	90	159	0.870	0.337
906.000000	90	159	0.862	0.362
912.000000	90	159	0.852	0.390
918.000000	90	159	0.839	0.418
924.000000	90	159	0.821	0.443
930.000000	90	159	0.797	0.472
936.000000	90	159	0.764	0.500
942.000000	90	159	0.713	0.533
948.000000	90	159	0.629	0.582
954.000000	159	90	0.640	0.484
960.000000	159	90	0.727	0.276
966.000000	159	183	0.812	0.120
972.000000	159	183	0.870	0.109
978.000000	159	183	0.895	0.102
984.000000	159	183	0.909	0.093
990.000000	159	44	0.915	0.083
996.000000	159	44	0.918	0.096
1002.000000	159	44	0.928	0.108
1008.000000	159	44	0.935	0.122
1014.000000	159	44	0.934	0.137
1020.000000	159	44	0.933	0.155
1026.000000	159	44	0.934	0.176
1032.000000	159	44	0.937	0.201
1038.000000	159	44	0.935	0.232
1044.000000	159	44	0.931	0.268
1050.000000	159	44	0.926	0.306
1056.000000	159	44	0.921	0.345
1062.000000	159	44	0.916	0.382
1068.000000	159	44	0.910	0.417
1074.000000	159	44	0.903	0.444
1080.000000	159	44	0.895	0.469
1086.000000	159	44	0.886	0.498
1092.000000	159	44	0.877	0.523
1098.000000	159	44	0.866	0.545
1104.000000	159	44	0.854	0.567
1110.000000	159	44	0.836	0.591
1116.000000	159	44	0.817	0.614
1122.000000	159	44	0.792	0.645
1128.000000	159	44	0.761	0.673
1134.000000	159	44	0.720	0.711
1140.000000	44	159	0.759	0.662
1146.000000	44	159	0.803	0.582
1152.000000	44	159	0.842	0.465
1158.000000	44	159	0.885	0.294
1164.000000	44	195	0.937	0.131
1170.000000	44	195	0.958	0.111
1176.000000	44	128	0.961	0.102
1182.000000	44	128	0.964	0.106
1188.000000	44	128	0.963	0.112
1194.000000	44	128	0.964	0.115
1200.000000	44	128	0.962	0.118
1206.000000	44	128	0.960	0.121
1212.000000	44	128	0.958	0.124
1218.000000	44	128	0.955	0.128
1224.000000	44	128	0.951	0.132
1230.000000	44	128	0.948	0.134
1236.000000	44	128	0.944	0.136
1242.000000	44	128	0.940	0.136
1248.000000	44	128	0.936	0.135
1254.000000	44	128	0.933	0.134
1260.000000	44	128	0.930	0.131
1266.000000	44	128	0.926	0.127
1272.000000	44	192	0.923	0.126
1278.000000	44	192	0.919	0.128
1284.000000	44	192	0.914	0.130
1290.000000	44	10	0.909	0.131
1296.000000	44	10	0.904	0.140
1302.000000	44	10	0.898	0.150
1308.000000	44	10	0.892	0.159
1314.000000	44	10	0.885	0.167
1320.000000	44	10	0.879	0.173
1326.000000	44	10	0.871	0.181
1332.000000	44	10	0.860	0.190
1338.000000	44	10	0.846	0.202
1344.000000	44	10	0.831	0.214
1350.000000	44	10	0.811	0.227
1356.000000	44	10	0.784	0.241
1362.000000	44	10	0.745	0.257
1368.000000	44	10	0.680	0.283
1374.000000	44	10	0.568	0.326
1380.000000	10	44	0.397	0.379
1386.000000	10	42	0.510	0.254
1392.000000	10	42	0.671	0.292
1398.000000	10	42	0.799	0.344
1404.000000	10	42	0.865	0.405
1410.000000	10	42	0.891	0.466
1416.000000	10	42	0.894	0.515
1422.000000	10	42	0.892	0.553
1428.000000	10	42	0.888	0.581
1434.000000	10	42	0.885	0.599
1440.000000	10	42	0.882	0.611
1446.000000	10	42	0.880	0.618
1452.000000	10	42	0.880	0.626
1458.000000	10	42	0.879	0.629
1464.000000	10	42	0.880	0.629
1470.000000	10	42	0.878	0.629
1476.000000	10	42	0.877	0.629
1482.000000	10	42	0.875	0.629
1488.000000	10	42	0.875	0.627
1494.000000	10	42	0.877	0.626
1500.000000	10	42	0.876	0.626
1506.000000	10	42	0.876	0.625
1512.000000	10	42	0.878	0.624
1518.000000	10	42	0.884	0.624
1524.000000	10	42	0.890	0.627
1530.000000	10	42	0.892	0.631
1536.000000	10	42	0.896	0.633
1542.000000	10	42	0.899	0.633
1548.000000	10	42	0.901	0.631
1554.000000	10	42	0.903	0.626
1560.000000	10	42	0.902	0.618
1566.000000	10	42	0.897	0.611
1572.000000	10	42	0.894	0.593
1578.000000	10	42	0.891	0.563
1584.000000	10	42	0.889	0.517
1590.000000	10	42	0.890	0.445
1596.000000	10	42	0.901	0.329
1602.000000	10	42	0.910	0.179
1608.000000	10	42	0.918	0.066
1614.000000	10	27	0.920	0.044
1620.000000	10	27	0.919	0.039
1626.000000	10	24	0.917	0.040
1632.000000	10	24	0.914	0.042
1638.000000	10	24	0.910	0.044
1644.000000	10	24	0.904	0.045
1650.000000	10	24	0.897	0.047
1656.000000	10	141	0.887	0.049
1662.000000	10	141	0.876	0.054
1668.000000	10	141	0.861	0.059
1674.000000	10	141	0.840	0.063
1680.000000	10	141	0.812	0.067
1686.000000	10	141	0.770	0.071
1692.000000	10	141	0.700	0.075
1698.000000	10	141	0.564	0.079
1704.000000	10	141	0.285	0.083
1710.000000	141	26	0.078	0.045
1716.000000	141	26	0.075	0.042
1722.000000	141	26	0.072	0.039
1728.000000	141	26	0.067	0.034
1734.000000	141	26	0.060	0.028
1740.000000	141	26	0.052	0.022
1746.000000	141	26	0.044	0.016
1752.000000	141	112	0.034	0.010
1758.000000	141	129	0.025	0.008
1764.000000	141	129	0.016	0.006
1770.000000	141	58	0.008	0.005
