0.000000	125	102	0.000	0.000
6.000000	25	18	0.986	0.032
12.000000	25	18	0.985	0.035
18.000000	25	18	0.984	0.038
24.000000	25	18	0.983	0.042
30.000000	25	18	0.981	0.046
36.000000	25	18	0.980	0.050
42.000000	25	18	0.978	0.055
48.000000	25	18	0.976	0.061
54.000000	25	18	0.973	0.067
60.000000	25	18	0.971	0.074
66.000000	25	18	0.969	0.081
72.000000	25	18	0.966	0.088
78.000000	25	61	0.964	0.096
84.000000	25	132	0.961	0.105
90.000000	25	132	0.958	0.121
96.000000	25	132	0.956	0.139
102.000000	25	132	0.954	0.157
108.000000	25	132	0.951	0.177
114.000000	25	132	0.949	0.196
120.000000	25	132	0.946	0.215
126.000000	25	132	0.944	0.234
132.000000	25	132	0.941	0.255
138.000000	25	132	0.939	0.279
144.000000	25	132	0.936	0.303
150.000000	25	132	0.934	0.326
156.000000	25	132	0.931	0.347
162.000000	25	132	0.929	0.369
168.000000	25	132	0.927	0.391
174.000000	25	132	0.924	0.417
180.000000	25	132	0.921	0.444
186.000000	25	132	0.916	0.475
192.000000	25	132	0.912	0.506
198.000000	25	132	0.907	0.535
204.000000	25	132	0.901	0.565
210.000000	25	132	0.892	0.598
216.000000	25	132	0.883	0.625
222.000000	25	132	0.871	0.646
228.000000	25	132	0.854	0.671
234.000000	25	132	0.829	0.694
240.000000	25	132	0.785	0.726
246.000000	132	25	0.744	0.735
252.000000	132	25	0.773	0.654
258.000000	132	25	0.809	0.526
264.000000	132	25	0.864	0.319
270.000000	132	25	0.935	0.086
276.000000	132	107	0.965	0.077
282.000000	132	107	0.965	0.093
288.000000	132	107	0.962	0.112
294.000000	132	107	0.959	0.136
300.000000	132	107	0.955	0.163
306.000000	132	107	0.950	0.192
312.000000	132	107	0.945	0.219
318.000000	132	107	0.939	0.247
324.000000	132	107	0.933	0.278
330.000000	132	107	0.926	0.312
336.000000	132	107	0.919	0.343
342.000000	132	107	0.911	0.373
348.000000	132	107	0.903	0.404
354.000000	132	107	0.895	0.432
360.000000	132	107	0.886	0.454
366.000000	132	107	0.877	0.469
372.000000	132	107	0.865	0.483
378.000000	132	107	0.850	0.496
384.000000	132	107	0.831	0.512
390.000000	132	107	0.806	0.534
396.000000	132	107	0.771	0.568
402.000000	132	107	0.732	0.591
408.000000	132	107	0.680	0.618
414.000000	107	132	0.654	0.598
420.000000	107	132	0.704	0.480
426.000000	107	132	0.768	0.323
432.000000	107	45	0.843	0.312
438.000000	107	45	0.912	0.323
444.000000	107	45	0.932	0.329
450.000000	107	45	0.937	0.336
456.000000	107	45	0.938	0.348
462.000000	107	45	0.934	0.363
468.000000	107	45	0.931	0.377
474.000000	107	45	0.927	0.386
480.000000	107	45	0.923	0.393
486.000000	107	45	0.919	0.393
492.000000	107	45	0.915	0.390
498.000000	107	45	0.911	0.385
504.000000	107	45	0.907	0.375
510.000000	107	45	0.904	0.359
516.000000	107	45	0.904	0.334
522.000000	107	45	0.904	0.303
528.000000	107	45	0.900	0.264
534.000000	107	57	0.896	0.263
540.000000	107	57	0.892	0.280
546.000000	107	57	0.887	0.300
552.000000	107	57	0.880	0.323
558.000000	107	57	0.871	0.347
564.000000	107	57	0.860	0.372
570.000000	107	57	0.846	0.402
576.000000	107	57	0.828	0.435
582.000000	107	57	0.807	0.465
588.000000	107	57	0.782	0.497
594.000000	107	57	0.749	0.536
600.000000	107	57	0.703	0.580
606.000000	107	57	0.642	0.634
612.000000	57	107	0.686	0.560
618.000000	57	107	0.745	0.440
624.000000	57	107	0.807	0.281
630.000000	57	112	0.870	0.151
636.000000	57	142	0.914	0.127
642.000000	57	14	0.933	0.136
648.000000	57	14	0.939	0.156
654.000000	57	14	0.940	0.181
660.000000	57	14	0.937	0.215
666.000000	57	14	0.933	0.256
672.000000	57	14	0.931	0.301
678.000000	57	14	0.927	0.349
684.000000	57	14	0.923	0.391
690.000000	57	14	0.919	0.423
696.000000	57	14	0.915	0.451
702.000000	57	14	0.910	0.475
708.000000	57	14	0.906	0.497
714.000000	57	14	0.901	0.513
720.000000	57	14	0.894	0.529
726.000000	57	14	0.887	0.547
732.000000	57	14	0.882	0.559
738.000000	57	14	0.875	0.571
744.000000	57	14	0.867	0.585
750.000000	57	14	0.857	0.604
756.000000	57	14	0.846	0.630
762.000000	57	14	0.834	0.658
768.000000	57	14	0.820	0.679
774.000000	57	14	0.799	0.699
780.000000	57	14	0.775	0.716
786.000000	57	14	0.742	0.735
792.000000	14	57	0.756	0.698
798.000000	14	57	0.785	0.630
804.000000	14	57	0.820	0.518
810.000000	14	57	0.872	0.340
816.000000	14	57	0.922	0.141
822.000000	14	37	0.955	0.069
828.000000	14	37	0.965	0.076
834.000000	14	37	0.967	0.083
840.000000	14	37	0.966	0.090
846.000000	14	37	0.964	0.100
852.000000	14	37	0.963	0.110
858.000000	14	37	0.962	0.121
864.000000	14	37	0.959	0.131
870.000000	14	37	0.955	0.141
876.000000	14	37	0.951	0.151
882.000000	14	37	0.947	0.162
888.000000	14	37	0.942	0.173
894.000000	14	37	0.937	0.184
900.000000	14	37	0.931	0.196
906.000000	14	37	0.924	0.209
912.000000	14	37	0.916	0.222
918.000000	14	37	0.906	0.236
924.000000	14	37	0.895	0.251
930.000000	14	37	0.881	0.266
936.000000	14	37	0.865	0.281
942.000000	14	37	0.846	0.296
948.000000	14	54	0.823	0.317
954.000000	14	54	0.794	0.341
960.000000	14	54	0.755	0.371
966.000000	14	54	0.703	0.408
972.000000	14	54	0.625	0.451
978.000000	54	14	0.508	0.496
984.000000	54	37	0.569	0.466
990.000000	54	37	0.635	0.513
996.000000	54	37	0.694	0.554
1002.000000	54	37	0.738	0.590
1008.000000	54	37	0.764	0.612
1014.000000	54	37	0.768	0.631
1020.000000	54	37	0.775	0.637
1026.000000	54	37	0.785	0.639
1032.000000	54	37	0.786	0.649
1038.000000	54	37	0.788	0.656
1044.000000	54	37	0.789	0.660
1050.000000	54	37	0.788	0.660
1056.000000	54	37	0.786	0.657
1062.000000	54	37	0.787	0.655
1068.000000	54	37	0.786	0.651
1074.000000	54	37	0.784	0.647
1080.000000	54	37	0.783	0.645
1086.000000	54	37	0.786	0.638
1092.000000	54	37	0.790	0.630
1098.000000	54	37	0.794	0.623
1104.000000	54	37	0.800	0.612
1110.000000	54	37	0.812	0.598
1116.000000	54	37	0.824	0.573
1122.000000	54	37	0.847	0.537
1128.000000	54	37	0.862	0.494
1134.000000	54	37	0.884	0.424
1140.000000	54	37	0.907	0.326
1146.000000	54	37	0.925	0.217
1152.000000	54	36	0.935	0.128
1158.000000	54	36	0.943	0.126
1164.000000	54	36	0.947	0.124
1170.000000	54	36	0.946	0.124
1176.000000	54	36	0.946	0.124
1182.000000	54	36	0.944	0.124
1188.000000	54	36	0.940	0.126
1194.000000	54	36	0.935	0.127
1200.000000	54	36	0.929	0.128
1206.000000	54	36	0.921	0.128
1212.000000	54	36	0.912	0.127
1218.000000	54	36	0.901	0.126
1224.000000	54	36	0.888	0.124
1230.000000	54	36	0.872	0.121
1236.000000	54	36	0.852	0.115
1242.000000	54	45	0.824	0.120
1248.000000	54	45	0.785	0.127
1254.000000	54	45	0.730	0.137
1260.000000	54	45	0.651	0.149
1266.000000	54	45	0.532	0.165
1272.000000	54	45	0.352	0.184
1278.000000	45	106	0.204	0.179
1284.000000	45	106	0.224	0.201
1290.000000	45	106	0.252	0.230
1296.000000	45	106	0.293	0.265
1302.000000	45	106	0.342	0.301
1308.000000	45	106	0.386	0.329
1314.000000	45	106	0.419	0.349
1320.000000	45	106	0.444	0.362
1326.000000	45	106	0.464	0.374
1332.000000	45	106	0.478	0.384
1338.000000	45	106	0.485	0.392
1344.000000	45	106	0.488	0.396
1350.000000	45	106	0.493	0.394
1356.000000	45	106	0.497	0.392
1362.000000	45	106	0.498	0.390
1368.000000	45	106	0.502	0.386
1374.000000	45	106	0.509	0.381
1380.000000	45	106	0.513	0.378
1386.000000	45	106	0.515	0.370
1392.000000	45	35	0.520	0.362
1398.000000	45	35	0.530	0.356
1404.000000	45	120	0.535	0.359
1410.000000	45	120	0.542	0.359
1416.000000	45	130	0.556	0.377
1422.000000	45	130	0.584	0.385
1428.000000	45	130	0.618	0.403
1434.000000	45	130	0.645	0.423
1440.000000	45	130	0.677	0.439
1446.000000	45	130	0.706	0.453
1452.000000	45	130	0.728	0.470
1458.000000	45	130	0.746	0.490
1464.000000	45	130	0.761	0.510
1470.000000	45	130	0.771	0.530
1476.000000	45	130	0.784	0.546
1482.000000	45	130	0.791	0.559
1488.000000	45	130	0.794	0.570
1494.000000	45	130	0.801	0.580
1500.000000	45	130	0.802	0.589
1506.000000	45	130	0.797	0.600
1512.000000	45	130	0.795	0.610
1518.000000	45	130	0.794	0.617
1524.000000	45	130	0.792	0.628
1530.000000	45	130	0.791	0.636
1536.000000	45	130	0.784	0.650
1542.000000	45	130	0.772	0.668
1548.000000	45	130	0.763	0.681
1554.000000	45	130	0.754	0.687
1560.000000	45	130	0.738	0.693
1566.000000	45	130	0.721	0.695
1572.000000	45	130	0.700	0.698
1578.000000	130	45	0.703	0.670
1584.000000	130	45	0.706	0.623
1590.000000	130	45	0.721	0.541
1596.000000	130	45	0.738	0.422
1602.000000	130	45	0.765	0.258
1608.000000	130	45	0.797	0.110
1614.000000	130	4	0.829	0.079
1620.000000	130	4	0.855	0.080
1626.000000	130	4	0.876	0.082
1632.000000	130	4	0.891	0.083
1638.000000	130	184	0.901	0.087
1644.000000	130	184	0.908	0.094
1650.000000	130	184	0.911	0.101
1656.000000	130	184	0.914	0.109
1662.000000	130	184	0.915	0.120
1668.000000	130	184	0.917	0.132
1674.000000	130	184	0.917	0.145
1680.000000	130	184	0.915	0.160
1686.000000	130	184	0.912	0.174
1692.000000	130	184	0.909	0.187
1698.000000	130	184	0.906	0.199
1704.000000	130	184	0.901	0.212
1710.000000	130	184	0.893	0.225
1716.000000	130	184	0.883	0.239
1722.000000	130	184	0.870	0.255
1728.000000	130	184	0.853	0.274
1734.000000	130	184	0.830	0.297
1740.000000	130	184	0.799	0.328
1746.000000	130	184	0.754	0.366
1752.000000	130	184	0.688	0.416
1758.000000	130	184	0.584	0.472
1764.000000	184	130	0.547	0.416
1770.000000	184	98	0.641	0.212
1776.000000	184	98	0.751	0.208
1782.000000	184	98	0.843	0.209
1788.000000	184	98	0.899	0.210
1794.000000	184	98	0.918	0.209
1800.000000	184	98	0.920	0.209
1806.000000	184	98	0.923	0.206
1812.000000	184	98	0.924	0.203
1818.000000	184	98	0.923	0.199
1824.000000	184	98	0.920	0.197
1830.000000	184	98	0.922	0.194
1836.000000	184	98	0.921	0.189
1842.000000	184	98	0.920	0.181
1848.000000	184	98	0.918	0.171
1854.000000	184	98	0.918	0.159
1860.000000	184	98	0.923	0.143
1866.000000	184	108	0.925	0.128
1872.000000	184	108	0.929	0.135
1878.000000	184	108	0.931	0.144
1884.000000	184	108	0.930	0.153
1890.000000	184	108	0.928	0.160
1896.000000	184	108	0.925	0.166
1902.000000	184	108	0.922	0.173
1908.000000	184	108	0.920	0.180
1914.000000	184	108	0.918	0.186
1920.000000	184	108	0.917	0.192
1926.000000	184	108	0.916	0.197
1932.000000	184	108	0.915	0.202
1938.000000	184	108	0.914	0.209
1944.000000	184	108	0.914	0.216
1950.000000	184	108	0.912	0.222
1956.000000	184	108	0.911	0.227
1962.000000	184	108	0.908	0.231
1968.000000	184	108	0.905	0.232
1974.000000	184	108	0.902	0.232
1980.000000	184	108	0.899	0.232
1986.000000	184	108	0.895	0.233
1992.000000	184	108	0.892	0.235
1998.000000	184	108	0.886	0.235
2004.000000	184	108	0.878	0.234
2010.000000	184	108	0.867	0.230
2016.000000	184	108	0.853	0.225
2022.000000	184	108	0.834	0.219
2028.000000	184	108	0.808	0.214
2034.000000	184	108	0.772	0.207
2040.000000	184	108	0.716	0.198
2046.000000	184	108	0.617	0.187
2052.000000	184	108	0.425	0.180
2058.000000	108	184	0.172	0.148
2064.000000	108	194	0.150	0.044
2070.000000	108	194	0.135	0.039
2076.000000	108	168	0.125	0.034
2082.000000	108	168	0.114	0.031
2088.000000	108	168	0.104	0.027
2094.000000	108	168	0.092	0.022
2100.000000	108	168	0.080	0.017
2106.000000	108	127	0.067	0.015
2112.000000	108	38	0.052	0.014
2118.000000	108	38	0.037	0.015
2124.000000	108	38	0.023	0.014
2130.000000	38	108	0.012	0.010
2136.000000	38	116	0.010	0.006
