0.000000	125	102	0.000	0.000
6.000000	139	143	0.986	0.035
12.000000	139	143	0.985	0.038
18.000000	139	39	0.984	0.042
24.000000	139	39	0.982	0.053
30.000000	139	39	0.981	0.066
36.000000	139	39	0.979	0.081
42.000000	139	39	0.976	0.098
48.000000	139	39	0.974	0.117
54.000000	139	39	0.971	0.138
60.000000	139	39	0.968	0.163
66.000000	139	39	0.965	0.193
72.000000	139	39	0.961	0.230
78.000000	139	39	0.958	0.272
84.000000	139	39	0.954	0.321
90.000000	139	39	0.950	0.373
96.000000	139	39	0.946	0.424
102.000000	139	39	0.943	0.475
108.000000	139	39	0.939	0.517
114.000000	139	39	0.936	0.548
120.000000	139	39	0.933	0.574
126.000000	139	39	0.930	0.599
132.000000	139	39	0.928	0.618
138.000000	139	39	0.925	0.644
144.000000	139	39	0.922	0.659
150.000000	139	39	0.920	0.670
156.000000	139	39	0.918	0.680
162.000000	139	39	0.915	0.694
168.000000	139	39	0.912	0.704
174.000000	139	39	0.906	0.723
180.000000	139	39	0.900	0.748
186.000000	139	39	0.894	0.763
192.000000	139	39	0.881	0.778
198.000000	139	39	0.870	0.787
204.000000	139	39	0.855	0.799
210.000000	139	39	0.837	0.806
216.000000	39	139	0.818	0.812
222.000000	39	139	0.821	0.788
228.000000	39	139	0.823	0.758
234.000000	39	139	0.831	0.716
240.000000	39	139	0.839	0.655
246.000000	39	139	0.858	0.557
252.000000	39	139	0.896	0.389
258.000000	39	139	0.948	0.160
264.000000	39	54	0.967	0.070
270.000000	39	54	0.967	0.073
276.000000	39	31	0.964	0.077
282.000000	39	31	0.959	0.082
288.000000	39	31	0.955	0.087
294.000000	39	31	0.950	0.093
300.000000	39	31	0.946	0.101
306.000000	39	31	0.942	0.109
312.000000	39	31	0.937	0.119
318.000000	39	31	0.931	0.129
324.000000	39	31	0.925	0.140
330.000000	39	31	0.917	0.152
336.000000	39	31	0.909	0.163
342.000000	39	31	0.899	0.174
348.000000	39	31	0.887	0.186
354.000000	39	31	0.872	0.199
360.000000	39	95	0.854	0.213
366.000000	39	95	0.830	0.234
372.000000	39	95	0.798	0.260
378.000000	39	95	0.754	0.293
384.000000	39	95	0.696	0.331
390.000000	39	95	0.615	0.377
396.000000	39	95	0.494	0.438
402.000000	95	31	0.502	0.336
408.000000	95	31	0.579	0.382
414.000000	95	31	0.644	0.427
420.000000	95	31	0.690	0.480
426.000000	95	31	0.726	0.526
432.000000	95	31	0.753	0.562
438.000000	95	31	0.765	0.592
444.000000	95	31	0.773	0.610
450.000000	95	31	0.780	0.618
456.000000	95	31	0.788	0.621
462.000000	95	31	0.790	0.625
468.000000	95	31	0.797	0.629
474.000000	95	31	0.805	0.629
480.000000	95	31	0.809	0.625
486.000000	95	157	0.812	0.620
492.000000	95	157	0.815	0.623
498.000000	95	157	0.821	0.624
504.000000	95	157	0.825	0.622
510.000000	95	157	0.829	0.625
516.000000	95	157	0.830	0.630
522.000000	95	157	0.831	0.630
528.000000	95	157	0.836	0.634
534.000000	95	157	0.840	0.633
540.000000	95	157	0.848	0.632
546.000000	95	157	0.852	0.636
552.000000	95	157	0.858	0.648
558.000000	95	157	0.870	0.652
564.000000	95	157	0.878	0.665
570.000000	95	157	0.882	0.675
576.000000	95	157	0.884	0.680
582.000000	95	157	0.881	0.682
588.000000	95	157	0.880	0.677
594.000000	95	157	0.878	0.671
600.000000	95	157	0.874	0.662
606.000000	95	157	0.870	0.648
612.000000	95	157	0.865	0.629
618.000000	95	157	0.859	0.600
624.000000	95	157	0.853	0.559
630.000000	95	157	0.853	0.495
636.000000	95	157	0.853	0.411
642.000000	95	157	0.857	0.305
648.000000	95	157	0.859	0.186
654.000000	95	78	0.862	0.095
660.000000	95	78	0.861	0.091
666.000000	95	78	0.854	0.087
672.000000	95	169	0.842	0.083
678.000000	95	169	0.826	0.087
684.000000	95	169	0.800	0.092
690.000000	95	169	0.761	0.097
696.000000	95	169	0.701	0.103
702.000000	95	169	0.609	0.111
708.000000	95	169	0.464	0.121
714.000000	95	169	0.239	0.131
720.000000	143	169	0.149	0.136
726.000000	143	169	0.173	0.147
732.000000	143	169	0.209	0.166
738.000000	143	169	0.261	0.193
744.000000	143	169	0.318	0.230
750.000000	143	169	0.376	0.272
756.000000	143	169	0.433	0.313
762.000000	143	169	0.475	0.350
768.000000	143	169	0.504	0.378
774.000000	143	169	0.527	0.396
780.000000	143	169	0.542	0.408
786.000000	143	169	0.549	0.416
792.000000	143	169	0.554	0.424
798.000000	143	169	0.557	0.430
804.000000	143	169	0.561	0.433
810.000000	143	169	0.569	0.434
816.000000	143	169	0.577	0.435
822.000000	143	169	0.581	0.439
828.000000	143	169	0.589	0.441
834.000000	143	169	0.598	0.442
840.000000	143	169	0.603	0.441
846.000000	143	169	0.617	0.443
852.000000	143	169	0.631	0.446
858.000000	143	169	0.645	0.456
864.000000	143	169	0.668	0.466
870.000000	143	169	0.708	0.473
876.000000	143	169	0.757	0.481
882.000000	143	169	0.789	0.495
888.000000	143	169	0.811	0.502
894.000000	143	169	0.831	0.508
900.000000	143	169	0.849	0.509
906.000000	143	169	0.867	0.497
912.000000	143	169	0.877	0.478
918.000000	143	169	0.884	0.448
924.000000	143	169	0.893	0.410
930.000000	143	169	0.897	0.370
936.000000	143	169	0.899	0.328
942.000000	143	169	0.905	0.274
948.000000	143	169	0.907	0.215
954.000000	143	7	0.909	0.164
960.000000	143	7	0.912	0.174
966.000000	143	7	0.914	0.184
972.000000	143	7	0.913	0.193
978.000000	143	7	0.911	0.202
984.000000	143	7	0.907	0.212
990.000000	143	7	0.901	0.221
996.000000	143	7	0.894	0.232
1002.000000	143	7	0.885	0.244
1008.000000	143	7	0.874	0.254
1014.000000	143	7	0.860	0.264
1020.000000	143	139	0.843	0.280
1026.000000	143	139	0.820	0.298
1032.000000	143	139	0.792	0.319
1038.000000	143	139	0.757	0.342
1044.000000	143	139	0.708	0.369
1050.000000	143	139	0.639	0.401
1056.000000	143	139	0.532	0.440
1062.000000	139	143	0.502	0.378
1068.000000	139	7	0.590	0.348
1074.000000	139	7	0.669	0.364
1080.000000	139	7	0.732	0.373
1086.000000	139	7	0.775	0.381
1092.000000	139	7	0.795	0.389
1098.000000	139	7	0.812	0.397
1104.000000	139	7	0.822	0.401
1110.000000	139	113	0.828	0.412
1116.000000	139	113	0.837	0.418
1122.000000	139	113	0.839	0.425
1128.000000	139	113	0.840	0.434
1134.000000	139	113	0.841	0.444
1140.000000	139	113	0.843	0.455
1146.000000	139	113	0.846	0.464
1152.000000	139	113	0.843	0.474
1158.000000	139	113	0.840	0.488
1164.000000	139	113	0.838	0.498
1170.000000	139	113	0.836	0.506
1176.000000	139	113	0.837	0.511
1182.000000	139	113	0.845	0.512
1188.000000	139	113	0.853	0.511
1194.000000	139	113	0.860	0.507
1200.000000	139	113	0.869	0.498
1206.000000	139	113	0.877	0.480
1212.000000	139	113	0.882	0.457
1218.000000	139	113	0.885	0.430
1224.000000	139	113	0.887	0.392
1230.000000	139	113	0.892	0.340
1236.000000	139	113	0.897	0.271
1242.000000	139	113	0.903	0.182
1248.000000	139	113	0.912	0.093
1254.000000	139	97	0.919	0.067
1260.000000	139	97	0.925	0.066
1266.000000	139	97	0.930	0.066
1272.000000	139	97	0.932	0.065
1278.000000	139	97	0.933	0.065
1284.000000	139	97	0.933	0.064
1290.000000	139	97	0.934	0.064
1296.000000	139	97	0.935	0.063
1302.000000	139	97	0.937	0.062
1308.000000	139	97	0.938	0.059
1314.000000	139	97	0.937	0.055
1320.000000	139	41	0.936	0.054
1326.000000	139	162	0.933	0.053
1332.000000	139	35	0.929	0.053
1338.000000	139	35	0.924	0.056
1344.000000	139	35	0.916	0.059
1350.000000	139	142	0.907	0.061
1356.000000	139	142	0.895	0.064
1362.000000	139	142	0.881	0.066
1368.000000	139	142	0.864	0.067
1374.000000	139	142	0.842	0.068
1380.000000	139	142	0.813	0.068
1386.000000	139	142	0.771	0.068
1392.000000	139	142	0.703	0.067
1398.000000	139	142	0.574	0.064
1404.000000	139	142	0.309	0.056
1410.000000	142	12	0.035	0.027
1416.000000	142	12	0.023	0.021
1422.000000	12	142	0.017	0.014
1428.000000	12	82	0.012	0.009
1434.000000	12	82	0.007	0.006
