0.000000	125	102	0.000	0.000
6.000000	50	76	0.986	0.032
12.000000	50	76	0.985	0.035
18.000000	50	76	0.984	0.038
24.000000	50	76	0.982	0.041
30.000000	50	76	0.980	0.045
36.000000	50	76	0.978	0.049
42.000000	50	124	0.976	0.057
48.000000	50	124	0.973	0.066
54.000000	50	124	0.971	0.075
60.000000	50	124	0.968	0.086
66.000000	50	124	0.965	0.096
72.000000	50	124	0.962	0.105
78.000000	50	124	0.959	0.115
84.000000	50	191	0.956	0.124
90.000000	50	191	0.953	0.132
96.000000	50	191	0.950	0.141
102.000000	50	191	0.948	0.149
108.000000	50	191	0.945	0.158
114.000000	50	191	0.943	0.165
120.000000	50	191	0.940	0.172
126.000000	50	93	0.938	0.179
132.000000	50	93	0.935	0.185
138.000000	50	93	0.932	0.191
144.000000	50	93	0.929	0.195
150.000000	50	191	0.926	0.200
156.000000	50	191	0.923	0.207
162.000000	50	191	0.919	0.212
168.000000	50	93	0.916	0.220
174.000000	50	93	0.913	0.226
180.000000	50	93	0.912	0.231
186.000000	50	93	0.911	0.235
192.000000	50	93	0.911	0.235
198.000000	50	93	0.912	0.234
204.000000	50	93	0.912	0.233
210.000000	50	93	0.911	0.233
216.000000	50	93	0.910	0.232
222.000000	50	93	0.907	0.230
228.000000	50	93	0.904	0.228
234.000000	50	93	0.899	0.225
240.000000	50	93	0.892	0.219
246.000000	50	93	0.884	0.212
252.000000	50	93	0.874	0.203
258.000000	50	93	0.863	0.191
264.000000	50	93	0.850	0.177
270.000000	50	93	0.835	0.163
276.000000	50	93	0.817	0.150
282.000000	50	93	0.792	0.136
288.000000	50	93	0.758	0.120
294.000000	50	93	0.705	0.104
300.000000	50	73	0.613	0.099
306.000000	50	73	0.440	0.104
312.000000	50	73	0.147	0.108
318.000000	73	178	0.112	0.034
324.000000	73	178	0.124	0.030
330.000000	73	178	0.144	0.027
336.000000	73	178	0.179	0.024
342.000000	73	163	0.249	0.024
348.000000	73	38	0.415	0.026
354.000000	73	38	0.724	0.036
360.000000	73	71	0.896	0.049
366.000000	73	71	0.927	0.060
372.000000	73	71	0.939	0.071
378.000000	73	71	0.949	0.080
384.000000	73	71	0.957	0.089
390.000000	73	71	0.961	0.100
396.000000	73	71	0.962	0.115
402.000000	73	71	0.960	0.132
408.000000	73	71	0.959	0.152
414.000000	73	71	0.957	0.173
420.000000	73	71	0.954	0.193
426.000000	73	71	0.951	0.213
432.000000	73	71	0.948	0.232
438.000000	73	71	0.945	0.249
444.000000	73	71	0.942	0.267
450.000000	73	71	0.940	0.286
456.000000	73	71	0.938	0.305
462.000000	73	71	0.936	0.321
468.000000	73	71	0.934	0.337
474.000000	73	71	0.933	0.353
480.000000	73	71	0.932	0.368
486.000000	73	71	0.932	0.383
492.000000	73	71	0.931	0.400
498.000000	73	71	0.931	0.415
504.000000	73	71	0.931	0.431
510.000000	73	71	0.930	0.452
516.000000	73	71	0.927	0.482
522.000000	73	71	0.925	0.515
528.000000	73	71	0.921	0.556
534.000000	73	71	0.919	0.605
540.000000	73	71	0.914	0.663
546.000000	73	71	0.904	0.714
552.000000	73	71	0.887	0.748
558.000000	73	71	0.872	0.774
564.000000	73	71	0.844	0.796
570.000000	73	71	0.815	0.810
576.000000	71	73	0.821	0.773
582.000000	71	73	0.836	0.710
588.000000	71	73	0.857	0.612
594.000000	71	73	0.875	0.462
600.000000	71	73	0.911	0.230
606.000000	71	19	0.953	0.057
612.000000	71	155	0.966	0.058
618.000000	71	155	0.965	0.060
624.000000	71	126	0.962	0.062
630.000000	71	84	0.959	0.067
636.000000	71	84	0.956	0.074
642.000000	71	84	0.952	0.080
648.000000	71	84	0.947	0.087
654.000000	71	84	0.943	0.093
660.000000	71	84	0.938	0.099
666.000000	71	84	0.934	0.105
672.000000	71	84	0.929	0.111
678.000000	71	158	0.924	0.118
684.000000	71	158	0.919	0.127
690.000000	71	158	0.913	0.135
696.000000	71	158	0.906	0.143
702.000000	71	158	0.899	0.150
708.000000	71	158	0.891	0.156
714.000000	71	84	0.881	0.164
720.000000	71	84	0.869	0.176
726.000000	71	84	0.855	0.190
732.000000	71	84	0.837	0.207
738.000000	71	84	0.817	0.226
744.000000	71	84	0.792	0.249
750.000000	71	84	0.760	0.279
756.000000	71	84	0.714	0.319
762.000000	71	84	0.647	0.369
768.000000	71	84	0.549	0.423
774.000000	84	71	0.491	0.404
780.000000	84	137	0.600	0.365
786.000000	84	137	0.708	0.423
792.000000	84	137	0.787	0.497
798.000000	84	137	0.835	0.557
804.000000	84	137	0.857	0.603
810.000000	84	137	0.862	0.638
816.000000	84	137	0.864	0.664
822.000000	84	137	0.863	0.681
828.000000	84	137	0.862	0.689
834.000000	84	137	0.864	0.690
840.000000	84	137	0.863	0.690
846.000000	84	137	0.863	0.691
852.000000	84	137	0.863	0.693
858.000000	84	137	0.861	0.693
864.000000	84	137	0.860	0.692
870.000000	84	137	0.859	0.691
876.000000	84	137	0.862	0.690
882.000000	84	137	0.862	0.693
888.000000	84	137	0.863	0.694
894.000000	84	137	0.864	0.695
900.000000	84	137	0.864	0.696
906.000000	84	137	0.865	0.696
912.000000	84	137	0.866	0.694
918.000000	84	137	0.866	0.692
924.000000	84	137	0.866	0.688
930.000000	84	137	0.865	0.681
936.000000	84	137	0.865	0.670
942.000000	84	137	0.865	0.656
948.000000	84	137	0.866	0.638
954.000000	84	137	0.867	0.614
960.000000	84	137	0.872	0.576
966.000000	84	137	0.878	0.516
972.000000	84	137	0.883	0.424
978.000000	84	137	0.894	0.281
984.000000	84	137	0.911	0.111
990.000000	84	85	0.926	0.041
996.000000	84	85	0.928	0.040
1002.000000	84	85	0.926	0.040
1008.000000	84	85	0.922	0.041
1014.000000	84	166	0.918	0.043
1020.000000	84	166	0.913	0.046
1026.000000	84	150	0.908	0.049
1032.000000	84	150	0.901	0.052
1038.000000	84	150	0.892	0.055
1044.000000	84	150	0.882	0.059
1050.000000	84	150	0.869	0.062
1056.000000	84	150	0.853	0.065
1062.000000	84	150	0.832	0.068
1068.000000	84	150	0.803	0.071
1074.000000	84	150	0.761	0.074
1080.000000	84	185	0.695	0.075
1086.000000	84	93	0.579	0.083
1092.000000	84	93	0.357	0.093
1098.000000	93	84	0.100	0.067
1104.000000	93	85	0.102	0.051
1110.000000	93	85	0.106	0.045
1116.000000	93	166	0.113	0.039
1122.000000	93	166	0.126	0.034
1128.000000	93	127	0.149	0.028
1134.000000	93	127	0.194	0.027
1140.000000	93	127	0.287	0.025
1146.000000	93	112	0.493	0.028
1152.000000	93	178	0.792	0.033
1158.000000	93	178	0.923	0.036
1164.000000	93	178	0.958	0.040
1170.000000	93	88	0.972	0.044
1176.000000	93	88	0.975	0.049
1182.000000	93	88	0.974	0.054
1188.000000	93	88	0.972	0.060
1194.000000	93	138	0.970	0.066
1200.000000	93	138	0.967	0.072
1206.000000	93	138	0.965	0.077
1212.000000	93	138	0.962	0.082
1218.000000	93	194	0.960	0.088
1224.000000	93	194	0.958	0.094
1230.000000	93	194	0.955	0.099
1236.000000	93	194	0.953	0.104
1242.000000	93	88	0.951	0.112
1248.000000	93	88	0.949	0.121
1254.000000	93	88	0.948	0.130
1260.000000	93	88	0.946	0.139
1266.000000	93	88	0.944	0.146
1272.000000	93	88	0.943	0.151
1278.000000	93	88	0.941	0.156
1284.000000	93	88	0.940	0.161
1290.000000	93	88	0.939	0.167
1296.000000	93	88	0.939	0.172
1302.000000	93	88	0.938	0.176
1308.000000	93	88	0.938	0.178
1314.000000	93	88	0.937	0.178
1320.000000	93	191	0.936	0.181
1326.000000	93	191	0.935	0.191
1332.000000	93	191	0.934	0.201
1338.000000	93	191	0.932	0.214
1344.000000	93	191	0.929	0.232
1350.000000	93	191	0.926	0.258
1356.000000	93	191	0.920	0.292
1362.000000	93	191	0.913	0.336
1368.000000	93	191	0.904	0.388
1374.000000	93	191	0.893	0.453
1380.000000	93	191	0.878	0.527
1386.000000	93	191	0.856	0.605
1392.000000	93	191	0.824	0.667
1398.000000	93	191	0.773	0.717
1404.000000	191	93	0.757	0.705
1410.000000	191	93	0.810	0.583
1416.000000	191	93	0.864	0.377
1422.000000	191	79	0.921	0.166
1428.000000	191	79	0.955	0.159
1434.000000	191	79	0.961	0.163
1440.000000	191	79	0.962	0.169
1446.000000	191	79	0.963	0.176
1452.000000	191	79	0.960	0.184
1458.000000	191	79	0.956	0.192
1464.000000	191	79	0.952	0.200
1470.000000	191	79	0.948	0.208
1476.000000	191	79	0.943	0.215
1482.000000	191	79	0.938	0.220
1488.000000	191	82	0.933	0.231
1494.000000	191	82	0.928	0.249
1500.000000	191	82	0.922	0.265
1506.000000	191	82	0.915	0.281
1512.000000	191	82	0.907	0.296
1518.000000	191	82	0.899	0.312
1524.000000	191	82	0.890	0.328
1530.000000	191	82	0.880	0.344
1536.000000	191	82	0.871	0.360
1542.000000	191	82	0.861	0.379
1548.000000	191	82	0.851	0.398
1554.000000	191	82	0.837	0.420
1560.000000	191	82	0.822	0.446
1566.000000	191	82	0.802	0.478
1572.000000	191	82	0.778	0.527
1578.000000	191	82	0.748	0.590
1584.000000	191	82	0.708	0.649
1590.000000	82	191	0.699	0.643
1596.000000	82	191	0.752	0.553
1602.000000	82	191	0.824	0.406
1608.000000	82	191	0.892	0.211
1614.000000	82	167	0.924	0.134
1620.000000	82	167	0.939	0.145
1626.000000	82	167	0.944	0.158
1632.000000	82	167	0.946	0.172
1638.000000	82	167	0.947	0.187
1644.000000	82	167	0.951	0.200
1650.000000	82	167	0.948	0.217
1656.000000	82	167	0.945	0.234
1662.000000	82	167	0.941	0.252
1668.000000	82	167	0.936	0.270
1674.000000	82	167	0.931	0.286
1680.000000	82	167	0.925	0.300
1686.000000	82	167	0.918	0.313
1692.000000	82	167	0.911	0.326
1698.000000	82	167	0.902	0.339
1704.000000	82	167	0.893	0.352
1710.000000	82	167	0.885	0.361
1716.000000	82	167	0.877	0.366
1722.000000	82	167	0.867	0.370
1728.000000	82	167	0.854	0.373
1734.000000	82	167	0.839	0.381
1740.000000	82	167	0.824	0.389
1746.000000	82	167	0.806	0.396
1752.000000	82	167	0.783	0.403
1758.000000	82	167	0.753	0.414
1764.000000	82	167	0.718	0.425
1770.000000	82	167	0.679	0.441
1776.000000	82	167	0.632	0.462
1782.000000	82	167	0.573	0.485
1788.000000	167	82	0.517	0.489
1794.000000	167	82	0.555	0.372
1800.000000	167	82	0.606	0.222
1806.000000	167	128	0.681	0.223
1812.000000	167	128	0.749	0.228
1818.000000	167	128	0.798	0.235
1824.000000	167	128	0.831	0.243
1830.000000	167	128	0.850	0.253
1836.000000	167	128	0.862	0.264
1842.000000	167	128	0.874	0.271
1848.000000	167	128	0.878	0.278
1854.000000	167	128	0.886	0.285
1860.000000	167	128	0.892	0.293
1866.000000	167	128	0.895	0.298
1872.000000	167	128	0.898	0.301
1878.000000	167	128	0.899	0.306
1884.000000	167	128	0.900	0.313
1890.000000	167	128	0.902	0.316
1896.000000	167	128	0.905	0.312
1902.000000	167	128	0.907	0.303
1908.000000	167	128	0.908	0.288
1914.000000	167	128	0.911	0.268
1920.000000	167	128	0.914	0.242
1926.000000	167	128	0.920	0.207
1932.000000	167	128	0.924	0.161
1938.000000	167	128	0.925	0.107
1944.000000	167	30	0.925	0.098
1950.000000	167	30	0.923	0.112
1956.000000	167	30	0.923	0.125
1962.000000	167	30	0.921	0.138
1968.000000	167	30	0.916	0.150
1974.000000	167	30	0.909	0.163
1980.000000	167	30	0.899	0.178
1986.000000	167	30	0.887	0.196
1992.000000	167	30	0.871	0.219
1998.000000	167	30	0.849	0.246
2004.000000	167	30	0.818	0.274
2010.000000	167	30	0.777	0.305
2016.000000	167	30	0.721	0.343
2022.000000	167	30	0.639	0.390
2028.000000	167	30	0.508	0.447
2034.000000	30	167	0.532	0.292
2040.000000	30	66	0.652	0.203
2046.000000	30	66	0.790	0.212
2052.000000	30	66	0.860	0.226
2058.000000	30	66	0.898	0.240
2064.000000	30	66	0.921	0.259
2070.000000	30	66	0.926	0.283
2076.000000	30	66	0.927	0.305
2082.000000	30	66	0.929	0.324
2088.000000	30	66	0.931	0.341
2094.000000	30	66	0.930	0.359
2100.000000	30	66	0.928	0.372
2106.000000	30	66	0.927	0.383
2112.000000	30	66	0.926	0.392
2118.000000	30	66	0.927	0.399
2124.000000	30	66	0.930	0.407
2130.000000	30	66	0.930	0.416
2136.000000	30	66	0.929	0.423
2142.000000	30	66	0.928	0.428
2148.000000	30	66	0.926	0.430
2154.000000	30	66	0.925	0.430
2160.000000	30	66	0.923	0.426
2166.000000	30	66	0.922	0.417
2172.000000	30	66	0.921	0.404
2178.000000	30	66	0.921	0.387
2184.000000	30	66	0.921	0.365
2190.000000	30	66	0.924	0.335
2196.000000	30	66	0.927	0.295
2202.000000	30	66	0.934	0.242
2208.000000	30	66	0.939	0.177
2214.000000	30	66	0.943	0.107
2220.000000	30	190	0.946	0.066
2226.000000	30	118	0.950	0.059
2232.000000	30	118	0.951	0.060
2238.000000	30	118	0.951	0.060
2244.000000	30	118	0.950	0.059
2250.000000	30	118	0.948	0.058
2256.000000	30	1	0.945	0.057
2262.000000	30	1	0.942	0.060
2268.000000	30	172	0.938	0.066
2274.000000	30	172	0.933	0.075
2280.000000	30	172	0.926	0.086
2286.000000	30	172	0.918	0.097
2292.000000	30	172	0.907	0.109
2298.000000	30	172	0.894	0.121
2304.000000	30	172	0.877	0.135
2310.000000	30	172	0.855	0.150
2316.000000	30	172	0.826	0.169
2322.000000	30	172	0.785	0.193
2328.000000	30	172	0.721	0.226
2334.000000	30	172	0.611	0.275
2340.000000	30	172	0.404	0.357
2346.000000	172	30	0.491	0.113
2352.000000	172	185	0.687	0.089
2358.000000	172	138	0.842	0.077
2364.000000	172	138	0.909	0.076
2370.000000	172	138	0.935	0.075
2376.000000	172	138	0.938	0.075
2382.000000	172	138	0.939	0.074
2388.000000	172	0	0.940	0.073
2394.000000	172	83	0.939	0.078
2400.000000	172	83	0.938	0.089
2406.000000	172	83	0.936	0.103
2412.000000	172	83	0.934	0.120
2418.000000	172	83	0.932	0.142
2424.000000	172	83	0.929	0.169
2430.000000	172	83	0.926	0.198
2436.000000	172	83	0.923	0.229
2442.000000	172	83	0.919	0.260
2448.000000	172	83	0.916	0.288
2454.000000	172	83	0.913	0.316
2460.000000	172	83	0.909	0.345
2466.000000	172	83	0.906	0.371
2472.000000	172	83	0.903	0.395
2478.000000	172	83	0.900	0.420
2484.000000	172	83	0.897	0.449
2490.000000	172	83	0.894	0.480
2496.000000	172	83	0.891	0.509
2502.000000	172	83	0.888	0.538
2508.000000	172	83	0.884	0.568
2514.000000	172	83	0.880	0.601
2520.000000	172	83	0.875	0.641
2526.000000	172	83	0.866	0.675
2532.000000	172	83	0.856	0.702
2538.000000	172	83	0.845	0.733
2544.000000	172	83	0.830	0.765
2550.000000	172	83	0.808	0.788
2556.000000	83	172	0.804	0.784
2562.000000	83	172	0.823	0.747
2568.000000	83	172	0.838	0.697
2574.000000	83	172	0.859	0.622
2580.000000	83	172	0.884	0.513
2586.000000	83	172	0.919	0.341
2592.000000	83	172	0.950	0.121
2598.000000	83	137	0.970	0.097
2604.000000	83	137	0.973	0.090
2610.000000	83	137	0.972	0.082
2616.000000	83	11	0.971	0.077
2622.000000	83	11	0.969	0.084
2628.000000	83	11	0.967	0.091
2634.000000	83	11	0.964	0.099
2640.000000	83	11	0.962	0.107
2646.000000	83	11	0.959	0.115
2652.000000	83	11	0.956	0.123
2658.000000	83	11	0.953	0.130
2664.000000	83	11	0.949	0.139
2670.000000	83	11	0.945	0.147
2676.000000	83	11	0.940	0.157
2682.000000	83	11	0.935	0.166
2688.000000	83	11	0.929	0.177
2694.000000	83	11	0.922	0.188
2700.000000	83	122	0.914	0.201
2706.000000	83	122	0.906	0.231
2712.000000	83	122	0.896	0.265
2718.000000	83	122	0.884	0.305
2724.000000	83	122	0.870	0.354
2730.000000	83	122	0.848	0.419
2736.000000	83	122	0.824	0.494
2742.000000	83	122	0.790	0.566
2748.000000	83	122	0.742	0.627
2754.000000	122	83	0.676	0.675
2760.000000	122	83	0.723	0.573
2766.000000	122	83	0.769	0.420
2772.000000	122	11	0.834	0.457
2778.000000	122	11	0.888	0.507
2784.000000	122	11	0.900	0.557
2790.000000	122	11	0.900	0.586
2796.000000	122	11	0.900	0.607
2802.000000	122	11	0.903	0.624
2808.000000	122	11	0.901	0.630
2814.000000	122	11	0.900	0.631
2820.000000	122	11	0.899	0.631
2826.000000	122	11	0.898	0.630
2832.000000	122	11	0.899	0.625
2838.000000	122	11	0.898	0.621
2844.000000	122	11	0.899	0.616
2850.000000	122	11	0.897	0.608
2856.000000	122	11	0.896	0.595
2862.000000	122	11	0.898	0.577
2868.000000	122	11	0.897	0.557
2874.000000	122	11	0.897	0.532
2880.000000	122	11	0.897	0.505
2886.000000	122	11	0.900	0.471
2892.000000	122	11	0.901	0.429
2898.000000	122	11	0.903	0.373
2904.000000	122	11	0.911	0.296
2910.000000	122	11	0.923	0.199
2916.000000	122	73	0.931	0.141
2922.000000	122	73	0.937	0.142
2928.000000	122	73	0.940	0.146
2934.000000	122	73	0.940	0.151
2940.000000	122	73	0.940	0.157
2946.000000	122	73	0.938	0.162
2952.000000	122	73	0.935	0.165
2958.000000	122	73	0.932	0.167
2964.000000	122	73	0.927	0.166
2970.000000	122	73	0.923	0.163
2976.000000	122	73	0.918	0.159
2982.000000	122	73	0.911	0.154
2988.000000	122	73	0.904	0.149
2994.000000	122	73	0.894	0.144
3000.000000	122	73	0.882	0.138
3006.000000	122	73	0.868	0.131
3012.000000	122	73	0.849	0.122
3018.000000	122	133	0.824	0.117
3024.000000	122	133	0.790	0.126
3030.000000	122	133	0.740	0.135
3036.000000	122	133	0.664	0.146
3042.000000	122	133	0.538	0.161
3048.000000	122	133	0.309	0.185
3054.000000	133	121	0.214	0.058
3060.000000	133	76	0.267	0.051
3066.000000	133	76	0.404	0.051
3072.000000	133	171	0.654	0.060
3078.000000	133	171	0.846	0.077
3084.000000	133	171	0.909	0.094
3090.000000	133	171	0.934	0.109
3096.000000	133	171	0.944	0.126
3102.000000	133	171	0.950	0.146
3108.000000	133	171	0.954	0.167
3114.000000	133	171	0.957	0.189
3120.000000	133	171	0.957	0.209
3126.000000	133	171	0.955	0.231
3132.000000	133	171	0.953	0.254
3138.000000	133	171	0.950	0.280
3144.000000	133	171	0.947	0.308
3150.000000	133	171	0.944	0.341
3156.000000	133	171	0.941	0.380
3162.000000	133	171	0.938	0.418
3168.000000	133	171	0.935	0.451
3174.000000	133	171	0.932	0.483
3180.000000	133	171	0.929	0.515
3186.000000	133	171	0.928	0.538
3192.000000	133	171	0.926	0.560
3198.000000	133	171	0.925	0.585
3204.000000	133	171	0.923	0.606
3210.000000	133	171	0.922	0.619
3216.000000	133	171	0.921	0.631
3222.000000	133	171	0.919	0.641
3228.000000	133	171	0.918	0.655
3234.000000	133	171	0.917	0.672
3240.000000	133	171	0.915	0.689
3246.000000	133	171	0.913	0.700
3252.000000	133	171	0.908	0.716
3258.000000	133	171	0.905	0.734
3264.000000	133	171	0.900	0.751
3270.000000	133	171	0.891	0.766
3276.000000	133	171	0.882	0.780
3282.000000	133	171	0.867	0.790
3288.000000	133	171	0.846	0.798
3294.000000	133	171	0.820	0.808
3300.000000	171	133	0.815	0.790
3306.000000	171	133	0.826	0.742
3312.000000	171	133	0.839	0.670
3318.000000	171	133	0.868	0.543
3324.000000	171	133	0.908	0.334
3330.000000	171	133	0.947	0.124
3336.000000	171	124	0.963	0.054
3342.000000	171	124	0.964	0.054
3348.000000	171	124	0.962	0.057
3354.000000	171	124	0.959	0.059
3360.000000	171	131	0.955	0.065
3366.000000	171	131	0.951	0.075
3372.000000	171	131	0.946	0.086
3378.000000	171	131	0.939	0.099
3384.000000	171	131	0.932	0.112
3390.000000	171	131	0.923	0.126
3396.000000	171	131	0.912	0.140
3402.000000	171	131	0.899	0.157
3408.000000	171	131	0.884	0.175
3414.000000	171	131	0.867	0.196
3420.000000	171	131	0.846	0.219
3426.000000	171	131	0.819	0.247
3432.000000	171	131	0.784	0.281
3438.000000	171	131	0.736	0.323
3444.000000	171	131	0.666	0.376
3450.000000	171	131	0.559	0.444
3456.000000	131	171	0.529	0.398
3462.000000	131	171	0.648	0.195
3468.000000	131	182	0.770	0.161
3474.000000	131	182	0.857	0.167
3480.000000	131	182	0.898	0.180
3486.000000	131	182	0.918	0.196
3492.000000	131	182	0.928	0.212
3498.000000	131	182	0.927	0.234
3504.000000	131	182	0.926	0.257
3510.000000	131	182	0.929	0.277
3516.000000	131	182	0.934	0.298
3522.000000	131	182	0.936	0.319
3528.000000	131	182	0.936	0.338
3534.000000	131	182	0.934	0.356
3540.000000	131	182	0.932	0.370
3546.000000	131	182	0.930	0.382
3552.000000	131	182	0.928	0.397
3558.000000	131	182	0.927	0.411
3564.000000	131	182	0.925	0.421
3570.000000	131	182	0.924	0.427
3576.000000	131	182	0.923	0.432
3582.000000	131	182	0.922	0.439
3588.000000	131	182	0.922	0.452
3594.000000	131	182	0.921	0.459
3600.000000	131	182	0.919	0.464
3606.000000	131	182	0.918	0.465
3612.000000	131	182	0.917	0.462
3618.000000	131	182	0.915	0.452
3624.000000	131	182	0.913	0.439
3630.000000	131	182	0.908	0.421
3636.000000	131	182	0.900	0.400
3642.000000	131	39	0.888	0.410
3648.000000	131	39	0.879	0.458
3654.000000	131	39	0.868	0.505
3660.000000	131	39	0.854	0.566
3666.000000	131	39	0.840	0.626
3672.000000	131	39	0.820	0.681
3678.000000	131	39	0.788	0.727
3684.000000	39	131	0.763	0.736
3690.000000	39	131	0.798	0.656
3696.000000	39	131	0.838	0.514
3702.000000	39	131	0.893	0.286
3708.000000	39	29	0.940	0.099
3714.000000	39	29	0.965	0.091
3720.000000	39	29	0.968	0.090
3726.000000	39	29	0.966	0.089
3732.000000	39	139	0.964	0.094
3738.000000	39	139	0.961	0.100
3744.000000	39	139	0.959	0.106
3750.000000	39	139	0.956	0.112
3756.000000	39	139	0.954	0.117
3762.000000	39	139	0.953	0.120
3768.000000	39	139	0.950	0.123
3774.000000	39	139	0.946	0.126
3780.000000	39	139	0.942	0.129
3786.000000	39	139	0.937	0.128
3792.000000	39	139	0.933	0.125
3798.000000	39	139	0.928	0.120
3804.000000	39	151	0.923	0.125
3810.000000	39	151	0.918	0.133
3816.000000	39	151	0.913	0.141
3822.000000	39	151	0.908	0.150
3828.000000	39	151	0.902	0.162
3834.000000	39	151	0.896	0.176
3840.000000	39	151	0.888	0.192
3846.000000	39	151	0.880	0.211
3852.000000	39	151	0.871	0.238
3858.000000	39	151	0.861	0.274
3864.000000	39	151	0.848	0.323
3870.000000	39	151	0.832	0.383
3876.000000	39	151	0.811	0.450
3882.000000	39	151	0.780	0.523
3888.000000	39	151	0.733	0.600
3894.000000	151	39	0.669	0.668
3900.000000	151	39	0.721	0.572
3906.000000	151	39	0.776	0.414
3912.000000	151	57	0.858	0.331
3918.000000	151	57	0.906	0.357
3924.000000	151	57	0.927	0.400
3930.000000	151	57	0.927	0.449
3936.000000	151	57	0.925	0.495
3942.000000	151	57	0.923	0.532
3948.000000	151	57	0.921	0.561
3954.000000	151	57	0.919	0.582
3960.000000	151	57	0.919	0.595
3966.000000	151	57	0.918	0.602
3972.000000	151	57	0.917	0.607
3978.000000	151	57	0.915	0.611
3984.000000	151	57	0.914	0.615
3990.000000	151	57	0.913	0.619
3996.000000	151	57	0.912	0.620
4002.000000	151	57	0.911	0.621
4008.000000	151	57	0.911	0.623
4014.000000	151	57	0.910	0.626
4020.000000	151	57	0.912	0.629
4026.000000	151	57	0.917	0.630
4032.000000	151	57	0.917	0.633
4038.000000	151	57	0.918	0.634
4044.000000	151	57	0.919	0.633
4050.000000	151	57	0.919	0.633
4056.000000	151	57	0.919	0.632
4062.000000	151	57	0.917	0.630
4068.000000	151	57	0.912	0.624
4074.000000	151	57	0.910	0.608
4080.000000	151	57	0.908	0.581
4086.000000	151	57	0.909	0.536
4092.000000	151	57	0.907	0.466
4098.000000	151	57	0.906	0.349
4104.000000	151	57	0.911	0.183
4110.000000	151	57	0.916	0.061
4116.000000	151	49	0.917	0.066
4122.000000	151	49	0.917	0.072
4128.000000	151	49	0.913	0.076
4134.000000	151	49	0.908	0.081
4140.000000	151	49	0.902	0.085
4146.000000	151	49	0.894	0.088
4152.000000	151	49	0.885	0.092
4158.000000	151	49	0.874	0.096
4164.000000	151	49	0.860	0.100
4170.000000	151	49	0.842	0.105
4176.000000	151	49	0.818	0.111
4182.000000	151	49	0.784	0.117
4188.000000	151	49	0.731	0.124
4194.000000	151	49	0.639	0.132
4200.000000	151	49	0.450	0.139
4206.000000	151	49	0.136	0.131
4212.000000	49	143	0.117	0.035
4218.000000	49	143	0.124	0.032
4224.000000	49	143	0.139	0.028
4230.000000	49	143	0.165	0.025
4236.000000	49	83	0.213	0.024
4242.000000	49	83	0.304	0.026
4248.000000	49	183	0.479	0.028
4254.000000	49	183	0.720	0.042
4260.000000	49	183	0.847	0.048
4266.000000	49	183	0.881	0.053
4272.000000	49	183	0.900	0.059
4278.000000	49	183	0.913	0.067
4284.000000	49	183	0.923	0.079
4290.000000	49	183	0.929	0.093
4296.000000	49	183	0.932	0.109
4302.000000	49	183	0.936	0.126
4308.000000	49	183	0.937	0.148
4314.000000	49	183	0.937	0.173
4320.000000	49	183	0.936	0.204
4326.000000	49	183	0.934	0.237
4332.000000	49	183	0.932	0.268
4338.000000	49	183	0.929	0.295
4344.000000	49	183	0.926	0.317
4350.000000	49	183	0.923	0.339
4356.000000	49	183	0.921	0.363
4362.000000	49	183	0.919	0.388
4368.000000	49	183	0.916	0.417
4374.000000	49	183	0.912	0.445
4380.000000	49	183	0.910	0.472
4386.000000	49	183	0.910	0.495
4392.000000	49	183	0.909	0.515
4398.000000	49	183	0.909	0.536
4404.000000	49	183	0.907	0.560
4410.000000	49	183	0.906	0.582
4416.000000	49	183	0.904	0.617
4422.000000	49	183	0.901	0.651
4428.000000	49	183	0.895	0.679
4434.000000	49	183	0.890	0.702
4440.000000	49	183	0.884	0.723
4446.000000	49	183	0.875	0.744
4452.000000	49	183	0.863	0.764
4458.000000	49	183	0.847	0.780
4464.000000	49	183	0.821	0.796
4470.000000	183	49	0.803	0.793
4476.000000	183	49	0.813	0.756
4482.000000	183	49	0.844	0.680
4488.000000	183	49	0.880	0.562
4494.000000	183	49	0.914	0.360
4500.000000	183	49	0.953	0.109
4506.000000	183	170	0.974	0.081
4512.000000	183	170	0.973	0.086
4518.000000	183	170	0.971	0.092
4524.000000	183	170	0.968	0.097
4530.000000	183	170	0.964	0.102
4536.000000	183	170	0.960	0.105
4542.000000	183	170	0.956	0.108
4548.000000	183	170	0.951	0.110
4554.000000	183	170	0.946	0.111
4560.000000	183	170	0.939	0.111
4566.000000	183	124	0.931	0.115
4572.000000	183	124	0.922	0.118
4578.000000	183	69	0.912	0.127
4584.000000	183	69	0.900	0.142
4590.000000	183	69	0.887	0.156
4596.000000	183	69	0.870	0.171
4602.000000	183	69	0.850	0.186
4608.000000	183	69	0.827	0.205
4614.000000	183	69	0.799	0.223
4620.000000	183	69	0.764	0.242
4626.000000	183	69	0.719	0.264
4632.000000	183	69	0.657	0.288
4638.000000	183	69	0.570	0.317
4644.000000	183	69	0.457	0.347
4650.000000	69	183	0.384	0.309
4656.000000	69	163	0.427	0.221
4662.000000	69	163	0.507	0.228
4668.000000	69	163	0.585	0.231
4674.000000	69	163	0.650	0.230
4680.000000	69	163	0.701	0.226
4686.000000	69	163	0.739	0.226
4692.000000	69	132	0.764	0.226
4698.000000	69	132	0.780	0.228
4704.000000	69	132	0.793	0.230
4710.000000	69	132	0.807	0.228
4716.000000	69	132	0.831	0.224
4722.000000	69	132	0.856	0.214
4728.000000	69	14	0.870	0.211
4734.000000	69	14	0.875	0.208
4740.000000	69	14	0.880	0.199
4746.000000	69	14	0.884	0.187
4752.000000	69	112	0.894	0.183
4758.000000	69	112	0.901	0.176
4764.000000	69	112	0.915	0.166
4770.000000	69	112	0.928	0.156
4776.000000	69	112	0.934	0.147
4782.000000	69	112	0.938	0.136
4788.000000	69	112	0.941	0.120
4794.000000	69	33	0.943	0.120
4800.000000	69	33	0.945	0.124
4806.000000	69	33	0.943	0.128
4812.000000	69	33	0.940	0.132
4818.000000	69	33	0.937	0.133
4824.000000	69	33	0.933	0.131
4830.000000	69	33	0.928	0.128
4836.000000	69	81	0.922	0.128
4842.000000	69	81	0.916	0.135
4848.000000	69	81	0.908	0.141
4854.000000	69	81	0.900	0.147
4860.000000	69	81	0.889	0.151
4866.000000	69	81	0.875	0.154
4872.000000	69	81	0.858	0.157
4878.000000	69	81	0.837	0.160
4884.000000	69	81	0.809	0.165
4890.000000	69	81	0.770	0.170
4896.000000	69	81	0.711	0.179
4902.000000	69	164	0.621	0.195
4908.000000	69	164	0.478	0.218
4914.000000	69	164	0.263	0.250
4920.000000	164	81	0.298	0.242
4926.000000	164	81	0.364	0.252
4932.000000	164	81	0.466	0.276
4938.000000	164	81	0.575	0.306
4944.000000	164	81	0.660	0.341
4950.000000	164	81	0.708	0.379
4956.000000	164	81	0.725	0.422
4962.000000	164	81	0.738	0.465
4968.000000	164	81	0.753	0.492
4974.000000	164	81	0.760	0.510
4980.000000	164	81	0.765	0.535
4986.000000	164	81	0.767	0.555
4992.000000	164	81	0.770	0.574
4998.000000	164	81	0.774	0.593
5004.000000	164	81	0.778	0.607
5010.000000	164	81	0.781	0.616
5016.000000	164	81	0.783	0.622
5022.000000	164	81	0.782	0.624
5028.000000	164	81	0.781	0.632
5034.000000	164	81	0.783	0.642
5040.000000	164	81	0.784	0.649
5046.000000	164	81	0.786	0.657
5052.000000	164	81	0.793	0.666
5058.000000	164	81	0.798	0.674
5064.000000	164	81	0.804	0.681
5070.000000	164	81	0.806	0.691
5076.000000	164	81	0.809	0.698
5082.000000	164	81	0.817	0.700
5088.000000	164	81	0.818	0.703
5094.000000	164	81	0.823	0.701
5100.000000	164	81	0.827	0.706
5106.000000	164	81	0.831	0.714
5112.000000	164	81	0.828	0.719
5118.000000	164	81	0.830	0.719
5124.000000	164	81	0.829	0.715
5130.000000	164	81	0.832	0.701
5136.000000	164	81	0.830	0.688
5142.000000	164	81	0.828	0.671
5148.000000	164	81	0.821	0.649
5154.000000	164	81	0.816	0.612
5160.000000	164	81	0.812	0.557
5166.000000	164	81	0.812	0.476
5172.000000	164	81	0.814	0.360
5178.000000	164	81	0.822	0.209
5184.000000	164	81	0.827	0.087
5190.000000	164	193	0.826	0.084
5196.000000	164	193	0.821	0.089
5202.000000	164	193	0.812	0.093
5208.000000	164	193	0.799	0.096
5214.000000	164	141	0.782	0.103
5220.000000	164	141	0.761	0.117
5226.000000	164	141	0.733	0.133
5232.000000	164	141	0.691	0.153
5238.000000	164	141	0.624	0.178
5244.000000	164	141	0.521	0.212
5250.000000	164	141	0.361	0.255
5256.000000	141	146	0.306	0.241
5262.000000	141	146	0.370	0.292
5268.000000	141	146	0.473	0.356
5274.000000	141	146	0.608	0.444
5280.000000	141	146	0.703	0.532
5286.000000	141	146	0.749	0.601
5292.000000	141	146	0.775	0.644
5298.000000	141	146	0.794	0.672
5304.000000	141	146	0.807	0.686
5310.000000	141	146	0.814	0.695
5316.000000	141	146	0.817	0.702
5322.000000	141	146	0.819	0.707
5328.000000	141	146	0.822	0.716
5334.000000	141	146	0.826	0.723
5340.000000	141	146	0.828	0.731
5346.000000	141	146	0.831	0.733
5352.000000	141	146	0.833	0.737
5358.000000	141	146	0.834	0.741
5364.000000	141	146	0.837	0.744
5370.000000	141	146	0.841	0.748
5376.000000	141	146	0.844	0.749
5382.000000	141	146	0.852	0.748
5388.000000	141	146	0.854	0.751
5394.000000	141	146	0.857	0.754
5400.000000	141	146	0.859	0.758
5406.000000	141	146	0.859	0.760
5412.000000	141	146	0.859	0.761
5418.000000	141	146	0.858	0.760
5424.000000	141	146	0.860	0.755
5430.000000	141	146	0.858	0.751
5436.000000	141	146	0.856	0.743
5442.000000	141	146	0.857	0.729
5448.000000	141	146	0.857	0.710
5454.000000	141	146	0.855	0.687
5460.000000	141	146	0.855	0.655
5466.000000	141	146	0.851	0.612
5472.000000	141	146	0.854	0.542
5478.000000	141	146	0.869	0.417
5484.000000	141	146	0.893	0.227
5490.000000	141	9	0.918	0.060
5496.000000	141	9	0.931	0.063
5502.000000	141	9	0.938	0.066
5508.000000	141	9	0.941	0.069
5514.000000	141	9	0.943	0.073
5520.000000	141	9	0.945	0.076
5526.000000	141	9	0.946	0.079
5532.000000	141	9	0.947	0.082
5538.000000	141	9	0.945	0.085
5544.000000	141	9	0.942	0.088
5550.000000	141	9	0.938	0.092
5556.000000	141	9	0.933	0.096
5562.000000	141	9	0.926	0.101
5568.000000	141	9	0.918	0.105
5574.000000	141	9	0.909	0.110
5580.000000	141	9	0.896	0.113
5586.000000	141	9	0.880	0.116
5592.000000	141	9	0.857	0.119
5598.000000	141	9	0.825	0.120
5604.000000	141	9	0.776	0.122
5610.000000	141	9	0.696	0.124
5616.000000	141	137	0.559	0.129
5622.000000	141	137	0.334	0.137
5628.000000	137	9	0.140	0.104
5634.000000	137	184	0.146	0.100
5640.000000	137	184	0.164	0.110
5646.000000	137	184	0.195	0.123
5652.000000	137	184	0.247	0.141
5658.000000	137	184	0.328	0.164
5664.000000	137	184	0.448	0.195
5670.000000	137	184	0.611	0.236
5676.000000	137	184	0.752	0.283
5682.000000	137	184	0.815	0.327
5688.000000	137	184	0.833	0.373
5694.000000	137	184	0.839	0.423
5700.000000	137	184	0.839	0.472
5706.000000	137	184	0.838	0.511
5712.000000	137	184	0.837	0.540
5718.000000	137	184	0.839	0.559
5724.000000	137	184	0.840	0.573
5730.000000	137	184	0.846	0.588
5736.000000	137	184	0.848	0.601
5742.000000	137	184	0.851	0.609
5748.000000	137	184	0.858	0.617
5754.000000	137	184	0.861	0.630
5760.000000	137	184	0.864	0.640
5766.000000	137	184	0.867	0.652
5772.000000	137	184	0.871	0.668
5778.000000	137	184	0.873	0.681
5784.000000	137	184	0.874	0.701
5790.000000	137	184	0.875	0.718
5796.000000	137	184	0.878	0.723
5802.000000	137	184	0.881	0.729
5808.000000	137	184	0.883	0.744
5814.000000	137	184	0.885	0.757
5820.000000	137	184	0.887	0.766
5826.000000	137	184	0.890	0.772
5832.000000	137	184	0.892	0.780
5838.000000	137	184	0.888	0.788
5844.000000	137	184	0.884	0.787
5850.000000	137	184	0.879	0.784
5856.000000	137	184	0.872	0.782
5862.000000	137	184	0.865	0.779
5868.000000	137	184	0.851	0.779
5874.000000	137	184	0.833	0.782
5880.000000	137	184	0.813	0.780
5886.000000	137	184	0.783	0.781
5892.000000	184	137	0.784	0.740
5898.000000	184	137	0.783	0.684
5904.000000	184	137	0.796	0.589
5910.000000	184	137	0.824	0.420
5916.000000	184	137	0.862	0.185
5922.000000	184	129	0.910	0.061
5928.000000	184	129	0.922	0.062
5934.000000	184	129	0.928	0.064
5940.000000	184	129	0.935	0.067
5946.000000	184	129	0.941	0.070
5952.000000	184	129	0.942	0.073
5958.000000	184	129	0.942	0.078
5964.000000	184	129	0.940	0.083
5970.000000	184	129	0.938	0.088
5976.000000	184	129	0.935	0.093
5982.000000	184	129	0.931	0.098
5988.000000	184	129	0.925	0.102
5994.000000	184	129	0.917	0.106
6000.000000	184	129	0.908	0.111
6006.000000	184	129	0.896	0.116
6012.000000	184	129	0.882	0.121
6018.000000	184	129	0.864	0.127
6024.000000	184	129	0.842	0.133
6030.000000	184	129	0.812	0.140
6036.000000	184	129	0.769	0.148
6042.000000	184	129	0.703	0.157
6048.000000	184	129	0.593	0.169
6054.000000	184	64	0.418	0.190
6060.000000	64	184	0.218	0.199
6066.000000	64	129	0.258	0.194
6072.000000	64	17	0.315	0.210
6078.000000	64	17	0.386	0.232
6084.000000	64	17	0.463	0.256
6090.000000	64	17	0.550	0.275
6096.000000	64	129	0.631	0.303
6102.000000	64	129	0.679	0.330
6108.000000	64	129	0.698	0.352
6114.000000	64	129	0.709	0.369
6120.000000	64	129	0.726	0.385
6126.000000	64	129	0.737	0.398
6132.000000	64	129	0.748	0.408
6138.000000	64	129	0.757	0.415
6144.000000	64	129	0.765	0.422
6150.000000	64	129	0.771	0.425
6156.000000	64	129	0.776	0.432
6162.000000	64	129	0.781	0.441
6168.000000	64	129	0.788	0.447
6174.000000	64	129	0.799	0.451
6180.000000	64	129	0.807	0.458
6186.000000	64	129	0.812	0.465
6192.000000	64	129	0.815	0.468
6198.000000	64	129	0.823	0.464
6204.000000	64	129	0.832	0.453
6210.000000	64	170	0.842	0.458
6216.000000	64	170	0.849	0.486
6222.000000	64	170	0.857	0.517
6228.000000	64	170	0.862	0.544
6234.000000	64	170	0.864	0.564
6240.000000	64	170	0.870	0.585
6246.000000	64	170	0.874	0.606
6252.000000	64	170	0.878	0.628
6258.000000	64	170	0.878	0.644
6264.000000	64	170	0.874	0.658
6270.000000	64	170	0.868	0.668
6276.000000	64	170	0.858	0.684
6282.000000	64	170	0.846	0.702
6288.000000	64	170	0.835	0.713
6294.000000	64	170	0.824	0.717
6300.000000	64	170	0.811	0.720
6306.000000	64	170	0.791	0.723
6312.000000	64	170	0.766	0.724
6318.000000	64	170	0.729	0.728
6324.000000	170	64	0.739	0.669
6330.000000	170	64	0.758	0.578
6336.000000	170	64	0.776	0.440
6342.000000	170	194	0.811	0.398
6348.000000	170	194	0.854	0.452
6354.000000	170	194	0.879	0.515
6360.000000	170	194	0.887	0.593
6366.000000	170	194	0.889	0.660
6372.000000	170	194	0.886	0.702
6378.000000	170	194	0.881	0.726
6384.000000	170	194	0.875	0.739
6390.000000	170	194	0.865	0.747
6396.000000	170	194	0.857	0.750
6402.000000	170	194	0.844	0.756
6408.000000	170	194	0.825	0.765
6414.000000	170	194	0.800	0.777
6420.000000	194	170	0.779	0.776
6426.000000	194	170	0.789	0.738
6432.000000	194	170	0.802	0.696
6438.000000	194	170	0.812	0.645
6444.000000	194	170	0.820	0.576
6450.000000	194	170	0.841	0.467
6456.000000	194	170	0.882	0.317
6462.000000	194	170	0.915	0.154
6468.000000	194	37	0.935	0.069
6474.000000	194	37	0.943	0.068
6480.000000	194	37	0.949	0.069
6486.000000	194	37	0.950	0.071
6492.000000	194	37	0.951	0.074
6498.000000	194	37	0.950	0.075
6504.000000	194	117	0.948	0.076
6510.000000	194	117	0.944	0.080
6516.000000	194	117	0.940	0.084
6522.000000	194	117	0.935	0.088
6528.000000	194	117	0.929	0.093
6534.000000	194	117	0.922	0.098
6540.000000	194	117	0.914	0.105
6546.000000	194	117	0.905	0.111
6552.000000	194	117	0.896	0.118
6558.000000	194	117	0.886	0.125
6564.000000	194	117	0.873	0.132
6570.000000	194	117	0.857	0.140
6576.000000	194	117	0.838	0.148
6582.000000	194	128	0.813	0.160
6588.000000	194	128	0.780	0.174
6594.000000	194	128	0.737	0.190
6600.000000	194	128	0.679	0.209
6606.000000	194	128	0.592	0.235
6612.000000	194	128	0.450	0.278
6618.000000	128	117	0.334	0.307
6624.000000	128	117	0.403	0.354
6630.000000	128	117	0.477	0.401
6636.000000	128	117	0.555	0.455
6642.000000	128	117	0.612	0.505
6648.000000	128	117	0.644	0.536
6654.000000	128	4	0.656	0.569
6660.000000	128	4	0.663	0.600
6666.000000	128	4	0.670	0.620
6672.000000	128	4	0.678	0.629
6678.000000	128	4	0.682	0.639
6684.000000	128	4	0.682	0.645
6690.000000	128	4	0.688	0.654
6696.000000	128	4	0.686	0.658
6702.000000	128	4	0.683	0.660
6708.000000	128	4	0.680	0.664
6714.000000	128	4	0.681	0.669
6720.000000	128	4	0.682	0.668
6726.000000	128	4	0.680	0.665
6732.000000	128	4	0.674	0.671
6738.000000	4	128	0.678	0.670
6744.000000	4	128	0.685	0.667
6750.000000	4	128	0.693	0.664
6756.000000	4	128	0.699	0.658
6762.000000	4	128	0.705	0.656
6768.000000	4	128	0.706	0.649
6774.000000	4	128	0.708	0.638
6780.000000	4	128	0.711	0.618
6786.000000	4	128	0.716	0.591
6792.000000	4	128	0.718	0.559
6798.000000	4	128	0.724	0.514
6804.000000	4	128	0.743	0.447
6810.000000	4	128	0.776	0.349
6816.000000	4	128	0.811	0.211
6822.000000	4	128	0.847	0.091
6828.000000	4	95	0.878	0.052
6834.000000	4	95	0.896	0.054
6840.000000	4	95	0.908	0.056
6846.000000	4	95	0.920	0.058
6852.000000	4	95	0.930	0.061
6858.000000	4	95	0.938	0.063
6864.000000	4	13	0.942	0.066
6870.000000	4	13	0.943	0.073
6876.000000	4	13	0.942	0.081
6882.000000	4	13	0.939	0.087
6888.000000	4	13	0.936	0.093
6894.000000	4	13	0.931	0.099
6900.000000	4	13	0.926	0.105
6906.000000	4	13	0.920	0.112
6912.000000	4	13	0.912	0.122
6918.000000	4	13	0.904	0.133
6924.000000	4	13	0.893	0.146
6930.000000	4	13	0.880	0.161
6936.000000	4	13	0.864	0.177
6942.000000	4	13	0.845	0.195
6948.000000	4	13	0.820	0.215
6954.000000	4	13	0.786	0.240
6960.000000	4	13	0.738	0.268
6966.000000	4	13	0.668	0.297
6972.000000	4	13	0.559	0.332
6978.000000	4	13	0.392	0.383
6984.000000	13	65	0.446	0.223
6990.000000	13	65	0.522	0.240
6996.000000	13	65	0.603	0.250
7002.000000	13	65	0.671	0.255
7008.000000	13	65	0.705	0.258
7014.000000	13	111	0.733	0.272
7020.000000	13	111	0.763	0.288
7026.000000	13	111	0.798	0.304
7032.000000	13	111	0.823	0.320
7038.000000	13	111	0.839	0.336
7044.000000	13	111	0.847	0.353
7050.000000	13	111	0.851	0.369
7056.000000	13	111	0.855	0.379
7062.000000	13	111	0.857	0.388
7068.000000	13	111	0.861	0.395
7074.000000	13	111	0.865	0.402
7080.000000	13	111	0.871	0.410
7086.000000	13	111	0.875	0.418
7092.000000	13	111	0.877	0.433
7098.000000	13	111	0.878	0.448
7104.000000	13	111	0.879	0.463
7110.000000	13	111	0.879	0.477
7116.000000	13	111	0.879	0.492
7122.000000	13	111	0.879	0.509
7128.000000	13	111	0.882	0.526
7134.000000	13	111	0.882	0.542
7140.000000	13	111	0.882	0.551
7146.000000	13	111	0.879	0.554
7152.000000	13	111	0.876	0.548
7158.000000	13	76	0.869	0.572
7164.000000	13	76	0.860	0.596
7170.000000	13	76	0.852	0.613
7176.000000	13	76	0.837	0.632
7182.000000	13	76	0.822	0.655
7188.000000	13	76	0.806	0.672
7194.000000	13	76	0.785	0.695
7200.000000	13	76	0.760	0.735
7206.000000	76	13	0.764	0.724
7212.000000	76	13	0.789	0.671
7218.000000	76	13	0.821	0.585
7224.000000	76	13	0.860	0.446
7230.000000	76	13	0.910	0.234
7236.000000	76	13	0.950	0.073
7242.000000	76	6	0.966	0.064
7248.000000	76	6	0.967	0.067
7254.000000	76	6	0.965	0.071
7260.000000	76	6	0.963	0.075
7266.000000	76	51	0.960	0.083
7272.000000	76	51	0.959	0.091
7278.000000	76	51	0.957	0.099
7284.000000	76	51	0.954	0.107
7290.000000	76	51	0.950	0.114
7296.000000	76	51	0.946	0.121
7302.000000	76	51	0.942	0.128
7308.000000	76	51	0.937	0.135
7314.000000	76	51	0.931	0.141
7320.000000	76	51	0.925	0.146
7326.000000	76	51	0.917	0.149
7332.000000	76	51	0.908	0.152
7338.000000	76	82	0.899	0.160
7344.000000	76	82	0.888	0.172
7350.000000	76	82	0.876	0.185
7356.000000	76	82	0.863	0.199
7362.000000	76	82	0.848	0.214
7368.000000	76	82	0.831	0.231
7374.000000	76	82	0.810	0.255
7380.000000	76	82	0.783	0.284
7386.000000	76	82	0.749	0.312
7392.000000	76	82	0.706	0.337
7398.000000	76	82	0.647	0.370
7404.000000	76	82	0.550	0.420
7410.000000	82	76	0.488	0.392
7416.000000	82	167	0.596	0.285
7422.000000	82	167	0.732	0.311
7428.000000	82	167	0.837	0.354
7434.000000	82	167	0.890	0.408
7440.000000	82	167	0.907	0.464
7446.000000	82	167	0.909	0.520
7452.000000	82	167	0.909	0.557
7458.000000	82	167	0.905	0.586
7464.000000	82	167	0.901	0.607
7470.000000	82	167	0.896	0.623
7476.000000	82	167	0.893	0.634
7482.000000	82	167	0.889	0.641
7488.000000	82	167	0.886	0.646
7494.000000	82	167	0.882	0.651
7500.000000	82	167	0.880	0.655
7506.000000	82	167	0.879	0.656
7512.000000	82	167	0.876	0.657
7518.000000	82	167	0.874	0.659
7524.000000	82	167	0.873	0.658
7530.000000	82	167	0.871	0.657
7536.000000	82	167	0.869	0.656
7542.000000	82	167	0.866	0.655
7548.000000	82	167	0.864	0.651
7554.000000	82	167	0.861	0.645
7560.000000	82	167	0.857	0.637
7566.000000	82	167	0.851	0.629
7572.000000	82	167	0.846	0.617
7578.000000	82	167	0.842	0.599
7584.000000	82	167	0.838	0.569
7590.000000	82	167	0.839	0.527
7596.000000	82	167	0.839	0.470
7602.000000	82	167	0.842	0.387
7608.000000	82	167	0.850	0.266
7614.000000	82	167	0.869	0.134
7620.000000	82	165	0.881	0.072
7626.000000	82	165	0.890	0.075
7632.000000	82	165	0.895	0.078
7638.000000	82	165	0.899	0.081
7644.000000	82	165	0.901	0.086
7650.000000	82	165	0.903	0.092
7656.000000	82	165	0.901	0.100
7662.000000	82	165	0.898	0.111
7668.000000	82	165	0.892	0.123
7674.000000	82	165	0.884	0.137
7680.000000	82	165	0.872	0.153
7686.000000	82	165	0.857	0.172
7692.000000	82	165	0.836	0.194
7698.000000	82	165	0.807	0.218
7704.000000	82	165	0.766	0.244
7710.000000	82	165	0.701	0.270
7716.000000	82	165	0.596	0.300
7722.000000	82	165	0.435	0.341
7728.000000	165	82	0.393	0.213
7734.000000	165	155	0.454	0.162
7740.000000	165	155	0.525	0.171
7746.000000	165	175	0.593	0.186
7752.000000	165	175	0.648	0.205
7758.000000	165	175	0.695	0.222
7764.000000	165	175	0.719	0.241
7770.000000	165	175	0.733	0.262
7776.000000	165	175	0.750	0.284
7782.000000	165	175	0.760	0.307
7788.000000	165	175	0.768	0.331
7794.000000	165	175	0.777	0.353
7800.000000	165	175	0.785	0.373
7806.000000	165	175	0.792	0.392
7812.000000	165	175	0.798	0.410
7818.000000	165	175	0.806	0.425
7824.000000	165	175	0.816	0.435
7830.000000	165	175	0.825	0.449
7836.000000	165	175	0.835	0.464
7842.000000	165	175	0.848	0.478
7848.000000	165	175	0.857	0.492
7854.000000	165	175	0.866	0.511
7860.000000	165	175	0.871	0.540
7866.000000	165	175	0.875	0.562
7872.000000	165	175	0.879	0.578
7878.000000	165	175	0.880	0.590
7884.000000	165	175	0.881	0.600
7890.000000	165	175	0.883	0.613
7896.000000	165	175	0.886	0.625
7902.000000	165	175	0.888	0.633
7908.000000	165	175	0.884	0.646
7914.000000	165	175	0.880	0.653
7920.000000	165	175	0.874	0.661
7926.000000	165	175	0.865	0.667
7932.000000	165	175	0.849	0.679
7938.000000	165	175	0.834	0.690
7944.000000	165	175	0.811	0.701
7950.000000	165	175	0.783	0.707
7956.000000	165	175	0.739	0.721
7962.000000	175	165	0.739	0.675
7968.000000	175	165	0.773	0.569
7974.000000	175	165	0.821	0.401
7980.000000	175	165	0.881	0.181
7986.000000	175	135	0.934	0.056
7992.000000	175	192	0.950	0.056
7998.000000	175	192	0.953	0.066
8004.000000	175	192	0.952	0.075
8010.000000	175	192	0.950	0.084
8016.000000	175	192	0.948	0.093
8022.000000	175	192	0.944	0.100
8028.000000	175	120	0.940	0.107
8034.000000	175	120	0.935	0.119
8040.000000	175	120	0.931	0.131
8046.000000	175	120	0.926	0.143
8052.000000	175	120	0.921	0.157
8058.000000	175	120	0.915	0.172
8064.000000	175	120	0.909	0.190
8070.000000	175	120	0.902	0.213
8076.000000	175	120	0.894	0.242
8082.000000	175	120	0.884	0.276
8088.000000	175	120	0.872	0.317
8094.000000	175	120	0.857	0.365
8100.000000	175	120	0.837	0.424
8106.000000	175	120	0.809	0.499
8112.000000	175	120	0.767	0.585
8118.000000	175	120	0.704	0.671
8124.000000	120	175	0.747	0.603
8130.000000	120	175	0.819	0.430
8136.000000	120	175	0.887	0.201
8142.000000	120	147	0.943	0.080
8148.000000	120	147	0.966	0.075
8154.000000	120	147	0.967	0.074
8160.000000	120	180	0.966	0.075
8166.000000	120	180	0.964	0.077
8172.000000	120	180	0.962	0.080
8178.000000	120	180	0.959	0.083
8184.000000	120	180	0.958	0.086
8190.000000	120	180	0.957	0.088
8196.000000	120	180	0.954	0.091
8202.000000	120	32	0.951	0.093
8208.000000	120	32	0.947	0.100
8214.000000	120	32	0.944	0.108
8220.000000	120	32	0.940	0.117
8226.000000	120	32	0.937	0.126
8232.000000	120	32	0.935	0.134
8238.000000	120	32	0.932	0.141
8244.000000	120	32	0.930	0.148
8250.000000	120	32	0.928	0.155
8256.000000	120	32	0.926	0.162
8262.000000	120	32	0.924	0.168
8268.000000	120	32	0.922	0.171
8274.000000	120	32	0.920	0.175
8280.000000	120	32	0.917	0.178
8286.000000	120	32	0.914	0.181
8292.000000	120	32	0.909	0.184
8298.000000	120	32	0.903	0.187
8304.000000	120	32	0.895	0.187
8310.000000	120	67	0.885	0.191
8316.000000	120	67	0.873	0.208
8322.000000	120	67	0.858	0.228
8328.000000	120	67	0.839	0.253
8334.000000	120	67	0.812	0.283
8340.000000	120	67	0.777	0.318
8346.000000	120	67	0.724	0.360
8352.000000	120	67	0.648	0.406
8358.000000	120	67	0.530	0.460
8364.000000	67	120	0.543	0.327
8370.000000	67	32	0.675	0.176
8376.000000	67	32	0.804	0.174
8382.000000	67	32	0.857	0.173
8388.000000	67	32	0.882	0.163
8394.000000	67	32	0.901	0.153
8400.000000	67	32	0.912	0.146
8406.000000	67	32	0.924	0.137
8412.000000	67	32	0.929	0.130
8418.000000	67	32	0.930	0.122
8424.000000	67	32	0.930	0.113
8430.000000	67	18	0.932	0.113
8436.000000	67	18	0.933	0.118
8442.000000	67	18	0.934	0.122
8448.000000	67	22	0.934	0.130
8454.000000	67	22	0.935	0.139
8460.000000	67	22	0.935	0.149
8466.000000	67	22	0.935	0.158
8472.000000	67	22	0.935	0.168
8478.000000	67	22	0.934	0.179
8484.000000	67	22	0.932	0.189
8490.000000	67	22	0.930	0.202
8496.000000	67	22	0.928	0.218
8502.000000	67	22	0.925	0.235
8508.000000	67	22	0.922	0.254
8514.000000	67	22	0.918	0.277
8520.000000	67	22	0.915	0.304
8526.000000	67	22	0.910	0.334
8532.000000	67	22	0.901	0.367
8538.000000	67	22	0.893	0.395
8544.000000	67	22	0.883	0.423
8550.000000	67	22	0.871	0.450
8556.000000	67	22	0.855	0.475
8562.000000	67	22	0.834	0.496
8568.000000	67	22	0.805	0.522
8574.000000	67	22	0.762	0.564
8580.000000	67	22	0.706	0.610
8586.000000	22	67	0.655	0.625
8592.000000	22	67	0.715	0.480
8598.000000	22	92	0.801	0.282
8604.000000	22	92	0.887	0.294
8610.000000	22	92	0.919	0.303
8616.000000	22	92	0.934	0.317
8622.000000	22	92	0.941	0.333
8628.000000	22	92	0.942	0.352
8634.000000	22	92	0.941	0.371
8640.000000	22	92	0.937	0.390
8646.000000	22	92	0.932	0.407
8652.000000	22	92	0.926	0.426
8658.000000	22	92	0.922	0.442
8664.000000	22	92	0.919	0.455
8670.000000	22	92	0.915	0.467
8676.000000	22	92	0.912	0.478
8682.000000	22	92	0.910	0.486
8688.000000	22	92	0.907	0.494
8694.000000	22	92	0.902	0.502
8700.000000	22	92	0.896	0.509
8706.000000	22	92	0.890	0.516
8712.000000	22	92	0.881	0.525
8718.000000	22	92	0.871	0.536
8724.000000	22	92	0.861	0.546
8730.000000	22	92	0.848	0.557
8736.000000	22	92	0.834	0.568
8742.000000	22	92	0.818	0.579
8748.000000	22	92	0.798	0.586
8754.000000	22	92	0.776	0.595
8760.000000	22	92	0.751	0.602
8766.000000	22	92	0.718	0.605
8772.000000	22	92	0.668	0.608
8778.000000	92	22	0.621	0.594
8784.000000	92	22	0.643	0.481
8790.000000	92	22	0.684	0.298
8796.000000	92	22	0.784	0.098
8802.000000	92	124	0.860	0.058
8808.000000	92	124	0.904	0.056
8814.000000	92	124	0.928	0.054
8820.000000	92	124	0.945	0.052
8826.000000	92	124	0.953	0.050
8832.000000	92	197	0.954	0.048
8838.000000	92	197	0.953	0.051
8844.000000	92	197	0.951	0.054
8850.000000	92	197	0.948	0.057
8856.000000	92	197	0.944	0.061
8862.000000	92	197	0.941	0.065
8868.000000	92	197	0.937	0.069
8874.000000	92	197	0.933	0.074
8880.000000	92	197	0.928	0.081
8886.000000	92	197	0.923	0.087
8892.000000	92	197	0.918	0.094
8898.000000	92	197	0.911	0.102
8904.000000	92	197	0.904	0.111
8910.000000	92	197	0.895	0.120
8916.000000	92	197	0.885	0.131
8922.000000	92	197	0.873	0.142
8928.000000	92	197	0.858	0.154
8934.000000	92	197	0.841	0.165
8940.000000	92	197	0.818	0.177
8946.000000	92	197	0.788	0.189
8952.000000	92	197	0.746	0.206
8958.000000	92	197	0.687	0.228
8964.000000	92	197	0.598	0.263
8970.000000	92	197	0.460	0.322
8976.000000	197	92	0.420	0.250
8982.000000	197	100	0.593	0.087
8988.000000	197	100	0.805	0.075
8994.000000	197	100	0.911	0.065
9000.000000	197	100	0.942	0.059
9006.000000	197	121	0.953	0.061
9012.000000	197	121	0.956	0.069
9018.000000	197	121	0.957	0.077
9024.000000	197	121	0.961	0.085
9030.000000	197	121	0.964	0.093
9036.000000	197	121	0.964	0.102
9042.000000	197	121	0.963	0.111
9048.000000	197	121	0.962	0.122
9054.000000	197	121	0.960	0.134
9060.000000	197	121	0.958	0.148
9066.000000	197	121	0.955	0.163
9072.000000	197	121	0.953	0.178
9078.000000	197	121	0.950	0.192
9084.000000	197	121	0.947	0.205
9090.000000	197	121	0.943	0.217
9096.000000	197	121	0.939	0.230
9102.000000	197	121	0.935	0.244
9108.000000	197	121	0.931	0.260
9114.000000	197	121	0.927	0.277
9120.000000	197	121	0.921	0.294
9126.000000	197	121	0.915	0.314
9132.000000	197	121	0.909	0.337
9138.000000	197	121	0.903	0.365
9144.000000	197	121	0.895	0.402
9150.000000	197	121	0.885	0.449
9156.000000	197	121	0.873	0.504
9162.000000	197	121	0.859	0.548
9168.000000	197	121	0.843	0.582
9174.000000	197	121	0.824	0.613
9180.000000	197	121	0.800	0.640
9186.000000	197	121	0.766	0.675
9192.000000	197	121	0.713	0.713
9198.000000	121	197	0.743	0.635
9204.000000	121	190	0.773	0.527
9210.000000	121	190	0.818	0.586
9216.000000	121	190	0.862	0.661
9222.000000	121	190	0.891	0.703
9228.000000	121	190	0.900	0.725
9234.000000	121	190	0.900	0.735
9240.000000	121	190	0.897	0.740
9246.000000	121	190	0.893	0.741
9252.000000	121	190	0.887	0.741
9258.000000	121	190	0.882	0.741
9264.000000	121	190	0.875	0.740
9270.000000	121	190	0.867	0.739
9276.000000	121	190	0.858	0.738
9282.000000	121	190	0.849	0.738
9288.000000	121	190	0.839	0.737
9294.000000	121	190	0.829	0.736
9300.000000	121	190	0.819	0.736
9306.000000	121	190	0.811	0.732
9312.000000	121	190	0.799	0.726
9318.000000	121	190	0.781	0.722
9324.000000	121	190	0.759	0.718
9330.000000	121	190	0.732	0.712
9336.000000	190	121	0.704	0.696
9342.000000	190	121	0.705	0.639
9348.000000	190	121	0.700	0.571
9354.000000	190	121	0.697	0.474
9360.000000	190	121	0.713	0.342
9366.000000	190	121	0.736	0.210
9372.000000	190	66	0.757	0.132
9378.000000	190	66	0.781	0.130
9384.000000	190	66	0.801	0.131
9390.000000	190	66	0.813	0.134
9396.000000	190	66	0.819	0.139
9402.000000	190	66	0.823	0.144
9408.000000	190	66	0.826	0.148
9414.000000	190	23	0.826	0.162
9420.000000	190	23	0.825	0.177
9426.000000	190	23	0.822	0.193
9432.000000	190	23	0.816	0.212
9438.000000	190	23	0.808	0.235
9444.000000	190	23	0.795	0.261
9450.000000	190	23	0.776	0.290
9456.000000	190	23	0.748	0.322
9462.000000	190	23	0.710	0.355
9468.000000	190	23	0.659	0.394
9474.000000	190	23	0.587	0.442
9480.000000	23	190	0.492	0.488
9486.000000	23	153	0.562	0.399
9492.000000	23	153	0.631	0.457
9498.000000	23	153	0.692	0.516
9504.000000	23	153	0.725	0.574
9510.000000	23	153	0.742	0.614
9516.000000	23	153	0.753	0.650
9522.000000	23	153	0.779	0.680
9528.000000	23	153	0.808	0.703
9534.000000	23	153	0.813	0.727
9540.000000	23	153	0.816	0.745
9546.000000	23	153	0.817	0.762
9552.000000	23	153	0.816	0.772
9558.000000	23	153	0.816	0.790
9564.000000	23	153	0.815	0.804
9570.000000	23	153	0.814	0.810
9576.000000	153	23	0.814	0.813
9582.000000	153	23	0.819	0.811
9588.000000	153	23	0.823	0.809
9594.000000	153	23	0.824	0.806
9600.000000	153	23	0.824	0.804
9606.000000	153	23	0.822	0.802
9612.000000	153	23	0.821	0.797
9618.000000	153	23	0.823	0.792
9624.000000	153	23	0.826	0.784
9630.000000	153	23	0.827	0.773
9636.000000	153	23	0.825	0.764
9642.000000	153	23	0.824	0.751
9648.000000	153	23	0.823	0.737
9654.000000	153	23	0.826	0.714
9660.000000	153	23	0.828	0.683
9666.000000	153	23	0.828	0.644
9672.000000	153	23	0.825	0.586
9678.000000	153	23	0.828	0.493
9684.000000	153	23	0.840	0.343
9690.000000	153	23	0.862	0.145
9696.000000	153	77	0.896	0.074
9702.000000	153	77	0.914	0.079
9708.000000	153	77	0.921	0.085
9714.000000	153	77	0.925	0.093
9720.000000	153	77	0.928	0.101
9726.000000	153	77	0.928	0.109
9732.000000	153	77	0.925	0.117
9738.000000	153	77	0.922	0.125
9744.000000	153	77	0.917	0.133
9750.000000	153	77	0.911	0.141
9756.000000	153	77	0.904	0.149
9762.000000	153	77	0.895	0.157
9768.000000	153	77	0.884	0.167
9774.000000	153	77	0.872	0.177
9780.000000	153	77	0.855	0.189
9786.000000	153	77	0.834	0.202
9792.000000	153	77	0.805	0.217
9798.000000	153	77	0.765	0.235
9804.000000	153	77	0.705	0.255
9810.000000	153	77	0.605	0.279
9816.000000	153	77	0.438	0.310
9822.000000	77	153	0.355	0.218
9828.000000	77	55	0.431	0.178
9834.000000	77	55	0.544	0.183
9840.000000	77	55	0.668	0.193
9846.000000	77	55	0.775	0.208
9852.000000	77	55	0.828	0.225
9858.000000	77	55	0.859	0.240
9864.000000	77	55	0.872	0.258
9870.000000	77	55	0.879	0.274
9876.000000	77	55	0.886	0.291
9882.000000	77	55	0.891	0.309
9888.000000	77	55	0.892	0.328
9894.000000	77	55	0.894	0.346
9900.000000	77	55	0.896	0.361
9906.000000	77	55	0.898	0.373
9912.000000	77	55	0.898	0.385
9918.000000	77	55	0.897	0.395
9924.000000	77	55	0.897	0.402
9930.000000	77	55	0.896	0.407
9936.000000	77	55	0.896	0.410
9942.000000	77	55	0.895	0.412
9948.000000	77	55	0.896	0.414
9954.000000	77	55	0.899	0.413
9960.000000	77	55	0.900	0.410
9966.000000	77	55	0.904	0.409
9972.000000	77	55	0.910	0.398
9978.000000	77	55	0.914	0.383
9984.000000	77	55	0.919	0.360
9990.000000	77	55	0.925	0.326
9996.000000	77	55	0.931	0.278
10002.000000	77	55	0.937	0.222
10008.000000	77	55	0.942	0.164
10014.000000	77	55	0.946	0.110
10020.000000	77	132	0.952	0.073
10026.000000	77	132	0.954	0.075
10032.000000	77	132	0.955	0.077
10038.000000	77	132	0.954	0.081
10044.000000	77	132	0.952	0.085
10050.000000	77	132	0.949	0.089
10056.000000	77	132	0.945	0.092
10062.000000	77	132	0.940	0.095
10068.000000	77	132	0.934	0.098
10074.000000	77	132	0.927	0.100
10080.000000	77	132	0.919	0.102
10086.000000	77	132	0.909	0.103
10092.000000	77	132	0.896	0.104
10098.000000	77	132	0.879	0.104
10104.000000	77	132	0.857	0.103
10110.000000	77	132	0.826	0.103
10116.000000	77	132	0.782	0.103
10122.000000	77	132	0.712	0.104
10128.000000	77	132	0.588	0.102
10134.000000	77	132	0.338	0.096
10140.000000	132	173	0.073	0.050
10146.000000	132	173	0.052	0.041
10152.000000	132	173	0.039	0.033
10158.000000	132	173	0.027	0.024
10164.000000	132	173	0.015	0.015
10170.000000	173	132	0.009	0.007
