0.000000	125	102	0.000	0.000
6.000000	5	87	0.986	0.057
12.000000	5	87	0.985	0.062
18.000000	5	87	0.984	0.067
24.000000	5	87	0.983	0.073
30.000000	5	87	0.981	0.081
36.000000	5	87	0.980	0.090
42.000000	5	87	0.977	0.101
48.000000	5	87	0.975	0.113
54.000000	5	87	0.973	0.127
60.000000	5	87	0.970	0.143
66.000000	5	87	0.967	0.159
72.000000	5	87	0.964	0.175
78.000000	5	87	0.961	0.191
84.000000	5	87	0.957	0.210
90.000000	5	87	0.954	0.231
96.000000	5	87	0.951	0.253
102.000000	5	87	0.948	0.273
108.000000	5	87	0.945	0.290
114.000000	5	87	0.942	0.307
120.000000	5	87	0.939	0.325
126.000000	5	87	0.936	0.345
132.000000	5	87	0.933	0.364
138.000000	5	87	0.930	0.380
144.000000	5	87	0.926	0.396
150.000000	5	87	0.922	0.412
156.000000	5	87	0.918	0.429
162.000000	5	87	0.914	0.451
168.000000	5	87	0.911	0.474
174.000000	5	87	0.906	0.497
180.000000	5	87	0.901	0.523
186.000000	5	87	0.896	0.546
192.000000	5	87	0.888	0.575
198.000000	5	87	0.882	0.607
204.000000	5	87	0.873	0.641
210.000000	5	87	0.861	0.668
216.000000	5	87	0.847	0.696
222.000000	5	87	0.825	0.728
228.000000	5	87	0.796	0.759
234.000000	87	5	0.794	0.757
240.000000	87	5	0.830	0.693
246.000000	87	5	0.852	0.613
252.000000	87	5	0.897	0.465
258.000000	87	5	0.937	0.262
264.000000	87	5	0.962	0.089
270.000000	87	104	0.967	0.083
276.000000	87	104	0.965	0.095
282.000000	87	104	0.962	0.108
288.000000	87	104	0.958	0.121
294.000000	87	104	0.953	0.134
300.000000	87	104	0.947	0.147
306.000000	87	104	0.940	0.161
312.000000	87	104	0.931	0.176
318.000000	87	104	0.921	0.193
324.000000	87	104	0.908	0.213
330.000000	87	104	0.891	0.238
336.000000	87	104	0.877	0.259
342.000000	87	104	0.861	0.279
348.000000	87	104	0.843	0.299
354.000000	87	104	0.822	0.322
360.000000	87	104	0.796	0.348
366.000000	87	104	0.763	0.375
372.000000	87	104	0.716	0.406
378.000000	87	104	0.658	0.446
384.000000	87	104	0.591	0.488
390.000000	104	87	0.539	0.496
396.000000	104	87	0.605	0.372
402.000000	104	87	0.668	0.241
408.000000	104	194	0.731	0.248
414.000000	104	194	0.791	0.251
420.000000	104	194	0.834	0.254
426.000000	104	194	0.865	0.252
432.000000	104	194	0.885	0.254
438.000000	104	194	0.892	0.255
444.000000	104	194	0.892	0.258
450.000000	104	10	0.895	0.282
456.000000	104	10	0.904	0.307
462.000000	104	10	0.908	0.334
468.000000	104	10	0.912	0.362
474.000000	104	10	0.912	0.390
480.000000	104	10	0.910	0.419
486.000000	104	10	0.910	0.451
492.000000	104	10	0.907	0.490
498.000000	104	10	0.904	0.524
504.000000	104	10	0.901	0.547
510.000000	104	10	0.899	0.565
516.000000	104	10	0.898	0.586
522.000000	104	10	0.895	0.611
528.000000	104	10	0.890	0.647
534.000000	104	10	0.885	0.673
540.000000	104	10	0.874	0.702
546.000000	104	10	0.863	0.722
552.000000	104	10	0.856	0.733
558.000000	104	10	0.848	0.737
564.000000	104	10	0.836	0.741
570.000000	104	10	0.823	0.745
576.000000	104	10	0.805	0.752
582.000000	104	10	0.784	0.761
588.000000	10	104	0.768	0.758
594.000000	10	104	0.779	0.721
600.000000	10	104	0.791	0.671
606.000000	10	104	0.806	0.588
612.000000	10	104	0.836	0.436
618.000000	10	104	0.892	0.211
624.000000	10	123	0.931	0.069
630.000000	10	123	0.952	0.071
636.000000	10	123	0.958	0.073
642.000000	10	123	0.960	0.074
648.000000	10	123	0.958	0.076
654.000000	10	123	0.956	0.078
660.000000	10	123	0.953	0.080
666.000000	10	123	0.950	0.083
672.000000	10	123	0.945	0.086
678.000000	10	123	0.940	0.088
684.000000	10	123	0.934	0.090
690.000000	10	123	0.927	0.092
696.000000	10	123	0.919	0.093
702.000000	10	151	0.911	0.100
708.000000	10	151	0.901	0.109
714.000000	10	151	0.891	0.120
720.000000	10	151	0.879	0.130
726.000000	10	151	0.864	0.141
732.000000	10	151	0.847	0.151
738.000000	10	151	0.823	0.163
744.000000	10	151	0.794	0.178
750.000000	10	151	0.756	0.194
756.000000	10	151	0.708	0.211
762.000000	10	151	0.644	0.228
768.000000	10	151	0.554	0.245
774.000000	10	151	0.419	0.265
780.000000	151	10	0.300	0.246
786.000000	151	193	0.353	0.180
792.000000	151	72	0.409	0.195
798.000000	151	72	0.478	0.220
804.000000	151	72	0.551	0.247
810.000000	151	72	0.608	0.271
816.000000	151	72	0.649	0.297
822.000000	151	72	0.676	0.325
828.000000	151	72	0.700	0.354
834.000000	151	72	0.715	0.378
840.000000	151	72	0.734	0.395
846.000000	151	72	0.754	0.415
852.000000	151	72	0.768	0.438
858.000000	151	72	0.788	0.456
864.000000	151	72	0.809	0.472
870.000000	151	72	0.822	0.490
876.000000	151	72	0.836	0.508
882.000000	151	72	0.845	0.527
888.000000	151	72	0.856	0.560
894.000000	151	72	0.871	0.592
900.000000	151	72	0.875	0.624
906.000000	151	72	0.880	0.655
912.000000	151	72	0.884	0.680
918.000000	151	72	0.890	0.696
924.000000	151	72	0.894	0.708
930.000000	151	72	0.894	0.717
936.000000	151	72	0.893	0.721
942.000000	151	72	0.892	0.726
948.000000	151	72	0.891	0.733
954.000000	151	72	0.888	0.738
960.000000	151	72	0.885	0.740
966.000000	151	72	0.881	0.742
972.000000	151	72	0.873	0.745
978.000000	151	72	0.865	0.746
984.000000	151	72	0.855	0.746
990.000000	151	72	0.838	0.750
996.000000	151	72	0.818	0.756
1002.000000	151	72	0.798	0.759
1008.000000	151	72	0.776	0.757
1014.000000	72	151	0.758	0.747
1020.000000	72	151	0.756	0.711
1026.000000	72	151	0.754	0.662
1032.000000	72	151	0.756	0.586
1038.000000	72	151	0.781	0.450
1044.000000	72	151	0.826	0.245
1050.000000	72	151	0.881	0.067
1056.000000	72	134	0.914	0.066
1062.000000	72	134	0.930	0.067
1068.000000	72	134	0.941	0.067
1074.000000	72	134	0.945	0.068
1080.000000	72	134	0.944	0.069
1086.000000	72	134	0.942	0.070
1092.000000	72	134	0.940	0.071
1098.000000	72	134	0.936	0.071
1104.000000	72	134	0.933	0.071
1110.000000	72	42	0.928	0.074
1116.000000	72	42	0.923	0.081
1122.000000	72	42	0.917	0.088
1128.000000	72	42	0.911	0.095
1134.000000	72	42	0.903	0.102
1140.000000	72	42	0.894	0.110
1146.000000	72	42	0.882	0.117
1152.000000	72	42	0.868	0.125
1158.000000	72	42	0.850	0.133
1164.000000	72	42	0.826	0.142
1170.000000	72	42	0.795	0.154
1176.000000	72	42	0.751	0.167
1182.000000	72	42	0.687	0.187
1188.000000	72	42	0.596	0.209
1194.000000	72	42	0.466	0.232
1200.000000	72	42	0.289	0.254
1206.000000	42	77	0.273	0.255
1212.000000	42	77	0.309	0.299
1218.000000	42	77	0.362	0.349
1224.000000	42	77	0.424	0.406
1230.000000	42	77	0.486	0.466
1236.000000	42	77	0.539	0.518
1242.000000	42	77	0.578	0.562
1248.000000	42	77	0.611	0.593
1254.000000	42	77	0.635	0.618
1260.000000	42	77	0.655	0.643
1266.000000	42	77	0.668	0.661
1272.000000	42	77	0.680	0.670
1278.000000	42	77	0.695	0.673
1284.000000	42	77	0.712	0.676
1290.000000	42	77	0.725	0.680
1296.000000	42	77	0.735	0.685
1302.000000	42	77	0.745	0.688
1308.000000	42	77	0.761	0.688
1314.000000	42	77	0.777	0.689
1320.000000	42	77	0.794	0.691
1326.000000	42	77	0.812	0.692
1332.000000	42	77	0.821	0.704
1338.000000	42	77	0.827	0.711
1344.000000	42	77	0.829	0.716
1350.000000	42	77	0.829	0.716
1356.000000	42	77	0.831	0.716
1362.000000	42	77	0.834	0.716
1368.000000	42	77	0.839	0.714
1374.000000	42	77	0.840	0.708
1380.000000	42	77	0.841	0.699
1386.000000	42	77	0.842	0.686
1392.000000	42	77	0.848	0.667
1398.000000	42	77	0.851	0.647
1404.000000	42	77	0.858	0.618
1410.000000	42	77	0.869	0.574
1416.000000	42	77	0.875	0.521
1422.000000	42	77	0.883	0.442
1428.000000	42	77	0.897	0.326
1434.000000	42	77	0.918	0.178
1440.000000	42	27	0.936	0.137
1446.000000	42	27	0.943	0.133
1452.000000	42	27	0.946	0.132
1458.000000	42	27	0.945	0.134
1464.000000	42	27	0.944	0.135
1470.000000	42	27	0.941	0.138
1476.000000	42	27	0.938	0.140
1482.000000	42	27	0.934	0.141
1488.000000	42	27	0.928	0.140
1494.000000	42	27	0.920	0.139
1500.000000	42	27	0.911	0.136
1506.000000	42	27	0.900	0.132
1512.000000	42	27	0.886	0.126
1518.000000	42	27	0.869	0.120
1524.000000	42	27	0.847	0.112
1530.000000	42	44	0.818	0.103
1536.000000	42	44	0.778	0.112
1542.000000	42	44	0.723	0.121
1548.000000	42	44	0.642	0.133
1554.000000	42	44	0.504	0.149
1560.000000	42	44	0.272	0.169
1566.000000	44	98	0.191	0.121
1572.000000	44	98	0.232	0.133
1578.000000	44	98	0.301	0.148
1584.000000	44	98	0.415	0.168
1590.000000	44	98	0.576	0.192
1596.000000	44	98	0.712	0.219
1602.000000	44	98	0.797	0.254
1608.000000	44	98	0.830	0.289
1614.000000	44	98	0.842	0.322
1620.000000	44	98	0.850	0.351
1626.000000	44	98	0.855	0.377
1632.000000	44	98	0.860	0.397
1638.000000	44	98	0.863	0.410
1644.000000	44	98	0.865	0.423
1650.000000	44	98	0.866	0.435
1656.000000	44	98	0.866	0.447
1662.000000	44	98	0.865	0.458
1668.000000	44	98	0.865	0.467
1674.000000	44	98	0.868	0.473
1680.000000	44	98	0.874	0.477
1686.000000	44	98	0.879	0.482
1692.000000	44	98	0.880	0.490
1698.000000	44	98	0.882	0.495
1704.000000	44	98	0.886	0.500
1710.000000	44	98	0.892	0.501
1716.000000	44	98	0.900	0.504
1722.000000	44	98	0.902	0.510
1728.000000	44	98	0.908	0.516
1734.000000	44	98	0.911	0.525
1740.000000	44	98	0.914	0.538
1746.000000	44	98	0.916	0.549
1752.000000	44	98	0.919	0.555
1758.000000	44	98	0.919	0.557
1764.000000	44	98	0.919	0.554
1770.000000	44	98	0.916	0.548
1776.000000	44	98	0.914	0.534
1782.000000	44	98	0.913	0.510
1788.000000	44	98	0.913	0.473
1794.000000	44	98	0.911	0.422
1800.000000	44	98	0.916	0.344
1806.000000	44	98	0.918	0.243
1812.000000	44	98	0.923	0.131
1818.000000	44	86	0.927	0.057
1824.000000	44	86	0.930	0.060
1830.000000	44	86	0.929	0.063
1836.000000	44	86	0.927	0.067
1842.000000	44	86	0.925	0.069
1848.000000	44	86	0.923	0.071
1854.000000	44	86	0.919	0.072
1860.000000	44	137	0.915	0.075
1866.000000	44	137	0.910	0.080
1872.000000	44	137	0.904	0.084
1878.000000	44	137	0.895	0.087
1884.000000	44	23	0.884	0.093
1890.000000	44	23	0.869	0.100
1896.000000	44	23	0.849	0.107
1902.000000	44	23	0.821	0.115
1908.000000	44	23	0.781	0.123
1914.000000	44	23	0.717	0.134
1920.000000	44	23	0.608	0.149
1926.000000	44	23	0.402	0.169
1932.000000	23	137	0.188	0.120
1938.000000	23	137	0.212	0.118
1944.000000	23	137	0.280	0.116
1950.000000	23	137	0.432	0.115
1956.000000	23	137	0.679	0.111
1962.000000	23	94	0.850	0.107
1968.000000	23	94	0.903	0.111
1974.000000	23	94	0.915	0.124
1980.000000	23	94	0.922	0.141
1986.000000	23	94	0.924	0.162
1992.000000	23	94	0.926	0.183
1998.000000	23	94	0.928	0.206
2004.000000	23	94	0.929	0.232
2010.000000	23	94	0.927	0.262
2016.000000	23	94	0.925	0.295
2022.000000	23	94	0.923	0.333
2028.000000	23	94	0.921	0.374
2034.000000	23	94	0.919	0.416
2040.000000	23	94	0.917	0.454
2046.000000	23	94	0.915	0.486
2052.000000	23	94	0.915	0.511
2058.000000	23	94	0.914	0.531
2064.000000	23	94	0.913	0.544
2070.000000	23	94	0.912	0.555
2076.000000	23	94	0.910	0.567
2082.000000	23	94	0.909	0.576
2088.000000	23	94	0.908	0.583
2094.000000	23	94	0.906	0.589
2100.000000	23	94	0.903	0.595
2106.000000	23	94	0.901	0.604
2112.000000	23	94	0.899	0.617
2118.000000	23	94	0.894	0.632
2124.000000	23	94	0.891	0.651
2130.000000	23	94	0.889	0.672
2136.000000	23	94	0.886	0.698
2142.000000	23	94	0.881	0.728
2148.000000	23	94	0.873	0.747
2154.000000	23	94	0.865	0.760
2160.000000	23	94	0.853	0.771
2166.000000	23	94	0.836	0.778
2172.000000	23	94	0.812	0.788
2178.000000	94	23	0.793	0.783
2184.000000	94	23	0.804	0.737
2190.000000	94	23	0.816	0.670
2196.000000	94	23	0.836	0.558
2202.000000	94	23	0.882	0.367
2208.000000	94	23	0.921	0.145
2214.000000	94	3	0.953	0.051
2220.000000	94	3	0.958	0.057
2226.000000	94	3	0.956	0.063
2232.000000	94	140	0.953	0.069
2238.000000	94	140	0.948	0.078
2244.000000	94	140	0.942	0.086
2250.000000	94	140	0.935	0.093
2256.000000	94	51	0.927	0.102
2262.000000	94	51	0.918	0.111
2268.000000	94	51	0.908	0.121
2274.000000	94	51	0.897	0.134
2280.000000	94	51	0.884	0.148
2286.000000	94	51	0.871	0.166
2292.000000	94	51	0.855	0.185
2298.000000	94	51	0.836	0.206
2304.000000	94	51	0.812	0.227
2310.000000	94	51	0.780	0.249
2316.000000	94	51	0.736	0.277
2322.000000	94	51	0.679	0.313
2328.000000	94	51	0.596	0.349
2334.000000	94	51	0.475	0.398
2340.000000	51	140	0.461	0.363
2346.000000	51	140	0.531	0.434
2352.000000	51	140	0.626	0.513
2358.000000	51	140	0.712	0.579
2364.000000	51	140	0.768	0.639
2370.000000	51	140	0.785	0.687
2376.000000	51	140	0.788	0.728
2382.000000	51	140	0.793	0.755
2388.000000	51	140	0.799	0.764
2394.000000	51	140	0.796	0.772
2400.000000	51	140	0.789	0.784
2406.000000	140	51	0.790	0.784
2412.000000	140	51	0.792	0.781
2418.000000	140	51	0.793	0.778
2424.000000	140	51	0.798	0.775
2430.000000	140	51	0.800	0.771
2436.000000	140	51	0.804	0.767
2442.000000	140	51	0.808	0.761
2448.000000	140	51	0.814	0.755
2454.000000	140	51	0.816	0.752
2460.000000	140	51	0.822	0.745
2466.000000	140	51	0.824	0.741
2472.000000	140	51	0.828	0.737
2478.000000	140	51	0.829	0.732
2484.000000	140	51	0.829	0.727
2490.000000	140	51	0.829	0.719
2496.000000	140	51	0.829	0.708
2502.000000	140	51	0.832	0.690
2508.000000	140	51	0.837	0.661
2514.000000	140	51	0.849	0.620
2520.000000	140	51	0.862	0.560
2526.000000	140	51	0.873	0.474
2532.000000	140	51	0.884	0.346
2538.000000	140	51	0.898	0.181
2544.000000	140	51	0.923	0.048
2550.000000	140	112	0.936	0.048
2556.000000	140	112	0.945	0.052
2562.000000	140	112	0.947	0.058
2568.000000	140	112	0.948	0.064
2574.000000	140	112	0.947	0.071
2580.000000	140	41	0.945	0.080
2586.000000	140	41	0.941	0.093
2592.000000	140	41	0.937	0.105
2598.000000	140	41	0.932	0.116
2604.000000	140	41	0.925	0.128
2610.000000	140	41	0.918	0.142
2616.000000	140	41	0.908	0.160
2622.000000	140	41	0.895	0.182
2628.000000	140	41	0.879	0.208
2634.000000	140	41	0.856	0.239
2640.000000	140	41	0.824	0.277
2646.000000	140	41	0.780	0.327
2652.000000	140	41	0.719	0.385
2658.000000	140	41	0.627	0.451
2664.000000	41	140	0.522	0.489
2670.000000	41	112	0.586	0.383
2676.000000	41	112	0.659	0.429
2682.000000	41	112	0.713	0.472
2688.000000	41	112	0.739	0.519
2694.000000	41	112	0.752	0.551
2700.000000	41	112	0.755	0.572
2706.000000	41	112	0.757	0.580
2712.000000	41	112	0.761	0.590
2718.000000	41	112	0.768	0.595
2724.000000	41	112	0.769	0.599
2730.000000	41	112	0.772	0.598
2736.000000	41	112	0.771	0.595
2742.000000	41	81	0.776	0.590
2748.000000	41	81	0.776	0.588
2754.000000	41	81	0.774	0.587
2760.000000	41	81	0.771	0.591
2766.000000	41	81	0.770	0.593
2772.000000	41	81	0.767	0.597
2778.000000	41	81	0.768	0.603
2784.000000	41	81	0.768	0.610
2790.000000	41	81	0.765	0.618
2796.000000	41	81	0.768	0.624
2802.000000	41	81	0.769	0.636
2808.000000	41	81	0.768	0.651
2814.000000	41	81	0.773	0.672
2820.000000	41	81	0.775	0.693
2826.000000	41	81	0.775	0.710
2832.000000	41	81	0.774	0.722
2838.000000	41	81	0.767	0.739
2844.000000	41	81	0.757	0.749
2850.000000	81	41	0.760	0.742
2856.000000	81	41	0.769	0.723
2862.000000	81	41	0.786	0.689
2868.000000	81	41	0.799	0.646
2874.000000	81	41	0.816	0.575
2880.000000	81	41	0.837	0.473
2886.000000	81	41	0.855	0.345
2892.000000	81	41	0.885	0.194
2898.000000	81	164	0.918	0.142
2904.000000	81	164	0.933	0.147
2910.000000	81	164	0.937	0.159
2916.000000	81	164	0.941	0.181
2922.000000	81	164	0.942	0.207
2928.000000	81	164	0.939	0.233
2934.000000	81	164	0.935	0.263
2940.000000	81	164	0.929	0.300
2946.000000	81	164	0.921	0.340
2952.000000	81	164	0.912	0.375
2958.000000	81	164	0.902	0.410
2964.000000	81	164	0.890	0.449
2970.000000	81	164	0.875	0.490
2976.000000	81	164	0.856	0.534
2982.000000	81	164	0.828	0.574
2988.000000	81	164	0.790	0.607
2994.000000	81	164	0.742	0.635
3000.000000	164	81	0.675	0.661
3006.000000	164	81	0.716	0.555
3012.000000	164	81	0.753	0.406
3018.000000	164	81	0.816	0.217
3024.000000	164	196	0.860	0.228
3030.000000	164	196	0.888	0.242
3036.000000	164	196	0.910	0.263
3042.000000	164	196	0.910	0.288
3048.000000	164	196	0.910	0.316
3054.000000	164	196	0.911	0.351
3060.000000	164	196	0.912	0.390
3066.000000	164	196	0.912	0.428
3072.000000	164	196	0.910	0.466
3078.000000	164	196	0.907	0.498
3084.000000	164	196	0.908	0.519
3090.000000	164	196	0.906	0.535
3096.000000	164	196	0.904	0.553
3102.000000	164	196	0.900	0.571
3108.000000	164	196	0.895	0.587
3114.000000	164	196	0.890	0.600
3120.000000	164	196	0.884	0.617
3126.000000	164	196	0.877	0.635
3132.000000	164	196	0.869	0.649
3138.000000	164	196	0.859	0.660
3144.000000	164	196	0.848	0.669
3150.000000	164	196	0.838	0.679
3156.000000	164	196	0.826	0.686
3162.000000	164	196	0.810	0.702
3168.000000	164	196	0.792	0.718
3174.000000	164	196	0.772	0.732
3180.000000	164	196	0.749	0.744
3186.000000	196	164	0.761	0.716
3192.000000	196	164	0.783	0.672
3198.000000	196	164	0.806	0.610
3204.000000	196	164	0.840	0.522
3210.000000	196	164	0.878	0.384
3216.000000	196	164	0.936	0.172
3222.000000	196	98	0.962	0.074
3228.000000	196	98	0.967	0.078
3234.000000	196	98	0.966	0.082
3240.000000	196	98	0.964	0.086
3246.000000	196	98	0.961	0.090
3252.000000	196	98	0.957	0.094
3258.000000	196	98	0.953	0.098
3264.000000	196	98	0.949	0.102
3270.000000	196	98	0.945	0.106
3276.000000	196	98	0.941	0.110
3282.000000	196	98	0.937	0.112
3288.000000	196	98	0.933	0.115
3294.000000	196	98	0.928	0.116
3300.000000	196	98	0.924	0.118
3306.000000	196	98	0.919	0.119
3312.000000	196	36	0.913	0.120
3318.000000	196	36	0.907	0.131
3324.000000	196	36	0.899	0.143
3330.000000	196	36	0.889	0.157
3336.000000	196	36	0.877	0.172
3342.000000	196	36	0.862	0.192
3348.000000	196	36	0.841	0.219
3354.000000	196	36	0.812	0.250
3360.000000	196	36	0.772	0.291
3366.000000	196	36	0.716	0.348
3372.000000	196	36	0.626	0.421
3378.000000	36	196	0.521	0.471
3384.000000	36	173	0.646	0.255
3390.000000	36	173	0.772	0.280
3396.000000	36	173	0.853	0.309
3402.000000	36	173	0.879	0.338
3408.000000	36	173	0.894	0.368
3414.000000	36	173	0.900	0.403
3420.000000	36	173	0.896	0.440
3426.000000	36	173	0.892	0.472
3432.000000	36	173	0.890	0.497
3438.000000	36	173	0.886	0.512
3444.000000	36	173	0.882	0.520
3450.000000	36	173	0.879	0.526
3456.000000	36	173	0.876	0.529
3462.000000	36	173	0.873	0.529
3468.000000	36	173	0.870	0.530
3474.000000	36	173	0.868	0.531
3480.000000	36	173	0.867	0.527
3486.000000	36	173	0.870	0.522
3492.000000	36	173	0.869	0.517
3498.000000	36	173	0.866	0.510
3504.000000	36	173	0.865	0.497
3510.000000	36	173	0.863	0.481
3516.000000	36	173	0.862	0.459
3522.000000	36	173	0.864	0.428
3528.000000	36	173	0.864	0.384
3534.000000	36	173	0.869	0.320
3540.000000	36	173	0.879	0.235
3546.000000	36	173	0.883	0.156
3552.000000	36	83	0.887	0.109
3558.000000	36	83	0.892	0.104
3564.000000	36	83	0.900	0.095
3570.000000	36	83	0.909	0.086
3576.000000	36	83	0.916	0.080
3582.000000	36	83	0.922	0.075
3588.000000	36	83	0.926	0.069
3594.000000	36	83	0.929	0.062
3600.000000	36	83	0.930	0.055
3606.000000	36	92	0.930	0.051
3612.000000	36	92	0.928	0.051
3618.000000	36	92	0.925	0.050
3624.000000	36	92	0.921	0.050
3630.000000	36	92	0.916	0.048
3636.000000	36	92	0.911	0.046
3642.000000	36	92	0.905	0.044
3648.000000	36	91	0.898	0.044
3654.000000	36	91	0.890	0.046
3660.000000	36	91	0.878	0.048
3666.000000	36	91	0.861	0.049
3672.000000	36	91	0.838	0.050
3678.000000	36	91	0.802	0.051
3684.000000	36	91	0.745	0.050
3690.000000	36	91	0.647	0.047
3696.000000	36	91	0.461	0.042
3702.000000	36	168	0.147	0.038
3708.000000	168	185	0.029	0.018
3714.000000	168	93	0.021	0.013
3720.000000	168	93	0.015	0.009
3726.000000	168	93	0.010	0.006
