0.000000	125	102	0.000	0.000
6.000000	108	196	0.986	0.031
12.000000	108	196	0.985	0.034
18.000000	108	196	0.984	0.037
24.000000	108	196	0.983	0.041
30.000000	108	196	0.981	0.047
36.000000	108	196	0.979	0.054
42.000000	108	196	0.977	0.062
48.000000	108	196	0.975	0.071
54.000000	108	196	0.973	0.080
60.000000	108	196	0.970	0.090
66.000000	108	196	0.968	0.100
72.000000	108	196	0.966	0.110
78.000000	108	196	0.963	0.121
84.000000	108	196	0.960	0.131
90.000000	108	196	0.958	0.141
96.000000	108	196	0.955	0.152
102.000000	108	196	0.953	0.164
108.000000	108	196	0.950	0.175
114.000000	108	196	0.948	0.187
120.000000	108	196	0.946	0.200
126.000000	108	196	0.945	0.213
132.000000	108	196	0.943	0.227
138.000000	108	196	0.941	0.240
144.000000	108	196	0.939	0.255
150.000000	108	196	0.937	0.274
156.000000	108	196	0.934	0.300
162.000000	108	196	0.931	0.324
168.000000	108	196	0.929	0.343
174.000000	108	196	0.926	0.358
180.000000	108	196	0.922	0.373
186.000000	108	196	0.918	0.391
192.000000	108	167	0.913	0.428
198.000000	108	167	0.906	0.479
204.000000	108	167	0.896	0.535
210.000000	108	167	0.879	0.583
216.000000	108	167	0.857	0.622
222.000000	108	167	0.826	0.655
228.000000	108	167	0.785	0.680
234.000000	108	167	0.722	0.712
240.000000	167	108	0.737	0.643
246.000000	167	196	0.769	0.534
252.000000	167	196	0.813	0.565
258.000000	167	196	0.848	0.623
264.000000	167	196	0.868	0.682
270.000000	167	196	0.877	0.707
276.000000	167	196	0.877	0.713
282.000000	167	196	0.875	0.710
288.000000	167	196	0.872	0.704
294.000000	167	196	0.869	0.698
300.000000	167	196	0.864	0.691
306.000000	167	196	0.857	0.686
312.000000	167	196	0.848	0.680
318.000000	167	196	0.839	0.674
324.000000	167	196	0.829	0.667
330.000000	167	196	0.822	0.655
336.000000	167	196	0.810	0.646
342.000000	167	196	0.801	0.630
348.000000	167	196	0.793	0.609
354.000000	167	196	0.787	0.578
360.000000	167	196	0.779	0.535
366.000000	167	196	0.769	0.472
372.000000	167	196	0.762	0.384
378.000000	167	196	0.757	0.280
384.000000	167	196	0.756	0.176
390.000000	167	72	0.754	0.114
396.000000	167	72	0.750	0.120
402.000000	167	72	0.738	0.125
408.000000	167	72	0.718	0.131
414.000000	167	72	0.691	0.137
420.000000	167	72	0.652	0.144
426.000000	167	72	0.595	0.154
432.000000	167	72	0.512	0.175
438.000000	167	72	0.395	0.205
444.000000	167	72	0.248	0.236
450.000000	72	81	0.270	0.244
456.000000	72	81	0.301	0.286
462.000000	81	72	0.337	0.327
468.000000	81	72	0.387	0.353
474.000000	81	72	0.443	0.375
480.000000	81	72	0.496	0.392
486.000000	81	72	0.550	0.401
492.000000	81	72	0.593	0.411
498.000000	81	72	0.617	0.418
504.000000	81	72	0.634	0.423
510.000000	81	72	0.642	0.427
516.000000	81	72	0.651	0.431
522.000000	81	72	0.665	0.433
528.000000	81	72	0.681	0.433
534.000000	81	72	0.698	0.432
540.000000	81	72	0.718	0.434
546.000000	81	72	0.734	0.436
552.000000	81	142	0.754	0.444
558.000000	81	142	0.776	0.453
564.000000	81	142	0.795	0.457
570.000000	81	142	0.812	0.459
576.000000	81	142	0.834	0.462
582.000000	81	142	0.859	0.461
588.000000	81	142	0.883	0.454
594.000000	81	142	0.894	0.451
600.000000	81	142	0.907	0.447
606.000000	81	142	0.918	0.434
612.000000	81	142	0.925	0.419
618.000000	81	142	0.929	0.403
624.000000	81	142	0.936	0.379
630.000000	81	142	0.938	0.350
636.000000	81	142	0.939	0.310
642.000000	81	142	0.944	0.260
648.000000	81	142	0.946	0.209
654.000000	81	142	0.948	0.166
660.000000	81	142	0.949	0.130
666.000000	81	41	0.949	0.109
672.000000	81	41	0.948	0.107
678.000000	81	41	0.949	0.103
684.000000	81	41	0.949	0.099
690.000000	81	41	0.948	0.093
696.000000	81	41	0.946	0.088
702.000000	81	41	0.943	0.084
708.000000	81	7	0.940	0.087
714.000000	81	7	0.938	0.090
720.000000	81	7	0.934	0.092
726.000000	81	4	0.929	0.098
732.000000	81	4	0.924	0.107
738.000000	81	4	0.917	0.116
744.000000	81	4	0.909	0.125
750.000000	81	4	0.900	0.134
756.000000	81	4	0.889	0.142
762.000000	81	4	0.876	0.151
768.000000	81	4	0.859	0.162
774.000000	81	4	0.837	0.175
780.000000	81	4	0.807	0.191
786.000000	81	4	0.762	0.213
792.000000	81	4	0.692	0.242
798.000000	81	4	0.569	0.284
804.000000	4	81	0.351	0.339
810.000000	4	102	0.466	0.164
816.000000	4	102	0.664	0.152
822.000000	4	102	0.834	0.144
828.000000	4	102	0.906	0.136
834.000000	4	102	0.928	0.131
840.000000	4	102	0.938	0.124
846.000000	4	102	0.944	0.120
852.000000	4	102	0.950	0.115
858.000000	4	102	0.950	0.110
864.000000	4	102	0.949	0.103
870.000000	4	88	0.948	0.102
876.000000	4	88	0.947	0.110
882.000000	4	88	0.946	0.119
888.000000	4	88	0.944	0.127
894.000000	4	88	0.943	0.136
900.000000	4	88	0.941	0.144
906.000000	4	13	0.940	0.153
912.000000	4	13	0.939	0.166
918.000000	4	13	0.939	0.179
924.000000	4	13	0.941	0.192
930.000000	4	13	0.939	0.207
936.000000	4	13	0.937	0.223
942.000000	4	13	0.935	0.242
948.000000	4	13	0.931	0.260
954.000000	4	13	0.927	0.279
960.000000	4	13	0.922	0.296
966.000000	4	13	0.917	0.310
972.000000	4	13	0.911	0.323
978.000000	4	13	0.905	0.338
984.000000	4	13	0.899	0.354
990.000000	4	13	0.892	0.368
996.000000	4	13	0.883	0.386
1002.000000	4	13	0.872	0.408
1008.000000	4	13	0.858	0.435
1014.000000	4	13	0.839	0.468
1020.000000	4	13	0.816	0.506
1026.000000	4	13	0.787	0.555
1032.000000	4	13	0.748	0.610
1038.000000	4	13	0.685	0.662
1044.000000	13	4	0.707	0.596
1050.000000	13	4	0.761	0.460
1056.000000	13	100	0.833	0.357
1062.000000	13	100	0.901	0.376
1068.000000	13	100	0.927	0.400
1074.000000	13	100	0.931	0.427
1080.000000	13	100	0.927	0.460
1086.000000	13	100	0.926	0.491
1092.000000	13	100	0.923	0.515
1098.000000	13	100	0.920	0.534
1104.000000	13	100	0.914	0.550
1110.000000	13	100	0.908	0.567
1116.000000	13	100	0.903	0.580
1122.000000	13	100	0.898	0.589
1128.000000	13	100	0.894	0.594
1134.000000	13	100	0.889	0.597
1140.000000	13	100	0.884	0.597
1146.000000	13	100	0.878	0.596
1152.000000	13	100	0.872	0.598
1158.000000	13	100	0.863	0.598
1164.000000	13	100	0.854	0.598
1170.000000	13	100	0.846	0.596
1176.000000	13	100	0.837	0.591
1182.000000	13	100	0.827	0.585
1188.000000	13	100	0.817	0.574
1194.000000	13	100	0.804	0.562
1200.000000	13	100	0.784	0.549
1206.000000	13	100	0.758	0.531
1212.000000	13	100	0.726	0.503
1218.000000	13	100	0.685	0.462
1224.000000	13	89	0.629	0.409
1230.000000	13	89	0.551	0.495
1236.000000	89	13	0.610	0.438
1242.000000	89	13	0.732	0.271
1248.000000	89	120	0.839	0.162
1254.000000	89	120	0.912	0.158
1260.000000	89	120	0.940	0.165
1266.000000	89	120	0.945	0.177
1272.000000	89	120	0.951	0.186
1278.000000	89	120	0.957	0.192
1284.000000	89	120	0.959	0.199
1290.000000	89	120	0.956	0.208
1296.000000	89	120	0.952	0.218
1302.000000	89	120	0.948	0.229
1308.000000	89	120	0.944	0.236
1314.000000	89	120	0.939	0.240
1320.000000	89	120	0.934	0.240
1326.000000	89	120	0.930	0.237
1332.000000	89	98	0.925	0.248
1338.000000	89	98	0.920	0.263
1344.000000	89	98	0.915	0.284
1350.000000	89	98	0.910	0.310
1356.000000	89	98	0.905	0.338
1362.000000	89	98	0.901	0.359
1368.000000	89	98	0.897	0.374
1374.000000	89	98	0.893	0.390
1380.000000	89	98	0.890	0.410
1386.000000	89	98	0.884	0.436
1392.000000	89	98	0.879	0.458
1398.000000	89	98	0.875	0.482
1404.000000	89	98	0.870	0.507
1410.000000	89	98	0.864	0.534
1416.000000	89	98	0.856	0.559
1422.000000	89	98	0.845	0.581
1428.000000	89	98	0.830	0.602
1434.000000	89	98	0.812	0.629
1440.000000	89	98	0.790	0.649
1446.000000	89	98	0.757	0.671
1452.000000	89	98	0.703	0.700
1458.000000	98	89	0.741	0.612
1464.000000	98	89	0.792	0.465
1470.000000	98	89	0.860	0.244
1476.000000	98	87	0.925	0.099
1482.000000	98	87	0.958	0.092
1488.000000	98	87	0.963	0.093
1494.000000	98	87	0.962	0.093
1500.000000	98	87	0.961	0.092
1506.000000	98	110	0.959	0.096
1512.000000	98	110	0.957	0.100
1518.000000	98	161	0.954	0.107
1524.000000	98	161	0.951	0.114
1530.000000	98	161	0.948	0.121
1536.000000	98	161	0.944	0.128
1542.000000	98	170	0.939	0.146
1548.000000	98	170	0.934	0.168
1554.000000	98	170	0.928	0.193
1560.000000	98	170	0.921	0.217
1566.000000	98	170	0.914	0.241
1572.000000	98	170	0.906	0.269
1578.000000	98	170	0.896	0.302
1584.000000	98	170	0.885	0.338
1590.000000	98	170	0.872	0.378
1596.000000	98	170	0.856	0.427
1602.000000	98	170	0.835	0.485
1608.000000	98	170	0.809	0.546
1614.000000	98	170	0.773	0.606
1620.000000	98	170	0.727	0.653
1626.000000	170	98	0.703	0.668
1632.000000	170	98	0.753	0.595
1638.000000	170	98	0.803	0.488
1644.000000	170	98	0.854	0.323
1650.000000	170	172	0.906	0.186
1656.000000	170	172	0.935	0.201
1662.000000	170	172	0.947	0.218
1668.000000	170	172	0.949	0.242
1674.000000	170	172	0.945	0.269
1680.000000	170	172	0.944	0.295
1686.000000	170	172	0.942	0.325
1692.000000	170	172	0.939	0.353
1698.000000	170	172	0.937	0.380
1704.000000	170	172	0.933	0.403
1710.000000	170	172	0.929	0.421
1716.000000	170	172	0.926	0.435
1722.000000	170	172	0.922	0.445
1728.000000	170	172	0.918	0.453
1734.000000	170	172	0.914	0.459
1740.000000	170	172	0.909	0.468
1746.000000	170	172	0.905	0.476
1752.000000	170	172	0.901	0.481
1758.000000	170	172	0.894	0.485
1764.000000	170	172	0.888	0.487
1770.000000	170	172	0.883	0.491
1776.000000	170	172	0.879	0.497
1782.000000	170	172	0.874	0.502
1788.000000	170	172	0.867	0.508
1794.000000	170	172	0.859	0.514
1800.000000	170	172	0.849	0.518
1806.000000	170	172	0.838	0.524
1812.000000	170	172	0.823	0.530
1818.000000	170	172	0.804	0.537
1824.000000	170	172	0.778	0.546
1830.000000	170	172	0.748	0.551
1836.000000	170	172	0.708	0.558
1842.000000	170	172	0.650	0.574
1848.000000	172	170	0.600	0.556
1854.000000	172	170	0.656	0.402
1860.000000	172	170	0.764	0.182
1866.000000	172	66	0.867	0.105
1872.000000	172	66	0.923	0.079
1878.000000	172	83	0.941	0.066
1884.000000	172	83	0.948	0.074
1890.000000	172	83	0.950	0.084
1896.000000	172	83	0.950	0.095
1902.000000	172	83	0.947	0.108
1908.000000	172	83	0.945	0.122
1914.000000	172	83	0.944	0.138
1920.000000	172	83	0.940	0.157
1926.000000	172	83	0.935	0.178
1932.000000	172	83	0.930	0.202
1938.000000	172	83	0.924	0.233
1944.000000	172	83	0.916	0.273
1950.000000	172	83	0.908	0.320
1956.000000	172	83	0.899	0.374
1962.000000	172	83	0.887	0.426
1968.000000	172	83	0.873	0.473
1974.000000	172	83	0.852	0.522
1980.000000	172	83	0.829	0.563
1986.000000	172	83	0.803	0.605
1992.000000	172	83	0.776	0.642
1998.000000	172	83	0.740	0.678
2004.000000	83	172	0.719	0.686
2010.000000	83	172	0.770	0.608
2016.000000	83	172	0.815	0.510
2022.000000	83	172	0.854	0.377
2028.000000	83	80	0.885	0.345
2034.000000	83	80	0.909	0.375
2040.000000	83	80	0.918	0.411
2046.000000	83	80	0.928	0.454
2052.000000	83	80	0.929	0.499
2058.000000	83	80	0.928	0.537
2064.000000	83	80	0.928	0.559
2070.000000	83	80	0.924	0.583
2076.000000	83	80	0.917	0.604
2082.000000	83	80	0.910	0.619
2088.000000	83	80	0.904	0.629
2094.000000	83	80	0.897	0.636
2100.000000	83	80	0.889	0.643
2106.000000	83	80	0.876	0.656
2112.000000	83	80	0.866	0.664
2118.000000	83	80	0.855	0.672
2124.000000	83	80	0.846	0.675
2130.000000	83	80	0.839	0.673
2136.000000	83	80	0.831	0.671
2142.000000	83	80	0.823	0.668
2148.000000	83	80	0.814	0.666
2154.000000	83	80	0.804	0.663
2160.000000	83	80	0.793	0.657
2166.000000	83	80	0.779	0.648
2172.000000	83	80	0.760	0.637
2178.000000	83	80	0.732	0.624
2184.000000	83	80	0.694	0.607
2190.000000	83	80	0.635	0.590
2196.000000	122	80	0.587	0.570
2202.000000	122	80	0.668	0.544
2208.000000	122	80	0.746	0.529
2214.000000	122	80	0.827	0.487
2220.000000	122	80	0.878	0.406
2226.000000	122	80	0.925	0.285
2232.000000	122	80	0.958	0.178
2238.000000	122	80	0.965	0.117
2244.000000	122	187	0.965	0.086
2250.000000	122	187	0.963	0.098
2256.000000	122	187	0.963	0.112
2262.000000	122	187	0.964	0.129
2268.000000	122	187	0.961	0.148
2274.000000	122	187	0.958	0.170
2280.000000	122	187	0.954	0.194
2286.000000	122	187	0.950	0.218
2292.000000	122	187	0.945	0.242
2298.000000	122	187	0.939	0.266
2304.000000	122	187	0.933	0.296
2310.000000	122	187	0.927	0.331
2316.000000	122	187	0.920	0.363
2322.000000	122	187	0.913	0.393
2328.000000	122	187	0.905	0.421
2334.000000	122	187	0.898	0.447
2340.000000	122	187	0.891	0.466
2346.000000	122	187	0.883	0.489
2352.000000	122	187	0.874	0.521
2358.000000	122	187	0.863	0.552
2364.000000	122	187	0.846	0.586
2370.000000	122	187	0.828	0.614
2376.000000	122	187	0.804	0.644
2382.000000	122	187	0.781	0.670
2388.000000	122	187	0.753	0.694
2394.000000	122	187	0.722	0.710
2400.000000	187	122	0.730	0.676
2406.000000	187	122	0.763	0.604
2412.000000	187	122	0.804	0.496
2418.000000	187	122	0.870	0.314
2424.000000	187	122	0.927	0.123
2430.000000	187	73	0.960	0.059
2436.000000	187	73	0.971	0.048
2442.000000	187	20	0.970	0.046
2448.000000	187	167	0.969	0.049
2454.000000	187	167	0.967	0.052
2460.000000	187	12	0.965	0.057
2466.000000	187	12	0.963	0.063
2472.000000	187	12	0.960	0.068
2478.000000	187	12	0.958	0.074
2484.000000	187	12	0.955	0.080
2490.000000	187	12	0.953	0.086
2496.000000	187	12	0.950	0.092
2502.000000	187	12	0.947	0.098
2508.000000	187	12	0.944	0.105
2514.000000	187	12	0.941	0.112
2520.000000	187	12	0.937	0.122
2526.000000	187	12	0.932	0.132
2532.000000	187	12	0.927	0.145
2538.000000	187	12	0.922	0.158
2544.000000	187	12	0.916	0.171
2550.000000	187	12	0.909	0.184
2556.000000	187	12	0.902	0.197
2562.000000	187	12	0.893	0.211
2568.000000	187	12	0.883	0.227
2574.000000	187	12	0.870	0.249
2580.000000	187	12	0.856	0.277
2586.000000	187	12	0.838	0.315
2592.000000	187	12	0.814	0.365
2598.000000	187	12	0.782	0.435
2604.000000	187	12	0.735	0.536
2610.000000	187	12	0.662	0.652
2616.000000	12	187	0.742	0.533
2622.000000	12	187	0.834	0.300
2628.000000	12	192	0.923	0.129
2634.000000	12	192	0.958	0.131
2640.000000	12	192	0.966	0.139
2646.000000	12	192	0.962	0.153
2652.000000	12	192	0.957	0.169
2658.000000	12	192	0.951	0.186
2664.000000	12	192	0.945	0.204
2670.000000	12	192	0.938	0.224
2676.000000	12	82	0.931	0.246
2682.000000	12	82	0.925	0.272
2688.000000	12	82	0.919	0.295
2694.000000	12	82	0.913	0.320
2700.000000	12	82	0.907	0.343
2706.000000	12	82	0.901	0.361
2712.000000	12	82	0.896	0.374
2718.000000	12	82	0.890	0.385
2724.000000	12	82	0.881	0.394
2730.000000	12	82	0.871	0.404
2736.000000	12	82	0.863	0.415
2742.000000	12	82	0.855	0.421
2748.000000	12	82	0.844	0.425
2754.000000	12	82	0.830	0.428
2760.000000	12	192	0.815	0.436
2766.000000	12	192	0.796	0.453
2772.000000	12	192	0.771	0.468
2778.000000	12	192	0.743	0.480
2784.000000	12	192	0.711	0.492
2790.000000	12	192	0.676	0.504
2796.000000	12	192	0.630	0.527
2802.000000	12	192	0.568	0.554
2808.000000	192	12	0.587	0.477
2814.000000	192	82	0.630	0.502
2820.000000	192	82	0.691	0.544
2826.000000	192	82	0.757	0.580
2832.000000	192	82	0.800	0.621
2838.000000	192	82	0.827	0.643
2844.000000	192	82	0.851	0.658
2850.000000	192	82	0.866	0.667
2856.000000	192	82	0.872	0.677
2862.000000	192	82	0.876	0.683
2868.000000	192	82	0.874	0.692
2874.000000	192	82	0.873	0.702
2880.000000	192	82	0.871	0.709
2886.000000	192	82	0.869	0.711
2892.000000	192	82	0.867	0.710
2898.000000	192	82	0.865	0.706
2904.000000	192	82	0.862	0.702
2910.000000	192	82	0.862	0.693
2916.000000	192	82	0.858	0.686
2922.000000	192	82	0.851	0.682
2928.000000	192	82	0.846	0.675
2934.000000	192	82	0.842	0.664
2940.000000	192	82	0.836	0.651
2946.000000	192	82	0.828	0.634
2952.000000	192	82	0.819	0.611
2958.000000	192	82	0.809	0.576
2964.000000	192	82	0.799	0.518
2970.000000	192	82	0.791	0.427
2976.000000	192	82	0.783	0.290
2982.000000	192	82	0.783	0.136
2988.000000	192	77	0.788	0.050
2994.000000	192	77	0.785	0.046
3000.000000	192	77	0.774	0.046
3006.000000	192	77	0.757	0.046
3012.000000	192	77	0.732	0.046
3018.000000	192	77	0.694	0.046
3024.000000	192	77	0.633	0.046
3030.000000	192	77	0.531	0.044
3036.000000	192	5	0.352	0.046
3042.000000	192	5	0.131	0.042
3048.000000	5	138	0.031	0.029
3054.000000	138	5	0.026	0.024
3060.000000	138	145	0.023	0.020
3066.000000	138	5	0.019	0.017
3072.000000	138	5	0.015	0.013
3078.000000	138	5	0.010	0.009
3084.000000	138	195	0.006	0.006
