0.000000	125	102	0.000	0.000
6.000000	181	195	0.986	0.040
12.000000	181	195	0.985	0.044
18.000000	181	195	0.983	0.048
24.000000	181	195	0.982	0.053
30.000000	181	195	0.980	0.058
36.000000	181	195	0.978	0.063
42.000000	181	195	0.975	0.066
48.000000	181	130	0.973	0.070
54.000000	181	130	0.971	0.076
60.000000	181	130	0.968	0.082
66.000000	181	130	0.966	0.086
72.000000	181	73	0.963	0.094
78.000000	181	73	0.961	0.103
84.000000	181	73	0.958	0.111
90.000000	181	73	0.956	0.118
96.000000	181	73	0.954	0.125
102.000000	181	73	0.951	0.130
108.000000	181	48	0.949	0.134
114.000000	181	48	0.947	0.140
120.000000	181	48	0.946	0.147
126.000000	181	48	0.944	0.153
132.000000	181	48	0.943	0.158
138.000000	181	48	0.942	0.162
144.000000	181	48	0.941	0.165
150.000000	181	48	0.940	0.167
156.000000	181	48	0.940	0.169
162.000000	181	48	0.939	0.171
168.000000	181	13	0.940	0.180
174.000000	181	13	0.940	0.192
180.000000	181	13	0.941	0.205
186.000000	181	13	0.941	0.222
192.000000	181	13	0.941	0.243
198.000000	181	13	0.940	0.271
204.000000	181	13	0.938	0.305
210.000000	181	13	0.934	0.346
216.000000	181	13	0.928	0.400
222.000000	181	13	0.919	0.459
228.000000	181	13	0.905	0.518
234.000000	181	13	0.884	0.576
240.000000	181	13	0.858	0.630
246.000000	181	13	0.815	0.677
252.000000	181	13	0.752	0.712
258.000000	13	181	0.746	0.660
264.000000	13	181	0.793	0.513
270.000000	13	181	0.870	0.273
276.000000	13	160	0.948	0.080
282.000000	13	89	0.963	0.080
288.000000	13	89	0.962	0.087
294.000000	13	89	0.959	0.095
300.000000	13	89	0.956	0.104
306.000000	13	89	0.956	0.113
312.000000	13	89	0.954	0.124
318.000000	13	89	0.949	0.137
324.000000	13	89	0.944	0.151
330.000000	13	89	0.939	0.169
336.000000	13	89	0.934	0.187
342.000000	13	89	0.929	0.206
348.000000	13	89	0.925	0.229
354.000000	13	89	0.921	0.259
360.000000	13	89	0.916	0.300
366.000000	13	89	0.910	0.350
372.000000	13	89	0.904	0.406
378.000000	13	89	0.897	0.461
384.000000	13	89	0.890	0.510
390.000000	13	89	0.881	0.557
396.000000	13	89	0.873	0.600
402.000000	13	89	0.864	0.639
408.000000	13	89	0.852	0.667
414.000000	13	89	0.840	0.690
420.000000	13	89	0.820	0.714
426.000000	13	89	0.795	0.732
432.000000	13	89	0.761	0.755
438.000000	89	13	0.778	0.715
444.000000	89	13	0.806	0.634
450.000000	89	13	0.835	0.516
456.000000	89	13	0.867	0.347
462.000000	89	160	0.906	0.270
468.000000	89	160	0.935	0.254
474.000000	89	160	0.949	0.238
480.000000	89	160	0.953	0.230
486.000000	89	160	0.953	0.223
492.000000	89	160	0.952	0.210
498.000000	89	160	0.951	0.191
504.000000	89	160	0.951	0.162
510.000000	89	160	0.948	0.133
516.000000	89	63	0.944	0.113
522.000000	89	63	0.940	0.124
528.000000	89	63	0.935	0.133
534.000000	89	63	0.930	0.143
540.000000	89	63	0.924	0.154
546.000000	89	63	0.918	0.166
552.000000	89	63	0.912	0.178
558.000000	89	63	0.906	0.189
564.000000	89	63	0.899	0.198
570.000000	89	63	0.892	0.207
576.000000	89	63	0.884	0.217
582.000000	89	63	0.874	0.224
588.000000	89	63	0.865	0.231
594.000000	89	63	0.853	0.242
600.000000	89	63	0.837	0.256
606.000000	89	63	0.821	0.274
612.000000	89	63	0.803	0.291
618.000000	89	63	0.783	0.308
624.000000	89	63	0.756	0.331
630.000000	89	63	0.713	0.365
636.000000	89	63	0.649	0.416
642.000000	89	63	0.553	0.483
648.000000	63	89	0.564	0.404
654.000000	63	47	0.678	0.395
660.000000	63	47	0.764	0.459
666.000000	63	47	0.825	0.531
672.000000	63	47	0.846	0.583
678.000000	63	47	0.852	0.625
684.000000	63	47	0.855	0.655
690.000000	63	47	0.854	0.674
696.000000	63	47	0.854	0.684
702.000000	63	47	0.853	0.691
708.000000	63	47	0.855	0.697
714.000000	63	47	0.855	0.702
720.000000	63	47	0.854	0.704
726.000000	63	47	0.853	0.704
732.000000	63	47	0.852	0.704
738.000000	63	47	0.852	0.704
744.000000	63	47	0.854	0.701
750.000000	63	47	0.852	0.700
756.000000	63	47	0.849	0.701
762.000000	63	47	0.850	0.700
768.000000	63	47	0.855	0.696
774.000000	63	47	0.856	0.692
780.000000	63	47	0.858	0.685
786.000000	63	47	0.861	0.675
792.000000	63	47	0.864	0.662
798.000000	63	47	0.864	0.647
804.000000	63	47	0.864	0.629
810.000000	63	47	0.868	0.600
816.000000	63	47	0.870	0.563
822.000000	63	47	0.880	0.500
828.000000	63	47	0.891	0.407
834.000000	63	47	0.905	0.266
840.000000	63	47	0.917	0.111
846.000000	63	35	0.924	0.059
852.000000	63	35	0.933	0.057
858.000000	63	35	0.938	0.055
864.000000	63	35	0.939	0.053
870.000000	63	152	0.940	0.056
876.000000	63	152	0.940	0.061
882.000000	63	152	0.939	0.067
888.000000	63	152	0.936	0.072
894.000000	63	152	0.932	0.078
900.000000	63	152	0.926	0.084
906.000000	63	152	0.920	0.091
912.000000	63	152	0.912	0.098
918.000000	63	152	0.903	0.105
924.000000	63	152	0.892	0.113
930.000000	63	152	0.879	0.121
936.000000	63	152	0.863	0.129
942.000000	63	152	0.841	0.137
948.000000	63	152	0.811	0.146
954.000000	63	152	0.769	0.157
960.000000	63	152	0.708	0.170
966.000000	63	152	0.608	0.188
972.000000	63	152	0.429	0.211
978.000000	152	139	0.239	0.186
984.000000	152	139	0.274	0.224
990.000000	152	139	0.332	0.279
996.000000	152	139	0.425	0.358
1002.000000	152	139	0.519	0.458
1008.000000	152	139	0.585	0.554
1014.000000	152	139	0.626	0.621
1020.000000	139	152	0.664	0.651
1026.000000	139	152	0.690	0.664
1032.000000	139	152	0.709	0.670
1038.000000	139	152	0.719	0.672
1044.000000	139	152	0.726	0.673
1050.000000	139	152	0.729	0.673
1056.000000	139	152	0.732	0.673
1062.000000	139	152	0.734	0.672
1068.000000	139	152	0.741	0.671
1074.000000	139	152	0.747	0.668
1080.000000	139	152	0.753	0.668
1086.000000	139	152	0.760	0.671
1092.000000	139	152	0.764	0.673
1098.000000	139	152	0.767	0.677
1104.000000	139	152	0.773	0.681
1110.000000	139	152	0.785	0.681
1116.000000	139	152	0.795	0.679
1122.000000	139	152	0.804	0.675
1128.000000	139	152	0.810	0.669
1134.000000	139	152	0.816	0.655
1140.000000	139	152	0.822	0.637
1146.000000	139	152	0.827	0.612
1152.000000	139	152	0.835	0.577
1158.000000	139	152	0.840	0.527
1164.000000	139	152	0.843	0.455
1170.000000	139	152	0.853	0.337
1176.000000	139	152	0.878	0.183
1182.000000	139	41	0.904	0.151
1188.000000	139	41	0.921	0.157
1194.000000	139	41	0.930	0.167
1200.000000	139	41	0.933	0.179
1206.000000	139	41	0.935	0.191
1212.000000	139	41	0.933	0.203
1218.000000	139	41	0.930	0.215
1224.000000	139	41	0.926	0.227
1230.000000	139	41	0.921	0.239
1236.000000	139	41	0.914	0.251
1242.000000	139	41	0.907	0.262
1248.000000	139	41	0.899	0.273
1254.000000	139	42	0.889	0.297
1260.000000	139	42	0.879	0.327
1266.000000	139	42	0.865	0.363
1272.000000	139	42	0.846	0.400
1278.000000	139	42	0.822	0.442
1284.000000	139	42	0.790	0.491
1290.000000	139	42	0.746	0.543
1296.000000	139	42	0.681	0.599
1302.000000	42	139	0.657	0.569
1308.000000	42	139	0.741	0.377
1314.000000	42	41	0.825	0.290
1320.000000	42	41	0.894	0.281
1326.000000	42	41	0.918	0.267
1332.000000	42	41	0.932	0.253
1338.000000	42	41	0.942	0.237
1344.000000	42	41	0.947	0.216
1350.000000	42	41	0.950	0.194
1356.000000	42	41	0.949	0.169
1362.000000	42	10	0.947	0.145
1368.000000	42	10	0.944	0.155
1374.000000	42	10	0.943	0.166
1380.000000	42	10	0.941	0.176
1386.000000	42	10	0.939	0.187
1392.000000	42	10	0.936	0.197
1398.000000	42	10	0.933	0.207
1404.000000	42	10	0.931	0.215
1410.000000	42	10	0.928	0.222
1416.000000	42	10	0.926	0.231
1422.000000	42	10	0.923	0.243
1428.000000	42	10	0.920	0.256
1434.000000	42	10	0.916	0.268
1440.000000	42	10	0.911	0.278
1446.000000	42	10	0.906	0.286
1452.000000	42	10	0.900	0.293
1458.000000	42	10	0.893	0.299
1464.000000	42	10	0.885	0.307
1470.000000	42	10	0.877	0.318
1476.000000	42	10	0.869	0.328
1482.000000	42	10	0.860	0.338
1488.000000	42	10	0.850	0.350
1494.000000	42	10	0.836	0.365
1500.000000	42	10	0.818	0.385
1506.000000	42	10	0.796	0.404
1512.000000	42	10	0.767	0.428
1518.000000	42	10	0.728	0.458
1524.000000	42	10	0.671	0.496
1530.000000	42	10	0.586	0.541
1536.000000	10	42	0.615	0.442
1542.000000	10	42	0.723	0.240
1548.000000	10	40	0.829	0.144
1554.000000	10	40	0.882	0.156
1560.000000	10	40	0.905	0.172
1566.000000	10	40	0.912	0.192
1572.000000	10	40	0.919	0.212
1578.000000	10	40	0.921	0.235
1584.000000	10	40	0.919	0.260
1590.000000	10	40	0.917	0.287
1596.000000	10	40	0.914	0.315
1602.000000	10	40	0.912	0.343
1608.000000	10	40	0.911	0.369
1614.000000	10	40	0.908	0.393
1620.000000	10	40	0.905	0.417
1626.000000	10	40	0.901	0.440
1632.000000	10	40	0.898	0.460
1638.000000	10	40	0.894	0.479
1644.000000	10	40	0.891	0.499
1650.000000	10	40	0.887	0.519
1656.000000	10	40	0.882	0.538
1662.000000	10	40	0.873	0.557
1668.000000	10	40	0.860	0.577
1674.000000	10	40	0.849	0.595
1680.000000	10	40	0.840	0.607
1686.000000	10	40	0.828	0.622
1692.000000	10	40	0.816	0.640
1698.000000	10	40	0.801	0.659
1704.000000	10	40	0.782	0.677
1710.000000	10	40	0.757	0.699
1716.000000	10	40	0.727	0.726
1722.000000	40	10	0.753	0.686
1728.000000	40	10	0.784	0.611
1734.000000	40	10	0.811	0.491
1740.000000	40	10	0.867	0.276
1746.000000	40	118	0.931	0.090
1752.000000	40	118	0.960	0.084
1758.000000	40	118	0.968	0.082
1764.000000	40	197	0.967	0.084
1770.000000	40	197	0.965	0.092
1776.000000	40	197	0.962	0.101
1782.000000	40	197	0.959	0.109
1788.000000	40	197	0.956	0.117
1794.000000	40	197	0.953	0.124
1800.000000	40	197	0.949	0.129
1806.000000	40	197	0.946	0.133
1812.000000	40	197	0.942	0.136
1818.000000	40	197	0.938	0.140
1824.000000	40	197	0.935	0.142
1830.000000	40	197	0.931	0.144
1836.000000	40	197	0.926	0.144
1842.000000	40	195	0.922	0.151
1848.000000	40	195	0.917	0.161
1854.000000	40	195	0.912	0.171
1860.000000	40	195	0.906	0.183
1866.000000	40	195	0.899	0.197
1872.000000	40	195	0.891	0.213
1878.000000	40	195	0.882	0.233
1884.000000	40	195	0.871	0.259
1890.000000	40	195	0.855	0.298
1896.000000	40	195	0.832	0.353
1902.000000	40	195	0.796	0.422
1908.000000	40	195	0.737	0.499
1914.000000	40	195	0.641	0.578
1920.000000	195	40	0.659	0.476
1926.000000	195	101	0.749	0.356
1932.000000	195	101	0.837	0.413
1938.000000	195	101	0.874	0.482
1944.000000	195	101	0.886	0.545
1950.000000	195	101	0.897	0.589
1956.000000	195	101	0.900	0.622
1962.000000	195	101	0.901	0.638
1968.000000	195	101	0.896	0.649
1974.000000	195	101	0.890	0.657
1980.000000	195	101	0.887	0.658
1986.000000	195	101	0.886	0.656
1992.000000	195	101	0.883	0.655
1998.000000	195	101	0.879	0.652
2004.000000	195	101	0.876	0.650
2010.000000	195	101	0.869	0.650
2016.000000	195	101	0.865	0.649
2022.000000	195	101	0.861	0.647
2028.000000	195	101	0.856	0.645
2034.000000	195	101	0.851	0.643
2040.000000	195	101	0.844	0.639
2046.000000	195	101	0.839	0.630
2052.000000	195	101	0.836	0.616
2058.000000	195	101	0.829	0.606
2064.000000	195	101	0.822	0.598
2070.000000	195	101	0.817	0.586
2076.000000	195	101	0.813	0.565
2082.000000	195	101	0.811	0.534
2088.000000	195	101	0.812	0.486
2094.000000	195	101	0.811	0.418
2100.000000	195	101	0.815	0.319
2106.000000	195	101	0.826	0.188
2112.000000	195	22	0.834	0.192
2118.000000	195	22	0.834	0.215
2124.000000	195	22	0.829	0.247
2130.000000	195	22	0.823	0.292
2136.000000	195	22	0.816	0.349
2142.000000	195	22	0.799	0.417
2148.000000	195	22	0.775	0.491
2154.000000	195	22	0.737	0.559
2160.000000	195	22	0.680	0.626
2166.000000	22	195	0.689	0.594
2172.000000	22	195	0.764	0.442
2178.000000	22	195	0.835	0.236
2184.000000	22	54	0.906	0.146
2190.000000	22	54	0.931	0.145
2196.000000	22	43	0.943	0.162
2202.000000	22	43	0.952	0.189
2208.000000	22	43	0.954	0.218
2214.000000	22	43	0.953	0.254
2220.000000	22	43	0.950	0.291
2226.000000	22	43	0.947	0.330
2232.000000	22	43	0.944	0.372
2238.000000	22	43	0.941	0.416
2244.000000	22	43	0.938	0.455
2250.000000	22	43	0.935	0.486
2256.000000	22	43	0.931	0.516
2262.000000	22	43	0.928	0.536
2268.000000	22	43	0.922	0.556
2274.000000	22	43	0.918	0.565
2280.000000	22	43	0.915	0.573
2286.000000	22	43	0.912	0.583
2292.000000	22	43	0.908	0.593
2298.000000	22	43	0.905	0.607
2304.000000	22	43	0.901	0.620
2310.000000	22	43	0.896	0.633
2316.000000	22	43	0.891	0.641
2322.000000	22	43	0.885	0.648
2328.000000	22	43	0.878	0.655
2334.000000	22	43	0.869	0.661
2340.000000	22	43	0.856	0.674
2346.000000	22	43	0.838	0.693
2352.000000	22	43	0.820	0.707
2358.000000	22	43	0.793	0.731
2364.000000	22	43	0.763	0.750
2370.000000	43	22	0.760	0.723
2376.000000	43	22	0.788	0.652
2382.000000	43	22	0.815	0.553
2388.000000	43	22	0.863	0.388
2394.000000	43	22	0.918	0.172
2400.000000	43	100	0.954	0.079
2406.000000	43	100	0.959	0.080
2412.000000	43	100	0.960	0.083
2418.000000	43	100	0.959	0.085
2424.000000	43	100	0.957	0.090
2430.000000	43	100	0.954	0.095
2436.000000	43	100	0.951	0.102
2442.000000	43	100	0.948	0.108
2448.000000	43	100	0.944	0.112
2454.000000	43	189	0.940	0.122
2460.000000	43	189	0.935	0.132
2466.000000	43	189	0.929	0.142
2472.000000	43	189	0.922	0.151
2478.000000	43	189	0.914	0.160
2484.000000	43	189	0.904	0.168
2490.000000	43	189	0.894	0.174
2496.000000	43	189	0.881	0.178
2502.000000	43	189	0.866	0.182
2508.000000	43	189	0.848	0.186
2514.000000	43	189	0.827	0.190
2520.000000	43	189	0.803	0.194
2526.000000	43	189	0.772	0.200
2532.000000	43	189	0.730	0.207
2538.000000	43	189	0.668	0.220
2544.000000	43	189	0.572	0.245
2550.000000	43	189	0.419	0.284
2556.000000	189	43	0.339	0.214
2562.000000	189	190	0.412	0.193
2568.000000	189	190	0.508	0.192
2574.000000	189	190	0.617	0.185
2580.000000	189	190	0.707	0.179
2586.000000	189	190	0.769	0.170
2592.000000	189	190	0.811	0.161
2598.000000	189	130	0.837	0.159
2604.000000	189	130	0.854	0.173
2610.000000	189	130	0.863	0.186
2616.000000	189	130	0.871	0.199
2622.000000	189	130	0.871	0.211
2628.000000	189	130	0.871	0.224
2634.000000	189	130	0.873	0.237
2640.000000	189	130	0.876	0.251
2646.000000	189	130	0.881	0.265
2652.000000	189	130	0.884	0.277
2658.000000	189	130	0.884	0.292
2664.000000	189	130	0.883	0.310
2670.000000	189	130	0.882	0.328
2676.000000	189	130	0.881	0.348
2682.000000	189	130	0.880	0.372
2688.000000	189	130	0.880	0.404
2694.000000	189	130	0.882	0.438
2700.000000	189	130	0.883	0.466
2706.000000	189	130	0.885	0.493
2712.000000	189	130	0.890	0.526
2718.000000	189	130	0.890	0.565
2724.000000	189	130	0.892	0.601
2730.000000	189	130	0.892	0.630
2736.000000	189	130	0.896	0.651
2742.000000	189	130	0.899	0.665
2748.000000	189	130	0.897	0.674
2754.000000	189	130	0.892	0.680
2760.000000	189	130	0.888	0.683
2766.000000	189	130	0.880	0.688
2772.000000	189	130	0.869	0.698
2778.000000	189	130	0.857	0.705
2784.000000	189	130	0.844	0.710
2790.000000	189	130	0.823	0.718
2796.000000	189	130	0.798	0.727
2802.000000	189	130	0.768	0.735
2808.000000	130	189	0.737	0.730
2814.000000	130	189	0.750	0.664
2820.000000	130	189	0.782	0.543
2826.000000	130	189	0.842	0.338
2832.000000	130	189	0.902	0.119
2838.000000	130	120	0.936	0.080
2844.000000	130	120	0.946	0.079
2850.000000	130	120	0.953	0.080
2856.000000	130	118	0.953	0.086
2862.000000	130	118	0.952	0.091
2868.000000	130	118	0.950	0.097
2874.000000	130	118	0.946	0.103
2880.000000	130	118	0.941	0.110
2886.000000	130	118	0.936	0.117
2892.000000	130	118	0.930	0.126
2898.000000	130	118	0.923	0.136
2904.000000	130	118	0.914	0.147
2910.000000	130	118	0.905	0.158
2916.000000	130	118	0.893	0.168
2922.000000	130	118	0.879	0.177
2928.000000	130	118	0.862	0.187
2934.000000	130	118	0.840	0.198
2940.000000	130	118	0.814	0.214
2946.000000	130	118	0.779	0.233
2952.000000	130	118	0.732	0.255
2958.000000	130	118	0.670	0.279
2964.000000	130	118	0.585	0.308
2970.000000	130	118	0.464	0.345
2976.000000	118	130	0.400	0.308
2982.000000	118	10	0.467	0.332
2988.000000	118	10	0.540	0.387
2994.000000	118	10	0.606	0.440
3000.000000	118	10	0.656	0.490
3006.000000	118	10	0.691	0.537
3012.000000	118	10	0.714	0.578
3018.000000	118	10	0.734	0.608
3024.000000	118	10	0.747	0.633
3030.000000	118	10	0.761	0.655
3036.000000	118	10	0.771	0.673
3042.000000	118	10	0.779	0.687
3048.000000	118	10	0.777	0.703
3054.000000	118	10	0.777	0.713
3060.000000	118	10	0.782	0.728
3066.000000	118	10	0.783	0.746
3072.000000	118	10	0.782	0.760
3078.000000	118	10	0.782	0.766
3084.000000	118	10	0.784	0.769
3090.000000	118	10	0.785	0.770
3096.000000	118	10	0.786	0.769
3102.000000	118	10	0.790	0.768
3108.000000	118	10	0.788	0.770
3114.000000	118	10	0.789	0.771
3120.000000	118	10	0.788	0.773
3126.000000	118	10	0.787	0.772
3132.000000	118	10	0.785	0.772
3138.000000	118	10	0.785	0.768
3144.000000	118	10	0.779	0.768
3150.000000	118	10	0.774	0.762
3156.000000	118	10	0.766	0.755
3162.000000	118	10	0.755	0.747
3168.000000	10	118	0.742	0.738
3174.000000	10	118	0.732	0.718
3180.000000	10	118	0.720	0.690
3186.000000	10	118	0.704	0.653
3192.000000	10	118	0.689	0.594
3198.000000	10	118	0.675	0.507
3204.000000	10	118	0.662	0.374
3210.000000	10	118	0.667	0.201
3216.000000	10	118	0.672	0.065
3222.000000	10	36	0.662	0.066
3228.000000	10	36	0.631	0.072
3234.000000	10	36	0.574	0.079
3240.000000	10	36	0.476	0.084
3246.000000	10	36	0.325	0.086
3252.000000	10	36	0.176	0.086
3258.000000	10	36	0.096	0.085
3264.000000	36	10	0.088	0.062
3270.000000	36	123	0.092	0.049
3276.000000	36	123	0.095	0.049
3282.000000	36	123	0.099	0.051
3288.000000	36	123	0.103	0.052
3294.000000	36	123	0.109	0.054
3300.000000	36	123	0.117	0.054
3306.000000	36	123	0.128	0.055
3312.000000	36	123	0.147	0.055
3318.000000	36	123	0.174	0.056
3324.000000	36	123	0.217	0.057
3330.000000	36	107	0.287	0.059
3336.000000	36	107	0.400	0.070
3342.000000	36	107	0.557	0.079
3348.000000	36	107	0.721	0.089
3354.000000	36	107	0.836	0.101
3360.000000	36	107	0.892	0.116
3366.000000	36	107	0.922	0.134
3372.000000	36	107	0.934	0.154
3378.000000	36	107	0.944	0.175
3384.000000	36	107	0.951	0.195
3390.000000	36	107	0.954	0.217
3396.000000	36	107	0.953	0.244
3402.000000	36	107	0.951	0.274
3408.000000	36	107	0.950	0.306
3414.000000	36	107	0.947	0.343
3420.000000	36	107	0.943	0.376
3426.000000	36	107	0.939	0.405
3432.000000	36	107	0.936	0.431
3438.000000	36	107	0.933	0.452
3444.000000	36	107	0.929	0.469
3450.000000	36	107	0.925	0.482
3456.000000	36	107	0.921	0.492
3462.000000	36	107	0.915	0.502
3468.000000	36	107	0.907	0.513
3474.000000	36	107	0.897	0.529
3480.000000	36	107	0.891	0.547
3486.000000	36	107	0.884	0.566
3492.000000	36	107	0.875	0.580
3498.000000	36	107	0.866	0.594
3504.000000	36	107	0.859	0.609
3510.000000	36	107	0.851	0.618
3516.000000	36	107	0.840	0.625
3522.000000	36	107	0.825	0.634
3528.000000	36	107	0.807	0.644
3534.000000	36	107	0.780	0.659
3540.000000	36	107	0.738	0.683
3546.000000	107	36	0.707	0.686
3552.000000	107	36	0.724	0.615
3558.000000	107	36	0.757	0.490
3564.000000	107	105	0.816	0.400
3570.000000	107	105	0.861	0.451
3576.000000	107	105	0.887	0.510
3582.000000	107	105	0.903	0.554
3588.000000	107	105	0.908	0.584
3594.000000	107	105	0.908	0.603
3600.000000	107	105	0.909	0.615
3606.000000	107	105	0.910	0.626
3612.000000	107	105	0.908	0.632
3618.000000	107	105	0.905	0.635
3624.000000	107	105	0.901	0.637
3630.000000	107	105	0.895	0.638
3636.000000	107	105	0.887	0.638
3642.000000	107	105	0.879	0.637
3648.000000	107	105	0.869	0.635
3654.000000	107	105	0.859	0.630
3660.000000	107	105	0.847	0.622
3666.000000	107	105	0.834	0.610
3672.000000	107	105	0.820	0.596
3678.000000	107	105	0.804	0.578
3684.000000	107	105	0.782	0.559
3690.000000	107	105	0.757	0.535
3696.000000	107	105	0.727	0.502
3702.000000	107	105	0.688	0.459
3708.000000	107	105	0.633	0.400
3714.000000	107	57	0.558	0.376
3720.000000	107	57	0.451	0.440
3726.000000	57	107	0.531	0.313
3732.000000	57	107	0.654	0.166
3738.000000	57	68	0.805	0.083
3744.000000	57	68	0.907	0.082
3750.000000	57	68	0.940	0.085
3756.000000	57	68	0.951	0.088
3762.000000	57	68	0.952	0.091
3768.000000	57	68	0.954	0.093
3774.000000	57	14	0.954	0.106
3780.000000	57	14	0.952	0.120
3786.000000	57	14	0.951	0.135
3792.000000	57	14	0.949	0.149
3798.000000	57	14	0.949	0.162
3804.000000	57	14	0.947	0.177
3810.000000	57	14	0.944	0.193
3816.000000	57	14	0.940	0.211
3822.000000	57	14	0.936	0.231
3828.000000	57	14	0.931	0.255
3834.000000	57	14	0.926	0.281
3840.000000	57	14	0.920	0.310
3846.000000	57	14	0.913	0.342
3852.000000	57	14	0.907	0.379
3858.000000	57	14	0.899	0.411
3864.000000	57	14	0.890	0.436
3870.000000	57	14	0.881	0.459
3876.000000	57	14	0.871	0.483
3882.000000	57	14	0.861	0.507
3888.000000	57	14	0.848	0.531
3894.000000	57	14	0.833	0.555
3900.000000	57	14	0.814	0.581
3906.000000	57	14	0.789	0.612
3912.000000	57	14	0.759	0.639
3918.000000	57	14	0.716	0.679
3924.000000	14	57	0.716	0.658
3930.000000	14	57	0.745	0.575
3936.000000	14	57	0.792	0.437
3942.000000	14	57	0.858	0.246
3948.000000	14	165	0.905	0.111
3954.000000	14	165	0.936	0.098
3960.000000	14	37	0.953	0.099
3966.000000	14	37	0.963	0.106
3972.000000	14	37	0.962	0.116
3978.000000	14	37	0.962	0.128
3984.000000	14	37	0.961	0.141
3990.000000	14	37	0.958	0.153
3996.000000	14	37	0.954	0.164
4002.000000	14	37	0.950	0.175
4008.000000	14	37	0.945	0.185
4014.000000	14	37	0.941	0.195
4020.000000	14	37	0.937	0.207
4026.000000	14	37	0.933	0.218
4032.000000	14	37	0.928	0.233
4038.000000	14	37	0.924	0.251
4044.000000	14	37	0.919	0.270
4050.000000	14	37	0.913	0.291
4056.000000	14	37	0.907	0.314
4062.000000	14	37	0.900	0.339
4068.000000	14	37	0.892	0.365
4074.000000	14	37	0.879	0.399
4080.000000	14	37	0.866	0.437
4086.000000	14	37	0.852	0.475
4092.000000	14	37	0.836	0.510
4098.000000	14	37	0.813	0.543
4104.000000	14	37	0.778	0.584
4110.000000	14	37	0.722	0.635
4116.000000	37	14	0.676	0.643
4122.000000	37	14	0.713	0.525
4128.000000	37	14	0.766	0.360
4134.000000	37	40	0.834	0.165
4140.000000	37	40	0.886	0.167
4146.000000	37	40	0.919	0.170
4152.000000	37	40	0.935	0.177
4158.000000	37	40	0.939	0.185
4164.000000	37	40	0.940	0.197
4170.000000	37	40	0.938	0.210
4176.000000	37	40	0.937	0.223
4182.000000	37	40	0.934	0.236
4188.000000	37	40	0.931	0.247
4194.000000	37	40	0.929	0.256
4200.000000	37	40	0.926	0.262
4206.000000	37	40	0.924	0.263
4212.000000	37	40	0.918	0.264
4218.000000	37	40	0.913	0.263
4224.000000	37	133	0.908	0.262
4230.000000	37	133	0.905	0.275
4236.000000	37	133	0.899	0.286
4242.000000	37	133	0.892	0.298
4248.000000	37	133	0.884	0.311
4254.000000	37	133	0.873	0.325
4260.000000	37	133	0.864	0.341
4266.000000	37	133	0.853	0.361
4272.000000	37	133	0.840	0.383
4278.000000	37	133	0.822	0.413
4284.000000	37	133	0.798	0.453
4290.000000	37	133	0.767	0.492
4296.000000	37	133	0.726	0.525
4302.000000	37	133	0.669	0.563
4308.000000	133	37	0.605	0.588
4314.000000	133	37	0.648	0.481
4320.000000	133	37	0.702	0.324
4326.000000	133	43	0.770	0.234
4332.000000	133	43	0.852	0.256
4338.000000	133	43	0.899	0.274
4344.000000	133	43	0.912	0.305
4350.000000	133	43	0.913	0.346
4356.000000	133	43	0.912	0.390
4362.000000	133	43	0.910	0.426
4368.000000	133	43	0.908	0.455
4374.000000	133	43	0.907	0.474
4380.000000	133	43	0.904	0.488
4386.000000	133	43	0.901	0.502
4392.000000	133	43	0.897	0.515
4398.000000	133	43	0.894	0.528
4404.000000	133	43	0.890	0.539
4410.000000	133	43	0.887	0.549
4416.000000	133	43	0.884	0.560
4422.000000	133	43	0.884	0.574
4428.000000	133	43	0.881	0.586
4434.000000	133	43	0.878	0.602
4440.000000	133	43	0.874	0.620
4446.000000	133	43	0.871	0.632
4452.000000	133	43	0.867	0.641
4458.000000	133	43	0.862	0.651
4464.000000	133	43	0.858	0.663
4470.000000	133	43	0.852	0.680
4476.000000	133	43	0.839	0.707
4482.000000	133	43	0.824	0.729
4488.000000	133	43	0.808	0.743
4494.000000	133	43	0.786	0.754
4500.000000	43	133	0.764	0.753
4506.000000	43	133	0.781	0.697
4512.000000	43	133	0.807	0.607
4518.000000	43	133	0.838	0.465
4524.000000	43	133	0.885	0.243
4530.000000	43	185	0.932	0.090
4536.000000	43	185	0.953	0.089
4542.000000	43	185	0.959	0.092
4548.000000	43	185	0.960	0.097
4554.000000	43	185	0.957	0.100
4560.000000	43	185	0.952	0.102
4566.000000	43	185	0.946	0.101
4572.000000	43	185	0.940	0.100
4578.000000	43	22	0.933	0.099
4584.000000	43	22	0.924	0.104
4590.000000	43	22	0.916	0.107
4596.000000	43	140	0.907	0.115
4602.000000	43	140	0.896	0.124
4608.000000	43	140	0.884	0.133
4614.000000	43	140	0.871	0.141
4620.000000	43	100	0.856	0.153
4626.000000	43	100	0.840	0.167
4632.000000	43	100	0.821	0.183
4638.000000	43	100	0.798	0.203
4644.000000	43	100	0.767	0.225
4650.000000	43	100	0.727	0.248
4656.000000	43	100	0.674	0.274
4662.000000	43	100	0.599	0.307
4668.000000	43	100	0.486	0.345
4674.000000	100	43	0.392	0.326
4680.000000	100	140	0.460	0.306
4686.000000	100	140	0.554	0.349
4692.000000	100	140	0.631	0.399
4698.000000	100	140	0.687	0.444
4704.000000	100	140	0.723	0.480
4710.000000	100	140	0.748	0.515
4716.000000	100	140	0.765	0.543
4722.000000	100	140	0.778	0.559
4728.000000	100	140	0.786	0.570
4734.000000	100	140	0.790	0.578
4740.000000	100	140	0.796	0.585
4746.000000	100	140	0.803	0.596
4752.000000	100	140	0.809	0.602
4758.000000	100	140	0.811	0.610
4764.000000	100	140	0.813	0.623
4770.000000	100	140	0.818	0.633
4776.000000	100	140	0.820	0.638
4782.000000	100	140	0.821	0.645
4788.000000	100	140	0.821	0.656
4794.000000	100	140	0.823	0.665
4800.000000	100	140	0.826	0.672
4806.000000	100	140	0.829	0.678
4812.000000	100	140	0.836	0.684
4818.000000	100	140	0.842	0.690
4824.000000	100	140	0.847	0.701
4830.000000	100	140	0.856	0.709
4836.000000	100	140	0.864	0.713
4842.000000	100	140	0.867	0.715
4848.000000	100	140	0.869	0.714
4854.000000	100	140	0.871	0.714
4860.000000	100	140	0.875	0.710
4866.000000	100	140	0.878	0.702
4872.000000	100	140	0.883	0.689
4878.000000	100	140	0.885	0.675
4884.000000	100	140	0.883	0.656
4890.000000	100	140	0.880	0.629
4896.000000	100	140	0.875	0.593
4902.000000	100	140	0.870	0.541
4908.000000	100	140	0.868	0.461
4914.000000	100	140	0.875	0.329
4920.000000	100	140	0.886	0.175
4926.000000	100	105	0.896	0.117
4932.000000	100	105	0.898	0.114
4938.000000	100	105	0.896	0.111
4944.000000	100	105	0.890	0.108
4950.000000	100	105	0.881	0.105
4956.000000	100	105	0.871	0.099
4962.000000	100	105	0.860	0.093
4968.000000	100	105	0.845	0.087
4974.000000	100	105	0.824	0.081
4980.000000	100	86	0.796	0.085
4986.000000	100	86	0.753	0.089
4992.000000	100	86	0.684	0.092
4998.000000	100	86	0.566	0.093
5004.000000	100	86	0.357	0.093
5010.000000	100	13	0.099	0.088
5016.000000	13	86	0.088	0.080
5022.000000	13	86	0.088	0.077
5028.000000	13	86	0.089	0.076
5034.000000	13	86	0.091	0.077
5040.000000	13	86	0.093	0.078
5046.000000	13	86	0.096	0.079
5052.000000	13	86	0.101	0.080
5058.000000	13	86	0.109	0.080
5064.000000	13	86	0.120	0.080
5070.000000	13	86	0.136	0.079
5076.000000	13	86	0.163	0.078
5082.000000	13	86	0.208	0.077
5088.000000	13	86	0.290	0.076
5094.000000	13	86	0.438	0.072
5100.000000	13	86	0.674	0.064
5106.000000	13	86	0.859	0.056
5112.000000	13	72	0.929	0.055
5118.000000	13	72	0.955	0.062
5124.000000	13	72	0.965	0.068
5130.000000	13	72	0.971	0.073
5136.000000	13	72	0.973	0.078
5142.000000	13	72	0.973	0.084
5148.000000	13	72	0.971	0.089
5154.000000	13	72	0.970	0.095
5160.000000	13	72	0.968	0.101
5166.000000	13	160	0.966	0.110
5172.000000	13	160	0.965	0.120
5178.000000	13	160	0.963	0.133
5184.000000	13	160	0.961	0.147
5190.000000	13	160	0.960	0.162
5196.000000	13	160	0.958	0.177
5202.000000	13	160	0.957	0.193
5208.000000	13	160	0.955	0.210
5214.000000	13	160	0.954	0.228
5220.000000	13	160	0.952	0.248
5226.000000	13	160	0.951	0.269
5232.000000	13	160	0.950	0.293
5238.000000	13	160	0.948	0.324
5244.000000	13	160	0.946	0.358
5250.000000	13	160	0.943	0.401
5256.000000	13	160	0.940	0.447
5262.000000	13	160	0.936	0.487
5268.000000	13	160	0.932	0.512
5274.000000	13	160	0.927	0.527
5280.000000	13	160	0.922	0.539
5286.000000	13	160	0.916	0.551
5292.000000	13	160	0.909	0.560
5298.000000	13	160	0.901	0.568
5304.000000	13	160	0.889	0.574
5310.000000	13	160	0.871	0.580
5316.000000	13	160	0.845	0.590
5322.000000	13	160	0.811	0.601
5328.000000	13	160	0.759	0.613
5334.000000	13	160	0.680	0.626
5340.000000	76	160	0.657	0.649
5346.000000	76	160	0.710	0.685
5352.000000	76	160	0.766	0.749
5358.000000	160	76	0.797	0.795
5364.000000	160	76	0.813	0.800
5370.000000	160	76	0.817	0.795
5376.000000	160	76	0.818	0.788
5382.000000	160	76	0.821	0.778
5388.000000	160	76	0.818	0.772
5394.000000	160	76	0.811	0.768
5400.000000	160	76	0.806	0.763
5406.000000	160	76	0.799	0.760
5412.000000	160	76	0.793	0.754
5418.000000	160	76	0.785	0.747
5424.000000	160	76	0.777	0.739
5430.000000	160	76	0.767	0.729
5436.000000	160	76	0.756	0.716
5442.000000	160	76	0.743	0.702
5448.000000	160	76	0.727	0.686
5454.000000	160	76	0.709	0.669
5460.000000	160	76	0.685	0.647
5466.000000	160	76	0.650	0.619
5472.000000	160	76	0.598	0.582
5478.000000	76	160	0.538	0.512
5484.000000	76	160	0.492	0.391
5490.000000	76	160	0.433	0.266
5496.000000	76	50	0.352	0.186
5502.000000	76	50	0.253	0.207
5508.000000	50	64	0.237	0.155
5514.000000	50	64	0.279	0.173
5520.000000	50	64	0.350	0.208
5526.000000	50	64	0.456	0.258
5532.000000	50	64	0.566	0.317
5538.000000	50	64	0.652	0.372
5544.000000	50	64	0.709	0.421
5550.000000	50	64	0.737	0.466
5556.000000	50	64	0.750	0.503
5562.000000	50	64	0.759	0.532
5568.000000	50	64	0.768	0.552
5574.000000	50	64	0.780	0.567
5580.000000	50	64	0.784	0.576
5586.000000	50	64	0.789	0.585
5592.000000	50	64	0.792	0.590
5598.000000	50	64	0.796	0.594
5604.000000	50	64	0.799	0.598
5610.000000	50	64	0.803	0.600
5616.000000	50	64	0.808	0.602
5622.000000	50	64	0.815	0.607
5628.000000	50	64	0.822	0.610
5634.000000	50	64	0.827	0.609
5640.000000	50	64	0.832	0.606
5646.000000	50	64	0.833	0.599
5652.000000	50	64	0.838	0.584
5658.000000	50	64	0.843	0.571
5664.000000	50	64	0.844	0.556
5670.000000	50	64	0.849	0.531
5676.000000	50	64	0.856	0.497
5682.000000	50	64	0.864	0.453
5688.000000	50	64	0.870	0.390
5694.000000	50	64	0.877	0.303
5700.000000	50	189	0.889	0.207
5706.000000	50	189	0.905	0.157
5712.000000	50	189	0.923	0.105
5718.000000	50	93	0.931	0.077
5724.000000	50	93	0.933	0.081
5730.000000	50	93	0.934	0.085
5736.000000	50	93	0.934	0.091
5742.000000	50	93	0.932	0.098
5748.000000	50	93	0.928	0.106
5754.000000	50	93	0.922	0.113
5760.000000	50	93	0.915	0.121
5766.000000	50	93	0.906	0.128
5772.000000	50	93	0.895	0.135
5778.000000	50	93	0.882	0.140
5784.000000	50	93	0.867	0.144
5790.000000	50	93	0.849	0.147
5796.000000	50	93	0.828	0.149
5802.000000	50	93	0.798	0.153
5808.000000	50	190	0.756	0.165
5814.000000	50	190	0.696	0.184
5820.000000	50	190	0.605	0.207
5826.000000	50	190	0.456	0.239
5832.000000	190	50	0.282	0.225
5838.000000	190	131	0.345	0.173
5844.000000	190	131	0.453	0.190
5850.000000	190	131	0.592	0.212
5856.000000	190	131	0.705	0.235
5862.000000	190	131	0.776	0.262
5868.000000	190	131	0.815	0.290
5874.000000	190	131	0.838	0.316
5880.000000	190	131	0.851	0.344
5886.000000	190	131	0.867	0.369
5892.000000	190	131	0.876	0.400
5898.000000	190	131	0.880	0.438
5904.000000	190	131	0.884	0.475
5910.000000	190	131	0.886	0.508
5916.000000	190	131	0.886	0.531
5922.000000	190	131	0.886	0.548
5928.000000	190	131	0.886	0.562
5934.000000	190	131	0.886	0.577
5940.000000	190	131	0.887	0.590
5946.000000	190	131	0.891	0.598
5952.000000	190	131	0.893	0.605
5958.000000	190	131	0.893	0.609
5964.000000	190	131	0.894	0.612
5970.000000	190	131	0.894	0.613
5976.000000	190	131	0.896	0.611
5982.000000	190	131	0.900	0.607
5988.000000	190	131	0.900	0.608
5994.000000	190	131	0.900	0.607
6000.000000	190	131	0.899	0.600
6006.000000	190	131	0.898	0.590
6012.000000	190	131	0.893	0.575
6018.000000	190	131	0.890	0.554
6024.000000	190	131	0.888	0.522
6030.000000	190	131	0.885	0.480
6036.000000	190	131	0.880	0.416
6042.000000	190	131	0.877	0.322
6048.000000	190	131	0.877	0.192
6054.000000	190	195	0.876	0.136
6060.000000	190	40	0.874	0.126
6066.000000	190	40	0.871	0.132
6072.000000	190	40	0.861	0.140
6078.000000	190	40	0.848	0.150
6084.000000	190	40	0.832	0.160
6090.000000	190	40	0.812	0.171
6096.000000	190	40	0.786	0.184
6102.000000	190	40	0.752	0.197
6108.000000	190	40	0.705	0.214
6114.000000	190	40	0.638	0.238
6120.000000	190	40	0.532	0.267
6126.000000	190	40	0.365	0.303
6132.000000	40	141	0.357	0.230
6138.000000	40	141	0.429	0.260
6144.000000	40	141	0.532	0.292
6150.000000	40	141	0.634	0.333
6156.000000	40	141	0.715	0.388
6162.000000	40	141	0.774	0.446
6168.000000	40	141	0.798	0.494
6174.000000	40	141	0.813	0.537
6180.000000	40	141	0.830	0.579
6186.000000	40	141	0.836	0.609
6192.000000	40	141	0.839	0.630
6198.000000	40	141	0.842	0.650
6204.000000	40	141	0.845	0.662
6210.000000	40	141	0.847	0.671
6216.000000	40	141	0.851	0.679
6222.000000	40	141	0.853	0.686
6228.000000	40	141	0.857	0.695
6234.000000	40	141	0.857	0.703
6240.000000	40	141	0.856	0.710
6246.000000	40	141	0.853	0.720
6252.000000	40	141	0.853	0.725
6258.000000	40	141	0.854	0.733
6264.000000	40	141	0.858	0.742
6270.000000	40	141	0.862	0.748
6276.000000	40	141	0.866	0.750
6282.000000	40	141	0.865	0.753
6288.000000	40	141	0.861	0.755
6294.000000	40	141	0.854	0.758
6300.000000	40	141	0.847	0.763
6306.000000	40	141	0.844	0.761
6312.000000	40	141	0.839	0.757
6318.000000	40	141	0.832	0.751
6324.000000	40	141	0.823	0.742
6330.000000	40	141	0.807	0.734
6336.000000	40	141	0.786	0.724
6342.000000	40	141	0.756	0.714
6348.000000	40	141	0.723	0.695
6354.000000	40	141	0.675	0.673
6360.000000	141	40	0.636	0.611
6366.000000	141	40	0.588	0.519
6372.000000	141	40	0.532	0.366
6378.000000	141	40	0.461	0.156
6384.000000	141	62	0.371	0.059
6390.000000	141	19	0.244	0.060
6396.000000	141	19	0.139	0.062
6402.000000	141	19	0.088	0.063
6408.000000	141	19	0.063	0.062
6414.000000	19	141	0.058	0.048
6420.000000	19	141	0.052	0.034
6426.000000	19	141	0.044	0.021
6432.000000	19	115	0.035	0.010
6438.000000	19	115	0.025	0.008
6444.000000	19	115	0.015	0.006
6450.000000	19	115	0.008	0.004
