0.000000	125	102	0.000	0.000
6.000000	10	36	0.986	0.035
12.000000	10	36	0.985	0.038
18.000000	10	36	0.984	0.040
24.000000	10	36	0.983	0.044
30.000000	10	36	0.981	0.048
36.000000	10	36	0.980	0.053
42.000000	10	36	0.978	0.060
48.000000	10	36	0.975	0.068
54.000000	10	36	0.973	0.078
60.000000	10	36	0.970	0.089
66.000000	10	36	0.968	0.102
72.000000	10	36	0.965	0.115
78.000000	10	36	0.962	0.128
84.000000	10	36	0.958	0.141
90.000000	10	36	0.955	0.152
96.000000	10	36	0.952	0.162
102.000000	10	36	0.948	0.172
108.000000	10	36	0.945	0.182
114.000000	10	36	0.942	0.191
120.000000	10	36	0.939	0.197
126.000000	10	36	0.936	0.202
132.000000	10	36	0.933	0.205
138.000000	10	36	0.931	0.207
144.000000	10	36	0.929	0.208
150.000000	10	36	0.927	0.208
156.000000	10	36	0.924	0.206
162.000000	10	36	0.921	0.203
168.000000	10	36	0.917	0.199
174.000000	10	71	0.912	0.208
180.000000	10	71	0.908	0.219
186.000000	10	71	0.905	0.229
192.000000	10	71	0.901	0.238
198.000000	10	71	0.897	0.248
204.000000	10	71	0.893	0.260
210.000000	10	71	0.888	0.274
216.000000	10	71	0.881	0.294
222.000000	10	71	0.873	0.322
228.000000	10	71	0.861	0.359
234.000000	10	71	0.844	0.404
240.000000	10	71	0.820	0.461
246.000000	10	71	0.786	0.516
252.000000	10	71	0.737	0.572
258.000000	10	71	0.665	0.620
264.000000	71	10	0.673	0.538
270.000000	71	10	0.757	0.319
276.000000	71	73	0.834	0.205
282.000000	71	73	0.886	0.201
288.000000	71	73	0.903	0.204
294.000000	71	73	0.910	0.208
300.000000	71	73	0.915	0.209
306.000000	71	73	0.921	0.212
312.000000	71	73	0.927	0.212
318.000000	71	73	0.927	0.212
324.000000	71	73	0.929	0.209
330.000000	71	73	0.927	0.205
336.000000	71	73	0.924	0.198
342.000000	71	73	0.921	0.189
348.000000	71	73	0.919	0.178
354.000000	71	132	0.920	0.175
360.000000	71	132	0.922	0.189
366.000000	71	132	0.920	0.201
372.000000	71	132	0.918	0.214
378.000000	71	132	0.916	0.229
384.000000	71	132	0.913	0.248
390.000000	71	132	0.909	0.269
396.000000	71	132	0.904	0.292
402.000000	71	132	0.899	0.320
408.000000	71	132	0.895	0.351
414.000000	71	132	0.890	0.389
420.000000	71	132	0.884	0.428
426.000000	71	132	0.876	0.471
432.000000	71	132	0.865	0.510
438.000000	71	132	0.852	0.548
444.000000	71	132	0.832	0.589
450.000000	71	132	0.803	0.635
456.000000	71	132	0.769	0.679
462.000000	132	71	0.722	0.721
468.000000	132	71	0.763	0.648
474.000000	132	71	0.823	0.521
480.000000	132	71	0.901	0.322
486.000000	132	71	0.937	0.105
492.000000	132	129	0.960	0.073
498.000000	132	129	0.961	0.077
504.000000	132	129	0.964	0.081
510.000000	132	129	0.961	0.085
516.000000	132	129	0.957	0.088
522.000000	132	129	0.953	0.090
528.000000	132	29	0.950	0.092
534.000000	132	115	0.947	0.097
540.000000	132	115	0.943	0.106
546.000000	132	115	0.939	0.115
552.000000	132	115	0.935	0.126
558.000000	132	115	0.932	0.136
564.000000	132	115	0.928	0.146
570.000000	132	115	0.924	0.156
576.000000	132	115	0.920	0.168
582.000000	132	115	0.915	0.180
588.000000	132	115	0.910	0.193
594.000000	132	115	0.905	0.206
600.000000	132	115	0.900	0.222
606.000000	132	115	0.894	0.241
612.000000	132	115	0.887	0.267
618.000000	132	115	0.879	0.302
624.000000	132	115	0.870	0.336
630.000000	132	115	0.859	0.371
636.000000	132	115	0.845	0.412
642.000000	132	115	0.824	0.464
648.000000	132	115	0.799	0.516
654.000000	132	115	0.762	0.567
660.000000	132	115	0.710	0.617
666.000000	115	132	0.668	0.633
672.000000	115	132	0.724	0.518
678.000000	115	132	0.798	0.331
684.000000	115	132	0.885	0.114
690.000000	115	55	0.939	0.108
696.000000	115	55	0.952	0.108
702.000000	115	8	0.959	0.111
708.000000	115	8	0.959	0.116
714.000000	115	8	0.957	0.123
720.000000	115	8	0.956	0.130
726.000000	115	8	0.953	0.136
732.000000	115	8	0.950	0.142
738.000000	115	8	0.947	0.147
744.000000	115	8	0.944	0.151
750.000000	115	8	0.940	0.153
756.000000	115	38	0.936	0.157
762.000000	115	38	0.932	0.179
768.000000	115	38	0.928	0.203
774.000000	115	38	0.923	0.230
780.000000	115	38	0.918	0.259
786.000000	115	38	0.912	0.291
792.000000	115	38	0.906	0.324
798.000000	115	38	0.900	0.358
804.000000	115	38	0.895	0.396
810.000000	115	38	0.889	0.440
816.000000	115	38	0.882	0.484
822.000000	115	38	0.874	0.525
828.000000	115	38	0.865	0.563
834.000000	115	38	0.854	0.601
840.000000	115	38	0.838	0.636
846.000000	115	38	0.817	0.668
852.000000	115	38	0.795	0.690
858.000000	115	38	0.765	0.711
864.000000	38	115	0.736	0.722
870.000000	38	115	0.761	0.661
876.000000	38	115	0.777	0.573
882.000000	38	115	0.812	0.428
888.000000	38	115	0.890	0.213
894.000000	38	172	0.937	0.188
900.000000	38	172	0.945	0.197
906.000000	38	172	0.949	0.213
912.000000	38	172	0.951	0.230
918.000000	38	172	0.950	0.248
924.000000	38	172	0.946	0.264
930.000000	38	172	0.942	0.281
936.000000	38	172	0.937	0.299
942.000000	38	172	0.932	0.317
948.000000	38	172	0.927	0.334
954.000000	38	172	0.922	0.350
960.000000	38	172	0.918	0.367
966.000000	38	172	0.913	0.383
972.000000	38	172	0.905	0.403
978.000000	38	172	0.898	0.419
984.000000	38	172	0.891	0.432
990.000000	38	172	0.882	0.444
996.000000	38	172	0.872	0.456
1002.000000	38	172	0.857	0.470
1008.000000	38	172	0.842	0.480
1014.000000	38	172	0.823	0.493
1020.000000	38	172	0.796	0.508
1026.000000	38	172	0.766	0.520
1032.000000	38	172	0.727	0.535
1038.000000	38	172	0.674	0.561
1044.000000	172	38	0.596	0.595
1050.000000	172	38	0.643	0.472
1056.000000	172	94	0.702	0.496
1062.000000	172	94	0.770	0.527
1068.000000	172	94	0.833	0.555
1074.000000	172	94	0.857	0.568
1080.000000	172	94	0.865	0.573
1086.000000	172	94	0.871	0.575
1092.000000	172	94	0.872	0.580
1098.000000	172	94	0.867	0.585
1104.000000	172	94	0.864	0.589
1110.000000	172	94	0.862	0.588
1116.000000	172	94	0.859	0.584
1122.000000	172	94	0.858	0.577
1128.000000	172	94	0.854	0.567
1134.000000	172	94	0.851	0.556
1140.000000	172	94	0.848	0.536
1146.000000	172	94	0.849	0.506
1152.000000	172	94	0.845	0.470
1158.000000	172	94	0.843	0.418
1164.000000	172	94	0.846	0.349
1170.000000	172	94	0.848	0.261
1176.000000	172	170	0.852	0.197
1182.000000	172	170	0.856	0.218
1188.000000	172	170	0.861	0.244
1194.000000	172	170	0.856	0.273
1200.000000	172	170	0.848	0.308
1206.000000	172	170	0.837	0.351
1212.000000	172	170	0.822	0.404
1218.000000	172	170	0.803	0.463
1224.000000	172	170	0.776	0.531
1230.000000	172	170	0.744	0.589
1236.000000	172	170	0.703	0.634
1242.000000	170	172	0.682	0.644
1248.000000	170	172	0.724	0.563
1254.000000	170	172	0.776	0.416
1260.000000	170	172	0.831	0.228
1266.000000	170	63	0.882	0.198
1272.000000	170	63	0.909	0.197
1278.000000	170	63	0.924	0.212
1284.000000	170	63	0.926	0.228
1290.000000	170	63	0.928	0.238
1296.000000	170	63	0.928	0.247
1302.000000	170	63	0.924	0.256
1308.000000	170	63	0.921	0.264
1314.000000	170	63	0.917	0.273
1320.000000	170	63	0.915	0.282
1326.000000	170	63	0.912	0.288
1332.000000	170	63	0.907	0.294
1338.000000	170	63	0.902	0.299
1344.000000	170	63	0.897	0.303
1350.000000	170	63	0.892	0.305
1356.000000	170	63	0.888	0.305
1362.000000	170	63	0.887	0.300
1368.000000	170	63	0.883	0.297
1374.000000	170	63	0.879	0.293
1380.000000	170	63	0.876	0.285
1386.000000	170	63	0.872	0.273
1392.000000	170	63	0.869	0.256
1398.000000	170	63	0.866	0.236
1404.000000	170	63	0.863	0.211
1410.000000	170	63	0.859	0.183
1416.000000	170	176	0.857	0.158
1422.000000	170	176	0.853	0.156
1428.000000	170	176	0.848	0.153
1434.000000	170	110	0.842	0.150
1440.000000	170	110	0.836	0.157
1446.000000	170	110	0.829	0.168
1452.000000	170	110	0.820	0.182
1458.000000	170	110	0.807	0.198
1464.000000	170	110	0.785	0.217
1470.000000	170	110	0.756	0.238
1476.000000	170	110	0.713	0.257
1482.000000	170	110	0.647	0.278
1488.000000	170	110	0.545	0.301
1494.000000	170	110	0.391	0.333
1500.000000	110	194	0.382	0.353
1506.000000	110	194	0.457	0.416
1512.000000	110	194	0.528	0.476
1518.000000	110	194	0.587	0.531
1524.000000	110	194	0.628	0.581
1530.000000	110	194	0.655	0.615
1536.000000	110	194	0.679	0.639
1542.000000	110	194	0.694	0.655
1548.000000	110	194	0.711	0.665
1554.000000	110	194	0.729	0.673
1560.000000	110	194	0.746	0.675
1566.000000	110	194	0.765	0.678
1572.000000	110	194	0.774	0.677
1578.000000	110	194	0.780	0.675
1584.000000	110	194	0.785	0.676
1590.000000	110	194	0.789	0.678
1596.000000	110	194	0.792	0.677
1602.000000	110	194	0.795	0.678
1608.000000	110	194	0.798	0.682
1614.000000	110	194	0.802	0.682
1620.000000	110	194	0.802	0.684
1626.000000	110	194	0.805	0.689
1632.000000	110	194	0.811	0.694
1638.000000	110	194	0.816	0.700
1644.000000	110	194	0.823	0.702
1650.000000	110	194	0.828	0.701
1656.000000	110	194	0.831	0.703
1662.000000	110	194	0.832	0.707
1668.000000	110	194	0.830	0.709
1674.000000	110	194	0.826	0.709
1680.000000	110	194	0.820	0.709
1686.000000	110	194	0.816	0.704
1692.000000	110	194	0.812	0.695
1698.000000	110	194	0.811	0.685
1704.000000	110	194	0.811	0.672
1710.000000	110	194	0.809	0.649
1716.000000	110	194	0.804	0.614
1722.000000	110	194	0.802	0.554
1728.000000	110	194	0.809	0.457
1734.000000	110	194	0.826	0.305
1740.000000	110	194	0.852	0.136
1746.000000	110	20	0.867	0.057
1752.000000	110	20	0.878	0.056
1758.000000	110	20	0.888	0.056
1764.000000	110	20	0.901	0.057
1770.000000	110	20	0.911	0.058
1776.000000	110	20	0.919	0.059
1782.000000	110	20	0.924	0.060
1788.000000	110	20	0.928	0.061
1794.000000	110	20	0.931	0.061
1800.000000	110	20	0.933	0.061
1806.000000	110	20	0.933	0.061
1812.000000	110	20	0.932	0.060
1818.000000	110	140	0.930	0.060
1824.000000	110	140	0.927	0.065
1830.000000	110	140	0.923	0.070
1836.000000	110	140	0.918	0.075
1842.000000	110	140	0.911	0.081
1848.000000	110	140	0.903	0.087
1854.000000	110	140	0.893	0.093
1860.000000	110	140	0.879	0.099
1866.000000	110	31	0.861	0.106
1872.000000	110	31	0.835	0.116
1878.000000	110	31	0.797	0.127
1884.000000	110	31	0.733	0.139
1890.000000	110	31	0.611	0.155
1896.000000	110	31	0.363	0.178
1902.000000	31	140	0.211	0.204
1908.000000	31	140	0.272	0.265
1914.000000	140	31	0.397	0.394
1920.000000	140	31	0.600	0.583
1926.000000	140	31	0.754	0.734
1932.000000	140	31	0.805	0.788
1938.000000	140	31	0.820	0.805
1944.000000	140	31	0.824	0.812
1950.000000	140	31	0.824	0.817
1956.000000	140	31	0.824	0.821
1962.000000	140	31	0.823	0.821
1968.000000	140	31	0.821	0.821
1974.000000	31	140	0.821	0.820
1980.000000	31	140	0.820	0.818
1986.000000	31	140	0.819	0.817
1992.000000	31	140	0.818	0.816
1998.000000	31	140	0.817	0.815
2004.000000	31	140	0.815	0.815
2010.000000	140	31	0.814	0.814
2016.000000	140	31	0.814	0.812
2022.000000	140	31	0.813	0.811
2028.000000	140	31	0.813	0.809
2034.000000	140	31	0.815	0.803
2040.000000	140	31	0.819	0.794
2046.000000	140	31	0.821	0.788
2052.000000	140	31	0.820	0.783
2058.000000	140	31	0.819	0.776
2064.000000	140	31	0.818	0.769
2070.000000	140	31	0.820	0.755
2076.000000	140	31	0.822	0.739
2082.000000	140	31	0.826	0.716
2088.000000	140	31	0.828	0.689
2094.000000	140	31	0.830	0.650
2100.000000	140	31	0.833	0.597
2106.000000	140	31	0.836	0.518
2112.000000	140	31	0.854	0.390
2118.000000	140	31	0.878	0.198
2124.000000	140	100	0.907	0.087
2130.000000	140	100	0.922	0.081
2136.000000	140	100	0.926	0.081
2142.000000	140	100	0.927	0.081
2148.000000	140	41	0.927	0.082
2154.000000	140	41	0.928	0.094
2160.000000	140	41	0.928	0.109
2166.000000	140	41	0.926	0.125
2172.000000	140	41	0.923	0.146
2178.000000	140	41	0.919	0.173
2184.000000	140	41	0.913	0.209
2190.000000	140	41	0.905	0.256
2196.000000	140	41	0.893	0.315
2202.000000	140	41	0.877	0.383
2208.000000	140	41	0.856	0.452
2214.000000	140	41	0.826	0.515
2220.000000	140	41	0.784	0.570
2226.000000	140	41	0.726	0.613
2232.000000	41	140	0.653	0.635
2238.000000	41	140	0.699	0.498
2244.000000	41	140	0.759	0.297
2250.000000	41	39	0.859	0.150
2256.000000	41	39	0.912	0.144
2262.000000	41	39	0.928	0.143
2268.000000	41	39	0.937	0.141
2274.000000	41	39	0.940	0.138
2280.000000	41	39	0.938	0.135
2286.000000	41	39	0.942	0.127
2292.000000	41	81	0.942	0.119
2298.000000	41	81	0.939	0.123
2304.000000	41	81	0.936	0.124
2310.000000	41	81	0.933	0.125
2316.000000	41	81	0.931	0.125
2322.000000	41	81	0.929	0.122
2328.000000	41	81	0.929	0.117
2334.000000	41	42	0.926	0.117
2340.000000	41	42	0.923	0.125
2346.000000	41	42	0.920	0.132
2352.000000	41	42	0.918	0.139
2358.000000	41	42	0.916	0.143
2364.000000	41	42	0.915	0.147
2370.000000	41	42	0.914	0.151
2376.000000	41	42	0.912	0.154
2382.000000	41	42	0.910	0.157
2388.000000	41	42	0.907	0.160
2394.000000	41	42	0.904	0.165
2400.000000	41	42	0.899	0.171
2406.000000	41	42	0.894	0.178
2412.000000	41	42	0.888	0.184
2418.000000	41	167	0.881	0.196
2424.000000	41	167	0.872	0.218
2430.000000	41	167	0.861	0.248
2436.000000	41	167	0.845	0.286
2442.000000	41	167	0.821	0.330
2448.000000	41	167	0.789	0.380
2454.000000	41	167	0.743	0.439
2460.000000	41	167	0.673	0.504
2466.000000	167	41	0.575	0.556
2472.000000	167	41	0.640	0.372
2478.000000	167	187	0.732	0.294
2484.000000	167	187	0.825	0.322
2490.000000	167	187	0.861	0.356
2496.000000	167	187	0.879	0.395
2502.000000	167	187	0.887	0.438
2508.000000	167	187	0.888	0.485
2514.000000	167	187	0.889	0.526
2520.000000	167	187	0.891	0.556
2526.000000	167	187	0.890	0.579
2532.000000	167	187	0.886	0.601
2538.000000	167	187	0.883	0.617
2544.000000	167	187	0.881	0.629
2550.000000	167	187	0.878	0.640
2556.000000	167	187	0.876	0.651
2562.000000	167	187	0.876	0.660
2568.000000	167	187	0.874	0.670
2574.000000	167	187	0.873	0.678
2580.000000	167	187	0.870	0.685
2586.000000	167	187	0.866	0.692
2592.000000	167	187	0.863	0.698
2598.000000	167	187	0.859	0.701
2604.000000	167	187	0.854	0.704
2610.000000	167	187	0.847	0.713
2616.000000	167	187	0.837	0.720
2622.000000	167	187	0.827	0.725
2628.000000	167	187	0.811	0.736
2634.000000	167	187	0.786	0.753
2640.000000	187	167	0.765	0.761
2646.000000	187	167	0.774	0.728
2652.000000	187	167	0.785	0.680
2658.000000	187	167	0.797	0.606
2664.000000	187	167	0.819	0.486
2670.000000	187	167	0.850	0.312
2676.000000	187	72	0.894	0.249
2682.000000	187	72	0.923	0.257
2688.000000	187	72	0.931	0.271
2694.000000	187	72	0.934	0.292
2700.000000	187	72	0.934	0.321
2706.000000	187	72	0.930	0.356
2712.000000	187	72	0.926	0.390
2718.000000	187	72	0.920	0.421
2724.000000	187	72	0.913	0.451
2730.000000	187	72	0.905	0.480
2736.000000	187	72	0.894	0.509
2742.000000	187	72	0.881	0.535
2748.000000	187	72	0.863	0.558
2754.000000	187	72	0.837	0.586
2760.000000	187	72	0.808	0.612
2766.000000	187	72	0.771	0.634
2772.000000	187	72	0.721	0.654
2778.000000	72	187	0.681	0.643
2784.000000	72	187	0.710	0.522
2790.000000	72	86	0.761	0.408
2796.000000	72	86	0.799	0.475
2802.000000	72	86	0.840	0.536
2808.000000	72	86	0.860	0.584
2814.000000	72	86	0.864	0.635
2820.000000	72	86	0.865	0.670
2826.000000	72	86	0.862	0.687
2832.000000	72	86	0.857	0.689
2838.000000	72	86	0.850	0.692
2844.000000	72	86	0.845	0.693
2850.000000	72	86	0.840	0.697
2856.000000	72	86	0.834	0.699
2862.000000	72	86	0.828	0.698
2868.000000	72	86	0.820	0.696
2874.000000	72	86	0.810	0.697
2880.000000	72	86	0.797	0.699
2886.000000	72	86	0.783	0.702
2892.000000	72	86	0.766	0.710
2898.000000	72	86	0.739	0.725
2904.000000	86	72	0.733	0.711
2910.000000	86	72	0.743	0.675
2916.000000	86	72	0.758	0.628
2922.000000	86	72	0.782	0.558
2928.000000	86	72	0.796	0.468
2934.000000	86	72	0.818	0.343
2940.000000	86	120	0.856	0.226
2946.000000	86	164	0.881	0.231
2952.000000	86	164	0.896	0.255
2958.000000	86	164	0.904	0.284
2964.000000	86	164	0.904	0.316
2970.000000	86	164	0.900	0.349
2976.000000	86	164	0.894	0.377
2982.000000	86	164	0.887	0.401
2988.000000	86	164	0.879	0.420
2994.000000	86	164	0.869	0.438
3000.000000	86	164	0.857	0.454
3006.000000	86	164	0.841	0.470
3012.000000	86	164	0.821	0.483
3018.000000	86	164	0.798	0.493
3024.000000	86	164	0.771	0.506
3030.000000	86	164	0.736	0.522
3036.000000	86	164	0.690	0.541
3042.000000	86	164	0.624	0.566
3048.000000	164	86	0.606	0.528
3054.000000	164	86	0.654	0.400
3060.000000	164	86	0.723	0.246
3066.000000	164	120	0.809	0.185
3072.000000	164	130	0.868	0.156
3078.000000	164	130	0.896	0.156
3084.000000	164	193	0.915	0.163
3090.000000	164	193	0.927	0.183
3096.000000	164	193	0.931	0.202
3102.000000	164	193	0.930	0.218
3108.000000	164	193	0.930	0.235
3114.000000	164	193	0.931	0.256
3120.000000	164	193	0.931	0.277
3126.000000	164	193	0.930	0.300
3132.000000	164	193	0.927	0.329
3138.000000	164	193	0.924	0.356
3144.000000	164	193	0.920	0.382
3150.000000	164	193	0.916	0.406
3156.000000	164	193	0.911	0.432
3162.000000	164	193	0.905	0.463
3168.000000	164	193	0.899	0.489
3174.000000	164	193	0.891	0.510
3180.000000	164	193	0.884	0.531
3186.000000	164	193	0.877	0.550
3192.000000	164	193	0.870	0.565
3198.000000	164	193	0.863	0.580
3204.000000	164	193	0.854	0.599
3210.000000	164	193	0.843	0.622
3216.000000	164	193	0.832	0.649
3222.000000	164	193	0.817	0.675
3228.000000	164	193	0.790	0.719
3234.000000	164	193	0.759	0.758
3240.000000	193	164	0.782	0.721
3246.000000	193	164	0.800	0.664
3252.000000	193	164	0.825	0.574
3258.000000	193	164	0.862	0.429
3264.000000	193	164	0.916	0.217
3270.000000	193	24	0.954	0.081
3276.000000	193	95	0.965	0.081
3282.000000	193	95	0.966	0.082
3288.000000	193	95	0.962	0.082
3294.000000	193	95	0.958	0.081
3300.000000	193	95	0.953	0.081
3306.000000	193	95	0.948	0.081
3312.000000	193	95	0.944	0.082
3318.000000	193	95	0.936	0.083
3324.000000	193	95	0.929	0.084
3330.000000	193	95	0.921	0.085
3336.000000	193	95	0.914	0.084
3342.000000	193	171	0.907	0.083
3348.000000	193	171	0.901	0.087
3354.000000	193	171	0.896	0.091
3360.000000	193	94	0.889	0.097
3366.000000	193	94	0.882	0.105
3372.000000	193	94	0.872	0.114
3378.000000	193	94	0.859	0.126
3384.000000	193	94	0.846	0.140
3390.000000	193	94	0.832	0.155
3396.000000	193	94	0.815	0.170
3402.000000	193	94	0.795	0.183
3408.000000	193	94	0.769	0.196
3414.000000	193	8	0.733	0.212
3420.000000	193	8	0.681	0.245
3426.000000	193	8	0.600	0.282
3432.000000	193	8	0.467	0.326
3438.000000	8	193	0.393	0.279
3444.000000	8	94	0.495	0.290
3450.000000	8	94	0.615	0.296
3456.000000	8	94	0.709	0.306
3462.000000	8	94	0.772	0.323
3468.000000	8	94	0.809	0.342
3474.000000	8	94	0.828	0.361
3480.000000	8	94	0.838	0.374
3486.000000	8	94	0.847	0.380
3492.000000	8	94	0.855	0.387
3498.000000	8	94	0.855	0.394
3504.000000	8	94	0.854	0.402
3510.000000	8	94	0.854	0.409
3516.000000	8	94	0.859	0.409
3522.000000	8	94	0.861	0.408
3528.000000	8	94	0.861	0.403
3534.000000	8	94	0.860	0.396
3540.000000	8	94	0.859	0.387
3546.000000	8	94	0.866	0.371
3552.000000	8	94	0.875	0.342
3558.000000	8	94	0.882	0.304
3564.000000	8	115	0.889	0.289
3570.000000	8	115	0.900	0.280
3576.000000	8	115	0.903	0.273
3582.000000	8	115	0.911	0.261
3588.000000	8	115	0.915	0.247
3594.000000	8	115	0.916	0.228
3600.000000	8	115	0.916	0.203
3606.000000	8	115	0.916	0.174
3612.000000	8	115	0.917	0.143
3618.000000	8	55	0.923	0.134
3624.000000	8	55	0.923	0.134
3630.000000	8	55	0.924	0.134
3636.000000	8	55	0.922	0.133
3642.000000	8	55	0.920	0.129
3648.000000	8	156	0.916	0.128
3654.000000	8	156	0.911	0.130
3660.000000	8	156	0.905	0.131
3666.000000	8	156	0.898	0.131
3672.000000	8	156	0.891	0.130
3678.000000	8	156	0.882	0.129
3684.000000	8	156	0.872	0.128
3690.000000	8	156	0.859	0.127
3696.000000	8	156	0.845	0.127
3702.000000	8	156	0.828	0.126
3708.000000	8	156	0.807	0.122
3714.000000	8	168	0.779	0.123
3720.000000	8	168	0.742	0.125
3726.000000	8	168	0.689	0.126
3732.000000	8	168	0.602	0.128
3738.000000	8	168	0.446	0.130
3744.000000	8	168	0.195	0.130
3750.000000	168	6	0.129	0.125
3756.000000	6	168	0.136	0.133
3762.000000	6	168	0.156	0.145
3768.000000	6	168	0.186	0.163
3774.000000	6	27	0.224	0.205
3780.000000	6	27	0.269	0.258
3786.000000	27	6	0.324	0.322
3792.000000	27	6	0.397	0.379
3798.000000	27	6	0.470	0.431
3804.000000	27	6	0.537	0.474
3810.000000	27	6	0.587	0.506
3816.000000	27	6	0.626	0.527
3822.000000	27	6	0.655	0.547
3828.000000	27	6	0.672	0.561
3834.000000	27	6	0.683	0.571
3840.000000	27	6	0.700	0.578
3846.000000	27	6	0.712	0.585
3852.000000	27	6	0.722	0.597
3858.000000	27	6	0.728	0.608
3864.000000	27	6	0.736	0.618
3870.000000	27	6	0.751	0.629
3876.000000	27	6	0.761	0.641
3882.000000	27	6	0.779	0.655
3888.000000	27	6	0.791	0.666
3894.000000	27	6	0.809	0.684
3900.000000	27	6	0.821	0.700
3906.000000	27	6	0.828	0.719
3912.000000	27	6	0.838	0.732
3918.000000	27	6	0.844	0.747
3924.000000	27	6	0.851	0.758
3930.000000	27	6	0.854	0.757
3936.000000	27	6	0.856	0.756
3942.000000	27	6	0.855	0.756
3948.000000	27	6	0.853	0.756
3954.000000	27	6	0.850	0.752
3960.000000	27	6	0.847	0.747
3966.000000	27	6	0.845	0.738
3972.000000	27	6	0.845	0.724
3978.000000	27	6	0.843	0.705
3984.000000	27	6	0.841	0.682
3990.000000	27	6	0.834	0.653
3996.000000	27	6	0.829	0.612
4002.000000	27	6	0.827	0.548
4008.000000	27	6	0.829	0.452
4014.000000	27	6	0.852	0.303
4020.000000	27	6	0.873	0.147
4026.000000	27	42	0.888	0.099
4032.000000	27	42	0.895	0.099
4038.000000	27	42	0.897	0.100
4044.000000	27	42	0.899	0.100
4050.000000	27	42	0.898	0.099
4056.000000	27	42	0.896	0.098
4062.000000	27	42	0.892	0.098
4068.000000	27	42	0.886	0.098
4074.000000	27	42	0.879	0.099
4080.000000	27	42	0.869	0.099
4086.000000	27	42	0.857	0.099
4092.000000	27	190	0.842	0.100
4098.000000	27	190	0.823	0.107
4104.000000	27	190	0.797	0.114
4110.000000	27	190	0.762	0.122
4116.000000	27	190	0.710	0.129
4122.000000	27	190	0.623	0.138
4128.000000	27	190	0.466	0.150
4134.000000	27	190	0.223	0.170
4140.000000	190	175	0.195	0.140
4146.000000	190	175	0.236	0.156
4152.000000	190	175	0.324	0.178
4158.000000	190	175	0.502	0.206
4164.000000	190	175	0.726	0.236
4170.000000	190	175	0.839	0.277
4176.000000	190	175	0.876	0.334
4182.000000	190	175	0.885	0.398
4188.000000	190	175	0.888	0.460
4194.000000	190	175	0.890	0.517
4200.000000	190	175	0.890	0.562
4206.000000	190	175	0.889	0.595
4212.000000	190	175	0.887	0.619
4218.000000	190	175	0.886	0.635
4224.000000	190	175	0.885	0.645
4230.000000	190	175	0.884	0.651
4236.000000	190	175	0.883	0.653
4242.000000	190	175	0.882	0.654
4248.000000	190	175	0.881	0.653
4254.000000	190	175	0.881	0.653
4260.000000	190	175	0.881	0.653
4266.000000	190	175	0.882	0.651
4272.000000	190	175	0.882	0.649
4278.000000	190	175	0.881	0.647
4284.000000	190	175	0.879	0.646
4290.000000	190	175	0.878	0.642
4296.000000	190	175	0.881	0.637
4302.000000	190	175	0.880	0.633
4308.000000	190	175	0.882	0.626
4314.000000	190	175	0.882	0.617
4320.000000	190	175	0.880	0.608
4326.000000	190	175	0.880	0.593
4332.000000	190	175	0.881	0.572
4338.000000	190	175	0.883	0.541
4344.000000	190	175	0.888	0.488
4350.000000	190	175	0.901	0.396
4356.000000	190	175	0.917	0.260
4362.000000	190	175	0.932	0.125
4368.000000	190	175	0.938	0.058
4374.000000	190	23	0.941	0.053
4380.000000	190	23	0.942	0.053
4386.000000	190	23	0.942	0.055
4392.000000	190	23	0.942	0.056
4398.000000	190	23	0.940	0.057
4404.000000	190	53	0.938	0.060
4410.000000	190	53	0.935	0.066
4416.000000	190	53	0.931	0.072
4422.000000	190	53	0.925	0.078
4428.000000	190	53	0.917	0.083
4434.000000	190	53	0.908	0.089
4440.000000	190	53	0.895	0.095
4446.000000	190	53	0.879	0.101
4452.000000	190	53	0.857	0.106
4458.000000	190	53	0.827	0.111
4464.000000	190	49	0.783	0.125
4470.000000	190	49	0.718	0.140
4476.000000	190	49	0.615	0.157
4482.000000	190	49	0.433	0.178
4488.000000	49	190	0.205	0.151
4494.000000	49	28	0.235	0.138
4500.000000	49	28	0.294	0.157
4506.000000	49	28	0.409	0.185
4512.000000	49	28	0.591	0.218
4518.000000	49	28	0.751	0.254
4524.000000	49	28	0.823	0.299
4530.000000	49	28	0.850	0.351
4536.000000	49	28	0.867	0.408
4542.000000	49	28	0.871	0.467
4548.000000	49	28	0.876	0.523
4554.000000	49	28	0.879	0.564
4560.000000	49	28	0.879	0.596
4566.000000	49	28	0.879	0.616
4572.000000	49	28	0.879	0.632
4578.000000	49	28	0.880	0.644
4584.000000	49	28	0.881	0.649
4590.000000	49	28	0.881	0.653
4596.000000	49	28	0.881	0.658
4602.000000	49	28	0.880	0.663
4608.000000	49	28	0.879	0.665
4614.000000	49	28	0.878	0.667
4620.000000	49	28	0.877	0.672
4626.000000	49	28	0.876	0.678
4632.000000	49	28	0.876	0.684
4638.000000	49	28	0.877	0.692
4644.000000	49	28	0.877	0.700
4650.000000	49	28	0.875	0.703
4656.000000	49	28	0.874	0.703
4662.000000	49	28	0.868	0.699
4668.000000	49	28	0.862	0.694
4674.000000	49	28	0.854	0.686
4680.000000	49	28	0.847	0.671
4686.000000	49	28	0.838	0.650
4692.000000	49	28	0.827	0.621
4698.000000	49	183	0.814	0.618
4704.000000	49	183	0.802	0.646
4710.000000	49	183	0.790	0.675
4716.000000	49	183	0.786	0.709
4722.000000	49	183	0.770	0.750
4728.000000	183	49	0.792	0.741
4734.000000	183	49	0.821	0.705
4740.000000	183	49	0.842	0.637
4746.000000	183	49	0.867	0.510
4752.000000	183	49	0.897	0.302
4758.000000	183	49	0.947	0.092
4764.000000	183	170	0.966	0.054
4770.000000	183	170	0.970	0.059
4776.000000	183	170	0.967	0.065
4782.000000	183	170	0.964	0.072
4788.000000	183	170	0.961	0.081
4794.000000	183	170	0.958	0.089
4800.000000	183	170	0.955	0.097
4806.000000	183	170	0.952	0.105
4812.000000	183	170	0.948	0.114
4818.000000	183	170	0.944	0.121
4824.000000	183	170	0.940	0.128
4830.000000	183	170	0.935	0.134
4836.000000	183	170	0.929	0.139
4842.000000	183	20	0.923	0.144
4848.000000	183	20	0.916	0.149
4854.000000	183	3	0.908	0.154
4860.000000	183	3	0.899	0.165
4866.000000	183	3	0.889	0.176
4872.000000	183	3	0.877	0.187
4878.000000	183	3	0.862	0.196
4884.000000	183	3	0.844	0.206
4890.000000	183	3	0.822	0.217
4896.000000	183	3	0.794	0.228
4902.000000	183	3	0.757	0.241
4908.000000	183	3	0.708	0.256
4914.000000	183	3	0.638	0.275
4920.000000	183	3	0.543	0.301
4926.000000	183	3	0.414	0.333
4932.000000	3	183	0.370	0.248
4938.000000	3	178	0.421	0.243
4944.000000	3	178	0.511	0.261
4950.000000	3	178	0.599	0.280
4956.000000	3	178	0.664	0.304
4962.000000	3	178	0.704	0.329
4968.000000	3	178	0.723	0.357
4974.000000	3	178	0.736	0.386
4980.000000	3	178	0.746	0.413
4986.000000	3	178	0.750	0.437
4992.000000	3	178	0.755	0.461
4998.000000	3	178	0.759	0.483
5004.000000	3	178	0.763	0.497
5010.000000	3	178	0.765	0.510
5016.000000	3	178	0.767	0.526
5022.000000	3	178	0.774	0.538
5028.000000	3	178	0.781	0.554
5034.000000	3	178	0.785	0.573
5040.000000	3	178	0.788	0.592
5046.000000	3	178	0.791	0.622
5052.000000	3	178	0.798	0.644
5058.000000	3	178	0.801	0.660
5064.000000	3	178	0.809	0.677
5070.000000	3	178	0.818	0.697
5076.000000	3	178	0.828	0.713
5082.000000	3	178	0.837	0.724
5088.000000	3	178	0.837	0.739
5094.000000	3	178	0.837	0.751
5100.000000	3	178	0.834	0.764
5106.000000	3	178	0.829	0.775
5112.000000	3	178	0.821	0.786
5118.000000	3	178	0.816	0.789
5124.000000	3	178	0.810	0.790
5130.000000	3	178	0.800	0.790
5136.000000	178	3	0.794	0.781
5142.000000	178	3	0.798	0.761
5148.000000	178	3	0.801	0.735
5154.000000	178	3	0.805	0.700
5160.000000	178	3	0.811	0.651
5166.000000	178	3	0.820	0.579
5172.000000	178	3	0.848	0.454
5178.000000	178	3	0.876	0.278
5184.000000	178	3	0.907	0.096
5190.000000	178	107	0.930	0.062
5196.000000	178	107	0.942	0.066
5202.000000	178	107	0.950	0.072
5208.000000	178	107	0.954	0.079
5214.000000	178	107	0.957	0.085
5220.000000	178	107	0.957	0.091
5226.000000	178	107	0.955	0.097
5232.000000	178	107	0.952	0.105
5238.000000	178	107	0.949	0.114
5244.000000	178	107	0.944	0.122
5250.000000	178	107	0.939	0.131
5256.000000	178	107	0.933	0.139
5262.000000	178	107	0.925	0.148
5268.000000	178	107	0.916	0.157
5274.000000	178	107	0.905	0.167
5280.000000	178	107	0.892	0.179
5286.000000	178	107	0.877	0.193
5292.000000	178	107	0.857	0.208
5298.000000	178	107	0.832	0.225
5304.000000	178	107	0.797	0.243
5310.000000	178	107	0.746	0.266
5316.000000	178	107	0.664	0.293
5322.000000	178	107	0.523	0.330
5328.000000	107	178	0.387	0.295
5334.000000	107	93	0.480	0.153
5340.000000	107	93	0.603	0.154
5346.000000	107	93	0.715	0.151
5352.000000	107	93	0.786	0.151
5358.000000	107	93	0.828	0.157
5364.000000	107	6	0.853	0.161
5370.000000	107	6	0.859	0.174
5376.000000	107	6	0.859	0.189
5382.000000	107	6	0.862	0.201
5388.000000	107	6	0.867	0.210
5394.000000	107	6	0.870	0.216
5400.000000	107	6	0.874	0.218
5406.000000	107	6	0.878	0.221
5412.000000	107	6	0.880	0.223
5418.000000	107	6	0.882	0.224
5424.000000	107	6	0.884	0.223
5430.000000	107	6	0.885	0.220
5436.000000	107	6	0.887	0.213
5442.000000	107	6	0.889	0.201
5448.000000	107	6	0.893	0.186
5454.000000	107	199	0.899	0.183
5460.000000	107	199	0.908	0.181
5466.000000	107	199	0.920	0.175
5472.000000	107	199	0.930	0.166
5478.000000	107	199	0.941	0.154
5484.000000	107	199	0.948	0.139
5490.000000	107	199	0.952	0.122
5496.000000	107	199	0.956	0.104
5502.000000	107	57	0.957	0.093
5508.000000	107	57	0.957	0.092
5514.000000	107	57	0.956	0.093
5520.000000	107	57	0.955	0.092
5526.000000	107	57	0.952	0.091
5532.000000	107	57	0.950	0.090
5538.000000	107	57	0.946	0.088
5544.000000	107	57	0.941	0.087
5550.000000	107	57	0.936	0.086
5556.000000	107	57	0.929	0.086
5562.000000	107	22	0.922	0.088
5568.000000	107	22	0.913	0.090
5574.000000	107	22	0.902	0.092
5580.000000	107	22	0.889	0.093
5586.000000	107	22	0.872	0.094
5592.000000	107	22	0.851	0.094
5598.000000	107	22	0.825	0.093
5604.000000	107	22	0.788	0.093
5610.000000	107	22	0.734	0.093
5616.000000	107	22	0.641	0.093
5622.000000	107	173	0.462	0.095
5628.000000	107	173	0.163	0.089
5634.000000	173	22	0.076	0.063
5640.000000	173	22	0.068	0.052
5646.000000	173	22	0.060	0.043
5652.000000	173	22	0.050	0.034
5658.000000	173	22	0.039	0.024
5664.000000	173	22	0.028	0.015
5670.000000	173	108	0.018	0.008
5676.000000	173	137	0.011	0.004
5682.000000	173	195	0.006	0.004
