0.000000	125	102	0.000	0.000
6.000000	148	119	0.986	0.032
12.000000	148	119	0.985	0.035
18.000000	148	119	0.984	0.039
24.000000	148	119	0.983	0.044
30.000000	148	119	0.981	0.050
36.000000	148	119	0.979	0.056
42.000000	148	119	0.976	0.061
48.000000	148	9	0.974	0.068
54.000000	148	9	0.971	0.077
60.000000	148	9	0.968	0.086
66.000000	148	9	0.965	0.094
72.000000	148	9	0.962	0.103
78.000000	148	9	0.959	0.112
84.000000	148	9	0.955	0.119
90.000000	148	9	0.952	0.125
96.000000	148	119	0.950	0.132
102.000000	148	119	0.947	0.137
108.000000	148	119	0.944	0.142
114.000000	148	119	0.942	0.145
120.000000	148	119	0.939	0.147
126.000000	148	79	0.937	0.154
132.000000	148	79	0.934	0.161
138.000000	148	79	0.932	0.167
144.000000	148	79	0.930	0.172
150.000000	148	79	0.928	0.176
156.000000	148	79	0.925	0.179
162.000000	148	79	0.923	0.184
168.000000	148	79	0.922	0.188
174.000000	148	79	0.921	0.190
180.000000	148	79	0.920	0.190
186.000000	148	79	0.920	0.188
192.000000	148	82	0.919	0.184
198.000000	148	82	0.918	0.196
204.000000	148	82	0.917	0.206
210.000000	148	82	0.915	0.217
216.000000	148	82	0.912	0.228
222.000000	148	82	0.908	0.240
228.000000	148	82	0.903	0.251
234.000000	148	82	0.896	0.265
240.000000	148	82	0.887	0.283
246.000000	148	82	0.877	0.308
252.000000	148	82	0.863	0.345
258.000000	148	82	0.846	0.393
264.000000	148	82	0.822	0.446
270.000000	148	82	0.786	0.501
276.000000	148	82	0.726	0.571
282.000000	82	148	0.640	0.629
288.000000	82	148	0.726	0.444
294.000000	82	148	0.854	0.164
300.000000	82	83	0.939	0.091
306.000000	82	83	0.959	0.092
312.000000	82	172	0.961	0.095
318.000000	82	172	0.959	0.100
324.000000	82	83	0.956	0.106
330.000000	82	83	0.955	0.116
336.000000	82	83	0.950	0.126
342.000000	82	83	0.946	0.137
348.000000	82	83	0.942	0.145
354.000000	82	83	0.938	0.152
360.000000	82	83	0.934	0.156
366.000000	82	83	0.930	0.159
372.000000	82	165	0.926	0.160
378.000000	82	165	0.922	0.160
384.000000	82	63	0.918	0.166
390.000000	82	63	0.914	0.177
396.000000	82	63	0.910	0.184
402.000000	82	63	0.906	0.189
408.000000	82	63	0.904	0.192
414.000000	82	63	0.902	0.193
420.000000	82	63	0.900	0.191
426.000000	82	63	0.898	0.189
432.000000	82	63	0.896	0.183
438.000000	82	63	0.892	0.177
444.000000	82	63	0.888	0.174
450.000000	82	63	0.883	0.170
456.000000	82	63	0.877	0.164
462.000000	82	63	0.871	0.155
468.000000	82	63	0.864	0.145
474.000000	82	42	0.854	0.138
480.000000	82	42	0.843	0.131
486.000000	82	10	0.828	0.136
492.000000	82	10	0.813	0.141
498.000000	82	10	0.794	0.144
504.000000	82	10	0.770	0.147
510.000000	82	10	0.739	0.150
516.000000	82	10	0.693	0.160
522.000000	82	10	0.622	0.174
528.000000	82	10	0.500	0.193
534.000000	82	10	0.288	0.218
540.000000	10	99	0.247	0.129
546.000000	10	99	0.298	0.129
552.000000	10	99	0.383	0.136
558.000000	10	99	0.492	0.145
564.000000	10	99	0.595	0.152
570.000000	10	99	0.670	0.157
576.000000	10	123	0.719	0.164
582.000000	10	123	0.741	0.181
588.000000	10	123	0.757	0.197
594.000000	10	123	0.773	0.212
600.000000	10	123	0.783	0.228
606.000000	10	123	0.789	0.244
612.000000	10	123	0.792	0.257
618.000000	10	123	0.796	0.269
624.000000	10	123	0.803	0.282
630.000000	10	123	0.807	0.294
636.000000	10	123	0.821	0.303
642.000000	10	123	0.830	0.310
648.000000	10	123	0.834	0.318
654.000000	10	123	0.838	0.327
660.000000	10	123	0.846	0.332
666.000000	10	123	0.854	0.340
672.000000	10	123	0.862	0.348
678.000000	10	123	0.866	0.356
684.000000	10	123	0.872	0.371
690.000000	10	123	0.878	0.390
696.000000	10	123	0.878	0.408
702.000000	10	123	0.875	0.432
708.000000	10	123	0.873	0.455
714.000000	10	123	0.873	0.472
720.000000	10	123	0.872	0.486
726.000000	10	123	0.869	0.498
732.000000	10	123	0.865	0.510
738.000000	10	123	0.858	0.518
744.000000	10	123	0.848	0.524
750.000000	10	123	0.837	0.530
756.000000	10	123	0.824	0.538
762.000000	10	123	0.810	0.548
768.000000	10	123	0.794	0.558
774.000000	10	123	0.772	0.568
780.000000	10	123	0.741	0.578
786.000000	10	123	0.697	0.584
792.000000	10	123	0.633	0.601
798.000000	123	10	0.621	0.536
804.000000	123	118	0.665	0.394
810.000000	123	118	0.732	0.379
816.000000	123	118	0.794	0.351
822.000000	123	118	0.843	0.306
828.000000	123	118	0.886	0.260
834.000000	123	118	0.908	0.222
840.000000	123	118	0.915	0.183
846.000000	123	118	0.917	0.139
852.000000	123	59	0.925	0.134
858.000000	123	59	0.928	0.154
864.000000	123	59	0.928	0.174
870.000000	123	59	0.925	0.194
876.000000	123	59	0.920	0.215
882.000000	123	59	0.913	0.238
888.000000	123	59	0.906	0.264
894.000000	123	59	0.897	0.295
900.000000	123	59	0.889	0.331
906.000000	123	59	0.879	0.371
912.000000	123	59	0.867	0.409
918.000000	123	59	0.853	0.447
924.000000	123	59	0.836	0.491
930.000000	123	59	0.814	0.533
936.000000	123	59	0.787	0.570
942.000000	123	59	0.756	0.602
948.000000	123	59	0.710	0.645
954.000000	59	123	0.682	0.650
960.000000	59	123	0.731	0.560
966.000000	59	123	0.792	0.417
972.000000	59	123	0.856	0.232
978.000000	59	16	0.918	0.138
984.000000	59	16	0.948	0.123
990.000000	59	16	0.957	0.107
996.000000	59	16	0.961	0.090
1002.000000	59	113	0.962	0.087
1008.000000	59	113	0.962	0.099
1014.000000	59	113	0.961	0.112
1020.000000	59	113	0.960	0.126
1026.000000	59	113	0.957	0.143
1032.000000	59	113	0.953	0.163
1038.000000	59	113	0.949	0.186
1044.000000	59	113	0.944	0.210
1050.000000	59	113	0.939	0.233
1056.000000	59	113	0.933	0.254
1062.000000	59	113	0.927	0.275
1068.000000	59	113	0.919	0.295
1074.000000	59	113	0.910	0.313
1080.000000	59	113	0.901	0.330
1086.000000	59	113	0.893	0.346
1092.000000	59	113	0.884	0.364
1098.000000	59	113	0.876	0.381
1104.000000	59	113	0.866	0.399
1110.000000	59	113	0.854	0.421
1116.000000	59	113	0.839	0.446
1122.000000	59	113	0.823	0.467
1128.000000	59	113	0.802	0.485
1134.000000	59	113	0.772	0.502
1140.000000	59	113	0.733	0.520
1146.000000	59	113	0.678	0.544
1152.000000	59	113	0.597	0.573
1158.000000	113	59	0.613	0.478
1164.000000	113	176	0.650	0.451
1170.000000	113	176	0.695	0.477
1176.000000	113	176	0.748	0.512
1182.000000	113	176	0.773	0.544
1188.000000	113	176	0.781	0.567
1194.000000	113	176	0.782	0.582
1200.000000	113	176	0.782	0.593
1206.000000	113	176	0.784	0.601
1212.000000	113	176	0.781	0.612
1218.000000	113	176	0.775	0.618
1224.000000	113	176	0.768	0.618
1230.000000	113	176	0.765	0.616
1236.000000	113	176	0.761	0.614
1242.000000	113	176	0.753	0.609
1248.000000	113	176	0.741	0.607
1254.000000	113	176	0.727	0.602
1260.000000	113	176	0.709	0.597
1266.000000	113	176	0.690	0.591
1272.000000	113	176	0.663	0.587
1278.000000	113	176	0.630	0.578
1284.000000	113	83	0.587	0.575
1290.000000	83	176	0.593	0.550
1296.000000	83	176	0.612	0.528
1302.000000	83	176	0.633	0.506
1308.000000	83	176	0.663	0.481
1314.000000	83	176	0.710	0.441
1320.000000	83	176	0.780	0.374
1326.000000	83	176	0.842	0.283
1332.000000	83	176	0.893	0.187
1338.000000	83	176	0.916	0.124
1344.000000	83	176	0.930	0.085
1350.000000	83	63	0.944	0.086
1356.000000	83	63	0.949	0.096
1362.000000	83	63	0.952	0.106
1368.000000	83	63	0.950	0.117
1374.000000	83	63	0.948	0.128
1380.000000	83	63	0.944	0.139
1386.000000	83	63	0.940	0.149
1392.000000	83	63	0.935	0.160
1398.000000	83	63	0.929	0.172
1404.000000	83	63	0.924	0.186
1410.000000	83	63	0.918	0.204
1416.000000	83	63	0.911	0.222
1422.000000	83	63	0.904	0.241
1428.000000	83	63	0.896	0.264
1434.000000	83	63	0.887	0.293
1440.000000	83	63	0.876	0.325
1446.000000	83	63	0.865	0.360
1452.000000	83	63	0.851	0.400
1458.000000	83	63	0.835	0.442
1464.000000	83	63	0.814	0.485
1470.000000	83	63	0.786	0.520
1476.000000	83	63	0.750	0.552
1482.000000	83	63	0.697	0.583
1488.000000	83	63	0.628	0.615
1494.000000	63	83	0.645	0.532
1500.000000	63	116	0.695	0.410
1506.000000	63	116	0.763	0.450
1512.000000	63	116	0.826	0.488
1518.000000	63	116	0.865	0.528
1524.000000	63	116	0.882	0.566
1530.000000	63	116	0.893	0.597
1536.000000	63	116	0.899	0.625
1542.000000	63	116	0.895	0.644
1548.000000	63	116	0.890	0.659
1554.000000	63	116	0.887	0.671
1560.000000	63	116	0.882	0.684
1566.000000	63	116	0.877	0.697
1572.000000	63	116	0.870	0.701
1578.000000	63	116	0.861	0.709
1584.000000	63	116	0.856	0.715
1590.000000	63	116	0.851	0.715
1596.000000	63	116	0.846	0.717
1602.000000	63	116	0.840	0.717
1608.000000	63	116	0.834	0.717
1614.000000	63	116	0.825	0.720
1620.000000	63	116	0.816	0.720
1626.000000	63	116	0.808	0.722
1632.000000	63	116	0.800	0.720
1638.000000	63	116	0.792	0.717
1644.000000	63	116	0.781	0.721
1650.000000	63	116	0.768	0.724
1656.000000	63	116	0.746	0.728
1662.000000	116	63	0.728	0.720
1668.000000	116	63	0.724	0.688
1674.000000	116	63	0.721	0.640
1680.000000	116	63	0.720	0.572
1686.000000	116	63	0.726	0.464
1692.000000	116	63	0.748	0.299
1698.000000	116	63	0.794	0.112
1704.000000	116	99	0.836	0.063
1710.000000	116	99	0.868	0.057
1716.000000	116	111	0.895	0.055
1722.000000	116	65	0.917	0.056
1728.000000	116	65	0.933	0.059
1734.000000	116	65	0.945	0.063
1740.000000	116	65	0.950	0.068
1746.000000	116	65	0.952	0.072
1752.000000	116	65	0.952	0.077
1758.000000	116	65	0.952	0.081
1764.000000	116	65	0.950	0.086
1770.000000	116	65	0.948	0.092
1776.000000	116	65	0.946	0.099
1782.000000	116	38	0.943	0.109
1788.000000	116	38	0.939	0.124
1794.000000	116	38	0.934	0.140
1800.000000	116	38	0.928	0.159
1806.000000	116	38	0.921	0.179
1812.000000	116	38	0.914	0.200
1818.000000	116	38	0.904	0.225
1824.000000	116	38	0.893	0.254
1830.000000	116	38	0.878	0.289
1836.000000	116	38	0.858	0.332
1842.000000	116	38	0.830	0.386
1848.000000	116	38	0.790	0.452
1854.000000	116	38	0.727	0.541
1860.000000	38	116	0.646	0.617
1866.000000	38	116	0.736	0.434
1872.000000	38	116	0.844	0.177
1878.000000	38	172	0.922	0.110
1884.000000	38	172	0.950	0.102
1890.000000	38	172	0.959	0.097
1896.000000	38	156	0.960	0.099
1902.000000	38	156	0.957	0.106
1908.000000	38	156	0.953	0.115
1914.000000	38	156	0.950	0.126
1920.000000	38	156	0.947	0.138
1926.000000	38	156	0.944	0.151
1932.000000	38	156	0.941	0.163
1938.000000	38	156	0.939	0.176
1944.000000	38	156	0.936	0.188
1950.000000	38	156	0.934	0.199
1956.000000	38	156	0.931	0.209
1962.000000	38	156	0.929	0.218
1968.000000	38	156	0.926	0.228
1974.000000	38	156	0.924	0.237
1980.000000	38	156	0.922	0.244
1986.000000	38	156	0.920	0.249
1992.000000	38	156	0.918	0.252
1998.000000	38	156	0.916	0.255
2004.000000	38	156	0.914	0.258
2010.000000	38	156	0.912	0.259
2016.000000	38	156	0.909	0.258
2022.000000	38	156	0.906	0.256
2028.000000	38	156	0.903	0.251
2034.000000	38	156	0.899	0.243
2040.000000	38	156	0.896	0.231
2046.000000	38	156	0.891	0.215
2052.000000	38	156	0.885	0.196
2058.000000	38	156	0.879	0.175
2064.000000	38	140	0.873	0.180
2070.000000	38	140	0.866	0.189
2076.000000	38	140	0.859	0.199
2082.000000	38	140	0.849	0.210
2088.000000	38	140	0.837	0.225
2094.000000	38	140	0.821	0.244
2100.000000	38	140	0.799	0.268
2106.000000	38	140	0.766	0.296
2112.000000	38	140	0.714	0.330
2118.000000	38	140	0.629	0.378
2124.000000	38	140	0.479	0.450
2130.000000	140	38	0.571	0.223
2136.000000	140	143	0.735	0.138
2142.000000	140	143	0.863	0.132
2148.000000	140	143	0.912	0.125
2154.000000	140	143	0.936	0.118
2160.000000	140	143	0.943	0.113
2166.000000	140	143	0.942	0.110
2172.000000	140	66	0.942	0.119
2178.000000	140	66	0.941	0.136
2184.000000	140	66	0.939	0.153
2190.000000	140	66	0.936	0.170
2196.000000	140	66	0.934	0.188
2202.000000	140	66	0.931	0.211
2208.000000	140	66	0.928	0.234
2214.000000	140	66	0.925	0.258
2220.000000	140	66	0.922	0.283
2226.000000	140	66	0.920	0.307
2232.000000	140	66	0.920	0.330
2238.000000	140	66	0.918	0.355
2244.000000	140	66	0.919	0.379
2250.000000	140	66	0.917	0.404
2256.000000	140	66	0.914	0.429
2262.000000	140	66	0.910	0.455
2268.000000	140	66	0.907	0.487
2274.000000	140	66	0.907	0.521
2280.000000	140	66	0.904	0.558
2286.000000	140	66	0.899	0.594
2292.000000	140	66	0.891	0.624
2298.000000	140	66	0.885	0.655
2304.000000	140	66	0.876	0.686
2310.000000	140	66	0.862	0.707
2316.000000	140	66	0.847	0.724
2322.000000	140	66	0.827	0.745
2328.000000	140	66	0.803	0.772
2334.000000	66	140	0.799	0.771
2340.000000	66	140	0.818	0.729
2346.000000	66	140	0.845	0.659
2352.000000	66	140	0.875	0.553
2358.000000	66	140	0.908	0.383
2364.000000	66	140	0.955	0.150
2370.000000	66	39	0.969	0.097
2376.000000	66	39	0.971	0.094
2382.000000	66	39	0.969	0.097
2388.000000	66	39	0.966	0.100
2394.000000	66	39	0.963	0.104
2400.000000	66	39	0.960	0.106
2406.000000	66	39	0.956	0.106
2412.000000	66	39	0.952	0.106
2418.000000	66	142	0.948	0.108
2424.000000	66	142	0.942	0.117
2430.000000	66	142	0.936	0.126
2436.000000	66	142	0.930	0.134
2442.000000	66	142	0.923	0.140
2448.000000	66	142	0.916	0.145
2454.000000	66	142	0.908	0.148
2460.000000	66	142	0.900	0.151
2466.000000	66	142	0.892	0.155
2472.000000	66	142	0.883	0.158
2478.000000	66	142	0.873	0.161
2484.000000	66	142	0.860	0.161
2490.000000	66	118	0.845	0.159
2496.000000	66	118	0.826	0.159
2502.000000	66	118	0.804	0.159
2508.000000	66	118	0.775	0.158
2514.000000	66	118	0.738	0.155
2520.000000	66	118	0.689	0.154
2526.000000	66	118	0.615	0.154
2532.000000	66	118	0.498	0.156
2538.000000	66	118	0.335	0.158
2544.000000	77	118	0.163	0.152
2550.000000	77	118	0.167	0.142
2556.000000	77	72	0.171	0.143
2562.000000	77	72	0.180	0.162
2568.000000	77	72	0.193	0.184
2574.000000	72	77	0.212	0.208
2580.000000	72	77	0.249	0.229
2586.000000	72	77	0.294	0.257
2592.000000	72	77	0.341	0.294
2598.000000	72	77	0.394	0.335
2604.000000	72	77	0.457	0.371
2610.000000	72	77	0.524	0.408
2616.000000	72	77	0.587	0.442
2622.000000	72	77	0.630	0.474
2628.000000	72	77	0.670	0.503
2634.000000	72	77	0.701	0.526
2640.000000	72	77	0.721	0.539
2646.000000	72	77	0.734	0.555
2652.000000	72	77	0.754	0.566
2658.000000	72	77	0.767	0.585
2664.000000	72	77	0.776	0.600
2670.000000	72	77	0.787	0.617
2676.000000	72	77	0.798	0.634
2682.000000	72	77	0.809	0.647
2688.000000	72	77	0.819	0.651
2694.000000	72	77	0.822	0.655
2700.000000	72	77	0.824	0.654
2706.000000	72	77	0.829	0.652
2712.000000	72	77	0.832	0.650
2718.000000	72	77	0.833	0.650
2724.000000	72	77	0.835	0.653
2730.000000	72	77	0.835	0.654
2736.000000	72	77	0.835	0.650
2742.000000	72	77	0.837	0.641
2748.000000	72	77	0.843	0.625
2754.000000	72	77	0.849	0.601
2760.000000	72	77	0.861	0.565
2766.000000	72	77	0.873	0.520
2772.000000	72	42	0.881	0.518
2778.000000	72	42	0.886	0.531
2784.000000	72	42	0.892	0.551
2790.000000	72	42	0.899	0.585
2796.000000	72	42	0.900	0.626
2802.000000	72	42	0.903	0.649
2808.000000	72	42	0.902	0.665
2814.000000	72	42	0.895	0.677
2820.000000	72	42	0.881	0.689
2826.000000	72	42	0.870	0.697
2832.000000	72	42	0.857	0.705
2838.000000	72	42	0.838	0.714
2844.000000	72	42	0.811	0.723
2850.000000	72	42	0.768	0.742
2856.000000	42	72	0.759	0.716
2862.000000	42	72	0.778	0.647
2868.000000	42	72	0.794	0.551
2874.000000	42	72	0.822	0.397
2880.000000	42	72	0.871	0.190
2886.000000	42	51	0.899	0.112
2892.000000	42	51	0.916	0.128
2898.000000	42	51	0.926	0.143
2904.000000	42	51	0.927	0.161
2910.000000	42	51	0.925	0.179
2916.000000	42	51	0.924	0.196
2922.000000	42	51	0.922	0.213
2928.000000	42	51	0.919	0.232
2934.000000	42	51	0.913	0.253
2940.000000	42	51	0.907	0.280
2946.000000	42	51	0.900	0.311
2952.000000	42	51	0.894	0.343
2958.000000	42	51	0.885	0.371
2964.000000	42	51	0.872	0.398
2970.000000	42	51	0.856	0.427
2976.000000	42	51	0.838	0.456
2982.000000	42	51	0.814	0.491
2988.000000	42	51	0.779	0.530
2994.000000	42	51	0.729	0.571
3000.000000	42	51	0.657	0.615
3006.000000	51	42	0.650	0.559
3012.000000	51	42	0.691	0.428
3018.000000	51	42	0.747	0.273
3024.000000	51	175	0.791	0.293
3030.000000	51	175	0.836	0.321
3036.000000	51	175	0.866	0.354
3042.000000	51	175	0.884	0.399
3048.000000	51	175	0.897	0.448
3054.000000	51	175	0.903	0.485
3060.000000	51	175	0.907	0.515
3066.000000	51	175	0.912	0.543
3072.000000	51	175	0.916	0.568
3078.000000	51	175	0.917	0.591
3084.000000	51	175	0.916	0.604
3090.000000	51	175	0.914	0.619
3096.000000	51	175	0.913	0.629
3102.000000	51	175	0.912	0.634
3108.000000	51	175	0.911	0.636
3114.000000	51	175	0.913	0.637
3120.000000	51	175	0.911	0.639
3126.000000	51	175	0.908	0.640
3132.000000	51	175	0.905	0.638
3138.000000	51	175	0.905	0.632
3144.000000	51	175	0.900	0.632
3150.000000	51	175	0.896	0.634
3156.000000	51	175	0.891	0.629
3162.000000	51	175	0.886	0.624
3168.000000	51	175	0.879	0.621
3174.000000	51	175	0.871	0.616
3180.000000	51	175	0.862	0.607
3186.000000	51	175	0.850	0.589
3192.000000	51	175	0.832	0.570
3198.000000	51	175	0.814	0.541
3204.000000	51	175	0.793	0.499
3210.000000	51	175	0.767	0.440
3216.000000	51	175	0.738	0.362
3222.000000	51	175	0.705	0.264
3228.000000	51	175	0.659	0.162
3234.000000	51	175	0.578	0.083
3240.000000	51	170	0.427	0.061
3246.000000	51	199	0.182	0.052
3252.000000	199	170	0.048	0.033
3258.000000	199	49	0.045	0.026
3264.000000	199	159	0.041	0.021
3270.000000	199	159	0.035	0.020
3276.000000	199	159	0.028	0.018
3282.000000	199	159	0.021	0.015
3288.000000	199	159	0.014	0.011
3294.000000	199	159	0.008	0.008
