0.000000	125	102	0.000	0.000
6.000000	54	118	0.986	0.044
12.000000	54	118	0.985	0.047
18.000000	54	118	0.984	0.051
24.000000	54	118	0.982	0.054
30.000000	54	61	0.981	0.059
36.000000	54	61	0.979	0.066
42.000000	54	61	0.977	0.073
48.000000	54	61	0.974	0.082
54.000000	54	61	0.971	0.091
60.000000	54	61	0.968	0.100
66.000000	54	61	0.965	0.109
72.000000	54	61	0.962	0.118
78.000000	54	61	0.959	0.127
84.000000	54	61	0.956	0.137
90.000000	54	61	0.953	0.146
96.000000	54	61	0.950	0.153
102.000000	54	109	0.947	0.161
108.000000	54	109	0.944	0.171
114.000000	54	109	0.941	0.181
120.000000	54	109	0.939	0.191
126.000000	54	109	0.937	0.201
132.000000	54	109	0.935	0.210
138.000000	54	109	0.933	0.218
144.000000	54	109	0.931	0.225
150.000000	54	109	0.929	0.232
156.000000	54	109	0.927	0.238
162.000000	54	109	0.925	0.241
168.000000	54	109	0.923	0.244
174.000000	54	109	0.921	0.245
180.000000	54	109	0.918	0.244
186.000000	54	109	0.914	0.242
192.000000	54	64	0.910	0.251
198.000000	54	64	0.906	0.273
204.000000	54	64	0.900	0.296
210.000000	54	64	0.894	0.322
216.000000	54	64	0.886	0.353
222.000000	54	64	0.874	0.401
228.000000	54	64	0.861	0.464
234.000000	54	64	0.843	0.537
240.000000	54	64	0.822	0.610
246.000000	54	64	0.795	0.668
252.000000	54	64	0.756	0.707
258.000000	64	54	0.738	0.695
264.000000	64	54	0.779	0.595
270.000000	64	54	0.832	0.433
276.000000	64	54	0.892	0.204
282.000000	64	3	0.950	0.065
288.000000	64	3	0.960	0.066
294.000000	64	3	0.958	0.069
300.000000	64	3	0.955	0.072
306.000000	64	3	0.952	0.077
312.000000	64	3	0.949	0.083
318.000000	64	3	0.945	0.089
324.000000	64	129	0.940	0.097
330.000000	64	129	0.935	0.106
336.000000	64	189	0.932	0.117
342.000000	64	189	0.928	0.131
348.000000	64	189	0.923	0.143
354.000000	64	189	0.916	0.155
360.000000	64	189	0.909	0.166
366.000000	64	189	0.901	0.176
372.000000	64	189	0.893	0.186
378.000000	64	189	0.885	0.197
384.000000	64	189	0.877	0.208
390.000000	64	189	0.868	0.223
396.000000	64	189	0.858	0.242
402.000000	64	189	0.848	0.266
408.000000	64	189	0.836	0.295
414.000000	64	189	0.824	0.325
420.000000	64	189	0.811	0.357
426.000000	64	189	0.795	0.395
432.000000	64	189	0.779	0.437
438.000000	64	189	0.762	0.483
444.000000	64	189	0.738	0.525
450.000000	64	189	0.697	0.569
456.000000	64	189	0.639	0.617
462.000000	189	64	0.678	0.554
468.000000	189	64	0.745	0.415
474.000000	189	64	0.829	0.222
480.000000	189	92	0.894	0.155
486.000000	189	92	0.923	0.145
492.000000	189	92	0.934	0.143
498.000000	189	92	0.933	0.142
504.000000	189	92	0.932	0.139
510.000000	189	92	0.930	0.136
516.000000	189	92	0.931	0.132
522.000000	189	92	0.932	0.130
528.000000	189	92	0.930	0.128
534.000000	189	92	0.928	0.127
540.000000	189	92	0.925	0.126
546.000000	189	92	0.924	0.126
552.000000	189	92	0.922	0.126
558.000000	189	162	0.920	0.129
564.000000	189	100	0.919	0.132
570.000000	189	100	0.918	0.146
576.000000	189	100	0.917	0.163
582.000000	189	100	0.915	0.182
588.000000	189	100	0.913	0.204
594.000000	189	100	0.912	0.230
600.000000	189	100	0.910	0.255
606.000000	189	100	0.908	0.282
612.000000	189	100	0.906	0.314
618.000000	189	100	0.902	0.361
624.000000	189	100	0.896	0.423
630.000000	189	100	0.888	0.503
636.000000	189	100	0.878	0.591
642.000000	189	100	0.864	0.659
648.000000	189	100	0.845	0.709
654.000000	189	100	0.816	0.766
660.000000	100	189	0.805	0.786
666.000000	100	189	0.831	0.742
672.000000	100	189	0.852	0.678
678.000000	100	189	0.868	0.591
684.000000	100	189	0.901	0.445
690.000000	100	189	0.934	0.242
696.000000	100	140	0.962	0.063
702.000000	100	89	0.974	0.070
708.000000	100	89	0.971	0.083
714.000000	100	89	0.968	0.098
720.000000	100	89	0.964	0.116
726.000000	100	89	0.959	0.135
732.000000	100	89	0.955	0.155
738.000000	100	89	0.951	0.176
744.000000	100	89	0.947	0.199
750.000000	100	89	0.942	0.222
756.000000	100	89	0.936	0.247
762.000000	100	89	0.931	0.273
768.000000	100	89	0.925	0.299
774.000000	100	89	0.919	0.327
780.000000	100	89	0.912	0.357
786.000000	100	89	0.905	0.389
792.000000	100	89	0.898	0.423
798.000000	100	89	0.891	0.460
804.000000	100	89	0.882	0.498
810.000000	100	89	0.874	0.530
816.000000	100	89	0.867	0.554
822.000000	100	89	0.857	0.581
828.000000	100	89	0.845	0.608
834.000000	100	89	0.828	0.628
840.000000	100	89	0.802	0.648
846.000000	100	89	0.769	0.666
852.000000	100	89	0.725	0.692
858.000000	89	100	0.716	0.670
864.000000	89	100	0.751	0.586
870.000000	89	100	0.810	0.434
876.000000	89	140	0.876	0.273
882.000000	89	140	0.927	0.256
888.000000	89	140	0.950	0.238
894.000000	89	140	0.954	0.231
900.000000	89	140	0.955	0.224
906.000000	89	140	0.953	0.215
912.000000	89	140	0.954	0.205
918.000000	89	140	0.952	0.190
924.000000	89	140	0.949	0.172
930.000000	89	98	0.947	0.160
936.000000	89	98	0.944	0.172
942.000000	89	98	0.941	0.186
948.000000	89	63	0.937	0.203
954.000000	89	63	0.932	0.225
960.000000	89	63	0.927	0.250
966.000000	89	63	0.921	0.276
972.000000	89	63	0.915	0.298
978.000000	89	63	0.908	0.317
984.000000	89	63	0.901	0.335
990.000000	89	63	0.892	0.356
996.000000	89	63	0.881	0.379
1002.000000	89	63	0.866	0.404
1008.000000	89	63	0.848	0.433
1014.000000	89	63	0.825	0.466
1020.000000	89	63	0.797	0.502
1026.000000	89	63	0.767	0.534
1032.000000	89	63	0.728	0.561
1038.000000	89	63	0.673	0.593
1044.000000	63	89	0.616	0.598
1050.000000	63	98	0.642	0.547
1056.000000	63	98	0.690	0.603
1062.000000	63	98	0.731	0.667
1068.000000	63	98	0.769	0.733
1074.000000	63	98	0.797	0.768
1080.000000	63	98	0.803	0.788
1086.000000	63	98	0.805	0.791
1092.000000	63	98	0.805	0.791
1098.000000	63	98	0.800	0.788
1104.000000	63	98	0.790	0.789
1110.000000	98	63	0.786	0.782
1116.000000	98	63	0.784	0.773
1122.000000	98	63	0.780	0.765
1128.000000	98	63	0.774	0.758
1134.000000	98	63	0.767	0.751
1140.000000	98	63	0.758	0.741
1146.000000	98	63	0.748	0.729
1152.000000	98	63	0.734	0.717
1158.000000	98	63	0.719	0.701
1164.000000	98	63	0.699	0.685
1170.000000	98	63	0.678	0.666
1176.000000	98	63	0.656	0.640
1182.000000	98	63	0.629	0.608
1188.000000	98	63	0.595	0.571
1194.000000	98	63	0.551	0.527
1200.000000	98	63	0.500	0.469
1206.000000	170	98	0.478	0.430
1212.000000	170	98	0.542	0.346
1218.000000	170	98	0.625	0.243
1224.000000	170	98	0.718	0.137
1230.000000	170	54	0.799	0.131
1236.000000	170	172	0.858	0.124
1242.000000	170	172	0.890	0.125
1248.000000	170	172	0.902	0.124
1254.000000	170	172	0.914	0.123
1260.000000	170	172	0.920	0.120
1266.000000	170	172	0.929	0.117
1272.000000	170	69	0.931	0.121
1278.000000	170	69	0.934	0.127
1284.000000	170	69	0.936	0.132
1290.000000	170	69	0.936	0.135
1296.000000	170	69	0.933	0.138
1302.000000	170	69	0.931	0.139
1308.000000	170	73	0.928	0.139
1314.000000	170	194	0.925	0.147
1320.000000	170	194	0.922	0.156
1326.000000	170	194	0.919	0.165
1332.000000	170	194	0.916	0.174
1338.000000	170	194	0.912	0.182
1344.000000	170	194	0.909	0.188
1350.000000	170	194	0.908	0.192
1356.000000	170	194	0.905	0.195
1362.000000	170	194	0.901	0.199
1368.000000	170	154	0.895	0.204
1374.000000	170	154	0.889	0.219
1380.000000	170	154	0.882	0.235
1386.000000	170	154	0.873	0.248
1392.000000	170	154	0.861	0.260
1398.000000	170	154	0.848	0.273
1404.000000	170	154	0.831	0.289
1410.000000	170	154	0.807	0.310
1416.000000	170	154	0.775	0.340
1422.000000	170	154	0.733	0.375
1428.000000	170	154	0.674	0.413
1434.000000	170	154	0.587	0.458
1440.000000	154	170	0.511	0.459
1446.000000	154	194	0.575	0.375
1452.000000	154	194	0.654	0.414
1458.000000	154	194	0.730	0.443
1464.000000	154	194	0.780	0.473
1470.000000	154	194	0.808	0.512
1476.000000	154	194	0.826	0.548
1482.000000	154	194	0.838	0.574
1488.000000	154	194	0.845	0.591
1494.000000	154	194	0.850	0.606
1500.000000	154	194	0.848	0.619
1506.000000	154	194	0.845	0.630
1512.000000	154	194	0.842	0.637
1518.000000	154	194	0.841	0.646
1524.000000	154	194	0.841	0.658
1530.000000	154	194	0.840	0.670
1536.000000	154	194	0.841	0.677
1542.000000	154	194	0.840	0.685
1548.000000	154	194	0.835	0.697
1554.000000	154	194	0.830	0.710
1560.000000	154	194	0.831	0.717
1566.000000	154	194	0.829	0.721
1572.000000	154	194	0.827	0.724
1578.000000	154	194	0.828	0.726
1584.000000	154	194	0.824	0.730
1590.000000	154	194	0.819	0.731
1596.000000	154	194	0.813	0.731
1602.000000	154	194	0.809	0.729
1608.000000	154	194	0.803	0.728
1614.000000	154	194	0.794	0.727
1620.000000	154	194	0.781	0.723
1626.000000	154	194	0.765	0.719
1632.000000	154	194	0.739	0.716
1638.000000	194	154	0.706	0.706
1644.000000	194	154	0.696	0.660
1650.000000	194	154	0.678	0.586
1656.000000	194	154	0.660	0.457
1662.000000	194	154	0.647	0.251
1668.000000	194	117	0.649	0.095
1674.000000	194	117	0.643	0.108
1680.000000	194	117	0.622	0.126
1686.000000	194	117	0.584	0.151
1692.000000	194	117	0.524	0.189
1698.000000	194	117	0.432	0.251
1704.000000	117	194	0.356	0.308
1710.000000	117	194	0.532	0.181
1716.000000	117	194	0.734	0.090
1722.000000	117	42	0.874	0.049
1728.000000	117	198	0.934	0.049
1734.000000	117	198	0.956	0.053
1740.000000	117	198	0.961	0.054
1746.000000	117	82	0.967	0.062
1752.000000	117	82	0.967	0.070
1758.000000	117	82	0.965	0.079
1764.000000	117	82	0.964	0.088
1770.000000	117	82	0.961	0.099
1776.000000	117	82	0.959	0.111
1782.000000	117	82	0.957	0.123
1788.000000	117	82	0.955	0.134
1794.000000	117	82	0.953	0.144
1800.000000	117	82	0.951	0.153
1806.000000	117	82	0.949	0.160
1812.000000	117	82	0.947	0.167
1818.000000	117	82	0.946	0.173
1824.000000	117	82	0.944	0.181
1830.000000	117	82	0.943	0.190
1836.000000	117	82	0.941	0.200
1842.000000	117	82	0.940	0.211
1848.000000	117	82	0.939	0.221
1854.000000	117	82	0.938	0.230
1860.000000	117	82	0.937	0.240
1866.000000	117	82	0.936	0.249
1872.000000	117	82	0.934	0.257
1878.000000	117	82	0.932	0.267
1884.000000	117	82	0.929	0.280
1890.000000	117	82	0.927	0.292
1896.000000	117	82	0.924	0.304
1902.000000	117	82	0.921	0.320
1908.000000	117	82	0.914	0.345
1914.000000	117	82	0.907	0.377
1920.000000	117	82	0.899	0.416
1926.000000	117	82	0.887	0.462
1932.000000	117	82	0.870	0.512
1938.000000	117	82	0.842	0.563
1944.000000	117	82	0.799	0.624
1950.000000	117	82	0.749	0.680
1956.000000	82	117	0.742	0.674
1962.000000	82	117	0.794	0.562
1968.000000	82	117	0.851	0.377
1974.000000	82	117	0.909	0.148
1980.000000	82	165	0.943	0.108
1986.000000	82	165	0.954	0.112
1992.000000	82	165	0.955	0.121
1998.000000	82	165	0.952	0.136
2004.000000	82	165	0.951	0.152
2010.000000	82	165	0.949	0.164
2016.000000	82	165	0.945	0.177
2022.000000	82	165	0.939	0.188
2028.000000	82	165	0.934	0.196
2034.000000	82	165	0.928	0.201
2040.000000	82	165	0.922	0.204
2046.000000	82	165	0.916	0.206
2052.000000	82	165	0.911	0.206
2058.000000	82	165	0.905	0.204
2064.000000	82	165	0.898	0.200
2070.000000	82	165	0.892	0.193
2076.000000	82	165	0.886	0.183
2082.000000	82	47	0.880	0.181
2088.000000	82	47	0.873	0.189
2094.000000	82	47	0.866	0.199
2100.000000	82	47	0.859	0.211
2106.000000	82	47	0.851	0.226
2112.000000	82	47	0.842	0.241
2118.000000	82	47	0.829	0.256
2124.000000	82	47	0.812	0.273
2130.000000	82	47	0.790	0.290
2136.000000	82	47	0.760	0.309
2142.000000	82	47	0.722	0.332
2148.000000	82	47	0.674	0.363
2154.000000	82	47	0.607	0.404
2160.000000	82	47	0.510	0.456
2166.000000	47	82	0.522	0.358
2172.000000	47	105	0.625	0.369
2178.000000	47	105	0.723	0.428
2184.000000	47	105	0.769	0.489
2190.000000	47	105	0.791	0.543
2196.000000	47	105	0.805	0.582
2202.000000	47	105	0.808	0.610
2208.000000	47	105	0.811	0.632
2214.000000	47	105	0.810	0.647
2220.000000	47	105	0.810	0.658
2226.000000	47	105	0.809	0.665
2232.000000	47	105	0.807	0.668
2238.000000	47	105	0.805	0.670
2244.000000	47	105	0.803	0.672
2250.000000	47	105	0.802	0.673
2256.000000	47	105	0.801	0.675
2262.000000	47	105	0.800	0.676
2268.000000	47	105	0.797	0.677
2274.000000	47	105	0.792	0.679
2280.000000	47	105	0.788	0.678
2286.000000	47	105	0.783	0.674
2292.000000	47	105	0.775	0.673
2298.000000	47	105	0.768	0.667
2304.000000	47	105	0.760	0.663
2310.000000	47	105	0.756	0.652
2316.000000	47	105	0.751	0.641
2322.000000	47	105	0.744	0.625
2328.000000	47	105	0.733	0.604
2334.000000	47	105	0.719	0.574
2340.000000	47	105	0.704	0.528
2346.000000	47	105	0.686	0.464
2352.000000	47	105	0.670	0.365
2358.000000	47	105	0.649	0.246
2364.000000	47	105	0.624	0.131
2370.000000	47	67	0.581	0.119
2376.000000	47	67	0.511	0.118
2382.000000	47	67	0.398	0.121
2388.000000	47	67	0.226	0.125
2394.000000	67	73	0.130	0.084
2400.000000	67	73	0.140	0.084
2406.000000	67	73	0.164	0.086
2412.000000	67	73	0.206	0.089
2418.000000	67	73	0.279	0.092
2424.000000	67	73	0.409	0.097
2430.000000	67	73	0.594	0.104
2436.000000	67	73	0.756	0.111
2442.000000	67	73	0.847	0.112
2448.000000	67	73	0.895	0.108
2454.000000	67	73	0.921	0.104
2460.000000	67	73	0.934	0.099
2466.000000	67	71	0.939	0.112
2472.000000	67	71	0.945	0.127
2478.000000	67	71	0.946	0.146
2484.000000	67	71	0.945	0.166
2490.000000	67	71	0.943	0.189
2496.000000	67	71	0.941	0.213
2502.000000	67	71	0.939	0.243
2508.000000	67	71	0.937	0.276
2514.000000	67	71	0.934	0.306
2520.000000	67	71	0.931	0.333
2526.000000	67	71	0.929	0.358
2532.000000	67	71	0.926	0.383
2538.000000	67	71	0.925	0.408
2544.000000	67	71	0.926	0.432
2550.000000	67	71	0.927	0.457
2556.000000	67	71	0.926	0.485
2562.000000	67	71	0.925	0.511
2568.000000	67	71	0.924	0.532
2574.000000	67	71	0.923	0.552
2580.000000	67	71	0.922	0.578
2586.000000	67	71	0.921	0.611
2592.000000	67	71	0.917	0.649
2598.000000	67	71	0.913	0.683
2604.000000	67	71	0.909	0.710
2610.000000	67	71	0.907	0.733
2616.000000	67	71	0.904	0.754
2622.000000	67	71	0.897	0.768
2628.000000	67	71	0.881	0.783
2634.000000	67	71	0.862	0.794
2640.000000	67	71	0.832	0.810
2646.000000	71	67	0.831	0.789
2652.000000	71	67	0.844	0.741
2658.000000	71	67	0.864	0.670
2664.000000	71	67	0.877	0.568
2670.000000	71	67	0.907	0.378
2676.000000	71	67	0.951	0.117
2682.000000	71	126	0.972	0.061
2688.000000	71	126	0.974	0.066
2694.000000	71	126	0.973	0.072
2700.000000	71	126	0.971	0.080
2706.000000	71	126	0.969	0.088
2712.000000	71	126	0.967	0.098
2718.000000	71	126	0.964	0.110
2724.000000	71	126	0.960	0.123
2730.000000	71	126	0.956	0.138
2736.000000	71	126	0.952	0.156
2742.000000	71	126	0.947	0.179
2748.000000	71	126	0.941	0.205
2754.000000	71	126	0.935	0.230
2760.000000	71	126	0.928	0.257
2766.000000	71	126	0.920	0.288
2772.000000	71	126	0.910	0.325
2778.000000	71	126	0.897	0.368
2784.000000	71	126	0.881	0.421
2790.000000	71	126	0.862	0.480
2796.000000	71	126	0.835	0.540
2802.000000	71	126	0.799	0.593
2808.000000	71	126	0.745	0.654
2814.000000	126	71	0.725	0.664
2820.000000	126	71	0.778	0.559
2826.000000	126	71	0.829	0.395
2832.000000	126	71	0.871	0.206
2838.000000	126	133	0.909	0.138
2844.000000	126	133	0.939	0.141
2850.000000	126	133	0.941	0.145
2856.000000	126	133	0.938	0.150
2862.000000	126	133	0.937	0.157
2868.000000	126	133	0.933	0.162
2874.000000	126	133	0.932	0.166
2880.000000	126	169	0.929	0.176
2886.000000	126	169	0.925	0.188
2892.000000	126	169	0.920	0.200
2898.000000	126	169	0.914	0.212
2904.000000	126	169	0.908	0.223
2910.000000	126	169	0.902	0.231
2916.000000	126	169	0.896	0.237
2922.000000	126	169	0.891	0.241
2928.000000	126	169	0.886	0.244
2934.000000	126	169	0.880	0.246
2940.000000	126	157	0.874	0.247
2946.000000	126	157	0.867	0.250
2952.000000	126	157	0.858	0.254
2958.000000	126	157	0.847	0.258
2964.000000	126	157	0.836	0.261
2970.000000	126	157	0.822	0.261
2976.000000	126	157	0.806	0.260
2982.000000	126	157	0.787	0.258
2988.000000	126	157	0.764	0.256
2994.000000	126	157	0.734	0.255
3000.000000	126	157	0.698	0.259
3006.000000	126	157	0.654	0.270
3012.000000	126	157	0.596	0.287
3018.000000	126	157	0.516	0.304
3024.000000	126	157	0.394	0.322
3030.000000	157	126	0.355	0.219
3036.000000	157	3	0.414	0.168
3042.000000	157	3	0.492	0.190
3048.000000	157	3	0.588	0.216
3054.000000	157	3	0.668	0.253
3060.000000	157	3	0.720	0.297
3066.000000	157	3	0.767	0.344
3072.000000	157	3	0.793	0.392
3078.000000	157	3	0.806	0.433
3084.000000	157	3	0.812	0.467
3090.000000	157	3	0.815	0.497
3096.000000	157	3	0.815	0.524
3102.000000	157	3	0.814	0.549
3108.000000	157	3	0.813	0.572
3114.000000	157	3	0.811	0.588
3120.000000	157	3	0.809	0.597
3126.000000	157	3	0.806	0.607
3132.000000	157	3	0.802	0.614
3138.000000	157	3	0.797	0.620
3144.000000	157	3	0.793	0.631
3150.000000	157	3	0.792	0.641
3156.000000	157	3	0.794	0.648
3162.000000	157	3	0.792	0.657
3168.000000	157	3	0.786	0.673
3174.000000	157	3	0.781	0.683
3180.000000	157	3	0.773	0.691
3186.000000	157	3	0.764	0.701
3192.000000	157	3	0.753	0.715
3198.000000	157	3	0.736	0.730
3204.000000	3	157	0.747	0.713
3210.000000	3	157	0.764	0.687
3216.000000	3	157	0.783	0.649
3222.000000	3	157	0.798	0.595
3228.000000	3	157	0.818	0.513
3234.000000	3	157	0.844	0.387
3240.000000	3	66	0.886	0.213
3246.000000	3	66	0.921	0.222
3252.000000	3	66	0.932	0.243
3258.000000	3	66	0.935	0.277
3264.000000	3	66	0.934	0.322
3270.000000	3	66	0.932	0.378
3276.000000	3	66	0.927	0.438
3282.000000	3	66	0.921	0.487
3288.000000	3	66	0.914	0.527
3294.000000	3	66	0.906	0.558
3300.000000	3	66	0.896	0.584
3306.000000	3	66	0.881	0.609
3312.000000	3	66	0.867	0.631
3318.000000	3	66	0.853	0.644
3324.000000	3	66	0.836	0.659
3330.000000	3	66	0.810	0.672
3336.000000	3	66	0.770	0.693
3342.000000	3	66	0.725	0.706
3348.000000	66	3	0.723	0.657
3354.000000	66	3	0.758	0.543
3360.000000	66	3	0.810	0.395
3366.000000	66	3	0.866	0.211
3372.000000	66	39	0.920	0.095
3378.000000	66	39	0.940	0.104
3384.000000	66	39	0.952	0.113
3390.000000	66	39	0.958	0.120
3396.000000	66	39	0.958	0.130
3402.000000	66	39	0.958	0.137
3408.000000	66	39	0.958	0.143
3414.000000	66	39	0.956	0.148
3420.000000	66	39	0.954	0.151
3426.000000	66	39	0.951	0.153
3432.000000	66	39	0.947	0.153
3438.000000	66	39	0.944	0.153
3444.000000	66	39	0.940	0.153
3450.000000	66	39	0.935	0.153
3456.000000	66	39	0.930	0.154
3462.000000	66	118	0.923	0.161
3468.000000	66	118	0.916	0.167
3474.000000	66	118	0.909	0.171
3480.000000	66	118	0.900	0.174
3486.000000	66	118	0.890	0.176
3492.000000	66	26	0.877	0.183
3498.000000	66	26	0.863	0.194
3504.000000	66	26	0.847	0.208
3510.000000	66	26	0.829	0.224
3516.000000	66	26	0.806	0.242
3522.000000	66	26	0.777	0.262
3528.000000	66	26	0.737	0.286
3534.000000	66	26	0.682	0.319
3540.000000	66	26	0.599	0.366
3546.000000	66	26	0.469	0.426
3552.000000	26	40	0.512	0.298
3558.000000	26	40	0.627	0.320
3564.000000	26	40	0.733	0.340
3570.000000	26	40	0.800	0.359
3576.000000	26	40	0.829	0.382
3582.000000	26	40	0.845	0.395
3588.000000	26	40	0.855	0.408
3594.000000	26	40	0.864	0.418
3600.000000	26	40	0.868	0.425
3606.000000	26	40	0.868	0.432
3612.000000	26	40	0.868	0.439
3618.000000	26	40	0.869	0.440
3624.000000	26	40	0.875	0.438
3630.000000	26	40	0.876	0.437
3636.000000	26	40	0.880	0.433
3642.000000	26	40	0.885	0.428
3648.000000	26	40	0.888	0.421
3654.000000	26	40	0.891	0.410
3660.000000	26	40	0.895	0.394
3666.000000	26	40	0.898	0.370
3672.000000	26	40	0.902	0.335
3678.000000	26	40	0.906	0.287
3684.000000	26	40	0.912	0.222
3690.000000	26	40	0.916	0.144
3696.000000	26	141	0.925	0.088
3702.000000	26	141	0.932	0.081
3708.000000	26	89	0.934	0.087
3714.000000	26	89	0.935	0.092
3720.000000	26	89	0.936	0.099
3726.000000	26	89	0.937	0.107
3732.000000	26	89	0.939	0.117
3738.000000	26	89	0.937	0.129
3744.000000	26	89	0.935	0.142
3750.000000	26	89	0.931	0.155
3756.000000	26	89	0.926	0.170
3762.000000	26	89	0.920	0.187
3768.000000	26	89	0.912	0.209
3774.000000	26	89	0.902	0.236
3780.000000	26	89	0.890	0.267
3786.000000	26	89	0.873	0.304
3792.000000	26	89	0.849	0.353
3798.000000	26	89	0.817	0.416
3804.000000	26	89	0.771	0.490
3810.000000	26	89	0.699	0.575
3816.000000	89	26	0.668	0.575
3822.000000	89	26	0.741	0.386
3828.000000	89	124	0.832	0.252
3834.000000	89	124	0.894	0.267
3840.000000	89	124	0.912	0.290
3846.000000	89	124	0.921	0.318
3852.000000	89	124	0.927	0.354
3858.000000	89	124	0.931	0.395
3864.000000	89	124	0.930	0.436
3870.000000	89	124	0.924	0.474
3876.000000	89	124	0.918	0.512
3882.000000	89	124	0.914	0.541
3888.000000	89	124	0.910	0.568
3894.000000	89	124	0.907	0.585
3900.000000	89	124	0.904	0.598
3906.000000	89	124	0.901	0.608
3912.000000	89	124	0.899	0.614
3918.000000	89	124	0.897	0.621
3924.000000	89	124	0.894	0.626
3930.000000	89	124	0.892	0.631
3936.000000	89	124	0.890	0.637
3942.000000	89	124	0.889	0.643
3948.000000	89	124	0.887	0.651
3954.000000	89	124	0.886	0.662
3960.000000	89	124	0.884	0.668
3966.000000	89	124	0.879	0.677
3972.000000	89	124	0.875	0.685
3978.000000	89	124	0.869	0.693
3984.000000	89	124	0.863	0.706
3990.000000	89	124	0.858	0.715
3996.000000	89	124	0.852	0.719
4002.000000	89	124	0.843	0.724
4008.000000	89	124	0.829	0.732
4014.000000	89	124	0.818	0.733
4020.000000	89	124	0.803	0.734
4026.000000	89	124	0.781	0.737
4032.000000	89	124	0.751	0.740
4038.000000	124	89	0.746	0.704
4044.000000	124	89	0.753	0.631
4050.000000	124	89	0.773	0.497
4056.000000	124	89	0.830	0.253
4062.000000	124	154	0.897	0.057
4068.000000	124	154	0.925	0.060
4074.000000	124	154	0.935	0.064
4080.000000	124	154	0.937	0.068
4086.000000	124	154	0.937	0.073
4092.000000	124	154	0.935	0.077
4098.000000	124	154	0.932	0.082
4104.000000	124	154	0.927	0.087
4110.000000	124	154	0.921	0.091
4116.000000	124	154	0.914	0.096
4122.000000	124	154	0.906	0.101
4128.000000	124	154	0.896	0.106
4134.000000	124	154	0.885	0.111
4140.000000	124	154	0.872	0.116
4146.000000	124	154	0.856	0.122
4152.000000	124	154	0.838	0.129
4158.000000	124	154	0.814	0.137
4164.000000	124	154	0.783	0.146
4170.000000	124	154	0.743	0.155
4176.000000	124	154	0.685	0.167
4182.000000	124	154	0.600	0.185
4188.000000	124	154	0.473	0.211
4194.000000	124	154	0.298	0.247
4200.000000	154	191	0.291	0.164
4206.000000	154	191	0.345	0.180
4212.000000	154	191	0.418	0.196
4218.000000	154	191	0.502	0.208
4224.000000	154	191	0.582	0.212
4230.000000	154	191	0.641	0.214
4236.000000	154	42	0.684	0.221
4242.000000	154	42	0.711	0.236
4248.000000	154	42	0.732	0.250
4254.000000	154	42	0.742	0.266
4260.000000	154	42	0.750	0.285
4266.000000	154	42	0.756	0.303
4272.000000	154	42	0.761	0.326
4278.000000	154	42	0.771	0.348
4284.000000	154	28	0.780	0.375
4290.000000	154	28	0.793	0.406
4296.000000	154	28	0.806	0.437
4302.000000	154	28	0.814	0.463
4308.000000	154	28	0.817	0.491
4314.000000	154	28	0.818	0.521
4320.000000	154	28	0.818	0.552
4326.000000	154	28	0.819	0.572
4332.000000	154	28	0.818	0.588
4338.000000	154	28	0.814	0.605
4344.000000	154	28	0.812	0.624
4350.000000	154	28	0.815	0.644
4356.000000	154	28	0.812	0.664
4362.000000	154	28	0.807	0.683
4368.000000	154	28	0.796	0.698
4374.000000	154	28	0.783	0.715
4380.000000	154	28	0.772	0.732
4386.000000	154	28	0.763	0.748
4392.000000	28	154	0.771	0.752
4398.000000	28	154	0.790	0.735
4404.000000	28	154	0.808	0.706
4410.000000	28	154	0.831	0.664
4416.000000	28	154	0.847	0.609
4422.000000	28	154	0.868	0.526
4428.000000	28	154	0.892	0.399
4434.000000	28	154	0.919	0.224
4440.000000	28	162	0.941	0.075
4446.000000	28	162	0.955	0.079
4452.000000	28	162	0.958	0.083
4458.000000	28	162	0.959	0.086
4464.000000	28	162	0.957	0.089
4470.000000	28	162	0.954	0.091
4476.000000	28	162	0.951	0.094
4482.000000	28	162	0.949	0.098
4488.000000	28	162	0.946	0.104
4494.000000	28	162	0.944	0.111
4500.000000	28	162	0.941	0.118
4506.000000	28	162	0.938	0.127
4512.000000	28	162	0.935	0.136
4518.000000	28	162	0.931	0.145
4524.000000	28	162	0.926	0.155
4530.000000	28	162	0.921	0.166
4536.000000	28	162	0.916	0.179
4542.000000	28	162	0.910	0.194
4548.000000	28	162	0.904	0.210
4554.000000	28	162	0.898	0.228
4560.000000	28	162	0.890	0.248
4566.000000	28	162	0.881	0.269
4572.000000	28	162	0.870	0.295
4578.000000	28	162	0.856	0.326
4584.000000	28	162	0.836	0.363
4590.000000	28	162	0.807	0.407
4596.000000	28	162	0.759	0.462
4602.000000	28	162	0.675	0.538
4608.000000	162	28	0.633	0.532
4614.000000	162	14	0.734	0.505
4620.000000	162	14	0.839	0.607
4626.000000	162	14	0.879	0.697
4632.000000	162	14	0.884	0.751
4638.000000	162	14	0.881	0.771
4644.000000	162	14	0.878	0.782
4650.000000	162	14	0.874	0.789
4656.000000	162	14	0.870	0.790
4662.000000	162	14	0.866	0.789
4668.000000	162	14	0.861	0.788
4674.000000	162	14	0.857	0.786
4680.000000	162	14	0.853	0.785
4686.000000	162	14	0.846	0.786
4692.000000	162	14	0.839	0.788
4698.000000	162	14	0.831	0.791
4704.000000	162	14	0.825	0.792
4710.000000	162	14	0.820	0.792
4716.000000	162	14	0.814	0.790
4722.000000	162	14	0.808	0.789
4728.000000	162	14	0.799	0.788
4734.000000	14	162	0.789	0.787
4740.000000	14	162	0.790	0.771
4746.000000	14	162	0.791	0.755
4752.000000	14	162	0.788	0.736
4758.000000	14	162	0.789	0.711
4764.000000	14	162	0.793	0.679
4770.000000	14	162	0.797	0.640
4776.000000	14	162	0.804	0.586
4782.000000	14	162	0.805	0.517
4788.000000	14	162	0.817	0.401
4794.000000	14	162	0.841	0.222
4800.000000	14	68	0.884	0.083
4806.000000	14	68	0.909	0.080
4812.000000	14	68	0.916	0.081
4818.000000	14	68	0.919	0.083
4824.000000	14	68	0.921	0.086
4830.000000	14	68	0.922	0.089
4836.000000	14	68	0.922	0.093
4842.000000	14	68	0.921	0.096
4848.000000	14	68	0.920	0.099
4854.000000	14	68	0.917	0.102
4860.000000	14	68	0.914	0.104
4866.000000	14	68	0.909	0.106
4872.000000	14	68	0.904	0.107
4878.000000	14	68	0.898	0.108
4884.000000	14	68	0.891	0.107
4890.000000	14	68	0.882	0.105
4896.000000	14	68	0.871	0.102
4902.000000	14	109	0.857	0.101
4908.000000	14	109	0.839	0.104
4914.000000	14	109	0.814	0.106
4920.000000	14	109	0.778	0.107
4926.000000	14	109	0.726	0.107
4932.000000	14	109	0.641	0.107
4938.000000	14	109	0.486	0.108
4944.000000	14	109	0.224	0.107
4950.000000	18	109	0.101	0.100
4956.000000	18	109	0.107	0.094
4962.000000	18	112	0.113	0.101
4968.000000	18	112	0.123	0.117
4974.000000	112	18	0.139	0.135
4980.000000	112	18	0.168	0.153
4986.000000	112	18	0.214	0.181
4992.000000	112	18	0.291	0.222
4998.000000	112	18	0.417	0.279
5004.000000	112	18	0.595	0.354
5010.000000	112	18	0.740	0.438
5016.000000	112	18	0.783	0.519
5022.000000	112	18	0.793	0.588
5028.000000	112	18	0.796	0.632
5034.000000	112	18	0.802	0.649
5040.000000	112	18	0.807	0.658
5046.000000	112	18	0.808	0.666
5052.000000	112	18	0.810	0.675
5058.000000	112	18	0.813	0.687
5064.000000	112	18	0.814	0.692
5070.000000	112	18	0.816	0.693
5076.000000	112	18	0.819	0.692
5082.000000	112	18	0.821	0.691
5088.000000	112	18	0.827	0.690
5094.000000	112	18	0.834	0.693
5100.000000	112	18	0.840	0.702
5106.000000	112	18	0.845	0.716
5112.000000	112	18	0.846	0.726
5118.000000	112	18	0.846	0.730
5124.000000	112	18	0.845	0.733
5130.000000	112	18	0.848	0.731
5136.000000	112	18	0.847	0.732
5142.000000	112	18	0.846	0.733
5148.000000	112	18	0.845	0.734
5154.000000	112	18	0.843	0.734
5160.000000	112	18	0.839	0.734
5166.000000	112	18	0.831	0.736
5172.000000	112	18	0.823	0.737
5178.000000	112	18	0.816	0.733
5184.000000	112	18	0.807	0.726
5190.000000	112	18	0.795	0.717
5196.000000	112	18	0.781	0.704
5202.000000	112	18	0.764	0.686
5208.000000	112	18	0.743	0.660
5214.000000	112	18	0.715	0.627
5220.000000	112	18	0.677	0.580
5226.000000	112	18	0.630	0.502
5232.000000	112	18	0.566	0.385
5238.000000	112	18	0.478	0.237
5244.000000	112	67	0.342	0.134
5250.000000	112	67	0.145	0.142
5256.000000	67	141	0.157	0.073
5262.000000	67	141	0.193	0.072
5268.000000	67	141	0.261	0.072
5274.000000	67	141	0.399	0.069
5280.000000	67	35	0.641	0.070
5286.000000	67	35	0.825	0.075
5292.000000	67	35	0.879	0.079
5298.000000	67	35	0.895	0.085
5304.000000	67	35	0.903	0.091
5310.000000	67	35	0.909	0.097
5316.000000	67	35	0.913	0.104
5322.000000	67	35	0.918	0.110
5328.000000	67	35	0.922	0.118
5334.000000	67	35	0.925	0.127
5340.000000	67	35	0.926	0.137
5346.000000	67	35	0.926	0.148
5352.000000	67	35	0.926	0.157
5358.000000	67	35	0.927	0.166
5364.000000	67	35	0.927	0.173
5370.000000	67	35	0.926	0.180
5376.000000	67	35	0.927	0.186
5382.000000	67	35	0.929	0.192
5388.000000	67	35	0.931	0.198
5394.000000	67	189	0.932	0.204
5400.000000	67	189	0.935	0.222
5406.000000	67	189	0.934	0.241
5412.000000	67	189	0.934	0.260
5418.000000	67	189	0.935	0.283
5424.000000	67	189	0.934	0.312
5430.000000	67	189	0.933	0.344
5436.000000	67	189	0.930	0.374
5442.000000	67	189	0.927	0.405
5448.000000	67	189	0.923	0.436
5454.000000	67	189	0.918	0.469
5460.000000	67	189	0.913	0.501
5466.000000	67	189	0.908	0.528
5472.000000	67	189	0.900	0.558
5478.000000	67	189	0.891	0.586
5484.000000	67	189	0.881	0.618
5490.000000	67	189	0.870	0.652
5496.000000	67	189	0.858	0.678
5502.000000	67	189	0.843	0.699
5508.000000	67	189	0.825	0.719
5514.000000	67	189	0.794	0.737
5520.000000	189	67	0.752	0.750
5526.000000	189	67	0.774	0.675
5532.000000	189	67	0.800	0.544
5538.000000	189	67	0.879	0.281
5544.000000	189	130	0.951	0.070
5550.000000	189	130	0.969	0.076
5556.000000	189	130	0.971	0.085
5562.000000	189	130	0.969	0.095
5568.000000	189	130	0.967	0.107
5574.000000	189	130	0.965	0.121
5580.000000	189	130	0.962	0.135
5586.000000	189	130	0.959	0.149
5592.000000	189	130	0.955	0.162
5598.000000	189	130	0.951	0.175
5604.000000	189	130	0.947	0.190
5610.000000	189	130	0.942	0.208
5616.000000	189	130	0.936	0.230
5622.000000	189	130	0.930	0.256
5628.000000	189	130	0.922	0.283
5634.000000	189	130	0.912	0.307
5640.000000	189	130	0.900	0.331
5646.000000	189	130	0.885	0.357
5652.000000	189	130	0.868	0.388
5658.000000	189	130	0.851	0.423
5664.000000	189	130	0.830	0.458
5670.000000	189	130	0.807	0.494
5676.000000	189	130	0.779	0.525
5682.000000	189	130	0.739	0.557
5688.000000	189	130	0.685	0.595
5694.000000	130	189	0.656	0.603
5700.000000	130	189	0.707	0.502
5706.000000	130	189	0.764	0.355
5712.000000	130	81	0.833	0.369
5718.000000	130	81	0.886	0.407
5724.000000	130	81	0.903	0.450
5730.000000	130	81	0.907	0.480
5736.000000	130	81	0.909	0.504
5742.000000	130	81	0.906	0.530
5748.000000	130	81	0.901	0.553
5754.000000	130	81	0.898	0.574
5760.000000	130	81	0.891	0.592
5766.000000	130	81	0.884	0.608
5772.000000	130	81	0.877	0.618
5778.000000	130	81	0.871	0.628
5784.000000	130	81	0.863	0.637
5790.000000	130	81	0.857	0.642
5796.000000	130	81	0.854	0.644
5802.000000	130	81	0.848	0.645
5808.000000	130	81	0.841	0.648
5814.000000	130	81	0.835	0.651
5820.000000	130	81	0.827	0.654
5826.000000	130	81	0.819	0.659
5832.000000	130	81	0.809	0.664
5838.000000	130	81	0.799	0.668
5844.000000	130	81	0.785	0.672
5850.000000	130	81	0.769	0.677
5856.000000	130	81	0.746	0.680
5862.000000	130	81	0.709	0.685
5868.000000	81	130	0.692	0.659
5874.000000	81	130	0.710	0.585
5880.000000	81	130	0.740	0.472
5886.000000	81	130	0.772	0.308
5892.000000	81	130	0.829	0.125
5898.000000	81	118	0.880	0.076
5904.000000	81	41	0.906	0.072
5910.000000	81	41	0.914	0.073
5916.000000	81	41	0.917	0.075
5922.000000	81	164	0.917	0.078
5928.000000	81	164	0.917	0.088
5934.000000	81	164	0.916	0.099
5940.000000	81	164	0.916	0.109
5946.000000	81	164	0.915	0.117
5952.000000	81	164	0.914	0.125
5958.000000	81	164	0.912	0.133
5964.000000	81	164	0.911	0.142
5970.000000	81	164	0.909	0.155
5976.000000	81	164	0.904	0.171
5982.000000	81	164	0.898	0.190
5988.000000	81	164	0.890	0.209
5994.000000	81	164	0.882	0.230
6000.000000	81	164	0.873	0.251
6006.000000	81	164	0.863	0.277
6012.000000	81	164	0.850	0.309
6018.000000	81	164	0.833	0.352
6024.000000	81	164	0.811	0.407
6030.000000	81	164	0.781	0.466
6036.000000	81	164	0.732	0.533
6042.000000	81	164	0.653	0.609
6048.000000	164	81	0.697	0.516
6054.000000	164	81	0.796	0.299
6060.000000	164	143	0.890	0.304
6066.000000	164	143	0.928	0.322
6072.000000	164	143	0.938	0.354
6078.000000	164	143	0.943	0.385
6084.000000	164	143	0.944	0.416
6090.000000	164	143	0.943	0.441
6096.000000	164	143	0.942	0.464
6102.000000	164	143	0.939	0.486
6108.000000	164	143	0.935	0.506
6114.000000	164	143	0.931	0.520
6120.000000	164	143	0.927	0.528
6126.000000	164	143	0.923	0.534
6132.000000	164	143	0.920	0.538
6138.000000	164	143	0.916	0.540
6144.000000	164	143	0.913	0.540
6150.000000	164	143	0.910	0.540
6156.000000	164	143	0.907	0.541
6162.000000	164	143	0.904	0.542
6168.000000	164	143	0.900	0.541
6174.000000	164	143	0.896	0.537
6180.000000	164	143	0.890	0.529
6186.000000	164	143	0.887	0.514
6192.000000	164	143	0.885	0.492
6198.000000	164	143	0.883	0.464
6204.000000	164	143	0.882	0.424
6210.000000	164	143	0.882	0.365
6216.000000	164	143	0.886	0.280
6222.000000	164	162	0.889	0.197
6228.000000	164	162	0.894	0.199
6234.000000	164	162	0.897	0.202
6240.000000	164	162	0.897	0.208
6246.000000	164	162	0.896	0.218
6252.000000	164	162	0.893	0.232
6258.000000	164	162	0.890	0.250
6264.000000	164	162	0.884	0.272
6270.000000	164	162	0.875	0.297
6276.000000	164	162	0.862	0.328
6282.000000	164	162	0.844	0.363
6288.000000	164	162	0.819	0.405
6294.000000	164	162	0.783	0.454
6300.000000	164	162	0.735	0.510
6306.000000	164	162	0.662	0.583
6312.000000	162	164	0.670	0.543
6318.000000	162	164	0.756	0.349
6324.000000	162	28	0.854	0.141
6330.000000	162	28	0.912	0.145
6336.000000	162	28	0.937	0.150
6342.000000	162	28	0.942	0.162
6348.000000	162	28	0.948	0.174
6354.000000	162	28	0.951	0.189
6360.000000	162	28	0.953	0.205
6366.000000	162	28	0.952	0.228
6372.000000	162	28	0.948	0.256
6378.000000	162	28	0.943	0.286
6384.000000	162	28	0.938	0.315
6390.000000	162	28	0.933	0.346
6396.000000	162	28	0.928	0.379
6402.000000	162	28	0.922	0.413
6408.000000	162	28	0.916	0.450
6414.000000	162	28	0.910	0.482
6420.000000	162	28	0.904	0.505
6426.000000	162	28	0.900	0.525
6432.000000	162	28	0.895	0.539
6438.000000	162	28	0.890	0.550
6444.000000	162	28	0.885	0.558
6450.000000	162	28	0.879	0.568
6456.000000	162	28	0.871	0.581
6462.000000	162	28	0.857	0.601
6468.000000	162	28	0.842	0.621
6474.000000	162	28	0.826	0.642
6480.000000	162	28	0.808	0.664
6486.000000	162	28	0.785	0.683
6492.000000	162	28	0.753	0.705
6498.000000	28	162	0.732	0.709
6504.000000	28	162	0.757	0.644
6510.000000	28	162	0.796	0.533
6516.000000	28	162	0.861	0.350
6522.000000	28	162	0.936	0.141
6528.000000	28	135	0.958	0.109
6534.000000	28	135	0.957	0.097
6540.000000	28	135	0.954	0.087
6546.000000	28	135	0.951	0.075
6552.000000	28	152	0.951	0.079
6558.000000	28	152	0.949	0.087
6564.000000	28	152	0.945	0.094
6570.000000	28	152	0.940	0.100
6576.000000	28	152	0.935	0.107
6582.000000	28	152	0.930	0.113
6588.000000	28	152	0.924	0.118
6594.000000	28	152	0.916	0.123
6600.000000	28	152	0.910	0.126
6606.000000	28	152	0.903	0.128
6612.000000	28	152	0.895	0.129
6618.000000	28	54	0.887	0.129
6624.000000	28	54	0.877	0.134
6630.000000	28	54	0.865	0.137
6636.000000	28	46	0.852	0.143
6642.000000	28	46	0.836	0.150
6648.000000	28	46	0.817	0.155
6654.000000	28	46	0.793	0.158
6660.000000	28	46	0.762	0.161
6666.000000	28	82	0.723	0.168
6672.000000	28	82	0.670	0.179
6678.000000	28	82	0.597	0.192
6684.000000	28	82	0.486	0.209
6690.000000	28	82	0.316	0.233
6696.000000	82	53	0.256	0.244
6702.000000	82	53	0.284	0.274
6708.000000	82	53	0.320	0.312
6714.000000	53	82	0.364	0.362
6720.000000	53	82	0.425	0.399
6726.000000	53	82	0.477	0.432
6732.000000	53	82	0.516	0.457
6738.000000	53	82	0.550	0.479
6744.000000	53	82	0.571	0.503
6750.000000	53	82	0.586	0.521
6756.000000	53	82	0.599	0.534
6762.000000	53	82	0.616	0.546
6768.000000	53	82	0.636	0.556
6774.000000	53	82	0.649	0.563
6780.000000	53	82	0.662	0.573
6786.000000	53	82	0.670	0.583
6792.000000	53	82	0.675	0.593
6798.000000	53	82	0.679	0.598
6804.000000	53	82	0.687	0.605
6810.000000	53	82	0.699	0.619
6816.000000	53	82	0.706	0.642
6822.000000	53	82	0.712	0.662
6828.000000	53	82	0.714	0.685
6834.000000	53	82	0.721	0.703
6840.000000	53	82	0.728	0.714
6846.000000	53	82	0.738	0.720
6852.000000	53	82	0.745	0.734
6858.000000	82	53	0.753	0.752
6864.000000	82	53	0.771	0.756
6870.000000	82	53	0.779	0.756
6876.000000	82	53	0.786	0.754
6882.000000	82	53	0.792	0.752
6888.000000	82	53	0.797	0.749
6894.000000	82	53	0.803	0.737
6900.000000	82	53	0.813	0.714
6906.000000	82	53	0.819	0.687
6912.000000	82	53	0.827	0.649
6918.000000	82	53	0.834	0.600
6924.000000	82	53	0.839	0.533
6930.000000	82	53	0.846	0.436
6936.000000	82	53	0.854	0.315
6942.000000	82	53	0.867	0.182
6948.000000	82	165	0.880	0.124
6954.000000	82	47	0.890	0.123
6960.000000	82	47	0.899	0.132
6966.000000	82	47	0.906	0.144
6972.000000	82	47	0.907	0.157
6978.000000	82	47	0.906	0.174
6984.000000	82	47	0.900	0.192
6990.000000	82	47	0.891	0.211
6996.000000	82	47	0.878	0.236
7002.000000	82	47	0.861	0.266
7008.000000	82	47	0.841	0.297
7014.000000	82	47	0.815	0.332
7020.000000	82	47	0.781	0.374
7026.000000	82	47	0.737	0.424
7032.000000	82	47	0.676	0.482
7038.000000	82	47	0.591	0.545
7044.000000	47	82	0.614	0.471
7050.000000	47	82	0.682	0.307
7056.000000	47	11	0.752	0.201
7062.000000	47	11	0.808	0.194
7068.000000	47	11	0.848	0.194
7074.000000	47	11	0.882	0.202
7080.000000	47	11	0.909	0.205
7086.000000	47	11	0.920	0.214
7092.000000	47	11	0.923	0.217
7098.000000	47	11	0.928	0.213
7104.000000	47	11	0.932	0.204
7110.000000	47	11	0.932	0.194
7116.000000	47	11	0.930	0.182
7122.000000	47	72	0.928	0.168
7128.000000	47	72	0.925	0.172
7134.000000	47	72	0.922	0.175
7140.000000	47	72	0.919	0.177
7146.000000	47	72	0.915	0.177
7152.000000	47	72	0.911	0.177
7158.000000	47	72	0.907	0.177
7164.000000	47	72	0.906	0.174
7170.000000	47	72	0.904	0.170
7176.000000	47	72	0.901	0.165
7182.000000	47	86	0.896	0.162
7188.000000	47	86	0.890	0.168
7194.000000	47	86	0.883	0.174
7200.000000	47	40	0.874	0.180
7206.000000	47	40	0.865	0.187
7212.000000	47	40	0.855	0.197
7218.000000	47	40	0.844	0.210
7224.000000	47	40	0.832	0.225
7230.000000	47	40	0.818	0.243
7236.000000	47	40	0.803	0.264
7242.000000	47	40	0.787	0.287
7248.000000	47	40	0.768	0.316
7254.000000	47	40	0.741	0.354
7260.000000	47	40	0.704	0.405
7266.000000	47	40	0.647	0.469
7272.000000	47	40	0.547	0.547
7278.000000	40	47	0.645	0.372
7284.000000	40	47	0.758	0.150
7290.000000	40	101	0.861	0.113
7296.000000	40	101	0.914	0.118
7302.000000	40	101	0.925	0.125
7308.000000	40	101	0.932	0.133
7314.000000	40	101	0.939	0.140
7320.000000	40	101	0.944	0.149
7326.000000	40	118	0.942	0.159
7332.000000	40	118	0.942	0.173
7338.000000	40	118	0.942	0.184
7344.000000	40	118	0.941	0.194
7350.000000	40	118	0.942	0.203
7356.000000	40	118	0.942	0.211
7362.000000	40	118	0.940	0.220
7368.000000	40	118	0.937	0.229
7374.000000	40	118	0.935	0.239
7380.000000	40	118	0.933	0.253
7386.000000	40	118	0.931	0.264
7392.000000	40	118	0.928	0.276
7398.000000	40	118	0.925	0.289
7404.000000	40	118	0.922	0.302
7410.000000	40	118	0.919	0.316
7416.000000	40	118	0.915	0.332
7422.000000	40	118	0.911	0.352
7428.000000	40	118	0.906	0.372
7434.000000	40	118	0.902	0.392
7440.000000	40	118	0.897	0.413
7446.000000	40	118	0.893	0.438
7452.000000	40	118	0.887	0.469
7458.000000	40	118	0.881	0.510
7464.000000	40	118	0.873	0.556
7470.000000	40	118	0.859	0.599
7476.000000	40	118	0.844	0.630
7482.000000	40	118	0.823	0.658
7488.000000	40	118	0.788	0.689
7494.000000	40	118	0.738	0.719
7500.000000	118	40	0.747	0.663
7506.000000	118	40	0.772	0.554
7512.000000	118	40	0.828	0.356
7518.000000	118	40	0.908	0.125
7524.000000	118	130	0.962	0.102
7530.000000	118	130	0.968	0.112
7536.000000	118	130	0.967	0.125
7542.000000	118	130	0.964	0.140
7548.000000	118	130	0.961	0.156
7554.000000	118	130	0.958	0.173
7560.000000	118	130	0.954	0.191
7566.000000	118	130	0.950	0.210
7572.000000	118	130	0.946	0.230
7578.000000	118	130	0.941	0.250
7584.000000	118	130	0.937	0.269
7590.000000	118	130	0.931	0.287
7596.000000	118	130	0.925	0.303
7602.000000	118	130	0.920	0.317
7608.000000	118	130	0.913	0.329
7614.000000	118	130	0.905	0.340
7620.000000	118	130	0.897	0.350
7626.000000	118	130	0.889	0.358
7632.000000	118	130	0.879	0.367
7638.000000	118	130	0.869	0.377
7644.000000	118	130	0.858	0.385
7650.000000	118	130	0.844	0.392
7656.000000	118	130	0.825	0.404
7662.000000	118	130	0.800	0.417
7668.000000	118	130	0.767	0.440
7674.000000	118	130	0.726	0.470
7680.000000	118	130	0.674	0.497
7686.000000	118	130	0.599	0.525
7692.000000	130	118	0.570	0.486
7698.000000	130	118	0.642	0.341
7704.000000	130	69	0.737	0.256
7710.000000	130	69	0.814	0.231
7716.000000	130	69	0.863	0.207
7722.000000	130	69	0.892	0.176
7728.000000	130	189	0.905	0.176
7734.000000	130	189	0.912	0.199
7740.000000	130	189	0.918	0.227
7746.000000	130	189	0.921	0.262
7752.000000	130	189	0.924	0.304
7758.000000	130	189	0.923	0.349
7764.000000	130	189	0.924	0.391
7770.000000	130	189	0.920	0.429
7776.000000	130	189	0.916	0.462
7782.000000	130	189	0.908	0.492
7788.000000	130	189	0.901	0.519
7794.000000	130	189	0.893	0.539
7800.000000	130	189	0.882	0.555
7806.000000	130	189	0.872	0.567
7812.000000	130	189	0.863	0.575
7818.000000	130	189	0.852	0.583
7824.000000	130	189	0.838	0.594
7830.000000	130	189	0.822	0.603
7836.000000	130	189	0.807	0.611
7842.000000	130	189	0.786	0.623
7848.000000	130	189	0.763	0.634
7854.000000	130	189	0.738	0.649
7860.000000	130	189	0.708	0.661
7866.000000	189	130	0.678	0.667
7872.000000	189	130	0.698	0.616
7878.000000	189	130	0.726	0.537
7884.000000	189	130	0.773	0.415
7890.000000	189	35	0.828	0.306
7896.000000	189	35	0.887	0.316
7902.000000	189	35	0.935	0.338
7908.000000	189	35	0.951	0.366
7914.000000	189	35	0.951	0.394
7920.000000	189	35	0.949	0.420
7926.000000	189	35	0.947	0.448
7932.000000	189	35	0.943	0.474
7938.000000	189	35	0.939	0.495
7944.000000	189	35	0.934	0.516
7950.000000	189	35	0.929	0.534
7956.000000	189	35	0.924	0.552
7962.000000	189	35	0.917	0.569
7968.000000	189	35	0.912	0.580
7974.000000	189	35	0.906	0.589
7980.000000	189	35	0.897	0.599
7986.000000	189	35	0.889	0.605
7992.000000	189	35	0.877	0.611
7998.000000	189	35	0.864	0.618
8004.000000	189	35	0.849	0.628
8010.000000	189	35	0.831	0.640
8016.000000	189	35	0.810	0.651
8022.000000	189	35	0.787	0.659
8028.000000	189	35	0.755	0.664
8034.000000	189	35	0.702	0.681
8040.000000	35	189	0.697	0.625
8046.000000	35	189	0.731	0.503
8052.000000	35	189	0.774	0.326
8058.000000	35	189	0.848	0.143
8064.000000	35	191	0.901	0.084
8070.000000	35	191	0.937	0.081
8076.000000	35	191	0.951	0.080
8082.000000	35	191	0.956	0.079
8088.000000	35	191	0.958	0.077
8094.000000	35	191	0.958	0.075
8100.000000	35	191	0.956	0.072
8106.000000	35	33	0.955	0.069
8112.000000	35	33	0.954	0.072
8118.000000	35	33	0.953	0.075
8124.000000	35	33	0.951	0.080
8130.000000	35	33	0.948	0.084
8136.000000	35	33	0.944	0.089
8142.000000	35	33	0.940	0.094
8148.000000	35	33	0.935	0.099
8154.000000	35	139	0.929	0.107
8160.000000	35	139	0.922	0.117
8166.000000	35	139	0.914	0.127
8172.000000	35	139	0.904	0.137
8178.000000	35	139	0.893	0.148
8184.000000	35	139	0.879	0.159
8190.000000	35	139	0.861	0.171
8196.000000	35	139	0.839	0.184
8202.000000	35	139	0.812	0.195
8208.000000	35	139	0.777	0.206
8214.000000	35	139	0.729	0.221
8220.000000	35	139	0.659	0.241
8226.000000	35	139	0.552	0.269
8232.000000	35	139	0.394	0.304
8238.000000	139	42	0.354	0.281
8244.000000	139	42	0.428	0.332
8250.000000	139	42	0.528	0.412
8256.000000	139	42	0.618	0.497
8262.000000	139	42	0.674	0.575
8268.000000	139	42	0.700	0.624
8274.000000	139	42	0.713	0.655
8280.000000	139	42	0.724	0.676
8286.000000	139	42	0.737	0.701
8292.000000	139	42	0.751	0.719
8298.000000	139	42	0.755	0.726
8304.000000	139	42	0.757	0.733
8310.000000	139	42	0.760	0.739
8316.000000	139	42	0.763	0.743
8322.000000	139	42	0.765	0.745
8328.000000	139	42	0.764	0.751
8334.000000	139	42	0.762	0.757
8340.000000	42	139	0.764	0.762
8346.000000	42	139	0.767	0.761
8352.000000	42	139	0.767	0.762
8358.000000	42	139	0.768	0.767
8364.000000	139	42	0.773	0.772
8370.000000	139	42	0.777	0.774
8376.000000	139	42	0.779	0.777
8382.000000	139	42	0.782	0.779
8388.000000	139	42	0.786	0.779
8394.000000	139	42	0.787	0.776
8400.000000	139	42	0.787	0.773
8406.000000	139	42	0.789	0.767
8412.000000	139	42	0.791	0.760
8418.000000	139	42	0.788	0.753
8424.000000	139	42	0.786	0.742
8430.000000	139	42	0.778	0.732
8436.000000	139	42	0.772	0.716
8442.000000	139	42	0.766	0.692
8448.000000	139	42	0.760	0.658
8454.000000	139	42	0.757	0.608
8460.000000	139	42	0.760	0.533
8466.000000	139	42	0.775	0.426
8472.000000	139	42	0.793	0.274
8478.000000	139	42	0.815	0.110
8484.000000	139	128	0.838	0.071
8490.000000	139	128	0.849	0.074
8496.000000	139	128	0.852	0.076
8502.000000	139	128	0.854	0.078
8508.000000	139	128	0.858	0.081
8514.000000	139	128	0.862	0.083
8520.000000	139	128	0.866	0.085
8526.000000	139	128	0.868	0.087
8532.000000	139	128	0.868	0.087
8538.000000	139	128	0.868	0.087
8544.000000	139	128	0.867	0.086
8550.000000	139	128	0.864	0.084
8556.000000	139	128	0.861	0.080
8562.000000	139	128	0.855	0.076
8568.000000	139	37	0.846	0.078
8574.000000	139	37	0.835	0.082
8580.000000	139	37	0.819	0.087
8586.000000	139	37	0.796	0.092
8592.000000	139	37	0.760	0.097
8598.000000	139	37	0.699	0.103
8604.000000	139	37	0.591	0.110
8610.000000	139	37	0.395	0.118
8616.000000	139	37	0.134	0.125
8622.000000	37	134	0.134	0.096
8628.000000	37	134	0.152	0.096
8634.000000	37	134	0.187	0.098
8640.000000	37	134	0.252	0.100
8646.000000	37	134	0.383	0.099
8652.000000	37	134	0.619	0.092
8658.000000	37	134	0.819	0.086
8664.000000	37	134	0.894	0.078
8670.000000	37	134	0.920	0.074
8676.000000	37	134	0.932	0.069
8682.000000	37	170	0.942	0.069
8688.000000	37	170	0.949	0.076
8694.000000	37	170	0.954	0.085
8700.000000	37	170	0.956	0.094
8706.000000	37	170	0.957	0.101
8712.000000	37	170	0.956	0.108
8718.000000	37	170	0.955	0.113
8724.000000	37	170	0.954	0.117
8730.000000	37	170	0.952	0.121
8736.000000	37	170	0.950	0.126
8742.000000	37	71	0.947	0.139
8748.000000	37	71	0.945	0.153
8754.000000	37	71	0.943	0.166
8760.000000	37	71	0.940	0.178
8766.000000	37	71	0.938	0.189
8772.000000	37	71	0.936	0.197
8778.000000	37	71	0.934	0.206
8784.000000	37	71	0.932	0.215
8790.000000	37	71	0.930	0.225
8796.000000	37	71	0.929	0.234
8802.000000	37	71	0.929	0.244
8808.000000	37	71	0.927	0.254
8814.000000	37	71	0.924	0.264
8820.000000	37	71	0.921	0.271
8826.000000	37	71	0.918	0.276
8832.000000	37	71	0.915	0.281
8838.000000	37	71	0.912	0.286
8844.000000	37	71	0.908	0.292
8850.000000	37	71	0.904	0.296
8856.000000	37	71	0.899	0.300
8862.000000	37	71	0.895	0.303
8868.000000	37	71	0.890	0.305
8874.000000	37	71	0.881	0.306
8880.000000	37	71	0.868	0.303
8886.000000	37	90	0.849	0.335
8892.000000	37	90	0.823	0.375
8898.000000	37	90	0.785	0.424
8904.000000	37	90	0.728	0.476
8910.000000	37	90	0.637	0.547
8916.000000	90	37	0.639	0.479
8922.000000	90	37	0.767	0.236
8928.000000	90	71	0.894	0.108
8934.000000	90	71	0.941	0.062
8940.000000	90	196	0.961	0.062
8946.000000	90	196	0.970	0.071
8952.000000	90	196	0.970	0.080
8958.000000	90	196	0.970	0.092
8964.000000	90	196	0.969	0.105
8970.000000	90	196	0.968	0.120
8976.000000	90	196	0.966	0.137
8982.000000	90	196	0.964	0.157
8988.000000	90	196	0.961	0.180
8994.000000	90	196	0.958	0.211
9000.000000	90	196	0.954	0.249
9006.000000	90	196	0.950	0.292
9012.000000	90	196	0.945	0.340
9018.000000	90	196	0.940	0.387
9024.000000	90	196	0.935	0.428
9030.000000	90	196	0.929	0.461
9036.000000	90	196	0.923	0.492
9042.000000	90	196	0.918	0.517
9048.000000	90	196	0.908	0.541
9054.000000	90	196	0.903	0.559
9060.000000	90	196	0.897	0.573
9066.000000	90	196	0.888	0.585
9072.000000	90	196	0.878	0.599
9078.000000	90	196	0.865	0.616
9084.000000	90	196	0.852	0.635
9090.000000	90	196	0.834	0.652
9096.000000	90	196	0.809	0.677
9102.000000	90	196	0.782	0.697
9108.000000	90	196	0.748	0.713
9114.000000	196	90	0.735	0.693
9120.000000	196	90	0.772	0.610
9126.000000	196	90	0.814	0.467
9132.000000	196	167	0.868	0.310
9138.000000	196	167	0.914	0.340
9144.000000	196	167	0.935	0.371
9150.000000	196	167	0.933	0.409
9156.000000	196	167	0.925	0.452
9162.000000	196	167	0.913	0.492
9168.000000	196	167	0.903	0.520
9174.000000	196	167	0.894	0.537
9180.000000	196	167	0.884	0.547
9186.000000	196	167	0.873	0.553
9192.000000	196	167	0.864	0.558
9198.000000	196	167	0.855	0.560
9204.000000	196	167	0.846	0.563
9210.000000	196	167	0.837	0.567
9216.000000	196	167	0.827	0.570
9222.000000	196	167	0.815	0.576
9228.000000	196	167	0.801	0.585
9234.000000	196	167	0.785	0.594
9240.000000	196	167	0.762	0.605
9246.000000	196	167	0.726	0.628
9252.000000	196	167	0.685	0.652
9258.000000	167	196	0.671	0.632
9264.000000	167	196	0.714	0.544
9270.000000	167	196	0.772	0.421
9276.000000	167	196	0.818	0.273
9282.000000	167	196	0.874	0.119
9288.000000	167	42	0.916	0.086
9294.000000	167	42	0.942	0.084
9300.000000	167	42	0.955	0.087
9306.000000	167	42	0.956	0.092
9312.000000	167	42	0.954	0.098
9318.000000	167	42	0.952	0.105
9324.000000	167	42	0.949	0.112
9330.000000	167	42	0.945	0.119
9336.000000	167	42	0.941	0.128
9342.000000	167	42	0.936	0.138
9348.000000	167	42	0.931	0.148
9354.000000	167	42	0.926	0.158
9360.000000	167	42	0.921	0.168
9366.000000	167	42	0.915	0.179
9372.000000	167	42	0.910	0.191
9378.000000	167	42	0.904	0.203
9384.000000	167	42	0.896	0.213
9390.000000	167	42	0.886	0.223
9396.000000	167	42	0.876	0.233
9402.000000	167	42	0.864	0.244
9408.000000	167	42	0.851	0.253
9414.000000	167	42	0.834	0.260
9420.000000	167	42	0.812	0.268
9426.000000	167	42	0.781	0.278
9432.000000	167	42	0.734	0.291
9438.000000	167	42	0.663	0.306
9444.000000	167	42	0.553	0.329
9450.000000	167	42	0.387	0.367
9456.000000	42	30	0.421	0.401
9462.000000	42	30	0.490	0.477
9468.000000	30	42	0.572	0.565
9474.000000	30	42	0.665	0.634
9480.000000	30	42	0.734	0.691
9486.000000	30	42	0.776	0.729
9492.000000	30	42	0.794	0.748
9498.000000	30	42	0.807	0.758
9504.000000	30	42	0.812	0.764
9510.000000	30	42	0.813	0.768
9516.000000	30	42	0.813	0.769
9522.000000	30	42	0.813	0.770
9528.000000	30	42	0.814	0.770
9534.000000	30	42	0.816	0.771
9540.000000	30	42	0.818	0.772
9546.000000	30	42	0.823	0.772
9552.000000	30	42	0.826	0.772
9558.000000	30	42	0.829	0.770
9564.000000	30	42	0.830	0.769
9570.000000	30	42	0.832	0.766
9576.000000	30	42	0.833	0.763
9582.000000	30	42	0.834	0.758
9588.000000	30	42	0.837	0.748
9594.000000	30	42	0.840	0.737
9600.000000	30	42	0.843	0.723
9606.000000	30	42	0.847	0.706
9612.000000	30	42	0.849	0.684
9618.000000	30	42	0.850	0.657
9624.000000	30	42	0.849	0.619
9630.000000	30	42	0.856	0.555
9636.000000	30	42	0.872	0.445
9642.000000	30	42	0.888	0.275
9648.000000	30	42	0.912	0.084
9654.000000	30	185	0.926	0.045
9660.000000	30	185	0.930	0.047
9666.000000	30	55	0.931	0.050
9672.000000	30	55	0.931	0.055
9678.000000	30	55	0.932	0.060
9684.000000	30	55	0.932	0.065
9690.000000	30	55	0.931	0.070
9696.000000	30	55	0.931	0.075
9702.000000	30	55	0.929	0.081
9708.000000	30	55	0.926	0.086
9714.000000	30	55	0.923	0.092
9720.000000	30	55	0.920	0.097
9726.000000	30	55	0.916	0.103
9732.000000	30	55	0.911	0.110
9738.000000	30	55	0.903	0.116
9744.000000	30	55	0.893	0.123
9750.000000	30	55	0.880	0.131
9756.000000	30	55	0.862	0.141
9762.000000	30	55	0.837	0.154
9768.000000	30	55	0.802	0.171
9774.000000	30	55	0.745	0.192
9780.000000	30	55	0.646	0.223
9786.000000	30	55	0.471	0.272
9792.000000	55	30	0.355	0.217
9798.000000	55	1	0.491	0.095
9804.000000	55	115	0.703	0.090
9810.000000	55	115	0.868	0.087
9816.000000	55	115	0.920	0.083
9822.000000	55	115	0.931	0.087
9828.000000	55	115	0.936	0.096
9834.000000	55	115	0.942	0.107
9840.000000	55	115	0.943	0.119
9846.000000	55	115	0.942	0.131
9852.000000	55	115	0.941	0.142
9858.000000	55	115	0.940	0.149
9864.000000	55	115	0.939	0.156
9870.000000	55	115	0.938	0.161
9876.000000	55	115	0.938	0.166
9882.000000	55	115	0.938	0.172
9888.000000	55	115	0.937	0.178
9894.000000	55	115	0.936	0.186
9900.000000	55	115	0.935	0.195
9906.000000	55	115	0.933	0.203
9912.000000	55	115	0.932	0.209
9918.000000	55	115	0.930	0.214
9924.000000	55	115	0.928	0.217
9930.000000	55	115	0.926	0.220
9936.000000	55	115	0.924	0.221
9942.000000	55	115	0.923	0.222
9948.000000	55	115	0.922	0.220
9954.000000	55	115	0.922	0.217
9960.000000	55	115	0.924	0.211
9966.000000	55	115	0.925	0.201
9972.000000	55	115	0.927	0.185
9978.000000	55	115	0.931	0.161
9984.000000	55	115	0.938	0.130
9990.000000	55	115	0.943	0.095
9996.000000	55	34	0.945	0.080
10002.000000	55	34	0.945	0.075
10008.000000	55	34	0.945	0.070
10014.000000	55	34	0.943	0.065
10020.000000	55	34	0.941	0.060
10026.000000	55	6	0.937	0.059
10032.000000	55	6	0.933	0.060
10038.000000	55	6	0.927	0.061
10044.000000	55	6	0.920	0.060
10050.000000	55	6	0.910	0.060
10056.000000	55	6	0.898	0.058
10062.000000	55	6	0.884	0.057
10068.000000	55	6	0.864	0.057
10074.000000	55	6	0.836	0.056
10080.000000	55	6	0.796	0.056
10086.000000	55	6	0.734	0.055
10092.000000	55	40	0.623	0.055
10098.000000	55	40	0.412	0.051
10104.000000	55	40	0.089	0.033
10110.000000	40	90	0.019	0.015
10116.000000	40	90	0.012	0.008
10122.000000	40	90	0.007	0.004
