0.000000	125	102	0.000	0.000
6.000000	163	28	0.986	0.035
12.000000	163	28	0.985	0.039
18.000000	163	28	0.984	0.043
24.000000	163	28	0.982	0.048
30.000000	163	28	0.981	0.052
36.000000	163	28	0.979	0.056
42.000000	163	157	0.976	0.063
48.000000	163	157	0.974	0.073
54.000000	163	157	0.972	0.083
60.000000	163	157	0.969	0.093
66.000000	163	157	0.966	0.103
72.000000	163	157	0.963	0.111
78.000000	163	178	0.960	0.126
84.000000	163	178	0.957	0.144
90.000000	163	178	0.954	0.164
96.000000	163	178	0.951	0.187
102.000000	163	178	0.948	0.209
108.000000	163	178	0.945	0.231
114.000000	163	178	0.943	0.253
120.000000	163	178	0.940	0.277
126.000000	163	178	0.937	0.302
132.000000	163	178	0.934	0.328
138.000000	163	178	0.931	0.355
144.000000	163	178	0.928	0.386
150.000000	163	178	0.926	0.415
156.000000	163	178	0.924	0.442
162.000000	163	178	0.921	0.468
168.000000	163	178	0.919	0.494
174.000000	163	178	0.916	0.515
180.000000	163	178	0.913	0.538
186.000000	163	178	0.908	0.571
192.000000	163	178	0.901	0.612
198.000000	163	178	0.894	0.654
204.000000	163	178	0.880	0.700
210.000000	163	178	0.865	0.728
216.000000	163	178	0.845	0.748
222.000000	163	178	0.806	0.780
228.000000	178	163	0.813	0.760
234.000000	178	163	0.831	0.705
240.000000	178	163	0.854	0.620
246.000000	178	163	0.881	0.479
252.000000	178	163	0.916	0.268
258.000000	178	93	0.963	0.183
264.000000	178	93	0.967	0.178
270.000000	178	93	0.965	0.174
276.000000	178	93	0.963	0.170
282.000000	178	150	0.959	0.169
288.000000	178	150	0.956	0.177
294.000000	178	150	0.953	0.183
300.000000	178	150	0.949	0.187
306.000000	178	150	0.946	0.191
312.000000	178	150	0.942	0.195
318.000000	178	150	0.939	0.199
324.000000	178	150	0.935	0.203
330.000000	178	150	0.931	0.204
336.000000	178	150	0.926	0.202
342.000000	178	150	0.921	0.197
348.000000	178	150	0.914	0.190
354.000000	178	150	0.907	0.182
360.000000	178	150	0.899	0.171
366.000000	178	17	0.891	0.161
372.000000	178	17	0.882	0.170
378.000000	178	17	0.872	0.178
384.000000	178	17	0.860	0.184
390.000000	178	17	0.844	0.192
396.000000	178	17	0.823	0.201
402.000000	178	17	0.795	0.214
408.000000	178	17	0.760	0.227
414.000000	178	17	0.711	0.241
420.000000	178	17	0.638	0.258
426.000000	178	17	0.536	0.279
432.000000	178	17	0.393	0.312
438.000000	17	12	0.359	0.304
444.000000	17	12	0.424	0.332
450.000000	17	12	0.493	0.365
456.000000	17	12	0.555	0.400
462.000000	17	12	0.618	0.430
468.000000	17	12	0.662	0.462
474.000000	17	12	0.692	0.498
480.000000	17	12	0.707	0.529
486.000000	17	12	0.715	0.555
492.000000	17	12	0.732	0.576
498.000000	17	12	0.752	0.587
504.000000	17	12	0.769	0.598
510.000000	17	12	0.781	0.608
516.000000	17	12	0.791	0.617
522.000000	17	12	0.800	0.622
528.000000	17	12	0.807	0.625
534.000000	17	12	0.809	0.629
540.000000	17	12	0.814	0.630
546.000000	17	12	0.812	0.632
552.000000	17	12	0.811	0.634
558.000000	17	12	0.811	0.632
564.000000	17	12	0.806	0.629
570.000000	17	12	0.805	0.623
576.000000	17	12	0.806	0.616
582.000000	17	12	0.808	0.605
588.000000	17	12	0.809	0.589
594.000000	17	12	0.815	0.563
600.000000	17	12	0.817	0.527
606.000000	17	12	0.820	0.477
612.000000	17	12	0.825	0.410
618.000000	17	12	0.830	0.324
624.000000	17	12	0.838	0.218
630.000000	17	81	0.854	0.159
636.000000	17	81	0.874	0.162
642.000000	17	81	0.883	0.168
648.000000	17	81	0.884	0.172
654.000000	17	81	0.887	0.175
660.000000	17	81	0.889	0.179
666.000000	17	81	0.889	0.185
672.000000	17	81	0.887	0.193
678.000000	17	81	0.882	0.201
684.000000	17	81	0.877	0.208
690.000000	17	81	0.870	0.213
696.000000	17	81	0.861	0.217
702.000000	17	81	0.849	0.220
708.000000	17	81	0.833	0.222
714.000000	17	81	0.813	0.223
720.000000	17	81	0.787	0.223
726.000000	17	81	0.752	0.220
732.000000	17	81	0.700	0.216
738.000000	17	81	0.615	0.212
744.000000	17	81	0.467	0.209
750.000000	17	81	0.234	0.207
756.000000	81	71	0.209	0.187
762.000000	81	71	0.221	0.203
768.000000	81	71	0.238	0.226
774.000000	84	81	0.274	0.263
780.000000	84	81	0.333	0.294
786.000000	84	81	0.403	0.330
792.000000	84	81	0.471	0.365
798.000000	84	81	0.536	0.391
804.000000	84	81	0.594	0.412
810.000000	84	81	0.627	0.427
816.000000	84	81	0.646	0.437
822.000000	84	71	0.657	0.453
828.000000	84	71	0.661	0.466
834.000000	84	71	0.669	0.477
840.000000	84	71	0.685	0.487
846.000000	84	71	0.693	0.500
852.000000	84	71	0.704	0.511
858.000000	84	71	0.712	0.519
864.000000	84	71	0.714	0.531
870.000000	84	71	0.718	0.538
876.000000	84	71	0.725	0.546
882.000000	84	71	0.737	0.551
888.000000	84	71	0.747	0.555
894.000000	84	71	0.762	0.555
900.000000	84	71	0.776	0.557
906.000000	84	71	0.788	0.564
912.000000	84	71	0.795	0.571
918.000000	84	71	0.801	0.582
924.000000	84	71	0.807	0.593
930.000000	84	71	0.810	0.605
936.000000	84	71	0.818	0.608
942.000000	84	71	0.823	0.608
948.000000	84	71	0.825	0.608
954.000000	84	71	0.828	0.604
960.000000	84	71	0.835	0.599
966.000000	84	71	0.835	0.594
972.000000	84	71	0.840	0.583
978.000000	84	71	0.840	0.573
984.000000	84	71	0.841	0.555
990.000000	84	71	0.846	0.524
996.000000	84	71	0.846	0.480
1002.000000	84	71	0.847	0.417
1008.000000	84	71	0.849	0.331
1014.000000	84	71	0.855	0.226
1020.000000	84	137	0.867	0.129
1026.000000	84	137	0.878	0.144
1032.000000	84	137	0.883	0.161
1038.000000	84	137	0.883	0.183
1044.000000	84	137	0.880	0.215
1050.000000	84	137	0.873	0.256
1056.000000	84	137	0.863	0.303
1062.000000	84	137	0.850	0.354
1068.000000	84	137	0.831	0.412
1074.000000	84	137	0.806	0.477
1080.000000	84	137	0.772	0.537
1086.000000	84	137	0.720	0.590
1092.000000	137	84	0.650	0.630
1098.000000	137	84	0.735	0.493
1104.000000	137	84	0.814	0.306
1110.000000	137	83	0.891	0.173
1116.000000	137	83	0.943	0.191
1122.000000	137	83	0.951	0.215
1128.000000	137	83	0.951	0.247
1134.000000	137	83	0.954	0.285
1140.000000	137	83	0.951	0.328
1146.000000	137	83	0.947	0.375
1152.000000	137	83	0.942	0.419
1158.000000	137	83	0.934	0.462
1164.000000	137	83	0.928	0.502
1170.000000	137	83	0.924	0.534
1176.000000	137	83	0.920	0.560
1182.000000	137	83	0.915	0.580
1188.000000	137	83	0.911	0.597
1194.000000	137	83	0.906	0.610
1200.000000	137	83	0.901	0.619
1206.000000	137	83	0.896	0.629
1212.000000	137	83	0.891	0.642
1218.000000	137	83	0.886	0.653
1224.000000	137	83	0.878	0.666
1230.000000	137	83	0.871	0.676
1236.000000	137	83	0.866	0.684
1242.000000	137	83	0.858	0.695
1248.000000	137	83	0.849	0.708
1254.000000	137	83	0.839	0.723
1260.000000	137	83	0.824	0.745
1266.000000	137	83	0.803	0.769
1272.000000	83	137	0.790	0.781
1278.000000	83	137	0.803	0.752
1284.000000	83	137	0.819	0.707
1290.000000	83	137	0.841	0.640
1296.000000	83	137	0.867	0.534
1302.000000	83	137	0.919	0.349
1308.000000	83	137	0.955	0.137
1314.000000	83	11	0.969	0.055
1320.000000	83	11	0.972	0.061
1326.000000	83	11	0.972	0.068
1332.000000	83	11	0.970	0.075
1338.000000	83	11	0.968	0.083
1344.000000	83	11	0.965	0.092
1350.000000	83	11	0.962	0.101
1356.000000	83	11	0.958	0.109
1362.000000	83	11	0.954	0.117
1368.000000	83	11	0.949	0.125
1374.000000	83	11	0.943	0.134
1380.000000	83	11	0.936	0.143
1386.000000	83	11	0.929	0.151
1392.000000	83	11	0.920	0.159
1398.000000	83	63	0.910	0.180
1404.000000	83	63	0.897	0.206
1410.000000	83	63	0.882	0.239
1416.000000	83	63	0.864	0.279
1422.000000	83	63	0.841	0.328
1428.000000	83	63	0.811	0.381
1434.000000	83	63	0.770	0.436
1440.000000	83	63	0.715	0.489
1446.000000	83	63	0.635	0.538
1452.000000	63	83	0.600	0.509
1458.000000	63	102	0.663	0.570
1464.000000	63	102	0.753	0.650
1470.000000	63	102	0.809	0.701
1476.000000	63	102	0.830	0.731
1482.000000	63	102	0.842	0.745
1488.000000	63	102	0.846	0.752
1494.000000	63	102	0.847	0.751
1500.000000	63	102	0.848	0.751
1506.000000	63	102	0.848	0.748
1512.000000	63	102	0.848	0.742
1518.000000	63	102	0.845	0.739
1524.000000	63	102	0.841	0.735
1530.000000	63	102	0.837	0.732
1536.000000	63	102	0.831	0.731
1542.000000	63	102	0.825	0.729
1548.000000	63	102	0.819	0.726
1554.000000	63	102	0.814	0.719
1560.000000	63	102	0.810	0.711
1566.000000	63	102	0.805	0.701
1572.000000	63	102	0.800	0.688
1578.000000	63	102	0.796	0.673
1584.000000	63	102	0.793	0.652
1590.000000	63	102	0.792	0.623
1596.000000	63	102	0.794	0.584
1602.000000	63	102	0.793	0.535
1608.000000	63	102	0.797	0.468
1614.000000	63	102	0.805	0.380
1620.000000	63	102	0.818	0.262
1626.000000	63	102	0.838	0.127
1632.000000	63	39	0.854	0.094
1638.000000	63	39	0.869	0.103
1644.000000	63	39	0.883	0.115
1650.000000	63	39	0.894	0.130
1656.000000	63	39	0.903	0.150
1662.000000	63	39	0.908	0.173
1668.000000	63	39	0.910	0.202
1674.000000	63	39	0.908	0.235
1680.000000	63	39	0.905	0.274
1686.000000	63	39	0.902	0.318
1692.000000	63	39	0.894	0.367
1698.000000	63	39	0.883	0.418
1704.000000	63	39	0.867	0.467
1710.000000	63	39	0.846	0.516
1716.000000	63	39	0.818	0.558
1722.000000	63	39	0.781	0.596
1728.000000	63	39	0.728	0.626
1734.000000	63	39	0.655	0.650
1740.000000	39	63	0.683	0.531
1746.000000	39	15	0.726	0.545
1752.000000	39	15	0.771	0.597
1758.000000	39	15	0.811	0.630
1764.000000	39	15	0.830	0.656
1770.000000	39	15	0.840	0.672
1776.000000	39	15	0.845	0.687
1782.000000	39	15	0.858	0.701
1788.000000	39	15	0.861	0.710
1794.000000	39	15	0.860	0.717
1800.000000	39	15	0.863	0.718
1806.000000	39	15	0.864	0.719
1812.000000	39	15	0.862	0.721
1818.000000	39	15	0.861	0.720
1824.000000	39	15	0.860	0.718
1830.000000	39	15	0.858	0.716
1836.000000	39	15	0.855	0.718
1842.000000	39	15	0.859	0.709
1848.000000	39	15	0.858	0.700
1854.000000	39	15	0.857	0.687
1860.000000	39	15	0.858	0.669
1866.000000	39	15	0.856	0.649
1872.000000	39	15	0.855	0.624
1878.000000	39	15	0.854	0.597
1884.000000	39	15	0.851	0.560
1890.000000	39	15	0.850	0.505
1896.000000	39	15	0.856	0.424
1902.000000	39	15	0.861	0.323
1908.000000	39	95	0.873	0.256
1914.000000	39	95	0.887	0.275
1920.000000	39	95	0.894	0.309
1926.000000	39	95	0.898	0.352
1932.000000	39	95	0.898	0.401
1938.000000	39	95	0.896	0.455
1944.000000	39	95	0.890	0.516
1950.000000	39	95	0.880	0.574
1956.000000	39	95	0.863	0.621
1962.000000	39	95	0.839	0.658
1968.000000	39	95	0.814	0.679
1974.000000	39	95	0.781	0.696
1980.000000	39	95	0.732	0.720
1986.000000	95	39	0.742	0.663
1992.000000	95	39	0.774	0.539
1998.000000	95	39	0.814	0.339
2004.000000	95	194	0.869	0.220
2010.000000	95	194	0.895	0.234
2016.000000	95	194	0.904	0.252
2022.000000	95	194	0.909	0.275
2028.000000	95	194	0.910	0.302
2034.000000	95	194	0.913	0.326
2040.000000	95	194	0.912	0.350
2046.000000	95	194	0.910	0.374
2052.000000	95	194	0.907	0.393
2058.000000	95	194	0.902	0.413
2064.000000	95	194	0.895	0.428
2070.000000	95	194	0.889	0.441
2076.000000	95	194	0.885	0.455
2082.000000	95	194	0.880	0.470
2088.000000	95	194	0.874	0.484
2094.000000	95	194	0.865	0.498
2100.000000	95	194	0.857	0.511
2106.000000	95	194	0.848	0.519
2112.000000	95	194	0.839	0.526
2118.000000	95	194	0.828	0.529
2124.000000	95	194	0.813	0.533
2130.000000	95	194	0.795	0.537
2136.000000	95	194	0.771	0.545
2142.000000	95	194	0.741	0.558
2148.000000	95	194	0.706	0.570
2154.000000	95	194	0.659	0.582
2160.000000	194	95	0.601	0.586
2166.000000	194	95	0.627	0.470
2172.000000	194	162	0.673	0.380
2178.000000	194	162	0.722	0.421
2184.000000	194	162	0.755	0.478
2190.000000	194	162	0.772	0.534
2196.000000	194	162	0.782	0.573
2202.000000	194	162	0.792	0.595
2208.000000	194	162	0.798	0.614
2214.000000	194	162	0.800	0.630
2220.000000	194	162	0.799	0.644
2226.000000	194	162	0.797	0.649
2232.000000	194	162	0.791	0.654
2238.000000	194	162	0.782	0.657
2244.000000	194	162	0.772	0.661
2250.000000	194	162	0.760	0.665
2256.000000	194	162	0.745	0.661
2262.000000	194	162	0.726	0.658
2268.000000	194	162	0.696	0.659
2274.000000	162	194	0.660	0.660
2280.000000	162	194	0.658	0.613
2286.000000	162	164	0.660	0.565
2292.000000	162	164	0.670	0.629
2298.000000	162	164	0.691	0.685
2304.000000	164	162	0.730	0.722
2310.000000	164	162	0.761	0.736
2316.000000	164	162	0.779	0.739
2322.000000	164	162	0.789	0.745
2328.000000	164	162	0.792	0.747
2334.000000	164	162	0.798	0.743
2340.000000	164	162	0.808	0.736
2346.000000	164	162	0.810	0.730
2352.000000	164	162	0.806	0.722
2358.000000	164	162	0.811	0.706
2364.000000	164	162	0.814	0.683
2370.000000	164	162	0.818	0.659
2376.000000	164	162	0.822	0.623
2382.000000	164	162	0.836	0.566
2388.000000	164	162	0.847	0.495
2394.000000	164	162	0.869	0.393
2400.000000	164	162	0.893	0.265
2406.000000	164	28	0.914	0.159
2412.000000	164	28	0.923	0.161
2418.000000	164	28	0.925	0.165
2424.000000	164	28	0.924	0.168
2430.000000	164	28	0.921	0.170
2436.000000	164	28	0.917	0.171
2442.000000	164	28	0.912	0.171
2448.000000	164	28	0.906	0.172
2454.000000	164	28	0.901	0.173
2460.000000	164	28	0.895	0.173
2466.000000	164	28	0.889	0.172
2472.000000	164	28	0.883	0.169
2478.000000	164	28	0.876	0.165
2484.000000	164	28	0.868	0.157
2490.000000	164	86	0.860	0.154
2496.000000	164	86	0.850	0.157
2502.000000	164	86	0.839	0.161
2508.000000	164	109	0.826	0.169
2514.000000	164	109	0.811	0.182
2520.000000	164	109	0.792	0.195
2526.000000	164	109	0.768	0.209
2532.000000	164	109	0.735	0.227
2538.000000	164	109	0.687	0.251
2544.000000	164	109	0.610	0.286
2550.000000	164	109	0.483	0.338
2556.000000	109	164	0.424	0.286
2562.000000	109	107	0.557	0.098
2568.000000	109	107	0.726	0.103
2574.000000	109	107	0.834	0.109
2580.000000	109	107	0.883	0.112
2586.000000	109	107	0.916	0.115
2592.000000	109	68	0.931	0.121
2598.000000	109	68	0.935	0.129
2604.000000	109	68	0.934	0.135
2610.000000	109	177	0.936	0.147
2616.000000	109	177	0.935	0.162
2622.000000	109	177	0.932	0.176
2628.000000	109	177	0.930	0.189
2634.000000	109	177	0.927	0.201
2640.000000	109	177	0.925	0.212
2646.000000	109	177	0.922	0.222
2652.000000	109	177	0.920	0.231
2658.000000	109	177	0.917	0.241
2664.000000	109	177	0.914	0.252
2670.000000	109	177	0.910	0.263
2676.000000	109	177	0.906	0.272
2682.000000	109	177	0.903	0.281
2688.000000	109	177	0.899	0.289
2694.000000	109	177	0.895	0.298
2700.000000	109	177	0.891	0.310
2706.000000	109	177	0.885	0.326
2712.000000	109	177	0.876	0.346
2718.000000	109	177	0.868	0.362
2724.000000	109	177	0.861	0.380
2730.000000	109	177	0.854	0.399
2736.000000	109	177	0.843	0.417
2742.000000	109	177	0.830	0.437
2748.000000	109	177	0.814	0.457
2754.000000	109	177	0.794	0.480
2760.000000	109	177	0.769	0.513
2766.000000	109	177	0.740	0.550
2772.000000	109	177	0.700	0.596
2778.000000	177	109	0.657	0.641
2784.000000	177	109	0.720	0.547
2790.000000	177	109	0.787	0.390
2796.000000	177	109	0.868	0.171
2802.000000	177	105	0.937	0.062
2808.000000	177	1	0.961	0.062
2814.000000	177	1	0.965	0.062
2820.000000	177	166	0.966	0.071
2826.000000	177	166	0.965	0.082
2832.000000	177	166	0.963	0.093
2838.000000	177	166	0.961	0.103
2844.000000	177	166	0.959	0.113
2850.000000	177	166	0.956	0.123
2856.000000	177	166	0.953	0.131
2862.000000	177	166	0.949	0.138
2868.000000	177	166	0.945	0.143
2874.000000	177	166	0.941	0.147
2880.000000	177	166	0.937	0.150
2886.000000	177	166	0.932	0.154
2892.000000	177	166	0.927	0.157
2898.000000	177	166	0.921	0.163
2904.000000	177	166	0.914	0.165
2910.000000	177	166	0.906	0.165
2916.000000	177	133	0.897	0.169
2922.000000	177	133	0.887	0.185
2928.000000	177	133	0.875	0.202
2934.000000	177	133	0.860	0.217
2940.000000	177	133	0.843	0.232
2946.000000	177	133	0.821	0.249
2952.000000	177	133	0.796	0.269
2958.000000	177	133	0.765	0.292
2964.000000	177	133	0.722	0.318
2970.000000	177	133	0.659	0.347
2976.000000	177	133	0.570	0.385
2982.000000	133	177	0.440	0.439
2988.000000	133	177	0.517	0.253
2994.000000	133	82	0.623	0.244
3000.000000	133	82	0.734	0.248
3006.000000	133	35	0.790	0.257
3012.000000	133	35	0.827	0.275
3018.000000	133	35	0.853	0.297
3024.000000	133	35	0.868	0.315
3030.000000	133	35	0.874	0.335
3036.000000	133	35	0.874	0.356
3042.000000	133	35	0.874	0.375
3048.000000	133	35	0.882	0.391
3054.000000	133	35	0.884	0.409
3060.000000	133	35	0.887	0.427
3066.000000	133	35	0.886	0.442
3072.000000	133	35	0.885	0.457
3078.000000	133	35	0.885	0.469
3084.000000	133	35	0.885	0.480
3090.000000	133	35	0.884	0.493
3096.000000	133	35	0.887	0.504
3102.000000	133	35	0.886	0.511
3108.000000	133	35	0.889	0.516
3114.000000	133	35	0.890	0.521
3120.000000	133	35	0.890	0.527
3126.000000	133	35	0.891	0.532
3132.000000	133	35	0.893	0.536
3138.000000	133	35	0.894	0.542
3144.000000	133	35	0.894	0.544
3150.000000	133	35	0.893	0.547
3156.000000	133	35	0.892	0.551
3162.000000	133	35	0.891	0.551
3168.000000	133	35	0.889	0.544
3174.000000	133	35	0.891	0.531
3180.000000	133	35	0.894	0.512
3186.000000	133	35	0.894	0.488
3192.000000	133	35	0.894	0.454
3198.000000	133	35	0.895	0.404
3204.000000	133	35	0.899	0.331
3210.000000	133	35	0.903	0.238
3216.000000	133	171	0.906	0.142
3222.000000	133	171	0.906	0.147
3228.000000	133	171	0.902	0.154
3234.000000	133	171	0.895	0.165
3240.000000	133	171	0.886	0.178
3246.000000	133	171	0.874	0.194
3252.000000	133	171	0.857	0.212
3258.000000	133	171	0.834	0.233
3264.000000	133	171	0.802	0.259
3270.000000	133	171	0.759	0.295
3276.000000	133	171	0.697	0.345
3282.000000	133	171	0.599	0.413
3288.000000	171	133	0.510	0.427
3294.000000	171	133	0.663	0.183
3300.000000	171	116	0.837	0.061
3306.000000	171	116	0.908	0.055
3312.000000	171	118	0.935	0.059
3318.000000	171	118	0.939	0.064
3324.000000	171	118	0.942	0.069
3330.000000	171	118	0.943	0.076
3336.000000	171	118	0.942	0.083
3342.000000	171	118	0.940	0.092
3348.000000	171	118	0.937	0.102
3354.000000	171	118	0.933	0.112
3360.000000	171	118	0.931	0.121
3366.000000	171	118	0.927	0.129
3372.000000	171	118	0.923	0.136
3378.000000	171	118	0.919	0.143
3384.000000	171	118	0.916	0.151
3390.000000	171	118	0.911	0.160
3396.000000	171	118	0.906	0.171
3402.000000	171	118	0.901	0.183
3408.000000	171	118	0.896	0.197
3414.000000	171	118	0.889	0.213
3420.000000	171	118	0.881	0.227
3426.000000	171	118	0.872	0.241
3432.000000	171	118	0.862	0.253
3438.000000	171	118	0.850	0.264
3444.000000	171	118	0.837	0.276
3450.000000	171	118	0.821	0.287
3456.000000	171	118	0.804	0.299
3462.000000	171	118	0.782	0.311
3468.000000	171	118	0.755	0.326
3474.000000	171	118	0.719	0.342
3480.000000	171	118	0.671	0.360
3486.000000	171	118	0.606	0.379
3492.000000	171	118	0.512	0.405
3498.000000	118	171	0.441	0.379
3504.000000	118	37	0.498	0.392
3510.000000	118	37	0.568	0.419
3516.000000	118	37	0.627	0.448
3522.000000	118	37	0.671	0.466
3528.000000	118	37	0.697	0.484
3534.000000	118	37	0.706	0.503
3540.000000	118	37	0.713	0.520
3546.000000	118	37	0.722	0.533
3552.000000	118	37	0.728	0.544
3558.000000	118	37	0.736	0.550
3564.000000	118	37	0.745	0.551
3570.000000	118	37	0.753	0.546
3576.000000	118	37	0.758	0.541
3582.000000	118	37	0.757	0.534
3588.000000	118	37	0.755	0.525
3594.000000	118	37	0.760	0.506
3600.000000	118	37	0.768	0.481
3606.000000	118	37	0.768	0.457
3612.000000	118	36	0.772	0.450
3618.000000	118	36	0.776	0.462
3624.000000	118	36	0.786	0.481
3630.000000	118	36	0.802	0.509
3636.000000	118	36	0.807	0.545
3642.000000	118	36	0.812	0.579
3648.000000	118	36	0.823	0.606
3654.000000	118	36	0.828	0.631
3660.000000	118	36	0.829	0.650
3666.000000	118	36	0.823	0.666
3672.000000	118	36	0.810	0.680
3678.000000	118	36	0.799	0.686
3684.000000	118	36	0.782	0.689
3690.000000	118	36	0.760	0.690
3696.000000	118	36	0.729	0.693
3702.000000	36	118	0.693	0.691
3708.000000	36	118	0.709	0.628
3714.000000	36	118	0.725	0.544
3720.000000	36	118	0.755	0.422
3726.000000	36	118	0.797	0.269
3732.000000	36	118	0.852	0.120
3738.000000	36	127	0.880	0.098
3744.000000	36	127	0.898	0.101
3750.000000	36	127	0.909	0.104
3756.000000	36	127	0.911	0.106
3762.000000	36	127	0.913	0.108
3768.000000	36	127	0.911	0.110
3774.000000	36	127	0.907	0.112
3780.000000	36	127	0.903	0.113
3786.000000	36	127	0.900	0.113
3792.000000	36	127	0.897	0.113
3798.000000	36	188	0.895	0.115
3804.000000	36	188	0.892	0.124
3810.000000	36	188	0.888	0.133
3816.000000	36	188	0.882	0.143
3822.000000	36	188	0.875	0.153
3828.000000	36	188	0.866	0.161
3834.000000	36	188	0.855	0.167
3840.000000	36	188	0.841	0.172
3846.000000	36	188	0.824	0.175
3852.000000	36	188	0.803	0.177
3858.000000	36	188	0.775	0.178
3864.000000	36	188	0.737	0.178
3870.000000	36	105	0.685	0.199
3876.000000	36	105	0.609	0.228
3882.000000	36	105	0.496	0.274
3888.000000	36	105	0.348	0.339
3894.000000	105	188	0.423	0.173
3900.000000	105	188	0.542	0.167
3906.000000	105	188	0.673	0.158
3912.000000	105	188	0.769	0.149
3918.000000	105	188	0.836	0.145
3924.000000	105	112	0.869	0.151
3930.000000	105	112	0.889	0.161
3936.000000	105	112	0.901	0.170
3942.000000	105	112	0.909	0.176
3948.000000	105	112	0.918	0.182
3954.000000	105	112	0.919	0.187
3960.000000	105	112	0.922	0.192
3966.000000	105	112	0.923	0.199
3972.000000	105	112	0.923	0.205
3978.000000	105	112	0.922	0.210
3984.000000	105	112	0.922	0.213
3990.000000	105	112	0.922	0.214
3996.000000	105	112	0.921	0.213
4002.000000	105	112	0.921	0.212
4008.000000	105	112	0.920	0.209
4014.000000	105	112	0.920	0.204
4020.000000	105	112	0.920	0.197
4026.000000	105	112	0.921	0.189
4032.000000	105	112	0.923	0.180
4038.000000	105	112	0.922	0.166
4044.000000	105	96	0.921	0.162
4050.000000	105	96	0.920	0.163
4056.000000	105	96	0.918	0.162
4062.000000	105	96	0.918	0.160
4068.000000	105	98	0.918	0.158
4074.000000	105	98	0.916	0.154
4080.000000	105	98	0.913	0.146
4086.000000	105	98	0.911	0.135
4092.000000	105	96	0.909	0.121
4098.000000	105	96	0.908	0.107
4104.000000	105	96	0.908	0.092
4110.000000	105	73	0.908	0.085
4116.000000	105	73	0.910	0.089
4122.000000	105	73	0.910	0.092
4128.000000	105	73	0.910	0.094
4134.000000	105	73	0.910	0.096
4140.000000	105	73	0.910	0.096
4146.000000	105	73	0.909	0.097
4152.000000	105	73	0.908	0.097
4158.000000	105	73	0.904	0.096
4164.000000	105	73	0.899	0.094
4170.000000	105	73	0.892	0.091
4176.000000	105	73	0.883	0.086
4182.000000	105	73	0.871	0.079
4188.000000	105	73	0.855	0.072
4194.000000	105	73	0.833	0.064
4200.000000	105	17	0.799	0.058
4206.000000	105	17	0.743	0.055
4212.000000	105	17	0.637	0.052
4218.000000	105	17	0.403	0.047
4224.000000	105	17	0.066	0.033
4230.000000	175	110	0.023	0.023
4236.000000	175	110	0.019	0.018
4242.000000	175	110	0.014	0.013
4248.000000	175	110	0.009	0.008
