0.000000	119	165	0.000	0.000
6.000000	159	146	0.981	0.035
12.000000	159	146	0.979	0.038
18.000000	159	122	0.978	0.046
24.000000	159	122	0.976	0.056
30.000000	159	122	0.973	0.064
36.000000	159	122	0.971	0.072
42.000000	159	145	0.968	0.083
48.000000	159	145	0.965	0.093
54.000000	159	145	0.962	0.103
60.000000	159	145	0.959	0.112
66.000000	159	145	0.957	0.121
72.000000	159	44	0.954	0.130
78.000000	159	44	0.951	0.140
84.000000	159	44	0.948	0.149
90.000000	159	44	0.945	0.157
96.000000	159	44	0.943	0.165
102.000000	159	44	0.940	0.172
108.000000	159	44	0.937	0.178
114.000000	159	44	0.935	0.184
120.000000	159	44	0.932	0.188
126.000000	159	44	0.929	0.190
132.000000	159	44	0.927	0.192
138.000000	159	44	0.924	0.192
144.000000	159	44	0.921	0.192
150.000000	159	44	0.918	0.191
156.000000	159	44	0.915	0.191
162.000000	159	44	0.912	0.192
168.000000	159	44	0.907	0.195
174.000000	159	44	0.902	0.199
180.000000	159	44	0.895	0.203
186.000000	159	44	0.887	0.209
192.000000	159	44	0.877	0.216
198.000000	159	44	0.865	0.226
204.000000	159	44	0.850	0.240
210.000000	159	44	0.829	0.258
216.000000	159	44	0.803	0.281
222.000000	159	44	0.766	0.313
228.000000	159	44	0.715	0.356
234.000000	159	44	0.635	0.418
240.000000	44	159	0.507	0.502
246.000000	44	159	0.643	0.287
252.000000	44	159	0.816	0.078
258.000000	44	192	0.929	0.045
264.000000	44	192	0.953	0.050
270.000000	44	192	0.958	0.055
276.000000	44	192	0.959	0.060
282.000000	44	192	0.958	0.064
288.000000	44	192	0.955	0.068
294.000000	44	192	0.952	0.071
300.000000	44	10	0.949	0.081
306.000000	44	10	0.945	0.093
312.000000	44	10	0.942	0.104
318.000000	44	10	0.938	0.114
324.000000	44	10	0.935	0.124
330.000000	44	10	0.931	0.134
336.000000	44	10	0.927	0.143
342.000000	44	10	0.923	0.151
348.000000	44	10	0.919	0.158
354.000000	44	10	0.915	0.163
360.000000	44	10	0.911	0.167
366.000000	44	10	0.907	0.170
372.000000	44	10	0.903	0.173
378.000000	44	10	0.899	0.175
384.000000	44	10	0.895	0.175
390.000000	44	10	0.890	0.175
396.000000	44	10	0.885	0.175
402.000000	44	10	0.879	0.173
408.000000	44	10	0.872	0.170
414.000000	44	10	0.864	0.166
420.000000	44	10	0.853	0.158
426.000000	44	10	0.840	0.150
432.000000	44	42	0.823	0.142
438.000000	44	42	0.800	0.146
444.000000	44	42	0.768	0.152
450.000000	44	42	0.722	0.160
456.000000	44	42	0.649	0.171
462.000000	44	42	0.526	0.187
468.000000	44	42	0.321	0.210
474.000000	42	44	0.245	0.090
480.000000	42	27	0.327	0.049
486.000000	42	27	0.486	0.059
492.000000	42	27	0.691	0.071
498.000000	42	27	0.834	0.082
504.000000	42	27	0.902	0.094
510.000000	42	27	0.928	0.108
516.000000	42	27	0.937	0.125
522.000000	42	27	0.940	0.142
528.000000	42	27	0.940	0.160
534.000000	42	27	0.939	0.178
540.000000	42	27	0.937	0.194
546.000000	42	27	0.935	0.209
552.000000	42	27	0.934	0.223
558.000000	42	27	0.932	0.235
564.000000	42	27	0.930	0.246
570.000000	42	27	0.928	0.257
576.000000	42	27	0.926	0.268
582.000000	42	27	0.924	0.277
588.000000	42	27	0.923	0.286
594.000000	42	27	0.921	0.295
600.000000	42	27	0.919	0.305
606.000000	42	27	0.918	0.315
612.000000	42	27	0.916	0.325
618.000000	42	27	0.915	0.335
624.000000	42	27	0.913	0.347
630.000000	42	27	0.911	0.362
636.000000	42	27	0.908	0.384
642.000000	42	27	0.904	0.412
648.000000	42	27	0.898	0.443
654.000000	42	27	0.890	0.478
660.000000	42	27	0.879	0.516
666.000000	42	27	0.864	0.556
672.000000	42	27	0.844	0.588
678.000000	42	27	0.818	0.614
684.000000	42	27	0.781	0.642
690.000000	42	27	0.728	0.674
696.000000	27	42	0.704	0.649
702.000000	27	42	0.740	0.519
708.000000	27	42	0.792	0.323
714.000000	27	42	0.881	0.121
720.000000	27	125	0.938	0.078
726.000000	27	125	0.946	0.086
732.000000	27	125	0.946	0.092
738.000000	27	125	0.943	0.098
744.000000	27	125	0.939	0.104
750.000000	27	125	0.934	0.110
756.000000	27	125	0.928	0.117
762.000000	27	125	0.922	0.122
768.000000	27	125	0.915	0.127
774.000000	27	125	0.908	0.131
780.000000	27	125	0.900	0.134
786.000000	27	125	0.891	0.136
792.000000	27	125	0.882	0.138
798.000000	27	125	0.871	0.139
804.000000	27	125	0.860	0.140
810.000000	27	64	0.846	0.144
816.000000	27	64	0.830	0.154
822.000000	27	64	0.812	0.163
828.000000	27	64	0.790	0.172
834.000000	27	64	0.762	0.182
840.000000	27	64	0.725	0.193
846.000000	27	64	0.676	0.206
852.000000	27	64	0.605	0.223
858.000000	27	64	0.497	0.244
864.000000	27	64	0.338	0.276
870.000000	64	27	0.331	0.153
876.000000	64	125	0.456	0.071
882.000000	64	81	0.644	0.059
888.000000	64	189	0.822	0.067
894.000000	64	189	0.906	0.078
900.000000	64	189	0.936	0.088
906.000000	64	189	0.945	0.099
912.000000	64	189	0.948	0.112
918.000000	64	189	0.950	0.124
924.000000	64	189	0.951	0.136
930.000000	64	189	0.950	0.148
936.000000	64	189	0.948	0.161
942.000000	64	189	0.946	0.174
948.000000	64	189	0.943	0.187
954.000000	64	189	0.941	0.200
960.000000	64	189	0.939	0.212
966.000000	64	189	0.936	0.224
972.000000	64	189	0.934	0.235
978.000000	64	189	0.931	0.244
984.000000	64	189	0.928	0.253
990.000000	64	189	0.925	0.262
996.000000	64	189	0.922	0.273
1002.000000	64	189	0.918	0.287
1008.000000	64	189	0.914	0.300
1014.000000	64	189	0.910	0.313
1020.000000	64	189	0.904	0.328
1026.000000	64	189	0.898	0.346
1032.000000	64	189	0.890	0.365
1038.000000	64	189	0.881	0.386
1044.000000	64	189	0.870	0.415
1050.000000	64	189	0.856	0.449
1056.000000	64	189	0.838	0.487
1062.000000	64	189	0.815	0.530
1068.000000	64	189	0.783	0.582
1074.000000	64	189	0.735	0.632
1080.000000	189	64	0.688	0.656
1086.000000	189	64	0.757	0.522
1092.000000	189	64	0.849	0.319
1098.000000	189	64	0.924	0.122
1104.000000	189	130	0.950	0.057
1110.000000	189	130	0.956	0.060
1116.000000	189	130	0.955	0.064
1122.000000	189	130	0.951	0.068
1128.000000	189	130	0.947	0.071
1134.000000	189	130	0.943	0.074
1140.000000	189	192	0.938	0.079
1146.000000	189	192	0.933	0.084
1152.000000	189	192	0.928	0.089
1158.000000	189	192	0.922	0.094
1164.000000	189	100	0.917	0.099
1170.000000	189	100	0.910	0.107
1176.000000	189	100	0.904	0.113
1182.000000	189	100	0.897	0.119
1188.000000	189	100	0.889	0.125
1194.000000	189	100	0.880	0.130
1200.000000	189	100	0.871	0.135
1206.000000	189	100	0.860	0.141
1212.000000	189	100	0.847	0.146
1218.000000	189	100	0.833	0.150
1224.000000	189	100	0.817	0.154
1230.000000	189	100	0.797	0.159
1236.000000	189	100	0.774	0.165
1242.000000	189	100	0.743	0.176
1248.000000	189	100	0.702	0.190
1254.000000	189	100	0.644	0.210
1260.000000	189	100	0.557	0.241
1266.000000	189	100	0.422	0.291
1272.000000	100	189	0.366	0.237
1278.000000	100	162	0.490	0.177
1284.000000	100	162	0.662	0.181
1290.000000	100	162	0.803	0.184
1296.000000	100	162	0.875	0.187
1302.000000	100	162	0.904	0.190
1308.000000	100	162	0.919	0.191
1314.000000	100	162	0.925	0.191
1320.000000	100	162	0.926	0.191
1326.000000	100	162	0.929	0.188
1332.000000	100	162	0.929	0.183
1338.000000	100	162	0.927	0.178
1344.000000	100	162	0.925	0.170
1350.000000	100	89	0.923	0.160
1356.000000	100	89	0.920	0.168
1362.000000	100	89	0.918	0.175
1368.000000	100	89	0.916	0.182
1374.000000	100	89	0.914	0.189
1380.000000	100	89	0.912	0.195
1386.000000	100	89	0.910	0.202
1392.000000	100	89	0.907	0.208
1398.000000	100	89	0.905	0.215
1404.000000	100	89	0.903	0.222
1410.000000	100	89	0.902	0.232
1416.000000	100	89	0.901	0.241
1422.000000	100	89	0.900	0.248
1428.000000	100	89	0.896	0.256
1434.000000	100	89	0.889	0.264
1440.000000	100	89	0.881	0.274
1446.000000	100	89	0.871	0.285
1452.000000	100	89	0.858	0.296
1458.000000	100	140	0.842	0.310
1464.000000	100	140	0.822	0.338
1470.000000	100	140	0.793	0.377
1476.000000	100	140	0.757	0.418
1482.000000	100	140	0.707	0.460
1488.000000	100	140	0.631	0.511
1494.000000	140	100	0.574	0.513
1500.000000	140	89	0.645	0.382
1506.000000	140	89	0.744	0.406
1512.000000	140	89	0.829	0.438
1518.000000	140	89	0.873	0.468
1524.000000	140	89	0.889	0.490
1530.000000	140	89	0.893	0.510
1536.000000	140	89	0.893	0.526
1542.000000	140	89	0.890	0.540
1548.000000	140	89	0.887	0.551
1554.000000	140	89	0.883	0.561
1560.000000	140	89	0.882	0.566
1566.000000	140	89	0.881	0.566
1572.000000	140	89	0.881	0.562
1578.000000	140	89	0.881	0.555
1584.000000	140	89	0.878	0.548
1590.000000	140	89	0.875	0.535
1596.000000	140	89	0.874	0.514
1602.000000	140	89	0.874	0.485
1608.000000	140	89	0.877	0.443
1614.000000	140	89	0.877	0.387
1620.000000	140	89	0.878	0.308
1626.000000	140	89	0.879	0.205
1632.000000	140	89	0.887	0.098
1638.000000	140	112	0.889	0.094
1644.000000	140	112	0.892	0.098
1650.000000	140	112	0.891	0.103
1656.000000	140	112	0.886	0.109
1662.000000	140	112	0.879	0.115
1668.000000	140	112	0.869	0.121
1674.000000	140	112	0.857	0.129
1680.000000	140	112	0.841	0.137
1686.000000	140	112	0.821	0.146
1692.000000	140	112	0.796	0.157
1698.000000	140	112	0.762	0.169
1704.000000	140	112	0.715	0.184
1710.000000	140	112	0.645	0.202
1716.000000	140	112	0.534	0.228
1722.000000	140	112	0.358	0.265
1728.000000	112	140	0.328	0.147
1734.000000	112	34	0.444	0.074
1740.000000	112	36	0.615	0.070
1746.000000	112	36	0.772	0.073
1752.000000	112	198	0.862	0.076
1758.000000	112	107	0.897	0.087
1764.000000	112	107	0.919	0.100
1770.000000	112	107	0.928	0.114
1776.000000	112	107	0.932	0.127
1782.000000	112	107	0.935	0.140
1788.000000	112	107	0.936	0.154
1794.000000	112	107	0.937	0.169
1800.000000	112	107	0.936	0.184
1806.000000	112	107	0.935	0.198
1812.000000	112	107	0.933	0.211
1818.000000	112	107	0.931	0.222
1824.000000	112	107	0.929	0.231
1830.000000	112	107	0.927	0.240
1836.000000	112	107	0.925	0.247
1842.000000	112	107	0.923	0.254
1848.000000	112	107	0.920	0.261
1854.000000	112	107	0.918	0.272
1860.000000	112	107	0.916	0.286
1866.000000	112	107	0.917	0.300
1872.000000	112	107	0.913	0.318
1878.000000	112	107	0.909	0.336
1884.000000	112	107	0.904	0.357
1890.000000	112	107	0.897	0.383
1896.000000	112	107	0.887	0.415
1902.000000	112	107	0.875	0.451
1908.000000	112	107	0.859	0.500
1914.000000	112	107	0.837	0.559
1920.000000	112	107	0.808	0.616
1926.000000	112	107	0.765	0.669
1932.000000	107	112	0.722	0.704
1938.000000	107	112	0.759	0.621
1944.000000	107	112	0.794	0.495
1950.000000	107	112	0.834	0.310
1956.000000	107	112	0.909	0.117
1962.000000	107	57	0.943	0.095
1968.000000	107	57	0.948	0.102
1974.000000	107	57	0.946	0.110
1980.000000	107	57	0.943	0.119
1986.000000	107	57	0.938	0.128
1992.000000	107	57	0.933	0.135
1998.000000	107	57	0.927	0.142
2004.000000	107	167	0.921	0.151
2010.000000	107	167	0.915	0.159
2016.000000	107	167	0.908	0.167
2022.000000	107	167	0.901	0.173
2028.000000	107	167	0.892	0.178
2034.000000	107	167	0.884	0.181
2040.000000	107	167	0.876	0.184
2046.000000	107	167	0.868	0.184
2052.000000	107	167	0.858	0.182
2058.000000	107	72	0.848	0.185
2064.000000	107	72	0.837	0.188
2070.000000	107	72	0.824	0.190
2076.000000	107	72	0.809	0.193
2082.000000	107	72	0.792	0.197
2088.000000	107	72	0.772	0.202
2094.000000	107	72	0.745	0.210
2100.000000	107	72	0.705	0.224
2106.000000	107	72	0.644	0.245
2112.000000	107	72	0.547	0.274
2118.000000	107	72	0.394	0.319
2124.000000	72	107	0.397	0.195
2130.000000	72	42	0.547	0.069
2136.000000	72	42	0.750	0.072
2142.000000	72	42	0.880	0.079
2148.000000	72	42	0.920	0.087
2154.000000	72	42	0.930	0.095
2160.000000	72	42	0.933	0.103
2166.000000	72	42	0.934	0.112
2172.000000	72	42	0.933	0.120
2178.000000	72	42	0.931	0.129
2184.000000	72	42	0.929	0.138
2190.000000	72	42	0.927	0.147
2196.000000	72	42	0.925	0.155
2202.000000	72	42	0.923	0.163
2208.000000	72	42	0.921	0.170
2214.000000	72	42	0.919	0.176
2220.000000	72	42	0.917	0.182
2226.000000	72	42	0.915	0.186
2232.000000	72	42	0.914	0.190
2238.000000	72	42	0.912	0.192
2244.000000	72	42	0.910	0.194
2250.000000	72	42	0.908	0.195
2256.000000	72	42	0.906	0.194
2262.000000	72	42	0.904	0.194
2268.000000	72	42	0.903	0.192
2274.000000	72	42	0.902	0.187
2280.000000	72	42	0.899	0.181
2286.000000	72	42	0.895	0.172
2292.000000	72	42	0.891	0.160
2298.000000	72	42	0.884	0.146
2304.000000	72	42	0.875	0.129
2310.000000	72	42	0.864	0.111
2316.000000	72	77	0.850	0.097
2322.000000	72	77	0.831	0.100
2328.000000	72	77	0.806	0.103
2334.000000	72	77	0.772	0.106
2340.000000	72	77	0.724	0.110
2346.000000	72	77	0.651	0.114
2352.000000	72	77	0.530	0.118
2358.000000	72	77	0.332	0.120
2364.000000	77	72	0.123	0.104
2370.000000	77	120	0.130	0.062
2376.000000	77	120	0.151	0.063
2382.000000	77	120	0.185	0.065
2388.000000	77	120	0.241	0.067
2394.000000	77	120	0.333	0.066
2400.000000	77	120	0.478	0.063
2406.000000	77	157	0.659	0.057
2412.000000	77	192	0.794	0.067
2418.000000	77	192	0.856	0.077
2424.000000	77	192	0.884	0.084
2430.000000	77	192	0.900	0.089
2436.000000	77	192	0.908	0.094
2442.000000	77	192	0.914	0.100
2448.000000	77	132	0.915	0.106
2454.000000	77	132	0.916	0.116
2460.000000	77	132	0.915	0.125
2466.000000	77	132	0.913	0.134
2472.000000	77	132	0.912	0.141
2478.000000	77	132	0.910	0.148
2484.000000	77	132	0.909	0.154
2490.000000	77	132	0.908	0.160
2496.000000	77	132	0.908	0.163
2502.000000	77	132	0.908	0.167
2508.000000	77	132	0.907	0.170
2514.000000	77	132	0.906	0.172
2520.000000	77	132	0.906	0.174
2526.000000	77	132	0.910	0.174
2532.000000	77	132	0.915	0.175
2538.000000	77	132	0.919	0.178
2544.000000	77	132	0.922	0.180
2550.000000	77	132	0.923	0.182
2556.000000	77	132	0.923	0.183
2562.000000	77	132	0.920	0.186
2568.000000	77	132	0.915	0.191
2574.000000	77	132	0.908	0.198
2580.000000	77	132	0.898	0.205
2586.000000	77	132	0.886	0.212
2592.000000	77	132	0.870	0.220
2598.000000	77	132	0.849	0.228
2604.000000	77	132	0.822	0.240
2610.000000	77	132	0.785	0.255
2616.000000	77	132	0.732	0.274
2622.000000	77	132	0.652	0.298
2628.000000	77	132	0.520	0.329
2634.000000	132	77	0.380	0.307
2640.000000	132	174	0.473	0.104
2646.000000	132	174	0.604	0.094
2652.000000	132	141	0.741	0.089
2658.000000	132	141	0.830	0.095
2664.000000	132	141	0.879	0.100
2670.000000	132	141	0.902	0.103
2676.000000	132	141	0.914	0.106
2682.000000	132	184	0.926	0.110
2688.000000	132	184	0.929	0.115
2694.000000	132	184	0.930	0.119
2700.000000	132	184	0.929	0.123
2706.000000	132	184	0.928	0.126
2712.000000	132	184	0.927	0.127
2718.000000	132	184	0.926	0.128
2724.000000	132	184	0.924	0.127
2730.000000	132	184	0.923	0.124
2736.000000	132	184	0.921	0.121
2742.000000	132	184	0.920	0.117
2748.000000	132	184	0.918	0.114
2754.000000	132	108	0.915	0.111
2760.000000	132	108	0.912	0.112
2766.000000	132	108	0.911	0.111
2772.000000	132	108	0.910	0.109
2778.000000	132	108	0.910	0.106
2784.000000	132	108	0.908	0.101
2790.000000	132	108	0.906	0.094
2796.000000	132	108	0.903	0.085
2802.000000	132	108	0.899	0.075
2808.000000	132	108	0.893	0.063
2814.000000	132	170	0.884	0.054
2820.000000	132	170	0.874	0.053
2826.000000	132	170	0.860	0.053
2832.000000	132	170	0.843	0.053
2838.000000	132	170	0.820	0.053
2844.000000	132	51	0.788	0.053
2850.000000	132	51	0.742	0.053
2856.000000	132	51	0.671	0.052
2862.000000	132	51	0.547	0.049
2868.000000	132	51	0.333	0.042
2874.000000	132	54	0.089	0.036
2880.000000	54	116	0.032	0.028
2886.000000	54	116	0.029	0.027
2892.000000	54	116	0.026	0.026
2898.000000	116	54	0.024	0.024
2904.000000	65	188	0.023	0.022
2910.000000	65	188	0.022	0.022
2916.000000	65	188	0.021	0.021
2922.000000	65	188	0.020	0.019
2928.000000	65	188	0.018	0.017
2934.000000	65	178	0.016	0.015
2940.000000	178	65	0.014	0.014
2946.000000	178	65	0.014	0.011
2952.000000	178	182	0.013	0.009
2958.000000	178	118	0.012	0.007
2964.000000	178	118	0.010	0.006
2970.000000	178	155	0.009	0.006
