0.000000	119	165	0.000	0.000
6.000000	89	196	0.981	0.039
12.000000	89	196	0.980	0.044
18.000000	89	63	0.978	0.051
24.000000	89	63	0.976	0.059
30.000000	89	63	0.974	0.068
36.000000	89	63	0.971	0.077
42.000000	89	185	0.968	0.086
48.000000	89	185	0.965	0.096
54.000000	89	185	0.962	0.106
60.000000	89	185	0.959	0.113
66.000000	89	63	0.956	0.120
72.000000	89	98	0.953	0.128
78.000000	89	98	0.950	0.136
84.000000	89	98	0.947	0.145
90.000000	89	98	0.944	0.152
96.000000	89	98	0.942	0.160
102.000000	89	98	0.939	0.167
108.000000	89	98	0.936	0.174
114.000000	89	98	0.934	0.179
120.000000	89	98	0.932	0.184
126.000000	89	98	0.929	0.189
132.000000	89	98	0.927	0.193
138.000000	89	98	0.924	0.195
144.000000	89	98	0.922	0.196
150.000000	89	98	0.919	0.197
156.000000	89	98	0.917	0.196
162.000000	89	98	0.913	0.195
168.000000	89	98	0.910	0.193
174.000000	89	98	0.905	0.190
180.000000	89	98	0.900	0.184
186.000000	89	98	0.893	0.177
192.000000	89	98	0.886	0.168
198.000000	89	98	0.876	0.157
204.000000	89	98	0.865	0.145
210.000000	89	98	0.850	0.131
216.000000	89	98	0.832	0.117
222.000000	89	98	0.809	0.103
228.000000	89	98	0.777	0.087
234.000000	89	98	0.733	0.071
240.000000	89	98	0.664	0.056
246.000000	89	98	0.548	0.042
252.000000	89	105	0.346	0.032
258.000000	89	105	0.099	0.026
264.000000	176	105	0.021	0.021
270.000000	176	57	0.020	0.019
276.000000	176	57	0.019	0.017
282.000000	176	159	0.017	0.015
288.000000	176	159	0.015	0.014
294.000000	176	159	0.013	0.012
300.000000	2	176	0.011	0.010
306.000000	2	159	0.010	0.008
