0.000000	119	165	0.000	0.000
6.000000	111	7	0.981	0.032
12.000000	111	7	0.980	0.035
18.000000	111	7	0.979	0.039
24.000000	111	7	0.977	0.043
30.000000	111	7	0.975	0.048
36.000000	111	7	0.974	0.054
42.000000	111	7	0.971	0.059
48.000000	111	7	0.969	0.065
54.000000	111	7	0.967	0.070
60.000000	111	7	0.965	0.075
66.000000	111	7	0.963	0.080
72.000000	111	7	0.961	0.084
78.000000	111	7	0.958	0.087
84.000000	111	7	0.956	0.090
90.000000	111	7	0.954	0.092
96.000000	111	7	0.953	0.093
102.000000	111	7	0.951	0.093
108.000000	111	65	0.949	0.094
114.000000	111	65	0.947	0.099
120.000000	111	65	0.945	0.104
126.000000	111	65	0.943	0.110
132.000000	111	65	0.940	0.115
138.000000	111	65	0.938	0.119
144.000000	111	65	0.935	0.122
150.000000	111	65	0.932	0.124
156.000000	111	65	0.928	0.127
162.000000	111	65	0.924	0.129
168.000000	111	65	0.920	0.131
174.000000	111	65	0.914	0.131
180.000000	111	65	0.907	0.130
186.000000	111	65	0.899	0.128
192.000000	111	65	0.889	0.123
198.000000	111	65	0.877	0.118
204.000000	111	65	0.863	0.111
210.000000	111	65	0.845	0.101
216.000000	111	65	0.823	0.090
222.000000	111	65	0.795	0.076
228.000000	111	65	0.756	0.062
234.000000	111	116	0.700	0.056
240.000000	111	186	0.613	0.054
246.000000	111	186	0.467	0.051
252.000000	111	186	0.240	0.042
258.000000	111	186	0.039	0.032
264.000000	186	75	0.026	0.023
270.000000	186	75	0.023	0.020
276.000000	186	75	0.020	0.016
282.000000	186	75	0.016	0.012
288.000000	186	137	0.012	0.009
294.000000	186	107	0.008	0.008
