0.000000	119	165	0.000	0.000
6.000000	172	156	0.981	0.035
12.000000	172	156	0.980	0.038
18.000000	172	156	0.978	0.042
24.000000	172	113	0.976	0.047
30.000000	172	113	0.974	0.053
36.000000	172	100	0.972	0.062
42.000000	172	100	0.969	0.073
48.000000	172	100	0.966	0.083
54.000000	172	100	0.964	0.093
60.000000	172	100	0.961	0.102
66.000000	172	100	0.959	0.110
72.000000	172	83	0.957	0.118
78.000000	172	83	0.955	0.128
84.000000	172	83	0.953	0.138
90.000000	172	83	0.951	0.147
96.000000	172	83	0.950	0.157
102.000000	172	83	0.948	0.166
108.000000	172	83	0.947	0.175
114.000000	172	83	0.946	0.184
120.000000	172	83	0.945	0.194
126.000000	172	83	0.944	0.203
132.000000	172	83	0.943	0.212
138.000000	172	83	0.942	0.220
144.000000	172	83	0.940	0.227
150.000000	172	83	0.938	0.236
156.000000	172	83	0.936	0.250
162.000000	172	83	0.932	0.272
168.000000	172	83	0.927	0.310
174.000000	172	83	0.919	0.364
180.000000	172	83	0.908	0.438
186.000000	172	83	0.893	0.524
192.000000	172	83	0.873	0.607
198.000000	172	83	0.846	0.668
204.000000	172	83	0.812	0.707
210.000000	172	83	0.760	0.741
216.000000	83	172	0.777	0.686
222.000000	83	172	0.813	0.573
228.000000	83	172	0.855	0.402
234.000000	83	172	0.907	0.184
240.000000	83	82	0.951	0.080
246.000000	83	82	0.962	0.087
252.000000	83	82	0.960	0.094
258.000000	83	82	0.957	0.102
264.000000	83	82	0.953	0.110
270.000000	83	82	0.948	0.118
276.000000	83	82	0.944	0.127
282.000000	83	82	0.939	0.136
288.000000	83	82	0.934	0.145
294.000000	83	82	0.929	0.153
300.000000	83	82	0.924	0.161
306.000000	83	82	0.919	0.169
312.000000	83	82	0.914	0.177
318.000000	83	82	0.908	0.185
324.000000	83	82	0.902	0.192
330.000000	83	82	0.895	0.199
336.000000	83	82	0.888	0.206
342.000000	83	82	0.880	0.214
348.000000	83	82	0.871	0.223
354.000000	83	82	0.860	0.232
360.000000	83	82	0.848	0.240
366.000000	83	82	0.834	0.246
372.000000	83	82	0.817	0.254
378.000000	83	82	0.795	0.263
384.000000	83	82	0.766	0.274
390.000000	83	82	0.726	0.285
396.000000	83	82	0.669	0.295
402.000000	83	82	0.579	0.306
408.000000	83	82	0.440	0.323
414.000000	82	122	0.358	0.302
420.000000	82	122	0.412	0.339
426.000000	82	122	0.483	0.392
432.000000	82	122	0.555	0.454
438.000000	82	122	0.622	0.511
444.000000	82	122	0.667	0.561
450.000000	82	122	0.695	0.605
456.000000	82	122	0.710	0.634
462.000000	82	122	0.721	0.655
468.000000	82	122	0.727	0.675
474.000000	82	122	0.731	0.687
480.000000	82	122	0.735	0.695
486.000000	82	122	0.736	0.702
492.000000	82	122	0.736	0.710
498.000000	82	122	0.733	0.723
504.000000	122	82	0.732	0.729
510.000000	122	82	0.739	0.722
516.000000	122	82	0.744	0.718
522.000000	122	82	0.746	0.712
528.000000	122	82	0.746	0.703
534.000000	122	82	0.747	0.689
540.000000	122	82	0.744	0.671
546.000000	122	82	0.738	0.646
552.000000	122	82	0.735	0.610
558.000000	122	82	0.731	0.562
564.000000	122	82	0.738	0.487
570.000000	122	82	0.754	0.375
576.000000	122	82	0.787	0.225
582.000000	122	9	0.827	0.089
588.000000	122	187	0.855	0.089
594.000000	122	187	0.871	0.097
600.000000	122	187	0.885	0.105
606.000000	122	187	0.893	0.115
612.000000	122	187	0.896	0.126
618.000000	122	187	0.897	0.136
624.000000	122	187	0.895	0.147
630.000000	122	187	0.890	0.158
636.000000	122	187	0.884	0.171
642.000000	122	187	0.875	0.185
648.000000	122	187	0.865	0.201
654.000000	122	187	0.852	0.218
660.000000	122	187	0.836	0.236
666.000000	122	187	0.817	0.256
672.000000	122	187	0.791	0.279
678.000000	122	187	0.757	0.309
684.000000	122	187	0.710	0.344
690.000000	122	187	0.639	0.388
696.000000	122	187	0.529	0.455
702.000000	187	122	0.543	0.372
708.000000	187	122	0.673	0.192
714.000000	187	122	0.804	0.076
720.000000	187	86	0.881	0.070
726.000000	187	86	0.915	0.072
732.000000	187	86	0.936	0.073
738.000000	187	86	0.947	0.077
744.000000	187	86	0.951	0.081
750.000000	187	86	0.951	0.084
756.000000	187	86	0.949	0.087
762.000000	187	86	0.947	0.090
768.000000	187	86	0.944	0.091
774.000000	187	86	0.941	0.091
780.000000	187	86	0.938	0.090
786.000000	187	86	0.935	0.088
792.000000	187	86	0.932	0.086
798.000000	187	86	0.929	0.084
804.000000	187	86	0.925	0.081
810.000000	187	86	0.922	0.078
816.000000	187	86	0.919	0.073
822.000000	187	146	0.916	0.072
828.000000	187	146	0.913	0.070
834.000000	187	146	0.909	0.068
840.000000	187	146	0.905	0.064
846.000000	187	32	0.901	0.063
852.000000	187	32	0.896	0.061
858.000000	187	32	0.890	0.059
864.000000	187	32	0.882	0.057
870.000000	187	32	0.872	0.056
876.000000	187	32	0.860	0.055
882.000000	187	32	0.844	0.054
888.000000	187	32	0.825	0.052
894.000000	187	107	0.799	0.050
900.000000	187	107	0.763	0.050
906.000000	187	107	0.710	0.049
912.000000	187	107	0.626	0.047
918.000000	187	192	0.479	0.043
924.000000	187	192	0.244	0.037
930.000000	187	31	0.041	0.029
936.000000	31	89	0.026	0.025
942.000000	89	31	0.024	0.024
948.000000	89	31	0.024	0.022
954.000000	89	31	0.023	0.019
960.000000	89	31	0.022	0.017
966.000000	89	31	0.020	0.015
972.000000	89	39	0.018	0.013
978.000000	89	39	0.016	0.012
984.000000	89	39	0.013	0.012
990.000000	89	39	0.011	0.011
996.000000	39	89	0.010	0.008
1002.000000	39	196	0.009	0.008
