0.000000	119	165	0.000	0.000
6.000000	196	98	0.981	0.044
12.000000	196	98	0.980	0.050
18.000000	196	98	0.978	0.058
24.000000	196	98	0.976	0.066
30.000000	196	98	0.973	0.074
36.000000	196	98	0.971	0.083
42.000000	196	72	0.968	0.093
48.000000	196	72	0.965	0.108
54.000000	196	72	0.961	0.125
60.000000	196	72	0.958	0.144
66.000000	196	72	0.954	0.163
72.000000	196	72	0.951	0.181
78.000000	196	72	0.947	0.197
84.000000	196	72	0.944	0.211
90.000000	196	72	0.941	0.223
96.000000	196	72	0.938	0.234
102.000000	196	72	0.935	0.244
108.000000	196	72	0.933	0.252
114.000000	196	72	0.930	0.259
120.000000	196	72	0.927	0.266
126.000000	196	72	0.924	0.271
132.000000	196	72	0.922	0.277
138.000000	196	72	0.919	0.282
144.000000	196	72	0.915	0.287
150.000000	196	72	0.912	0.292
156.000000	196	72	0.908	0.302
162.000000	196	72	0.902	0.315
168.000000	196	72	0.896	0.334
174.000000	196	72	0.887	0.363
180.000000	196	72	0.875	0.397
186.000000	196	72	0.861	0.440
192.000000	196	72	0.842	0.491
198.000000	196	72	0.816	0.545
204.000000	196	72	0.782	0.596
210.000000	196	72	0.727	0.648
216.000000	72	196	0.701	0.646
222.000000	72	196	0.761	0.522
228.000000	72	196	0.824	0.335
234.000000	72	196	0.912	0.127
240.000000	72	46	0.950	0.069
246.000000	72	46	0.960	0.073
252.000000	72	46	0.958	0.075
258.000000	72	46	0.955	0.078
264.000000	72	42	0.951	0.081
270.000000	72	42	0.946	0.088
276.000000	72	42	0.942	0.095
282.000000	72	42	0.937	0.101
288.000000	72	42	0.932	0.107
294.000000	72	42	0.927	0.113
300.000000	72	42	0.921	0.119
306.000000	72	42	0.915	0.124
312.000000	72	42	0.909	0.128
318.000000	72	42	0.903	0.133
324.000000	72	42	0.896	0.137
330.000000	72	42	0.889	0.140
336.000000	72	42	0.881	0.142
342.000000	72	42	0.872	0.144
348.000000	72	42	0.862	0.146
354.000000	72	42	0.851	0.149
360.000000	72	42	0.837	0.152
366.000000	72	42	0.820	0.156
372.000000	72	42	0.799	0.161
378.000000	72	42	0.772	0.167
384.000000	72	42	0.736	0.173
390.000000	72	42	0.686	0.182
396.000000	72	42	0.612	0.194
402.000000	72	42	0.498	0.208
408.000000	72	42	0.323	0.229
414.000000	42	72	0.262	0.128
420.000000	42	73	0.329	0.114
426.000000	42	73	0.440	0.124
432.000000	42	73	0.587	0.138
438.000000	42	73	0.724	0.151
444.000000	42	73	0.810	0.161
450.000000	42	2	0.855	0.169
456.000000	42	2	0.880	0.184
462.000000	42	2	0.894	0.202
468.000000	42	2	0.898	0.215
474.000000	42	2	0.901	0.225
480.000000	42	2	0.902	0.234
486.000000	42	2	0.903	0.243
492.000000	42	2	0.904	0.251
498.000000	42	2	0.904	0.256
504.000000	42	2	0.905	0.259
510.000000	42	2	0.905	0.259
516.000000	42	2	0.906	0.256
522.000000	42	2	0.911	0.249
528.000000	42	2	0.914	0.241
534.000000	42	2	0.915	0.232
540.000000	42	2	0.915	0.217
546.000000	42	2	0.916	0.198
552.000000	42	2	0.917	0.174
558.000000	42	2	0.918	0.146
564.000000	42	2	0.918	0.113
570.000000	42	139	0.922	0.082
576.000000	42	139	0.922	0.085
582.000000	42	139	0.921	0.089
588.000000	42	139	0.918	0.094
594.000000	42	139	0.914	0.098
600.000000	42	139	0.908	0.103
606.000000	42	139	0.900	0.108
612.000000	42	139	0.892	0.113
618.000000	42	139	0.881	0.118
624.000000	42	139	0.868	0.123
630.000000	42	139	0.853	0.128
636.000000	42	139	0.834	0.134
642.000000	42	139	0.810	0.139
648.000000	42	139	0.779	0.144
654.000000	42	139	0.736	0.149
660.000000	42	139	0.672	0.156
666.000000	42	139	0.568	0.164
672.000000	42	139	0.394	0.175
678.000000	139	42	0.190	0.162
684.000000	139	109	0.216	0.083
690.000000	139	109	0.268	0.081
696.000000	139	109	0.362	0.083
702.000000	139	109	0.503	0.083
708.000000	139	109	0.672	0.078
714.000000	139	128	0.806	0.077
720.000000	139	128	0.884	0.084
726.000000	139	128	0.919	0.091
732.000000	139	128	0.935	0.096
738.000000	139	128	0.941	0.103
744.000000	139	128	0.942	0.110
750.000000	139	128	0.944	0.116
756.000000	139	128	0.945	0.121
762.000000	139	128	0.945	0.125
768.000000	139	128	0.944	0.129
774.000000	139	39	0.943	0.134
780.000000	139	39	0.942	0.148
786.000000	139	39	0.940	0.167
792.000000	139	39	0.938	0.188
798.000000	139	39	0.936	0.210
804.000000	139	39	0.934	0.232
810.000000	139	39	0.932	0.255
816.000000	139	39	0.931	0.280
822.000000	139	39	0.928	0.308
828.000000	139	39	0.924	0.337
834.000000	139	39	0.920	0.371
840.000000	139	39	0.915	0.410
846.000000	139	39	0.908	0.459
852.000000	139	39	0.898	0.516
858.000000	139	39	0.886	0.581
864.000000	139	39	0.869	0.647
870.000000	139	39	0.848	0.704
876.000000	139	39	0.822	0.738
882.000000	139	39	0.784	0.765
888.000000	39	139	0.783	0.739
894.000000	39	139	0.796	0.678
900.000000	39	139	0.812	0.581
906.000000	39	139	0.832	0.428
912.000000	39	139	0.891	0.204
918.000000	39	66	0.951	0.065
924.000000	39	66	0.962	0.072
930.000000	39	66	0.959	0.078
936.000000	39	66	0.955	0.084
942.000000	39	66	0.950	0.090
948.000000	39	66	0.945	0.096
954.000000	39	66	0.940	0.102
960.000000	39	66	0.935	0.109
966.000000	39	66	0.930	0.115
972.000000	39	66	0.925	0.123
978.000000	39	66	0.920	0.132
984.000000	39	66	0.914	0.140
990.000000	39	66	0.908	0.146
996.000000	39	66	0.902	0.152
1002.000000	39	66	0.896	0.157
1008.000000	39	66	0.890	0.162
1014.000000	39	66	0.882	0.166
1020.000000	39	66	0.874	0.171
1026.000000	39	66	0.865	0.176
1032.000000	39	66	0.855	0.181
1038.000000	39	66	0.843	0.186
1044.000000	39	66	0.829	0.193
1050.000000	39	66	0.811	0.201
1056.000000	39	66	0.788	0.210
1062.000000	39	66	0.758	0.220
1068.000000	39	66	0.715	0.232
1074.000000	39	66	0.651	0.249
1080.000000	39	66	0.547	0.272
1086.000000	39	66	0.376	0.315
1092.000000	66	39	0.399	0.160
1098.000000	66	57	0.542	0.085
1104.000000	66	63	0.714	0.078
1110.000000	66	63	0.829	0.080
1116.000000	66	63	0.886	0.081
1122.000000	66	63	0.904	0.083
1128.000000	66	63	0.912	0.084
1134.000000	66	63	0.918	0.084
1140.000000	66	107	0.919	0.086
1146.000000	66	107	0.919	0.089
1152.000000	66	118	0.918	0.098
1158.000000	66	118	0.916	0.109
1164.000000	66	118	0.914	0.120
1170.000000	66	118	0.911	0.132
1176.000000	66	118	0.908	0.144
1182.000000	66	118	0.905	0.155
1188.000000	66	118	0.902	0.166
1194.000000	66	118	0.900	0.177
1200.000000	66	118	0.896	0.186
1206.000000	66	118	0.893	0.195
1212.000000	66	118	0.890	0.203
1218.000000	66	118	0.886	0.210
1224.000000	66	118	0.882	0.217
1230.000000	66	118	0.878	0.225
1236.000000	66	118	0.873	0.233
1242.000000	66	118	0.869	0.242
1248.000000	66	118	0.865	0.253
1254.000000	66	118	0.860	0.269
1260.000000	66	118	0.853	0.294
1266.000000	66	118	0.843	0.327
1272.000000	66	118	0.829	0.366
1278.000000	66	118	0.809	0.413
1284.000000	66	118	0.780	0.465
1290.000000	66	118	0.736	0.521
1296.000000	66	118	0.667	0.581
1302.000000	118	66	0.642	0.554
1308.000000	118	66	0.727	0.366
1314.000000	118	66	0.826	0.148
1320.000000	118	40	0.908	0.099
1326.000000	118	40	0.933	0.097
1332.000000	118	40	0.941	0.097
1338.000000	118	40	0.944	0.095
1344.000000	118	40	0.942	0.094
1350.000000	118	54	0.940	0.098
1356.000000	118	54	0.938	0.106
1362.000000	118	54	0.935	0.114
1368.000000	118	54	0.931	0.123
1374.000000	118	54	0.927	0.134
1380.000000	118	54	0.922	0.146
1386.000000	118	54	0.918	0.158
1392.000000	118	54	0.913	0.172
1398.000000	118	54	0.907	0.185
1404.000000	118	54	0.902	0.196
1410.000000	118	54	0.895	0.207
1416.000000	118	54	0.889	0.217
1422.000000	118	54	0.882	0.226
1428.000000	118	54	0.875	0.233
1434.000000	118	54	0.866	0.239
1440.000000	118	54	0.854	0.247
1446.000000	118	54	0.841	0.256
1452.000000	118	54	0.825	0.268
1458.000000	118	54	0.805	0.285
1464.000000	118	54	0.779	0.309
1470.000000	118	54	0.746	0.341
1476.000000	118	54	0.696	0.386
1482.000000	118	54	0.621	0.443
1488.000000	54	118	0.521	0.502
1494.000000	54	118	0.636	0.330
1500.000000	54	118	0.775	0.150
1506.000000	54	65	0.884	0.074
1512.000000	54	65	0.931	0.074
1518.000000	54	64	0.945	0.076
1524.000000	54	64	0.947	0.083
1530.000000	54	64	0.946	0.091
1536.000000	54	64	0.943	0.099
1542.000000	54	64	0.940	0.106
1548.000000	54	64	0.938	0.111
1554.000000	54	64	0.934	0.116
1560.000000	54	64	0.930	0.119
1566.000000	54	109	0.926	0.122
1572.000000	54	109	0.921	0.131
1578.000000	54	109	0.916	0.141
1584.000000	54	109	0.911	0.150
1590.000000	54	109	0.906	0.160
1596.000000	54	109	0.901	0.171
1602.000000	54	109	0.895	0.182
1608.000000	54	109	0.889	0.193
1614.000000	54	109	0.882	0.205
1620.000000	54	109	0.875	0.216
1626.000000	54	109	0.866	0.228
1632.000000	54	109	0.857	0.243
1638.000000	54	109	0.845	0.262
1644.000000	54	109	0.832	0.285
1650.000000	54	109	0.814	0.310
1656.000000	54	109	0.791	0.344
1662.000000	54	109	0.761	0.388
1668.000000	54	109	0.718	0.444
1674.000000	54	109	0.651	0.519
1680.000000	109	54	0.611	0.546
1686.000000	109	54	0.720	0.380
1692.000000	109	54	0.855	0.173
1698.000000	109	164	0.934	0.058
1704.000000	109	164	0.959	0.061
1710.000000	109	164	0.963	0.066
1716.000000	109	164	0.961	0.071
1722.000000	109	164	0.958	0.077
1728.000000	109	164	0.955	0.083
1734.000000	109	164	0.951	0.089
1740.000000	109	164	0.947	0.094
1746.000000	109	164	0.943	0.098
1752.000000	109	42	0.940	0.103
1758.000000	109	46	0.936	0.110
1764.000000	109	46	0.932	0.119
1770.000000	109	46	0.929	0.126
1776.000000	109	46	0.925	0.132
1782.000000	109	46	0.921	0.138
1788.000000	109	46	0.918	0.144
1794.000000	109	46	0.914	0.149
1800.000000	109	46	0.910	0.154
1806.000000	109	46	0.907	0.159
1812.000000	109	174	0.902	0.161
1818.000000	109	174	0.897	0.166
1824.000000	109	174	0.891	0.171
1830.000000	109	174	0.885	0.175
1836.000000	109	174	0.876	0.178
1842.000000	109	174	0.867	0.182
1848.000000	109	174	0.854	0.186
1854.000000	109	174	0.839	0.191
1860.000000	109	174	0.820	0.196
1866.000000	109	174	0.794	0.205
1872.000000	109	174	0.760	0.216
1878.000000	109	174	0.712	0.230
1884.000000	109	174	0.638	0.248
1890.000000	109	174	0.518	0.277
1896.000000	109	174	0.328	0.324
1902.000000	174	46	0.407	0.156
1908.000000	174	46	0.543	0.156
1914.000000	174	46	0.704	0.155
1920.000000	174	46	0.822	0.155
1926.000000	174	46	0.888	0.153
1932.000000	174	46	0.915	0.153
1938.000000	174	46	0.924	0.152
1944.000000	174	46	0.927	0.148
1950.000000	174	46	0.927	0.142
1956.000000	174	46	0.927	0.133
1962.000000	174	46	0.928	0.122
1968.000000	174	172	0.928	0.125
1974.000000	174	172	0.927	0.133
1980.000000	174	172	0.926	0.141
1986.000000	174	172	0.925	0.148
1992.000000	174	172	0.926	0.153
1998.000000	174	172	0.927	0.157
2004.000000	174	172	0.926	0.160
2010.000000	174	172	0.925	0.162
2016.000000	174	172	0.923	0.164
2022.000000	174	172	0.920	0.165
2028.000000	174	172	0.918	0.165
2034.000000	174	172	0.914	0.164
2040.000000	174	172	0.911	0.161
2046.000000	174	172	0.908	0.157
2052.000000	174	172	0.904	0.152
2058.000000	174	172	0.900	0.147
2064.000000	174	172	0.894	0.143
2070.000000	174	172	0.888	0.138
2076.000000	174	172	0.880	0.132
2082.000000	174	172	0.870	0.125
2088.000000	174	172	0.857	0.116
2094.000000	174	172	0.840	0.107
2100.000000	174	172	0.818	0.097
2106.000000	174	172	0.788	0.086
2112.000000	174	172	0.745	0.075
2118.000000	174	172	0.679	0.064
2124.000000	174	172	0.569	0.052
2130.000000	174	188	0.375	0.039
2136.000000	174	13	0.127	0.037
2142.000000	13	188	0.037	0.022
2148.000000	13	188	0.041	0.020
2154.000000	13	188	0.044	0.019
2160.000000	13	188	0.047	0.019
2166.000000	13	188	0.051	0.019
2172.000000	13	147	0.056	0.020
2178.000000	13	147	0.062	0.021
2184.000000	13	147	0.070	0.023
2190.000000	13	147	0.080	0.024
2196.000000	13	147	0.096	0.025
2202.000000	13	147	0.120	0.026
2208.000000	13	134	0.159	0.028
2214.000000	13	134	0.228	0.034
2220.000000	13	134	0.360	0.040
2226.000000	13	134	0.581	0.046
2232.000000	13	160	0.802	0.053
2238.000000	13	160	0.907	0.064
2244.000000	13	160	0.942	0.071
2250.000000	13	160	0.952	0.077
2256.000000	13	76	0.955	0.083
2262.000000	13	76	0.955	0.095
2268.000000	13	76	0.953	0.108
2274.000000	13	76	0.950	0.120
2280.000000	13	76	0.948	0.131
2286.000000	13	76	0.947	0.142
2292.000000	13	76	0.946	0.152
2298.000000	13	76	0.944	0.161
2304.000000	13	89	0.943	0.173
2310.000000	13	89	0.941	0.185
2316.000000	13	89	0.940	0.197
2322.000000	13	89	0.938	0.209
2328.000000	13	89	0.937	0.222
2334.000000	13	89	0.935	0.237
2340.000000	13	89	0.934	0.252
2346.000000	13	89	0.932	0.267
2352.000000	13	89	0.929	0.285
2358.000000	13	89	0.927	0.309
2364.000000	13	89	0.923	0.342
2370.000000	13	89	0.918	0.383
2376.000000	13	89	0.911	0.436
2382.000000	13	89	0.901	0.502
2388.000000	13	89	0.888	0.577
2394.000000	13	89	0.870	0.651
2400.000000	13	89	0.847	0.703
2406.000000	13	89	0.813	0.747
2412.000000	89	13	0.775	0.770
2418.000000	89	13	0.804	0.702
2424.000000	89	13	0.833	0.602
2430.000000	89	13	0.862	0.446
2436.000000	89	13	0.897	0.230
2442.000000	89	63	0.944	0.084
2448.000000	89	63	0.961	0.095
2454.000000	89	63	0.960	0.104
2460.000000	89	63	0.957	0.114
2466.000000	89	63	0.954	0.126
2472.000000	89	63	0.949	0.138
2478.000000	89	63	0.945	0.152
2484.000000	89	63	0.940	0.168
2490.000000	89	63	0.934	0.185
2496.000000	89	63	0.928	0.202
2502.000000	89	63	0.922	0.222
2508.000000	89	63	0.915	0.240
2514.000000	89	63	0.908	0.257
2520.000000	89	63	0.900	0.274
2526.000000	89	63	0.891	0.291
2532.000000	89	63	0.881	0.308
2538.000000	89	63	0.870	0.321
2544.000000	89	63	0.857	0.335
2550.000000	89	63	0.840	0.354
2556.000000	89	63	0.821	0.378
2562.000000	89	63	0.796	0.402
2568.000000	89	63	0.765	0.429
2574.000000	89	63	0.723	0.463
2580.000000	89	63	0.660	0.510
2586.000000	63	89	0.575	0.563
2592.000000	63	89	0.653	0.414
2598.000000	63	89	0.749	0.225
2604.000000	63	98	0.846	0.162
2610.000000	63	98	0.908	0.137
2616.000000	63	98	0.934	0.118
2622.000000	63	98	0.946	0.104
2628.000000	63	98	0.946	0.092
2634.000000	63	98	0.945	0.080
2640.000000	63	98	0.942	0.067
2646.000000	63	157	0.939	0.061
2652.000000	63	35	0.939	0.067
2658.000000	63	35	0.938	0.075
2664.000000	63	35	0.935	0.081
2670.000000	63	35	0.932	0.086
2676.000000	63	35	0.929	0.091
2682.000000	63	35	0.926	0.097
2688.000000	63	35	0.923	0.104
2694.000000	63	35	0.920	0.110
2700.000000	63	35	0.916	0.116
2706.000000	63	35	0.912	0.122
2712.000000	63	35	0.908	0.129
2718.000000	63	35	0.904	0.136
2724.000000	63	35	0.898	0.145
2730.000000	63	35	0.893	0.154
2736.000000	63	35	0.886	0.162
2742.000000	63	35	0.879	0.170
2748.000000	63	35	0.870	0.182
2754.000000	63	35	0.860	0.195
2760.000000	63	35	0.848	0.210
2766.000000	63	35	0.833	0.225
2772.000000	63	35	0.814	0.244
2778.000000	63	35	0.789	0.266
2784.000000	63	35	0.755	0.295
2790.000000	63	35	0.705	0.330
2796.000000	63	35	0.624	0.376
2802.000000	63	35	0.483	0.446
2808.000000	35	63	0.555	0.265
2814.000000	35	63	0.737	0.068
2820.000000	35	160	0.876	0.064
2826.000000	35	160	0.930	0.068
2832.000000	35	33	0.947	0.077
2838.000000	35	33	0.950	0.088
2844.000000	35	33	0.949	0.098
2850.000000	35	33	0.947	0.108
2856.000000	35	33	0.945	0.117
2862.000000	35	33	0.942	0.125
2868.000000	35	33	0.939	0.132
2874.000000	35	33	0.936	0.139
2880.000000	35	33	0.933	0.143
2886.000000	35	33	0.930	0.145
2892.000000	35	33	0.927	0.146
2898.000000	35	33	0.924	0.145
2904.000000	35	33	0.920	0.143
2910.000000	35	33	0.917	0.140
2916.000000	35	33	0.914	0.136
2922.000000	35	33	0.911	0.132
2928.000000	35	33	0.907	0.127
2934.000000	35	33	0.904	0.120
2940.000000	35	33	0.900	0.114
2946.000000	35	167	0.896	0.109
2952.000000	35	167	0.892	0.105
2958.000000	35	167	0.887	0.101
2964.000000	35	5	0.881	0.098
2970.000000	35	5	0.874	0.100
2976.000000	35	5	0.865	0.102
2982.000000	35	5	0.854	0.105
2988.000000	35	5	0.840	0.109
2994.000000	35	5	0.823	0.113
3000.000000	35	5	0.800	0.119
3006.000000	35	5	0.770	0.126
3012.000000	35	5	0.726	0.135
3018.000000	35	5	0.658	0.148
3024.000000	35	5	0.544	0.165
3030.000000	35	5	0.349	0.193
3036.000000	5	35	0.240	0.115
3042.000000	5	121	0.339	0.045
3048.000000	5	87	0.520	0.045
3054.000000	5	87	0.730	0.060
3060.000000	5	87	0.860	0.072
3066.000000	5	87	0.916	0.081
3072.000000	5	87	0.936	0.091
3078.000000	5	87	0.942	0.101
3084.000000	5	87	0.944	0.110
3090.000000	5	87	0.943	0.119
3096.000000	5	87	0.942	0.126
3102.000000	5	87	0.941	0.133
3108.000000	5	87	0.939	0.140
3114.000000	5	87	0.937	0.147
3120.000000	5	87	0.935	0.153
3126.000000	5	87	0.934	0.159
3132.000000	5	87	0.934	0.164
3138.000000	5	87	0.932	0.169
3144.000000	5	87	0.930	0.174
3150.000000	5	87	0.928	0.180
3156.000000	5	87	0.925	0.185
3162.000000	5	87	0.923	0.190
3168.000000	5	87	0.921	0.194
3174.000000	5	87	0.919	0.198
3180.000000	5	87	0.919	0.202
3186.000000	5	87	0.919	0.209
3192.000000	5	87	0.917	0.216
3198.000000	5	87	0.915	0.224
3204.000000	5	87	0.912	0.235
3210.000000	5	87	0.907	0.248
3216.000000	5	87	0.901	0.265
3222.000000	5	87	0.894	0.286
3228.000000	5	87	0.885	0.310
3234.000000	5	87	0.873	0.344
3240.000000	5	87	0.857	0.387
3246.000000	5	87	0.836	0.438
3252.000000	5	87	0.807	0.495
3258.000000	5	87	0.768	0.552
3264.000000	5	87	0.708	0.614
3270.000000	87	5	0.673	0.614
3276.000000	87	5	0.751	0.447
3282.000000	87	5	0.861	0.221
3288.000000	87	5	0.925	0.079
3294.000000	87	126	0.945	0.072
3300.000000	87	126	0.948	0.076
3306.000000	87	126	0.947	0.080
3312.000000	87	126	0.944	0.085
3318.000000	87	104	0.939	0.093
3324.000000	87	104	0.933	0.102
3330.000000	87	104	0.927	0.111
3336.000000	87	104	0.920	0.120
3342.000000	87	104	0.913	0.129
3348.000000	87	104	0.906	0.138
3354.000000	87	104	0.898	0.147
3360.000000	87	104	0.891	0.156
3366.000000	87	104	0.882	0.166
3372.000000	87	104	0.873	0.176
3378.000000	87	104	0.863	0.184
3384.000000	87	104	0.852	0.191
3390.000000	87	104	0.839	0.198
3396.000000	87	104	0.825	0.207
3402.000000	87	104	0.808	0.218
3408.000000	87	104	0.789	0.231
3414.000000	87	104	0.766	0.247
3420.000000	87	104	0.737	0.264
3426.000000	87	104	0.697	0.284
3432.000000	87	104	0.641	0.310
3438.000000	87	104	0.558	0.348
3444.000000	87	104	0.437	0.404
3450.000000	104	87	0.492	0.274
3456.000000	104	126	0.640	0.209
3462.000000	104	126	0.800	0.204
3468.000000	104	126	0.894	0.196
3474.000000	104	126	0.924	0.188
3480.000000	104	126	0.932	0.182
3486.000000	104	126	0.942	0.172
3492.000000	104	126	0.944	0.162
3498.000000	104	126	0.942	0.151
3504.000000	104	126	0.940	0.136
3510.000000	104	126	0.938	0.120
3516.000000	104	71	0.936	0.119
3522.000000	104	71	0.937	0.118
3528.000000	104	71	0.935	0.116
3534.000000	104	71	0.933	0.113
3540.000000	104	71	0.930	0.108
3546.000000	104	29	0.927	0.111
3552.000000	104	29	0.924	0.115
3558.000000	104	29	0.923	0.115
3564.000000	104	4	0.922	0.119
3570.000000	104	4	0.918	0.122
3576.000000	104	4	0.914	0.125
3582.000000	104	4	0.909	0.126
3588.000000	104	4	0.904	0.126
3594.000000	104	4	0.898	0.126
3600.000000	104	4	0.892	0.124
3606.000000	104	4	0.885	0.120
3612.000000	104	4	0.876	0.116
3618.000000	104	4	0.867	0.112
3624.000000	104	4	0.855	0.106
3630.000000	104	30	0.841	0.110
3636.000000	104	30	0.823	0.113
3642.000000	104	30	0.800	0.116
3648.000000	104	30	0.767	0.118
3654.000000	104	30	0.719	0.119
3660.000000	104	30	0.643	0.120
3666.000000	104	30	0.512	0.120
3672.000000	104	30	0.294	0.116
3678.000000	30	104	0.111	0.072
3684.000000	30	20	0.117	0.056
3690.000000	30	20	0.133	0.050
3696.000000	30	20	0.159	0.045
3702.000000	30	20	0.202	0.041
3708.000000	30	20	0.270	0.036
3714.000000	30	48	0.376	0.044
3720.000000	30	48	0.526	0.054
3726.000000	30	48	0.686	0.060
3732.000000	30	48	0.804	0.066
3738.000000	30	48	0.865	0.074
3744.000000	30	48	0.900	0.080
3750.000000	30	48	0.920	0.084
3756.000000	30	48	0.932	0.087
3762.000000	30	28	0.939	0.094
3768.000000	30	28	0.941	0.103
3774.000000	30	28	0.941	0.113
3780.000000	30	28	0.940	0.123
3786.000000	30	28	0.939	0.134
3792.000000	30	28	0.937	0.145
3798.000000	30	28	0.934	0.156
3804.000000	30	28	0.932	0.165
3810.000000	30	28	0.930	0.173
3816.000000	30	28	0.928	0.180
3822.000000	30	28	0.926	0.186
3828.000000	30	28	0.923	0.191
3834.000000	30	28	0.921	0.196
3840.000000	30	28	0.918	0.200
3846.000000	30	28	0.916	0.205
3852.000000	30	28	0.916	0.207
3858.000000	30	28	0.914	0.209
3864.000000	30	28	0.911	0.212
3870.000000	30	28	0.907	0.216
3876.000000	30	28	0.902	0.220
3882.000000	30	28	0.896	0.226
3888.000000	30	28	0.889	0.235
3894.000000	30	28	0.881	0.249
3900.000000	30	28	0.870	0.269
3906.000000	30	28	0.855	0.293
3912.000000	30	28	0.834	0.321
3918.000000	30	28	0.807	0.353
3924.000000	30	28	0.770	0.390
3930.000000	30	28	0.715	0.434
3936.000000	30	28	0.627	0.493
3942.000000	28	30	0.580	0.479
3948.000000	28	30	0.704	0.257
3954.000000	28	30	0.842	0.068
3960.000000	28	162	0.922	0.050
3966.000000	28	162	0.948	0.060
3972.000000	28	162	0.954	0.072
3978.000000	28	162	0.955	0.084
3984.000000	28	162	0.953	0.097
3990.000000	28	162	0.951	0.111
3996.000000	28	162	0.949	0.125
4002.000000	28	162	0.949	0.138
4008.000000	28	162	0.946	0.150
4014.000000	28	162	0.943	0.161
4020.000000	28	162	0.940	0.171
4026.000000	28	162	0.937	0.178
4032.000000	28	162	0.934	0.184
4038.000000	28	162	0.931	0.189
4044.000000	28	162	0.928	0.196
4050.000000	28	162	0.925	0.201
4056.000000	28	162	0.921	0.204
4062.000000	28	162	0.918	0.205
4068.000000	28	162	0.914	0.207
4074.000000	28	162	0.911	0.207
4080.000000	28	162	0.906	0.205
4086.000000	28	162	0.902	0.204
4092.000000	28	162	0.897	0.204
4098.000000	28	162	0.892	0.203
4104.000000	28	162	0.885	0.200
4110.000000	28	162	0.877	0.195
4116.000000	28	162	0.868	0.189
4122.000000	28	162	0.855	0.183
4128.000000	28	162	0.838	0.176
4134.000000	28	162	0.816	0.165
4140.000000	28	162	0.785	0.152
4146.000000	28	162	0.741	0.138
4152.000000	28	162	0.673	0.123
4158.000000	28	162	0.559	0.107
4164.000000	28	162	0.362	0.089
4170.000000	28	162	0.118	0.067
4176.000000	162	174	0.052	0.028
4182.000000	162	174	0.042	0.029
4188.000000	162	174	0.036	0.029
4194.000000	174	162	0.030	0.030
4200.000000	174	129	0.031	0.030
4206.000000	174	129	0.032	0.031
4212.000000	174	129	0.033	0.030
4218.000000	174	129	0.034	0.029
4224.000000	174	129	0.036	0.028
4230.000000	174	76	0.037	0.028
4236.000000	174	76	0.039	0.030
4242.000000	174	76	0.041	0.031
4248.000000	174	76	0.043	0.033
4254.000000	174	76	0.045	0.034
4260.000000	174	76	0.047	0.035
4266.000000	174	76	0.049	0.036
4272.000000	174	76	0.051	0.036
4278.000000	174	76	0.053	0.036
4284.000000	174	76	0.056	0.035
4290.000000	174	76	0.058	0.033
4296.000000	174	76	0.060	0.031
4302.000000	174	35	0.063	0.033
4308.000000	174	35	0.064	0.037
4314.000000	174	35	0.066	0.042
4320.000000	174	35	0.067	0.049
4326.000000	174	35	0.068	0.056
4332.000000	174	35	0.069	0.066
4338.000000	35	174	0.078	0.070
4344.000000	35	72	0.095	0.079
4350.000000	35	72	0.118	0.097
4356.000000	35	72	0.154	0.126
4362.000000	35	72	0.211	0.170
4368.000000	35	72	0.306	0.240
4374.000000	35	72	0.453	0.345
4380.000000	35	72	0.624	0.481
4386.000000	35	72	0.747	0.613
4392.000000	35	72	0.804	0.699
4398.000000	35	72	0.825	0.742
4404.000000	35	72	0.835	0.758
4410.000000	35	72	0.837	0.764
4416.000000	35	72	0.836	0.765
4422.000000	35	72	0.835	0.765
4428.000000	35	72	0.834	0.764
4434.000000	35	72	0.832	0.763
4440.000000	35	72	0.832	0.761
4446.000000	35	72	0.832	0.759
4452.000000	35	72	0.830	0.757
4458.000000	35	72	0.828	0.756
4464.000000	35	72	0.826	0.753
4470.000000	35	72	0.823	0.750
4476.000000	35	72	0.820	0.745
4482.000000	35	72	0.816	0.741
4488.000000	35	72	0.814	0.737
4494.000000	35	72	0.811	0.730
4500.000000	35	72	0.805	0.721
4506.000000	35	72	0.798	0.709
4512.000000	35	72	0.790	0.695
4518.000000	35	72	0.780	0.677
4524.000000	35	72	0.768	0.654
4530.000000	35	72	0.754	0.621
4536.000000	35	72	0.743	0.576
4542.000000	35	72	0.736	0.510
4548.000000	35	72	0.732	0.412
4554.000000	35	72	0.729	0.280
4560.000000	35	72	0.735	0.134
4566.000000	35	164	0.753	0.072
4572.000000	35	164	0.762	0.075
4578.000000	35	164	0.760	0.077
4584.000000	35	164	0.752	0.079
4590.000000	35	164	0.739	0.081
4596.000000	35	164	0.721	0.084
4602.000000	35	164	0.695	0.085
4608.000000	35	164	0.657	0.086
4614.000000	35	164	0.598	0.085
4620.000000	35	164	0.502	0.083
4626.000000	35	164	0.351	0.078
4632.000000	35	164	0.168	0.072
4638.000000	164	5	0.070	0.065
4644.000000	164	5	0.074	0.069
4650.000000	164	5	0.079	0.075
4656.000000	164	5	0.085	0.084
4662.000000	5	189	0.095	0.094
4668.000000	189	5	0.113	0.108
4674.000000	189	95	0.138	0.135
4680.000000	95	189	0.182	0.171
4686.000000	95	189	0.247	0.214
4692.000000	95	189	0.329	0.268
4698.000000	95	189	0.419	0.329
4704.000000	95	189	0.501	0.394
4710.000000	95	189	0.561	0.457
4716.000000	95	189	0.601	0.507
4722.000000	95	189	0.623	0.546
4728.000000	95	189	0.636	0.577
4734.000000	95	189	0.643	0.600
4740.000000	95	189	0.646	0.617
4746.000000	95	189	0.649	0.629
4752.000000	95	189	0.650	0.637
4758.000000	95	189	0.652	0.644
4764.000000	95	189	0.655	0.650
4770.000000	95	189	0.664	0.662
4776.000000	95	189	0.673	0.673
4782.000000	189	95	0.681	0.680
4788.000000	189	95	0.689	0.688
4794.000000	95	189	0.705	0.700
4800.000000	95	189	0.731	0.716
4806.000000	95	189	0.758	0.732
4812.000000	95	189	0.770	0.745
4818.000000	95	189	0.774	0.752
4824.000000	95	189	0.774	0.755
4830.000000	95	189	0.770	0.757
4836.000000	95	189	0.761	0.760
4842.000000	189	95	0.760	0.754
4848.000000	189	95	0.755	0.742
4854.000000	189	95	0.748	0.730
4860.000000	189	95	0.737	0.716
4866.000000	189	95	0.725	0.698
4872.000000	189	95	0.711	0.675
4878.000000	189	95	0.696	0.645
4884.000000	189	95	0.678	0.602
4890.000000	189	95	0.655	0.544
4896.000000	189	95	0.631	0.458
4902.000000	189	95	0.610	0.332
4908.000000	189	95	0.588	0.187
4914.000000	189	95	0.562	0.073
4920.000000	189	26	0.523	0.072
4926.000000	189	26	0.448	0.078
4932.000000	189	26	0.339	0.085
4938.000000	189	26	0.212	0.093
4944.000000	189	26	0.108	0.102
4950.000000	26	81	0.114	0.085
4956.000000	26	81	0.131	0.092
4962.000000	26	81	0.156	0.101
4968.000000	26	81	0.193	0.114
4974.000000	26	81	0.244	0.130
4980.000000	26	81	0.312	0.150
4986.000000	26	81	0.399	0.172
4992.000000	26	81	0.496	0.198
4998.000000	26	81	0.596	0.225
5004.000000	26	81	0.676	0.250
5010.000000	26	81	0.729	0.269
5016.000000	26	81	0.764	0.286
5022.000000	26	81	0.787	0.303
5028.000000	26	81	0.804	0.317
5034.000000	26	81	0.818	0.329
5040.000000	26	81	0.831	0.339
5046.000000	26	81	0.843	0.347
5052.000000	26	81	0.855	0.356
5058.000000	26	81	0.863	0.361
5064.000000	26	81	0.866	0.368
5070.000000	26	81	0.869	0.372
5076.000000	26	81	0.875	0.371
5082.000000	26	81	0.882	0.367
5088.000000	26	81	0.898	0.356
5094.000000	26	81	0.912	0.344
5100.000000	26	81	0.918	0.328
5106.000000	26	81	0.921	0.305
5112.000000	26	81	0.924	0.273
5118.000000	26	81	0.929	0.230
5124.000000	26	81	0.931	0.182
5130.000000	26	81	0.935	0.127
5136.000000	26	61	0.936	0.087
5142.000000	26	61	0.934	0.089
5148.000000	26	61	0.931	0.093
5154.000000	26	61	0.926	0.097
5160.000000	26	61	0.921	0.102
5166.000000	26	61	0.914	0.107
5172.000000	26	61	0.906	0.111
5178.000000	26	61	0.897	0.116
5184.000000	26	61	0.886	0.121
5190.000000	26	61	0.874	0.126
5196.000000	26	61	0.859	0.131
5202.000000	26	61	0.841	0.136
5208.000000	26	61	0.819	0.142
5214.000000	26	61	0.791	0.148
5220.000000	26	61	0.754	0.154
5226.000000	26	61	0.701	0.161
5232.000000	26	61	0.620	0.170
5238.000000	26	61	0.484	0.182
5244.000000	26	61	0.272	0.194
5250.000000	61	26	0.210	0.068
5256.000000	61	10	0.248	0.057
5262.000000	61	2	0.319	0.055
5268.000000	61	2	0.436	0.057
5274.000000	61	2	0.594	0.058
5280.000000	61	54	0.740	0.063
5286.000000	61	54	0.825	0.069
5292.000000	61	54	0.872	0.074
5298.000000	61	54	0.902	0.080
5304.000000	61	54	0.918	0.088
5310.000000	61	54	0.926	0.095
5316.000000	61	54	0.929	0.101
5322.000000	61	54	0.930	0.105
5328.000000	61	42	0.929	0.112
5334.000000	61	42	0.929	0.123
5340.000000	61	42	0.929	0.135
5346.000000	61	42	0.928	0.147
5352.000000	61	42	0.927	0.159
5358.000000	61	42	0.927	0.171
5364.000000	61	42	0.926	0.184
5370.000000	61	42	0.924	0.199
5376.000000	61	42	0.923	0.217
5382.000000	61	42	0.921	0.236
5388.000000	61	42	0.919	0.259
5394.000000	61	42	0.917	0.286
5400.000000	61	42	0.913	0.319
5406.000000	61	42	0.906	0.362
5412.000000	61	42	0.897	0.416
5418.000000	61	42	0.885	0.480
5424.000000	61	42	0.869	0.554
5430.000000	61	42	0.848	0.614
5436.000000	61	42	0.821	0.658
5442.000000	61	42	0.786	0.687
5448.000000	61	42	0.735	0.713
5454.000000	42	61	0.739	0.658
5460.000000	42	61	0.780	0.530
5466.000000	42	61	0.832	0.340
5472.000000	42	61	0.901	0.137
5478.000000	42	27	0.951	0.080
5484.000000	42	27	0.958	0.087
5490.000000	42	27	0.959	0.098
5496.000000	42	27	0.956	0.109
5502.000000	42	27	0.952	0.121
5508.000000	42	27	0.947	0.133
5514.000000	42	27	0.942	0.145
5520.000000	42	27	0.937	0.155
5526.000000	42	27	0.932	0.165
5532.000000	42	27	0.927	0.174
5538.000000	42	27	0.921	0.181
5544.000000	42	27	0.915	0.187
5550.000000	42	27	0.909	0.192
5556.000000	42	27	0.902	0.197
5562.000000	42	27	0.894	0.201
5568.000000	42	27	0.886	0.203
5574.000000	42	27	0.878	0.204
5580.000000	42	27	0.869	0.205
5586.000000	42	27	0.859	0.205
5592.000000	42	27	0.847	0.203
5598.000000	42	27	0.834	0.200
5604.000000	42	27	0.818	0.195
5610.000000	42	27	0.798	0.187
5616.000000	42	27	0.774	0.176
5622.000000	42	175	0.742	0.187
5628.000000	42	175	0.698	0.199
5634.000000	42	175	0.633	0.213
5640.000000	42	175	0.529	0.234
5646.000000	42	175	0.368	0.264
5652.000000	175	51	0.310	0.219
5658.000000	175	51	0.384	0.251
5664.000000	175	51	0.512	0.303
5670.000000	175	51	0.671	0.374
5676.000000	175	51	0.782	0.457
5682.000000	175	51	0.838	0.543
5688.000000	175	51	0.857	0.610
5694.000000	175	51	0.863	0.649
5700.000000	175	51	0.865	0.672
5706.000000	175	51	0.867	0.687
5712.000000	175	51	0.866	0.697
5718.000000	175	51	0.865	0.705
5724.000000	175	51	0.864	0.710
5730.000000	175	51	0.862	0.713
5736.000000	175	51	0.859	0.714
5742.000000	175	51	0.856	0.715
5748.000000	175	51	0.853	0.714
5754.000000	175	51	0.850	0.712
5760.000000	175	51	0.846	0.709
5766.000000	175	51	0.842	0.703
5772.000000	175	51	0.838	0.697
5778.000000	175	51	0.833	0.692
5784.000000	175	51	0.830	0.684
5790.000000	175	51	0.824	0.674
5796.000000	175	51	0.817	0.661
5802.000000	175	51	0.810	0.646
5808.000000	175	51	0.801	0.626
5814.000000	175	51	0.792	0.598
5820.000000	175	51	0.790	0.555
5826.000000	175	51	0.786	0.494
5832.000000	175	51	0.783	0.402
5838.000000	175	51	0.791	0.272
5844.000000	175	51	0.798	0.138
5850.000000	175	51	0.807	0.050
5856.000000	175	39	0.806	0.044
5862.000000	175	39	0.797	0.046
5868.000000	175	39	0.781	0.049
5874.000000	175	39	0.759	0.051
5880.000000	175	39	0.728	0.053
5886.000000	175	39	0.682	0.055
5892.000000	175	39	0.610	0.055
5898.000000	175	39	0.494	0.054
5904.000000	175	39	0.312	0.050
5910.000000	175	126	0.112	0.044
5916.000000	119	126	0.042	0.041
5922.000000	119	126	0.042	0.040
5928.000000	119	126	0.042	0.040
5934.000000	119	126	0.041	0.040
5940.000000	119	126	0.041	0.040
5946.000000	119	126	0.040	0.039
5952.000000	119	126	0.040	0.038
5958.000000	119	126	0.039	0.038
5964.000000	119	126	0.038	0.037
5970.000000	126	119	0.036	0.036
5976.000000	126	119	0.036	0.034
5982.000000	126	119	0.035	0.031
5988.000000	126	119	0.035	0.029
5994.000000	126	119	0.034	0.027
6000.000000	126	119	0.033	0.024
6006.000000	126	119	0.031	0.022
6012.000000	126	119	0.029	0.020
6018.000000	126	31	0.026	0.019
6024.000000	126	31	0.023	0.019
6030.000000	126	31	0.019	0.019
6036.000000	31	126	0.019	0.015
6042.000000	31	153	0.017	0.013
6048.000000	31	28	0.016	0.012
6054.000000	31	28	0.014	0.011
6060.000000	31	28	0.013	0.011
6066.000000	31	28	0.011	0.010
6072.000000	28	31	0.009	0.009
