0.000000	119	165	0.000	0.000
6.000000	1	187	0.981	0.031
12.000000	1	187	0.980	0.034
18.000000	1	75	0.978	0.037
24.000000	1	75	0.976	0.043
30.000000	1	75	0.974	0.049
36.000000	1	75	0.972	0.055
42.000000	1	185	0.969	0.061
48.000000	1	185	0.967	0.068
54.000000	1	185	0.964	0.075
60.000000	1	185	0.962	0.081
66.000000	1	185	0.959	0.085
72.000000	1	185	0.957	0.089
78.000000	1	185	0.955	0.092
84.000000	1	185	0.953	0.095
90.000000	1	185	0.952	0.096
96.000000	1	185	0.950	0.096
102.000000	1	138	0.949	0.097
108.000000	1	138	0.947	0.099
114.000000	1	138	0.946	0.100
120.000000	1	138	0.945	0.101
126.000000	1	137	0.944	0.101
132.000000	1	137	0.943	0.101
138.000000	1	137	0.942	0.100
144.000000	1	137	0.941	0.098
150.000000	1	137	0.940	0.096
156.000000	1	137	0.939	0.093
162.000000	1	137	0.937	0.091
168.000000	1	137	0.934	0.087
174.000000	1	137	0.931	0.083
180.000000	1	137	0.926	0.079
186.000000	1	137	0.919	0.075
192.000000	1	137	0.910	0.071
198.000000	1	137	0.898	0.068
204.000000	1	137	0.884	0.066
210.000000	1	137	0.866	0.065
216.000000	1	160	0.844	0.067
222.000000	1	160	0.815	0.069
228.000000	1	160	0.775	0.070
234.000000	1	160	0.717	0.072
240.000000	1	160	0.625	0.072
246.000000	1	160	0.464	0.071
252.000000	1	160	0.213	0.063
258.000000	160	163	0.053	0.032
264.000000	160	163	0.048	0.028
270.000000	160	163	0.045	0.026
276.000000	160	163	0.043	0.023
282.000000	160	163	0.040	0.020
288.000000	160	163	0.036	0.016
294.000000	160	13	0.032	0.014
300.000000	160	13	0.028	0.013
306.000000	160	13	0.023	0.011
312.000000	160	140	0.018	0.011
318.000000	160	140	0.014	0.010
324.000000	140	35	0.010	0.010
330.000000	35	140	0.010	0.010
336.000000	35	140	0.010	0.009
342.000000	35	140	0.010	0.009
