0.000000	119	165	0.000	0.000
6.000000	123	161	0.981	0.035
12.000000	123	161	0.980	0.039
18.000000	123	161	0.978	0.043
24.000000	123	161	0.977	0.047
30.000000	123	192	0.974	0.054
36.000000	123	59	0.972	0.061
42.000000	123	59	0.970	0.069
48.000000	123	59	0.967	0.077
54.000000	123	59	0.965	0.085
60.000000	123	59	0.962	0.092
66.000000	123	59	0.960	0.099
72.000000	123	59	0.958	0.107
78.000000	123	59	0.956	0.113
84.000000	123	59	0.954	0.119
90.000000	123	59	0.952	0.124
96.000000	123	59	0.950	0.129
102.000000	123	59	0.949	0.132
108.000000	123	59	0.948	0.135
114.000000	123	59	0.946	0.138
120.000000	123	59	0.945	0.140
126.000000	123	59	0.944	0.141
132.000000	123	59	0.943	0.143
138.000000	123	59	0.941	0.144
144.000000	123	59	0.940	0.144
150.000000	123	59	0.938	0.143
156.000000	123	59	0.935	0.143
162.000000	123	59	0.932	0.144
168.000000	123	59	0.928	0.145
174.000000	123	59	0.923	0.147
180.000000	123	59	0.916	0.150
186.000000	123	59	0.908	0.156
192.000000	123	59	0.897	0.163
198.000000	123	59	0.884	0.172
204.000000	123	59	0.867	0.182
210.000000	123	59	0.845	0.196
216.000000	123	59	0.818	0.214
222.000000	123	59	0.780	0.239
228.000000	123	59	0.725	0.274
234.000000	123	59	0.640	0.325
240.000000	123	59	0.494	0.400
246.000000	59	123	0.530	0.260
252.000000	59	123	0.725	0.058
258.000000	59	195	0.878	0.050
264.000000	59	195	0.935	0.054
270.000000	59	195	0.951	0.057
276.000000	59	195	0.955	0.060
282.000000	59	143	0.954	0.064
288.000000	59	143	0.953	0.070
294.000000	59	143	0.951	0.076
300.000000	59	143	0.948	0.082
306.000000	59	143	0.946	0.088
312.000000	59	143	0.943	0.094
318.000000	59	143	0.940	0.099
324.000000	59	143	0.937	0.105
330.000000	59	143	0.934	0.110
336.000000	59	143	0.931	0.115
342.000000	59	143	0.928	0.119
348.000000	59	143	0.924	0.122
354.000000	59	143	0.921	0.124
360.000000	59	143	0.917	0.126
366.000000	59	143	0.914	0.127
372.000000	59	143	0.910	0.128
378.000000	59	113	0.905	0.130
384.000000	59	113	0.900	0.132
390.000000	59	113	0.895	0.135
396.000000	59	113	0.889	0.138
402.000000	59	113	0.882	0.141
408.000000	59	113	0.874	0.145
414.000000	59	113	0.864	0.150
420.000000	59	113	0.851	0.154
426.000000	59	113	0.834	0.158
432.000000	59	113	0.812	0.161
438.000000	59	113	0.782	0.164
444.000000	59	113	0.741	0.166
450.000000	59	113	0.679	0.169
456.000000	59	113	0.580	0.172
462.000000	59	113	0.420	0.175
468.000000	59	113	0.197	0.178
474.000000	113	143	0.186	0.093
480.000000	113	143	0.212	0.088
486.000000	113	143	0.263	0.086
492.000000	113	143	0.346	0.087
498.000000	113	143	0.467	0.086
504.000000	113	143	0.619	0.084
510.000000	113	167	0.754	0.092
516.000000	113	167	0.843	0.101
522.000000	113	167	0.888	0.111
528.000000	113	167	0.907	0.120
534.000000	113	167	0.916	0.129
540.000000	113	167	0.920	0.137
546.000000	113	167	0.922	0.143
552.000000	113	167	0.923	0.148
558.000000	113	167	0.924	0.150
564.000000	113	167	0.923	0.151
570.000000	113	167	0.923	0.151
576.000000	113	167	0.924	0.150
582.000000	113	167	0.923	0.148
588.000000	113	167	0.923	0.144
594.000000	113	90	0.923	0.143
600.000000	113	90	0.923	0.151
606.000000	113	90	0.924	0.159
612.000000	113	90	0.923	0.166
618.000000	113	90	0.921	0.172
624.000000	113	90	0.918	0.177
630.000000	113	90	0.915	0.180
636.000000	113	90	0.912	0.181
642.000000	113	90	0.908	0.180
648.000000	113	90	0.905	0.178
654.000000	113	90	0.901	0.174
660.000000	113	90	0.897	0.170
666.000000	113	90	0.894	0.163
672.000000	113	90	0.890	0.156
678.000000	113	90	0.883	0.148
684.000000	113	90	0.873	0.138
690.000000	113	90	0.860	0.127
696.000000	113	90	0.844	0.114
702.000000	113	90	0.823	0.100
708.000000	113	90	0.794	0.085
714.000000	113	90	0.753	0.072
720.000000	113	90	0.691	0.060
726.000000	113	89	0.590	0.050
732.000000	113	89	0.411	0.047
738.000000	113	89	0.157	0.042
744.000000	89	111	0.037	0.036
750.000000	111	89	0.036	0.035
756.000000	111	89	0.036	0.034
762.000000	111	89	0.036	0.033
768.000000	111	153	0.036	0.034
774.000000	153	111	0.037	0.036
780.000000	153	111	0.040	0.036
786.000000	153	111	0.044	0.036
792.000000	153	111	0.048	0.037
798.000000	153	111	0.054	0.038
804.000000	153	111	0.060	0.038
810.000000	153	111	0.068	0.039
816.000000	153	111	0.080	0.040
822.000000	153	111	0.095	0.041
828.000000	153	95	0.118	0.046
834.000000	153	95	0.154	0.051
840.000000	153	95	0.213	0.056
846.000000	153	95	0.319	0.061
852.000000	153	81	0.510	0.070
858.000000	153	81	0.745	0.080
864.000000	153	81	0.885	0.090
870.000000	153	81	0.937	0.102
876.000000	153	81	0.955	0.118
882.000000	153	81	0.961	0.135
888.000000	153	81	0.961	0.154
894.000000	153	81	0.958	0.173
900.000000	153	81	0.956	0.193
906.000000	153	81	0.953	0.212
912.000000	153	81	0.950	0.231
918.000000	153	81	0.947	0.248
924.000000	153	81	0.944	0.265
930.000000	153	81	0.942	0.285
936.000000	153	81	0.939	0.304
942.000000	153	81	0.937	0.324
948.000000	153	81	0.935	0.342
954.000000	153	81	0.932	0.360
960.000000	153	81	0.930	0.379
966.000000	153	81	0.928	0.397
972.000000	153	81	0.925	0.415
978.000000	153	81	0.922	0.431
984.000000	153	81	0.918	0.449
990.000000	153	81	0.913	0.471
996.000000	153	81	0.908	0.497
1002.000000	153	81	0.900	0.537
1008.000000	153	81	0.890	0.587
1014.000000	153	81	0.877	0.635
1020.000000	153	81	0.861	0.673
1026.000000	153	81	0.836	0.708
1032.000000	153	81	0.808	0.732
1038.000000	153	81	0.771	0.750
1044.000000	81	153	0.769	0.717
1050.000000	81	153	0.790	0.641
1056.000000	81	153	0.818	0.524
1062.000000	81	153	0.859	0.342
1068.000000	81	153	0.916	0.141
1074.000000	81	27	0.944	0.058
1080.000000	81	27	0.955	0.058
1086.000000	81	173	0.955	0.061
1092.000000	81	173	0.953	0.065
1098.000000	81	173	0.949	0.069
1104.000000	81	173	0.944	0.073
1110.000000	81	173	0.940	0.076
1116.000000	81	100	0.934	0.080
1122.000000	81	100	0.929	0.086
1128.000000	81	100	0.923	0.091
1134.000000	81	100	0.916	0.095
1140.000000	81	100	0.909	0.099
1146.000000	81	100	0.902	0.101
1152.000000	81	100	0.893	0.104
1158.000000	81	100	0.884	0.105
1164.000000	81	100	0.874	0.106
1170.000000	81	100	0.861	0.108
1176.000000	81	100	0.847	0.109
1182.000000	81	100	0.830	0.109
1188.000000	81	100	0.810	0.109
1194.000000	81	100	0.784	0.110
1200.000000	81	100	0.749	0.111
1206.000000	81	100	0.699	0.111
1212.000000	81	100	0.623	0.111
1218.000000	81	100	0.498	0.110
1224.000000	81	100	0.302	0.109
1230.000000	100	81	0.103	0.095
1236.000000	100	109	0.100	0.043
1242.000000	100	109	0.106	0.035
1248.000000	100	128	0.119	0.034
1254.000000	100	128	0.143	0.037
1260.000000	100	128	0.181	0.041
1266.000000	100	128	0.246	0.046
1272.000000	100	128	0.356	0.051
1278.000000	100	128	0.521	0.055
1284.000000	100	128	0.702	0.058
1290.000000	100	128	0.828	0.061
1296.000000	100	105	0.889	0.063
1302.000000	100	105	0.919	0.070
1308.000000	100	105	0.935	0.076
1314.000000	100	105	0.945	0.081
1320.000000	100	92	0.950	0.087
1326.000000	100	92	0.951	0.097
1332.000000	100	92	0.950	0.105
1338.000000	100	92	0.948	0.113
1344.000000	100	92	0.946	0.121
1350.000000	100	92	0.944	0.129
1356.000000	100	92	0.942	0.136
1362.000000	100	92	0.940	0.144
1368.000000	100	92	0.938	0.150
1374.000000	100	92	0.936	0.155
1380.000000	100	92	0.934	0.159
1386.000000	100	89	0.932	0.161
1392.000000	100	89	0.930	0.168
1398.000000	100	89	0.929	0.173
1404.000000	100	89	0.927	0.178
1410.000000	100	89	0.925	0.183
1416.000000	100	89	0.923	0.188
1422.000000	100	89	0.922	0.193
1428.000000	100	89	0.921	0.197
1434.000000	100	89	0.919	0.203
1440.000000	100	89	0.915	0.210
1446.000000	100	89	0.911	0.217
1452.000000	100	89	0.905	0.227
1458.000000	100	89	0.897	0.240
1464.000000	100	89	0.886	0.257
1470.000000	100	89	0.872	0.281
1476.000000	100	89	0.854	0.312
1482.000000	100	89	0.830	0.353
1488.000000	100	89	0.797	0.408
1494.000000	100	89	0.749	0.475
1500.000000	100	89	0.673	0.549
1506.000000	89	100	0.630	0.543
1512.000000	89	100	0.732	0.318
1518.000000	89	100	0.869	0.092
1524.000000	89	141	0.945	0.057
1530.000000	89	141	0.960	0.062
1536.000000	89	98	0.961	0.068
1542.000000	89	63	0.960	0.078
1548.000000	89	63	0.957	0.088
1554.000000	89	63	0.954	0.100
1560.000000	89	63	0.951	0.114
1566.000000	89	63	0.947	0.128
1572.000000	89	63	0.943	0.141
1578.000000	89	63	0.939	0.154
1584.000000	89	63	0.934	0.165
1590.000000	89	63	0.930	0.174
1596.000000	89	63	0.925	0.182
1602.000000	89	63	0.920	0.189
1608.000000	89	98	0.915	0.196
1614.000000	89	98	0.910	0.204
1620.000000	89	63	0.904	0.212
1626.000000	89	63	0.898	0.219
1632.000000	89	63	0.891	0.224
1638.000000	89	63	0.884	0.229
1644.000000	89	63	0.876	0.232
1650.000000	89	63	0.868	0.235
1656.000000	89	63	0.858	0.237
1662.000000	89	63	0.846	0.241
1668.000000	89	63	0.832	0.247
1674.000000	89	63	0.814	0.254
1680.000000	89	63	0.789	0.265
1686.000000	89	63	0.757	0.281
1692.000000	89	63	0.713	0.303
1698.000000	89	63	0.644	0.335
1704.000000	89	63	0.530	0.386
1710.000000	63	89	0.470	0.355
1716.000000	63	89	0.619	0.150
1722.000000	63	98	0.805	0.083
1728.000000	63	153	0.907	0.068
1734.000000	63	153	0.940	0.064
1740.000000	63	35	0.948	0.062
1746.000000	63	35	0.949	0.067
1752.000000	63	35	0.948	0.073
1758.000000	63	35	0.947	0.078
1764.000000	63	35	0.945	0.083
1770.000000	63	35	0.942	0.088
1776.000000	63	35	0.940	0.092
1782.000000	63	35	0.937	0.096
1788.000000	63	35	0.935	0.098
1794.000000	63	35	0.932	0.100
1800.000000	63	35	0.930	0.101
1806.000000	63	35	0.927	0.102
1812.000000	63	35	0.925	0.102
1818.000000	63	35	0.922	0.104
1824.000000	63	35	0.920	0.106
1830.000000	63	35	0.919	0.107
1836.000000	63	35	0.918	0.106
1842.000000	63	35	0.917	0.104
1848.000000	63	35	0.916	0.101
1854.000000	63	35	0.914	0.097
1860.000000	63	35	0.912	0.092
1866.000000	63	35	0.910	0.087
1872.000000	63	35	0.907	0.081
1878.000000	63	35	0.903	0.075
1884.000000	63	35	0.898	0.070
1890.000000	63	35	0.891	0.065
1896.000000	63	35	0.882	0.061
1902.000000	63	35	0.870	0.057
1908.000000	63	35	0.856	0.053
1914.000000	63	35	0.837	0.050
1920.000000	63	186	0.812	0.050
1926.000000	63	186	0.778	0.053
1932.000000	63	186	0.728	0.055
1938.000000	63	186	0.649	0.057
1944.000000	63	186	0.511	0.056
1950.000000	63	186	0.276	0.052
1956.000000	63	186	0.051	0.043
1962.000000	186	73	0.038	0.023
1968.000000	186	73	0.035	0.023
1974.000000	186	73	0.032	0.023
1980.000000	186	73	0.029	0.022
1986.000000	186	73	0.025	0.021
1992.000000	186	73	0.021	0.020
1998.000000	73	186	0.018	0.018
2004.000000	73	158	0.017	0.015
2010.000000	73	158	0.015	0.013
2016.000000	73	158	0.014	0.012
2022.000000	73	158	0.012	0.010
2028.000000	73	158	0.010	0.008
2034.000000	5	73	0.009	0.008
