0.000000	119	165	0.000	0.000
6.000000	170	194	0.981	0.037
12.000000	170	194	0.979	0.044
18.000000	170	194	0.978	0.053
24.000000	170	194	0.975	0.064
30.000000	170	194	0.973	0.074
36.000000	170	194	0.970	0.083
42.000000	170	194	0.967	0.092
48.000000	170	194	0.964	0.099
54.000000	170	194	0.961	0.107
60.000000	170	194	0.958	0.114
66.000000	170	194	0.955	0.121
72.000000	170	194	0.952	0.127
78.000000	170	194	0.950	0.133
84.000000	170	194	0.948	0.138
90.000000	170	194	0.946	0.143
96.000000	170	194	0.944	0.147
102.000000	170	194	0.943	0.149
108.000000	170	194	0.942	0.150
114.000000	170	194	0.941	0.150
120.000000	170	194	0.940	0.149
126.000000	170	194	0.939	0.147
132.000000	170	194	0.938	0.144
138.000000	170	194	0.937	0.140
144.000000	170	194	0.937	0.135
150.000000	170	194	0.936	0.129
156.000000	170	194	0.935	0.123
162.000000	170	194	0.933	0.116
168.000000	170	194	0.930	0.108
174.000000	170	194	0.927	0.100
180.000000	170	194	0.922	0.091
186.000000	170	194	0.915	0.082
192.000000	170	194	0.906	0.074
198.000000	170	194	0.896	0.067
204.000000	170	194	0.883	0.061
210.000000	170	194	0.867	0.057
216.000000	170	69	0.847	0.054
222.000000	170	69	0.822	0.052
228.000000	170	69	0.788	0.051
234.000000	170	69	0.741	0.050
240.000000	170	69	0.670	0.048
246.000000	170	69	0.553	0.044
252.000000	170	69	0.350	0.037
258.000000	170	15	0.102	0.030
264.000000	81	95	0.032	0.028
270.000000	81	15	0.033	0.027
276.000000	81	15	0.033	0.027
282.000000	81	15	0.033	0.028
288.000000	81	15	0.034	0.028
294.000000	81	15	0.034	0.028
300.000000	81	15	0.034	0.028
306.000000	81	15	0.035	0.028
312.000000	81	15	0.036	0.028
318.000000	81	15	0.037	0.027
324.000000	81	15	0.039	0.027
330.000000	81	15	0.041	0.026
336.000000	81	15	0.043	0.025
342.000000	81	41	0.045	0.023
348.000000	81	41	0.047	0.024
354.000000	81	41	0.050	0.024
360.000000	81	41	0.052	0.024
366.000000	81	41	0.055	0.024
372.000000	81	41	0.057	0.024
378.000000	81	41	0.060	0.024
384.000000	81	41	0.063	0.024
390.000000	81	41	0.066	0.024
396.000000	81	41	0.069	0.023
402.000000	81	41	0.072	0.023
408.000000	81	41	0.076	0.022
414.000000	81	145	0.081	0.022
420.000000	81	145	0.087	0.022
426.000000	81	145	0.096	0.023
432.000000	81	145	0.109	0.024
438.000000	81	145	0.129	0.025
444.000000	81	145	0.164	0.027
450.000000	81	145	0.233	0.028
456.000000	81	27	0.383	0.031
462.000000	81	27	0.665	0.039
468.000000	81	27	0.890	0.048
474.000000	81	27	0.957	0.054
480.000000	81	27	0.970	0.061
486.000000	81	27	0.971	0.068
492.000000	81	27	0.969	0.074
498.000000	81	27	0.967	0.079
504.000000	81	27	0.965	0.083
510.000000	81	155	0.962	0.088
516.000000	81	155	0.959	0.093
522.000000	81	155	0.956	0.098
528.000000	81	100	0.954	0.105
534.000000	81	100	0.951	0.110
540.000000	81	100	0.949	0.115
546.000000	81	164	0.947	0.121
552.000000	81	164	0.945	0.126
558.000000	81	164	0.944	0.129
564.000000	81	164	0.942	0.132
570.000000	81	164	0.941	0.133
576.000000	81	164	0.940	0.133
582.000000	81	164	0.939	0.132
588.000000	81	164	0.938	0.130
594.000000	81	164	0.938	0.127
600.000000	81	164	0.937	0.123
606.000000	81	164	0.937	0.118
612.000000	81	164	0.936	0.112
618.000000	81	164	0.934	0.108
624.000000	81	164	0.932	0.101
630.000000	81	164	0.929	0.093
636.000000	81	164	0.925	0.084
642.000000	81	164	0.919	0.075
648.000000	81	164	0.910	0.064
654.000000	81	164	0.900	0.055
660.000000	81	164	0.887	0.047
666.000000	81	173	0.870	0.046
672.000000	81	173	0.850	0.048
678.000000	81	173	0.823	0.050
684.000000	81	173	0.786	0.052
690.000000	81	173	0.735	0.053
696.000000	81	173	0.655	0.054
702.000000	81	173	0.518	0.053
708.000000	81	22	0.287	0.047
714.000000	81	22	0.055	0.045
720.000000	22	140	0.045	0.030
726.000000	22	67	0.046	0.032
732.000000	22	67	0.046	0.034
738.000000	22	67	0.046	0.037
744.000000	22	67	0.045	0.040
750.000000	22	67	0.045	0.043
756.000000	67	22	0.047	0.044
762.000000	67	22	0.052	0.043
768.000000	67	22	0.059	0.042
774.000000	67	22	0.068	0.040
780.000000	67	22	0.079	0.038
786.000000	67	22	0.096	0.036
792.000000	67	106	0.122	0.038
798.000000	67	106	0.166	0.043
804.000000	67	106	0.243	0.048
810.000000	67	106	0.390	0.053
816.000000	67	106	0.630	0.054
822.000000	67	32	0.835	0.056
828.000000	67	32	0.916	0.065
834.000000	67	32	0.938	0.074
840.000000	67	32	0.946	0.082
846.000000	67	32	0.951	0.091
852.000000	67	32	0.953	0.105
858.000000	67	32	0.951	0.116
864.000000	67	32	0.950	0.128
870.000000	67	32	0.948	0.139
876.000000	67	32	0.949	0.148
882.000000	67	32	0.947	0.157
888.000000	67	32	0.945	0.165
894.000000	67	32	0.944	0.172
900.000000	67	32	0.942	0.178
906.000000	67	32	0.941	0.182
912.000000	67	32	0.940	0.184
918.000000	67	32	0.939	0.187
924.000000	67	32	0.939	0.188
930.000000	67	32	0.941	0.188
936.000000	67	32	0.941	0.188
942.000000	67	32	0.941	0.186
948.000000	67	32	0.940	0.183
954.000000	67	32	0.939	0.179
960.000000	67	32	0.937	0.173
966.000000	67	71	0.935	0.169
972.000000	67	71	0.932	0.169
978.000000	67	71	0.929	0.167
984.000000	67	71	0.924	0.163
990.000000	67	71	0.919	0.158
996.000000	67	71	0.912	0.152
1002.000000	67	71	0.904	0.145
1008.000000	67	71	0.895	0.136
1014.000000	67	71	0.884	0.126
1020.000000	67	71	0.870	0.116
1026.000000	67	71	0.854	0.104
1032.000000	67	71	0.834	0.092
1038.000000	67	71	0.809	0.079
1044.000000	67	71	0.774	0.066
1050.000000	67	71	0.722	0.054
1056.000000	67	102	0.641	0.050
1062.000000	67	102	0.497	0.050
1068.000000	67	102	0.257	0.046
1074.000000	102	67	0.039	0.038
1080.000000	102	187	0.036	0.030
1086.000000	102	187	0.035	0.027
1092.000000	102	187	0.034	0.023
1098.000000	102	187	0.033	0.020
1104.000000	102	1	0.032	0.020
1110.000000	102	1	0.030	0.020
1116.000000	102	1	0.028	0.021
1122.000000	102	1	0.026	0.021
1128.000000	102	1	0.023	0.021
1134.000000	1	102	0.020	0.020
1140.000000	1	102	0.020	0.017
1146.000000	1	102	0.019	0.014
1152.000000	1	102	0.017	0.011
1158.000000	1	87	0.016	0.008
1164.000000	1	87	0.014	0.008
1170.000000	1	131	0.012	0.007
1176.000000	1	131	0.010	0.007
