0.000000	119	165	0.000	0.000
6.000000	106	97	0.981	0.040
12.000000	106	97	0.980	0.043
18.000000	106	97	0.978	0.047
24.000000	106	97	0.977	0.049
30.000000	106	97	0.975	0.052
36.000000	106	97	0.973	0.054
42.000000	106	97	0.970	0.056
48.000000	106	143	0.968	0.059
54.000000	106	143	0.965	0.064
60.000000	106	143	0.963	0.068
66.000000	106	143	0.961	0.073
72.000000	106	143	0.958	0.077
78.000000	106	143	0.956	0.080
84.000000	106	143	0.954	0.082
90.000000	106	143	0.952	0.084
96.000000	106	143	0.950	0.086
102.000000	106	143	0.948	0.086
108.000000	106	143	0.947	0.086
114.000000	106	44	0.945	0.087
120.000000	106	44	0.944	0.088
126.000000	106	44	0.943	0.087
132.000000	106	44	0.941	0.087
138.000000	106	44	0.940	0.085
144.000000	106	44	0.939	0.082
150.000000	106	44	0.938	0.080
156.000000	106	44	0.936	0.077
162.000000	106	44	0.935	0.072
168.000000	106	44	0.932	0.067
174.000000	106	44	0.929	0.061
180.000000	106	44	0.925	0.053
186.000000	106	44	0.919	0.045
192.000000	106	97	0.911	0.041
198.000000	106	97	0.901	0.042
204.000000	106	97	0.889	0.044
210.000000	106	97	0.874	0.045
216.000000	106	97	0.856	0.047
222.000000	106	97	0.833	0.049
228.000000	106	97	0.803	0.050
234.000000	106	97	0.760	0.052
240.000000	106	97	0.697	0.052
246.000000	106	97	0.594	0.052
252.000000	106	97	0.411	0.047
258.000000	106	97	0.152	0.037
264.000000	97	96	0.028	0.021
270.000000	97	96	0.026	0.019
276.000000	97	96	0.024	0.017
282.000000	97	96	0.022	0.014
288.000000	97	145	0.020	0.011
294.000000	97	145	0.017	0.010
300.000000	97	145	0.015	0.009
306.000000	97	145	0.012	0.007
312.000000	97	30	0.009	0.006
