0.000000	119	165	0.000	0.000
6.000000	75	24	0.981	0.036
12.000000	75	24	0.979	0.040
18.000000	75	81	0.978	0.047
24.000000	75	81	0.976	0.054
30.000000	75	81	0.973	0.062
36.000000	75	188	0.970	0.072
42.000000	75	188	0.967	0.084
48.000000	75	188	0.964	0.098
54.000000	75	188	0.960	0.112
60.000000	75	188	0.957	0.126
66.000000	75	188	0.954	0.142
72.000000	75	188	0.951	0.159
78.000000	75	188	0.948	0.175
84.000000	75	188	0.945	0.191
90.000000	75	188	0.942	0.205
96.000000	75	188	0.940	0.217
102.000000	75	188	0.938	0.229
108.000000	75	188	0.936	0.241
114.000000	75	188	0.934	0.251
120.000000	75	188	0.932	0.259
126.000000	75	188	0.930	0.266
132.000000	75	188	0.929	0.272
138.000000	75	188	0.927	0.278
144.000000	75	188	0.926	0.283
150.000000	75	188	0.924	0.288
156.000000	75	188	0.922	0.295
162.000000	75	188	0.919	0.307
168.000000	75	188	0.914	0.322
174.000000	75	188	0.909	0.341
180.000000	75	188	0.901	0.370
186.000000	75	188	0.890	0.409
192.000000	75	188	0.875	0.459
198.000000	75	188	0.855	0.517
204.000000	75	188	0.828	0.573
210.000000	75	188	0.793	0.619
216.000000	75	188	0.739	0.658
222.000000	188	75	0.694	0.659
228.000000	188	75	0.738	0.533
234.000000	188	75	0.794	0.341
240.000000	188	75	0.871	0.126
246.000000	188	171	0.939	0.079
252.000000	188	171	0.955	0.086
258.000000	188	171	0.957	0.096
264.000000	188	171	0.955	0.106
270.000000	188	171	0.952	0.116
276.000000	188	171	0.949	0.126
282.000000	188	171	0.945	0.136
288.000000	188	171	0.941	0.145
294.000000	188	171	0.936	0.154
300.000000	188	171	0.931	0.162
306.000000	188	171	0.926	0.171
312.000000	188	171	0.921	0.180
318.000000	188	171	0.915	0.187
324.000000	188	171	0.908	0.194
330.000000	188	171	0.900	0.201
336.000000	188	171	0.892	0.208
342.000000	188	171	0.882	0.213
348.000000	188	171	0.871	0.217
354.000000	188	171	0.858	0.220
360.000000	188	171	0.843	0.221
366.000000	188	74	0.824	0.229
372.000000	188	74	0.801	0.242
378.000000	188	74	0.770	0.256
384.000000	188	74	0.730	0.273
390.000000	188	74	0.671	0.298
396.000000	188	74	0.580	0.338
402.000000	188	74	0.440	0.399
408.000000	74	188	0.495	0.253
414.000000	74	171	0.644	0.126
420.000000	74	171	0.811	0.098
426.000000	74	180	0.900	0.083
432.000000	74	73	0.927	0.084
438.000000	74	73	0.936	0.097
444.000000	74	73	0.940	0.112
450.000000	74	73	0.939	0.127
456.000000	74	73	0.937	0.143
462.000000	74	73	0.935	0.158
468.000000	74	73	0.935	0.174
474.000000	74	73	0.933	0.189
480.000000	74	73	0.930	0.204
486.000000	74	73	0.927	0.220
492.000000	74	73	0.923	0.233
498.000000	74	73	0.919	0.246
504.000000	74	73	0.914	0.260
510.000000	74	73	0.909	0.272
516.000000	74	73	0.904	0.284
522.000000	74	73	0.898	0.295
528.000000	74	73	0.892	0.306
534.000000	74	73	0.885	0.318
540.000000	74	73	0.878	0.332
546.000000	74	73	0.870	0.347
552.000000	74	73	0.861	0.365
558.000000	74	73	0.851	0.388
564.000000	74	73	0.838	0.418
570.000000	74	73	0.821	0.453
576.000000	74	73	0.799	0.487
582.000000	74	73	0.766	0.531
588.000000	74	73	0.722	0.583
594.000000	74	73	0.656	0.640
600.000000	73	74	0.701	0.550
606.000000	73	74	0.770	0.375
612.000000	73	74	0.860	0.161
618.000000	73	181	0.931	0.076
624.000000	73	181	0.948	0.080
630.000000	73	181	0.951	0.088
636.000000	73	181	0.953	0.095
642.000000	73	181	0.951	0.103
648.000000	73	181	0.948	0.109
654.000000	73	181	0.944	0.116
660.000000	73	181	0.940	0.123
666.000000	73	181	0.935	0.129
672.000000	73	181	0.931	0.134
678.000000	73	181	0.926	0.137
684.000000	73	71	0.921	0.141
690.000000	73	71	0.915	0.147
696.000000	73	71	0.908	0.152
702.000000	73	71	0.901	0.157
708.000000	73	71	0.893	0.162
714.000000	73	71	0.885	0.166
720.000000	73	71	0.875	0.171
726.000000	73	71	0.864	0.177
732.000000	73	71	0.851	0.184
738.000000	73	71	0.836	0.191
744.000000	73	71	0.817	0.201
750.000000	73	71	0.794	0.212
756.000000	73	71	0.762	0.225
762.000000	73	71	0.718	0.241
768.000000	73	71	0.654	0.267
774.000000	73	71	0.557	0.305
780.000000	73	71	0.417	0.357
786.000000	71	73	0.435	0.241
792.000000	71	79	0.561	0.206
798.000000	71	79	0.709	0.205
804.000000	71	79	0.827	0.199
810.000000	71	79	0.885	0.192
816.000000	71	79	0.910	0.185
822.000000	71	79	0.920	0.181
828.000000	71	79	0.922	0.178
834.000000	71	175	0.926	0.197
840.000000	71	175	0.927	0.217
846.000000	71	175	0.926	0.234
852.000000	71	175	0.925	0.250
858.000000	71	175	0.923	0.263
864.000000	71	175	0.921	0.273
870.000000	71	175	0.918	0.280
876.000000	71	175	0.916	0.284
882.000000	71	175	0.914	0.286
888.000000	71	175	0.911	0.286
894.000000	71	175	0.908	0.284
900.000000	71	175	0.906	0.278
906.000000	71	175	0.905	0.269
912.000000	71	175	0.903	0.256
918.000000	71	175	0.900	0.239
924.000000	71	175	0.897	0.216
930.000000	71	175	0.893	0.187
936.000000	71	12	0.890	0.167
942.000000	71	12	0.886	0.166
948.000000	71	12	0.882	0.165
954.000000	71	12	0.877	0.162
960.000000	71	12	0.869	0.158
966.000000	71	12	0.861	0.152
972.000000	71	12	0.851	0.144
978.000000	71	12	0.837	0.134
984.000000	71	12	0.820	0.123
990.000000	71	12	0.797	0.112
996.000000	71	12	0.765	0.100
1002.000000	71	12	0.718	0.087
1008.000000	71	12	0.645	0.075
1014.000000	71	12	0.522	0.062
1020.000000	71	168	0.312	0.054
1026.000000	71	168	0.083	0.053
1032.000000	168	104	0.051	0.035
1038.000000	168	104	0.054	0.033
1044.000000	168	104	0.057	0.032
1050.000000	168	104	0.061	0.031
1056.000000	168	104	0.066	0.029
1062.000000	168	18	0.072	0.028
1068.000000	168	18	0.080	0.026
1074.000000	168	18	0.091	0.025
1080.000000	168	64	0.108	0.024
1086.000000	168	64	0.134	0.027
1092.000000	168	64	0.175	0.031
1098.000000	168	64	0.244	0.034
1104.000000	168	64	0.362	0.038
1110.000000	168	64	0.549	0.042
1116.000000	168	64	0.752	0.044
1122.000000	168	156	0.871	0.048
1128.000000	168	156	0.922	0.056
1134.000000	168	156	0.943	0.063
1140.000000	168	156	0.952	0.071
1146.000000	168	156	0.955	0.079
1152.000000	168	156	0.957	0.089
1158.000000	168	156	0.956	0.098
1164.000000	168	156	0.954	0.107
1170.000000	168	156	0.953	0.116
1176.000000	168	156	0.952	0.125
1182.000000	168	156	0.950	0.132
1188.000000	168	156	0.948	0.139
1194.000000	168	156	0.945	0.145
1200.000000	168	156	0.942	0.150
1206.000000	168	156	0.940	0.155
1212.000000	168	156	0.937	0.159
1218.000000	168	156	0.934	0.162
1224.000000	168	156	0.932	0.164
1230.000000	168	156	0.929	0.164
1236.000000	168	156	0.926	0.163
1242.000000	168	156	0.922	0.160
1248.000000	168	156	0.919	0.156
1254.000000	168	156	0.916	0.151
1260.000000	168	156	0.912	0.144
1266.000000	168	156	0.908	0.134
1272.000000	168	156	0.903	0.122
1278.000000	168	169	0.898	0.109
1284.000000	168	169	0.892	0.100
1290.000000	168	169	0.884	0.090
1296.000000	168	180	0.875	0.085
1302.000000	168	180	0.862	0.083
1308.000000	168	180	0.847	0.080
1314.000000	168	180	0.827	0.076
1320.000000	168	180	0.800	0.071
1326.000000	168	180	0.763	0.066
1332.000000	168	180	0.708	0.061
1338.000000	168	180	0.621	0.056
1344.000000	168	180	0.468	0.050
1350.000000	168	180	0.222	0.043
1356.000000	180	177	0.036	0.029
1362.000000	180	177	0.031	0.025
1368.000000	180	177	0.028	0.024
1374.000000	180	177	0.024	0.022
1380.000000	180	177	0.020	0.020
1386.000000	177	180	0.018	0.016
1392.000000	177	180	0.016	0.012
1398.000000	177	112	0.013	0.010
1404.000000	177	105	0.011	0.009
1410.000000	105	177	0.009	0.008
