0.000000	119	165	0.000	0.000
6.000000	122	187	0.981	0.054
12.000000	122	187	0.980	0.061
18.000000	122	187	0.978	0.070
24.000000	122	187	0.976	0.081
30.000000	122	187	0.974	0.092
36.000000	122	187	0.971	0.105
42.000000	122	187	0.968	0.118
48.000000	122	187	0.965	0.132
54.000000	122	187	0.962	0.146
60.000000	122	187	0.959	0.160
66.000000	122	187	0.957	0.173
72.000000	122	187	0.954	0.186
78.000000	122	187	0.951	0.199
84.000000	122	187	0.949	0.211
90.000000	122	187	0.947	0.222
96.000000	122	187	0.945	0.234
102.000000	122	187	0.943	0.245
108.000000	122	187	0.941	0.254
114.000000	122	187	0.939	0.264
120.000000	122	187	0.937	0.274
126.000000	122	187	0.935	0.283
132.000000	122	187	0.933	0.292
138.000000	122	187	0.931	0.302
144.000000	122	187	0.928	0.315
150.000000	122	187	0.925	0.328
156.000000	122	187	0.921	0.344
162.000000	122	187	0.916	0.364
168.000000	122	187	0.911	0.392
174.000000	122	187	0.903	0.431
180.000000	122	187	0.894	0.477
186.000000	122	187	0.882	0.526
192.000000	122	187	0.865	0.578
198.000000	122	187	0.839	0.631
204.000000	122	187	0.804	0.677
210.000000	122	187	0.758	0.710
216.000000	187	122	0.740	0.693
222.000000	187	122	0.772	0.598
228.000000	187	122	0.810	0.452
234.000000	187	122	0.881	0.243
240.000000	187	122	0.939	0.086
246.000000	187	93	0.953	0.068
252.000000	187	93	0.953	0.073
258.000000	187	93	0.951	0.077
264.000000	187	93	0.948	0.081
270.000000	187	93	0.944	0.084
276.000000	187	93	0.940	0.087
282.000000	187	12	0.936	0.093
288.000000	187	12	0.931	0.099
294.000000	187	12	0.926	0.105
300.000000	187	12	0.920	0.111
306.000000	187	12	0.914	0.119
312.000000	187	12	0.908	0.126
318.000000	187	12	0.901	0.133
324.000000	187	12	0.894	0.139
330.000000	187	12	0.886	0.143
336.000000	187	12	0.877	0.147
342.000000	187	12	0.866	0.151
348.000000	187	12	0.853	0.155
354.000000	187	12	0.839	0.158
360.000000	187	12	0.821	0.160
366.000000	187	12	0.799	0.161
372.000000	187	12	0.770	0.162
378.000000	187	12	0.732	0.160
384.000000	187	12	0.677	0.158
390.000000	187	12	0.589	0.154
396.000000	187	12	0.444	0.150
402.000000	187	12	0.232	0.148
408.000000	12	187	0.150	0.052
414.000000	12	55	0.167	0.046
420.000000	12	55	0.204	0.043
426.000000	12	69	0.272	0.043
432.000000	12	69	0.385	0.045
438.000000	12	69	0.540	0.048
444.000000	12	127	0.704	0.054
450.000000	12	127	0.819	0.060
456.000000	12	127	0.872	0.068
462.000000	12	127	0.897	0.076
468.000000	12	127	0.909	0.084
474.000000	12	127	0.914	0.092
480.000000	12	127	0.916	0.100
486.000000	12	117	0.915	0.109
492.000000	12	117	0.914	0.118
498.000000	12	117	0.915	0.123
504.000000	12	117	0.915	0.127
510.000000	12	117	0.914	0.129
516.000000	12	117	0.913	0.130
522.000000	12	117	0.912	0.128
528.000000	12	117	0.910	0.125
534.000000	12	117	0.909	0.121
540.000000	12	117	0.908	0.116
546.000000	12	98	0.907	0.118
552.000000	12	98	0.905	0.120
558.000000	12	98	0.904	0.122
564.000000	12	98	0.903	0.122
570.000000	12	98	0.902	0.121
576.000000	12	98	0.903	0.119
582.000000	12	98	0.905	0.118
588.000000	12	98	0.906	0.117
594.000000	12	98	0.906	0.115
600.000000	12	98	0.906	0.113
606.000000	12	98	0.904	0.110
612.000000	12	98	0.900	0.106
618.000000	12	98	0.893	0.102
624.000000	12	98	0.883	0.099
630.000000	12	98	0.870	0.096
636.000000	12	98	0.855	0.093
642.000000	12	98	0.835	0.091
648.000000	12	98	0.808	0.088
654.000000	12	98	0.773	0.086
660.000000	12	98	0.722	0.082
666.000000	12	98	0.643	0.078
672.000000	12	48	0.510	0.078
678.000000	12	48	0.291	0.081
684.000000	48	12	0.083	0.067
690.000000	48	98	0.089	0.050
696.000000	48	172	0.100	0.050
702.000000	48	172	0.117	0.056
708.000000	48	172	0.144	0.063
714.000000	48	172	0.189	0.071
720.000000	48	172	0.268	0.081
726.000000	48	172	0.411	0.091
732.000000	48	172	0.632	0.098
738.000000	48	172	0.817	0.102
744.000000	48	172	0.888	0.110
750.000000	48	172	0.913	0.118
756.000000	48	172	0.921	0.124
762.000000	48	172	0.925	0.127
768.000000	48	172	0.928	0.130
774.000000	48	115	0.930	0.134
780.000000	48	115	0.930	0.150
786.000000	48	115	0.929	0.167
792.000000	48	115	0.929	0.183
798.000000	48	115	0.928	0.198
804.000000	48	115	0.928	0.213
810.000000	48	115	0.928	0.229
816.000000	48	115	0.928	0.245
822.000000	48	115	0.928	0.260
828.000000	48	115	0.928	0.274
834.000000	48	115	0.930	0.288
840.000000	48	115	0.930	0.303
846.000000	48	115	0.930	0.319
852.000000	48	115	0.931	0.338
858.000000	48	115	0.931	0.359
864.000000	48	115	0.928	0.386
870.000000	48	115	0.923	0.415
876.000000	48	115	0.918	0.447
882.000000	48	115	0.911	0.484
888.000000	48	115	0.902	0.525
894.000000	48	115	0.890	0.565
900.000000	48	115	0.875	0.606
906.000000	48	115	0.857	0.636
912.000000	48	115	0.833	0.656
918.000000	48	115	0.799	0.672
924.000000	48	115	0.752	0.690
930.000000	115	48	0.717	0.682
936.000000	115	48	0.741	0.579
942.000000	115	48	0.787	0.403
948.000000	115	48	0.862	0.175
954.000000	115	8	0.931	0.071
960.000000	115	8	0.953	0.077
966.000000	115	8	0.954	0.084
972.000000	115	8	0.953	0.090
978.000000	115	8	0.949	0.095
984.000000	115	8	0.945	0.100
990.000000	115	8	0.941	0.105
996.000000	115	8	0.935	0.110
1002.000000	115	8	0.930	0.115
1008.000000	115	8	0.924	0.120
1014.000000	115	8	0.917	0.124
1020.000000	115	8	0.911	0.128
1026.000000	115	8	0.903	0.131
1032.000000	115	8	0.895	0.134
1038.000000	115	8	0.886	0.136
1044.000000	115	8	0.876	0.138
1050.000000	115	8	0.865	0.139
1056.000000	115	8	0.853	0.138
1062.000000	115	8	0.839	0.137
1068.000000	115	8	0.823	0.136
1074.000000	115	8	0.803	0.133
1080.000000	115	8	0.778	0.129
1086.000000	115	8	0.745	0.123
1092.000000	115	8	0.699	0.116
1098.000000	115	8	0.632	0.108
1104.000000	115	8	0.525	0.098
1110.000000	115	8	0.355	0.085
1116.000000	115	8	0.149	0.067
1122.000000	8	112	0.048	0.046
1128.000000	112	177	0.047	0.038
1134.000000	112	177	0.049	0.038
1140.000000	112	177	0.054	0.040
1146.000000	112	177	0.060	0.043
1152.000000	112	177	0.069	0.047
1158.000000	112	177	0.083	0.053
1164.000000	112	177	0.104	0.061
1170.000000	112	177	0.137	0.070
1176.000000	112	177	0.192	0.081
1182.000000	112	198	0.283	0.100
1188.000000	112	198	0.426	0.126
1194.000000	112	198	0.608	0.156
1200.000000	112	198	0.764	0.183
1206.000000	112	198	0.851	0.208
1212.000000	112	198	0.891	0.232
1218.000000	112	198	0.906	0.258
1224.000000	112	198	0.914	0.284
1230.000000	112	198	0.914	0.310
1236.000000	112	198	0.913	0.334
1242.000000	112	198	0.912	0.355
1248.000000	112	198	0.910	0.374
1254.000000	112	198	0.909	0.390
1260.000000	112	198	0.907	0.405
1266.000000	112	198	0.906	0.419
1272.000000	112	198	0.905	0.433
1278.000000	112	198	0.904	0.448
1284.000000	112	198	0.904	0.464
1290.000000	112	198	0.909	0.484
1296.000000	112	198	0.914	0.500
1302.000000	112	198	0.914	0.516
1308.000000	112	198	0.912	0.540
1314.000000	112	198	0.909	0.568
1320.000000	112	198	0.906	0.590
1326.000000	112	198	0.901	0.613
1332.000000	112	198	0.895	0.632
1338.000000	112	198	0.886	0.646
1344.000000	112	198	0.877	0.660
1350.000000	112	198	0.867	0.668
1356.000000	112	198	0.855	0.672
1362.000000	112	198	0.841	0.674
1368.000000	112	198	0.821	0.675
1374.000000	112	198	0.796	0.677
1380.000000	112	198	0.768	0.675
1386.000000	112	198	0.732	0.668
1392.000000	112	198	0.682	0.658
1398.000000	198	112	0.659	0.601
1404.000000	198	112	0.692	0.466
1410.000000	198	112	0.747	0.282
1416.000000	198	112	0.829	0.109
1422.000000	198	117	0.882	0.064
1428.000000	198	117	0.902	0.063
1434.000000	198	117	0.911	0.063
1440.000000	198	104	0.913	0.065
1446.000000	198	104	0.912	0.069
1452.000000	198	104	0.908	0.072
1458.000000	198	104	0.901	0.076
1464.000000	198	104	0.894	0.079
1470.000000	198	104	0.884	0.082
1476.000000	198	104	0.873	0.084
1482.000000	198	104	0.860	0.085
1488.000000	198	104	0.845	0.085
1494.000000	198	104	0.826	0.085
1500.000000	198	104	0.803	0.084
1506.000000	198	132	0.775	0.086
1512.000000	198	132	0.738	0.090
1518.000000	198	132	0.687	0.093
1524.000000	198	132	0.614	0.096
1530.000000	198	132	0.505	0.100
1536.000000	198	132	0.349	0.104
1542.000000	198	132	0.173	0.106
1548.000000	13	132	0.107	0.105
1554.000000	13	132	0.111	0.103
1560.000000	13	100	0.120	0.115
1566.000000	13	100	0.136	0.135
1572.000000	100	13	0.164	0.160
1578.000000	100	13	0.202	0.193
1584.000000	100	13	0.251	0.233
1590.000000	100	13	0.309	0.277
1596.000000	100	13	0.373	0.321
1602.000000	100	13	0.434	0.365
1608.000000	100	13	0.483	0.409
1614.000000	100	13	0.519	0.447
1620.000000	100	13	0.548	0.476
1626.000000	100	13	0.567	0.498
1632.000000	100	13	0.584	0.516
1638.000000	100	13	0.601	0.531
1644.000000	100	13	0.612	0.541
1650.000000	100	13	0.621	0.547
1656.000000	100	13	0.629	0.550
1662.000000	100	13	0.636	0.555
1668.000000	100	13	0.643	0.561
1674.000000	100	13	0.652	0.572
1680.000000	100	13	0.664	0.593
1686.000000	100	13	0.675	0.613
1692.000000	100	13	0.689	0.637
1698.000000	100	13	0.708	0.659
1704.000000	100	13	0.716	0.679
1710.000000	100	13	0.722	0.700
1716.000000	100	13	0.728	0.722
1722.000000	13	100	0.738	0.733
1728.000000	13	100	0.752	0.738
1734.000000	13	100	0.772	0.739
1740.000000	13	100	0.788	0.739
1746.000000	13	100	0.798	0.735
1752.000000	13	100	0.810	0.720
1758.000000	13	100	0.820	0.698
1764.000000	13	100	0.829	0.668
1770.000000	13	100	0.841	0.629
1776.000000	13	100	0.843	0.581
1782.000000	13	100	0.850	0.509
1788.000000	13	100	0.866	0.402
1794.000000	13	100	0.872	0.272
1800.000000	13	100	0.884	0.138
1806.000000	13	134	0.896	0.071
1812.000000	13	134	0.901	0.076
1818.000000	13	134	0.901	0.081
1824.000000	13	134	0.898	0.088
1830.000000	13	134	0.892	0.097
1836.000000	13	134	0.884	0.106
1842.000000	13	134	0.874	0.117
1848.000000	13	134	0.861	0.131
1854.000000	13	134	0.846	0.145
1860.000000	13	134	0.826	0.160
1866.000000	13	134	0.801	0.175
1872.000000	13	134	0.768	0.190
1878.000000	13	134	0.722	0.208
1884.000000	13	134	0.654	0.228
1890.000000	13	134	0.547	0.255
1896.000000	13	134	0.379	0.296
1902.000000	134	13	0.366	0.177
1908.000000	134	72	0.477	0.170
1914.000000	134	72	0.638	0.186
1920.000000	134	72	0.786	0.204
1926.000000	134	72	0.866	0.229
1932.000000	134	72	0.903	0.258
1938.000000	134	72	0.921	0.289
1944.000000	134	72	0.928	0.325
1950.000000	134	72	0.929	0.365
1956.000000	134	72	0.928	0.406
1962.000000	134	72	0.925	0.448
1968.000000	134	72	0.922	0.487
1974.000000	134	72	0.919	0.521
1980.000000	134	72	0.916	0.547
1986.000000	134	72	0.912	0.568
1992.000000	134	72	0.908	0.586
1998.000000	134	72	0.903	0.603
2004.000000	134	72	0.897	0.623
2010.000000	134	72	0.892	0.641
2016.000000	134	72	0.886	0.659
2022.000000	134	72	0.880	0.672
2028.000000	134	72	0.873	0.681
2034.000000	134	72	0.865	0.688
2040.000000	134	72	0.855	0.700
2046.000000	134	72	0.844	0.709
2052.000000	134	72	0.830	0.714
2058.000000	134	72	0.812	0.718
2064.000000	134	72	0.790	0.721
2070.000000	134	72	0.758	0.729
2076.000000	72	134	0.737	0.715
2082.000000	72	134	0.746	0.656
2088.000000	72	134	0.755	0.570
2094.000000	72	134	0.775	0.430
2100.000000	72	134	0.833	0.228
2106.000000	72	19	0.889	0.112
2112.000000	72	19	0.917	0.108
2118.000000	72	19	0.923	0.106
2124.000000	72	19	0.922	0.106
2130.000000	72	19	0.919	0.105
2136.000000	72	19	0.913	0.104
2142.000000	72	19	0.906	0.102
2148.000000	72	19	0.897	0.098
2154.000000	72	19	0.887	0.093
2160.000000	72	42	0.876	0.091
2166.000000	72	42	0.862	0.095
2172.000000	72	42	0.846	0.099
2178.000000	72	42	0.827	0.104
2184.000000	72	42	0.804	0.108
2190.000000	72	42	0.775	0.112
2196.000000	72	42	0.738	0.115
2202.000000	72	42	0.688	0.117
2208.000000	72	42	0.614	0.119
2214.000000	72	42	0.503	0.120
2220.000000	72	42	0.343	0.120
2226.000000	72	42	0.161	0.120
2232.000000	42	63	0.122	0.079
2238.000000	42	63	0.126	0.083
2244.000000	42	63	0.137	0.089
2250.000000	42	63	0.153	0.098
2256.000000	42	63	0.175	0.111
2262.000000	42	63	0.205	0.130
2268.000000	42	63	0.243	0.154
2274.000000	42	63	0.288	0.185
2280.000000	42	63	0.342	0.222
2286.000000	42	63	0.399	0.266
2292.000000	42	63	0.453	0.314
2298.000000	42	63	0.499	0.360
2304.000000	42	63	0.530	0.399
2310.000000	42	63	0.554	0.431
2316.000000	42	63	0.572	0.459
2322.000000	42	63	0.590	0.484
2328.000000	42	63	0.607	0.503
2334.000000	42	63	0.619	0.520
2340.000000	42	63	0.632	0.532
2346.000000	42	63	0.653	0.542
2352.000000	42	63	0.675	0.551
2358.000000	42	63	0.692	0.563
2364.000000	42	63	0.718	0.582
2370.000000	42	63	0.740	0.601
2376.000000	42	63	0.760	0.616
2382.000000	42	63	0.785	0.629
2388.000000	42	63	0.807	0.649
2394.000000	42	63	0.823	0.669
2400.000000	42	63	0.833	0.692
2406.000000	42	63	0.839	0.706
2412.000000	42	63	0.842	0.709
2418.000000	42	63	0.842	0.709
2424.000000	42	63	0.840	0.707
2430.000000	42	63	0.835	0.701
2436.000000	42	63	0.828	0.692
2442.000000	42	63	0.818	0.682
2448.000000	42	63	0.806	0.667
2454.000000	42	63	0.791	0.650
2460.000000	42	63	0.774	0.629
2466.000000	42	63	0.755	0.601
2472.000000	42	63	0.734	0.560
2478.000000	42	63	0.714	0.498
2484.000000	42	63	0.692	0.406
2490.000000	42	63	0.678	0.275
2496.000000	42	63	0.666	0.134
2502.000000	42	2	0.643	0.066
2508.000000	42	2	0.597	0.068
2514.000000	42	2	0.522	0.070
2520.000000	42	2	0.407	0.071
2526.000000	42	2	0.257	0.071
2532.000000	42	2	0.120	0.071
2538.000000	2	197	0.071	0.044
2544.000000	2	197	0.074	0.047
2550.000000	2	197	0.079	0.052
2556.000000	2	197	0.086	0.058
2562.000000	2	197	0.097	0.066
2568.000000	2	197	0.112	0.076
2574.000000	2	197	0.132	0.087
2580.000000	2	197	0.161	0.102
2586.000000	2	197	0.204	0.119
2592.000000	2	197	0.268	0.140
2598.000000	2	197	0.358	0.165
2604.000000	2	197	0.469	0.194
2610.000000	2	197	0.586	0.226
2616.000000	2	197	0.682	0.265
2622.000000	2	197	0.748	0.310
2628.000000	2	197	0.784	0.357
2634.000000	2	197	0.806	0.405
2640.000000	2	197	0.816	0.453
2646.000000	2	197	0.817	0.497
2652.000000	2	197	0.817	0.533
2658.000000	2	197	0.816	0.564
2664.000000	2	197	0.815	0.589
2670.000000	2	197	0.815	0.607
2676.000000	2	197	0.814	0.623
2682.000000	2	197	0.813	0.639
2688.000000	2	197	0.812	0.650
2694.000000	2	197	0.812	0.660
2700.000000	2	197	0.812	0.670
2706.000000	2	197	0.814	0.673
2712.000000	2	197	0.814	0.675
2718.000000	2	197	0.814	0.679
2724.000000	2	197	0.812	0.684
2730.000000	2	197	0.809	0.686
2736.000000	2	197	0.806	0.685
2742.000000	2	197	0.802	0.684
2748.000000	2	197	0.795	0.680
2754.000000	2	197	0.783	0.675
2760.000000	2	197	0.770	0.666
2766.000000	2	197	0.754	0.656
2772.000000	2	197	0.732	0.644
2778.000000	2	197	0.702	0.627
2784.000000	2	197	0.663	0.604
2790.000000	2	197	0.608	0.572
2796.000000	197	2	0.532	0.527
2802.000000	197	2	0.489	0.398
2808.000000	197	2	0.449	0.221
2814.000000	197	113	0.412	0.098
2820.000000	197	113	0.358	0.094
2826.000000	197	113	0.274	0.090
2832.000000	197	113	0.185	0.086
2838.000000	197	113	0.117	0.085
2844.000000	113	197	0.087	0.074
2850.000000	113	197	0.094	0.047
2856.000000	113	193	0.106	0.054
2862.000000	113	193	0.123	0.065
2868.000000	113	193	0.146	0.078
2874.000000	113	193	0.176	0.095
2880.000000	113	193	0.214	0.120
2886.000000	113	193	0.263	0.154
2892.000000	113	193	0.323	0.198
2898.000000	113	193	0.393	0.252
2904.000000	113	193	0.464	0.314
2910.000000	113	193	0.527	0.378
2916.000000	113	193	0.572	0.443
2922.000000	113	193	0.600	0.503
2928.000000	113	193	0.616	0.547
2934.000000	113	193	0.627	0.578
2940.000000	113	193	0.637	0.597
2946.000000	113	193	0.648	0.608
2952.000000	113	193	0.656	0.615
2958.000000	113	193	0.666	0.621
2964.000000	113	193	0.676	0.628
2970.000000	113	193	0.686	0.634
2976.000000	113	193	0.695	0.641
2982.000000	113	193	0.704	0.649
2988.000000	113	193	0.711	0.651
2994.000000	113	193	0.714	0.651
3000.000000	113	193	0.715	0.656
3006.000000	113	193	0.716	0.665
3012.000000	113	193	0.723	0.675
3018.000000	113	193	0.734	0.684
3024.000000	113	193	0.739	0.688
3030.000000	113	193	0.740	0.691
3036.000000	113	193	0.736	0.687
3042.000000	113	193	0.733	0.677
3048.000000	113	193	0.720	0.669
3054.000000	113	193	0.705	0.658
3060.000000	113	193	0.679	0.646
3066.000000	113	193	0.646	0.631
3072.000000	113	193	0.613	0.604
3078.000000	193	113	0.569	0.565
3084.000000	193	113	0.533	0.495
3090.000000	193	113	0.496	0.395
3096.000000	193	113	0.454	0.264
3102.000000	193	113	0.407	0.131
3108.000000	193	164	0.337	0.091
3114.000000	193	164	0.251	0.084
3120.000000	193	164	0.171	0.077
3126.000000	193	164	0.110	0.073
3132.000000	164	193	0.071	0.070
3138.000000	172	184	0.083	0.076
3144.000000	172	184	0.102	0.086
3150.000000	172	184	0.127	0.099
3156.000000	172	184	0.161	0.118
3162.000000	172	184	0.207	0.146
3168.000000	172	184	0.267	0.182
3174.000000	172	184	0.346	0.227
3180.000000	172	184	0.442	0.282
3186.000000	172	184	0.547	0.348
3192.000000	172	184	0.636	0.419
3198.000000	172	184	0.689	0.486
3204.000000	172	184	0.719	0.540
3210.000000	172	184	0.746	0.581
3216.000000	172	184	0.764	0.611
3222.000000	172	184	0.776	0.633
3228.000000	172	184	0.782	0.657
3234.000000	172	184	0.791	0.678
3240.000000	172	184	0.797	0.694
3246.000000	172	184	0.802	0.711
3252.000000	172	184	0.803	0.730
3258.000000	172	184	0.803	0.743
3264.000000	172	184	0.804	0.755
3270.000000	172	184	0.806	0.767
3276.000000	172	184	0.806	0.775
3282.000000	172	184	0.806	0.781
3288.000000	172	184	0.805	0.784
3294.000000	172	184	0.803	0.787
3300.000000	172	184	0.798	0.788
3306.000000	172	184	0.793	0.788
3312.000000	184	172	0.792	0.785
3318.000000	184	172	0.793	0.775
3324.000000	184	172	0.790	0.764
3330.000000	184	172	0.784	0.751
3336.000000	184	172	0.775	0.735
3342.000000	184	172	0.765	0.714
3348.000000	184	172	0.753	0.687
3354.000000	184	172	0.741	0.649
3360.000000	184	172	0.728	0.593
3366.000000	184	172	0.718	0.506
3372.000000	184	172	0.719	0.368
3378.000000	184	172	0.747	0.185
3384.000000	184	129	0.794	0.056
3390.000000	184	129	0.822	0.057
3396.000000	184	129	0.837	0.058
3402.000000	184	129	0.846	0.061
3408.000000	184	129	0.852	0.064
3414.000000	184	129	0.854	0.068
3420.000000	184	129	0.854	0.072
3426.000000	184	114	0.851	0.082
3432.000000	184	114	0.846	0.093
3438.000000	184	114	0.838	0.105
3444.000000	184	114	0.826	0.117
3450.000000	184	114	0.811	0.129
3456.000000	184	114	0.791	0.142
3462.000000	184	114	0.765	0.155
3468.000000	184	114	0.727	0.169
3474.000000	184	114	0.673	0.185
3480.000000	184	114	0.588	0.203
3486.000000	184	114	0.447	0.231
3492.000000	114	184	0.283	0.246
3498.000000	114	108	0.369	0.116
3504.000000	114	108	0.512	0.122
3510.000000	114	108	0.697	0.127
3516.000000	114	108	0.831	0.130
3522.000000	114	108	0.901	0.133
3528.000000	114	108	0.935	0.132
3534.000000	114	108	0.945	0.130
3540.000000	114	108	0.947	0.126
3546.000000	114	108	0.948	0.120
3552.000000	114	108	0.947	0.113
3558.000000	114	108	0.946	0.105
3564.000000	114	75	0.946	0.101
3570.000000	114	75	0.945	0.104
3576.000000	114	75	0.944	0.107
3582.000000	114	75	0.943	0.110
3588.000000	114	75	0.942	0.113
3594.000000	114	75	0.941	0.115
3600.000000	114	75	0.940	0.117
3606.000000	114	75	0.939	0.118
3612.000000	114	75	0.938	0.118
3618.000000	114	75	0.937	0.117
3624.000000	114	75	0.935	0.116
3630.000000	114	75	0.933	0.113
3636.000000	114	75	0.931	0.109
3642.000000	114	159	0.927	0.107
3648.000000	114	159	0.924	0.107
3654.000000	114	159	0.920	0.105
3660.000000	114	159	0.915	0.101
3666.000000	114	159	0.908	0.098
3672.000000	114	159	0.901	0.093
3678.000000	114	159	0.892	0.088
3684.000000	114	159	0.882	0.083
3690.000000	114	159	0.869	0.078
3696.000000	114	159	0.854	0.072
3702.000000	114	190	0.834	0.072
3708.000000	114	190	0.809	0.075
3714.000000	114	35	0.775	0.078
3720.000000	114	35	0.727	0.084
3726.000000	114	35	0.654	0.089
3732.000000	114	35	0.534	0.094
3738.000000	114	91	0.335	0.101
3744.000000	91	114	0.107	0.103
3750.000000	91	15	0.115	0.108
3756.000000	91	15	0.131	0.127
3762.000000	91	15	0.155	0.154
3768.000000	15	91	0.194	0.189
3774.000000	15	91	0.249	0.235
3780.000000	15	91	0.325	0.295
3786.000000	15	91	0.421	0.364
3792.000000	15	91	0.523	0.443
3798.000000	15	91	0.607	0.520
3804.000000	15	91	0.663	0.579
3810.000000	15	91	0.697	0.620
3816.000000	15	91	0.721	0.647
3822.000000	15	91	0.738	0.660
3828.000000	15	91	0.745	0.671
3834.000000	15	91	0.747	0.682
3840.000000	15	91	0.749	0.688
3846.000000	15	91	0.755	0.691
3852.000000	15	91	0.760	0.691
3858.000000	15	91	0.764	0.693
3864.000000	15	91	0.767	0.699
3870.000000	15	91	0.770	0.701
3876.000000	15	91	0.773	0.701
3882.000000	15	91	0.776	0.701
3888.000000	15	91	0.779	0.699
3894.000000	15	91	0.787	0.691
3900.000000	15	91	0.795	0.684
3906.000000	15	91	0.800	0.678
3912.000000	15	91	0.808	0.663
3918.000000	15	91	0.819	0.643
3924.000000	15	91	0.825	0.617
3930.000000	15	91	0.829	0.584
3936.000000	15	91	0.828	0.541
3942.000000	15	91	0.828	0.480
3948.000000	15	91	0.831	0.393
3954.000000	15	91	0.841	0.269
3960.000000	15	91	0.861	0.135
3966.000000	15	149	0.885	0.087
3972.000000	15	149	0.898	0.098
3978.000000	15	149	0.900	0.108
3984.000000	15	149	0.895	0.116
3990.000000	15	149	0.888	0.124
3996.000000	15	149	0.878	0.132
4002.000000	15	149	0.865	0.139
4008.000000	15	149	0.848	0.146
4014.000000	15	149	0.827	0.152
4020.000000	15	149	0.801	0.159
4026.000000	15	149	0.766	0.167
4032.000000	15	149	0.718	0.174
4038.000000	15	149	0.647	0.182
4044.000000	15	149	0.538	0.190
4050.000000	15	149	0.369	0.197
4056.000000	149	15	0.205	0.164
4062.000000	149	118	0.223	0.072
4068.000000	149	118	0.264	0.077
4074.000000	149	118	0.345	0.084
4080.000000	149	118	0.475	0.091
4086.000000	149	118	0.631	0.097
4092.000000	149	118	0.752	0.102
4098.000000	149	118	0.830	0.105
4104.000000	149	118	0.867	0.107
4110.000000	149	118	0.886	0.109
4116.000000	149	118	0.900	0.111
4122.000000	149	118	0.909	0.113
4128.000000	149	118	0.915	0.114
4134.000000	149	118	0.920	0.114
4140.000000	149	118	0.922	0.113
4146.000000	149	118	0.924	0.111
4152.000000	149	118	0.926	0.108
4158.000000	149	118	0.926	0.102
4164.000000	149	167	0.928	0.096
4170.000000	149	44	0.930	0.100
4176.000000	149	44	0.930	0.101
4182.000000	149	44	0.929	0.102
4188.000000	149	44	0.929	0.103
4194.000000	149	44	0.929	0.103
4200.000000	149	44	0.927	0.103
4206.000000	149	44	0.926	0.102
4212.000000	149	100	0.925	0.099
4218.000000	149	100	0.922	0.101
4224.000000	149	100	0.918	0.103
4230.000000	149	100	0.913	0.105
4236.000000	149	100	0.907	0.106
4242.000000	149	100	0.900	0.107
4248.000000	149	80	0.891	0.109
4254.000000	149	80	0.881	0.112
4260.000000	149	80	0.870	0.115
4266.000000	149	80	0.856	0.118
4272.000000	149	80	0.839	0.122
4278.000000	149	80	0.817	0.126
4284.000000	149	80	0.788	0.133
4290.000000	149	80	0.749	0.142
4296.000000	149	80	0.692	0.152
4302.000000	149	80	0.604	0.167
4308.000000	149	80	0.458	0.187
4314.000000	149	80	0.238	0.213
4320.000000	80	100	0.260	0.103
4326.000000	80	100	0.361	0.096
4332.000000	80	100	0.538	0.091
4338.000000	80	100	0.737	0.086
4344.000000	80	100	0.858	0.084
4350.000000	80	100	0.904	0.083
4356.000000	80	100	0.918	0.083
4362.000000	80	160	0.923	0.085
4368.000000	80	160	0.925	0.095
4374.000000	80	160	0.926	0.105
4380.000000	80	160	0.925	0.115
4386.000000	80	160	0.924	0.124
4392.000000	80	160	0.923	0.133
4398.000000	80	160	0.921	0.141
4404.000000	80	160	0.919	0.148
4410.000000	80	160	0.917	0.153
4416.000000	80	160	0.915	0.158
4422.000000	80	160	0.913	0.163
4428.000000	80	160	0.911	0.167
4434.000000	80	160	0.908	0.171
4440.000000	80	153	0.906	0.175
4446.000000	80	153	0.903	0.179
4452.000000	80	153	0.901	0.183
4458.000000	80	153	0.900	0.188
4464.000000	80	153	0.899	0.194
4470.000000	80	153	0.897	0.200
4476.000000	80	153	0.895	0.207
4482.000000	80	153	0.894	0.214
4488.000000	80	153	0.890	0.222
4494.000000	80	153	0.885	0.231
4500.000000	80	153	0.878	0.242
4506.000000	80	153	0.869	0.255
4512.000000	80	153	0.859	0.271
4518.000000	80	153	0.847	0.291
4524.000000	80	153	0.829	0.316
4530.000000	80	153	0.804	0.346
4536.000000	80	153	0.767	0.384
4542.000000	80	153	0.713	0.429
4548.000000	80	153	0.625	0.486
4554.000000	153	80	0.576	0.469
4560.000000	153	80	0.710	0.240
4566.000000	153	142	0.859	0.074
4572.000000	153	142	0.929	0.073
4578.000000	153	142	0.948	0.073
4584.000000	153	85	0.953	0.074
4590.000000	153	85	0.954	0.079
4596.000000	153	85	0.952	0.085
4602.000000	153	54	0.950	0.091
4608.000000	153	104	0.946	0.100
4614.000000	153	104	0.943	0.108
4620.000000	153	104	0.939	0.114
4626.000000	153	104	0.936	0.119
4632.000000	153	104	0.932	0.123
4638.000000	153	104	0.928	0.126
4644.000000	153	104	0.924	0.129
4650.000000	153	104	0.920	0.130
4656.000000	153	104	0.916	0.130
4662.000000	153	104	0.912	0.129
4668.000000	153	104	0.908	0.127
4674.000000	153	104	0.903	0.124
4680.000000	153	104	0.899	0.121
4686.000000	153	104	0.894	0.117
4692.000000	153	104	0.889	0.113
4698.000000	153	104	0.884	0.106
4704.000000	153	104	0.878	0.098
4710.000000	153	104	0.871	0.089
4716.000000	153	104	0.862	0.079
4722.000000	153	104	0.852	0.068
4728.000000	153	90	0.840	0.062
4734.000000	153	103	0.823	0.061
4740.000000	153	103	0.800	0.061
4746.000000	153	103	0.767	0.060
4752.000000	153	103	0.720	0.059
4758.000000	153	103	0.645	0.056
4764.000000	153	103	0.517	0.052
4770.000000	153	103	0.301	0.043
4776.000000	153	103	0.072	0.033
4782.000000	111	193	0.031	0.030
4788.000000	84	195	0.032	0.030
4794.000000	84	195	0.035	0.032
4800.000000	84	195	0.039	0.034
4806.000000	84	195	0.043	0.036
4812.000000	84	195	0.047	0.037
4818.000000	84	195	0.053	0.039
4824.000000	84	195	0.060	0.041
4830.000000	84	195	0.069	0.044
4836.000000	84	195	0.081	0.046
4842.000000	84	195	0.098	0.049
4848.000000	84	109	0.125	0.052
4854.000000	84	109	0.171	0.065
4860.000000	84	109	0.254	0.082
4866.000000	84	109	0.409	0.102
4872.000000	84	109	0.653	0.119
4878.000000	84	109	0.844	0.135
4884.000000	84	109	0.916	0.157
4890.000000	84	109	0.936	0.185
4896.000000	84	109	0.940	0.218
4902.000000	84	109	0.940	0.257
4908.000000	84	109	0.938	0.303
4914.000000	84	109	0.935	0.355
4920.000000	84	109	0.932	0.408
4926.000000	84	109	0.929	0.457
4932.000000	84	109	0.926	0.500
4938.000000	84	109	0.924	0.535
4944.000000	84	109	0.922	0.563
4950.000000	84	109	0.921	0.581
4956.000000	84	109	0.920	0.593
4962.000000	84	109	0.919	0.605
4968.000000	84	109	0.918	0.620
4974.000000	84	109	0.917	0.631
4980.000000	84	109	0.918	0.645
4986.000000	84	109	0.917	0.653
4992.000000	84	109	0.915	0.658
4998.000000	84	109	0.912	0.664
5004.000000	84	109	0.908	0.670
5010.000000	84	109	0.903	0.671
5016.000000	84	109	0.898	0.671
5022.000000	84	109	0.891	0.672
5028.000000	84	109	0.883	0.669
5034.000000	84	109	0.874	0.662
5040.000000	84	109	0.866	0.654
5046.000000	84	109	0.855	0.643
5052.000000	84	109	0.840	0.626
5058.000000	84	109	0.822	0.608
5064.000000	84	109	0.801	0.580
5070.000000	84	109	0.774	0.543
5076.000000	84	109	0.738	0.493
5082.000000	84	109	0.686	0.427
5088.000000	84	109	0.611	0.336
5094.000000	84	109	0.488	0.224
5100.000000	84	109	0.287	0.116
5106.000000	84	109	0.071	0.041
5112.000000	112	15	0.020	0.019
5118.000000	112	15	0.018	0.017
5124.000000	112	15	0.016	0.016
5130.000000	125	15	0.015	0.014
5136.000000	125	15	0.014	0.013
5142.000000	125	15	0.013	0.012
5148.000000	125	15	0.012	0.011
5154.000000	125	15	0.011	0.009
5160.000000	125	15	0.011	0.008
5166.000000	125	15	0.010	0.007
