0.000000	119	165	0.000	0.000
6.000000	189	130	0.981	0.040
12.000000	189	130	0.980	0.046
18.000000	189	130	0.978	0.052
24.000000	189	130	0.976	0.059
30.000000	189	130	0.974	0.065
36.000000	189	130	0.972	0.072
42.000000	189	130	0.969	0.079
48.000000	189	130	0.967	0.085
54.000000	189	130	0.964	0.092
60.000000	189	129	0.961	0.099
66.000000	189	129	0.958	0.108
72.000000	189	129	0.955	0.116
78.000000	189	129	0.953	0.124
84.000000	189	129	0.950	0.131
90.000000	189	129	0.948	0.137
96.000000	189	129	0.945	0.142
102.000000	189	129	0.943	0.146
108.000000	189	129	0.941	0.148
114.000000	189	162	0.939	0.153
120.000000	189	162	0.937	0.159
126.000000	189	162	0.935	0.163
132.000000	189	162	0.934	0.168
138.000000	189	162	0.932	0.171
144.000000	189	162	0.930	0.174
150.000000	189	162	0.928	0.177
156.000000	189	162	0.925	0.181
162.000000	189	162	0.922	0.185
168.000000	189	162	0.917	0.190
174.000000	189	162	0.912	0.195
180.000000	189	162	0.905	0.204
186.000000	189	162	0.896	0.216
192.000000	189	162	0.886	0.231
198.000000	189	162	0.873	0.251
204.000000	189	162	0.858	0.277
210.000000	189	162	0.838	0.310
216.000000	189	162	0.812	0.356
222.000000	189	162	0.778	0.416
228.000000	189	162	0.729	0.482
234.000000	189	162	0.656	0.550
240.000000	162	189	0.627	0.530
246.000000	162	189	0.726	0.316
252.000000	162	189	0.848	0.093
258.000000	162	24	0.931	0.065
264.000000	162	24	0.950	0.074
270.000000	162	164	0.954	0.089
276.000000	162	164	0.954	0.106
282.000000	162	164	0.951	0.126
288.000000	162	164	0.948	0.150
294.000000	162	164	0.944	0.177
300.000000	162	164	0.940	0.207
306.000000	162	164	0.935	0.240
312.000000	162	164	0.931	0.275
318.000000	162	164	0.926	0.311
324.000000	162	164	0.920	0.348
330.000000	162	164	0.915	0.386
336.000000	162	164	0.909	0.423
342.000000	162	164	0.902	0.459
348.000000	162	164	0.895	0.493
354.000000	162	164	0.888	0.526
360.000000	162	164	0.879	0.554
366.000000	162	164	0.872	0.582
372.000000	162	164	0.862	0.606
378.000000	162	164	0.849	0.629
384.000000	162	164	0.834	0.655
390.000000	162	164	0.813	0.683
396.000000	162	164	0.783	0.709
402.000000	162	164	0.745	0.728
408.000000	164	162	0.747	0.691
414.000000	164	162	0.780	0.606
420.000000	164	162	0.815	0.478
426.000000	164	162	0.860	0.293
432.000000	164	162	0.915	0.108
438.000000	164	193	0.950	0.117
444.000000	164	193	0.954	0.130
450.000000	164	193	0.951	0.147
456.000000	164	193	0.947	0.165
462.000000	164	193	0.942	0.184
468.000000	164	193	0.937	0.205
474.000000	164	193	0.931	0.227
480.000000	164	193	0.925	0.250
486.000000	164	193	0.918	0.274
492.000000	164	193	0.911	0.297
498.000000	164	193	0.904	0.323
504.000000	164	193	0.895	0.350
510.000000	164	193	0.886	0.379
516.000000	164	193	0.876	0.408
522.000000	164	193	0.864	0.438
528.000000	164	193	0.849	0.473
534.000000	164	193	0.833	0.504
540.000000	164	193	0.815	0.531
546.000000	164	193	0.791	0.560
552.000000	164	193	0.759	0.593
558.000000	164	193	0.716	0.632
564.000000	193	164	0.678	0.654
570.000000	193	164	0.721	0.563
576.000000	193	164	0.767	0.424
582.000000	193	164	0.831	0.239
588.000000	193	164	0.888	0.096
594.000000	193	13	0.930	0.075
600.000000	193	13	0.944	0.080
606.000000	193	13	0.947	0.086
612.000000	193	13	0.944	0.091
618.000000	193	13	0.939	0.097
624.000000	193	13	0.934	0.103
630.000000	193	13	0.928	0.109
636.000000	193	13	0.921	0.115
642.000000	193	13	0.913	0.121
648.000000	193	13	0.905	0.125
654.000000	193	13	0.896	0.128
660.000000	193	13	0.887	0.131
666.000000	193	13	0.877	0.133
672.000000	193	13	0.868	0.133
678.000000	193	13	0.857	0.133
684.000000	193	13	0.844	0.131
690.000000	193	13	0.830	0.129
696.000000	193	13	0.813	0.125
702.000000	193	13	0.793	0.120
708.000000	193	58	0.769	0.117
714.000000	193	58	0.738	0.115
720.000000	193	58	0.695	0.111
726.000000	193	58	0.635	0.107
732.000000	193	58	0.544	0.102
738.000000	193	8	0.402	0.094
744.000000	193	8	0.213	0.100
750.000000	8	58	0.105	0.069
756.000000	8	51	0.112	0.080
762.000000	8	51	0.128	0.096
768.000000	8	51	0.152	0.118
774.000000	8	51	0.187	0.149
780.000000	8	51	0.237	0.193
786.000000	8	51	0.310	0.254
792.000000	8	51	0.407	0.336
798.000000	8	51	0.505	0.430
804.000000	8	51	0.586	0.524
810.000000	8	51	0.639	0.603
816.000000	8	51	0.667	0.654
822.000000	8	51	0.683	0.682
828.000000	51	8	0.704	0.692
834.000000	51	8	0.721	0.698
840.000000	51	8	0.730	0.703
846.000000	51	8	0.734	0.706
852.000000	51	8	0.736	0.709
858.000000	51	8	0.740	0.712
864.000000	51	8	0.746	0.713
870.000000	51	8	0.752	0.712
876.000000	51	8	0.758	0.710
882.000000	51	8	0.762	0.710
888.000000	51	8	0.771	0.710
894.000000	51	8	0.779	0.709
900.000000	51	8	0.787	0.703
906.000000	51	8	0.794	0.697
912.000000	51	8	0.802	0.689
918.000000	51	8	0.807	0.680
924.000000	51	8	0.812	0.666
930.000000	51	8	0.819	0.645
936.000000	51	8	0.820	0.618
942.000000	51	8	0.825	0.576
948.000000	51	8	0.836	0.514
954.000000	51	8	0.850	0.423
960.000000	51	8	0.877	0.289
966.000000	51	8	0.901	0.142
972.000000	51	175	0.914	0.086
978.000000	51	175	0.920	0.091
984.000000	51	175	0.919	0.096
990.000000	51	175	0.916	0.102
996.000000	51	175	0.910	0.109
1002.000000	51	175	0.902	0.116
1008.000000	51	175	0.893	0.125
1014.000000	51	175	0.880	0.134
1020.000000	51	175	0.865	0.146
1026.000000	51	175	0.846	0.159
1032.000000	51	175	0.822	0.172
1038.000000	51	175	0.789	0.186
1044.000000	51	175	0.743	0.200
1050.000000	51	175	0.674	0.219
1056.000000	51	175	0.565	0.240
1062.000000	51	44	0.397	0.266
1068.000000	44	175	0.310	0.298
1074.000000	44	175	0.373	0.350
1080.000000	44	175	0.456	0.417
1086.000000	44	175	0.552	0.496
1092.000000	44	175	0.638	0.572
1098.000000	44	175	0.692	0.643
1104.000000	44	175	0.727	0.683
1110.000000	44	175	0.751	0.703
1116.000000	44	175	0.762	0.716
1122.000000	44	175	0.770	0.724
1128.000000	44	175	0.775	0.726
1134.000000	44	175	0.779	0.724
1140.000000	44	175	0.780	0.726
1146.000000	44	175	0.781	0.724
1152.000000	44	175	0.780	0.724
1158.000000	44	175	0.777	0.725
1164.000000	44	175	0.773	0.724
1170.000000	44	175	0.767	0.725
1176.000000	44	175	0.762	0.723
1182.000000	44	175	0.758	0.717
1188.000000	44	175	0.754	0.712
1194.000000	44	175	0.747	0.704
1200.000000	44	175	0.741	0.691
1206.000000	44	175	0.733	0.679
1212.000000	44	175	0.723	0.666
1218.000000	44	175	0.711	0.646
1224.000000	44	175	0.702	0.618
1230.000000	44	175	0.690	0.580
1236.000000	44	175	0.673	0.529
1242.000000	44	175	0.656	0.453
1248.000000	44	175	0.650	0.340
1254.000000	44	175	0.653	0.201
1260.000000	44	175	0.670	0.085
1266.000000	44	23	0.680	0.056
1272.000000	44	23	0.680	0.053
1278.000000	44	159	0.673	0.050
1284.000000	44	159	0.662	0.052
1290.000000	44	159	0.645	0.054
1296.000000	44	159	0.617	0.055
1302.000000	44	159	0.573	0.055
1308.000000	44	159	0.501	0.054
1314.000000	44	159	0.386	0.053
1320.000000	44	159	0.230	0.051
1326.000000	44	176	0.092	0.049
1332.000000	176	159	0.050	0.047
1338.000000	176	100	0.051	0.050
1344.000000	176	100	0.053	0.053
1350.000000	176	100	0.057	0.055
1356.000000	176	100	0.062	0.059
1362.000000	176	100	0.068	0.063
1368.000000	176	100	0.075	0.068
1374.000000	176	100	0.083	0.072
1380.000000	176	100	0.093	0.078
1386.000000	176	100	0.106	0.085
1392.000000	176	100	0.122	0.094
1398.000000	176	100	0.143	0.106
1404.000000	176	100	0.172	0.120
1410.000000	176	100	0.214	0.137
1416.000000	176	100	0.275	0.157
1422.000000	176	100	0.364	0.181
1428.000000	176	100	0.473	0.208
1434.000000	176	100	0.589	0.239
1440.000000	176	100	0.702	0.274
1446.000000	176	100	0.780	0.310
1452.000000	176	100	0.821	0.347
1458.000000	176	100	0.846	0.379
1464.000000	176	100	0.857	0.411
1470.000000	176	100	0.859	0.445
1476.000000	176	100	0.861	0.479
1482.000000	176	100	0.861	0.507
1488.000000	176	100	0.863	0.533
1494.000000	176	100	0.865	0.557
1500.000000	176	100	0.864	0.575
1506.000000	176	100	0.864	0.589
1512.000000	176	100	0.866	0.600
1518.000000	176	100	0.867	0.607
1524.000000	176	100	0.868	0.614
1530.000000	176	100	0.867	0.617
1536.000000	176	100	0.866	0.622
1542.000000	176	100	0.864	0.625
1548.000000	176	100	0.862	0.628
1554.000000	176	100	0.857	0.629
1560.000000	176	100	0.852	0.627
1566.000000	176	100	0.846	0.622
1572.000000	176	100	0.839	0.615
1578.000000	176	100	0.830	0.603
1584.000000	176	100	0.818	0.585
1590.000000	176	100	0.805	0.559
1596.000000	176	100	0.791	0.521
1602.000000	176	100	0.777	0.467
1608.000000	176	100	0.762	0.389
1614.000000	176	100	0.749	0.280
1620.000000	176	100	0.744	0.152
1626.000000	176	22	0.734	0.061
1632.000000	176	22	0.709	0.062
1638.000000	176	22	0.669	0.065
1644.000000	176	192	0.606	0.069
1650.000000	176	192	0.504	0.073
1656.000000	176	22	0.342	0.079
1662.000000	176	22	0.145	0.085
1668.000000	22	192	0.091	0.076
1674.000000	22	192	0.100	0.081
1680.000000	22	192	0.111	0.089
1686.000000	22	192	0.126	0.100
1692.000000	22	192	0.147	0.115
1698.000000	22	192	0.176	0.135
1704.000000	22	192	0.217	0.162
1710.000000	22	192	0.273	0.194
1716.000000	22	192	0.345	0.232
1722.000000	22	192	0.428	0.275
1728.000000	22	192	0.513	0.319
1734.000000	22	192	0.594	0.364
1740.000000	22	192	0.655	0.410
1746.000000	22	192	0.692	0.450
1752.000000	22	192	0.715	0.484
1758.000000	22	192	0.729	0.509
1764.000000	22	192	0.739	0.530
1770.000000	22	192	0.745	0.548
1776.000000	22	192	0.751	0.559
1782.000000	22	192	0.754	0.569
1788.000000	22	192	0.757	0.574
1794.000000	22	192	0.760	0.576
1800.000000	22	192	0.767	0.580
1806.000000	22	192	0.773	0.582
1812.000000	22	192	0.779	0.581
1818.000000	22	192	0.782	0.584
1824.000000	22	192	0.783	0.586
1830.000000	22	192	0.787	0.586
1836.000000	22	192	0.787	0.585
1842.000000	22	192	0.788	0.577
1848.000000	22	192	0.789	0.568
1854.000000	22	192	0.792	0.560
1860.000000	22	192	0.801	0.546
1866.000000	22	192	0.812	0.525
1872.000000	22	192	0.817	0.497
1878.000000	22	192	0.826	0.451
1884.000000	22	192	0.837	0.382
1890.000000	22	192	0.855	0.285
1896.000000	22	192	0.873	0.182
1902.000000	22	192	0.878	0.097
1908.000000	22	175	0.878	0.085
1914.000000	22	175	0.875	0.087
1920.000000	22	175	0.869	0.089
1926.000000	22	175	0.860	0.092
1932.000000	22	175	0.850	0.094
1938.000000	22	175	0.838	0.095
1944.000000	22	53	0.822	0.096
1950.000000	22	53	0.801	0.102
1956.000000	22	53	0.773	0.108
1962.000000	22	53	0.737	0.114
1968.000000	22	53	0.686	0.120
1974.000000	22	53	0.613	0.125
1980.000000	22	53	0.503	0.130
1986.000000	22	53	0.339	0.136
1992.000000	22	53	0.154	0.139
1998.000000	53	133	0.140	0.101
2004.000000	53	133	0.145	0.104
2010.000000	53	133	0.159	0.112
2016.000000	53	133	0.182	0.124
2022.000000	53	133	0.213	0.142
2028.000000	53	133	0.258	0.171
2034.000000	53	133	0.317	0.204
2040.000000	53	133	0.388	0.240
2046.000000	53	133	0.463	0.281
2052.000000	53	133	0.533	0.325
2058.000000	53	133	0.593	0.375
2064.000000	53	133	0.642	0.429
2070.000000	53	133	0.684	0.479
2076.000000	53	133	0.719	0.522
2082.000000	53	133	0.746	0.557
2088.000000	53	133	0.764	0.585
2094.000000	53	133	0.780	0.605
2100.000000	53	133	0.791	0.620
2106.000000	53	133	0.801	0.630
2112.000000	53	133	0.807	0.637
2118.000000	53	133	0.812	0.642
2124.000000	53	133	0.815	0.650
2130.000000	53	133	0.819	0.659
2136.000000	53	133	0.822	0.662
2142.000000	53	133	0.822	0.663
2148.000000	53	133	0.819	0.663
2154.000000	53	133	0.817	0.661
2160.000000	53	133	0.814	0.661
2166.000000	53	133	0.809	0.664
2172.000000	53	133	0.802	0.666
2178.000000	53	133	0.794	0.662
2184.000000	53	133	0.784	0.653
2190.000000	53	133	0.774	0.640
2196.000000	53	133	0.765	0.619
2202.000000	53	133	0.751	0.591
2208.000000	53	133	0.737	0.552
2214.000000	53	133	0.719	0.498
2220.000000	53	133	0.702	0.420
2226.000000	53	133	0.680	0.314
2232.000000	53	133	0.665	0.186
2238.000000	53	133	0.653	0.086
2244.000000	53	190	0.620	0.079
2250.000000	53	190	0.557	0.077
2256.000000	53	190	0.454	0.075
2262.000000	53	190	0.303	0.072
2268.000000	53	190	0.145	0.066
2274.000000	190	53	0.061	0.050
2280.000000	190	186	0.059	0.040
2286.000000	190	58	0.061	0.041
2292.000000	190	58	0.065	0.044
2298.000000	190	58	0.071	0.049
2304.000000	190	58	0.079	0.054
2310.000000	190	58	0.090	0.061
2316.000000	190	58	0.104	0.071
2322.000000	190	58	0.124	0.083
2328.000000	190	58	0.152	0.097
2334.000000	190	58	0.190	0.116
2340.000000	190	58	0.242	0.137
2346.000000	190	58	0.314	0.164
2352.000000	190	58	0.411	0.194
2358.000000	190	58	0.526	0.226
2364.000000	190	58	0.640	0.255
2370.000000	190	58	0.728	0.282
2376.000000	190	58	0.775	0.308
2382.000000	190	58	0.800	0.331
2388.000000	190	58	0.813	0.348
2394.000000	190	58	0.816	0.360
2400.000000	190	58	0.817	0.367
2406.000000	190	58	0.821	0.370
2412.000000	190	58	0.826	0.371
2418.000000	190	58	0.828	0.369
2424.000000	190	58	0.830	0.366
2430.000000	190	58	0.831	0.361
2436.000000	190	58	0.835	0.353
2442.000000	190	58	0.841	0.340
2448.000000	190	58	0.846	0.324
2454.000000	190	58	0.854	0.303
2460.000000	190	58	0.874	0.275
2466.000000	190	58	0.889	0.243
2472.000000	190	58	0.901	0.201
2478.000000	190	66	0.906	0.159
2484.000000	190	66	0.912	0.158
2490.000000	190	66	0.922	0.156
2496.000000	190	66	0.928	0.154
2502.000000	190	66	0.928	0.153
2508.000000	190	118	0.925	0.153
2514.000000	190	118	0.922	0.158
2520.000000	190	118	0.917	0.163
2526.000000	190	118	0.910	0.167
2532.000000	190	118	0.902	0.170
2538.000000	190	118	0.892	0.171
2544.000000	190	118	0.881	0.172
2550.000000	190	118	0.869	0.172
2556.000000	190	118	0.854	0.170
2562.000000	190	118	0.837	0.166
2568.000000	190	118	0.816	0.161
2574.000000	190	118	0.790	0.154
2580.000000	190	118	0.756	0.145
2586.000000	190	23	0.709	0.135
2592.000000	190	23	0.643	0.136
2598.000000	190	23	0.536	0.136
2604.000000	190	23	0.365	0.135
2610.000000	190	23	0.154	0.129
2616.000000	23	78	0.124	0.067
2622.000000	23	78	0.125	0.063
2628.000000	23	73	0.135	0.064
2634.000000	23	73	0.153	0.068
2640.000000	23	73	0.180	0.074
2646.000000	23	73	0.222	0.081
2652.000000	23	73	0.286	0.091
2658.000000	23	73	0.380	0.102
2664.000000	23	73	0.504	0.117
2670.000000	23	73	0.640	0.133
2676.000000	23	73	0.758	0.150
2682.000000	23	73	0.828	0.168
2688.000000	23	73	0.867	0.188
2694.000000	23	73	0.888	0.207
2700.000000	23	73	0.897	0.225
2706.000000	23	73	0.902	0.240
2712.000000	23	73	0.908	0.254
2718.000000	23	73	0.912	0.267
2724.000000	23	73	0.916	0.279
2730.000000	23	73	0.919	0.290
2736.000000	23	73	0.920	0.302
2742.000000	23	73	0.923	0.313
2748.000000	23	73	0.926	0.319
2754.000000	23	73	0.931	0.324
2760.000000	23	73	0.934	0.328
2766.000000	23	73	0.935	0.332
2772.000000	23	73	0.936	0.336
2778.000000	23	73	0.937	0.337
2784.000000	23	73	0.935	0.334
2790.000000	23	73	0.933	0.330
2796.000000	23	73	0.930	0.322
2802.000000	23	73	0.927	0.307
2808.000000	23	73	0.923	0.285
2814.000000	23	73	0.919	0.254
2820.000000	23	73	0.915	0.213
2826.000000	23	73	0.910	0.162
2832.000000	23	73	0.906	0.106
2838.000000	23	29	0.902	0.080
2844.000000	23	29	0.895	0.082
2850.000000	23	29	0.886	0.085
2856.000000	23	29	0.874	0.088
2862.000000	23	29	0.858	0.092
2868.000000	23	29	0.838	0.096
2874.000000	23	29	0.812	0.101
2880.000000	23	29	0.776	0.106
2886.000000	23	29	0.724	0.110
2892.000000	23	29	0.642	0.115
2898.000000	23	29	0.505	0.120
2904.000000	23	29	0.281	0.124
2910.000000	29	39	0.123	0.113
2916.000000	29	39	0.128	0.124
2922.000000	39	29	0.144	0.143
2928.000000	39	35	0.173	0.166
2934.000000	39	35	0.213	0.201
2940.000000	39	35	0.268	0.246
2946.000000	39	35	0.341	0.300
2952.000000	39	35	0.427	0.356
2958.000000	39	35	0.514	0.404
2964.000000	39	35	0.586	0.441
2970.000000	39	35	0.630	0.468
2976.000000	39	35	0.650	0.493
2982.000000	39	35	0.662	0.512
2988.000000	39	35	0.671	0.527
2994.000000	39	35	0.674	0.539
3000.000000	39	35	0.675	0.548
3006.000000	39	35	0.679	0.551
3012.000000	39	35	0.683	0.554
3018.000000	39	35	0.690	0.558
3024.000000	39	35	0.695	0.557
3030.000000	39	35	0.701	0.554
3036.000000	39	35	0.702	0.548
3042.000000	39	35	0.702	0.542
3048.000000	39	35	0.708	0.533
3054.000000	39	35	0.718	0.521
3060.000000	39	35	0.730	0.508
3066.000000	39	35	0.751	0.489
3072.000000	39	35	0.768	0.462
3078.000000	39	35	0.790	0.428
3084.000000	39	35	0.823	0.383
3090.000000	39	35	0.859	0.316
3096.000000	39	35	0.887	0.234
3102.000000	39	35	0.912	0.145
3108.000000	39	95	0.929	0.093
3114.000000	39	95	0.938	0.090
3120.000000	39	95	0.939	0.088
3126.000000	39	95	0.937	0.086
3132.000000	39	95	0.934	0.083
3138.000000	39	95	0.929	0.081
3144.000000	39	170	0.922	0.087
3150.000000	39	170	0.915	0.100
3156.000000	39	170	0.907	0.112
3162.000000	39	170	0.898	0.124
3168.000000	39	170	0.887	0.136
3174.000000	39	170	0.874	0.148
3180.000000	39	170	0.859	0.160
3186.000000	39	170	0.842	0.172
3192.000000	39	170	0.821	0.185
3198.000000	39	170	0.794	0.199
3204.000000	39	170	0.760	0.216
3210.000000	39	170	0.713	0.237
3216.000000	39	170	0.645	0.262
3222.000000	39	170	0.538	0.297
3228.000000	39	170	0.367	0.348
3234.000000	170	39	0.426	0.161
3240.000000	170	75	0.548	0.118
3246.000000	170	75	0.706	0.125
3252.000000	170	75	0.843	0.137
3258.000000	170	75	0.915	0.147
3264.000000	170	75	0.935	0.157
3270.000000	170	75	0.940	0.168
3276.000000	170	75	0.943	0.178
3282.000000	170	75	0.946	0.188
3288.000000	170	75	0.946	0.199
3294.000000	170	75	0.945	0.207
3300.000000	170	75	0.943	0.215
3306.000000	170	75	0.940	0.221
3312.000000	170	75	0.938	0.228
3318.000000	170	75	0.936	0.233
3324.000000	170	75	0.934	0.237
3330.000000	170	75	0.931	0.238
3336.000000	170	75	0.929	0.238
3342.000000	170	75	0.927	0.235
3348.000000	170	75	0.925	0.230
3354.000000	170	75	0.922	0.222
3360.000000	170	75	0.920	0.212
3366.000000	170	75	0.917	0.199
3372.000000	170	75	0.914	0.184
3378.000000	170	75	0.911	0.165
3384.000000	170	75	0.908	0.142
3390.000000	170	75	0.905	0.118
3396.000000	170	75	0.900	0.093
3402.000000	170	154	0.894	0.092
3408.000000	170	154	0.886	0.094
3414.000000	170	154	0.876	0.095
3420.000000	170	154	0.863	0.097
3426.000000	170	154	0.846	0.100
3432.000000	170	154	0.825	0.104
3438.000000	170	154	0.797	0.110
3444.000000	170	154	0.759	0.117
3450.000000	170	154	0.703	0.124
3456.000000	170	154	0.616	0.133
3462.000000	170	154	0.471	0.143
3468.000000	170	154	0.246	0.155
3474.000000	154	2	0.176	0.078
3480.000000	154	2	0.219	0.081
3486.000000	154	2	0.298	0.086
3492.000000	154	2	0.428	0.088
3498.000000	154	2	0.613	0.088
3504.000000	154	2	0.790	0.087
3510.000000	154	2	0.874	0.090
3516.000000	154	2	0.909	0.093
3522.000000	154	2	0.923	0.095
3528.000000	154	2	0.929	0.097
3534.000000	154	2	0.932	0.098
3540.000000	154	2	0.933	0.099
3546.000000	154	155	0.933	0.106
3552.000000	154	155	0.932	0.113
3558.000000	154	155	0.933	0.119
3564.000000	154	155	0.931	0.125
3570.000000	154	155	0.930	0.130
3576.000000	154	155	0.928	0.135
3582.000000	154	155	0.927	0.141
3588.000000	154	155	0.925	0.147
3594.000000	154	155	0.924	0.153
3600.000000	154	155	0.921	0.158
3606.000000	154	155	0.919	0.163
3612.000000	154	155	0.917	0.166
3618.000000	154	80	0.914	0.171
3624.000000	154	80	0.912	0.178
3630.000000	154	80	0.910	0.183
3636.000000	154	80	0.907	0.188
3642.000000	154	80	0.904	0.193
3648.000000	154	80	0.899	0.198
3654.000000	154	80	0.893	0.202
3660.000000	154	80	0.886	0.208
3666.000000	154	80	0.878	0.217
3672.000000	154	80	0.867	0.229
3678.000000	154	80	0.853	0.247
3684.000000	154	80	0.833	0.270
3690.000000	154	80	0.807	0.298
3696.000000	154	80	0.771	0.332
3702.000000	154	80	0.716	0.374
3708.000000	154	80	0.627	0.426
3714.000000	80	154	0.490	0.479
3720.000000	80	28	0.578	0.425
3726.000000	80	28	0.716	0.513
3732.000000	80	28	0.819	0.609
3738.000000	80	28	0.862	0.676
3744.000000	80	28	0.876	0.716
3750.000000	80	28	0.879	0.742
3756.000000	80	28	0.879	0.755
3762.000000	80	28	0.877	0.760
3768.000000	80	28	0.874	0.762
3774.000000	80	28	0.871	0.762
3780.000000	80	28	0.867	0.761
3786.000000	80	28	0.863	0.758
3792.000000	80	28	0.858	0.756
3798.000000	80	28	0.852	0.753
3804.000000	80	28	0.846	0.751
3810.000000	80	28	0.840	0.747
3816.000000	80	28	0.834	0.741
3822.000000	80	28	0.827	0.734
3828.000000	80	28	0.819	0.727
3834.000000	80	28	0.810	0.719
3840.000000	80	28	0.800	0.708
3846.000000	80	28	0.789	0.694
3852.000000	80	28	0.776	0.677
3858.000000	80	28	0.761	0.655
3864.000000	80	28	0.744	0.625
3870.000000	80	28	0.733	0.575
3876.000000	80	28	0.713	0.510
3882.000000	80	28	0.688	0.412
3888.000000	80	28	0.659	0.269
3894.000000	80	28	0.626	0.114
3900.000000	80	146	0.571	0.043
3906.000000	80	146	0.475	0.043
3912.000000	80	146	0.314	0.040
3918.000000	80	146	0.125	0.034
3924.000000	146	80	0.029	0.018
3930.000000	146	159	0.026	0.014
3936.000000	146	159	0.025	0.015
3942.000000	146	159	0.024	0.015
3948.000000	146	158	0.022	0.015
3954.000000	146	158	0.020	0.015
3960.000000	146	158	0.018	0.015
3966.000000	158	146	0.015	0.015
3972.000000	158	44	0.015	0.014
3978.000000	158	44	0.015	0.013
3984.000000	158	44	0.014	0.013
3990.000000	158	44	0.013	0.011
3996.000000	158	38	0.012	0.011
4002.000000	158	38	0.011	0.011
4008.000000	38	158	0.011	0.010
4014.000000	38	158	0.010	0.009
4020.000000	38	158	0.009	0.008
