0.000000	119	165	0.000	0.000
6.000000	145	16	0.981	0.031
12.000000	145	16	0.979	0.035
18.000000	145	16	0.978	0.039
24.000000	145	16	0.976	0.043
30.000000	145	16	0.974	0.048
36.000000	145	16	0.971	0.054
42.000000	145	153	0.969	0.061
48.000000	145	55	0.966	0.068
54.000000	145	95	0.963	0.076
60.000000	145	95	0.961	0.085
66.000000	145	95	0.958	0.093
72.000000	145	95	0.955	0.102
78.000000	145	95	0.952	0.110
84.000000	145	95	0.950	0.118
90.000000	145	95	0.947	0.126
96.000000	145	95	0.944	0.132
102.000000	145	95	0.942	0.137
108.000000	145	95	0.939	0.141
114.000000	145	95	0.937	0.145
120.000000	145	95	0.935	0.147
126.000000	145	95	0.933	0.149
132.000000	145	95	0.930	0.149
138.000000	145	95	0.928	0.149
144.000000	145	95	0.926	0.147
150.000000	145	95	0.924	0.145
156.000000	145	95	0.922	0.140
162.000000	145	95	0.919	0.135
168.000000	145	95	0.916	0.127
174.000000	145	95	0.912	0.117
180.000000	145	95	0.907	0.106
186.000000	145	95	0.901	0.092
192.000000	145	95	0.893	0.078
198.000000	145	95	0.882	0.064
204.000000	145	95	0.869	0.053
210.000000	145	159	0.853	0.043
216.000000	145	159	0.832	0.041
222.000000	145	159	0.805	0.039
228.000000	145	159	0.768	0.037
234.000000	145	80	0.714	0.035
240.000000	145	80	0.628	0.035
246.000000	145	80	0.480	0.034
252.000000	145	80	0.241	0.028
258.000000	145	146	0.035	0.023
264.000000	146	139	0.022	0.018
270.000000	146	139	0.021	0.017
276.000000	146	139	0.020	0.016
282.000000	146	139	0.018	0.014
288.000000	146	139	0.016	0.012
294.000000	146	139	0.013	0.010
300.000000	146	139	0.011	0.008
306.000000	146	181	0.009	0.008
