0.000000	119	165	0.000	0.000
6.000000	97	106	0.981	0.040
12.000000	97	106	0.980	0.045
18.000000	97	106	0.978	0.051
24.000000	97	106	0.976	0.056
30.000000	97	106	0.974	0.062
36.000000	97	106	0.972	0.068
42.000000	97	106	0.970	0.075
48.000000	97	106	0.967	0.081
54.000000	97	106	0.965	0.088
60.000000	97	106	0.963	0.095
66.000000	97	106	0.960	0.103
72.000000	97	106	0.958	0.110
78.000000	97	106	0.956	0.117
84.000000	97	106	0.954	0.123
90.000000	97	106	0.952	0.129
96.000000	97	106	0.951	0.134
102.000000	97	106	0.949	0.138
108.000000	97	106	0.948	0.142
114.000000	97	106	0.947	0.146
120.000000	97	106	0.945	0.149
126.000000	97	106	0.944	0.152
132.000000	97	106	0.943	0.153
138.000000	97	106	0.941	0.153
144.000000	97	106	0.939	0.154
150.000000	97	106	0.937	0.154
156.000000	97	106	0.934	0.154
162.000000	97	106	0.931	0.154
168.000000	97	106	0.927	0.155
174.000000	97	106	0.922	0.157
180.000000	97	106	0.915	0.160
186.000000	97	106	0.907	0.163
192.000000	97	106	0.896	0.168
198.000000	97	106	0.883	0.173
204.000000	97	106	0.867	0.180
210.000000	97	106	0.847	0.190
216.000000	97	106	0.822	0.204
222.000000	97	106	0.789	0.221
228.000000	97	106	0.743	0.243
234.000000	97	106	0.676	0.272
240.000000	97	106	0.567	0.313
246.000000	97	106	0.383	0.378
252.000000	106	97	0.487	0.150
258.000000	106	49	0.671	0.035
264.000000	106	49	0.847	0.041
270.000000	106	49	0.916	0.046
276.000000	106	44	0.939	0.051
282.000000	106	44	0.947	0.057
288.000000	106	44	0.950	0.063
294.000000	106	44	0.951	0.068
300.000000	106	156	0.950	0.074
306.000000	106	156	0.948	0.080
312.000000	106	156	0.946	0.085
318.000000	106	156	0.943	0.090
324.000000	106	128	0.941	0.095
330.000000	106	128	0.938	0.102
336.000000	106	128	0.936	0.108
342.000000	106	128	0.933	0.115
348.000000	106	128	0.930	0.121
354.000000	106	128	0.928	0.128
360.000000	106	128	0.925	0.133
366.000000	106	128	0.922	0.138
372.000000	106	128	0.919	0.141
378.000000	106	128	0.915	0.143
384.000000	106	128	0.912	0.145
390.000000	106	128	0.908	0.147
396.000000	106	128	0.904	0.149
402.000000	106	128	0.899	0.150
408.000000	106	128	0.893	0.150
414.000000	106	128	0.886	0.151
420.000000	106	128	0.877	0.151
426.000000	106	128	0.865	0.153
432.000000	106	128	0.851	0.155
438.000000	106	128	0.833	0.159
444.000000	106	128	0.808	0.164
450.000000	106	128	0.776	0.170
456.000000	106	128	0.729	0.181
462.000000	106	128	0.657	0.197
468.000000	106	128	0.537	0.221
474.000000	106	128	0.337	0.262
480.000000	128	106	0.330	0.110
486.000000	128	79	0.454	0.057
492.000000	128	79	0.639	0.065
498.000000	128	79	0.795	0.074
504.000000	128	79	0.880	0.082
510.000000	128	79	0.914	0.091
516.000000	128	79	0.928	0.100
522.000000	128	79	0.935	0.108
528.000000	128	79	0.936	0.117
534.000000	128	79	0.937	0.126
540.000000	128	79	0.935	0.134
546.000000	128	79	0.933	0.140
552.000000	128	79	0.931	0.145
558.000000	128	79	0.929	0.149
564.000000	128	79	0.926	0.152
570.000000	128	79	0.924	0.152
576.000000	128	79	0.922	0.151
582.000000	128	79	0.919	0.149
588.000000	128	79	0.917	0.146
594.000000	128	79	0.916	0.141
600.000000	128	79	0.915	0.134
606.000000	128	117	0.917	0.128
612.000000	128	117	0.916	0.129
618.000000	128	117	0.915	0.129
624.000000	128	117	0.914	0.129
630.000000	128	117	0.912	0.128
636.000000	128	117	0.912	0.125
642.000000	128	117	0.910	0.121
648.000000	128	117	0.907	0.115
654.000000	128	117	0.903	0.108
660.000000	128	117	0.897	0.099
666.000000	128	147	0.889	0.094
672.000000	128	147	0.880	0.089
678.000000	128	147	0.868	0.085
684.000000	128	147	0.853	0.080
690.000000	128	147	0.833	0.076
696.000000	128	147	0.807	0.073
702.000000	128	147	0.771	0.071
708.000000	128	147	0.719	0.068
714.000000	128	147	0.636	0.065
720.000000	128	147	0.495	0.060
726.000000	128	147	0.261	0.051
732.000000	128	147	0.046	0.041
738.000000	147	186	0.036	0.033
744.000000	186	180	0.034	0.032
750.000000	186	180	0.036	0.032
756.000000	186	180	0.038	0.033
762.000000	186	61	0.040	0.034
768.000000	186	61	0.042	0.036
774.000000	186	61	0.045	0.039
780.000000	186	61	0.049	0.043
786.000000	186	61	0.053	0.047
792.000000	186	63	0.058	0.053
798.000000	186	63	0.065	0.062
804.000000	63	186	0.074	0.072
810.000000	63	186	0.092	0.082
816.000000	63	61	0.119	0.095
822.000000	63	61	0.163	0.117
828.000000	63	61	0.243	0.149
834.000000	63	61	0.393	0.197
840.000000	63	61	0.618	0.254
846.000000	63	61	0.805	0.307
852.000000	63	61	0.879	0.364
858.000000	63	61	0.904	0.420
864.000000	63	61	0.911	0.475
870.000000	63	61	0.911	0.517
876.000000	63	61	0.910	0.547
882.000000	63	61	0.908	0.567
888.000000	63	61	0.905	0.580
894.000000	63	61	0.904	0.588
900.000000	63	61	0.902	0.591
906.000000	63	61	0.900	0.592
912.000000	63	61	0.898	0.590
918.000000	63	61	0.897	0.586
924.000000	63	61	0.896	0.580
930.000000	63	61	0.895	0.573
936.000000	63	61	0.894	0.565
942.000000	63	61	0.893	0.556
948.000000	63	61	0.893	0.542
954.000000	63	61	0.893	0.527
960.000000	63	61	0.894	0.507
966.000000	63	61	0.898	0.479
972.000000	63	61	0.906	0.437
978.000000	63	61	0.914	0.383
984.000000	63	61	0.920	0.308
990.000000	63	61	0.927	0.210
996.000000	63	61	0.936	0.106
1002.000000	63	35	0.943	0.058
1008.000000	63	89	0.941	0.055
1014.000000	63	89	0.937	0.057
1020.000000	63	89	0.931	0.060
1026.000000	63	89	0.924	0.063
1032.000000	63	89	0.916	0.066
1038.000000	63	89	0.906	0.068
1044.000000	63	89	0.894	0.071
1050.000000	63	89	0.881	0.074
1056.000000	63	89	0.866	0.076
1062.000000	63	89	0.849	0.079
1068.000000	63	89	0.827	0.081
1074.000000	63	89	0.801	0.084
1080.000000	63	89	0.767	0.087
1086.000000	63	89	0.719	0.088
1092.000000	63	89	0.646	0.087
1098.000000	63	89	0.520	0.082
1104.000000	63	89	0.307	0.071
1110.000000	63	75	0.075	0.064
1116.000000	75	89	0.062	0.044
1122.000000	75	115	0.062	0.041
1128.000000	75	115	0.062	0.042
1134.000000	75	115	0.063	0.044
1140.000000	75	115	0.065	0.045
1146.000000	75	115	0.069	0.046
1152.000000	75	115	0.075	0.048
1158.000000	75	115	0.083	0.051
1164.000000	75	115	0.094	0.056
1170.000000	75	115	0.111	0.062
1176.000000	75	115	0.136	0.069
1182.000000	75	115	0.175	0.077
1188.000000	75	115	0.234	0.086
1194.000000	75	115	0.329	0.096
1200.000000	75	115	0.480	0.106
1206.000000	75	115	0.671	0.116
1212.000000	75	115	0.822	0.125
1218.000000	75	115	0.891	0.135
1224.000000	75	115	0.919	0.146
1230.000000	75	115	0.930	0.158
1236.000000	75	115	0.935	0.169
1242.000000	75	115	0.939	0.179
1248.000000	75	115	0.939	0.188
1254.000000	75	115	0.939	0.195
1260.000000	75	115	0.938	0.199
1266.000000	75	115	0.936	0.200
1272.000000	75	115	0.935	0.197
1278.000000	75	115	0.934	0.191
1284.000000	75	115	0.933	0.181
1290.000000	75	115	0.932	0.168
1296.000000	75	188	0.931	0.167
1302.000000	75	188	0.930	0.173
1308.000000	75	188	0.930	0.177
1314.000000	75	188	0.929	0.179
1320.000000	75	188	0.929	0.179
1326.000000	75	188	0.931	0.177
1332.000000	75	188	0.932	0.174
1338.000000	75	188	0.933	0.170
1344.000000	75	188	0.931	0.166
1350.000000	75	188	0.929	0.162
1356.000000	75	188	0.925	0.155
1362.000000	75	99	0.921	0.150
1368.000000	75	99	0.915	0.148
1374.000000	75	99	0.908	0.146
1380.000000	75	99	0.899	0.144
1386.000000	75	99	0.888	0.141
1392.000000	75	99	0.875	0.137
1398.000000	75	99	0.860	0.134
1404.000000	75	99	0.840	0.131
1410.000000	75	99	0.815	0.127
1416.000000	75	99	0.782	0.123
1422.000000	75	99	0.737	0.118
1428.000000	75	99	0.668	0.112
1434.000000	75	99	0.556	0.105
1440.000000	75	99	0.366	0.095
1446.000000	75	99	0.123	0.082
1452.000000	99	128	0.072	0.059
1458.000000	99	128	0.067	0.061
1464.000000	99	128	0.064	0.062
1470.000000	128	99	0.064	0.062
1476.000000	128	99	0.067	0.061
1482.000000	128	99	0.070	0.059
1488.000000	128	99	0.074	0.057
1494.000000	128	82	0.079	0.057
1500.000000	128	82	0.086	0.063
1506.000000	128	82	0.095	0.070
1512.000000	128	82	0.107	0.080
1518.000000	128	82	0.124	0.093
1524.000000	128	82	0.148	0.108
1530.000000	128	82	0.183	0.126
1536.000000	128	82	0.232	0.147
1542.000000	128	82	0.303	0.175
1548.000000	128	82	0.398	0.209
1554.000000	128	82	0.513	0.248
1560.000000	128	82	0.618	0.286
1566.000000	128	82	0.694	0.326
1572.000000	128	82	0.746	0.362
1578.000000	128	82	0.777	0.393
1584.000000	128	82	0.796	0.420
1590.000000	128	82	0.807	0.439
1596.000000	128	82	0.819	0.455
1602.000000	128	82	0.822	0.472
1608.000000	128	82	0.826	0.486
1614.000000	128	82	0.829	0.494
1620.000000	128	82	0.833	0.500
1626.000000	128	82	0.835	0.503
1632.000000	128	82	0.836	0.504
1638.000000	128	82	0.837	0.504
1644.000000	128	82	0.842	0.499
1650.000000	128	82	0.843	0.493
1656.000000	128	82	0.844	0.488
1662.000000	128	82	0.846	0.484
1668.000000	128	82	0.849	0.481
1674.000000	128	82	0.850	0.472
1680.000000	128	82	0.852	0.455
1686.000000	128	82	0.855	0.430
1692.000000	128	82	0.863	0.388
1698.000000	128	82	0.872	0.330
1704.000000	128	82	0.883	0.253
1710.000000	128	82	0.900	0.168
1716.000000	128	82	0.909	0.093
1722.000000	128	44	0.913	0.085
1728.000000	128	44	0.913	0.088
1734.000000	128	44	0.910	0.091
1740.000000	128	44	0.905	0.093
1746.000000	128	44	0.897	0.094
1752.000000	128	44	0.888	0.095
1758.000000	128	44	0.877	0.094
1764.000000	128	44	0.864	0.091
1770.000000	128	44	0.848	0.087
1776.000000	128	44	0.828	0.082
1782.000000	128	188	0.802	0.080
1788.000000	128	188	0.768	0.085
1794.000000	128	188	0.721	0.090
1800.000000	128	188	0.650	0.093
1806.000000	128	188	0.537	0.095
1812.000000	128	188	0.355	0.093
1818.000000	128	188	0.131	0.085
1824.000000	131	188	0.082	0.078
1830.000000	131	188	0.088	0.076
1836.000000	131	188	0.095	0.076
1842.000000	131	188	0.104	0.077
1848.000000	131	30	0.118	0.090
1854.000000	131	30	0.137	0.107
1860.000000	131	30	0.164	0.130
1866.000000	131	30	0.200	0.159
1872.000000	131	30	0.249	0.199
1878.000000	131	30	0.315	0.252
1884.000000	131	30	0.394	0.321
1890.000000	131	30	0.473	0.401
1896.000000	131	30	0.542	0.475
1902.000000	131	30	0.596	0.532
1908.000000	131	30	0.635	0.574
1914.000000	131	30	0.664	0.608
1920.000000	131	30	0.686	0.633
1926.000000	131	30	0.702	0.650
1932.000000	131	30	0.712	0.666
1938.000000	131	30	0.720	0.678
1944.000000	131	30	0.728	0.689
1950.000000	131	30	0.737	0.698
1956.000000	131	30	0.746	0.711
1962.000000	131	30	0.755	0.717
1968.000000	131	30	0.769	0.721
1974.000000	131	30	0.781	0.731
1980.000000	131	30	0.786	0.735
1986.000000	131	30	0.789	0.738
1992.000000	131	30	0.789	0.741
1998.000000	131	30	0.790	0.741
2004.000000	131	30	0.794	0.738
2010.000000	131	30	0.800	0.732
2016.000000	131	30	0.800	0.724
2022.000000	131	30	0.796	0.713
2028.000000	131	30	0.790	0.699
2034.000000	131	30	0.781	0.682
2040.000000	131	30	0.770	0.661
2046.000000	131	30	0.756	0.632
2052.000000	131	30	0.740	0.591
2058.000000	131	30	0.726	0.532
2064.000000	131	30	0.714	0.444
2070.000000	131	30	0.708	0.319
2076.000000	131	30	0.717	0.170
2082.000000	131	124	0.734	0.101
2088.000000	131	124	0.740	0.099
2094.000000	131	124	0.734	0.099
2100.000000	131	124	0.718	0.100
2106.000000	131	124	0.693	0.103
2112.000000	131	124	0.653	0.105
2118.000000	131	124	0.591	0.108
2124.000000	131	124	0.494	0.112
2130.000000	131	124	0.352	0.114
2136.000000	131	124	0.190	0.114
2142.000000	124	39	0.113	0.105
2148.000000	39	124	0.118	0.113
2154.000000	39	124	0.137	0.117
2160.000000	39	124	0.165	0.124
2166.000000	39	124	0.207	0.134
2172.000000	39	124	0.265	0.147
2178.000000	39	124	0.341	0.164
2184.000000	39	124	0.436	0.180
2190.000000	39	124	0.546	0.196
2196.000000	39	124	0.643	0.214
2202.000000	39	124	0.710	0.226
2208.000000	39	175	0.755	0.238
2214.000000	39	175	0.777	0.259
2220.000000	39	175	0.790	0.276
2226.000000	39	175	0.799	0.291
2232.000000	39	175	0.806	0.303
2238.000000	39	175	0.814	0.314
2244.000000	39	175	0.819	0.322
2250.000000	39	175	0.821	0.329
2256.000000	39	175	0.828	0.334
2262.000000	39	175	0.835	0.339
2268.000000	39	175	0.845	0.342
2274.000000	39	175	0.856	0.344
2280.000000	39	175	0.862	0.345
2286.000000	39	175	0.874	0.342
2292.000000	39	175	0.887	0.334
2298.000000	39	175	0.898	0.322
2304.000000	39	175	0.911	0.303
2310.000000	39	175	0.921	0.278
2316.000000	39	175	0.929	0.247
2322.000000	39	175	0.931	0.213
2328.000000	39	175	0.931	0.175
2334.000000	39	175	0.929	0.136
2340.000000	39	175	0.929	0.099
2346.000000	39	31	0.930	0.084
2352.000000	39	31	0.928	0.088
2358.000000	39	31	0.924	0.091
2364.000000	39	31	0.919	0.092
2370.000000	39	31	0.912	0.093
2376.000000	39	31	0.903	0.093
2382.000000	39	31	0.893	0.092
2388.000000	39	31	0.880	0.090
2394.000000	39	31	0.865	0.087
2400.000000	39	31	0.846	0.084
2406.000000	39	45	0.822	0.082
2412.000000	39	45	0.792	0.084
2418.000000	39	45	0.751	0.086
2424.000000	39	75	0.693	0.091
2430.000000	39	75	0.603	0.097
2436.000000	39	75	0.457	0.104
2442.000000	39	75	0.243	0.113
2448.000000	75	110	0.122	0.103
2454.000000	75	110	0.133	0.112
2460.000000	75	110	0.152	0.125
2466.000000	75	110	0.178	0.144
2472.000000	75	110	0.213	0.167
2478.000000	75	110	0.257	0.195
2484.000000	75	110	0.309	0.226
2490.000000	75	110	0.365	0.258
2496.000000	75	45	0.423	0.297
2502.000000	75	45	0.472	0.341
2508.000000	75	45	0.516	0.380
2514.000000	75	45	0.556	0.412
2520.000000	75	45	0.587	0.436
2526.000000	75	45	0.608	0.452
2532.000000	75	45	0.627	0.462
2538.000000	75	45	0.644	0.466
2544.000000	75	45	0.656	0.471
2550.000000	75	45	0.667	0.477
2556.000000	75	45	0.674	0.481
2562.000000	75	45	0.680	0.484
2568.000000	75	45	0.689	0.486
2574.000000	75	45	0.694	0.485
2580.000000	75	45	0.701	0.485
2586.000000	75	45	0.707	0.487
2592.000000	75	45	0.709	0.487
2598.000000	75	45	0.710	0.484
2604.000000	75	45	0.712	0.477
2610.000000	75	45	0.720	0.461
2616.000000	75	45	0.728	0.434
2622.000000	75	45	0.739	0.400
2628.000000	75	45	0.749	0.354
2634.000000	75	110	0.773	0.306
2640.000000	75	110	0.813	0.246
2646.000000	75	110	0.855	0.180
2652.000000	75	110	0.888	0.118
2658.000000	75	188	0.915	0.066
2664.000000	75	188	0.925	0.072
2670.000000	75	188	0.927	0.081
2676.000000	75	188	0.925	0.090
2682.000000	75	188	0.921	0.101
2688.000000	75	188	0.915	0.111
2694.000000	75	188	0.908	0.121
2700.000000	75	188	0.898	0.132
2706.000000	75	188	0.887	0.143
2712.000000	75	188	0.874	0.155
2718.000000	75	188	0.859	0.166
2724.000000	75	188	0.841	0.177
2730.000000	75	188	0.818	0.188
2736.000000	75	188	0.789	0.201
2742.000000	75	188	0.752	0.215
2748.000000	75	188	0.701	0.232
2754.000000	75	188	0.627	0.252
2760.000000	75	188	0.521	0.279
2766.000000	75	188	0.370	0.322
2772.000000	188	75	0.385	0.196
2778.000000	188	116	0.483	0.153
2784.000000	188	116	0.624	0.147
2790.000000	188	116	0.773	0.142
2796.000000	188	116	0.871	0.138
2802.000000	188	116	0.915	0.136
2808.000000	188	116	0.929	0.135
2814.000000	188	116	0.936	0.130
2820.000000	188	116	0.939	0.124
2826.000000	188	116	0.940	0.116
2832.000000	188	116	0.940	0.105
2838.000000	188	171	0.941	0.105
2844.000000	188	171	0.943	0.106
2850.000000	188	171	0.942	0.108
2856.000000	188	171	0.942	0.109
2862.000000	188	171	0.940	0.110
2868.000000	188	180	0.939	0.114
2874.000000	188	180	0.940	0.120
2880.000000	188	180	0.939	0.126
2886.000000	188	180	0.937	0.132
2892.000000	188	180	0.934	0.138
2898.000000	188	180	0.931	0.144
2904.000000	188	74	0.927	0.151
2910.000000	188	74	0.923	0.158
2916.000000	188	74	0.918	0.166
2922.000000	188	74	0.913	0.172
2928.000000	188	74	0.906	0.176
2934.000000	188	74	0.899	0.178
2940.000000	188	180	0.890	0.185
2946.000000	188	180	0.880	0.193
2952.000000	188	180	0.868	0.202
2958.000000	188	180	0.853	0.213
2964.000000	188	180	0.834	0.227
2970.000000	188	180	0.810	0.243
2976.000000	188	180	0.778	0.264
2982.000000	188	180	0.732	0.290
2988.000000	188	180	0.663	0.326
2994.000000	188	180	0.553	0.376
3000.000000	180	188	0.451	0.379
3006.000000	180	74	0.584	0.197
3012.000000	180	74	0.743	0.189
3018.000000	180	74	0.856	0.177
3024.000000	180	74	0.905	0.168
3030.000000	180	74	0.920	0.158
3036.000000	180	74	0.928	0.147
3042.000000	180	74	0.930	0.134
3048.000000	180	74	0.929	0.119
3054.000000	180	74	0.930	0.102
3060.000000	180	120	0.930	0.109
3066.000000	180	120	0.928	0.118
3072.000000	180	120	0.925	0.128
3078.000000	180	120	0.922	0.136
3084.000000	180	120	0.919	0.142
3090.000000	180	120	0.916	0.147
3096.000000	180	120	0.912	0.150
3102.000000	180	120	0.908	0.153
3108.000000	180	120	0.906	0.153
3114.000000	180	186	0.904	0.154
3120.000000	180	186	0.900	0.161
3126.000000	180	186	0.894	0.166
3132.000000	180	186	0.888	0.171
3138.000000	180	186	0.881	0.176
3144.000000	180	186	0.873	0.182
3150.000000	180	186	0.864	0.188
3156.000000	180	186	0.853	0.195
3162.000000	180	186	0.841	0.204
3168.000000	180	186	0.826	0.214
3174.000000	180	186	0.809	0.225
3180.000000	180	186	0.786	0.239
3186.000000	180	186	0.757	0.258
3192.000000	180	186	0.718	0.285
3198.000000	180	186	0.662	0.325
3204.000000	180	186	0.576	0.386
3210.000000	186	180	0.476	0.438
3216.000000	186	180	0.611	0.238
3222.000000	186	29	0.771	0.106
3228.000000	186	29	0.888	0.094
3234.000000	186	29	0.933	0.091
3240.000000	186	29	0.949	0.091
3246.000000	186	29	0.952	0.092
3252.000000	186	29	0.952	0.093
3258.000000	186	164	0.949	0.103
3264.000000	186	164	0.946	0.118
3270.000000	186	164	0.943	0.133
3276.000000	186	164	0.939	0.148
3282.000000	186	164	0.935	0.162
3288.000000	186	164	0.931	0.175
3294.000000	186	164	0.926	0.187
3300.000000	186	164	0.922	0.198
3306.000000	186	164	0.917	0.208
3312.000000	186	164	0.912	0.217
3318.000000	186	164	0.906	0.224
3324.000000	186	164	0.901	0.229
3330.000000	186	164	0.895	0.233
3336.000000	186	164	0.889	0.237
3342.000000	186	164	0.883	0.240
3348.000000	186	164	0.879	0.243
3354.000000	186	164	0.872	0.247
3360.000000	186	164	0.863	0.249
3366.000000	186	164	0.852	0.249
3372.000000	186	164	0.839	0.248
3378.000000	186	164	0.821	0.244
3384.000000	186	63	0.799	0.245
3390.000000	186	63	0.769	0.266
3396.000000	186	63	0.728	0.296
3402.000000	186	63	0.668	0.339
3408.000000	186	63	0.571	0.409
3414.000000	63	186	0.514	0.414
3420.000000	63	186	0.672	0.198
3426.000000	63	164	0.862	0.083
3432.000000	63	164	0.937	0.062
3438.000000	63	26	0.956	0.052
3444.000000	63	89	0.959	0.058
3450.000000	63	89	0.958	0.068
3456.000000	63	89	0.956	0.078
3462.000000	63	89	0.954	0.088
3468.000000	63	89	0.951	0.097
3474.000000	63	89	0.948	0.107
3480.000000	63	89	0.945	0.116
3486.000000	63	89	0.942	0.125
3492.000000	63	89	0.939	0.135
3498.000000	63	89	0.936	0.145
3504.000000	63	89	0.933	0.156
3510.000000	63	89	0.930	0.167
3516.000000	63	89	0.927	0.178
3522.000000	63	89	0.924	0.188
3528.000000	63	89	0.921	0.198
3534.000000	63	89	0.918	0.208
3540.000000	63	89	0.914	0.218
3546.000000	63	89	0.911	0.230
3552.000000	63	89	0.906	0.242
3558.000000	63	89	0.902	0.257
3564.000000	63	89	0.896	0.277
3570.000000	63	89	0.889	0.303
3576.000000	63	89	0.880	0.332
3582.000000	63	89	0.868	0.368
3588.000000	63	89	0.853	0.413
3594.000000	63	89	0.835	0.475
3600.000000	63	89	0.808	0.545
3606.000000	63	89	0.770	0.612
3612.000000	63	89	0.713	0.672
3618.000000	89	63	0.720	0.625
3624.000000	89	63	0.778	0.475
3630.000000	89	63	0.860	0.262
3636.000000	89	63	0.930	0.094
3642.000000	89	100	0.957	0.062
3648.000000	89	100	0.958	0.071
3654.000000	89	100	0.955	0.078
3660.000000	89	100	0.952	0.084
3666.000000	89	100	0.947	0.090
3672.000000	89	100	0.943	0.095
3678.000000	89	113	0.937	0.101
3684.000000	89	113	0.932	0.111
3690.000000	89	113	0.926	0.122
3696.000000	89	113	0.920	0.131
3702.000000	89	113	0.914	0.140
3708.000000	89	113	0.908	0.148
3714.000000	89	113	0.901	0.154
3720.000000	89	113	0.893	0.159
3726.000000	89	113	0.886	0.162
3732.000000	89	113	0.878	0.165
3738.000000	89	113	0.870	0.166
3744.000000	89	113	0.862	0.166
3750.000000	89	113	0.852	0.166
3756.000000	89	113	0.842	0.164
3762.000000	89	113	0.831	0.161
3768.000000	89	113	0.818	0.156
3774.000000	89	113	0.802	0.150
3780.000000	89	113	0.782	0.143
3786.000000	89	113	0.756	0.135
3792.000000	89	113	0.720	0.124
3798.000000	89	113	0.666	0.112
3804.000000	89	113	0.580	0.098
3810.000000	89	113	0.435	0.080
3816.000000	89	113	0.218	0.060
3822.000000	113	89	0.041	0.040
3828.000000	155	91	0.034	0.031
3834.000000	155	91	0.031	0.028
3840.000000	155	91	0.028	0.025
3846.000000	155	91	0.026	0.022
3852.000000	155	185	0.024	0.020
3858.000000	155	185	0.022	0.018
3864.000000	155	185	0.020	0.016
3870.000000	155	1	0.018	0.017
3876.000000	1	155	0.017	0.015
3882.000000	1	70	0.018	0.015
3888.000000	1	70	0.018	0.014
3894.000000	1	70	0.019	0.014
3900.000000	1	8	0.018	0.013
3906.000000	1	8	0.018	0.014
3912.000000	1	8	0.017	0.014
3918.000000	1	8	0.016	0.015
3924.000000	8	1	0.015	0.015
3930.000000	8	1	0.015	0.014
3936.000000	8	183	0.015	0.012
3942.000000	8	183	0.015	0.012
3948.000000	8	183	0.015	0.012
3954.000000	8	183	0.015	0.011
3960.000000	8	183	0.014	0.010
3966.000000	8	183	0.013	0.010
3972.000000	8	183	0.012	0.009
3978.000000	8	28	0.011	0.008
3984.000000	8	28	0.010	0.008
3990.000000	8	28	0.009	0.007
