0.000000	119	165	0.000	0.000
6.000000	42	27	0.981	0.049
12.000000	42	27	0.979	0.056
18.000000	42	27	0.978	0.063
24.000000	42	27	0.976	0.072
30.000000	42	27	0.973	0.082
36.000000	42	27	0.970	0.093
42.000000	42	27	0.967	0.104
48.000000	42	27	0.964	0.115
54.000000	42	27	0.961	0.127
60.000000	42	27	0.958	0.138
66.000000	42	27	0.955	0.150
72.000000	42	27	0.953	0.160
78.000000	42	27	0.950	0.170
84.000000	42	27	0.948	0.178
90.000000	42	27	0.946	0.185
96.000000	42	27	0.944	0.192
102.000000	42	27	0.942	0.197
108.000000	42	27	0.940	0.203
114.000000	42	27	0.938	0.208
120.000000	42	27	0.937	0.212
126.000000	42	27	0.935	0.214
132.000000	42	27	0.934	0.215
138.000000	42	27	0.933	0.215
144.000000	42	27	0.931	0.215
150.000000	42	27	0.930	0.215
156.000000	42	27	0.929	0.215
162.000000	42	27	0.927	0.218
168.000000	42	27	0.925	0.221
174.000000	42	27	0.922	0.228
180.000000	42	27	0.918	0.239
186.000000	42	27	0.911	0.254
192.000000	42	27	0.903	0.272
198.000000	42	27	0.892	0.295
204.000000	42	27	0.878	0.324
210.000000	42	27	0.860	0.360
216.000000	42	27	0.837	0.401
222.000000	42	27	0.806	0.447
228.000000	42	27	0.763	0.496
234.000000	42	27	0.697	0.549
240.000000	27	42	0.618	0.587
246.000000	27	42	0.705	0.403
252.000000	27	42	0.821	0.175
258.000000	27	15	0.931	0.078
264.000000	27	15	0.952	0.084
270.000000	27	15	0.956	0.090
276.000000	27	15	0.954	0.096
282.000000	27	15	0.951	0.102
288.000000	27	15	0.948	0.108
294.000000	27	15	0.944	0.114
300.000000	27	15	0.939	0.119
306.000000	27	125	0.935	0.126
312.000000	27	125	0.930	0.133
318.000000	27	125	0.925	0.140
324.000000	27	125	0.921	0.146
330.000000	27	125	0.915	0.152
336.000000	27	125	0.910	0.156
342.000000	27	125	0.904	0.160
348.000000	27	125	0.897	0.163
354.000000	27	125	0.890	0.165
360.000000	27	125	0.883	0.166
366.000000	27	125	0.874	0.165
372.000000	27	125	0.865	0.164
378.000000	27	125	0.855	0.163
384.000000	27	125	0.843	0.160
390.000000	27	81	0.829	0.158
396.000000	27	81	0.813	0.162
402.000000	27	81	0.794	0.166
408.000000	27	81	0.770	0.170
414.000000	27	81	0.738	0.175
420.000000	27	81	0.693	0.181
426.000000	27	81	0.626	0.190
432.000000	27	81	0.518	0.202
438.000000	27	81	0.345	0.219
444.000000	81	27	0.250	0.136
450.000000	81	64	0.317	0.094
456.000000	81	64	0.449	0.088
462.000000	81	64	0.617	0.083
468.000000	81	164	0.764	0.079
474.000000	81	164	0.844	0.085
480.000000	81	164	0.891	0.094
486.000000	81	164	0.917	0.104
492.000000	81	164	0.928	0.115
498.000000	81	164	0.933	0.126
504.000000	81	164	0.936	0.136
510.000000	81	164	0.938	0.145
516.000000	81	164	0.939	0.151
522.000000	81	164	0.938	0.155
528.000000	81	164	0.937	0.158
534.000000	81	164	0.936	0.161
540.000000	81	164	0.935	0.165
546.000000	81	164	0.933	0.165
552.000000	81	164	0.931	0.163
558.000000	81	164	0.930	0.159
564.000000	81	164	0.928	0.154
570.000000	81	164	0.926	0.147
576.000000	81	164	0.924	0.139
582.000000	81	164	0.922	0.129
588.000000	81	164	0.920	0.117
594.000000	81	164	0.918	0.105
600.000000	81	153	0.916	0.100
606.000000	81	153	0.915	0.095
612.000000	81	153	0.913	0.088
618.000000	81	153	0.910	0.081
624.000000	81	153	0.906	0.073
630.000000	81	153	0.901	0.065
636.000000	81	140	0.894	0.059
642.000000	81	140	0.884	0.053
648.000000	81	127	0.872	0.049
654.000000	81	127	0.856	0.051
660.000000	81	127	0.836	0.052
666.000000	81	127	0.810	0.053
672.000000	81	127	0.773	0.053
678.000000	81	127	0.721	0.053
684.000000	81	127	0.639	0.052
690.000000	81	127	0.498	0.050
696.000000	81	173	0.268	0.044
702.000000	81	63	0.052	0.041
708.000000	63	65	0.042	0.036
714.000000	63	65	0.044	0.036
720.000000	63	65	0.046	0.037
726.000000	63	65	0.048	0.037
732.000000	63	65	0.050	0.038
738.000000	63	141	0.051	0.040
744.000000	63	141	0.053	0.042
750.000000	63	115	0.054	0.046
756.000000	63	128	0.056	0.052
762.000000	128	115	0.059	0.058
768.000000	128	115	0.067	0.064
774.000000	128	115	0.078	0.072
780.000000	128	115	0.093	0.081
786.000000	128	115	0.113	0.091
792.000000	128	188	0.140	0.104
798.000000	128	188	0.178	0.129
804.000000	128	188	0.235	0.162
810.000000	128	188	0.319	0.202
816.000000	128	188	0.434	0.246
822.000000	128	188	0.555	0.290
828.000000	128	188	0.644	0.332
834.000000	128	188	0.708	0.373
840.000000	128	188	0.752	0.415
846.000000	128	188	0.776	0.452
852.000000	128	188	0.788	0.483
858.000000	128	188	0.795	0.509
864.000000	128	188	0.802	0.530
870.000000	128	188	0.812	0.552
876.000000	128	188	0.819	0.568
882.000000	128	188	0.824	0.577
888.000000	128	188	0.835	0.587
894.000000	128	188	0.847	0.601
900.000000	128	188	0.854	0.614
906.000000	128	188	0.860	0.623
912.000000	128	188	0.865	0.631
918.000000	128	188	0.868	0.641
924.000000	128	188	0.868	0.648
930.000000	128	188	0.869	0.652
936.000000	128	188	0.871	0.650
942.000000	128	188	0.870	0.645
948.000000	128	188	0.867	0.635
954.000000	128	188	0.863	0.622
960.000000	128	188	0.861	0.605
966.000000	128	188	0.864	0.578
972.000000	128	188	0.871	0.542
978.000000	128	188	0.872	0.499
984.000000	128	188	0.874	0.438
990.000000	128	188	0.880	0.358
996.000000	128	188	0.887	0.261
1002.000000	128	188	0.891	0.162
1008.000000	128	188	0.892	0.085
1014.000000	128	94	0.893	0.068
1020.000000	128	94	0.888	0.072
1026.000000	128	94	0.880	0.076
1032.000000	128	94	0.868	0.081
1038.000000	128	94	0.854	0.086
1044.000000	128	94	0.835	0.092
1050.000000	128	94	0.811	0.099
1056.000000	128	94	0.780	0.106
1062.000000	128	94	0.736	0.113
1068.000000	128	94	0.672	0.121
1074.000000	128	94	0.571	0.129
1080.000000	128	94	0.405	0.135
1086.000000	128	94	0.184	0.139
1092.000000	94	107	0.146	0.124
1098.000000	94	107	0.167	0.135
1104.000000	94	107	0.200	0.155
1110.000000	94	107	0.248	0.183
1116.000000	94	107	0.311	0.223
1122.000000	94	107	0.389	0.278
1128.000000	94	107	0.472	0.349
1134.000000	94	107	0.546	0.430
1140.000000	94	107	0.607	0.505
1146.000000	94	107	0.650	0.567
1152.000000	94	107	0.672	0.611
1158.000000	94	107	0.687	0.641
1164.000000	94	107	0.695	0.664
1170.000000	94	107	0.699	0.680
1176.000000	94	107	0.700	0.690
1182.000000	94	107	0.701	0.694
1188.000000	94	107	0.702	0.698
1194.000000	94	107	0.703	0.702
1200.000000	94	107	0.706	0.705
1206.000000	94	107	0.709	0.707
1212.000000	94	107	0.710	0.708
1218.000000	107	94	0.713	0.707
1224.000000	107	94	0.717	0.704
1230.000000	107	94	0.721	0.701
1236.000000	107	94	0.721	0.697
1242.000000	107	94	0.723	0.693
1248.000000	107	94	0.733	0.679
1254.000000	107	94	0.745	0.657
1260.000000	107	94	0.756	0.628
1266.000000	107	94	0.760	0.593
1272.000000	107	94	0.767	0.542
1278.000000	107	94	0.772	0.471
1284.000000	107	94	0.790	0.362
1290.000000	107	94	0.816	0.217
1296.000000	107	94	0.859	0.080
1302.000000	107	105	0.887	0.054
1308.000000	107	22	0.895	0.059
1314.000000	107	22	0.896	0.065
1320.000000	107	57	0.895	0.073
1326.000000	107	57	0.891	0.083
1332.000000	107	57	0.886	0.094
1338.000000	107	57	0.878	0.105
1344.000000	107	57	0.868	0.116
1350.000000	107	57	0.856	0.128
1356.000000	107	57	0.841	0.140
1362.000000	107	57	0.822	0.152
1368.000000	107	57	0.800	0.162
1374.000000	107	57	0.771	0.173
1380.000000	107	57	0.733	0.186
1386.000000	107	57	0.681	0.202
1392.000000	107	57	0.607	0.222
1398.000000	107	57	0.498	0.242
1404.000000	107	57	0.344	0.267
1410.000000	57	107	0.305	0.166
1416.000000	57	178	0.367	0.114
1422.000000	57	112	0.459	0.112
1428.000000	57	178	0.573	0.110
1434.000000	57	178	0.674	0.109
1440.000000	57	178	0.757	0.104
1446.000000	57	39	0.823	0.103
1452.000000	57	39	0.856	0.104
1458.000000	57	39	0.871	0.105
1464.000000	57	39	0.882	0.105
1470.000000	57	39	0.894	0.104
1476.000000	57	39	0.904	0.103
1482.000000	57	39	0.907	0.101
1488.000000	57	39	0.909	0.098
1494.000000	57	14	0.913	0.106
1500.000000	57	14	0.923	0.115
1506.000000	57	14	0.929	0.126
1512.000000	57	14	0.935	0.136
1518.000000	57	14	0.937	0.145
1524.000000	57	14	0.938	0.154
1530.000000	57	14	0.937	0.164
1536.000000	57	14	0.936	0.175
1542.000000	57	14	0.936	0.189
1548.000000	57	14	0.934	0.206
1554.000000	57	14	0.930	0.225
1560.000000	57	14	0.926	0.243
1566.000000	57	14	0.920	0.260
1572.000000	57	14	0.914	0.279
1578.000000	57	14	0.906	0.298
1584.000000	57	14	0.897	0.318
1590.000000	57	14	0.887	0.342
1596.000000	57	14	0.873	0.369
1602.000000	57	14	0.855	0.404
1608.000000	57	14	0.832	0.444
1614.000000	57	14	0.801	0.487
1620.000000	57	14	0.758	0.532
1626.000000	57	14	0.694	0.581
1632.000000	14	57	0.629	0.594
1638.000000	14	57	0.685	0.433
1644.000000	14	57	0.771	0.218
1650.000000	14	185	0.860	0.178
1656.000000	14	185	0.912	0.169
1662.000000	14	185	0.934	0.165
1668.000000	14	185	0.937	0.164
1674.000000	14	185	0.938	0.164
1680.000000	14	185	0.937	0.165
1686.000000	14	185	0.935	0.164
1692.000000	14	185	0.932	0.161
1698.000000	14	185	0.932	0.157
1704.000000	14	185	0.929	0.149
1710.000000	14	68	0.926	0.153
1716.000000	14	68	0.923	0.157
1722.000000	14	68	0.920	0.162
1728.000000	14	68	0.917	0.166
1734.000000	14	68	0.913	0.168
1740.000000	14	68	0.912	0.167
1746.000000	14	68	0.910	0.164
1752.000000	14	68	0.906	0.161
1758.000000	14	68	0.901	0.157
1764.000000	14	68	0.896	0.151
1770.000000	14	68	0.889	0.144
1776.000000	14	68	0.882	0.136
1782.000000	14	68	0.873	0.125
1788.000000	14	68	0.862	0.114
1794.000000	14	33	0.849	0.102
1800.000000	14	33	0.833	0.102
1806.000000	14	33	0.812	0.102
1812.000000	14	33	0.786	0.102
1818.000000	14	33	0.749	0.101
1824.000000	14	33	0.696	0.101
1830.000000	14	33	0.612	0.100
1836.000000	14	33	0.471	0.100
1842.000000	14	33	0.253	0.096
1848.000000	33	14	0.085	0.057
1854.000000	33	78	0.079	0.037
1860.000000	33	78	0.079	0.038
1866.000000	33	78	0.084	0.040
1872.000000	33	78	0.091	0.042
1878.000000	33	78	0.101	0.045
1884.000000	33	78	0.116	0.049
1890.000000	33	78	0.138	0.054
1896.000000	33	78	0.171	0.059
1902.000000	33	78	0.222	0.066
1908.000000	33	78	0.303	0.075
1914.000000	33	78	0.429	0.086
1920.000000	33	78	0.597	0.100
1926.000000	33	78	0.753	0.113
1932.000000	33	78	0.844	0.124
1938.000000	33	78	0.886	0.135
1944.000000	33	78	0.907	0.145
1950.000000	33	78	0.914	0.155
1956.000000	33	78	0.918	0.164
1962.000000	33	78	0.922	0.171
1968.000000	33	35	0.924	0.183
1974.000000	33	35	0.925	0.195
1980.000000	33	35	0.925	0.206
1986.000000	33	35	0.923	0.215
1992.000000	33	35	0.922	0.223
1998.000000	33	35	0.920	0.229
2004.000000	33	35	0.918	0.235
2010.000000	33	35	0.916	0.240
2016.000000	33	35	0.915	0.245
2022.000000	33	35	0.913	0.249
2028.000000	33	35	0.911	0.253
2034.000000	33	35	0.910	0.257
2040.000000	33	35	0.910	0.263
2046.000000	33	35	0.910	0.268
2052.000000	33	35	0.910	0.273
2058.000000	33	35	0.912	0.279
2064.000000	33	35	0.912	0.288
2070.000000	33	35	0.910	0.301
2076.000000	33	35	0.906	0.319
2082.000000	33	35	0.898	0.342
2088.000000	33	35	0.888	0.369
2094.000000	33	35	0.875	0.399
2100.000000	33	35	0.857	0.433
2106.000000	33	35	0.834	0.472
2112.000000	33	35	0.802	0.512
2118.000000	33	35	0.757	0.549
2124.000000	33	35	0.686	0.595
2130.000000	35	33	0.652	0.573
2136.000000	35	33	0.722	0.396
2142.000000	35	33	0.829	0.181
2148.000000	35	164	0.907	0.054
2154.000000	35	164	0.940	0.059
2160.000000	35	164	0.950	0.063
2166.000000	35	164	0.952	0.066
2172.000000	35	61	0.953	0.069
2178.000000	35	61	0.952	0.073
2184.000000	35	61	0.949	0.078
2190.000000	35	61	0.945	0.082
2196.000000	35	61	0.941	0.087
2202.000000	35	61	0.937	0.092
2208.000000	35	61	0.932	0.097
2214.000000	35	61	0.927	0.102
2220.000000	35	61	0.922	0.106
2226.000000	35	61	0.916	0.111
2232.000000	35	61	0.910	0.116
2238.000000	35	61	0.903	0.121
2244.000000	35	61	0.896	0.127
2250.000000	35	61	0.888	0.133
2256.000000	35	61	0.879	0.137
2262.000000	35	61	0.869	0.141
2268.000000	35	61	0.858	0.143
2274.000000	35	61	0.844	0.145
2280.000000	35	61	0.828	0.145
2286.000000	35	61	0.809	0.146
2292.000000	35	61	0.785	0.146
2298.000000	35	61	0.754	0.147
2304.000000	35	61	0.712	0.146
2310.000000	35	61	0.651	0.145
2316.000000	35	61	0.557	0.143
2322.000000	35	61	0.408	0.140
2328.000000	35	61	0.203	0.134
2334.000000	61	24	0.125	0.091
2340.000000	61	24	0.123	0.090
2346.000000	61	24	0.129	0.093
2352.000000	61	24	0.141	0.099
2358.000000	61	24	0.161	0.108
2364.000000	61	24	0.191	0.120
2370.000000	61	24	0.233	0.136
2376.000000	61	24	0.293	0.157
2382.000000	61	24	0.376	0.182
2388.000000	61	24	0.488	0.213
2394.000000	61	24	0.610	0.248
2400.000000	61	24	0.715	0.284
2406.000000	61	24	0.784	0.321
2412.000000	61	24	0.825	0.359
2418.000000	61	24	0.849	0.396
2424.000000	61	24	0.863	0.430
2430.000000	61	24	0.871	0.460
2436.000000	61	24	0.873	0.490
2442.000000	61	24	0.873	0.514
2448.000000	61	24	0.871	0.534
2454.000000	61	24	0.870	0.548
2460.000000	61	24	0.867	0.560
2466.000000	61	24	0.865	0.567
2472.000000	61	24	0.863	0.573
2478.000000	61	24	0.859	0.578
2484.000000	61	24	0.855	0.580
2490.000000	61	24	0.851	0.581
2496.000000	61	24	0.845	0.583
2502.000000	61	24	0.839	0.584
2508.000000	61	24	0.835	0.584
2514.000000	61	24	0.829	0.582
2520.000000	61	24	0.824	0.575
2526.000000	61	24	0.819	0.564
2532.000000	61	24	0.812	0.553
2538.000000	61	24	0.802	0.537
2544.000000	61	24	0.788	0.512
2550.000000	61	24	0.771	0.475
2556.000000	61	24	0.761	0.413
2562.000000	61	24	0.752	0.324
2568.000000	61	24	0.744	0.211
2574.000000	61	24	0.733	0.103
2580.000000	61	32	0.709	0.047
2586.000000	61	32	0.666	0.047
2592.000000	61	32	0.594	0.047
2598.000000	61	32	0.474	0.045
2604.000000	61	32	0.284	0.040
2610.000000	61	32	0.092	0.031
2616.000000	13	32	0.030	0.027
2622.000000	13	135	0.029	0.027
2628.000000	13	135	0.029	0.028
2634.000000	135	13	0.029	0.029
2640.000000	135	13	0.030	0.029
2646.000000	135	13	0.032	0.029
2652.000000	135	13	0.034	0.029
2658.000000	135	13	0.036	0.029
2664.000000	135	12	0.039	0.032
2670.000000	135	12	0.043	0.034
2676.000000	135	12	0.047	0.037
2682.000000	135	12	0.052	0.040
2688.000000	135	12	0.057	0.044
2694.000000	135	12	0.064	0.048
2700.000000	135	12	0.073	0.053
2706.000000	135	12	0.084	0.059
2712.000000	135	12	0.098	0.066
2718.000000	135	12	0.117	0.076
2724.000000	135	12	0.146	0.087
2730.000000	135	12	0.189	0.101
2736.000000	135	12	0.254	0.118
2742.000000	135	12	0.352	0.137
2748.000000	135	12	0.486	0.157
2754.000000	135	12	0.624	0.173
2760.000000	135	12	0.732	0.188
2766.000000	135	12	0.796	0.206
2772.000000	135	12	0.835	0.222
2778.000000	135	12	0.853	0.233
2784.000000	135	12	0.865	0.243
2790.000000	135	12	0.870	0.251
2796.000000	135	12	0.876	0.256
2802.000000	135	12	0.880	0.260
2808.000000	135	12	0.881	0.261
2814.000000	135	12	0.883	0.261
2820.000000	135	12	0.885	0.258
2826.000000	135	12	0.888	0.252
2832.000000	135	12	0.889	0.243
2838.000000	135	12	0.888	0.230
2844.000000	135	12	0.888	0.214
2850.000000	135	82	0.888	0.201
2856.000000	135	82	0.891	0.204
2862.000000	135	167	0.893	0.208
2868.000000	135	82	0.900	0.214
2874.000000	135	82	0.909	0.221
2880.000000	135	82	0.915	0.232
2886.000000	135	82	0.914	0.243
2892.000000	135	82	0.911	0.252
2898.000000	135	82	0.907	0.260
2904.000000	135	82	0.901	0.266
2910.000000	135	82	0.893	0.271
2916.000000	135	82	0.885	0.277
2922.000000	135	82	0.876	0.282
2928.000000	135	82	0.868	0.286
2934.000000	135	82	0.857	0.288
2940.000000	135	82	0.842	0.289
2946.000000	135	82	0.823	0.289
2952.000000	135	82	0.798	0.286
2958.000000	135	82	0.766	0.280
2964.000000	135	82	0.721	0.274
2970.000000	135	82	0.659	0.269
2976.000000	135	82	0.565	0.261
2982.000000	135	82	0.416	0.256
2988.000000	82	135	0.252	0.213
2994.000000	82	105	0.247	0.176
3000.000000	82	105	0.243	0.188
3006.000000	82	105	0.242	0.205
3012.000000	82	105	0.240	0.231
3018.000000	105	82	0.268	0.238
3024.000000	105	82	0.320	0.235
3030.000000	105	82	0.386	0.230
3036.000000	105	82	0.462	0.222
3042.000000	105	82	0.545	0.210
3048.000000	105	82	0.630	0.194
3054.000000	105	82	0.692	0.174
3060.000000	105	151	0.736	0.165
3066.000000	105	151	0.770	0.173
3072.000000	105	151	0.799	0.178
3078.000000	105	166	0.824	0.179
3084.000000	105	166	0.843	0.189
3090.000000	105	166	0.858	0.198
3096.000000	105	166	0.867	0.208
3102.000000	105	166	0.875	0.215
3108.000000	105	166	0.882	0.222
3114.000000	105	166	0.888	0.227
3120.000000	105	166	0.894	0.227
3126.000000	105	166	0.900	0.228
3132.000000	105	166	0.905	0.229
3138.000000	105	166	0.910	0.229
3144.000000	105	166	0.916	0.228
3150.000000	105	166	0.918	0.226
3156.000000	105	166	0.920	0.224
3162.000000	105	166	0.921	0.220
3168.000000	105	166	0.922	0.212
3174.000000	105	166	0.922	0.199
3180.000000	105	166	0.924	0.180
3186.000000	105	166	0.925	0.159
3192.000000	105	166	0.923	0.137
3198.000000	105	106	0.920	0.123
3204.000000	105	106	0.915	0.119
3210.000000	105	106	0.908	0.113
3216.000000	105	106	0.899	0.108
3222.000000	105	106	0.888	0.104
3228.000000	105	106	0.873	0.100
3234.000000	105	106	0.855	0.095
3240.000000	105	106	0.831	0.091
3246.000000	105	106	0.800	0.086
3252.000000	105	96	0.756	0.082
3258.000000	105	96	0.689	0.081
3264.000000	105	96	0.579	0.079
3270.000000	105	96	0.393	0.073
3276.000000	105	96	0.149	0.060
3282.000000	55	96	0.059	0.048
3288.000000	55	96	0.061	0.042
3294.000000	55	107	0.064	0.040
3300.000000	55	107	0.070	0.043
3306.000000	55	107	0.078	0.046
3312.000000	55	107	0.091	0.049
3318.000000	55	107	0.111	0.052
3324.000000	55	107	0.144	0.056
3330.000000	55	107	0.201	0.060
3336.000000	55	107	0.302	0.065
3342.000000	55	107	0.475	0.069
3348.000000	55	107	0.684	0.072
3354.000000	55	141	0.834	0.075
3360.000000	55	141	0.904	0.082
3366.000000	55	141	0.931	0.089
3372.000000	55	141	0.945	0.097
3378.000000	55	141	0.951	0.102
3384.000000	55	141	0.953	0.107
3390.000000	55	141	0.953	0.109
3396.000000	55	6	0.953	0.117
3402.000000	55	6	0.953	0.125
3408.000000	55	6	0.952	0.133
3414.000000	55	6	0.950	0.140
3420.000000	55	6	0.949	0.147
3426.000000	55	6	0.947	0.152
3432.000000	55	6	0.945	0.157
3438.000000	55	6	0.944	0.160
3444.000000	55	6	0.942	0.161
3450.000000	55	6	0.941	0.162
3456.000000	55	6	0.940	0.162
3462.000000	55	6	0.938	0.161
3468.000000	55	6	0.936	0.160
3474.000000	55	6	0.934	0.157
3480.000000	55	6	0.931	0.151
3486.000000	55	6	0.928	0.145
3492.000000	55	6	0.924	0.136
3498.000000	55	6	0.920	0.125
3504.000000	55	6	0.915	0.111
3510.000000	55	169	0.909	0.100
3516.000000	55	169	0.902	0.096
3522.000000	55	169	0.893	0.091
3528.000000	55	169	0.882	0.086
3534.000000	55	169	0.869	0.081
3540.000000	55	169	0.853	0.075
3546.000000	55	169	0.831	0.068
3552.000000	55	169	0.804	0.061
3558.000000	55	40	0.766	0.061
3564.000000	55	40	0.711	0.066
3570.000000	55	40	0.625	0.071
3576.000000	55	40	0.480	0.076
3582.000000	55	40	0.250	0.077
3588.000000	40	101	0.075	0.049
3594.000000	40	101	0.078	0.047
3600.000000	40	101	0.086	0.048
3606.000000	40	101	0.099	0.049
3612.000000	40	101	0.118	0.051
3618.000000	40	101	0.147	0.051
3624.000000	40	101	0.198	0.052
3630.000000	40	101	0.295	0.052
3636.000000	40	101	0.468	0.051
3642.000000	40	101	0.690	0.050
3648.000000	40	87	0.841	0.057
3654.000000	40	118	0.894	0.066
3660.000000	40	118	0.918	0.077
3666.000000	40	118	0.930	0.088
3672.000000	40	118	0.936	0.099
3678.000000	40	118	0.939	0.109
3684.000000	40	118	0.939	0.119
3690.000000	40	118	0.941	0.128
3696.000000	40	118	0.940	0.137
3702.000000	40	118	0.939	0.146
3708.000000	40	118	0.937	0.153
3714.000000	40	118	0.935	0.159
3720.000000	40	118	0.933	0.165
3726.000000	40	118	0.931	0.169
3732.000000	40	118	0.929	0.173
3738.000000	40	118	0.927	0.175
3744.000000	40	118	0.925	0.176
3750.000000	40	118	0.923	0.176
3756.000000	40	118	0.921	0.174
3762.000000	40	118	0.919	0.171
3768.000000	40	118	0.918	0.167
3774.000000	40	121	0.916	0.162
3780.000000	40	121	0.915	0.164
3786.000000	40	121	0.916	0.163
3792.000000	40	121	0.915	0.162
3798.000000	40	121	0.913	0.162
3804.000000	40	121	0.909	0.163
3810.000000	40	121	0.904	0.164
3816.000000	40	121	0.896	0.164
3822.000000	40	121	0.887	0.163
3828.000000	40	121	0.874	0.161
3834.000000	40	121	0.859	0.157
3840.000000	40	121	0.840	0.151
3846.000000	40	121	0.816	0.145
3852.000000	40	121	0.784	0.139
3858.000000	40	121	0.740	0.131
3864.000000	40	121	0.674	0.123
3870.000000	40	121	0.565	0.116
3876.000000	40	121	0.377	0.106
3882.000000	40	121	0.132	0.088
3888.000000	121	107	0.071	0.060
3894.000000	121	107	0.062	0.062
3900.000000	107	121	0.066	0.057
3906.000000	107	121	0.072	0.053
3912.000000	107	121	0.079	0.049
3918.000000	107	121	0.089	0.046
3924.000000	107	121	0.103	0.043
3930.000000	107	121	0.123	0.038
3936.000000	107	57	0.153	0.035
3942.000000	107	57	0.202	0.040
3948.000000	107	57	0.283	0.046
3954.000000	107	57	0.423	0.055
3960.000000	107	57	0.634	0.070
3966.000000	107	57	0.819	0.087
3972.000000	107	57	0.902	0.105
3978.000000	107	57	0.931	0.123
3984.000000	107	57	0.942	0.141
3990.000000	107	57	0.946	0.160
3996.000000	107	57	0.948	0.179
4002.000000	107	57	0.948	0.201
4008.000000	107	57	0.947	0.225
4014.000000	107	57	0.944	0.250
4020.000000	107	57	0.942	0.275
4026.000000	107	57	0.939	0.298
4032.000000	107	57	0.936	0.319
4038.000000	107	57	0.933	0.340
4044.000000	107	57	0.930	0.358
4050.000000	107	57	0.927	0.376
4056.000000	107	57	0.923	0.394
4062.000000	107	57	0.920	0.418
4068.000000	107	57	0.917	0.440
4074.000000	107	57	0.913	0.459
4080.000000	107	57	0.907	0.483
4086.000000	107	57	0.903	0.506
4092.000000	107	57	0.898	0.529
4098.000000	107	57	0.893	0.551
4104.000000	107	57	0.887	0.571
4110.000000	107	57	0.880	0.598
4116.000000	107	57	0.870	0.623
4122.000000	107	57	0.858	0.642
4128.000000	107	57	0.843	0.662
4134.000000	107	57	0.819	0.686
4140.000000	107	57	0.791	0.702
4146.000000	107	57	0.753	0.713
4152.000000	57	107	0.725	0.697
4158.000000	57	107	0.742	0.611
4164.000000	57	107	0.782	0.467
4170.000000	57	107	0.850	0.265
4176.000000	57	107	0.921	0.095
4182.000000	57	169	0.947	0.062
4188.000000	57	169	0.951	0.063
4194.000000	57	14	0.949	0.065
4200.000000	57	14	0.945	0.073
4206.000000	57	14	0.941	0.081
4212.000000	57	14	0.935	0.091
4218.000000	57	14	0.928	0.102
4224.000000	57	14	0.920	0.115
4230.000000	57	14	0.912	0.127
4236.000000	57	14	0.902	0.140
4242.000000	57	14	0.890	0.154
4248.000000	57	14	0.877	0.170
4254.000000	57	14	0.862	0.187
4260.000000	57	14	0.844	0.204
4266.000000	57	14	0.822	0.222
4272.000000	57	14	0.795	0.240
4278.000000	57	14	0.761	0.257
4284.000000	57	14	0.717	0.275
4290.000000	57	14	0.656	0.296
4296.000000	57	14	0.569	0.322
4302.000000	57	14	0.447	0.350
4308.000000	14	57	0.390	0.289
4314.000000	14	185	0.449	0.211
4320.000000	14	185	0.542	0.226
4326.000000	14	185	0.643	0.243
4332.000000	14	185	0.726	0.266
4338.000000	14	185	0.787	0.296
4344.000000	14	185	0.832	0.332
4350.000000	14	185	0.865	0.366
4356.000000	14	185	0.886	0.396
4362.000000	14	185	0.897	0.426
4368.000000	14	185	0.901	0.457
4374.000000	14	185	0.901	0.485
4380.000000	14	185	0.899	0.511
4386.000000	14	185	0.897	0.536
4392.000000	14	185	0.894	0.559
4398.000000	14	185	0.891	0.579
4404.000000	14	185	0.887	0.592
4410.000000	14	185	0.884	0.602
4416.000000	14	185	0.880	0.608
4422.000000	14	185	0.876	0.612
4428.000000	14	185	0.873	0.612
4434.000000	14	185	0.872	0.608
4440.000000	14	185	0.867	0.605
4446.000000	14	185	0.862	0.600
4452.000000	14	185	0.854	0.595
4458.000000	14	185	0.844	0.590
4464.000000	14	185	0.834	0.579
4470.000000	14	185	0.821	0.562
4476.000000	14	185	0.805	0.538
4482.000000	14	185	0.786	0.507
4488.000000	14	185	0.763	0.460
4494.000000	14	185	0.735	0.391
4500.000000	14	185	0.700	0.291
4506.000000	14	185	0.657	0.162
4512.000000	14	185	0.595	0.057
4518.000000	14	33	0.480	0.051
4524.000000	14	33	0.292	0.045
4530.000000	14	33	0.095	0.034
4536.000000	33	142	0.026	0.020
4542.000000	33	142	0.023	0.017
4548.000000	33	142	0.022	0.015
4554.000000	33	73	0.021	0.014
4560.000000	33	73	0.020	0.015
4566.000000	33	73	0.019	0.016
4572.000000	33	73	0.017	0.016
4578.000000	73	33	0.016	0.015
4584.000000	73	168	0.016	0.015
4590.000000	73	168	0.016	0.015
4596.000000	73	168	0.015	0.015
4602.000000	168	73	0.015	0.015
4608.000000	168	73	0.014	0.014
4614.000000	168	73	0.014	0.013
4620.000000	168	73	0.013	0.012
4626.000000	168	73	0.012	0.011
4632.000000	168	73	0.011	0.010
4638.000000	168	26	0.009	0.009
