0.000000	119	165	0.000	0.000
6.000000	90	36	0.981	0.037
12.000000	90	36	0.980	0.043
18.000000	90	36	0.978	0.051
24.000000	90	36	0.976	0.059
30.000000	90	36	0.974	0.067
36.000000	90	36	0.972	0.074
42.000000	90	36	0.970	0.081
48.000000	90	36	0.967	0.088
54.000000	90	36	0.964	0.096
60.000000	90	36	0.962	0.104
66.000000	90	36	0.959	0.112
72.000000	90	36	0.957	0.119
78.000000	90	36	0.955	0.125
84.000000	90	36	0.953	0.131
90.000000	90	36	0.951	0.136
96.000000	90	36	0.950	0.142
102.000000	90	36	0.948	0.147
108.000000	90	36	0.947	0.153
114.000000	90	36	0.946	0.158
120.000000	90	36	0.944	0.162
126.000000	90	36	0.943	0.165
132.000000	90	36	0.942	0.168
138.000000	90	36	0.941	0.170
144.000000	90	36	0.939	0.171
150.000000	90	36	0.937	0.175
156.000000	90	36	0.935	0.179
162.000000	90	36	0.932	0.184
168.000000	90	36	0.929	0.190
174.000000	90	36	0.924	0.199
180.000000	90	36	0.917	0.211
186.000000	90	36	0.909	0.227
192.000000	90	36	0.898	0.248
198.000000	90	36	0.884	0.274
204.000000	90	36	0.867	0.305
210.000000	90	36	0.843	0.343
216.000000	90	36	0.812	0.386
222.000000	90	36	0.769	0.435
228.000000	90	36	0.704	0.486
234.000000	90	36	0.595	0.548
240.000000	36	90	0.627	0.417
246.000000	36	196	0.731	0.418
252.000000	36	196	0.828	0.482
258.000000	36	196	0.870	0.546
264.000000	36	196	0.883	0.596
270.000000	36	196	0.883	0.631
276.000000	36	196	0.880	0.653
282.000000	36	196	0.875	0.669
288.000000	36	196	0.870	0.680
294.000000	36	196	0.864	0.687
300.000000	36	196	0.859	0.690
306.000000	36	196	0.853	0.691
312.000000	36	196	0.848	0.690
318.000000	36	196	0.842	0.687
324.000000	36	196	0.837	0.683
330.000000	36	196	0.830	0.677
336.000000	36	196	0.823	0.670
342.000000	36	196	0.815	0.661
348.000000	36	196	0.804	0.654
354.000000	36	196	0.794	0.641
360.000000	36	196	0.782	0.623
366.000000	36	196	0.769	0.600
372.000000	36	196	0.754	0.567
378.000000	36	196	0.743	0.519
384.000000	36	196	0.725	0.454
390.000000	36	196	0.704	0.365
396.000000	36	196	0.682	0.242
402.000000	36	196	0.665	0.115
408.000000	36	82	0.631	0.071
414.000000	36	82	0.567	0.068
420.000000	36	82	0.464	0.064
426.000000	36	82	0.308	0.058
432.000000	36	157	0.141	0.052
438.000000	157	112	0.052	0.049
444.000000	112	157	0.056	0.055
450.000000	112	157	0.065	0.059
456.000000	112	157	0.077	0.065
462.000000	112	157	0.096	0.072
468.000000	112	157	0.124	0.081
474.000000	112	157	0.169	0.092
480.000000	112	157	0.246	0.103
486.000000	112	157	0.372	0.113
492.000000	112	157	0.548	0.117
498.000000	112	157	0.718	0.118
504.000000	112	157	0.822	0.114
510.000000	112	107	0.879	0.120
516.000000	112	107	0.903	0.133
522.000000	112	107	0.915	0.145
528.000000	112	107	0.921	0.157
534.000000	112	107	0.927	0.167
540.000000	112	107	0.927	0.175
546.000000	112	107	0.927	0.183
552.000000	112	107	0.929	0.188
558.000000	112	107	0.933	0.190
564.000000	112	107	0.933	0.193
570.000000	112	107	0.932	0.195
576.000000	112	107	0.931	0.196
582.000000	112	107	0.931	0.195
588.000000	112	107	0.931	0.193
594.000000	112	107	0.932	0.188
600.000000	112	107	0.937	0.179
606.000000	112	107	0.940	0.171
612.000000	112	107	0.942	0.161
618.000000	112	107	0.942	0.150
624.000000	112	107	0.942	0.137
630.000000	112	107	0.941	0.122
636.000000	112	107	0.940	0.108
642.000000	112	107	0.939	0.095
648.000000	112	107	0.937	0.081
654.000000	112	107	0.934	0.067
660.000000	112	7	0.930	0.056
666.000000	112	7	0.925	0.060
672.000000	112	7	0.918	0.063
678.000000	112	7	0.911	0.066
684.000000	112	7	0.901	0.068
690.000000	112	7	0.890	0.071
696.000000	112	7	0.877	0.073
702.000000	112	7	0.861	0.074
708.000000	112	7	0.842	0.075
714.000000	112	7	0.817	0.076
720.000000	112	7	0.784	0.075
726.000000	112	7	0.738	0.074
732.000000	112	7	0.669	0.071
738.000000	112	7	0.555	0.068
744.000000	112	32	0.359	0.064
750.000000	112	115	0.111	0.056
756.000000	115	32	0.058	0.052
762.000000	115	32	0.062	0.054
768.000000	115	32	0.068	0.056
774.000000	115	32	0.075	0.059
780.000000	115	32	0.084	0.063
786.000000	115	32	0.098	0.068
792.000000	115	32	0.116	0.075
798.000000	115	32	0.143	0.083
804.000000	115	32	0.186	0.092
810.000000	115	32	0.259	0.105
816.000000	115	32	0.386	0.119
822.000000	115	32	0.589	0.134
828.000000	115	32	0.784	0.145
834.000000	115	32	0.880	0.152
840.000000	115	32	0.922	0.156
846.000000	115	32	0.940	0.161
852.000000	115	32	0.944	0.165
858.000000	115	32	0.945	0.168
864.000000	115	32	0.944	0.168
870.000000	115	32	0.942	0.166
876.000000	115	32	0.940	0.161
882.000000	115	32	0.939	0.155
888.000000	115	158	0.937	0.147
894.000000	115	158	0.936	0.151
900.000000	115	158	0.936	0.154
906.000000	115	132	0.938	0.155
912.000000	115	132	0.938	0.159
918.000000	115	132	0.940	0.162
924.000000	115	132	0.941	0.165
930.000000	115	132	0.942	0.168
936.000000	115	132	0.944	0.169
942.000000	115	132	0.943	0.168
948.000000	115	132	0.942	0.167
954.000000	115	132	0.940	0.165
960.000000	115	132	0.938	0.162
966.000000	115	132	0.934	0.157
972.000000	115	132	0.930	0.151
978.000000	115	8	0.925	0.147
984.000000	115	8	0.919	0.150
990.000000	115	8	0.911	0.152
996.000000	115	8	0.903	0.152
1002.000000	115	8	0.894	0.152
1008.000000	115	8	0.882	0.152
1014.000000	115	8	0.869	0.151
1020.000000	115	8	0.852	0.148
1026.000000	115	8	0.831	0.144
1032.000000	115	8	0.805	0.139
1038.000000	115	8	0.768	0.133
1044.000000	115	8	0.715	0.125
1050.000000	115	8	0.632	0.117
1056.000000	115	8	0.490	0.106
1062.000000	115	8	0.259	0.091
1068.000000	54	8	0.094	0.070
1074.000000	54	8	0.106	0.057
1080.000000	54	8	0.130	0.049
1086.000000	54	8	0.169	0.043
1092.000000	54	8	0.237	0.038
1098.000000	54	64	0.358	0.037
1104.000000	54	64	0.549	0.048
1110.000000	54	64	0.747	0.059
1116.000000	54	64	0.862	0.068
1122.000000	54	64	0.909	0.075
1128.000000	54	64	0.927	0.084
1134.000000	54	64	0.935	0.093
1140.000000	54	64	0.941	0.104
1146.000000	54	64	0.942	0.116
1152.000000	54	64	0.942	0.129
1158.000000	54	64	0.941	0.141
1164.000000	54	64	0.939	0.152
1170.000000	54	64	0.937	0.163
1176.000000	54	64	0.934	0.171
1182.000000	54	64	0.932	0.178
1188.000000	54	64	0.930	0.183
1194.000000	54	64	0.928	0.188
1200.000000	54	64	0.926	0.191
1206.000000	54	64	0.925	0.194
1212.000000	54	64	0.923	0.196
1218.000000	54	64	0.922	0.197
1224.000000	54	64	0.923	0.198
1230.000000	54	64	0.924	0.199
1236.000000	54	64	0.924	0.199
1242.000000	54	64	0.923	0.199
1248.000000	54	64	0.921	0.198
1254.000000	54	64	0.918	0.196
1260.000000	54	64	0.915	0.193
1266.000000	54	64	0.910	0.187
1272.000000	54	64	0.905	0.179
1278.000000	54	64	0.898	0.168
1284.000000	54	64	0.890	0.156
1290.000000	54	64	0.880	0.142
1296.000000	54	64	0.868	0.126
1302.000000	54	64	0.852	0.109
1308.000000	54	64	0.831	0.093
1314.000000	54	64	0.805	0.077
1320.000000	54	64	0.768	0.063
1326.000000	54	146	0.714	0.054
1332.000000	54	146	0.630	0.051
1338.000000	54	146	0.487	0.046
1344.000000	54	146	0.255	0.037
1350.000000	54	89	0.043	0.034
1356.000000	89	196	0.031	0.023
1362.000000	89	196	0.028	0.023
1368.000000	89	196	0.024	0.022
1374.000000	196	89	0.022	0.021
1380.000000	196	89	0.021	0.018
1386.000000	196	89	0.020	0.015
1392.000000	196	23	0.019	0.016
1398.000000	196	23	0.017	0.017
1404.000000	23	196	0.017	0.016
1410.000000	23	196	0.018	0.014
1416.000000	23	196	0.018	0.012
1422.000000	23	196	0.017	0.010
1428.000000	23	4	0.017	0.008
1434.000000	23	4	0.016	0.008
1440.000000	23	4	0.015	0.008
1446.000000	23	4	0.014	0.007
1452.000000	23	4	0.013	0.007
1458.000000	23	4	0.011	0.007
1464.000000	23	175	0.010	0.007
