0.000000	119	165	0.000	0.000
6.000000	147	155	0.981	0.036
12.000000	147	155	0.979	0.041
18.000000	147	155	0.978	0.046
24.000000	147	155	0.976	0.053
30.000000	147	155	0.973	0.059
36.000000	147	155	0.971	0.067
42.000000	147	155	0.968	0.074
48.000000	147	155	0.965	0.082
54.000000	147	155	0.962	0.089
60.000000	147	155	0.960	0.096
66.000000	147	155	0.957	0.103
72.000000	147	155	0.954	0.110
78.000000	147	155	0.951	0.117
84.000000	147	155	0.949	0.123
90.000000	147	155	0.946	0.129
96.000000	147	155	0.944	0.135
102.000000	147	155	0.942	0.140
108.000000	147	155	0.939	0.145
114.000000	147	155	0.937	0.150
120.000000	147	155	0.935	0.155
126.000000	147	155	0.932	0.157
132.000000	147	155	0.930	0.159
138.000000	147	155	0.927	0.162
144.000000	147	155	0.924	0.162
150.000000	147	155	0.921	0.161
156.000000	147	155	0.918	0.158
162.000000	147	53	0.914	0.164
168.000000	147	53	0.908	0.172
174.000000	147	53	0.902	0.184
180.000000	147	53	0.893	0.200
186.000000	147	53	0.881	0.223
192.000000	147	53	0.866	0.256
198.000000	147	53	0.846	0.300
204.000000	147	53	0.819	0.365
210.000000	147	53	0.779	0.452
216.000000	147	53	0.721	0.549
222.000000	53	147	0.644	0.627
228.000000	53	147	0.732	0.469
234.000000	53	147	0.836	0.239
240.000000	53	96	0.927	0.071
246.000000	53	96	0.960	0.074
252.000000	53	96	0.963	0.081
258.000000	53	96	0.961	0.088
264.000000	53	96	0.958	0.095
270.000000	53	96	0.955	0.101
276.000000	53	96	0.951	0.106
282.000000	53	96	0.948	0.110
288.000000	53	78	0.944	0.114
294.000000	53	78	0.941	0.122
300.000000	53	78	0.937	0.130
306.000000	53	78	0.933	0.137
312.000000	53	78	0.930	0.145
318.000000	53	78	0.926	0.153
324.000000	53	78	0.922	0.160
330.000000	53	78	0.918	0.165
336.000000	53	78	0.913	0.171
342.000000	53	78	0.909	0.176
348.000000	53	78	0.904	0.183
354.000000	53	78	0.898	0.190
360.000000	53	78	0.892	0.195
366.000000	53	78	0.884	0.200
372.000000	53	78	0.876	0.204
378.000000	53	78	0.866	0.208
384.000000	53	78	0.854	0.213
390.000000	53	78	0.840	0.217
396.000000	53	78	0.822	0.221
402.000000	53	78	0.800	0.226
408.000000	53	78	0.770	0.232
414.000000	53	78	0.728	0.238
420.000000	53	78	0.666	0.247
426.000000	53	78	0.569	0.259
432.000000	53	78	0.406	0.281
438.000000	78	53	0.316	0.181
444.000000	78	46	0.381	0.059
450.000000	78	46	0.513	0.058
456.000000	78	46	0.669	0.060
462.000000	78	46	0.785	0.064
468.000000	78	46	0.852	0.066
474.000000	78	81	0.888	0.067
480.000000	78	81	0.902	0.078
486.000000	78	81	0.908	0.089
492.000000	78	81	0.913	0.100
498.000000	78	81	0.915	0.111
504.000000	78	81	0.916	0.121
510.000000	78	81	0.916	0.129
516.000000	78	81	0.915	0.136
522.000000	78	81	0.915	0.141
528.000000	78	81	0.915	0.144
534.000000	78	81	0.916	0.146
540.000000	78	81	0.915	0.147
546.000000	78	81	0.913	0.147
552.000000	78	81	0.912	0.146
558.000000	78	81	0.910	0.145
564.000000	78	81	0.908	0.143
570.000000	78	81	0.907	0.141
576.000000	78	81	0.907	0.137
582.000000	78	81	0.907	0.132
588.000000	78	81	0.906	0.125
594.000000	78	81	0.904	0.116
600.000000	78	81	0.901	0.105
606.000000	78	81	0.897	0.094
612.000000	78	81	0.891	0.081
618.000000	78	193	0.884	0.073
624.000000	78	193	0.876	0.065
630.000000	78	193	0.865	0.056
636.000000	78	73	0.851	0.052
642.000000	78	15	0.833	0.050
648.000000	78	15	0.809	0.049
654.000000	78	15	0.776	0.048
660.000000	78	15	0.729	0.046
666.000000	78	73	0.656	0.044
672.000000	78	73	0.533	0.042
678.000000	78	73	0.322	0.037
684.000000	78	73	0.084	0.028
690.000000	67	73	0.021	0.020
696.000000	67	123	0.019	0.017
702.000000	67	86	0.018	0.017
708.000000	86	123	0.018	0.017
714.000000	86	123	0.018	0.016
720.000000	86	123	0.018	0.016
726.000000	86	123	0.017	0.016
732.000000	86	123	0.017	0.015
738.000000	86	123	0.016	0.015
744.000000	86	123	0.015	0.015
750.000000	123	64	0.014	0.014
756.000000	64	123	0.014	0.013
762.000000	64	123	0.013	0.012
768.000000	64	123	0.013	0.011
774.000000	64	123	0.012	0.010
780.000000	64	123	0.011	0.008
786.000000	64	140	0.010	0.008
792.000000	64	140	0.009	0.007
