0.000000	119	165	0.000	0.000
6.000000	5	87	0.981	0.058
12.000000	5	87	0.980	0.065
18.000000	5	87	0.978	0.073
24.000000	5	87	0.977	0.083
30.000000	5	87	0.974	0.095
36.000000	5	87	0.972	0.107
42.000000	5	87	0.969	0.120
48.000000	5	87	0.966	0.133
54.000000	5	87	0.963	0.148
60.000000	5	87	0.960	0.162
66.000000	5	87	0.957	0.177
72.000000	5	87	0.954	0.191
78.000000	5	87	0.951	0.203
84.000000	5	87	0.947	0.215
90.000000	5	87	0.944	0.226
96.000000	5	87	0.942	0.235
102.000000	5	87	0.939	0.244
108.000000	5	87	0.936	0.252
114.000000	5	87	0.933	0.258
120.000000	5	87	0.931	0.265
126.000000	5	87	0.928	0.272
132.000000	5	87	0.925	0.279
138.000000	5	87	0.922	0.288
144.000000	5	87	0.918	0.298
150.000000	5	87	0.915	0.305
156.000000	5	87	0.911	0.314
162.000000	5	87	0.907	0.325
168.000000	5	87	0.901	0.343
174.000000	5	87	0.895	0.366
180.000000	5	87	0.886	0.398
186.000000	5	87	0.874	0.439
192.000000	5	87	0.858	0.486
198.000000	5	87	0.838	0.540
204.000000	5	87	0.812	0.595
210.000000	5	87	0.776	0.646
216.000000	5	87	0.724	0.693
222.000000	87	5	0.732	0.644
228.000000	87	5	0.796	0.502
234.000000	87	5	0.873	0.298
240.000000	87	5	0.934	0.122
246.000000	87	144	0.954	0.073
252.000000	87	126	0.953	0.076
258.000000	87	126	0.948	0.081
264.000000	87	104	0.942	0.089
270.000000	87	104	0.935	0.097
276.000000	87	104	0.927	0.106
282.000000	87	104	0.918	0.115
288.000000	87	104	0.909	0.124
294.000000	87	104	0.898	0.132
300.000000	87	90	0.887	0.143
306.000000	87	90	0.874	0.157
312.000000	87	90	0.859	0.174
318.000000	87	90	0.843	0.187
324.000000	87	90	0.825	0.197
330.000000	87	90	0.805	0.206
336.000000	87	90	0.780	0.214
342.000000	87	90	0.751	0.221
348.000000	87	90	0.717	0.228
354.000000	87	90	0.672	0.237
360.000000	87	90	0.614	0.249
366.000000	87	90	0.540	0.262
372.000000	87	90	0.442	0.279
378.000000	87	90	0.316	0.303
384.000000	90	87	0.341	0.177
390.000000	90	126	0.411	0.163
396.000000	90	126	0.518	0.158
402.000000	90	126	0.647	0.153
408.000000	90	126	0.765	0.152
414.000000	90	126	0.840	0.149
420.000000	90	126	0.882	0.145
426.000000	90	126	0.903	0.142
432.000000	90	126	0.919	0.136
438.000000	90	126	0.925	0.133
444.000000	90	126	0.928	0.127
450.000000	90	36	0.930	0.127
456.000000	90	36	0.930	0.132
462.000000	90	36	0.932	0.135
468.000000	90	36	0.937	0.136
474.000000	90	36	0.941	0.137
480.000000	90	36	0.940	0.139
486.000000	90	36	0.939	0.140
492.000000	90	36	0.938	0.140
498.000000	90	36	0.937	0.139
504.000000	90	36	0.935	0.137
510.000000	90	36	0.932	0.134
516.000000	90	36	0.929	0.132
522.000000	90	36	0.924	0.128
528.000000	90	36	0.919	0.124
534.000000	90	166	0.914	0.122
540.000000	90	166	0.907	0.122
546.000000	90	166	0.899	0.123
552.000000	90	166	0.890	0.122
558.000000	90	166	0.879	0.122
564.000000	90	166	0.866	0.121
570.000000	90	166	0.849	0.120
576.000000	90	166	0.830	0.119
582.000000	90	166	0.804	0.117
588.000000	90	166	0.772	0.115
594.000000	90	166	0.727	0.112
600.000000	90	105	0.662	0.110
606.000000	90	105	0.561	0.115
612.000000	90	105	0.397	0.123
618.000000	90	105	0.178	0.131
624.000000	105	106	0.145	0.102
630.000000	105	106	0.171	0.112
636.000000	105	106	0.214	0.128
642.000000	105	106	0.279	0.151
648.000000	105	106	0.377	0.183
654.000000	105	106	0.511	0.224
660.000000	105	106	0.659	0.275
666.000000	105	106	0.760	0.332
672.000000	105	106	0.810	0.390
678.000000	105	106	0.830	0.448
684.000000	105	106	0.842	0.498
690.000000	105	106	0.850	0.535
696.000000	105	106	0.854	0.564
702.000000	105	106	0.855	0.587
708.000000	105	106	0.859	0.606
714.000000	105	106	0.865	0.624
720.000000	105	106	0.865	0.641
726.000000	105	106	0.866	0.657
732.000000	105	106	0.867	0.673
738.000000	105	106	0.868	0.687
744.000000	105	106	0.873	0.701
750.000000	105	106	0.874	0.714
756.000000	105	106	0.876	0.721
762.000000	105	106	0.879	0.723
768.000000	105	106	0.880	0.725
774.000000	105	106	0.880	0.724
780.000000	105	106	0.877	0.722
786.000000	105	106	0.875	0.720
792.000000	105	106	0.870	0.715
798.000000	105	106	0.863	0.708
804.000000	105	106	0.854	0.698
810.000000	105	106	0.844	0.686
816.000000	105	106	0.829	0.673
822.000000	105	106	0.811	0.660
828.000000	105	106	0.791	0.640
834.000000	105	106	0.769	0.609
840.000000	105	106	0.740	0.565
846.000000	105	106	0.704	0.501
852.000000	105	106	0.661	0.404
858.000000	105	106	0.602	0.273
864.000000	105	106	0.506	0.137
870.000000	105	109	0.338	0.052
876.000000	105	109	0.130	0.046
882.000000	109	127	0.041	0.028
888.000000	109	127	0.040	0.026
894.000000	109	127	0.040	0.023
900.000000	109	127	0.040	0.021
906.000000	109	112	0.042	0.022
912.000000	109	112	0.043	0.024
918.000000	109	112	0.046	0.026
924.000000	109	112	0.048	0.028
930.000000	109	112	0.051	0.030
936.000000	109	112	0.053	0.033
942.000000	109	112	0.056	0.036
948.000000	109	112	0.059	0.039
954.000000	109	112	0.063	0.042
960.000000	109	112	0.067	0.046
966.000000	109	112	0.071	0.050
972.000000	109	112	0.076	0.055
978.000000	109	112	0.082	0.062
984.000000	109	112	0.090	0.070
990.000000	109	112	0.101	0.081
996.000000	109	112	0.115	0.097
1002.000000	109	112	0.135	0.119
1008.000000	109	112	0.165	0.155
1014.000000	112	109	0.211	0.211
1020.000000	112	109	0.303	0.280
1026.000000	112	109	0.439	0.378
1032.000000	112	109	0.595	0.498
1038.000000	112	109	0.707	0.610
1044.000000	112	109	0.756	0.688
1050.000000	112	109	0.776	0.733
1056.000000	112	109	0.788	0.758
1062.000000	112	109	0.797	0.770
1068.000000	112	109	0.803	0.776
1074.000000	112	109	0.805	0.780
1080.000000	112	109	0.807	0.781
1086.000000	112	109	0.806	0.781
1092.000000	112	109	0.804	0.779
1098.000000	112	109	0.802	0.778
1104.000000	112	109	0.801	0.776
1110.000000	112	109	0.801	0.774
1116.000000	112	109	0.799	0.775
1122.000000	112	109	0.798	0.774
1128.000000	112	109	0.799	0.777
1134.000000	112	109	0.798	0.776
1140.000000	112	109	0.796	0.774
1146.000000	112	109	0.795	0.770
1152.000000	112	109	0.791	0.763
1158.000000	112	109	0.784	0.753
1164.000000	112	109	0.779	0.741
1170.000000	112	109	0.773	0.725
1176.000000	112	109	0.764	0.706
1182.000000	112	109	0.751	0.682
1188.000000	112	109	0.733	0.654
1194.000000	112	109	0.715	0.613
1200.000000	112	109	0.695	0.551
1206.000000	112	109	0.677	0.455
1212.000000	112	109	0.665	0.312
1218.000000	112	109	0.683	0.144
1224.000000	112	107	0.707	0.057
1230.000000	112	107	0.708	0.056
1236.000000	112	107	0.697	0.057
1242.000000	112	107	0.680	0.060
1248.000000	112	107	0.652	0.064
1254.000000	112	107	0.607	0.068
1260.000000	112	107	0.537	0.072
1266.000000	112	107	0.430	0.075
1272.000000	112	107	0.281	0.077
1278.000000	112	107	0.133	0.078
1284.000000	107	140	0.078	0.064
1290.000000	107	140	0.079	0.065
1296.000000	107	140	0.084	0.067
1302.000000	107	140	0.091	0.068
1308.000000	107	134	0.102	0.070
1314.000000	107	134	0.117	0.075
1320.000000	107	134	0.137	0.081
1326.000000	107	134	0.162	0.088
1332.000000	107	134	0.196	0.095
1338.000000	107	134	0.241	0.103
1344.000000	107	13	0.302	0.126
1350.000000	107	13	0.373	0.153
1356.000000	107	13	0.448	0.181
1362.000000	107	13	0.518	0.209
1368.000000	107	13	0.574	0.235
1374.000000	107	13	0.615	0.259
1380.000000	107	13	0.644	0.278
1386.000000	107	13	0.663	0.292
1392.000000	107	13	0.678	0.304
1398.000000	107	13	0.689	0.312
1404.000000	107	13	0.702	0.318
1410.000000	107	13	0.718	0.323
1416.000000	107	13	0.732	0.325
1422.000000	107	13	0.748	0.323
1428.000000	107	13	0.764	0.323
1434.000000	107	13	0.783	0.322
1440.000000	107	13	0.798	0.318
1446.000000	107	13	0.813	0.312
1452.000000	107	13	0.831	0.303
1458.000000	107	13	0.849	0.295
1464.000000	107	13	0.867	0.281
1470.000000	107	13	0.882	0.261
1476.000000	107	13	0.901	0.232
1482.000000	107	13	0.915	0.197
1488.000000	107	167	0.921	0.182
1494.000000	107	167	0.922	0.174
1500.000000	107	167	0.928	0.157
1506.000000	107	167	0.928	0.144
1512.000000	107	167	0.926	0.131
1518.000000	107	167	0.922	0.119
1524.000000	107	167	0.917	0.106
1530.000000	107	57	0.914	0.100
1536.000000	107	57	0.907	0.105
1542.000000	107	57	0.898	0.110
1548.000000	107	57	0.888	0.115
1554.000000	107	57	0.876	0.120
1560.000000	107	57	0.861	0.125
1566.000000	107	57	0.844	0.129
1572.000000	107	57	0.822	0.135
1578.000000	107	57	0.795	0.141
1584.000000	107	57	0.759	0.149
1590.000000	107	57	0.707	0.156
1596.000000	107	57	0.629	0.162
1602.000000	107	57	0.501	0.169
1608.000000	107	57	0.299	0.174
1614.000000	57	107	0.181	0.092
1620.000000	57	19	0.200	0.091
1626.000000	57	19	0.244	0.095
1632.000000	57	19	0.326	0.100
1638.000000	57	19	0.460	0.106
1644.000000	57	19	0.625	0.111
1650.000000	57	19	0.763	0.111
1656.000000	57	19	0.851	0.113
1662.000000	57	19	0.890	0.117
1668.000000	57	19	0.907	0.119
1674.000000	57	19	0.915	0.120
1680.000000	57	19	0.919	0.118
1686.000000	57	19	0.921	0.115
1692.000000	57	19	0.923	0.111
1698.000000	57	14	0.924	0.121
1704.000000	57	14	0.924	0.133
1710.000000	57	14	0.924	0.146
1716.000000	57	14	0.924	0.158
1722.000000	57	14	0.925	0.170
1728.000000	57	14	0.925	0.183
1734.000000	57	14	0.924	0.196
1740.000000	57	14	0.924	0.208
1746.000000	57	14	0.926	0.223
1752.000000	57	14	0.929	0.237
1758.000000	57	14	0.930	0.252
1764.000000	57	14	0.930	0.267
1770.000000	57	14	0.928	0.284
1776.000000	57	14	0.925	0.305
1782.000000	57	14	0.921	0.328
1788.000000	57	14	0.915	0.352
1794.000000	57	14	0.909	0.380
1800.000000	57	14	0.900	0.414
1806.000000	57	14	0.888	0.453
1812.000000	57	14	0.874	0.497
1818.000000	57	14	0.856	0.546
1824.000000	57	14	0.832	0.600
1830.000000	57	14	0.799	0.646
1836.000000	57	14	0.755	0.681
1842.000000	14	57	0.709	0.687
1848.000000	14	57	0.743	0.572
1854.000000	14	57	0.796	0.385
1860.000000	14	57	0.878	0.162
1866.000000	14	117	0.937	0.060
1872.000000	14	117	0.957	0.059
1878.000000	14	142	0.957	0.063
1884.000000	14	33	0.954	0.067
1890.000000	14	37	0.951	0.072
1896.000000	14	37	0.947	0.078
1902.000000	14	37	0.942	0.082
1908.000000	14	37	0.938	0.086
1914.000000	14	37	0.934	0.089
1920.000000	14	37	0.929	0.091
1926.000000	14	37	0.924	0.093
1932.000000	14	37	0.919	0.094
1938.000000	14	37	0.914	0.095
1944.000000	14	37	0.909	0.096
1950.000000	14	37	0.903	0.096
1956.000000	14	33	0.896	0.097
1962.000000	14	33	0.889	0.097
1968.000000	14	33	0.882	0.097
1974.000000	14	33	0.873	0.096
1980.000000	14	33	0.863	0.094
1986.000000	14	33	0.852	0.092
1992.000000	14	33	0.839	0.089
1998.000000	14	33	0.824	0.085
2004.000000	14	33	0.803	0.081
2010.000000	14	33	0.777	0.077
2016.000000	14	33	0.740	0.072
2022.000000	14	33	0.685	0.066
2028.000000	14	33	0.597	0.058
2034.000000	14	33	0.447	0.049
2040.000000	14	33	0.222	0.035
2046.000000	14	28	0.040	0.029
2052.000000	28	93	0.028	0.018
2058.000000	28	93	0.028	0.018
2064.000000	28	93	0.027	0.017
2070.000000	28	93	0.027	0.016
2076.000000	28	93	0.025	0.014
2082.000000	28	93	0.024	0.013
2088.000000	28	93	0.022	0.012
2094.000000	28	93	0.020	0.010
2100.000000	28	164	0.018	0.008
2106.000000	28	49	0.015	0.008
2112.000000	28	49	0.013	0.008
2118.000000	28	49	0.010	0.008
2124.000000	49	28	0.008	0.008
