0.000000	119	165	0.000	0.000
6.000000	171	133	0.981	0.068
12.000000	171	133	0.979	0.077
18.000000	171	133	0.978	0.088
24.000000	171	133	0.976	0.102
30.000000	171	133	0.973	0.121
36.000000	171	133	0.970	0.143
42.000000	171	133	0.968	0.169
48.000000	171	133	0.964	0.198
54.000000	171	133	0.961	0.229
60.000000	171	133	0.958	0.263
66.000000	171	133	0.955	0.297
72.000000	171	133	0.951	0.333
78.000000	171	133	0.948	0.369
84.000000	171	133	0.945	0.403
90.000000	171	133	0.942	0.436
96.000000	171	133	0.938	0.466
102.000000	171	133	0.935	0.494
108.000000	171	133	0.932	0.521
114.000000	171	133	0.928	0.542
120.000000	171	133	0.924	0.561
126.000000	171	133	0.920	0.577
132.000000	171	133	0.916	0.593
138.000000	171	133	0.910	0.612
144.000000	171	133	0.903	0.638
150.000000	171	133	0.896	0.665
156.000000	171	133	0.886	0.698
162.000000	171	133	0.874	0.719
168.000000	171	133	0.859	0.735
174.000000	171	133	0.837	0.752
180.000000	171	133	0.806	0.771
186.000000	133	171	0.786	0.765
192.000000	133	171	0.798	0.709
198.000000	133	171	0.818	0.622
204.000000	133	171	0.855	0.486
210.000000	133	171	0.900	0.305
216.000000	133	171	0.940	0.143
222.000000	133	164	0.954	0.067
228.000000	133	164	0.953	0.070
234.000000	133	164	0.949	0.072
240.000000	133	164	0.944	0.075
246.000000	133	164	0.939	0.078
252.000000	133	82	0.932	0.085
258.000000	133	82	0.925	0.093
264.000000	133	82	0.917	0.099
270.000000	133	82	0.908	0.104
276.000000	133	82	0.899	0.109
282.000000	133	82	0.889	0.112
288.000000	133	82	0.877	0.115
294.000000	133	82	0.864	0.117
300.000000	133	82	0.849	0.118
306.000000	133	82	0.832	0.119
312.000000	133	82	0.811	0.120
318.000000	133	82	0.785	0.121
324.000000	133	82	0.751	0.121
330.000000	133	82	0.704	0.121
336.000000	133	82	0.635	0.122
342.000000	133	82	0.536	0.121
348.000000	133	51	0.387	0.126
354.000000	133	51	0.201	0.135
360.000000	51	13	0.147	0.111
366.000000	51	13	0.166	0.112
372.000000	51	13	0.198	0.115
378.000000	51	82	0.247	0.125
384.000000	51	82	0.322	0.140
390.000000	51	82	0.433	0.158
396.000000	51	82	0.571	0.178
402.000000	51	82	0.693	0.197
408.000000	51	82	0.779	0.218
414.000000	51	82	0.825	0.242
420.000000	51	82	0.850	0.265
426.000000	51	82	0.865	0.286
432.000000	51	82	0.876	0.305
438.000000	51	82	0.881	0.320
444.000000	51	82	0.885	0.332
450.000000	51	82	0.885	0.342
456.000000	51	82	0.886	0.351
462.000000	51	82	0.886	0.358
468.000000	51	82	0.886	0.364
474.000000	51	82	0.887	0.367
480.000000	51	82	0.891	0.367
486.000000	51	82	0.894	0.365
492.000000	51	82	0.894	0.359
498.000000	51	82	0.896	0.347
504.000000	51	82	0.896	0.331
510.000000	51	82	0.896	0.309
516.000000	51	82	0.898	0.281
522.000000	51	82	0.899	0.245
528.000000	51	82	0.902	0.197
534.000000	51	73	0.905	0.196
540.000000	51	73	0.904	0.204
546.000000	51	73	0.902	0.214
552.000000	51	73	0.903	0.225
558.000000	51	73	0.897	0.241
564.000000	51	73	0.888	0.260
570.000000	51	73	0.877	0.281
576.000000	51	73	0.861	0.306
582.000000	51	73	0.844	0.335
588.000000	51	73	0.821	0.369
594.000000	51	73	0.789	0.407
600.000000	51	73	0.742	0.451
606.000000	51	73	0.673	0.499
612.000000	51	73	0.565	0.555
618.000000	73	51	0.632	0.393
624.000000	73	51	0.724	0.183
630.000000	73	44	0.812	0.144
636.000000	73	44	0.871	0.136
642.000000	73	44	0.898	0.126
648.000000	73	44	0.913	0.115
654.000000	73	71	0.922	0.110
660.000000	73	71	0.927	0.123
666.000000	73	71	0.930	0.138
672.000000	73	71	0.930	0.153
678.000000	73	71	0.928	0.168
684.000000	73	71	0.928	0.184
690.000000	73	71	0.927	0.199
696.000000	73	71	0.925	0.213
702.000000	73	71	0.923	0.227
708.000000	73	71	0.920	0.242
714.000000	73	71	0.917	0.256
720.000000	73	71	0.913	0.270
726.000000	73	71	0.909	0.283
732.000000	73	71	0.905	0.299
738.000000	73	71	0.900	0.317
744.000000	73	71	0.894	0.339
750.000000	73	71	0.886	0.368
756.000000	73	71	0.877	0.403
762.000000	73	71	0.865	0.448
768.000000	73	71	0.849	0.497
774.000000	73	71	0.827	0.553
780.000000	73	71	0.796	0.606
786.000000	73	71	0.755	0.653
792.000000	71	73	0.707	0.688
798.000000	71	73	0.750	0.593
804.000000	71	73	0.797	0.441
810.000000	71	73	0.858	0.240
816.000000	71	78	0.922	0.090
822.000000	71	147	0.951	0.089
828.000000	71	147	0.955	0.094
834.000000	71	147	0.954	0.098
840.000000	71	147	0.951	0.102
846.000000	71	147	0.948	0.105
852.000000	71	147	0.944	0.107
858.000000	71	147	0.940	0.109
864.000000	71	147	0.936	0.110
870.000000	71	126	0.931	0.113
876.000000	71	126	0.926	0.120
882.000000	71	126	0.922	0.125
888.000000	71	126	0.916	0.130
894.000000	71	126	0.911	0.134
900.000000	71	126	0.905	0.137
906.000000	71	126	0.900	0.140
912.000000	71	126	0.894	0.143
918.000000	71	126	0.887	0.144
924.000000	71	126	0.880	0.145
930.000000	71	126	0.872	0.145
936.000000	71	126	0.862	0.146
942.000000	71	126	0.851	0.145
948.000000	71	84	0.837	0.144
954.000000	71	84	0.820	0.150
960.000000	71	84	0.798	0.156
966.000000	71	84	0.768	0.164
972.000000	71	84	0.727	0.173
978.000000	71	84	0.665	0.184
984.000000	71	84	0.567	0.198
990.000000	71	84	0.402	0.217
996.000000	84	71	0.243	0.178
1002.000000	84	164	0.297	0.089
1008.000000	84	164	0.403	0.092
1014.000000	84	164	0.562	0.095
1020.000000	84	164	0.728	0.099
1026.000000	84	164	0.833	0.104
1032.000000	84	164	0.888	0.115
1038.000000	84	164	0.911	0.124
1044.000000	84	164	0.919	0.134
1050.000000	84	164	0.922	0.146
1056.000000	84	164	0.923	0.158
1062.000000	84	164	0.923	0.171
1068.000000	84	164	0.923	0.184
1074.000000	84	164	0.921	0.196
1080.000000	84	164	0.919	0.209
1086.000000	84	164	0.917	0.219
1092.000000	84	164	0.915	0.228
1098.000000	84	164	0.913	0.236
1104.000000	84	164	0.911	0.242
1110.000000	84	164	0.910	0.247
1116.000000	84	164	0.908	0.251
1122.000000	84	164	0.907	0.252
1128.000000	84	164	0.906	0.250
1134.000000	84	164	0.904	0.246
1140.000000	84	164	0.905	0.238
1146.000000	84	164	0.906	0.225
1152.000000	84	164	0.908	0.207
1158.000000	84	164	0.910	0.185
1164.000000	84	164	0.910	0.157
1170.000000	84	164	0.910	0.124
1176.000000	84	81	0.907	0.091
1182.000000	84	81	0.903	0.090
1188.000000	84	81	0.896	0.089
1194.000000	84	81	0.887	0.089
1200.000000	84	81	0.875	0.089
1206.000000	84	81	0.860	0.088
1212.000000	84	81	0.841	0.087
1218.000000	84	81	0.817	0.085
1224.000000	84	81	0.784	0.082
1230.000000	84	81	0.738	0.077
1236.000000	84	81	0.668	0.071
1242.000000	84	81	0.551	0.063
1248.000000	84	81	0.347	0.053
1254.000000	84	81	0.101	0.040
1260.000000	81	179	0.031	0.029
1266.000000	179	81	0.029	0.023
1272.000000	179	31	0.029	0.023
1278.000000	179	31	0.028	0.023
1284.000000	179	31	0.026	0.024
1290.000000	179	31	0.024	0.023
1296.000000	31	179	0.023	0.022
1302.000000	31	179	0.023	0.020
1308.000000	31	179	0.022	0.017
1314.000000	31	179	0.022	0.015
1320.000000	31	96	0.021	0.014
1326.000000	31	96	0.020	0.013
1332.000000	31	96	0.019	0.013
1338.000000	31	96	0.018	0.012
1344.000000	31	96	0.017	0.011
1350.000000	31	96	0.015	0.010
1356.000000	31	35	0.014	0.010
1362.000000	31	16	0.012	0.010
1368.000000	31	16	0.010	0.010
1374.000000	16	35	0.010	0.009
