0.000000	119	165	0.000	0.000
6.000000	31	112	0.981	0.032
12.000000	31	112	0.979	0.035
18.000000	31	95	0.978	0.039
24.000000	31	95	0.976	0.047
30.000000	31	95	0.974	0.056
36.000000	31	95	0.971	0.066
42.000000	31	95	0.968	0.078
48.000000	31	95	0.965	0.091
54.000000	31	95	0.962	0.106
60.000000	31	95	0.958	0.120
66.000000	31	95	0.955	0.135
72.000000	31	95	0.952	0.148
78.000000	31	95	0.949	0.161
84.000000	31	95	0.946	0.173
90.000000	31	95	0.944	0.185
96.000000	31	95	0.941	0.196
102.000000	31	95	0.939	0.207
108.000000	31	95	0.937	0.217
114.000000	31	95	0.934	0.226
120.000000	31	95	0.932	0.236
126.000000	31	95	0.931	0.247
132.000000	31	95	0.928	0.259
138.000000	31	95	0.926	0.276
144.000000	31	95	0.923	0.294
150.000000	31	95	0.920	0.319
156.000000	31	95	0.915	0.351
162.000000	31	95	0.909	0.395
168.000000	31	95	0.900	0.454
174.000000	31	95	0.888	0.525
180.000000	31	95	0.871	0.599
186.000000	31	95	0.848	0.660
192.000000	31	95	0.818	0.709
198.000000	31	95	0.776	0.742
204.000000	95	31	0.773	0.712
210.000000	95	31	0.807	0.617
216.000000	95	31	0.851	0.466
222.000000	95	31	0.908	0.254
228.000000	95	157	0.940	0.091
234.000000	95	157	0.961	0.087
240.000000	95	157	0.961	0.088
246.000000	95	157	0.958	0.090
252.000000	95	157	0.954	0.092
258.000000	95	157	0.950	0.093
264.000000	95	157	0.945	0.094
270.000000	95	39	0.941	0.094
276.000000	95	39	0.935	0.100
282.000000	95	39	0.930	0.105
288.000000	95	39	0.925	0.110
294.000000	95	39	0.919	0.114
300.000000	95	39	0.913	0.116
306.000000	95	39	0.907	0.118
312.000000	95	191	0.900	0.122
318.000000	95	169	0.893	0.129
324.000000	95	169	0.885	0.139
330.000000	95	169	0.876	0.148
336.000000	95	169	0.865	0.157
342.000000	95	169	0.853	0.166
348.000000	95	169	0.839	0.175
354.000000	95	169	0.822	0.185
360.000000	95	169	0.801	0.197
366.000000	95	169	0.774	0.214
372.000000	95	169	0.736	0.237
378.000000	95	169	0.680	0.271
384.000000	95	169	0.587	0.321
390.000000	95	169	0.431	0.410
396.000000	169	95	0.547	0.212
402.000000	169	57	0.730	0.062
408.000000	169	57	0.878	0.067
414.000000	169	57	0.931	0.069
420.000000	169	57	0.945	0.073
426.000000	169	57	0.946	0.076
432.000000	169	57	0.944	0.080
438.000000	169	84	0.941	0.085
444.000000	169	84	0.938	0.094
450.000000	169	84	0.934	0.101
456.000000	169	84	0.930	0.108
462.000000	169	84	0.927	0.114
468.000000	169	84	0.924	0.118
474.000000	169	84	0.921	0.121
480.000000	169	17	0.919	0.123
486.000000	169	17	0.917	0.127
492.000000	169	17	0.914	0.131
498.000000	169	17	0.912	0.133
504.000000	169	17	0.910	0.136
510.000000	169	17	0.908	0.138
516.000000	169	17	0.906	0.138
522.000000	169	17	0.906	0.137
528.000000	169	17	0.905	0.135
534.000000	169	17	0.902	0.131
540.000000	169	17	0.900	0.127
546.000000	169	17	0.896	0.123
552.000000	169	17	0.892	0.118
558.000000	169	17	0.887	0.110
564.000000	169	17	0.881	0.100
570.000000	169	17	0.873	0.089
576.000000	169	7	0.864	0.081
582.000000	169	7	0.853	0.076
588.000000	169	51	0.839	0.073
594.000000	169	51	0.822	0.072
600.000000	169	51	0.800	0.070
606.000000	169	51	0.770	0.069
612.000000	169	51	0.726	0.067
618.000000	169	51	0.659	0.064
624.000000	169	51	0.546	0.060
630.000000	169	80	0.348	0.056
636.000000	169	80	0.106	0.052
642.000000	80	145	0.050	0.043
648.000000	80	145	0.052	0.045
654.000000	80	145	0.055	0.047
660.000000	80	145	0.058	0.049
666.000000	80	145	0.063	0.051
672.000000	80	145	0.070	0.053
678.000000	80	145	0.079	0.056
684.000000	80	145	0.091	0.059
690.000000	80	145	0.109	0.063
696.000000	80	145	0.137	0.067
702.000000	80	145	0.181	0.074
708.000000	80	145	0.257	0.083
714.000000	80	145	0.391	0.094
720.000000	80	145	0.593	0.105
726.000000	80	145	0.784	0.111
732.000000	80	145	0.878	0.115
738.000000	80	145	0.920	0.118
744.000000	80	145	0.938	0.121
750.000000	80	145	0.946	0.123
756.000000	80	160	0.949	0.127
762.000000	80	160	0.950	0.141
768.000000	80	160	0.949	0.155
774.000000	80	160	0.947	0.169
780.000000	80	160	0.946	0.182
786.000000	80	160	0.944	0.195
792.000000	80	160	0.944	0.208
798.000000	80	160	0.943	0.223
804.000000	80	160	0.941	0.240
810.000000	80	160	0.939	0.257
816.000000	80	160	0.937	0.274
822.000000	80	160	0.935	0.291
828.000000	80	160	0.932	0.310
834.000000	80	160	0.930	0.331
840.000000	80	160	0.930	0.355
846.000000	80	160	0.927	0.384
852.000000	80	160	0.922	0.418
858.000000	80	160	0.917	0.456
864.000000	80	160	0.910	0.498
870.000000	80	160	0.901	0.539
876.000000	80	160	0.890	0.580
882.000000	80	160	0.876	0.623
888.000000	80	160	0.858	0.668
894.000000	80	160	0.835	0.700
900.000000	80	160	0.804	0.727
906.000000	80	160	0.758	0.756
912.000000	160	80	0.776	0.699
918.000000	160	80	0.801	0.608
924.000000	160	80	0.825	0.472
930.000000	160	80	0.867	0.267
936.000000	160	80	0.922	0.089
942.000000	160	13	0.949	0.060
948.000000	160	13	0.952	0.061
954.000000	160	13	0.950	0.063
960.000000	160	163	0.950	0.066
966.000000	160	13	0.946	0.070
972.000000	160	13	0.942	0.073
978.000000	160	13	0.937	0.077
984.000000	160	13	0.931	0.081
990.000000	160	174	0.925	0.088
996.000000	160	174	0.919	0.094
1002.000000	160	174	0.912	0.100
1008.000000	160	174	0.905	0.105
1014.000000	160	174	0.897	0.109
1020.000000	160	174	0.888	0.113
1026.000000	160	174	0.879	0.116
1032.000000	160	174	0.868	0.117
1038.000000	160	174	0.855	0.118
1044.000000	160	174	0.840	0.118
1050.000000	160	174	0.822	0.116
1056.000000	160	174	0.800	0.114
1062.000000	160	174	0.771	0.111
1068.000000	160	174	0.732	0.107
1074.000000	160	76	0.676	0.109
1080.000000	160	76	0.591	0.114
1086.000000	160	76	0.457	0.121
1092.000000	160	76	0.264	0.128
1098.000000	76	160	0.135	0.083
1104.000000	76	64	0.153	0.069
1110.000000	76	64	0.191	0.073
1116.000000	76	64	0.257	0.080
1122.000000	76	64	0.361	0.089
1128.000000	76	64	0.509	0.100
1134.000000	76	64	0.679	0.112
1140.000000	76	64	0.799	0.122
1146.000000	76	64	0.857	0.132
1152.000000	76	64	0.880	0.142
1158.000000	76	64	0.893	0.152
1164.000000	76	64	0.902	0.162
1170.000000	76	64	0.905	0.170
1176.000000	76	64	0.907	0.176
1182.000000	76	64	0.909	0.180
1188.000000	76	164	0.907	0.195
1194.000000	76	164	0.905	0.212
1200.000000	76	164	0.903	0.227
1206.000000	76	109	0.900	0.248
1212.000000	76	109	0.898	0.269
1218.000000	76	109	0.895	0.290
1224.000000	76	109	0.892	0.316
1230.000000	76	109	0.889	0.343
1236.000000	76	109	0.886	0.374
1242.000000	76	109	0.883	0.407
1248.000000	76	109	0.881	0.445
1254.000000	76	109	0.879	0.488
1260.000000	76	109	0.875	0.533
1266.000000	76	109	0.871	0.576
1272.000000	76	109	0.865	0.611
1278.000000	76	109	0.855	0.638
1284.000000	76	109	0.842	0.662
1290.000000	76	109	0.825	0.678
1296.000000	76	109	0.802	0.695
1302.000000	76	109	0.769	0.718
1308.000000	109	76	0.739	0.727
1314.000000	109	76	0.764	0.666
1320.000000	109	76	0.806	0.565
1326.000000	109	76	0.847	0.426
1332.000000	109	76	0.879	0.239
1338.000000	109	76	0.924	0.074
1344.000000	109	177	0.945	0.066
1350.000000	109	177	0.952	0.071
1356.000000	109	177	0.951	0.078
1362.000000	109	177	0.947	0.085
1368.000000	109	177	0.942	0.092
1374.000000	109	177	0.936	0.099
1380.000000	109	177	0.930	0.107
1386.000000	109	177	0.924	0.116
1392.000000	109	177	0.917	0.125
1398.000000	109	177	0.909	0.134
1404.000000	109	177	0.902	0.143
1410.000000	109	177	0.893	0.151
1416.000000	109	177	0.885	0.158
1422.000000	109	177	0.875	0.165
1428.000000	109	177	0.865	0.172
1434.000000	109	177	0.853	0.178
1440.000000	109	177	0.839	0.183
1446.000000	109	177	0.822	0.192
1452.000000	109	177	0.803	0.200
1458.000000	109	177	0.780	0.208
1464.000000	109	177	0.749	0.218
1470.000000	109	177	0.707	0.229
1476.000000	109	177	0.646	0.243
1482.000000	109	177	0.553	0.266
1488.000000	109	177	0.405	0.302
1494.000000	177	109	0.367	0.214
1500.000000	177	69	0.494	0.102
1506.000000	177	69	0.685	0.094
1512.000000	177	36	0.836	0.087
1518.000000	177	36	0.908	0.092
1524.000000	177	36	0.932	0.099
1530.000000	177	36	0.940	0.104
1536.000000	177	36	0.942	0.108
1542.000000	177	36	0.943	0.112
1548.000000	177	36	0.942	0.115
1554.000000	177	36	0.941	0.118
1560.000000	177	36	0.939	0.119
1566.000000	177	36	0.937	0.119
1572.000000	177	36	0.935	0.118
1578.000000	177	36	0.933	0.115
1584.000000	177	179	0.931	0.116
1590.000000	177	179	0.929	0.119
1596.000000	177	179	0.929	0.122
1602.000000	177	179	0.927	0.124
1608.000000	177	179	0.925	0.125
1614.000000	177	166	0.922	0.129
1620.000000	177	166	0.920	0.136
1626.000000	177	166	0.916	0.141
1632.000000	177	166	0.914	0.147
1638.000000	177	166	0.913	0.152
1644.000000	177	166	0.909	0.156
1650.000000	177	166	0.903	0.159
1656.000000	177	166	0.897	0.162
1662.000000	177	166	0.889	0.165
1668.000000	177	166	0.879	0.169
1674.000000	177	166	0.867	0.172
1680.000000	177	166	0.851	0.175
1686.000000	177	166	0.832	0.177
1692.000000	177	166	0.806	0.177
1698.000000	177	166	0.773	0.176
1704.000000	177	166	0.727	0.173
1710.000000	177	166	0.656	0.170
1716.000000	177	166	0.539	0.166
1722.000000	177	166	0.344	0.162
1728.000000	166	177	0.156	0.115
1734.000000	166	133	0.156	0.077
1740.000000	166	133	0.170	0.073
1746.000000	166	133	0.194	0.068
1752.000000	166	133	0.234	0.063
1758.000000	166	115	0.292	0.067
1764.000000	166	115	0.371	0.074
1770.000000	166	115	0.474	0.083
1776.000000	166	115	0.590	0.092
1782.000000	166	115	0.696	0.101
1788.000000	166	115	0.775	0.107
1794.000000	166	115	0.836	0.109
1800.000000	166	115	0.882	0.111
1806.000000	166	115	0.908	0.115
1812.000000	166	115	0.923	0.118
1818.000000	166	115	0.933	0.119
1824.000000	166	115	0.938	0.119
1830.000000	166	115	0.939	0.118
1836.000000	166	140	0.938	0.121
1842.000000	166	140	0.937	0.126
1848.000000	166	100	0.935	0.132
1854.000000	166	140	0.932	0.136
1860.000000	166	140	0.930	0.140
1866.000000	166	140	0.927	0.143
1872.000000	166	140	0.924	0.144
1878.000000	166	140	0.922	0.145
1884.000000	166	100	0.919	0.145
1890.000000	166	54	0.916	0.144
1896.000000	166	54	0.912	0.144
1902.000000	166	54	0.908	0.143
1908.000000	166	54	0.904	0.141
1914.000000	166	54	0.900	0.137
1920.000000	166	54	0.896	0.131
1926.000000	166	54	0.890	0.125
1932.000000	166	54	0.883	0.118
1938.000000	166	54	0.875	0.108
1944.000000	166	54	0.864	0.097
1950.000000	166	54	0.851	0.084
1956.000000	166	11	0.833	0.073
1962.000000	166	11	0.811	0.064
1968.000000	166	11	0.781	0.057
1974.000000	166	102	0.739	0.058
1980.000000	166	91	0.678	0.061
1986.000000	166	91	0.578	0.063
1992.000000	166	91	0.409	0.062
1998.000000	166	91	0.168	0.057
2004.000000	143	91	0.054	0.052
2010.000000	143	155	0.058	0.054
2016.000000	155	143	0.062	0.061
2022.000000	155	143	0.072	0.065
2028.000000	155	143	0.085	0.071
2034.000000	155	143	0.104	0.078
2040.000000	155	143	0.133	0.087
2046.000000	155	143	0.183	0.100
2052.000000	155	143	0.272	0.117
2058.000000	155	143	0.441	0.137
2064.000000	155	143	0.689	0.153
2070.000000	155	143	0.860	0.167
2076.000000	155	143	0.916	0.183
2082.000000	155	143	0.931	0.199
2088.000000	155	143	0.935	0.215
2094.000000	155	143	0.935	0.232
2100.000000	155	143	0.934	0.248
2106.000000	155	143	0.934	0.262
2112.000000	155	143	0.933	0.274
2118.000000	155	143	0.931	0.286
2124.000000	155	143	0.929	0.295
2130.000000	155	143	0.928	0.302
2136.000000	155	143	0.926	0.307
2142.000000	155	143	0.925	0.309
2148.000000	155	143	0.924	0.309
2154.000000	155	143	0.924	0.306
2160.000000	155	143	0.924	0.298
2166.000000	155	143	0.927	0.282
2172.000000	155	143	0.933	0.259
2178.000000	155	143	0.936	0.234
2184.000000	155	143	0.938	0.204
2190.000000	155	143	0.940	0.169
2196.000000	155	143	0.941	0.127
2202.000000	155	27	0.942	0.105
2208.000000	155	27	0.942	0.105
2214.000000	155	27	0.941	0.104
2220.000000	155	27	0.939	0.102
2226.000000	155	27	0.935	0.100
2232.000000	155	27	0.930	0.098
2238.000000	155	27	0.923	0.096
2244.000000	155	27	0.915	0.093
2250.000000	155	27	0.905	0.090
2256.000000	155	113	0.894	0.087
2262.000000	155	113	0.880	0.084
2268.000000	155	113	0.864	0.081
2274.000000	155	113	0.844	0.078
2280.000000	155	113	0.819	0.075
2286.000000	155	113	0.786	0.071
2292.000000	155	81	0.741	0.069
2298.000000	155	142	0.675	0.066
2304.000000	155	142	0.569	0.063
2310.000000	155	142	0.389	0.057
2316.000000	155	142	0.144	0.044
2322.000000	145	142	0.042	0.033
2328.000000	145	175	0.041	0.030
2334.000000	145	175	0.040	0.030
2340.000000	145	175	0.038	0.029
2346.000000	145	175	0.036	0.029
2352.000000	145	175	0.033	0.028
2358.000000	145	175	0.030	0.027
2364.000000	145	175	0.027	0.026
2370.000000	192	175	0.025	0.025
2376.000000	192	175	0.025	0.024
2382.000000	192	175	0.025	0.023
2388.000000	192	187	0.026	0.022
2394.000000	192	187	0.026	0.023
2400.000000	192	187	0.025	0.023
2406.000000	192	187	0.025	0.022
2412.000000	192	187	0.024	0.022
2418.000000	192	187	0.023	0.020
2424.000000	192	173	0.021	0.019
2430.000000	192	173	0.019	0.018
2436.000000	173	192	0.017	0.016
2442.000000	173	192	0.015	0.013
2448.000000	173	191	0.013	0.011
2454.000000	173	191	0.012	0.011
2460.000000	173	191	0.010	0.010
