0.000000	119	165	0.000	0.000
6.000000	136	123	0.981	0.032
12.000000	136	123	0.980	0.035
18.000000	136	123	0.979	0.040
24.000000	136	123	0.977	0.044
30.000000	136	123	0.975	0.049
36.000000	136	123	0.973	0.054
42.000000	136	123	0.971	0.059
48.000000	136	84	0.969	0.064
54.000000	136	84	0.967	0.071
60.000000	136	84	0.964	0.078
66.000000	136	84	0.962	0.085
72.000000	136	84	0.960	0.091
78.000000	136	84	0.958	0.097
84.000000	136	84	0.956	0.102
90.000000	136	84	0.954	0.106
96.000000	136	84	0.952	0.109
102.000000	136	84	0.951	0.111
108.000000	136	84	0.949	0.112
114.000000	136	84	0.948	0.112
120.000000	136	123	0.946	0.111
126.000000	136	123	0.945	0.113
132.000000	136	123	0.943	0.114
138.000000	136	123	0.941	0.115
144.000000	136	123	0.939	0.116
150.000000	136	123	0.936	0.117
156.000000	136	123	0.933	0.117
162.000000	136	123	0.929	0.117
168.000000	136	123	0.924	0.118
174.000000	136	123	0.918	0.118
180.000000	136	123	0.911	0.118
186.000000	136	123	0.901	0.119
192.000000	136	123	0.890	0.119
198.000000	136	123	0.876	0.119
204.000000	136	123	0.859	0.120
210.000000	136	123	0.837	0.121
216.000000	136	123	0.810	0.123
222.000000	136	123	0.773	0.125
228.000000	136	123	0.722	0.126
234.000000	136	123	0.643	0.127
240.000000	136	123	0.511	0.127
246.000000	136	123	0.291	0.124
252.000000	123	136	0.119	0.064
258.000000	123	92	0.124	0.027
264.000000	123	92	0.140	0.027
270.000000	123	92	0.170	0.027
276.000000	123	92	0.222	0.026
282.000000	123	162	0.311	0.027
288.000000	123	162	0.456	0.033
294.000000	123	162	0.640	0.039
300.000000	123	59	0.794	0.045
306.000000	123	59	0.872	0.057
312.000000	123	59	0.902	0.069
318.000000	123	59	0.918	0.083
324.000000	123	59	0.927	0.097
330.000000	123	59	0.933	0.111
336.000000	123	59	0.937	0.125
342.000000	123	59	0.939	0.140
348.000000	123	59	0.939	0.155
354.000000	123	59	0.939	0.169
360.000000	123	59	0.939	0.184
366.000000	123	59	0.937	0.200
372.000000	123	59	0.936	0.219
378.000000	123	59	0.934	0.239
384.000000	123	59	0.932	0.261
390.000000	123	59	0.930	0.287
396.000000	123	59	0.927	0.313
402.000000	123	59	0.924	0.340
408.000000	123	59	0.920	0.370
414.000000	123	59	0.916	0.403
420.000000	123	59	0.911	0.447
426.000000	123	59	0.903	0.505
432.000000	123	59	0.893	0.568
438.000000	123	59	0.880	0.636
444.000000	123	59	0.863	0.695
450.000000	123	59	0.840	0.732
456.000000	123	59	0.810	0.758
462.000000	59	123	0.783	0.772
468.000000	59	123	0.804	0.713
474.000000	59	123	0.830	0.625
480.000000	59	123	0.870	0.486
486.000000	59	123	0.916	0.289
492.000000	59	123	0.952	0.108
498.000000	59	113	0.959	0.070
504.000000	59	113	0.960	0.077
510.000000	59	113	0.956	0.086
516.000000	59	113	0.952	0.095
522.000000	59	113	0.947	0.106
528.000000	59	113	0.942	0.117
534.000000	59	113	0.936	0.128
540.000000	59	113	0.930	0.140
546.000000	59	113	0.923	0.152
552.000000	59	113	0.916	0.162
558.000000	59	113	0.908	0.171
564.000000	59	113	0.900	0.181
570.000000	59	113	0.890	0.189
576.000000	59	113	0.880	0.198
582.000000	59	113	0.867	0.206
588.000000	59	113	0.853	0.217
594.000000	59	113	0.837	0.229
600.000000	59	113	0.819	0.241
606.000000	59	113	0.796	0.254
612.000000	59	113	0.767	0.269
618.000000	59	113	0.731	0.289
624.000000	59	113	0.682	0.317
630.000000	59	113	0.615	0.352
636.000000	59	113	0.516	0.396
642.000000	113	59	0.464	0.369
648.000000	113	59	0.573	0.195
654.000000	113	87	0.732	0.084
660.000000	113	155	0.859	0.077
666.000000	113	155	0.914	0.076
672.000000	113	83	0.937	0.073
678.000000	113	83	0.944	0.075
684.000000	113	83	0.946	0.076
690.000000	113	188	0.948	0.081
696.000000	113	188	0.947	0.091
702.000000	113	188	0.945	0.100
708.000000	113	188	0.942	0.109
714.000000	113	188	0.939	0.117
720.000000	113	188	0.935	0.123
726.000000	113	188	0.931	0.129
732.000000	113	188	0.927	0.134
738.000000	113	188	0.923	0.137
744.000000	113	188	0.919	0.139
750.000000	113	188	0.915	0.140
756.000000	113	188	0.912	0.140
762.000000	113	53	0.908	0.143
768.000000	113	53	0.904	0.147
774.000000	113	53	0.900	0.151
780.000000	113	53	0.895	0.154
786.000000	113	53	0.890	0.157
792.000000	113	53	0.885	0.160
798.000000	113	53	0.879	0.163
804.000000	113	53	0.871	0.166
810.000000	113	53	0.863	0.166
816.000000	113	53	0.852	0.166
822.000000	113	53	0.838	0.166
828.000000	113	53	0.820	0.166
834.000000	113	53	0.796	0.168
840.000000	113	53	0.764	0.169
846.000000	113	53	0.719	0.171
852.000000	113	53	0.648	0.173
858.000000	113	53	0.529	0.175
864.000000	113	53	0.328	0.178
870.000000	53	113	0.184	0.095
876.000000	53	147	0.204	0.051
882.000000	53	147	0.247	0.056
888.000000	53	147	0.318	0.063
894.000000	53	147	0.421	0.071
900.000000	53	147	0.554	0.080
906.000000	53	147	0.695	0.092
912.000000	53	147	0.800	0.104
918.000000	53	147	0.856	0.116
924.000000	53	147	0.880	0.129
930.000000	53	147	0.889	0.142
936.000000	53	147	0.894	0.155
942.000000	53	147	0.899	0.167
948.000000	53	147	0.900	0.178
954.000000	53	147	0.901	0.187
960.000000	53	147	0.901	0.196
966.000000	53	147	0.900	0.203
972.000000	53	147	0.899	0.209
978.000000	53	147	0.898	0.214
984.000000	53	147	0.897	0.217
990.000000	53	147	0.895	0.219
996.000000	53	147	0.893	0.219
1002.000000	53	147	0.892	0.216
1008.000000	53	147	0.891	0.211
1014.000000	53	147	0.894	0.204
1020.000000	53	147	0.899	0.193
1026.000000	53	147	0.900	0.179
1032.000000	53	22	0.900	0.174
1038.000000	53	22	0.901	0.167
1044.000000	53	22	0.901	0.162
1050.000000	53	22	0.901	0.157
1056.000000	53	22	0.900	0.151
1062.000000	53	22	0.897	0.143
1068.000000	53	22	0.890	0.136
1074.000000	53	22	0.881	0.128
1080.000000	53	22	0.870	0.121
1086.000000	53	22	0.856	0.112
1092.000000	53	22	0.837	0.104
1098.000000	53	22	0.812	0.095
1104.000000	53	22	0.780	0.086
1110.000000	53	22	0.735	0.077
1116.000000	53	22	0.669	0.067
1122.000000	53	79	0.560	0.064
1128.000000	53	79	0.375	0.057
1134.000000	53	79	0.134	0.045
1140.000000	79	122	0.036	0.031
1146.000000	79	122	0.031	0.030
1152.000000	122	72	0.029	0.028
1158.000000	72	122	0.030	0.029
1164.000000	72	187	0.031	0.029
1170.000000	72	187	0.032	0.030
1176.000000	72	187	0.033	0.031
1182.000000	72	187	0.034	0.032
1188.000000	72	187	0.035	0.033
1194.000000	72	187	0.036	0.034
1200.000000	72	187	0.038	0.034
1206.000000	72	187	0.039	0.034
1212.000000	72	187	0.040	0.035
1218.000000	72	187	0.042	0.035
1224.000000	72	187	0.043	0.034
1230.000000	72	86	0.045	0.038
1236.000000	72	86	0.046	0.043
1242.000000	86	72	0.049	0.048
1248.000000	86	72	0.056	0.050
1254.000000	86	72	0.065	0.052
1260.000000	86	72	0.076	0.054
1266.000000	86	72	0.091	0.057
1272.000000	86	72	0.114	0.061
1278.000000	86	72	0.151	0.066
1284.000000	86	72	0.219	0.072
1290.000000	86	72	0.364	0.080
1296.000000	86	72	0.635	0.090
1302.000000	86	72	0.871	0.094
1308.000000	86	72	0.949	0.096
1314.000000	86	72	0.966	0.100
1320.000000	86	72	0.969	0.105
1326.000000	86	72	0.968	0.109
1332.000000	86	72	0.966	0.112
1338.000000	86	72	0.964	0.116
1344.000000	86	72	0.961	0.120
1350.000000	86	72	0.959	0.123
1356.000000	86	44	0.957	0.129
1362.000000	86	44	0.956	0.135
1368.000000	86	44	0.954	0.141
1374.000000	86	44	0.952	0.144
1380.000000	86	44	0.951	0.147
1386.000000	86	44	0.950	0.148
1392.000000	86	44	0.949	0.147
1398.000000	86	44	0.948	0.146
1404.000000	86	44	0.947	0.143
1410.000000	86	164	0.946	0.143
1416.000000	86	164	0.945	0.144
1422.000000	86	164	0.943	0.145
1428.000000	86	164	0.942	0.146
1434.000000	86	164	0.941	0.148
1440.000000	86	164	0.939	0.148
1446.000000	86	164	0.936	0.146
1452.000000	86	164	0.934	0.144
1458.000000	86	164	0.930	0.140
1464.000000	86	164	0.925	0.136
1470.000000	86	164	0.920	0.132
1476.000000	86	164	0.913	0.126
1482.000000	86	164	0.904	0.119
1488.000000	86	164	0.894	0.111
1494.000000	86	164	0.881	0.102
1500.000000	86	164	0.865	0.094
1506.000000	86	164	0.846	0.086
1512.000000	86	164	0.821	0.078
1518.000000	86	164	0.787	0.069
1524.000000	86	164	0.740	0.062
1530.000000	86	187	0.667	0.059
1536.000000	86	187	0.544	0.059
1542.000000	86	187	0.333	0.056
1548.000000	86	187	0.086	0.049
1554.000000	187	27	0.043	0.028
1560.000000	187	27	0.040	0.029
1566.000000	187	27	0.036	0.028
1572.000000	187	27	0.031	0.027
1578.000000	187	27	0.026	0.025
1584.000000	27	4	0.024	0.022
1590.000000	27	4	0.022	0.021
1596.000000	27	4	0.020	0.019
1602.000000	27	4	0.018	0.018
1608.000000	27	4	0.016	0.016
1614.000000	27	4	0.013	0.013
1620.000000	4	27	0.011	0.011
1626.000000	4	27	0.009	0.008
