0.000000	119	165	0.000	0.000
6.000000	164	193	0.981	0.051
12.000000	164	193	0.979	0.060
18.000000	164	193	0.978	0.072
24.000000	164	193	0.976	0.084
30.000000	164	193	0.973	0.098
36.000000	164	193	0.970	0.113
42.000000	164	193	0.967	0.128
48.000000	164	193	0.964	0.144
54.000000	164	193	0.961	0.159
60.000000	164	193	0.958	0.174
66.000000	164	193	0.955	0.188
72.000000	164	193	0.952	0.200
78.000000	164	193	0.949	0.212
84.000000	164	193	0.946	0.223
90.000000	164	193	0.943	0.233
96.000000	164	193	0.941	0.243
102.000000	164	193	0.938	0.251
108.000000	164	193	0.936	0.257
114.000000	164	193	0.934	0.263
120.000000	164	193	0.932	0.270
126.000000	164	193	0.930	0.275
132.000000	164	193	0.929	0.279
138.000000	164	193	0.927	0.284
144.000000	164	193	0.925	0.291
150.000000	164	193	0.922	0.298
156.000000	164	193	0.920	0.309
162.000000	164	193	0.916	0.327
168.000000	164	193	0.912	0.348
174.000000	164	193	0.907	0.377
180.000000	164	193	0.899	0.420
186.000000	164	193	0.887	0.481
192.000000	164	193	0.872	0.551
198.000000	164	193	0.852	0.627
204.000000	164	193	0.826	0.682
210.000000	164	193	0.790	0.719
216.000000	193	164	0.748	0.742
222.000000	193	164	0.770	0.674
228.000000	193	164	0.797	0.564
234.000000	193	164	0.843	0.389
240.000000	193	164	0.898	0.185
246.000000	193	24	0.940	0.066
252.000000	193	24	0.950	0.066
258.000000	193	24	0.949	0.067
264.000000	193	94	0.945	0.070
270.000000	193	94	0.939	0.076
276.000000	193	94	0.932	0.082
282.000000	193	94	0.924	0.087
288.000000	193	13	0.916	0.094
294.000000	193	13	0.908	0.104
300.000000	193	13	0.899	0.114
306.000000	193	13	0.889	0.123
312.000000	193	13	0.879	0.131
318.000000	193	13	0.868	0.138
324.000000	193	13	0.856	0.145
330.000000	193	13	0.844	0.151
336.000000	193	13	0.830	0.155
342.000000	193	13	0.813	0.159
348.000000	193	13	0.793	0.161
354.000000	193	13	0.766	0.163
360.000000	193	13	0.734	0.164
366.000000	193	13	0.692	0.163
372.000000	193	13	0.634	0.163
378.000000	193	13	0.549	0.162
384.000000	193	13	0.419	0.161
390.000000	193	13	0.237	0.163
396.000000	13	8	0.170	0.078
402.000000	13	8	0.189	0.083
408.000000	13	8	0.224	0.093
414.000000	13	8	0.284	0.108
420.000000	13	8	0.375	0.128
426.000000	13	8	0.496	0.153
432.000000	13	8	0.633	0.178
438.000000	13	8	0.751	0.204
444.000000	13	8	0.820	0.233
450.000000	13	8	0.859	0.264
456.000000	13	8	0.875	0.295
462.000000	13	8	0.881	0.325
468.000000	13	8	0.882	0.353
474.000000	13	8	0.882	0.377
480.000000	13	8	0.881	0.398
486.000000	13	8	0.880	0.415
492.000000	13	8	0.881	0.430
498.000000	13	8	0.881	0.443
504.000000	13	8	0.881	0.455
510.000000	13	8	0.879	0.467
516.000000	13	8	0.878	0.480
522.000000	13	8	0.878	0.492
528.000000	13	8	0.884	0.504
534.000000	13	8	0.887	0.518
540.000000	13	8	0.892	0.537
546.000000	13	8	0.892	0.559
552.000000	13	8	0.889	0.585
558.000000	13	8	0.885	0.609
564.000000	13	8	0.879	0.632
570.000000	13	8	0.870	0.652
576.000000	13	8	0.860	0.669
582.000000	13	8	0.845	0.682
588.000000	13	8	0.832	0.686
594.000000	13	8	0.812	0.691
600.000000	13	8	0.784	0.694
606.000000	13	8	0.749	0.696
612.000000	8	13	0.702	0.695
618.000000	8	13	0.718	0.610
624.000000	8	13	0.744	0.478
630.000000	8	13	0.794	0.280
636.000000	8	39	0.866	0.111
642.000000	8	39	0.906	0.117
648.000000	8	39	0.922	0.129
654.000000	8	39	0.925	0.145
660.000000	8	39	0.927	0.163
666.000000	8	39	0.927	0.181
672.000000	8	39	0.922	0.202
678.000000	8	39	0.916	0.226
684.000000	8	39	0.908	0.251
690.000000	8	39	0.898	0.278
696.000000	8	39	0.887	0.306
702.000000	8	39	0.874	0.335
708.000000	8	39	0.859	0.362
714.000000	8	39	0.842	0.386
720.000000	8	39	0.822	0.407
726.000000	8	39	0.796	0.427
732.000000	8	39	0.762	0.447
738.000000	8	39	0.715	0.473
744.000000	8	39	0.646	0.503
750.000000	39	8	0.541	0.539
756.000000	39	8	0.588	0.384
762.000000	39	8	0.683	0.191
768.000000	39	112	0.818	0.149
774.000000	39	112	0.900	0.141
780.000000	39	112	0.927	0.140
786.000000	39	112	0.934	0.137
792.000000	39	112	0.935	0.134
798.000000	39	112	0.933	0.129
804.000000	39	112	0.931	0.122
810.000000	39	112	0.931	0.111
816.000000	39	112	0.927	0.101
822.000000	39	57	0.923	0.095
828.000000	39	57	0.922	0.105
834.000000	39	57	0.920	0.114
840.000000	39	57	0.916	0.122
846.000000	39	57	0.912	0.129
852.000000	39	57	0.908	0.136
858.000000	39	57	0.904	0.142
864.000000	39	57	0.900	0.148
870.000000	39	57	0.895	0.153
876.000000	39	57	0.890	0.158
882.000000	39	57	0.884	0.162
888.000000	39	57	0.878	0.168
894.000000	39	57	0.870	0.176
900.000000	39	57	0.862	0.184
906.000000	39	57	0.852	0.193
912.000000	39	57	0.840	0.202
918.000000	39	57	0.827	0.213
924.000000	39	57	0.810	0.227
930.000000	39	57	0.788	0.243
936.000000	39	57	0.760	0.260
942.000000	39	57	0.722	0.281
948.000000	39	57	0.664	0.310
954.000000	39	57	0.572	0.350
960.000000	39	57	0.419	0.412
966.000000	57	39	0.512	0.206
972.000000	57	62	0.667	0.068
978.000000	57	107	0.820	0.074
984.000000	57	107	0.890	0.088
990.000000	57	107	0.918	0.102
996.000000	57	107	0.929	0.122
1002.000000	57	107	0.933	0.145
1008.000000	57	107	0.937	0.169
1014.000000	57	107	0.936	0.193
1020.000000	57	107	0.935	0.217
1026.000000	57	107	0.933	0.242
1032.000000	57	107	0.929	0.269
1038.000000	57	107	0.925	0.293
1044.000000	57	107	0.921	0.314
1050.000000	57	107	0.916	0.333
1056.000000	57	107	0.912	0.351
1062.000000	57	107	0.906	0.366
1068.000000	57	107	0.901	0.380
1074.000000	57	107	0.894	0.395
1080.000000	57	107	0.888	0.413
1086.000000	57	107	0.882	0.432
1092.000000	57	107	0.875	0.453
1098.000000	57	107	0.866	0.478
1104.000000	57	107	0.856	0.503
1110.000000	57	107	0.844	0.528
1116.000000	57	107	0.830	0.557
1122.000000	57	107	0.812	0.586
1128.000000	57	107	0.792	0.608
1134.000000	57	107	0.767	0.633
1140.000000	57	107	0.732	0.661
1146.000000	107	57	0.688	0.683
1152.000000	107	57	0.721	0.607
1158.000000	107	57	0.763	0.485
1164.000000	107	57	0.838	0.296
1170.000000	107	57	0.909	0.127
1176.000000	107	105	0.939	0.081
1182.000000	107	105	0.945	0.089
1188.000000	107	105	0.943	0.098
1194.000000	107	105	0.938	0.106
1200.000000	107	105	0.933	0.116
1206.000000	107	105	0.927	0.127
1212.000000	107	105	0.920	0.137
1218.000000	107	105	0.913	0.147
1224.000000	107	105	0.905	0.156
1230.000000	107	105	0.896	0.165
1236.000000	107	105	0.887	0.172
1242.000000	107	105	0.877	0.179
1248.000000	107	105	0.866	0.185
1254.000000	107	105	0.854	0.190
1260.000000	107	105	0.840	0.194
1266.000000	107	105	0.824	0.196
1272.000000	107	105	0.805	0.196
1278.000000	107	105	0.782	0.194
1284.000000	107	105	0.752	0.191
1290.000000	107	112	0.714	0.190
1296.000000	107	112	0.663	0.201
1302.000000	107	112	0.592	0.214
1308.000000	107	112	0.489	0.230
1314.000000	107	112	0.339	0.251
1320.000000	112	107	0.290	0.168
1326.000000	112	55	0.362	0.135
1332.000000	112	55	0.486	0.131
1338.000000	112	55	0.639	0.125
1344.000000	112	55	0.770	0.115
1350.000000	112	55	0.850	0.106
1356.000000	112	55	0.892	0.098
1362.000000	112	55	0.912	0.091
1368.000000	112	141	0.922	0.094
1374.000000	112	141	0.927	0.104
1380.000000	112	141	0.930	0.115
1386.000000	112	141	0.931	0.126
1392.000000	112	141	0.931	0.136
1398.000000	112	141	0.931	0.146
1404.000000	112	141	0.931	0.155
1410.000000	112	141	0.932	0.163
1416.000000	112	141	0.935	0.170
1422.000000	112	141	0.936	0.174
1428.000000	112	141	0.937	0.177
1434.000000	112	141	0.937	0.177
1440.000000	112	141	0.935	0.176
1446.000000	112	141	0.932	0.174
1452.000000	112	141	0.930	0.171
1458.000000	112	141	0.926	0.167
1464.000000	112	141	0.923	0.161
1470.000000	112	141	0.919	0.154
1476.000000	112	141	0.915	0.145
1482.000000	112	141	0.910	0.133
1488.000000	112	141	0.905	0.120
1494.000000	112	141	0.899	0.105
1500.000000	112	141	0.893	0.088
1506.000000	112	29	0.885	0.088
1512.000000	112	29	0.875	0.090
1518.000000	112	29	0.862	0.093
1524.000000	112	29	0.847	0.096
1530.000000	112	29	0.827	0.100
1536.000000	112	29	0.802	0.105
1542.000000	112	29	0.767	0.111
1548.000000	112	29	0.717	0.118
1554.000000	112	29	0.641	0.125
1560.000000	112	29	0.515	0.133
1566.000000	112	29	0.313	0.138
1572.000000	29	112	0.138	0.091
1578.000000	29	177	0.143	0.059
1584.000000	29	177	0.159	0.057
1590.000000	29	139	0.189	0.055
1596.000000	29	139	0.241	0.063
1602.000000	29	139	0.327	0.073
1608.000000	29	139	0.466	0.085
1614.000000	29	139	0.637	0.098
1620.000000	29	139	0.778	0.111
1626.000000	29	139	0.855	0.126
1632.000000	29	139	0.888	0.140
1638.000000	29	139	0.901	0.154
1644.000000	29	139	0.907	0.167
1650.000000	29	139	0.911	0.178
1656.000000	29	139	0.913	0.188
1662.000000	29	139	0.913	0.196
1668.000000	29	139	0.912	0.203
1674.000000	29	139	0.912	0.207
1680.000000	29	139	0.912	0.209
1686.000000	29	139	0.911	0.210
1692.000000	29	139	0.910	0.208
1698.000000	29	139	0.909	0.204
1704.000000	29	139	0.912	0.197
1710.000000	29	139	0.916	0.190
1716.000000	29	139	0.919	0.181
1722.000000	29	139	0.923	0.168
1728.000000	29	139	0.925	0.154
1734.000000	29	139	0.925	0.135
1740.000000	29	139	0.924	0.113
1746.000000	29	100	0.923	0.106
1752.000000	29	100	0.921	0.104
1758.000000	29	100	0.917	0.104
1764.000000	29	100	0.913	0.104
1770.000000	29	100	0.910	0.103
1776.000000	29	100	0.905	0.101
1782.000000	29	100	0.898	0.100
1788.000000	29	100	0.890	0.099
1794.000000	29	100	0.879	0.098
1800.000000	29	100	0.865	0.097
1806.000000	29	100	0.848	0.096
1812.000000	29	57	0.825	0.095
1818.000000	29	57	0.794	0.100
1824.000000	29	57	0.752	0.104
1830.000000	29	180	0.689	0.111
1836.000000	29	180	0.589	0.121
1842.000000	29	180	0.422	0.130
1848.000000	29	180	0.184	0.139
1854.000000	180	57	0.148	0.099
1860.000000	180	57	0.167	0.090
1866.000000	180	153	0.204	0.091
1872.000000	180	153	0.268	0.102
1878.000000	180	153	0.372	0.115
1884.000000	180	153	0.524	0.130
1890.000000	180	153	0.687	0.143
1896.000000	180	153	0.796	0.159
1902.000000	180	153	0.849	0.178
1908.000000	180	153	0.874	0.198
1914.000000	180	153	0.885	0.218
1920.000000	180	153	0.900	0.233
1926.000000	180	153	0.908	0.251
1932.000000	180	153	0.913	0.268
1938.000000	180	153	0.915	0.283
1944.000000	180	153	0.917	0.296
1950.000000	180	153	0.918	0.307
1956.000000	180	153	0.919	0.314
1962.000000	180	153	0.921	0.319
1968.000000	180	153	0.922	0.320
1974.000000	180	153	0.925	0.317
1980.000000	180	153	0.925	0.313
1986.000000	180	153	0.925	0.307
1992.000000	180	153	0.924	0.301
1998.000000	180	153	0.923	0.288
2004.000000	180	153	0.923	0.270
2010.000000	180	153	0.924	0.244
2016.000000	180	153	0.924	0.211
2022.000000	180	153	0.926	0.168
2028.000000	180	188	0.930	0.136
2034.000000	180	188	0.930	0.143
2040.000000	180	188	0.928	0.151
2046.000000	180	188	0.924	0.159
2052.000000	180	188	0.918	0.167
2058.000000	180	188	0.910	0.178
2064.000000	180	188	0.899	0.194
2070.000000	180	188	0.887	0.214
2076.000000	180	188	0.871	0.240
2082.000000	180	188	0.851	0.271
2088.000000	180	188	0.825	0.310
2094.000000	180	188	0.788	0.358
2100.000000	180	188	0.734	0.423
2106.000000	180	188	0.651	0.504
2112.000000	188	180	0.598	0.510
2118.000000	188	180	0.711	0.288
2124.000000	188	180	0.854	0.087
2130.000000	188	65	0.934	0.061
2136.000000	188	65	0.954	0.064
2142.000000	188	171	0.958	0.067
2148.000000	188	171	0.957	0.076
2154.000000	188	171	0.954	0.084
2160.000000	188	171	0.951	0.094
2166.000000	188	171	0.947	0.104
2172.000000	188	171	0.944	0.113
2178.000000	188	171	0.940	0.121
2184.000000	188	171	0.936	0.128
2190.000000	188	171	0.932	0.133
2196.000000	188	171	0.928	0.137
2202.000000	188	171	0.924	0.140
2208.000000	188	75	0.920	0.147
2214.000000	188	75	0.916	0.153
2220.000000	188	75	0.912	0.159
2226.000000	188	75	0.907	0.164
2232.000000	188	75	0.902	0.168
2238.000000	188	75	0.896	0.171
2244.000000	188	75	0.890	0.172
2250.000000	188	75	0.883	0.172
2256.000000	188	75	0.876	0.173
2262.000000	188	75	0.868	0.175
2268.000000	188	75	0.859	0.176
2274.000000	188	75	0.847	0.178
2280.000000	188	75	0.834	0.179
2286.000000	188	75	0.819	0.182
2292.000000	188	75	0.799	0.187
2298.000000	188	75	0.774	0.193
2304.000000	188	75	0.738	0.202
2310.000000	188	75	0.684	0.214
2316.000000	188	75	0.598	0.233
2322.000000	188	75	0.452	0.264
2328.000000	75	188	0.322	0.233
2334.000000	75	188	0.427	0.051
2340.000000	75	170	0.608	0.059
2346.000000	75	170	0.769	0.069
2352.000000	75	81	0.861	0.080
2358.000000	75	81	0.903	0.093
2364.000000	75	81	0.922	0.106
2370.000000	75	81	0.931	0.118
2376.000000	75	81	0.935	0.131
2382.000000	75	81	0.936	0.144
2388.000000	75	81	0.935	0.158
2394.000000	75	81	0.933	0.171
2400.000000	75	81	0.931	0.186
2406.000000	75	81	0.928	0.199
2412.000000	75	81	0.926	0.212
2418.000000	75	81	0.923	0.225
2424.000000	75	81	0.920	0.239
2430.000000	75	81	0.919	0.255
2436.000000	75	81	0.918	0.271
2442.000000	75	81	0.914	0.287
2448.000000	75	81	0.911	0.304
2454.000000	75	81	0.908	0.321
2460.000000	75	81	0.904	0.339
2466.000000	75	81	0.900	0.360
2472.000000	75	81	0.897	0.384
2478.000000	75	81	0.893	0.413
2484.000000	75	81	0.887	0.452
2490.000000	75	81	0.879	0.507
2496.000000	75	81	0.868	0.564
2502.000000	75	81	0.851	0.620
2508.000000	75	81	0.831	0.669
2514.000000	75	81	0.803	0.708
2520.000000	75	81	0.764	0.739
2526.000000	81	75	0.775	0.699
2532.000000	81	75	0.804	0.602
2538.000000	81	75	0.842	0.446
2544.000000	81	75	0.893	0.233
2550.000000	81	75	0.940	0.068
2556.000000	81	164	0.958	0.062
2562.000000	81	164	0.958	0.070
2568.000000	81	164	0.954	0.079
2574.000000	81	164	0.949	0.090
2580.000000	81	164	0.944	0.101
2586.000000	81	164	0.938	0.113
2592.000000	81	164	0.932	0.124
2598.000000	81	164	0.926	0.135
2604.000000	81	164	0.919	0.148
2610.000000	81	164	0.912	0.161
2616.000000	81	164	0.904	0.176
2622.000000	81	164	0.896	0.193
2628.000000	81	164	0.887	0.209
2634.000000	81	164	0.877	0.227
2640.000000	81	164	0.866	0.248
2646.000000	81	164	0.853	0.269
2652.000000	81	164	0.838	0.290
2658.000000	81	164	0.821	0.314
2664.000000	81	164	0.799	0.342
2670.000000	81	164	0.770	0.379
2676.000000	81	164	0.733	0.424
2682.000000	81	164	0.679	0.481
2688.000000	81	164	0.602	0.554
2694.000000	164	81	0.635	0.487
2700.000000	164	81	0.724	0.321
2706.000000	164	81	0.829	0.133
2712.000000	164	27	0.895	0.084
2718.000000	164	27	0.924	0.080
2724.000000	164	27	0.931	0.080
2730.000000	164	27	0.937	0.081
2736.000000	164	193	0.939	0.088
2742.000000	164	193	0.937	0.096
2748.000000	164	193	0.934	0.105
2754.000000	164	193	0.931	0.114
2760.000000	164	193	0.930	0.123
2766.000000	164	193	0.929	0.131
2772.000000	164	193	0.926	0.138
2778.000000	164	193	0.924	0.145
2784.000000	164	193	0.921	0.151
2790.000000	164	193	0.918	0.157
2796.000000	164	193	0.915	0.161
2802.000000	164	193	0.912	0.166
2808.000000	164	193	0.908	0.172
2814.000000	164	193	0.904	0.176
2820.000000	164	193	0.900	0.179
2826.000000	164	193	0.896	0.182
2832.000000	164	193	0.892	0.184
2838.000000	164	193	0.886	0.185
2844.000000	164	193	0.879	0.187
2850.000000	164	193	0.871	0.190
2856.000000	164	193	0.861	0.193
2862.000000	164	193	0.848	0.198
2868.000000	164	193	0.833	0.203
2874.000000	164	193	0.815	0.208
2880.000000	164	193	0.791	0.214
2886.000000	164	193	0.762	0.221
2892.000000	164	193	0.723	0.227
2898.000000	164	193	0.665	0.235
2904.000000	164	193	0.576	0.248
2910.000000	164	193	0.435	0.266
2916.000000	193	164	0.286	0.231
2922.000000	193	146	0.320	0.092
2928.000000	193	146	0.397	0.093
2934.000000	193	146	0.511	0.098
2940.000000	193	146	0.653	0.100
2946.000000	193	146	0.773	0.101
2952.000000	193	146	0.840	0.099
2958.000000	193	146	0.871	0.097
2964.000000	193	146	0.885	0.092
2970.000000	193	146	0.895	0.085
2976.000000	193	13	0.901	0.092
2982.000000	193	13	0.903	0.105
2988.000000	193	13	0.904	0.117
2994.000000	193	13	0.904	0.130
3000.000000	193	13	0.905	0.142
3006.000000	193	13	0.907	0.153
3012.000000	193	13	0.907	0.163
3018.000000	193	13	0.906	0.172
3024.000000	193	13	0.904	0.179
3030.000000	193	13	0.902	0.185
3036.000000	193	13	0.899	0.190
3042.000000	193	13	0.896	0.195
3048.000000	193	13	0.892	0.199
3054.000000	193	13	0.888	0.202
3060.000000	193	13	0.885	0.205
3066.000000	193	13	0.884	0.206
3072.000000	193	13	0.883	0.207
3078.000000	193	13	0.880	0.208
3084.000000	193	13	0.878	0.208
3090.000000	193	13	0.875	0.208
3096.000000	193	13	0.870	0.207
3102.000000	193	13	0.862	0.205
3108.000000	193	13	0.850	0.201
3114.000000	193	13	0.835	0.195
3120.000000	193	13	0.815	0.187
3126.000000	193	13	0.787	0.178
3132.000000	193	13	0.749	0.166
3138.000000	193	13	0.692	0.151
3144.000000	193	13	0.600	0.133
3150.000000	193	13	0.440	0.112
3156.000000	193	13	0.200	0.090
3162.000000	13	89	0.074	0.035
3168.000000	13	89	0.064	0.037
3174.000000	13	89	0.055	0.040
3180.000000	13	89	0.048	0.042
3186.000000	89	13	0.045	0.041
3192.000000	89	76	0.048	0.040
3198.000000	89	76	0.052	0.041
3204.000000	89	76	0.057	0.041
3210.000000	89	76	0.063	0.042
3216.000000	89	76	0.070	0.042
3222.000000	89	76	0.080	0.042
3228.000000	89	192	0.093	0.046
3234.000000	89	192	0.110	0.052
3240.000000	89	192	0.135	0.059
3246.000000	89	192	0.173	0.067
3252.000000	89	192	0.237	0.077
3258.000000	89	192	0.349	0.088
3264.000000	89	192	0.531	0.099
3270.000000	89	192	0.732	0.107
3276.000000	89	192	0.858	0.111
3282.000000	89	192	0.915	0.113
3288.000000	89	192	0.932	0.115
3294.000000	89	192	0.937	0.115
3300.000000	89	192	0.939	0.113
3306.000000	89	117	0.939	0.123
3312.000000	89	117	0.938	0.134
3318.000000	89	117	0.937	0.144
3324.000000	89	117	0.936	0.152
3330.000000	89	117	0.936	0.159
3336.000000	89	117	0.938	0.165
3342.000000	89	117	0.940	0.169
3348.000000	89	117	0.939	0.171
3354.000000	89	117	0.939	0.171
3360.000000	89	117	0.938	0.170
3366.000000	89	117	0.938	0.167
3372.000000	89	117	0.938	0.161
3378.000000	89	117	0.940	0.153
3384.000000	89	117	0.944	0.140
3390.000000	89	117	0.944	0.127
3396.000000	89	196	0.944	0.121
3402.000000	89	196	0.943	0.121
3408.000000	89	196	0.942	0.120
3414.000000	89	196	0.940	0.119
3420.000000	89	196	0.937	0.116
3426.000000	89	196	0.933	0.113
3432.000000	89	196	0.928	0.110
3438.000000	89	196	0.922	0.107
3444.000000	89	196	0.915	0.104
3450.000000	89	196	0.906	0.102
3456.000000	89	196	0.896	0.099
3462.000000	89	196	0.883	0.096
3468.000000	89	196	0.868	0.092
3474.000000	89	196	0.849	0.088
3480.000000	89	196	0.825	0.083
3486.000000	89	196	0.793	0.078
3492.000000	89	196	0.748	0.073
3498.000000	89	196	0.680	0.067
3504.000000	89	196	0.566	0.060
3510.000000	89	196	0.363	0.049
3516.000000	89	153	0.108	0.043
3522.000000	153	26	0.038	0.034
3528.000000	153	26	0.034	0.032
3534.000000	153	26	0.030	0.030
3540.000000	26	153	0.028	0.027
3546.000000	26	153	0.025	0.023
3552.000000	26	153	0.021	0.020
3558.000000	26	153	0.017	0.017
3564.000000	143	71	0.015	0.014
3570.000000	71	143	0.014	0.014
3576.000000	71	143	0.014	0.012
3582.000000	71	143	0.013	0.010
3588.000000	71	170	0.012	0.009
3594.000000	71	73	0.011	0.009
3600.000000	71	36	0.010	0.008
