0.000000	119	165	0.000	0.000
6.000000	115	55	0.981	0.039
12.000000	115	55	0.980	0.043
18.000000	115	8	0.978	0.050
24.000000	115	8	0.976	0.060
30.000000	115	8	0.973	0.072
36.000000	115	8	0.971	0.084
42.000000	115	8	0.968	0.098
48.000000	115	8	0.965	0.112
54.000000	115	8	0.962	0.127
60.000000	115	8	0.958	0.141
66.000000	115	8	0.955	0.155
72.000000	115	8	0.952	0.169
78.000000	115	8	0.949	0.182
84.000000	115	8	0.947	0.193
90.000000	115	8	0.944	0.204
96.000000	115	8	0.942	0.214
102.000000	115	8	0.940	0.223
108.000000	115	8	0.938	0.231
114.000000	115	8	0.936	0.238
120.000000	115	8	0.934	0.246
126.000000	115	8	0.931	0.254
132.000000	115	8	0.929	0.263
138.000000	115	8	0.927	0.274
144.000000	115	8	0.924	0.285
150.000000	115	8	0.921	0.295
156.000000	115	8	0.918	0.307
162.000000	115	8	0.914	0.321
168.000000	115	8	0.910	0.340
174.000000	115	8	0.903	0.369
180.000000	115	8	0.894	0.406
186.000000	115	8	0.882	0.451
192.000000	115	8	0.866	0.506
198.000000	115	8	0.845	0.562
204.000000	115	8	0.815	0.611
210.000000	115	8	0.770	0.652
216.000000	115	8	0.709	0.681
222.000000	8	115	0.710	0.608
228.000000	8	115	0.779	0.425
234.000000	8	115	0.866	0.198
240.000000	8	115	0.936	0.053
246.000000	8	170	0.958	0.051
252.000000	8	170	0.960	0.056
258.000000	8	112	0.959	0.062
264.000000	8	112	0.956	0.068
270.000000	8	112	0.953	0.075
276.000000	8	112	0.949	0.082
282.000000	8	112	0.945	0.089
288.000000	8	112	0.941	0.094
294.000000	8	54	0.937	0.101
300.000000	8	54	0.932	0.109
306.000000	8	54	0.927	0.118
312.000000	8	54	0.921	0.126
318.000000	8	54	0.916	0.134
324.000000	8	54	0.909	0.142
330.000000	8	54	0.902	0.148
336.000000	8	54	0.895	0.152
342.000000	8	54	0.886	0.155
348.000000	8	54	0.877	0.157
354.000000	8	54	0.867	0.158
360.000000	8	50	0.855	0.159
366.000000	8	50	0.841	0.164
372.000000	8	50	0.825	0.170
378.000000	8	50	0.804	0.175
384.000000	8	50	0.778	0.181
390.000000	8	50	0.743	0.188
396.000000	8	50	0.694	0.197
402.000000	8	50	0.620	0.206
408.000000	8	50	0.505	0.217
414.000000	8	50	0.328	0.233
420.000000	50	8	0.267	0.130
426.000000	50	127	0.330	0.104
432.000000	50	124	0.441	0.106
438.000000	50	124	0.592	0.117
444.000000	50	124	0.736	0.130
450.000000	50	124	0.827	0.142
456.000000	50	124	0.869	0.152
462.000000	50	124	0.888	0.159
468.000000	50	124	0.896	0.164
474.000000	50	124	0.902	0.166
480.000000	50	124	0.906	0.165
486.000000	50	124	0.910	0.161
492.000000	50	124	0.915	0.155
498.000000	50	124	0.918	0.147
504.000000	50	124	0.921	0.138
510.000000	50	124	0.923	0.128
516.000000	50	160	0.924	0.132
522.000000	50	160	0.925	0.138
528.000000	50	160	0.926	0.143
534.000000	50	160	0.926	0.149
540.000000	50	160	0.926	0.154
546.000000	50	160	0.925	0.158
552.000000	50	160	0.925	0.163
558.000000	50	160	0.923	0.168
564.000000	50	160	0.921	0.172
570.000000	50	160	0.919	0.174
576.000000	50	160	0.917	0.175
582.000000	50	160	0.912	0.174
588.000000	50	160	0.906	0.170
594.000000	50	160	0.899	0.165
600.000000	50	76	0.891	0.170
606.000000	50	76	0.880	0.180
612.000000	50	76	0.868	0.191
618.000000	50	76	0.853	0.207
624.000000	50	76	0.835	0.227
630.000000	50	76	0.811	0.252
636.000000	50	76	0.778	0.286
642.000000	50	76	0.731	0.333
648.000000	50	76	0.658	0.402
654.000000	50	76	0.532	0.501
660.000000	76	50	0.632	0.322
666.000000	76	50	0.792	0.102
672.000000	76	82	0.906	0.075
678.000000	76	82	0.937	0.078
684.000000	76	82	0.948	0.083
690.000000	76	82	0.951	0.090
696.000000	76	82	0.952	0.097
702.000000	76	82	0.949	0.104
708.000000	76	82	0.946	0.111
714.000000	76	82	0.942	0.117
720.000000	76	13	0.938	0.124
726.000000	76	13	0.933	0.131
732.000000	76	13	0.929	0.135
738.000000	76	13	0.924	0.139
744.000000	76	13	0.919	0.140
750.000000	76	13	0.914	0.141
756.000000	76	13	0.909	0.140
762.000000	76	13	0.905	0.138
768.000000	76	13	0.900	0.136
774.000000	76	13	0.896	0.133
780.000000	76	13	0.891	0.128
786.000000	76	13	0.887	0.123
792.000000	76	164	0.883	0.120
798.000000	76	164	0.878	0.121
804.000000	76	164	0.874	0.120
810.000000	76	164	0.869	0.118
816.000000	76	164	0.864	0.114
822.000000	76	164	0.858	0.109
828.000000	76	164	0.850	0.104
834.000000	76	164	0.840	0.098
840.000000	76	164	0.828	0.092
846.000000	76	164	0.813	0.084
852.000000	76	164	0.794	0.075
858.000000	76	164	0.768	0.067
864.000000	76	164	0.731	0.059
870.000000	76	64	0.675	0.056
876.000000	76	64	0.586	0.058
882.000000	76	64	0.432	0.058
888.000000	76	64	0.203	0.051
894.000000	64	176	0.041	0.028
900.000000	64	176	0.036	0.027
906.000000	64	176	0.035	0.026
912.000000	64	176	0.033	0.024
918.000000	64	176	0.032	0.023
924.000000	64	176	0.030	0.021
930.000000	64	176	0.028	0.019
936.000000	64	176	0.025	0.016
942.000000	64	176	0.022	0.014
948.000000	64	172	0.018	0.012
954.000000	64	172	0.015	0.012
960.000000	64	172	0.012	0.011
966.000000	172	147	0.011	0.009
972.000000	172	147	0.010	0.009
