0.000000	119	165	0.000	0.000
6.000000	182	46	0.981	0.041
12.000000	182	46	0.980	0.048
18.000000	182	46	0.978	0.056
24.000000	182	46	0.976	0.064
30.000000	182	46	0.974	0.071
36.000000	182	46	0.971	0.079
42.000000	182	46	0.969	0.087
48.000000	182	46	0.966	0.097
54.000000	182	46	0.963	0.105
60.000000	182	46	0.960	0.113
66.000000	182	46	0.957	0.121
72.000000	182	18	0.955	0.129
78.000000	182	18	0.952	0.142
84.000000	182	18	0.949	0.155
90.000000	182	18	0.947	0.167
96.000000	182	18	0.945	0.178
102.000000	182	18	0.942	0.189
108.000000	182	18	0.940	0.199
114.000000	182	18	0.938	0.209
120.000000	182	18	0.936	0.219
126.000000	182	18	0.933	0.229
132.000000	182	18	0.930	0.240
138.000000	182	18	0.928	0.252
144.000000	182	18	0.925	0.264
150.000000	182	18	0.921	0.278
156.000000	182	18	0.917	0.291
162.000000	182	18	0.912	0.306
168.000000	182	18	0.905	0.325
174.000000	182	18	0.897	0.352
180.000000	182	18	0.885	0.384
186.000000	182	18	0.870	0.418
192.000000	182	18	0.849	0.461
198.000000	182	18	0.822	0.510
204.000000	182	18	0.786	0.564
210.000000	182	18	0.735	0.610
216.000000	182	18	0.653	0.652
222.000000	18	182	0.706	0.515
228.000000	18	182	0.783	0.296
234.000000	18	17	0.887	0.086
240.000000	18	17	0.939	0.086
246.000000	18	17	0.953	0.084
252.000000	18	17	0.955	0.083
258.000000	18	17	0.954	0.081
264.000000	18	17	0.951	0.080
270.000000	18	17	0.947	0.078
276.000000	18	25	0.944	0.084
282.000000	18	25	0.940	0.091
288.000000	18	25	0.937	0.097
294.000000	18	25	0.933	0.102
300.000000	18	25	0.929	0.107
306.000000	18	25	0.925	0.112
312.000000	18	25	0.921	0.118
318.000000	18	25	0.917	0.122
324.000000	18	25	0.913	0.127
330.000000	18	25	0.908	0.131
336.000000	18	25	0.902	0.136
342.000000	18	25	0.896	0.140
348.000000	18	25	0.889	0.144
354.000000	18	25	0.882	0.147
360.000000	18	25	0.874	0.151
366.000000	18	25	0.864	0.155
372.000000	18	25	0.853	0.159
378.000000	18	25	0.839	0.164
384.000000	18	25	0.822	0.169
390.000000	18	25	0.800	0.177
396.000000	18	25	0.770	0.186
402.000000	18	25	0.729	0.198
408.000000	18	25	0.666	0.211
414.000000	18	25	0.564	0.232
420.000000	18	25	0.395	0.263
426.000000	25	18	0.302	0.171
432.000000	25	190	0.370	0.053
438.000000	25	190	0.505	0.051
444.000000	25	190	0.682	0.049
450.000000	25	190	0.818	0.048
456.000000	25	190	0.883	0.049
462.000000	25	161	0.910	0.051
468.000000	25	161	0.923	0.058
474.000000	25	161	0.929	0.065
480.000000	25	161	0.932	0.072
486.000000	25	161	0.934	0.077
492.000000	25	161	0.935	0.083
498.000000	25	161	0.936	0.088
504.000000	25	161	0.935	0.094
510.000000	25	161	0.935	0.099
516.000000	25	161	0.934	0.105
522.000000	25	161	0.934	0.110
528.000000	25	161	0.933	0.114
534.000000	25	161	0.933	0.116
540.000000	25	161	0.932	0.118
546.000000	25	161	0.931	0.119
552.000000	25	161	0.930	0.119
558.000000	25	161	0.929	0.119
564.000000	25	161	0.927	0.117
570.000000	25	161	0.925	0.114
576.000000	25	161	0.922	0.110
582.000000	25	161	0.919	0.106
588.000000	25	161	0.915	0.101
594.000000	25	161	0.911	0.095
600.000000	25	161	0.907	0.087
606.000000	25	161	0.902	0.080
612.000000	25	155	0.894	0.075
618.000000	25	155	0.883	0.070
624.000000	25	155	0.870	0.064
630.000000	25	155	0.852	0.058
636.000000	25	58	0.829	0.052
642.000000	25	58	0.798	0.049
648.000000	25	58	0.754	0.047
654.000000	25	129	0.688	0.044
660.000000	25	129	0.576	0.043
666.000000	25	129	0.382	0.040
672.000000	25	129	0.130	0.036
678.000000	4	129	0.032	0.030
684.000000	4	164	0.030	0.027
690.000000	4	164	0.028	0.027
696.000000	4	164	0.027	0.027
702.000000	164	4	0.025	0.025
708.000000	164	4	0.024	0.023
714.000000	164	4	0.022	0.020
720.000000	164	4	0.020	0.018
726.000000	164	4	0.017	0.016
732.000000	164	19	0.015	0.014
738.000000	19	164	0.014	0.013
744.000000	112	19	0.013	0.013
750.000000	112	19	0.014	0.012
756.000000	112	19	0.014	0.011
762.000000	112	19	0.014	0.010
768.000000	112	159	0.014	0.009
774.000000	112	159	0.014	0.008
780.000000	112	140	0.013	0.008
786.000000	112	140	0.012	0.007
792.000000	112	107	0.011	0.007
798.000000	112	107	0.010	0.007
804.000000	112	107	0.009	0.006
