0.000000	119	165	0.000	0.000
6.000000	40	118	0.981	0.039
12.000000	40	118	0.979	0.045
18.000000	40	118	0.978	0.053
24.000000	40	118	0.976	0.060
30.000000	40	118	0.973	0.069
36.000000	40	118	0.971	0.078
42.000000	40	118	0.968	0.087
48.000000	40	118	0.965	0.096
54.000000	40	118	0.962	0.105
60.000000	40	118	0.959	0.113
66.000000	40	121	0.956	0.121
72.000000	40	121	0.953	0.130
78.000000	40	121	0.950	0.138
84.000000	40	121	0.947	0.146
90.000000	40	121	0.944	0.152
96.000000	40	121	0.942	0.158
102.000000	40	121	0.940	0.164
108.000000	40	121	0.938	0.169
114.000000	40	121	0.935	0.174
120.000000	40	121	0.933	0.178
126.000000	40	121	0.931	0.181
132.000000	40	121	0.929	0.183
138.000000	40	121	0.927	0.186
144.000000	40	121	0.925	0.191
150.000000	40	121	0.922	0.195
156.000000	40	121	0.918	0.200
162.000000	40	121	0.914	0.206
168.000000	40	121	0.909	0.213
174.000000	40	121	0.903	0.219
180.000000	40	121	0.895	0.224
186.000000	40	121	0.886	0.229
192.000000	40	121	0.874	0.234
198.000000	40	121	0.860	0.241
204.000000	40	121	0.841	0.247
210.000000	40	121	0.817	0.254
216.000000	40	121	0.788	0.261
222.000000	40	121	0.747	0.269
228.000000	40	121	0.687	0.279
234.000000	40	121	0.593	0.295
240.000000	40	121	0.436	0.326
246.000000	121	40	0.384	0.214
252.000000	121	27	0.484	0.199
258.000000	121	27	0.639	0.234
264.000000	121	27	0.772	0.281
270.000000	121	27	0.843	0.344
276.000000	121	27	0.873	0.418
282.000000	121	27	0.891	0.489
288.000000	121	27	0.899	0.552
294.000000	121	27	0.900	0.599
300.000000	121	27	0.898	0.634
306.000000	121	27	0.896	0.658
312.000000	121	27	0.893	0.672
318.000000	121	27	0.890	0.681
324.000000	121	27	0.887	0.688
330.000000	121	27	0.883	0.691
336.000000	121	27	0.878	0.693
342.000000	121	27	0.874	0.695
348.000000	121	27	0.868	0.695
354.000000	121	27	0.862	0.696
360.000000	121	27	0.856	0.693
366.000000	121	27	0.850	0.691
372.000000	121	27	0.842	0.688
378.000000	121	27	0.834	0.684
384.000000	121	27	0.824	0.679
390.000000	121	27	0.810	0.674
396.000000	121	27	0.795	0.666
402.000000	121	27	0.773	0.655
408.000000	121	27	0.744	0.646
414.000000	121	27	0.704	0.636
420.000000	121	27	0.644	0.635
426.000000	27	121	0.633	0.559
432.000000	27	121	0.637	0.430
438.000000	27	121	0.662	0.254
444.000000	27	15	0.712	0.103
450.000000	27	15	0.761	0.092
456.000000	27	15	0.790	0.086
462.000000	27	15	0.810	0.082
468.000000	27	42	0.824	0.083
474.000000	27	42	0.833	0.088
480.000000	27	12	0.838	0.097
486.000000	27	12	0.840	0.105
492.000000	27	12	0.838	0.114
498.000000	27	12	0.833	0.122
504.000000	27	12	0.826	0.130
510.000000	27	12	0.816	0.137
516.000000	27	12	0.803	0.144
522.000000	27	12	0.786	0.150
528.000000	27	12	0.763	0.157
534.000000	27	12	0.732	0.164
540.000000	27	12	0.689	0.171
546.000000	27	12	0.626	0.178
552.000000	27	12	0.531	0.187
558.000000	27	12	0.389	0.195
564.000000	27	12	0.208	0.206
570.000000	12	35	0.222	0.120
576.000000	12	35	0.253	0.123
582.000000	12	35	0.313	0.130
588.000000	12	35	0.405	0.137
594.000000	12	35	0.529	0.141
600.000000	12	35	0.651	0.144
606.000000	12	35	0.748	0.144
612.000000	12	35	0.814	0.145
618.000000	12	35	0.847	0.142
624.000000	12	35	0.863	0.138
630.000000	12	35	0.872	0.133
636.000000	12	35	0.881	0.126
642.000000	12	35	0.887	0.118
648.000000	12	145	0.890	0.116
654.000000	12	145	0.892	0.112
660.000000	12	145	0.895	0.108
666.000000	12	145	0.899	0.104
672.000000	12	145	0.902	0.097
678.000000	12	192	0.908	0.093
684.000000	12	192	0.913	0.094
690.000000	12	192	0.915	0.095
696.000000	12	192	0.916	0.096
702.000000	12	192	0.917	0.096
708.000000	12	192	0.918	0.096
714.000000	12	192	0.919	0.097
720.000000	12	192	0.920	0.098
726.000000	12	192	0.918	0.100
732.000000	12	192	0.916	0.100
738.000000	12	192	0.913	0.100
744.000000	12	82	0.908	0.103
750.000000	12	82	0.902	0.107
756.000000	12	82	0.894	0.112
762.000000	12	82	0.885	0.116
768.000000	12	82	0.875	0.121
774.000000	12	82	0.861	0.125
780.000000	12	82	0.846	0.130
786.000000	12	82	0.826	0.135
792.000000	12	82	0.802	0.139
798.000000	12	82	0.771	0.142
804.000000	12	82	0.730	0.145
810.000000	12	82	0.670	0.148
816.000000	12	82	0.576	0.151
822.000000	12	82	0.422	0.154
828.000000	12	82	0.207	0.157
834.000000	82	83	0.164	0.137
840.000000	82	83	0.184	0.153
846.000000	82	83	0.221	0.182
852.000000	82	83	0.280	0.232
858.000000	82	83	0.358	0.310
864.000000	82	83	0.457	0.419
870.000000	82	83	0.562	0.551
876.000000	83	82	0.673	0.652
882.000000	83	82	0.745	0.716
888.000000	83	82	0.780	0.750
894.000000	83	82	0.798	0.766
900.000000	83	82	0.810	0.773
906.000000	83	82	0.816	0.777
912.000000	83	82	0.819	0.781
918.000000	83	82	0.824	0.783
924.000000	83	82	0.826	0.784
930.000000	83	82	0.828	0.786
936.000000	83	82	0.833	0.786
942.000000	83	82	0.836	0.785
948.000000	83	82	0.838	0.784
954.000000	83	82	0.842	0.781
960.000000	83	82	0.847	0.777
966.000000	83	82	0.848	0.774
972.000000	83	82	0.849	0.769
978.000000	83	82	0.848	0.761
984.000000	83	82	0.845	0.753
990.000000	83	82	0.842	0.743
996.000000	83	82	0.840	0.728
1002.000000	83	82	0.836	0.710
1008.000000	83	82	0.834	0.684
1014.000000	83	82	0.828	0.651
1020.000000	83	82	0.824	0.602
1026.000000	83	82	0.827	0.530
1032.000000	83	82	0.832	0.423
1038.000000	83	82	0.846	0.274
1044.000000	83	82	0.871	0.124
1050.000000	83	38	0.885	0.052
1056.000000	83	38	0.889	0.056
1062.000000	83	38	0.887	0.061
1068.000000	83	38	0.882	0.065
1074.000000	83	38	0.875	0.069
1080.000000	83	38	0.865	0.073
1086.000000	83	38	0.852	0.077
1092.000000	83	38	0.835	0.082
1098.000000	83	38	0.814	0.086
1104.000000	83	38	0.786	0.091
1110.000000	83	38	0.749	0.095
1116.000000	83	38	0.696	0.098
1122.000000	83	38	0.614	0.100
1128.000000	83	38	0.479	0.101
1134.000000	83	38	0.271	0.098
1140.000000	38	195	0.094	0.083
1146.000000	38	195	0.095	0.090
1152.000000	38	195	0.101	0.100
1158.000000	195	38	0.115	0.111
1164.000000	195	38	0.135	0.125
1170.000000	195	38	0.163	0.145
1176.000000	195	38	0.205	0.172
1182.000000	195	38	0.267	0.210
1188.000000	195	38	0.364	0.258
1194.000000	195	38	0.501	0.315
1200.000000	195	38	0.640	0.376
1206.000000	195	38	0.739	0.436
1212.000000	195	38	0.787	0.493
1218.000000	195	38	0.811	0.543
1224.000000	195	38	0.822	0.580
1230.000000	195	38	0.830	0.605
1236.000000	195	38	0.833	0.621
1242.000000	195	38	0.837	0.634
1248.000000	195	38	0.838	0.645
1254.000000	195	38	0.839	0.649
1260.000000	195	38	0.838	0.652
1266.000000	195	38	0.837	0.654
1272.000000	195	38	0.835	0.656
1278.000000	195	38	0.835	0.656
1284.000000	195	38	0.835	0.657
1290.000000	195	38	0.836	0.655
1296.000000	195	38	0.836	0.653
1302.000000	195	38	0.834	0.650
1308.000000	195	38	0.833	0.644
1314.000000	195	38	0.831	0.634
1320.000000	195	38	0.826	0.619
1326.000000	195	38	0.821	0.597
1332.000000	195	38	0.816	0.565
1338.000000	195	38	0.811	0.518
1344.000000	195	38	0.806	0.449
1350.000000	195	38	0.810	0.342
1356.000000	195	38	0.820	0.198
1362.000000	195	190	0.850	0.068
1368.000000	195	22	0.873	0.071
1374.000000	195	22	0.880	0.078
1380.000000	195	22	0.883	0.086
1386.000000	195	22	0.881	0.093
1392.000000	195	22	0.877	0.100
1398.000000	195	22	0.870	0.108
1404.000000	195	22	0.860	0.115
1410.000000	195	22	0.847	0.121
1416.000000	195	22	0.830	0.128
1422.000000	195	22	0.809	0.134
1428.000000	195	22	0.780	0.139
1434.000000	195	22	0.741	0.144
1440.000000	195	22	0.686	0.149
1446.000000	195	22	0.601	0.153
1452.000000	195	22	0.466	0.155
1458.000000	195	22	0.269	0.155
1464.000000	22	54	0.154	0.139
1470.000000	22	54	0.161	0.142
1476.000000	22	54	0.178	0.155
1482.000000	22	54	0.210	0.176
1488.000000	22	54	0.259	0.207
1494.000000	22	54	0.333	0.254
1500.000000	22	54	0.434	0.316
1506.000000	22	54	0.556	0.395
1512.000000	22	54	0.657	0.481
1518.000000	22	54	0.720	0.556
1524.000000	22	54	0.756	0.617
1530.000000	22	54	0.774	0.659
1536.000000	22	54	0.786	0.685
1542.000000	22	54	0.792	0.700
1548.000000	22	54	0.795	0.708
1554.000000	22	54	0.797	0.713
1560.000000	22	54	0.798	0.717
1566.000000	22	54	0.799	0.721
1572.000000	22	54	0.802	0.723
1578.000000	22	54	0.805	0.724
1584.000000	22	54	0.806	0.727
1590.000000	22	54	0.807	0.727
1596.000000	22	54	0.807	0.726
1602.000000	22	54	0.804	0.725
1608.000000	22	54	0.798	0.728
1614.000000	22	54	0.793	0.726
1620.000000	22	54	0.791	0.720
1626.000000	22	54	0.788	0.712
1632.000000	22	54	0.781	0.701
1638.000000	22	54	0.772	0.690
1644.000000	22	54	0.760	0.675
1650.000000	22	54	0.744	0.656
1656.000000	22	54	0.722	0.631
1662.000000	22	54	0.697	0.596
1668.000000	22	54	0.661	0.550
1674.000000	22	54	0.617	0.481
1680.000000	22	54	0.568	0.375
1686.000000	22	54	0.496	0.241
1692.000000	22	54	0.387	0.110
1698.000000	22	140	0.230	0.081
1704.000000	22	140	0.085	0.083
1710.000000	140	79	0.087	0.052
1716.000000	140	79	0.097	0.054
1722.000000	140	79	0.114	0.058
1728.000000	140	79	0.141	0.063
1734.000000	140	79	0.184	0.069
1740.000000	140	79	0.254	0.076
1746.000000	140	79	0.368	0.083
1752.000000	140	100	0.531	0.092
1758.000000	140	100	0.707	0.112
1764.000000	140	100	0.827	0.133
1770.000000	140	100	0.890	0.152
1776.000000	140	100	0.922	0.171
1782.000000	140	100	0.936	0.190
1788.000000	140	100	0.939	0.211
1794.000000	140	100	0.939	0.231
1800.000000	140	100	0.938	0.251
1806.000000	140	100	0.936	0.272
1812.000000	140	100	0.935	0.291
1818.000000	140	100	0.936	0.309
1824.000000	140	100	0.935	0.324
1830.000000	140	100	0.936	0.337
1836.000000	140	100	0.935	0.349
1842.000000	140	100	0.934	0.360
1848.000000	140	100	0.933	0.372
1854.000000	140	100	0.932	0.384
1860.000000	140	100	0.931	0.395
1866.000000	140	100	0.930	0.412
1872.000000	140	100	0.928	0.431
1878.000000	140	100	0.925	0.453
1884.000000	140	100	0.922	0.478
1890.000000	140	100	0.918	0.508
1896.000000	140	100	0.912	0.549
1902.000000	140	100	0.905	0.595
1908.000000	140	100	0.896	0.636
1914.000000	140	100	0.884	0.666
1920.000000	140	100	0.868	0.689
1926.000000	140	100	0.848	0.704
1932.000000	140	100	0.820	0.719
1938.000000	140	100	0.783	0.735
1944.000000	100	140	0.748	0.733
1950.000000	100	140	0.761	0.665
1956.000000	100	140	0.788	0.552
1962.000000	100	140	0.838	0.371
1968.000000	100	140	0.907	0.165
1974.000000	100	105	0.941	0.067
1980.000000	100	29	0.950	0.065
1986.000000	100	29	0.947	0.070
1992.000000	100	29	0.943	0.075
1998.000000	100	29	0.937	0.080
2004.000000	100	29	0.931	0.084
2010.000000	100	29	0.924	0.090
2016.000000	100	29	0.917	0.097
2022.000000	100	29	0.908	0.103
2028.000000	100	29	0.900	0.107
2034.000000	100	29	0.890	0.111
2040.000000	100	29	0.881	0.114
2046.000000	100	29	0.870	0.116
2052.000000	100	29	0.858	0.118
2058.000000	100	29	0.845	0.118
2064.000000	100	169	0.831	0.119
2070.000000	100	169	0.813	0.122
2076.000000	100	169	0.792	0.125
2082.000000	100	169	0.766	0.128
2088.000000	100	169	0.731	0.130
2094.000000	100	169	0.683	0.132
2100.000000	100	169	0.611	0.132
2106.000000	100	169	0.500	0.133
2112.000000	100	189	0.333	0.139
2118.000000	189	100	0.147	0.139
2124.000000	189	169	0.160	0.123
2130.000000	189	169	0.182	0.127
2136.000000	189	169	0.215	0.137
2142.000000	189	169	0.270	0.152
2148.000000	189	169	0.364	0.173
2154.000000	189	169	0.509	0.196
2160.000000	189	169	0.677	0.218
2166.000000	189	169	0.802	0.236
2172.000000	189	169	0.873	0.255
2178.000000	189	169	0.902	0.275
2184.000000	189	169	0.915	0.296
2190.000000	189	169	0.919	0.319
2196.000000	189	169	0.920	0.341
2202.000000	189	169	0.920	0.363
2208.000000	189	169	0.920	0.382
2214.000000	189	169	0.921	0.399
2220.000000	189	169	0.922	0.415
2226.000000	189	169	0.921	0.430
2232.000000	189	169	0.919	0.444
2238.000000	189	169	0.919	0.456
2244.000000	189	169	0.920	0.465
2250.000000	189	169	0.920	0.474
2256.000000	189	169	0.920	0.485
2262.000000	189	169	0.919	0.497
2268.000000	189	169	0.916	0.509
2274.000000	189	169	0.913	0.517
2280.000000	189	169	0.910	0.523
2286.000000	189	169	0.906	0.526
2292.000000	189	169	0.901	0.527
2298.000000	189	169	0.895	0.528
2304.000000	189	169	0.888	0.527
2310.000000	189	169	0.880	0.523
2316.000000	189	169	0.872	0.514
2322.000000	189	169	0.863	0.501
2328.000000	189	169	0.853	0.478
2334.000000	189	169	0.843	0.441
2340.000000	189	169	0.834	0.385
2346.000000	189	169	0.822	0.305
2352.000000	189	169	0.811	0.199
2358.000000	189	169	0.796	0.095
2364.000000	189	130	0.774	0.054
2370.000000	189	130	0.742	0.054
2376.000000	189	130	0.695	0.055
2382.000000	189	130	0.621	0.055
2388.000000	189	130	0.494	0.052
2394.000000	189	130	0.281	0.044
2400.000000	189	48	0.064	0.036
2406.000000	48	192	0.038	0.031
2412.000000	48	192	0.041	0.032
2418.000000	48	192	0.045	0.032
2424.000000	48	192	0.050	0.033
2430.000000	48	192	0.056	0.035
2436.000000	48	192	0.066	0.036
2442.000000	48	192	0.078	0.038
2448.000000	48	192	0.097	0.040
2454.000000	48	192	0.126	0.042
2460.000000	48	192	0.175	0.046
2466.000000	48	192	0.266	0.050
2472.000000	48	192	0.434	0.055
2478.000000	48	192	0.671	0.059
2484.000000	48	6	0.842	0.057
2490.000000	48	32	0.910	0.061
2496.000000	48	32	0.939	0.067
2502.000000	48	98	0.954	0.075
2508.000000	48	98	0.958	0.086
2514.000000	48	98	0.959	0.098
2520.000000	48	98	0.959	0.109
2526.000000	48	98	0.958	0.119
2532.000000	48	98	0.956	0.128
2538.000000	48	98	0.955	0.135
2544.000000	48	98	0.953	0.142
2550.000000	48	98	0.952	0.148
2556.000000	48	98	0.951	0.153
2562.000000	48	98	0.950	0.158
2568.000000	48	98	0.950	0.162
2574.000000	48	98	0.949	0.165
2580.000000	48	98	0.948	0.167
2586.000000	48	98	0.948	0.168
2592.000000	48	98	0.947	0.170
2598.000000	48	98	0.946	0.170
2604.000000	48	98	0.945	0.169
2610.000000	48	98	0.944	0.168
2616.000000	48	98	0.942	0.166
2622.000000	48	98	0.940	0.162
2628.000000	48	98	0.937	0.157
2634.000000	48	98	0.934	0.150
2640.000000	48	98	0.930	0.142
2646.000000	48	98	0.925	0.131
2652.000000	48	98	0.919	0.118
2658.000000	48	98	0.911	0.104
2664.000000	48	98	0.902	0.089
2670.000000	48	30	0.892	0.080
2676.000000	48	30	0.878	0.079
2682.000000	48	30	0.862	0.079
2688.000000	48	30	0.841	0.079
2694.000000	48	30	0.813	0.078
2700.000000	48	30	0.774	0.078
2706.000000	48	30	0.718	0.077
2712.000000	48	30	0.629	0.076
2718.000000	48	30	0.473	0.073
2724.000000	48	138	0.225	0.065
2730.000000	138	30	0.060	0.051
2736.000000	138	30	0.059	0.042
2742.000000	138	30	0.060	0.035
2748.000000	138	185	0.061	0.030
2754.000000	138	185	0.062	0.032
2760.000000	138	185	0.065	0.034
2766.000000	138	185	0.068	0.036
2772.000000	138	185	0.072	0.039
2778.000000	138	185	0.077	0.041
2784.000000	138	185	0.084	0.044
2790.000000	138	185	0.092	0.047
2796.000000	138	185	0.105	0.050
2802.000000	138	185	0.123	0.055
2808.000000	138	185	0.149	0.059
2814.000000	138	185	0.189	0.065
2820.000000	138	185	0.253	0.072
2826.000000	138	185	0.361	0.079
2832.000000	138	185	0.533	0.087
2838.000000	138	185	0.728	0.092
2844.000000	138	112	0.845	0.099
2850.000000	138	112	0.898	0.112
2856.000000	138	112	0.924	0.128
2862.000000	138	112	0.932	0.146
2868.000000	138	112	0.934	0.166
2874.000000	138	112	0.935	0.185
2880.000000	138	112	0.935	0.203
2886.000000	138	112	0.934	0.219
2892.000000	138	112	0.934	0.234
2898.000000	138	112	0.934	0.248
2904.000000	138	112	0.935	0.259
2910.000000	138	112	0.934	0.269
2916.000000	138	112	0.933	0.278
2922.000000	138	112	0.932	0.288
2928.000000	138	112	0.931	0.296
2934.000000	138	112	0.930	0.305
2940.000000	138	112	0.931	0.314
2946.000000	138	112	0.930	0.327
2952.000000	138	112	0.930	0.339
2958.000000	138	112	0.928	0.349
2964.000000	138	112	0.925	0.359
2970.000000	138	112	0.921	0.374
2976.000000	138	112	0.916	0.391
2982.000000	138	112	0.910	0.410
2988.000000	138	112	0.903	0.433
2994.000000	138	112	0.893	0.462
3000.000000	138	112	0.880	0.497
3006.000000	138	112	0.865	0.531
3012.000000	138	112	0.845	0.565
3018.000000	138	112	0.820	0.595
3024.000000	138	112	0.787	0.620
3030.000000	138	112	0.736	0.645
3036.000000	112	138	0.677	0.654
3042.000000	112	138	0.725	0.514
3048.000000	112	138	0.813	0.286
3054.000000	112	138	0.917	0.087
3060.000000	112	107	0.951	0.073
3066.000000	112	107	0.956	0.081
3072.000000	112	107	0.955	0.089
3078.000000	112	107	0.952	0.096
3084.000000	112	107	0.948	0.104
3090.000000	112	107	0.944	0.110
3096.000000	112	107	0.939	0.115
3102.000000	112	107	0.934	0.119
3108.000000	112	107	0.929	0.122
3114.000000	112	107	0.923	0.125
3120.000000	112	107	0.917	0.128
3126.000000	112	107	0.911	0.130
3132.000000	112	107	0.905	0.132
3138.000000	112	107	0.899	0.133
3144.000000	112	107	0.892	0.135
3150.000000	112	107	0.884	0.136
3156.000000	112	107	0.875	0.136
3162.000000	112	107	0.866	0.136
3168.000000	112	107	0.855	0.135
3174.000000	112	107	0.842	0.133
3180.000000	112	107	0.828	0.130
3186.000000	112	107	0.810	0.128
3192.000000	112	107	0.788	0.124
3198.000000	112	107	0.759	0.121
3204.000000	112	107	0.718	0.118
3210.000000	112	107	0.659	0.113
3216.000000	112	107	0.567	0.108
3222.000000	112	29	0.418	0.102
3228.000000	112	29	0.209	0.096
3234.000000	29	82	0.087	0.067
3240.000000	29	82	0.081	0.061
3246.000000	29	82	0.078	0.058
3252.000000	29	82	0.077	0.056
3258.000000	29	148	0.079	0.057
3264.000000	29	148	0.083	0.061
3270.000000	29	148	0.088	0.065
3276.000000	29	148	0.094	0.069
3282.000000	29	90	0.102	0.080
3288.000000	29	90	0.110	0.097
3294.000000	90	29	0.120	0.119
3300.000000	90	29	0.152	0.128
3306.000000	90	29	0.196	0.139
3312.000000	90	29	0.259	0.151
3318.000000	90	29	0.346	0.162
3324.000000	90	29	0.453	0.169
3330.000000	90	29	0.570	0.173
3336.000000	90	29	0.668	0.172
3342.000000	90	164	0.736	0.183
3348.000000	90	164	0.785	0.189
3354.000000	90	113	0.811	0.200
3360.000000	90	113	0.827	0.214
3366.000000	90	113	0.841	0.223
3372.000000	90	113	0.848	0.230
3378.000000	90	113	0.856	0.235
3384.000000	90	113	0.864	0.238
3390.000000	90	113	0.875	0.243
3396.000000	90	113	0.887	0.245
3402.000000	90	113	0.896	0.247
3408.000000	90	113	0.905	0.246
3414.000000	90	113	0.910	0.242
3420.000000	90	113	0.920	0.235
3426.000000	90	113	0.931	0.225
3432.000000	90	113	0.937	0.215
3438.000000	90	113	0.941	0.203
3444.000000	90	113	0.942	0.187
3450.000000	90	113	0.943	0.167
3456.000000	90	113	0.946	0.143
3462.000000	90	113	0.947	0.120
3468.000000	90	113	0.945	0.097
3474.000000	90	196	0.942	0.091
3480.000000	90	196	0.938	0.094
3486.000000	90	196	0.933	0.098
3492.000000	90	196	0.927	0.102
3498.000000	90	196	0.920	0.106
3504.000000	90	196	0.911	0.111
3510.000000	90	196	0.901	0.115
3516.000000	90	196	0.889	0.119
3522.000000	90	196	0.874	0.121
3528.000000	90	196	0.856	0.122
3534.000000	90	196	0.835	0.122
3540.000000	90	36	0.808	0.121
3546.000000	90	36	0.772	0.129
3552.000000	90	36	0.724	0.138
3558.000000	90	36	0.655	0.148
3564.000000	90	36	0.547	0.158
3570.000000	90	36	0.380	0.168
3576.000000	36	90	0.176	0.167
3582.000000	36	115	0.181	0.135
3588.000000	36	115	0.196	0.155
3594.000000	36	115	0.226	0.187
3600.000000	36	115	0.272	0.232
3606.000000	36	115	0.331	0.290
3612.000000	36	115	0.398	0.365
3618.000000	36	115	0.466	0.452
3624.000000	115	36	0.532	0.525
3630.000000	115	36	0.597	0.568
3636.000000	115	36	0.645	0.592
3642.000000	115	36	0.674	0.605
3648.000000	115	36	0.691	0.613
3654.000000	115	36	0.703	0.618
3660.000000	115	36	0.711	0.619
3666.000000	115	36	0.715	0.618
3672.000000	115	36	0.717	0.616
3678.000000	115	36	0.719	0.611
3684.000000	115	36	0.722	0.604
3690.000000	115	36	0.725	0.593
3696.000000	115	36	0.725	0.581
3702.000000	115	36	0.728	0.563
3708.000000	115	36	0.734	0.541
3714.000000	115	173	0.736	0.523
3720.000000	115	173	0.737	0.512
3726.000000	115	173	0.741	0.495
3732.000000	115	173	0.755	0.472
3738.000000	115	173	0.780	0.441
3744.000000	115	173	0.821	0.406
3750.000000	115	173	0.858	0.359
3756.000000	115	173	0.884	0.297
3762.000000	115	173	0.906	0.228
3768.000000	115	173	0.920	0.161
3774.000000	115	173	0.925	0.110
3780.000000	115	8	0.926	0.098
3786.000000	115	8	0.926	0.110
3792.000000	115	8	0.920	0.123
3798.000000	115	8	0.913	0.136
3804.000000	115	8	0.905	0.149
3810.000000	115	8	0.895	0.162
3816.000000	115	8	0.884	0.177
3822.000000	115	8	0.871	0.194
3828.000000	115	8	0.856	0.212
3834.000000	115	8	0.838	0.232
3840.000000	115	8	0.817	0.256
3846.000000	115	8	0.790	0.284
3852.000000	115	8	0.754	0.316
3858.000000	115	8	0.704	0.355
3864.000000	115	8	0.629	0.400
3870.000000	115	8	0.512	0.455
3876.000000	8	115	0.543	0.337
3882.000000	8	115	0.684	0.148
3888.000000	8	148	0.839	0.071
3894.000000	8	59	0.919	0.067
3900.000000	8	59	0.943	0.070
3906.000000	8	59	0.951	0.072
3912.000000	8	148	0.954	0.073
3918.000000	8	148	0.953	0.075
3924.000000	8	50	0.953	0.083
3930.000000	8	50	0.952	0.091
3936.000000	8	50	0.950	0.098
3942.000000	8	50	0.947	0.106
3948.000000	8	50	0.944	0.113
3954.000000	8	50	0.941	0.121
3960.000000	8	50	0.939	0.130
3966.000000	8	50	0.936	0.138
3972.000000	8	50	0.933	0.146
3978.000000	8	50	0.929	0.153
3984.000000	8	50	0.926	0.159
3990.000000	8	50	0.922	0.163
3996.000000	8	50	0.918	0.167
4002.000000	8	50	0.914	0.170
4008.000000	8	50	0.910	0.171
4014.000000	8	50	0.905	0.171
4020.000000	8	50	0.900	0.170
4026.000000	8	50	0.894	0.169
4032.000000	8	50	0.887	0.167
4038.000000	8	50	0.879	0.164
4044.000000	8	50	0.870	0.160
4050.000000	8	50	0.859	0.156
4056.000000	8	50	0.846	0.151
4062.000000	8	50	0.831	0.145
4068.000000	8	50	0.811	0.139
4074.000000	8	3	0.785	0.136
4080.000000	8	3	0.750	0.137
4086.000000	8	3	0.698	0.139
4092.000000	8	3	0.616	0.141
4098.000000	8	3	0.476	0.144
4104.000000	8	3	0.253	0.146
4110.000000	3	127	0.149	0.053
4116.000000	3	127	0.163	0.047
4122.000000	3	127	0.196	0.045
4128.000000	3	127	0.257	0.043
4134.000000	3	81	0.362	0.049
4140.000000	3	81	0.517	0.060
4146.000000	3	81	0.680	0.070
4152.000000	3	81	0.793	0.080
4158.000000	3	81	0.859	0.090
4164.000000	3	81	0.889	0.099
4170.000000	3	81	0.905	0.108
4176.000000	3	81	0.911	0.120
4182.000000	3	81	0.913	0.131
4188.000000	3	81	0.913	0.141
4194.000000	3	81	0.913	0.150
4200.000000	3	81	0.913	0.157
4206.000000	3	81	0.912	0.165
4212.000000	3	81	0.910	0.173
4218.000000	3	81	0.909	0.180
4224.000000	3	81	0.907	0.185
4230.000000	3	81	0.906	0.189
4236.000000	3	81	0.905	0.191
4242.000000	3	81	0.905	0.191
4248.000000	3	81	0.905	0.190
4254.000000	3	81	0.906	0.187
4260.000000	3	81	0.907	0.181
4266.000000	3	81	0.910	0.174
4272.000000	3	81	0.915	0.164
4278.000000	3	81	0.919	0.153
4284.000000	3	81	0.922	0.142
4290.000000	3	81	0.924	0.128
4296.000000	3	81	0.926	0.112
4302.000000	3	79	0.926	0.092
4308.000000	3	79	0.924	0.079
4314.000000	3	64	0.920	0.072
4320.000000	3	64	0.915	0.067
4326.000000	3	64	0.907	0.062
4332.000000	3	64	0.898	0.059
4338.000000	3	64	0.886	0.056
4344.000000	3	64	0.870	0.054
4350.000000	3	64	0.851	0.051
4356.000000	3	64	0.825	0.048
4362.000000	3	7	0.790	0.046
4368.000000	3	7	0.740	0.048
4374.000000	3	7	0.661	0.050
4380.000000	3	7	0.527	0.050
4386.000000	3	7	0.298	0.047
4392.000000	3	7	0.063	0.040
4398.000000	7	102	0.034	0.033
4404.000000	102	7	0.031	0.030
4410.000000	102	7	0.029	0.027
4416.000000	102	7	0.027	0.023
4422.000000	102	185	0.024	0.022
4428.000000	185	102	0.022	0.021
4434.000000	185	102	0.022	0.018
4440.000000	185	102	0.023	0.015
4446.000000	185	180	0.023	0.012
4452.000000	185	180	0.023	0.012
4458.000000	185	180	0.022	0.011
4464.000000	185	83	0.021	0.011
4470.000000	185	83	0.020	0.011
4476.000000	185	83	0.018	0.012
4482.000000	185	83	0.016	0.012
4488.000000	185	83	0.014	0.012
4494.000000	83	185	0.013	0.012
4500.000000	83	185	0.013	0.010
4506.000000	83	65	0.012	0.009
4512.000000	83	65	0.012	0.009
4518.000000	83	65	0.011	0.008
4524.000000	83	65	0.011	0.007
4530.000000	83	65	0.010	0.007
