0.000000	119	165	0.000	0.000
6.000000	79	43	0.981	0.041
12.000000	79	43	0.979	0.048
18.000000	79	43	0.978	0.055
24.000000	79	43	0.976	0.065
30.000000	79	43	0.973	0.076
36.000000	79	43	0.971	0.087
42.000000	79	43	0.968	0.100
48.000000	79	43	0.965	0.113
54.000000	79	43	0.962	0.126
60.000000	79	43	0.959	0.140
66.000000	79	43	0.956	0.154
72.000000	79	43	0.953	0.168
78.000000	79	43	0.950	0.182
84.000000	79	43	0.948	0.198
90.000000	79	43	0.945	0.214
96.000000	79	43	0.942	0.230
102.000000	79	43	0.940	0.246
108.000000	79	43	0.937	0.261
114.000000	79	43	0.934	0.277
120.000000	79	43	0.932	0.293
126.000000	79	43	0.929	0.310
132.000000	79	43	0.925	0.325
138.000000	79	43	0.922	0.340
144.000000	79	43	0.917	0.359
150.000000	79	43	0.912	0.381
156.000000	79	43	0.906	0.406
162.000000	79	43	0.898	0.444
168.000000	79	43	0.886	0.486
174.000000	79	43	0.872	0.527
180.000000	79	43	0.853	0.564
186.000000	79	43	0.829	0.595
192.000000	79	43	0.797	0.626
198.000000	79	43	0.752	0.660
204.000000	79	43	0.694	0.687
210.000000	43	79	0.718	0.603
216.000000	43	79	0.760	0.470
222.000000	43	79	0.834	0.276
228.000000	43	22	0.906	0.152
234.000000	43	22	0.937	0.148
240.000000	43	22	0.947	0.149
246.000000	43	22	0.945	0.154
252.000000	43	22	0.940	0.158
258.000000	43	22	0.935	0.160
264.000000	43	22	0.929	0.161
270.000000	43	22	0.923	0.159
276.000000	43	22	0.916	0.157
282.000000	43	22	0.909	0.154
288.000000	43	22	0.902	0.149
294.000000	43	22	0.894	0.144
300.000000	43	100	0.885	0.137
306.000000	43	100	0.877	0.139
312.000000	43	100	0.868	0.140
318.000000	43	100	0.858	0.138
324.000000	43	100	0.847	0.136
330.000000	43	100	0.834	0.135
336.000000	43	100	0.819	0.134
342.000000	43	100	0.802	0.131
348.000000	43	100	0.781	0.128
354.000000	43	100	0.753	0.125
360.000000	43	100	0.717	0.122
366.000000	43	100	0.667	0.117
372.000000	43	100	0.593	0.112
378.000000	43	100	0.480	0.105
384.000000	43	100	0.315	0.097
390.000000	43	100	0.130	0.083
396.000000	68	100	0.070	0.068
402.000000	68	100	0.064	0.059
408.000000	68	100	0.059	0.054
414.000000	68	100	0.055	0.052
420.000000	68	100	0.052	0.050
426.000000	68	100	0.049	0.048
432.000000	68	100	0.047	0.046
438.000000	115	100	0.048	0.045
444.000000	115	100	0.050	0.042
450.000000	115	51	0.053	0.047
456.000000	115	51	0.057	0.055
462.000000	51	115	0.063	0.061
468.000000	51	158	0.074	0.067
474.000000	51	158	0.087	0.079
480.000000	51	158	0.104	0.093
486.000000	51	173	0.125	0.112
492.000000	51	173	0.152	0.137
498.000000	51	173	0.188	0.172
504.000000	51	173	0.233	0.219
510.000000	51	173	0.287	0.279
516.000000	51	173	0.349	0.348
522.000000	173	51	0.416	0.414
528.000000	173	51	0.474	0.473
534.000000	51	173	0.521	0.520
540.000000	51	173	0.558	0.553
546.000000	51	173	0.587	0.575
552.000000	51	173	0.605	0.590
558.000000	51	173	0.615	0.600
564.000000	51	173	0.624	0.608
570.000000	51	173	0.631	0.619
576.000000	51	173	0.637	0.627
582.000000	51	173	0.647	0.632
588.000000	51	173	0.662	0.637
594.000000	51	173	0.669	0.646
600.000000	51	173	0.679	0.653
606.000000	51	173	0.695	0.664
612.000000	51	173	0.716	0.681
618.000000	51	173	0.738	0.698
624.000000	51	173	0.750	0.721
630.000000	51	173	0.757	0.743
636.000000	173	51	0.758	0.757
642.000000	173	51	0.761	0.754
648.000000	173	51	0.760	0.750
654.000000	173	51	0.757	0.741
660.000000	173	51	0.750	0.729
666.000000	173	51	0.742	0.713
672.000000	173	51	0.732	0.692
678.000000	173	51	0.724	0.665
684.000000	173	51	0.711	0.635
690.000000	173	51	0.696	0.594
696.000000	173	51	0.682	0.537
702.000000	173	51	0.667	0.457
708.000000	173	51	0.658	0.343
714.000000	173	51	0.657	0.201
720.000000	173	105	0.662	0.096
726.000000	173	105	0.662	0.091
732.000000	173	76	0.655	0.099
738.000000	173	76	0.634	0.106
744.000000	173	76	0.602	0.114
750.000000	173	76	0.555	0.124
756.000000	173	76	0.486	0.139
762.000000	173	76	0.389	0.160
768.000000	173	76	0.267	0.186
774.000000	76	106	0.221	0.159
780.000000	76	106	0.272	0.176
786.000000	76	106	0.356	0.196
792.000000	76	106	0.479	0.224
798.000000	76	106	0.615	0.252
804.000000	76	106	0.725	0.276
810.000000	76	106	0.796	0.301
816.000000	76	106	0.838	0.327
822.000000	76	106	0.864	0.355
828.000000	76	106	0.878	0.382
834.000000	76	106	0.885	0.404
840.000000	76	106	0.889	0.427
846.000000	76	106	0.891	0.450
852.000000	76	106	0.892	0.469
858.000000	76	106	0.891	0.485
864.000000	76	106	0.890	0.498
870.000000	76	106	0.889	0.506
876.000000	76	106	0.892	0.510
882.000000	76	106	0.894	0.512
888.000000	76	106	0.897	0.514
894.000000	76	106	0.898	0.516
900.000000	76	106	0.901	0.518
906.000000	76	106	0.904	0.519
912.000000	76	106	0.903	0.523
918.000000	76	106	0.903	0.521
924.000000	76	106	0.900	0.514
930.000000	76	106	0.897	0.501
936.000000	76	106	0.895	0.482
942.000000	76	106	0.891	0.455
948.000000	76	106	0.889	0.415
954.000000	76	106	0.894	0.357
960.000000	76	106	0.895	0.283
966.000000	76	106	0.896	0.198
972.000000	76	106	0.895	0.117
978.000000	76	64	0.891	0.089
984.000000	76	64	0.884	0.090
990.000000	76	64	0.874	0.092
996.000000	76	64	0.862	0.095
1002.000000	76	64	0.847	0.100
1008.000000	76	64	0.828	0.104
1014.000000	76	64	0.804	0.108
1020.000000	76	64	0.771	0.113
1026.000000	76	64	0.725	0.117
1032.000000	76	64	0.656	0.122
1038.000000	76	64	0.546	0.126
1044.000000	76	64	0.368	0.129
1050.000000	76	64	0.149	0.129
1056.000000	64	37	0.130	0.084
1062.000000	64	37	0.140	0.087
1068.000000	64	37	0.160	0.094
1074.000000	64	37	0.193	0.104
1080.000000	64	37	0.242	0.117
1086.000000	64	37	0.316	0.135
1092.000000	64	37	0.415	0.160
1098.000000	64	37	0.532	0.189
1104.000000	64	37	0.645	0.221
1110.000000	64	37	0.733	0.252
1116.000000	64	37	0.790	0.283
1122.000000	64	37	0.824	0.314
1128.000000	64	37	0.839	0.343
1134.000000	64	37	0.850	0.368
1140.000000	64	37	0.856	0.389
1146.000000	64	37	0.860	0.409
1152.000000	64	37	0.864	0.431
1158.000000	64	37	0.866	0.449
1164.000000	64	37	0.867	0.464
1170.000000	64	37	0.870	0.476
1176.000000	64	37	0.872	0.485
1182.000000	64	37	0.873	0.494
1188.000000	64	37	0.874	0.503
1194.000000	64	37	0.874	0.514
1200.000000	64	37	0.873	0.527
1206.000000	64	37	0.873	0.538
1212.000000	64	37	0.874	0.549
1218.000000	64	37	0.874	0.563
1224.000000	64	37	0.871	0.578
1230.000000	64	37	0.867	0.595
1236.000000	64	37	0.862	0.612
1242.000000	64	37	0.856	0.628
1248.000000	64	37	0.849	0.638
1254.000000	64	37	0.839	0.645
1260.000000	64	37	0.826	0.649
1266.000000	64	37	0.808	0.651
1272.000000	64	37	0.785	0.652
1278.000000	64	37	0.753	0.653
1284.000000	64	37	0.708	0.654
1290.000000	37	64	0.652	0.645
1296.000000	37	64	0.655	0.540
1302.000000	37	64	0.683	0.371
1308.000000	37	64	0.749	0.162
1314.000000	37	171	0.838	0.050
1320.000000	37	171	0.887	0.050
1326.000000	37	171	0.905	0.052
1332.000000	37	133	0.914	0.054
1338.000000	37	133	0.916	0.058
1344.000000	37	133	0.915	0.062
1350.000000	37	128	0.912	0.068
1356.000000	37	128	0.907	0.079
1362.000000	37	128	0.899	0.090
1368.000000	37	128	0.890	0.101
1374.000000	37	128	0.879	0.110
1380.000000	37	128	0.866	0.119
1386.000000	37	128	0.850	0.127
1392.000000	37	128	0.831	0.135
1398.000000	37	128	0.808	0.143
1404.000000	37	128	0.779	0.151
1410.000000	37	128	0.739	0.159
1416.000000	37	128	0.685	0.168
1422.000000	37	128	0.604	0.177
1428.000000	37	128	0.482	0.189
1434.000000	37	128	0.311	0.208
1440.000000	128	37	0.236	0.138
1446.000000	128	40	0.285	0.114
1452.000000	128	107	0.368	0.115
1458.000000	128	107	0.500	0.137
1464.000000	128	107	0.653	0.162
1470.000000	128	107	0.765	0.185
1476.000000	128	107	0.824	0.209
1482.000000	128	107	0.852	0.235
1488.000000	128	107	0.874	0.264
1494.000000	128	107	0.892	0.296
1500.000000	128	107	0.903	0.334
1506.000000	128	107	0.910	0.374
1512.000000	128	107	0.911	0.417
1518.000000	128	107	0.910	0.455
1524.000000	128	107	0.908	0.488
1530.000000	128	107	0.908	0.516
1536.000000	128	107	0.909	0.541
1542.000000	128	107	0.909	0.562
1548.000000	128	107	0.907	0.577
1554.000000	128	107	0.903	0.590
1560.000000	128	107	0.898	0.602
1566.000000	128	107	0.897	0.608
1572.000000	128	107	0.895	0.613
1578.000000	128	107	0.891	0.621
1584.000000	128	107	0.886	0.627
1590.000000	128	107	0.880	0.630
1596.000000	128	107	0.873	0.634
1602.000000	128	107	0.864	0.635
1608.000000	128	107	0.853	0.635
1614.000000	128	107	0.840	0.634
1620.000000	128	107	0.824	0.630
1626.000000	128	107	0.801	0.628
1632.000000	128	107	0.775	0.620
1638.000000	128	107	0.741	0.610
1644.000000	128	107	0.697	0.599
1650.000000	128	107	0.634	0.590
1656.000000	107	128	0.579	0.542
1662.000000	107	128	0.569	0.404
1668.000000	107	128	0.579	0.221
1674.000000	107	57	0.620	0.073
1680.000000	107	57	0.672	0.079
1686.000000	107	57	0.716	0.088
1692.000000	107	57	0.748	0.099
1698.000000	107	57	0.774	0.111
1704.000000	107	57	0.795	0.122
1710.000000	107	112	0.811	0.139
1716.000000	107	112	0.822	0.160
1722.000000	107	112	0.831	0.184
1728.000000	107	112	0.835	0.209
1734.000000	107	112	0.835	0.236
1740.000000	107	112	0.833	0.263
1746.000000	107	112	0.828	0.293
1752.000000	107	112	0.821	0.323
1758.000000	107	112	0.810	0.351
1764.000000	107	112	0.796	0.377
1770.000000	107	112	0.779	0.403
1776.000000	107	112	0.756	0.428
1782.000000	107	112	0.727	0.457
1788.000000	107	112	0.687	0.491
1794.000000	107	112	0.631	0.526
1800.000000	112	107	0.567	0.550
1806.000000	112	107	0.622	0.428
1812.000000	112	107	0.706	0.262
1818.000000	112	107	0.807	0.112
1824.000000	112	22	0.874	0.096
1830.000000	112	22	0.914	0.092
1836.000000	112	22	0.935	0.089
1842.000000	112	22	0.941	0.087
1848.000000	112	140	0.944	0.091
1854.000000	112	140	0.944	0.096
1860.000000	112	140	0.943	0.101
1866.000000	112	31	0.942	0.109
1872.000000	112	31	0.940	0.116
1878.000000	112	31	0.937	0.123
1884.000000	112	31	0.934	0.130
1890.000000	112	31	0.930	0.134
1896.000000	112	31	0.926	0.137
1902.000000	112	31	0.922	0.137
1908.000000	112	31	0.918	0.137
1914.000000	112	140	0.913	0.138
1920.000000	112	177	0.908	0.140
1926.000000	112	177	0.902	0.146
1932.000000	112	177	0.895	0.151
1938.000000	112	177	0.889	0.155
1944.000000	112	177	0.882	0.157
1950.000000	112	177	0.874	0.160
1956.000000	112	177	0.865	0.161
1962.000000	112	177	0.855	0.163
1968.000000	112	177	0.842	0.162
1974.000000	112	177	0.825	0.162
1980.000000	112	177	0.804	0.161
1986.000000	112	177	0.776	0.160
1992.000000	112	177	0.737	0.159
1998.000000	112	177	0.680	0.157
2004.000000	112	177	0.592	0.156
2010.000000	112	177	0.451	0.153
2016.000000	112	177	0.246	0.149
2022.000000	177	29	0.142	0.099
2028.000000	177	29	0.142	0.094
2034.000000	177	29	0.151	0.094
2040.000000	177	29	0.169	0.098
2046.000000	177	29	0.197	0.102
2052.000000	177	29	0.235	0.107
2058.000000	177	29	0.285	0.111
2064.000000	177	29	0.353	0.112
2070.000000	177	29	0.443	0.110
2076.000000	177	198	0.552	0.118
2082.000000	177	198	0.664	0.129
2088.000000	177	198	0.756	0.137
2094.000000	177	198	0.823	0.142
2100.000000	177	198	0.864	0.145
2106.000000	177	198	0.888	0.147
2112.000000	177	198	0.905	0.149
2118.000000	177	198	0.914	0.149
2124.000000	177	198	0.921	0.147
2130.000000	177	198	0.929	0.143
2136.000000	177	198	0.934	0.138
2142.000000	177	198	0.937	0.132
2148.000000	177	198	0.939	0.125
2154.000000	177	91	0.940	0.122
2160.000000	177	91	0.941	0.122
2166.000000	177	91	0.942	0.121
2172.000000	177	91	0.942	0.119
2178.000000	177	91	0.941	0.116
2184.000000	177	162	0.940	0.117
2190.000000	177	162	0.938	0.118
2196.000000	177	162	0.936	0.118
2202.000000	177	162	0.934	0.116
2208.000000	177	162	0.932	0.111
2214.000000	177	162	0.930	0.105
2220.000000	177	162	0.927	0.096
2226.000000	177	183	0.922	0.089
2232.000000	177	183	0.916	0.087
2238.000000	177	183	0.909	0.085
2244.000000	177	183	0.900	0.082
2250.000000	177	183	0.890	0.079
2256.000000	177	183	0.878	0.076
2262.000000	177	183	0.863	0.073
2268.000000	177	105	0.844	0.073
2274.000000	177	105	0.821	0.074
2280.000000	177	105	0.790	0.074
2286.000000	177	105	0.746	0.074
2292.000000	177	105	0.681	0.074
2298.000000	177	105	0.572	0.073
2304.000000	177	122	0.381	0.073
2310.000000	177	122	0.130	0.073
2316.000000	122	46	0.073	0.066
2322.000000	122	46	0.080	0.071
2328.000000	122	46	0.090	0.079
2334.000000	122	46	0.103	0.089
2340.000000	122	46	0.123	0.104
2346.000000	122	46	0.152	0.123
2352.000000	122	46	0.193	0.148
2358.000000	122	46	0.252	0.183
2364.000000	122	46	0.334	0.228
2370.000000	122	46	0.437	0.287
2376.000000	122	46	0.537	0.355
2382.000000	122	46	0.617	0.421
2388.000000	122	46	0.677	0.480
2394.000000	122	46	0.712	0.530
2400.000000	122	46	0.730	0.575
2406.000000	122	46	0.741	0.606
2412.000000	122	46	0.746	0.630
2418.000000	122	46	0.750	0.649
2424.000000	122	46	0.755	0.665
2430.000000	122	46	0.763	0.676
2436.000000	122	46	0.771	0.681
2442.000000	122	46	0.774	0.683
2448.000000	122	46	0.777	0.684
2454.000000	122	46	0.780	0.685
2460.000000	122	46	0.786	0.689
2466.000000	122	46	0.787	0.695
2472.000000	122	46	0.788	0.698
2478.000000	122	46	0.786	0.703
2484.000000	122	46	0.783	0.710
2490.000000	122	46	0.779	0.715
2496.000000	122	46	0.776	0.715
2502.000000	122	46	0.774	0.709
2508.000000	122	46	0.770	0.699
2514.000000	122	46	0.766	0.683
2520.000000	122	46	0.763	0.666
2526.000000	122	46	0.753	0.643
2532.000000	122	46	0.750	0.606
2538.000000	122	46	0.753	0.550
2544.000000	122	46	0.756	0.473
2550.000000	122	46	0.761	0.363
2556.000000	122	46	0.776	0.219
2562.000000	122	187	0.801	0.103
2568.000000	122	187	0.819	0.107
2574.000000	122	187	0.827	0.112
2580.000000	122	187	0.829	0.117
2586.000000	122	187	0.828	0.123
2592.000000	122	187	0.826	0.130
2598.000000	122	187	0.821	0.138
2604.000000	122	187	0.812	0.147
2610.000000	122	187	0.800	0.156
2616.000000	122	187	0.783	0.165
2622.000000	122	187	0.758	0.175
2628.000000	122	187	0.724	0.186
2634.000000	122	187	0.673	0.198
2640.000000	122	187	0.597	0.213
2646.000000	122	187	0.482	0.231
2652.000000	122	187	0.315	0.255
2658.000000	187	133	0.287	0.174
2664.000000	187	133	0.327	0.188
2670.000000	187	133	0.379	0.210
2676.000000	187	133	0.444	0.237
2682.000000	187	133	0.516	0.265
2688.000000	187	133	0.580	0.297
2694.000000	187	133	0.637	0.332
2700.000000	187	133	0.678	0.368
2706.000000	187	133	0.706	0.400
2712.000000	187	133	0.726	0.425
2718.000000	187	133	0.747	0.447
2724.000000	187	133	0.768	0.470
2730.000000	187	133	0.783	0.502
2736.000000	187	133	0.793	0.534
2742.000000	187	133	0.798	0.564
2748.000000	187	133	0.806	0.587
2754.000000	187	133	0.814	0.608
2760.000000	187	133	0.819	0.635
2766.000000	187	133	0.822	0.660
2772.000000	187	133	0.825	0.687
2778.000000	187	133	0.826	0.710
2784.000000	187	133	0.825	0.728
2790.000000	187	133	0.822	0.741
2796.000000	187	133	0.817	0.750
2802.000000	187	133	0.810	0.754
2808.000000	187	133	0.799	0.760
2814.000000	187	133	0.785	0.766
2820.000000	133	187	0.772	0.767
2826.000000	133	187	0.777	0.743
2832.000000	133	187	0.785	0.710
2838.000000	133	187	0.793	0.666
2844.000000	133	187	0.807	0.603
2850.000000	133	187	0.820	0.508
2856.000000	133	187	0.851	0.358
2862.000000	133	187	0.894	0.179
2868.000000	133	171	0.919	0.135
2874.000000	133	171	0.927	0.139
2880.000000	133	171	0.928	0.144
2886.000000	133	171	0.927	0.149
2892.000000	133	171	0.924	0.153
2898.000000	133	171	0.919	0.156
2904.000000	133	171	0.913	0.159
2910.000000	133	171	0.906	0.162
2916.000000	133	171	0.897	0.164
2922.000000	133	171	0.888	0.167
2928.000000	133	171	0.876	0.169
2934.000000	133	171	0.862	0.172
2940.000000	133	171	0.846	0.172
2946.000000	133	171	0.827	0.172
2952.000000	133	171	0.803	0.170
2958.000000	133	171	0.772	0.167
2964.000000	133	171	0.730	0.164
2970.000000	133	171	0.669	0.159
2976.000000	133	171	0.575	0.153
2982.000000	133	171	0.429	0.141
2988.000000	133	171	0.228	0.120
2994.000000	164	159	0.121	0.104
3000.000000	164	159	0.134	0.111
3006.000000	164	159	0.158	0.126
3012.000000	164	159	0.197	0.149
3018.000000	164	159	0.253	0.182
3024.000000	164	159	0.331	0.222
3030.000000	164	159	0.424	0.265
3036.000000	164	159	0.516	0.305
3042.000000	164	159	0.590	0.340
3048.000000	164	159	0.639	0.371
3054.000000	164	159	0.670	0.397
3060.000000	164	159	0.689	0.417
3066.000000	164	159	0.705	0.430
3072.000000	164	159	0.713	0.441
3078.000000	164	159	0.717	0.448
3084.000000	164	159	0.718	0.451
3090.000000	164	159	0.722	0.453
3096.000000	164	159	0.722	0.453
3102.000000	164	159	0.724	0.451
3108.000000	164	159	0.723	0.447
3114.000000	164	159	0.722	0.440
3120.000000	164	159	0.725	0.431
3126.000000	164	159	0.731	0.418
3132.000000	164	159	0.738	0.406
3138.000000	164	159	0.746	0.388
3144.000000	164	159	0.754	0.363
3150.000000	164	159	0.774	0.329
3156.000000	164	159	0.809	0.282
3162.000000	164	159	0.843	0.226
3168.000000	164	159	0.877	0.164
3174.000000	164	193	0.912	0.122
3180.000000	164	193	0.931	0.102
3186.000000	164	146	0.936	0.094
3192.000000	164	146	0.937	0.092
3198.000000	164	146	0.935	0.091
3204.000000	164	146	0.931	0.090
3210.000000	164	146	0.927	0.090
3216.000000	164	146	0.921	0.090
3222.000000	164	156	0.914	0.092
3228.000000	164	156	0.906	0.103
3234.000000	164	156	0.896	0.114
3240.000000	164	156	0.885	0.125
3246.000000	164	156	0.873	0.139
3252.000000	164	156	0.858	0.153
3258.000000	164	156	0.842	0.168
3264.000000	164	156	0.821	0.188
3270.000000	164	156	0.795	0.210
3276.000000	164	156	0.761	0.236
3282.000000	164	156	0.714	0.268
3288.000000	164	156	0.642	0.311
3294.000000	164	156	0.529	0.367
3300.000000	156	164	0.453	0.347
3306.000000	156	164	0.600	0.134
3312.000000	156	172	0.782	0.056
3318.000000	156	172	0.895	0.062
3324.000000	156	40	0.941	0.066
3330.000000	156	40	0.954	0.071
3336.000000	156	40	0.956	0.076
3342.000000	156	40	0.955	0.081
3348.000000	156	8	0.952	0.090
3354.000000	156	8	0.950	0.100
3360.000000	156	8	0.947	0.111
3366.000000	156	8	0.943	0.123
3372.000000	156	8	0.940	0.136
3378.000000	156	8	0.936	0.148
3384.000000	156	8	0.932	0.161
3390.000000	156	8	0.928	0.174
3396.000000	156	8	0.924	0.186
3402.000000	156	8	0.919	0.196
3408.000000	156	8	0.915	0.207
3414.000000	156	8	0.910	0.218
3420.000000	156	8	0.904	0.229
3426.000000	156	8	0.898	0.240
3432.000000	156	8	0.891	0.250
3438.000000	156	8	0.884	0.258
3444.000000	156	8	0.875	0.268
3450.000000	156	8	0.866	0.278
3456.000000	156	8	0.855	0.291
3462.000000	156	8	0.842	0.304
3468.000000	156	8	0.827	0.319
3474.000000	156	8	0.807	0.337
3480.000000	156	8	0.782	0.363
3486.000000	156	8	0.750	0.397
3492.000000	156	8	0.705	0.442
3498.000000	156	8	0.636	0.502
3504.000000	8	156	0.582	0.531
3510.000000	8	156	0.677	0.370
3516.000000	8	156	0.799	0.172
3522.000000	8	38	0.905	0.091
3528.000000	8	38	0.945	0.074
3534.000000	8	38	0.953	0.062
3540.000000	8	115	0.956	0.061
3546.000000	8	115	0.956	0.068
3552.000000	8	115	0.954	0.075
3558.000000	8	115	0.951	0.083
3564.000000	8	115	0.948	0.091
3570.000000	8	115	0.944	0.098
3576.000000	8	115	0.941	0.107
3582.000000	8	115	0.937	0.114
3588.000000	8	115	0.932	0.121
3594.000000	8	115	0.928	0.125
3600.000000	8	115	0.923	0.129
3606.000000	8	115	0.918	0.132
3612.000000	8	115	0.913	0.134
3618.000000	8	115	0.907	0.136
3624.000000	8	115	0.901	0.137
3630.000000	8	115	0.895	0.136
3636.000000	8	39	0.887	0.135
3642.000000	8	39	0.880	0.135
3648.000000	8	39	0.871	0.134
3654.000000	8	39	0.861	0.132
3660.000000	8	39	0.849	0.129
3666.000000	8	39	0.835	0.125
3672.000000	8	39	0.819	0.120
3678.000000	8	112	0.797	0.122
3684.000000	8	112	0.769	0.127
3690.000000	8	112	0.730	0.133
3696.000000	8	112	0.671	0.138
3702.000000	8	112	0.577	0.145
3708.000000	8	112	0.419	0.153
3714.000000	8	112	0.201	0.162
3720.000000	3	112	0.179	0.175
3726.000000	3	112	0.217	0.204
3732.000000	3	112	0.280	0.254
3738.000000	3	112	0.370	0.327
3744.000000	3	112	0.475	0.418
3750.000000	3	112	0.568	0.513
3756.000000	3	112	0.637	0.584
3762.000000	3	112	0.681	0.633
3768.000000	3	112	0.704	0.668
3774.000000	3	112	0.716	0.689
3780.000000	3	112	0.723	0.704
3786.000000	3	112	0.725	0.714
3792.000000	3	112	0.726	0.719
3798.000000	3	112	0.727	0.723
3804.000000	3	112	0.727	0.725
3810.000000	112	3	0.725	0.725
3816.000000	112	3	0.724	0.723
3822.000000	112	3	0.723	0.720
3828.000000	112	3	0.725	0.714
3834.000000	112	3	0.726	0.709
3840.000000	112	3	0.726	0.702
3846.000000	112	3	0.730	0.692
3852.000000	112	3	0.737	0.683
3858.000000	112	3	0.740	0.672
3864.000000	112	3	0.741	0.659
3870.000000	112	3	0.740	0.642
3876.000000	112	3	0.742	0.616
3882.000000	112	3	0.743	0.578
3888.000000	112	3	0.752	0.516
3894.000000	112	3	0.762	0.427
3900.000000	112	3	0.788	0.296
3906.000000	112	3	0.832	0.143
3912.000000	112	177	0.871	0.066
3918.000000	112	177	0.891	0.065
3924.000000	112	107	0.903	0.068
3930.000000	112	107	0.909	0.076
3936.000000	112	107	0.909	0.084
3942.000000	112	107	0.907	0.093
3948.000000	112	107	0.902	0.101
3954.000000	112	107	0.894	0.108
3960.000000	112	107	0.885	0.115
3966.000000	112	107	0.873	0.122
3972.000000	112	107	0.859	0.127
3978.000000	112	107	0.841	0.132
3984.000000	112	107	0.819	0.136
3990.000000	112	107	0.792	0.139
3996.000000	112	107	0.756	0.141
4002.000000	112	107	0.708	0.143
4008.000000	112	107	0.640	0.144
4014.000000	112	82	0.537	0.152
4020.000000	112	82	0.383	0.159
4026.000000	112	82	0.195	0.166
4032.000000	82	107	0.173	0.131
4038.000000	82	7	0.188	0.127
4044.000000	82	7	0.215	0.140
4050.000000	82	7	0.253	0.160
4056.000000	82	7	0.307	0.181
4062.000000	82	7	0.373	0.202
4068.000000	82	7	0.446	0.220
4074.000000	82	7	0.517	0.237
4080.000000	82	7	0.588	0.255
4086.000000	82	7	0.653	0.266
4092.000000	82	7	0.702	0.276
4098.000000	82	7	0.727	0.288
4104.000000	82	7	0.741	0.294
4110.000000	82	7	0.753	0.297
4116.000000	82	7	0.764	0.296
4122.000000	82	7	0.778	0.293
4128.000000	82	7	0.785	0.288
4134.000000	82	7	0.797	0.278
4140.000000	82	7	0.809	0.272
4146.000000	82	7	0.817	0.259
4152.000000	82	7	0.825	0.243
4158.000000	82	7	0.839	0.220
4164.000000	82	7	0.854	0.195
4170.000000	82	7	0.865	0.163
4176.000000	82	167	0.878	0.133
4182.000000	82	167	0.891	0.129
4188.000000	82	167	0.905	0.123
4194.000000	82	167	0.912	0.116
4200.000000	82	133	0.918	0.110
4206.000000	82	133	0.920	0.113
4212.000000	82	133	0.919	0.114
4218.000000	82	133	0.917	0.115
4224.000000	82	133	0.913	0.116
4230.000000	82	133	0.909	0.116
4236.000000	82	133	0.903	0.114
4242.000000	82	133	0.898	0.110
4248.000000	82	133	0.893	0.105
4254.000000	82	133	0.887	0.097
4260.000000	82	165	0.880	0.090
4266.000000	82	165	0.871	0.092
4272.000000	82	165	0.860	0.093
4278.000000	82	165	0.847	0.094
4284.000000	82	165	0.830	0.094
4290.000000	82	165	0.809	0.094
4296.000000	82	165	0.781	0.092
4302.000000	82	165	0.744	0.089
4308.000000	82	165	0.690	0.085
4314.000000	82	144	0.607	0.088
4320.000000	82	144	0.472	0.093
4326.000000	82	144	0.264	0.096
4332.000000	144	183	0.095	0.065
4338.000000	144	183	0.100	0.064
4344.000000	144	183	0.112	0.063
4350.000000	144	183	0.131	0.062
4356.000000	144	183	0.160	0.060
4362.000000	144	71	0.206	0.063
4368.000000	144	71	0.286	0.071
4374.000000	144	71	0.424	0.081
4380.000000	144	71	0.620	0.088
4386.000000	144	71	0.777	0.091
4392.000000	144	71	0.856	0.095
4398.000000	144	71	0.891	0.099
4404.000000	144	71	0.911	0.103
4410.000000	144	71	0.923	0.106
4416.000000	144	71	0.929	0.108
4422.000000	144	71	0.932	0.110
4428.000000	144	71	0.936	0.110
4434.000000	144	71	0.938	0.110
4440.000000	144	71	0.939	0.108
4446.000000	144	184	0.940	0.108
4452.000000	144	184	0.941	0.113
4458.000000	144	184	0.941	0.117
4464.000000	144	184	0.944	0.120
4470.000000	144	184	0.944	0.122
4476.000000	144	184	0.944	0.122
4482.000000	144	184	0.943	0.123
4488.000000	144	184	0.943	0.123
4494.000000	144	184	0.942	0.123
4500.000000	144	184	0.940	0.121
4506.000000	144	168	0.940	0.120
4512.000000	144	168	0.940	0.123
4518.000000	144	168	0.939	0.124
4524.000000	144	168	0.938	0.125
4530.000000	144	168	0.935	0.127
4536.000000	144	168	0.930	0.128
4542.000000	144	168	0.924	0.129
4548.000000	144	168	0.917	0.131
4554.000000	144	168	0.909	0.133
4560.000000	144	168	0.899	0.134
4566.000000	144	168	0.888	0.134
4572.000000	144	168	0.874	0.133
4578.000000	144	168	0.857	0.130
4584.000000	144	168	0.836	0.125
4590.000000	144	168	0.809	0.119
4596.000000	144	168	0.773	0.112
4602.000000	144	168	0.721	0.103
4608.000000	144	168	0.640	0.093
4614.000000	144	115	0.501	0.089
4620.000000	144	115	0.271	0.096
4626.000000	115	144	0.103	0.053
4632.000000	115	8	0.117	0.046
4638.000000	115	8	0.141	0.048
4644.000000	115	8	0.183	0.051
4650.000000	115	8	0.262	0.054
4656.000000	115	8	0.411	0.058
4662.000000	115	8	0.643	0.067
4668.000000	115	8	0.836	0.078
4674.000000	115	8	0.913	0.093
4680.000000	115	8	0.939	0.111
4686.000000	115	8	0.949	0.128
4692.000000	115	8	0.953	0.144
4698.000000	115	8	0.953	0.160
4704.000000	115	8	0.952	0.175
4710.000000	115	8	0.951	0.191
4716.000000	115	8	0.949	0.206
4722.000000	115	8	0.947	0.220
4728.000000	115	8	0.944	0.233
4734.000000	115	8	0.942	0.244
4740.000000	115	8	0.940	0.253
4746.000000	115	8	0.938	0.260
4752.000000	115	8	0.937	0.265
4758.000000	115	8	0.935	0.267
4764.000000	115	8	0.934	0.268
4770.000000	115	8	0.934	0.268
4776.000000	115	8	0.933	0.268
4782.000000	115	8	0.932	0.264
4788.000000	115	8	0.931	0.258
4794.000000	115	8	0.930	0.251
4800.000000	115	8	0.929	0.243
4806.000000	115	8	0.927	0.231
4812.000000	115	8	0.926	0.214
4818.000000	115	8	0.923	0.192
4824.000000	115	8	0.920	0.166
4830.000000	115	8	0.916	0.135
4836.000000	115	8	0.909	0.102
4842.000000	115	8	0.900	0.074
4848.000000	115	8	0.888	0.053
4854.000000	115	173	0.873	0.046
4860.000000	115	173	0.853	0.044
4866.000000	115	55	0.828	0.043
4872.000000	115	55	0.796	0.043
4878.000000	115	55	0.751	0.042
4884.000000	115	55	0.683	0.041
4890.000000	115	182	0.571	0.042
4896.000000	115	182	0.376	0.043
4902.000000	115	182	0.123	0.041
4908.000000	182	180	0.039	0.030
4914.000000	182	180	0.041	0.029
4920.000000	182	180	0.043	0.029
4926.000000	182	180	0.046	0.028
4932.000000	182	180	0.049	0.027
4938.000000	182	180	0.052	0.025
4944.000000	182	122	0.055	0.024
4950.000000	182	122	0.060	0.022
4956.000000	182	122	0.066	0.021
4962.000000	182	180	0.073	0.020
4968.000000	182	180	0.083	0.019
4974.000000	182	180	0.099	0.018
4980.000000	182	176	0.122	0.020
4986.000000	182	176	0.159	0.023
4992.000000	182	176	0.224	0.027
4998.000000	182	176	0.342	0.030
5004.000000	182	3	0.551	0.036
5010.000000	182	3	0.780	0.043
5016.000000	182	46	0.898	0.048
5022.000000	182	46	0.942	0.055
5028.000000	182	46	0.958	0.062
5034.000000	182	46	0.962	0.070
5040.000000	182	18	0.963	0.081
5046.000000	182	18	0.962	0.095
5052.000000	182	18	0.960	0.110
5058.000000	182	18	0.957	0.126
5064.000000	182	18	0.955	0.141
5070.000000	182	18	0.953	0.154
5076.000000	182	18	0.951	0.166
5082.000000	182	18	0.949	0.178
5088.000000	182	18	0.948	0.189
5094.000000	182	18	0.946	0.202
5100.000000	182	18	0.944	0.216
5106.000000	182	18	0.942	0.231
5112.000000	182	18	0.941	0.245
5118.000000	182	18	0.939	0.258
5124.000000	182	18	0.937	0.273
5130.000000	182	18	0.934	0.290
5136.000000	182	18	0.931	0.308
5142.000000	182	18	0.927	0.332
5148.000000	182	18	0.922	0.365
5154.000000	182	18	0.915	0.400
5160.000000	182	18	0.906	0.438
5166.000000	182	18	0.895	0.480
5172.000000	182	18	0.880	0.523
5178.000000	182	18	0.860	0.564
5184.000000	182	18	0.836	0.599
5190.000000	182	18	0.806	0.624
5196.000000	182	18	0.763	0.647
5202.000000	182	18	0.697	0.676
5208.000000	18	182	0.704	0.593
5214.000000	18	182	0.752	0.415
5220.000000	18	182	0.847	0.170
5226.000000	18	17	0.916	0.148
5232.000000	18	17	0.941	0.143
5238.000000	18	17	0.948	0.142
5244.000000	18	17	0.947	0.140
5250.000000	18	17	0.945	0.135
5256.000000	18	17	0.942	0.131
5262.000000	18	17	0.939	0.126
5268.000000	18	17	0.937	0.121
5274.000000	18	17	0.933	0.115
5280.000000	18	25	0.928	0.122
5286.000000	18	25	0.923	0.128
5292.000000	18	25	0.918	0.135
5298.000000	18	25	0.912	0.142
5304.000000	18	25	0.907	0.150
5310.000000	18	25	0.900	0.159
5316.000000	18	25	0.894	0.167
5322.000000	18	25	0.886	0.175
5328.000000	18	25	0.878	0.184
5334.000000	18	25	0.868	0.195
5340.000000	18	25	0.857	0.206
5346.000000	18	25	0.844	0.218
5352.000000	18	25	0.830	0.231
5358.000000	18	25	0.812	0.246
5364.000000	18	25	0.789	0.266
5370.000000	18	25	0.758	0.294
5376.000000	18	25	0.711	0.339
5382.000000	18	25	0.639	0.405
5388.000000	18	25	0.525	0.495
5394.000000	25	18	0.611	0.347
5400.000000	25	18	0.765	0.145
5406.000000	25	132	0.890	0.045
5412.000000	25	132	0.940	0.047
5418.000000	25	157	0.955	0.049
5424.000000	25	157	0.957	0.055
5430.000000	25	157	0.956	0.062
5436.000000	25	157	0.953	0.071
5442.000000	25	157	0.951	0.080
5448.000000	25	157	0.947	0.088
5454.000000	25	157	0.944	0.096
5460.000000	25	157	0.941	0.102
5466.000000	25	157	0.937	0.107
5472.000000	25	157	0.934	0.110
5478.000000	25	157	0.931	0.113
5484.000000	25	157	0.927	0.116
5490.000000	25	157	0.924	0.118
5496.000000	25	157	0.920	0.119
5502.000000	25	157	0.917	0.118
5508.000000	25	157	0.913	0.115
5514.000000	25	155	0.909	0.119
5520.000000	25	155	0.905	0.122
5526.000000	25	155	0.901	0.123
5532.000000	25	155	0.896	0.123
5538.000000	25	155	0.890	0.123
5544.000000	25	155	0.884	0.121
5550.000000	25	155	0.876	0.118
5556.000000	25	155	0.867	0.115
5562.000000	25	155	0.855	0.110
5568.000000	25	155	0.840	0.104
5574.000000	25	155	0.821	0.097
5580.000000	25	155	0.795	0.088
5586.000000	25	155	0.759	0.079
5592.000000	25	155	0.706	0.068
5598.000000	25	155	0.624	0.056
5604.000000	25	155	0.485	0.044
5610.000000	25	155	0.262	0.029
5616.000000	25	108	0.053	0.023
5622.000000	108	131	0.020	0.017
5628.000000	108	131	0.018	0.017
5634.000000	131	108	0.017	0.017
5640.000000	131	108	0.017	0.015
5646.000000	131	100	0.016	0.014
5652.000000	131	100	0.016	0.015
5658.000000	100	131	0.015	0.014
5664.000000	100	131	0.015	0.013
5670.000000	100	131	0.014	0.011
5676.000000	100	131	0.013	0.010
5682.000000	100	186	0.012	0.009
5688.000000	100	186	0.011	0.008
5694.000000	100	186	0.010	0.007
5700.000000	100	79	0.009	0.007
