0.000000	119	165	0.000	0.000
6.000000	50	76	0.981	0.032
12.000000	50	76	0.979	0.037
18.000000	50	76	0.978	0.042
24.000000	50	76	0.976	0.047
30.000000	50	124	0.973	0.054
36.000000	50	124	0.971	0.062
42.000000	50	124	0.968	0.071
48.000000	50	124	0.965	0.079
54.000000	50	124	0.962	0.086
60.000000	50	124	0.959	0.093
66.000000	50	124	0.957	0.099
72.000000	50	143	0.954	0.103
78.000000	50	143	0.952	0.107
84.000000	50	143	0.949	0.111
90.000000	50	143	0.947	0.114
96.000000	50	143	0.945	0.117
102.000000	50	143	0.943	0.120
108.000000	50	143	0.941	0.121
114.000000	50	143	0.940	0.122
120.000000	50	143	0.938	0.121
126.000000	50	143	0.936	0.120
132.000000	50	143	0.935	0.119
138.000000	50	143	0.933	0.116
144.000000	50	143	0.931	0.112
150.000000	50	143	0.930	0.107
156.000000	50	143	0.928	0.101
162.000000	50	143	0.926	0.095
168.000000	50	143	0.923	0.087
174.000000	50	143	0.919	0.080
180.000000	50	143	0.914	0.072
186.000000	50	93	0.908	0.064
192.000000	50	93	0.899	0.058
198.000000	50	93	0.889	0.053
204.000000	50	93	0.875	0.049
210.000000	50	93	0.859	0.046
216.000000	50	93	0.838	0.043
222.000000	50	182	0.811	0.043
228.000000	50	182	0.775	0.043
234.000000	50	182	0.725	0.043
240.000000	50	182	0.647	0.043
246.000000	50	178	0.515	0.043
252.000000	50	178	0.296	0.039
258.000000	50	178	0.067	0.030
264.000000	178	104	0.026	0.019
270.000000	178	54	0.024	0.018
276.000000	178	54	0.022	0.017
282.000000	178	54	0.020	0.017
288.000000	178	54	0.017	0.016
294.000000	178	54	0.015	0.014
300.000000	54	178	0.013	0.012
306.000000	54	178	0.011	0.009
312.000000	54	178	0.009	0.007
