0.000000	119	165	0.000	0.000
6.000000	194	170	0.981	0.037
12.000000	194	170	0.979	0.043
18.000000	194	170	0.978	0.050
24.000000	194	170	0.976	0.057
30.000000	194	170	0.974	0.065
36.000000	194	170	0.971	0.074
42.000000	194	170	0.968	0.083
48.000000	194	170	0.966	0.092
54.000000	194	170	0.963	0.100
60.000000	194	170	0.960	0.108
66.000000	194	170	0.957	0.116
72.000000	194	170	0.954	0.123
78.000000	194	170	0.951	0.130
84.000000	194	170	0.949	0.136
90.000000	194	170	0.946	0.141
96.000000	194	170	0.943	0.144
102.000000	194	170	0.941	0.146
108.000000	194	170	0.939	0.148
114.000000	194	170	0.937	0.148
120.000000	194	170	0.935	0.148
126.000000	194	170	0.932	0.148
132.000000	194	170	0.930	0.148
138.000000	194	170	0.928	0.147
144.000000	194	170	0.925	0.146
150.000000	194	170	0.922	0.144
156.000000	194	170	0.919	0.142
162.000000	194	170	0.915	0.141
168.000000	194	170	0.911	0.141
174.000000	194	170	0.906	0.142
180.000000	194	170	0.900	0.143
186.000000	194	170	0.892	0.143
192.000000	194	170	0.882	0.142
198.000000	194	170	0.869	0.139
204.000000	194	170	0.853	0.135
210.000000	194	170	0.832	0.131
216.000000	194	170	0.805	0.126
222.000000	194	170	0.769	0.120
228.000000	194	170	0.717	0.113
234.000000	194	170	0.636	0.105
240.000000	194	170	0.501	0.095
246.000000	194	170	0.281	0.081
252.000000	194	170	0.062	0.061
258.000000	170	71	0.044	0.029
264.000000	170	71	0.031	0.024
270.000000	170	71	0.020	0.020
276.000000	71	192	0.015	0.015
282.000000	192	1	0.014	0.012
288.000000	192	1	0.013	0.010
294.000000	192	1	0.012	0.009
300.000000	192	1	0.010	0.007
306.000000	192	107	0.009	0.006
