0.000000	119	165	0.000	0.000
6.000000	18	9	0.981	0.045
12.000000	18	9	0.979	0.050
18.000000	18	9	0.978	0.056
24.000000	18	9	0.975	0.064
30.000000	18	9	0.973	0.073
36.000000	18	9	0.970	0.082
42.000000	18	9	0.967	0.092
48.000000	18	9	0.963	0.103
54.000000	18	9	0.960	0.113
60.000000	18	9	0.957	0.123
66.000000	18	9	0.954	0.131
72.000000	18	9	0.951	0.138
78.000000	18	9	0.948	0.144
84.000000	18	9	0.945	0.149
90.000000	18	9	0.943	0.152
96.000000	18	9	0.941	0.155
102.000000	18	9	0.939	0.157
108.000000	18	9	0.938	0.157
114.000000	18	9	0.936	0.156
120.000000	18	9	0.935	0.154
126.000000	18	9	0.934	0.151
132.000000	18	9	0.934	0.147
138.000000	18	9	0.933	0.141
144.000000	18	9	0.933	0.135
150.000000	18	9	0.932	0.127
156.000000	18	9	0.932	0.119
162.000000	18	9	0.931	0.109
168.000000	18	9	0.929	0.099
174.000000	18	9	0.927	0.088
180.000000	18	170	0.922	0.079
186.000000	18	170	0.917	0.071
192.000000	18	170	0.909	0.063
198.000000	18	82	0.899	0.057
204.000000	18	82	0.888	0.054
210.000000	18	9	0.873	0.051
216.000000	18	9	0.856	0.049
222.000000	18	9	0.834	0.048
228.000000	18	9	0.805	0.046
234.000000	18	9	0.767	0.045
240.000000	18	117	0.712	0.046
246.000000	18	117	0.625	0.048
252.000000	18	117	0.477	0.049
258.000000	18	117	0.239	0.046
264.000000	117	3	0.041	0.039
270.000000	3	117	0.040	0.039
276.000000	3	117	0.040	0.039
282.000000	3	117	0.040	0.039
288.000000	117	3	0.039	0.039
294.000000	117	3	0.039	0.038
300.000000	117	3	0.039	0.037
306.000000	117	3	0.038	0.035
312.000000	117	3	0.037	0.033
318.000000	117	3	0.036	0.031
324.000000	117	3	0.035	0.028
330.000000	117	3	0.033	0.025
336.000000	117	3	0.031	0.021
342.000000	117	3	0.028	0.018
348.000000	117	3	0.025	0.015
354.000000	117	3	0.021	0.011
360.000000	117	3	0.017	0.008
366.000000	117	183	0.012	0.006
372.000000	117	183	0.008	0.006
