0.000000	125	102	0.000	0.000
6.000000	116	38	0.992	0.035
12.000000	116	38	0.992	0.036
18.000000	116	38	0.992	0.037
24.000000	116	38	0.991	0.038
30.000000	116	75	0.990	0.041
36.000000	116	75	0.989	0.045
42.000000	116	38	0.987	0.050
48.000000	116	38	0.985	0.055
54.000000	116	62	0.983	0.063
60.000000	116	62	0.981	0.075
66.000000	116	62	0.979	0.086
72.000000	116	62	0.977	0.097
78.000000	116	62	0.974	0.109
84.000000	116	65	0.970	0.121
90.000000	116	65	0.967	0.136
96.000000	116	65	0.964	0.152
102.000000	116	65	0.960	0.167
108.000000	116	65	0.956	0.179
114.000000	116	65	0.952	0.194
120.000000	116	65	0.946	0.220
126.000000	116	65	0.941	0.250
132.000000	116	65	0.937	0.270
138.000000	116	65	0.933	0.287
144.000000	116	65	0.930	0.302
150.000000	116	65	0.927	0.311
156.000000	116	65	0.924	0.319
162.000000	116	65	0.922	0.323
168.000000	116	65	0.920	0.325
174.000000	116	65	0.919	0.327
180.000000	116	65	0.917	0.328
186.000000	116	65	0.915	0.330
192.000000	116	65	0.911	0.335
198.000000	116	65	0.908	0.336
204.000000	116	65	0.905	0.336
210.000000	116	65	0.903	0.339
216.000000	116	65	0.902	0.347
222.000000	116	65	0.902	0.354
228.000000	116	65	0.902	0.364
234.000000	116	65	0.902	0.372
240.000000	116	65	0.901	0.384
246.000000	116	65	0.898	0.395
252.000000	116	65	0.898	0.410
258.000000	116	65	0.898	0.427
264.000000	116	65	0.898	0.439
270.000000	116	65	0.899	0.446
276.000000	116	65	0.898	0.455
282.000000	116	65	0.894	0.466
288.000000	116	65	0.895	0.476
294.000000	116	65	0.895	0.490
300.000000	116	65	0.896	0.508
306.000000	116	65	0.896	0.520
312.000000	116	65	0.895	0.540
318.000000	116	65	0.894	0.564
324.000000	116	65	0.893	0.589
330.000000	116	65	0.891	0.616
336.000000	116	65	0.883	0.658
342.000000	116	65	0.878	0.696
348.000000	116	65	0.869	0.726
354.000000	116	65	0.856	0.750
360.000000	116	65	0.848	0.767
366.000000	116	65	0.835	0.783
372.000000	116	65	0.819	0.803
378.000000	65	116	0.822	0.802
384.000000	65	116	0.834	0.784
390.000000	65	116	0.839	0.765
396.000000	65	116	0.843	0.743
402.000000	65	116	0.859	0.702
408.000000	65	116	0.872	0.652
414.000000	65	116	0.892	0.579
420.000000	65	116	0.913	0.479
426.000000	65	116	0.933	0.354
432.000000	65	116	0.950	0.178
438.000000	65	150	0.954	0.170
444.000000	65	150	0.953	0.181
450.000000	65	150	0.950	0.192
456.000000	65	150	0.947	0.199
462.000000	65	150	0.942	0.211
468.000000	65	150	0.937	0.224
474.000000	65	150	0.933	0.232
480.000000	65	150	0.929	0.236
486.000000	65	150	0.923	0.237
492.000000	65	150	0.913	0.237
498.000000	65	150	0.906	0.245
504.000000	65	150	0.902	0.255
510.000000	65	150	0.897	0.256
516.000000	65	150	0.893	0.258
522.000000	65	150	0.889	0.263
528.000000	65	150	0.886	0.265
534.000000	65	150	0.883	0.270
540.000000	65	150	0.880	0.277
546.000000	65	150	0.876	0.282
552.000000	65	150	0.871	0.285
558.000000	65	150	0.866	0.289
564.000000	65	150	0.860	0.290
570.000000	65	150	0.855	0.289
576.000000	65	150	0.850	0.288
582.000000	65	150	0.845	0.289
588.000000	65	150	0.840	0.289
594.000000	65	150	0.836	0.284
600.000000	65	150	0.831	0.281
606.000000	65	150	0.826	0.283
612.000000	65	45	0.819	0.287
618.000000	65	45	0.808	0.294
624.000000	65	45	0.797	0.295
630.000000	65	45	0.781	0.300
636.000000	65	45	0.769	0.310
642.000000	65	45	0.757	0.317
648.000000	65	45	0.741	0.322
654.000000	65	45	0.724	0.325
660.000000	65	45	0.705	0.325
666.000000	65	45	0.683	0.334
672.000000	65	45	0.652	0.346
678.000000	65	45	0.620	0.360
684.000000	65	45	0.575	0.376
690.000000	65	45	0.511	0.397
696.000000	65	45	0.431	0.426
702.000000	45	2	0.461	0.361
708.000000	45	2	0.498	0.389
714.000000	45	2	0.537	0.426
720.000000	45	2	0.576	0.439
726.000000	45	2	0.601	0.455
732.000000	45	2	0.621	0.480
738.000000	45	2	0.632	0.495
744.000000	45	2	0.636	0.503
750.000000	45	2	0.639	0.506
756.000000	45	2	0.647	0.512
762.000000	45	2	0.649	0.514
768.000000	45	2	0.653	0.510
774.000000	45	2	0.660	0.504
780.000000	45	2	0.662	0.503
786.000000	45	2	0.660	0.509
792.000000	45	2	0.658	0.510
798.000000	45	2	0.657	0.510
804.000000	45	2	0.657	0.509
810.000000	45	2	0.660	0.507
816.000000	45	2	0.660	0.512
822.000000	45	2	0.656	0.511
828.000000	45	2	0.656	0.511
834.000000	45	2	0.655	0.514
840.000000	45	2	0.658	0.515
846.000000	45	2	0.665	0.513
852.000000	45	2	0.668	0.515
858.000000	45	2	0.668	0.519
864.000000	45	2	0.670	0.525
870.000000	45	2	0.677	0.527
876.000000	45	2	0.684	0.521
882.000000	45	2	0.694	0.521
888.000000	45	2	0.695	0.522
894.000000	45	2	0.690	0.524
900.000000	45	2	0.690	0.521
906.000000	45	2	0.696	0.507
912.000000	45	2	0.702	0.495
918.000000	45	2	0.704	0.492
924.000000	45	2	0.705	0.479
930.000000	45	35	0.711	0.470
936.000000	45	35	0.713	0.475
942.000000	45	35	0.714	0.482
948.000000	45	35	0.712	0.486
954.000000	45	35	0.711	0.480
960.000000	45	35	0.717	0.472
966.000000	45	35	0.729	0.466
972.000000	45	35	0.732	0.460
978.000000	45	35	0.740	0.451
984.000000	45	35	0.743	0.439
990.000000	45	35	0.746	0.432
996.000000	45	35	0.751	0.417
1002.000000	45	35	0.753	0.395
1008.000000	45	122	0.750	0.398
1014.000000	45	122	0.744	0.422
1020.000000	45	122	0.735	0.445
1026.000000	45	122	0.726	0.476
1032.000000	45	122	0.717	0.499
1038.000000	45	122	0.707	0.530
1044.000000	45	122	0.700	0.558
1050.000000	45	122	0.691	0.585
1056.000000	45	122	0.681	0.603
1062.000000	45	122	0.670	0.622
1068.000000	45	122	0.656	0.638
1074.000000	122	45	0.663	0.643
1080.000000	122	45	0.683	0.621
1086.000000	122	45	0.706	0.579
1092.000000	122	45	0.733	0.527
1098.000000	122	45	0.771	0.467
1104.000000	122	45	0.788	0.417
1110.000000	122	45	0.799	0.353
1116.000000	122	45	0.821	0.277
1122.000000	122	187	0.843	0.228
1128.000000	122	187	0.859	0.238
1134.000000	122	187	0.869	0.242
1140.000000	122	187	0.870	0.248
1146.000000	122	187	0.876	0.252
1152.000000	122	187	0.884	0.256
1158.000000	122	187	0.884	0.263
1164.000000	122	187	0.883	0.267
1170.000000	122	187	0.885	0.269
1176.000000	122	187	0.889	0.268
1182.000000	122	187	0.888	0.268
1188.000000	122	187	0.889	0.269
1194.000000	122	187	0.894	0.272
1200.000000	122	187	0.893	0.271
1206.000000	122	187	0.892	0.268
1212.000000	122	187	0.894	0.270
1218.000000	122	187	0.893	0.272
1224.000000	122	187	0.896	0.271
1230.000000	122	187	0.897	0.273
1236.000000	122	187	0.901	0.273
1242.000000	122	187	0.900	0.275
1248.000000	122	187	0.900	0.279
1254.000000	122	187	0.899	0.280
1260.000000	122	187	0.897	0.282
1266.000000	122	187	0.895	0.284
1272.000000	122	187	0.893	0.281
1278.000000	122	187	0.892	0.278
1284.000000	122	187	0.889	0.272
1290.000000	122	187	0.888	0.261
1296.000000	122	187	0.882	0.257
1302.000000	122	187	0.880	0.253
1308.000000	122	187	0.878	0.245
1314.000000	122	187	0.876	0.235
1320.000000	122	187	0.871	0.231
1326.000000	122	187	0.866	0.229
1332.000000	122	187	0.864	0.227
1338.000000	122	187	0.861	0.220
1344.000000	122	83	0.856	0.228
1350.000000	122	83	0.849	0.248
1356.000000	122	83	0.841	0.263
1362.000000	122	83	0.833	0.275
1368.000000	122	83	0.827	0.290
1374.000000	122	83	0.823	0.304
1380.000000	122	83	0.818	0.331
1386.000000	122	83	0.815	0.349
1392.000000	122	83	0.811	0.363
1398.000000	122	83	0.803	0.388
1404.000000	122	83	0.797	0.413
1410.000000	122	83	0.786	0.431
1416.000000	122	83	0.776	0.444
1422.000000	122	83	0.764	0.470
1428.000000	122	83	0.745	0.503
1434.000000	122	83	0.721	0.533
1440.000000	122	83	0.682	0.564
1446.000000	122	83	0.629	0.583
1452.000000	83	122	0.597	0.572
1458.000000	83	122	0.615	0.499
1464.000000	83	172	0.640	0.514
1470.000000	83	172	0.663	0.556
1476.000000	83	172	0.669	0.605
1482.000000	83	172	0.687	0.624
1488.000000	83	172	0.712	0.648
1494.000000	83	172	0.736	0.669
1500.000000	83	172	0.749	0.680
1506.000000	83	172	0.763	0.693
1512.000000	83	172	0.770	0.704
1518.000000	83	172	0.779	0.721
1524.000000	83	172	0.790	0.735
1530.000000	83	172	0.798	0.741
1536.000000	83	172	0.804	0.744
1542.000000	83	172	0.813	0.745
1548.000000	83	172	0.819	0.749
1554.000000	83	172	0.822	0.752
1560.000000	83	172	0.824	0.755
1566.000000	83	172	0.826	0.753
1572.000000	83	172	0.830	0.751
1578.000000	83	172	0.833	0.752
1584.000000	83	172	0.833	0.755
1590.000000	83	172	0.836	0.754
1596.000000	83	172	0.844	0.751
1602.000000	83	172	0.846	0.746
1608.000000	83	172	0.849	0.739
1614.000000	83	172	0.849	0.739
1620.000000	83	172	0.848	0.744
1626.000000	83	172	0.847	0.744
1632.000000	83	172	0.851	0.744
1638.000000	83	172	0.857	0.742
1644.000000	83	172	0.861	0.736
1650.000000	83	172	0.858	0.732
1656.000000	83	172	0.858	0.728
1662.000000	83	172	0.858	0.724
1668.000000	83	172	0.861	0.720
1674.000000	83	172	0.857	0.718
1680.000000	83	172	0.855	0.714
1686.000000	83	172	0.853	0.709
1692.000000	83	172	0.852	0.701
1698.000000	83	172	0.850	0.694
1704.000000	83	172	0.848	0.691
1710.000000	83	172	0.844	0.688
1716.000000	83	172	0.840	0.683
1722.000000	83	172	0.836	0.679
1728.000000	83	172	0.835	0.674
1734.000000	83	172	0.832	0.665
1740.000000	83	172	0.826	0.652
1746.000000	83	172	0.822	0.639
1752.000000	83	172	0.818	0.616
1758.000000	83	113	0.816	0.587
1764.000000	83	113	0.819	0.606
1770.000000	83	113	0.815	0.632
1776.000000	83	113	0.810	0.658
1782.000000	83	113	0.805	0.701
1788.000000	83	113	0.800	0.763
1794.000000	113	83	0.796	0.794
1800.000000	113	83	0.815	0.787
1806.000000	113	83	0.828	0.778
1812.000000	113	83	0.841	0.763
1818.000000	113	83	0.849	0.742
1824.000000	113	83	0.852	0.723
1830.000000	113	83	0.855	0.703
1836.000000	113	83	0.864	0.663
1842.000000	113	83	0.874	0.617
1848.000000	113	83	0.878	0.578
1854.000000	113	83	0.882	0.517
1860.000000	113	83	0.889	0.430
1866.000000	113	59	0.906	0.442
1872.000000	113	59	0.928	0.484
1878.000000	113	59	0.931	0.534
1884.000000	113	59	0.928	0.582
1890.000000	113	59	0.924	0.605
1896.000000	113	59	0.921	0.621
1902.000000	113	59	0.914	0.632
1908.000000	113	59	0.912	0.635
1914.000000	113	59	0.909	0.635
1920.000000	113	59	0.904	0.636
1926.000000	113	59	0.899	0.637
1932.000000	113	59	0.893	0.643
1938.000000	113	59	0.885	0.652
1944.000000	113	59	0.878	0.662
1950.000000	113	59	0.874	0.671
1956.000000	113	59	0.869	0.685
1962.000000	113	59	0.864	0.692
1968.000000	113	59	0.860	0.699
1974.000000	113	59	0.853	0.706
1980.000000	113	59	0.840	0.712
1986.000000	113	59	0.831	0.715
1992.000000	113	59	0.822	0.721
1998.000000	113	59	0.810	0.728
2004.000000	113	59	0.803	0.738
2010.000000	113	59	0.794	0.743
2016.000000	113	59	0.780	0.747
2022.000000	113	59	0.772	0.748
2028.000000	113	59	0.763	0.749
2034.000000	113	59	0.754	0.750
2040.000000	59	113	0.758	0.737
2046.000000	59	113	0.761	0.724
2052.000000	59	113	0.765	0.709
2058.000000	59	113	0.770	0.690
2064.000000	59	113	0.777	0.663
2070.000000	59	113	0.783	0.629
2076.000000	59	113	0.790	0.591
2082.000000	59	113	0.799	0.537
2088.000000	59	113	0.813	0.452
2094.000000	59	113	0.833	0.342
2100.000000	59	87	0.852	0.261
2106.000000	59	87	0.887	0.266
2112.000000	59	87	0.910	0.271
2118.000000	59	87	0.920	0.287
2124.000000	59	87	0.928	0.310
2130.000000	59	87	0.931	0.331
2136.000000	59	87	0.930	0.342
2142.000000	59	87	0.927	0.346
2148.000000	59	87	0.925	0.355
2154.000000	59	87	0.922	0.360
2160.000000	59	87	0.918	0.363
2166.000000	59	87	0.915	0.370
2172.000000	59	87	0.914	0.377
2178.000000	59	87	0.910	0.385
2184.000000	59	87	0.903	0.391
2190.000000	59	87	0.897	0.393
2196.000000	59	87	0.892	0.393
2202.000000	59	87	0.887	0.396
2208.000000	59	87	0.882	0.392
2214.000000	59	87	0.876	0.389
2220.000000	59	87	0.872	0.381
2226.000000	59	87	0.865	0.379
2232.000000	59	87	0.856	0.376
2238.000000	59	87	0.842	0.373
2244.000000	59	8	0.831	0.387
2250.000000	59	8	0.823	0.406
2256.000000	59	8	0.813	0.432
2262.000000	59	8	0.802	0.455
2268.000000	59	8	0.792	0.475
2274.000000	59	8	0.779	0.496
2280.000000	59	8	0.758	0.519
2286.000000	59	8	0.735	0.551
2292.000000	59	8	0.716	0.580
2298.000000	59	8	0.697	0.609
2304.000000	59	8	0.671	0.631
2310.000000	8	59	0.674	0.634
2316.000000	8	59	0.717	0.580
2322.000000	8	59	0.759	0.500
2328.000000	8	59	0.800	0.400
2334.000000	8	59	0.835	0.271
2340.000000	8	156	0.854	0.222
2346.000000	8	156	0.878	0.226
2352.000000	8	156	0.892	0.236
2358.000000	8	156	0.906	0.242
2364.000000	8	156	0.908	0.260
2370.000000	8	156	0.912	0.280
2376.000000	8	156	0.916	0.293
2382.000000	8	156	0.918	0.298
2388.000000	8	156	0.916	0.309
2394.000000	8	156	0.916	0.316
2400.000000	8	156	0.913	0.323
2406.000000	8	156	0.911	0.325
2412.000000	8	156	0.909	0.330
2418.000000	8	156	0.908	0.332
2424.000000	8	156	0.907	0.333
2430.000000	8	156	0.907	0.335
2436.000000	8	156	0.905	0.346
2442.000000	8	156	0.903	0.360
2448.000000	8	156	0.901	0.360
2454.000000	8	156	0.898	0.359
2460.000000	8	156	0.897	0.362
2466.000000	8	156	0.896	0.361
2472.000000	8	156	0.893	0.361
2478.000000	8	156	0.882	0.370
2484.000000	8	156	0.874	0.379
2490.000000	8	156	0.870	0.382
2496.000000	8	156	0.868	0.385
2502.000000	8	156	0.867	0.390
2508.000000	8	156	0.862	0.401
2514.000000	8	156	0.865	0.404
2520.000000	8	156	0.864	0.406
2526.000000	8	156	0.863	0.409
2532.000000	8	156	0.859	0.410
2538.000000	8	156	0.855	0.411
2544.000000	8	156	0.851	0.414
2550.000000	8	156	0.848	0.415
2556.000000	8	156	0.845	0.417
2562.000000	8	156	0.840	0.411
2568.000000	8	156	0.836	0.407
2574.000000	8	156	0.830	0.404
2580.000000	8	156	0.823	0.395
2586.000000	8	156	0.817	0.383
2592.000000	8	169	0.805	0.385
2598.000000	8	169	0.793	0.402
2604.000000	8	169	0.782	0.414
2610.000000	8	169	0.772	0.427
2616.000000	8	169	0.764	0.447
2622.000000	8	169	0.759	0.464
2628.000000	8	169	0.751	0.473
2634.000000	8	169	0.733	0.488
2640.000000	8	169	0.709	0.514
2646.000000	8	169	0.681	0.533
2652.000000	8	169	0.653	0.553
2658.000000	8	169	0.624	0.576
2664.000000	169	8	0.596	0.579
2670.000000	169	8	0.628	0.494
2676.000000	169	8	0.686	0.352
2682.000000	169	145	0.741	0.256
2688.000000	169	145	0.788	0.285
2694.000000	169	145	0.806	0.315
2700.000000	169	145	0.821	0.343
2706.000000	169	145	0.826	0.371
2712.000000	169	145	0.833	0.399
2718.000000	169	145	0.838	0.417
2724.000000	169	145	0.842	0.439
2730.000000	169	145	0.844	0.460
2736.000000	169	145	0.849	0.470
2742.000000	169	145	0.850	0.483
2748.000000	169	145	0.849	0.490
2754.000000	169	145	0.847	0.501
2760.000000	169	145	0.850	0.504
2766.000000	169	145	0.851	0.510
2772.000000	169	145	0.848	0.517
2778.000000	169	145	0.848	0.523
2784.000000	169	145	0.847	0.529
2790.000000	169	145	0.847	0.535
2796.000000	169	145	0.846	0.542
2802.000000	169	145	0.844	0.547
2808.000000	169	145	0.841	0.554
2814.000000	169	145	0.838	0.557
2820.000000	169	145	0.835	0.570
2826.000000	169	145	0.835	0.583
2832.000000	169	145	0.835	0.589
2838.000000	169	145	0.834	0.599
2844.000000	169	145	0.829	0.610
2850.000000	169	145	0.831	0.617
2856.000000	169	145	0.827	0.628
2862.000000	169	145	0.821	0.636
2868.000000	169	145	0.819	0.641
2874.000000	169	145	0.818	0.647
2880.000000	169	145	0.819	0.650
2886.000000	169	145	0.820	0.653
2892.000000	169	145	0.821	0.661
2898.000000	169	145	0.817	0.675
2904.000000	169	145	0.811	0.686
2910.000000	169	145	0.808	0.699
2916.000000	169	145	0.800	0.709
2922.000000	169	145	0.790	0.727
2928.000000	169	145	0.780	0.739
2934.000000	169	145	0.773	0.755
2940.000000	145	169	0.766	0.762
2946.000000	145	169	0.777	0.744
2952.000000	145	169	0.784	0.727
2958.000000	145	169	0.790	0.709
2964.000000	145	169	0.796	0.685
2970.000000	145	169	0.800	0.656
2976.000000	145	169	0.805	0.616
2982.000000	145	169	0.813	0.581
2988.000000	145	169	0.827	0.531
2994.000000	145	169	0.843	0.459
3000.000000	145	169	0.860	0.359
3006.000000	145	15	0.877	0.333
3012.000000	145	15	0.899	0.349
3018.000000	145	15	0.906	0.359
3024.000000	145	15	0.911	0.366
3030.000000	145	15	0.914	0.371
3036.000000	145	15	0.915	0.380
3042.000000	145	15	0.920	0.391
3048.000000	145	15	0.917	0.401
3054.000000	145	15	0.911	0.408
3060.000000	145	15	0.908	0.414
3066.000000	145	15	0.902	0.424
3072.000000	145	15	0.898	0.425
3078.000000	145	15	0.895	0.420
3084.000000	145	15	0.892	0.417
3090.000000	145	15	0.888	0.415
3096.000000	145	15	0.882	0.414
3102.000000	145	15	0.878	0.412
3108.000000	145	15	0.875	0.415
3114.000000	145	15	0.871	0.416
3120.000000	145	15	0.863	0.415
3126.000000	145	15	0.857	0.409
3132.000000	145	15	0.852	0.406
3138.000000	145	15	0.843	0.407
3144.000000	145	15	0.840	0.404
3150.000000	145	15	0.839	0.397
3156.000000	145	15	0.835	0.387
3162.000000	145	15	0.830	0.377
3168.000000	145	15	0.822	0.371
3174.000000	145	15	0.817	0.366
3180.000000	145	15	0.812	0.357
3186.000000	145	15	0.800	0.344
3192.000000	145	15	0.789	0.329
3198.000000	145	27	0.780	0.313
3204.000000	145	27	0.767	0.325
3210.000000	145	27	0.747	0.338
3216.000000	145	27	0.720	0.355
3222.000000	145	27	0.693	0.365
3228.000000	145	27	0.665	0.377
3234.000000	145	27	0.631	0.386
3240.000000	145	27	0.577	0.400
3246.000000	145	27	0.507	0.420
3252.000000	27	39	0.443	0.402
3258.000000	27	39	0.471	0.446
3264.000000	27	39	0.505	0.492
3270.000000	39	27	0.541	0.525
3276.000000	39	27	0.574	0.533
3282.000000	39	27	0.601	0.544
3288.000000	39	27	0.621	0.549
3294.000000	39	27	0.643	0.543
3300.000000	39	27	0.653	0.541
3306.000000	39	27	0.658	0.540
3312.000000	39	27	0.661	0.531
3318.000000	39	27	0.666	0.522
3324.000000	39	27	0.674	0.518
3330.000000	39	64	0.681	0.513
3336.000000	39	64	0.689	0.515
3342.000000	39	64	0.698	0.516
3348.000000	39	64	0.704	0.512
3354.000000	39	64	0.708	0.511
3360.000000	39	64	0.716	0.515
3366.000000	39	64	0.720	0.519
3372.000000	39	64	0.716	0.522
3378.000000	39	64	0.715	0.530
3384.000000	39	64	0.721	0.539
3390.000000	39	64	0.727	0.544
3396.000000	39	64	0.736	0.537
3402.000000	39	64	0.748	0.529
3408.000000	39	64	0.754	0.524
3414.000000	39	64	0.759	0.523
3420.000000	39	64	0.764	0.522
3426.000000	39	64	0.773	0.525
3432.000000	39	64	0.780	0.519
3438.000000	39	64	0.789	0.513
3444.000000	39	64	0.799	0.512
3450.000000	39	64	0.816	0.504
3456.000000	39	64	0.831	0.493
3462.000000	39	64	0.835	0.499
3468.000000	39	64	0.845	0.497
3474.000000	39	64	0.853	0.491
3480.000000	39	64	0.851	0.488
3486.000000	39	64	0.850	0.478
3492.000000	39	64	0.852	0.469
3498.000000	39	64	0.854	0.459
3504.000000	39	64	0.854	0.443
3510.000000	39	64	0.854	0.428
3516.000000	39	64	0.860	0.416
3522.000000	39	64	0.860	0.400
3528.000000	39	64	0.863	0.383
3534.000000	39	64	0.875	0.354
3540.000000	39	64	0.883	0.317
3546.000000	39	64	0.888	0.273
3552.000000	39	120	0.890	0.261
3558.000000	39	120	0.887	0.268
3564.000000	39	120	0.886	0.275
3570.000000	39	120	0.883	0.285
3576.000000	39	120	0.878	0.299
3582.000000	39	120	0.878	0.312
3588.000000	39	120	0.881	0.323
3594.000000	39	120	0.878	0.339
3600.000000	39	120	0.873	0.353
3606.000000	39	120	0.870	0.362
3612.000000	39	120	0.869	0.366
3618.000000	39	120	0.866	0.373
3624.000000	39	120	0.861	0.382
3630.000000	39	120	0.857	0.388
3636.000000	39	120	0.851	0.395
3642.000000	39	120	0.845	0.404
3648.000000	39	120	0.841	0.412
3654.000000	39	120	0.836	0.418
3660.000000	39	120	0.831	0.418
3666.000000	39	120	0.823	0.421
3672.000000	39	120	0.815	0.425
3678.000000	39	120	0.808	0.429
3684.000000	39	120	0.798	0.432
3690.000000	39	120	0.788	0.426
3696.000000	39	120	0.775	0.426
3702.000000	39	120	0.759	0.424
3708.000000	39	120	0.729	0.432
3714.000000	39	120	0.694	0.444
3720.000000	39	120	0.663	0.445
3726.000000	39	120	0.625	0.446
3732.000000	39	120	0.571	0.468
3738.000000	39	120	0.497	0.482
3744.000000	120	39	0.496	0.394
3750.000000	120	170	0.520	0.375
3756.000000	120	170	0.551	0.397
3762.000000	120	170	0.576	0.406
3768.000000	120	170	0.599	0.413
3774.000000	120	170	0.615	0.429
3780.000000	120	170	0.618	0.442
3786.000000	120	170	0.626	0.454
3792.000000	120	170	0.634	0.466
3798.000000	120	170	0.636	0.480
3804.000000	120	170	0.634	0.488
3810.000000	120	170	0.634	0.492
3816.000000	120	170	0.631	0.497
3822.000000	120	170	0.623	0.509
3828.000000	120	170	0.619	0.507
3834.000000	120	170	0.610	0.508
3840.000000	120	170	0.595	0.514
3846.000000	120	170	0.580	0.523
3852.000000	120	170	0.568	0.531
3858.000000	120	170	0.558	0.531
3864.000000	120	170	0.545	0.533
3870.000000	170	120	0.544	0.537
3876.000000	170	120	0.555	0.525
3882.000000	170	120	0.560	0.512
3888.000000	170	120	0.560	0.495
3894.000000	170	120	0.561	0.482
3900.000000	170	120	0.566	0.473
3906.000000	170	54	0.570	0.463
3912.000000	170	54	0.579	0.472
3918.000000	170	54	0.586	0.480
3924.000000	170	54	0.590	0.493
3930.000000	170	54	0.593	0.514
3936.000000	170	54	0.595	0.539
3942.000000	170	54	0.606	0.570
3948.000000	170	54	0.618	0.600
3954.000000	54	170	0.622	0.618
3960.000000	54	170	0.633	0.624
3966.000000	54	170	0.653	0.631
3972.000000	54	170	0.669	0.636
3978.000000	54	170	0.691	0.640
3984.000000	54	170	0.702	0.645
3990.000000	54	170	0.706	0.648
3996.000000	54	170	0.711	0.652
4002.000000	54	170	0.716	0.655
4008.000000	54	170	0.721	0.653
4014.000000	54	170	0.725	0.648
4020.000000	54	170	0.734	0.641
4026.000000	54	170	0.745	0.634
4032.000000	54	170	0.742	0.628
4038.000000	54	170	0.742	0.615
4044.000000	54	170	0.744	0.604
4050.000000	54	170	0.747	0.590
4056.000000	54	170	0.754	0.571
4062.000000	54	170	0.760	0.559
4068.000000	54	170	0.764	0.544
4074.000000	54	170	0.766	0.532
4080.000000	54	170	0.769	0.512
4086.000000	54	170	0.778	0.486
4092.000000	54	170	0.785	0.457
4098.000000	54	170	0.786	0.433
4104.000000	54	170	0.791	0.403
4110.000000	54	170	0.798	0.364
4116.000000	54	170	0.808	0.305
4122.000000	54	47	0.812	0.279
4128.000000	54	47	0.821	0.282
4134.000000	54	47	0.834	0.287
4140.000000	54	47	0.838	0.302
4146.000000	54	47	0.841	0.325
4152.000000	54	47	0.839	0.341
4158.000000	54	47	0.833	0.349
4164.000000	54	47	0.829	0.358
4170.000000	54	47	0.822	0.376
4176.000000	54	47	0.812	0.386
4182.000000	54	47	0.801	0.392
4188.000000	54	47	0.793	0.396
4194.000000	54	47	0.788	0.406
4200.000000	54	47	0.782	0.418
4206.000000	54	47	0.770	0.429
4212.000000	54	47	0.754	0.431
4218.000000	54	47	0.733	0.438
4224.000000	54	47	0.719	0.445
4230.000000	54	47	0.708	0.451
4236.000000	54	47	0.691	0.454
4242.000000	54	47	0.670	0.457
4248.000000	54	47	0.644	0.465
4254.000000	54	47	0.605	0.479
4260.000000	54	47	0.556	0.497
4266.000000	47	54	0.509	0.499
4272.000000	47	54	0.521	0.429
4278.000000	47	155	0.539	0.398
4284.000000	47	155	0.572	0.422
4290.000000	47	155	0.612	0.446
4296.000000	47	155	0.636	0.470
4302.000000	47	155	0.659	0.490
4308.000000	47	155	0.683	0.508
4314.000000	47	155	0.698	0.529
4320.000000	47	155	0.708	0.546
4326.000000	47	155	0.715	0.559
4332.000000	47	155	0.724	0.582
4338.000000	47	155	0.731	0.600
4344.000000	47	155	0.732	0.608
4350.000000	47	155	0.732	0.615
4356.000000	47	155	0.738	0.619
4362.000000	47	155	0.745	0.625
4368.000000	47	155	0.750	0.636
4374.000000	47	155	0.751	0.645
4380.000000	47	155	0.750	0.656
4386.000000	47	155	0.747	0.667
4392.000000	47	155	0.753	0.674
4398.000000	47	155	0.758	0.678
4404.000000	47	155	0.762	0.682
4410.000000	47	155	0.762	0.688
4416.000000	47	155	0.766	0.697
4422.000000	47	155	0.762	0.704
4428.000000	47	155	0.763	0.711
4434.000000	47	155	0.765	0.712
4440.000000	47	155	0.768	0.710
4446.000000	47	155	0.771	0.715
4452.000000	47	155	0.772	0.729
4458.000000	47	155	0.773	0.742
4464.000000	47	155	0.768	0.754
4470.000000	47	155	0.770	0.757
4476.000000	47	155	0.773	0.757
4482.000000	47	155	0.771	0.754
4488.000000	47	155	0.772	0.748
4494.000000	47	155	0.770	0.748
4500.000000	47	155	0.761	0.751
4506.000000	47	155	0.751	0.748
4512.000000	47	155	0.743	0.743
4518.000000	47	155	0.741	0.738
4524.000000	155	47	0.741	0.728
4530.000000	155	47	0.745	0.713
4536.000000	155	47	0.749	0.694
4542.000000	155	47	0.748	0.673
4548.000000	155	47	0.745	0.649
4554.000000	155	47	0.747	0.622
4560.000000	155	47	0.752	0.591
4566.000000	155	47	0.758	0.550
4572.000000	155	47	0.764	0.504
4578.000000	155	47	0.769	0.444
4584.000000	155	47	0.772	0.369
4590.000000	155	47	0.788	0.267
4596.000000	155	70	0.797	0.248
4602.000000	155	70	0.801	0.255
4608.000000	155	70	0.806	0.258
4614.000000	155	70	0.805	0.276
4620.000000	155	70	0.809	0.293
4626.000000	155	70	0.810	0.307
4632.000000	155	70	0.816	0.327
4638.000000	155	70	0.819	0.343
4644.000000	155	70	0.816	0.357
4650.000000	155	70	0.813	0.371
4656.000000	155	70	0.808	0.382
4662.000000	155	70	0.801	0.388
4668.000000	155	70	0.787	0.391
4674.000000	155	70	0.779	0.394
4680.000000	155	70	0.767	0.397
4686.000000	155	70	0.756	0.405
4692.000000	155	70	0.741	0.414
4698.000000	155	70	0.729	0.419
4704.000000	155	70	0.703	0.431
4710.000000	155	70	0.686	0.442
4716.000000	155	70	0.670	0.459
4722.000000	155	70	0.652	0.469
4728.000000	155	70	0.625	0.485
4734.000000	155	70	0.575	0.503
4740.000000	155	70	0.523	0.516
4746.000000	196	70	0.535	0.526
4752.000000	196	70	0.553	0.547
4758.000000	196	70	0.574	0.561
4764.000000	196	70	0.596	0.580
4770.000000	196	70	0.604	0.593
4776.000000	196	70	0.614	0.608
4782.000000	196	70	0.628	0.615
4788.000000	196	70	0.631	0.617
4794.000000	196	70	0.628	0.618
4800.000000	196	70	0.630	0.614
4806.000000	196	70	0.625	0.614
4812.000000	70	67	0.620	0.618
4818.000000	70	67	0.626	0.625
4824.000000	67	70	0.632	0.623
4830.000000	67	70	0.646	0.622
4836.000000	67	70	0.654	0.624
4842.000000	67	70	0.659	0.626
4848.000000	67	70	0.664	0.630
4854.000000	67	70	0.672	0.629
4860.000000	67	70	0.676	0.631
4866.000000	67	70	0.676	0.636
4872.000000	67	70	0.678	0.643
4878.000000	67	70	0.681	0.647
4884.000000	67	70	0.689	0.651
4890.000000	67	70	0.693	0.654
4896.000000	67	70	0.691	0.653
4902.000000	67	70	0.695	0.653
4908.000000	67	70	0.703	0.656
4914.000000	67	70	0.708	0.663
4920.000000	67	70	0.714	0.667
4926.000000	67	70	0.726	0.675
4932.000000	67	70	0.736	0.678
4938.000000	67	70	0.744	0.683
4944.000000	67	70	0.748	0.681
4950.000000	67	70	0.751	0.681
4956.000000	67	70	0.758	0.678
4962.000000	67	70	0.764	0.681
4968.000000	67	70	0.768	0.680
4974.000000	67	70	0.777	0.683
4980.000000	67	70	0.781	0.682
4986.000000	67	70	0.782	0.678
4992.000000	67	70	0.779	0.675
4998.000000	67	70	0.784	0.659
5004.000000	67	70	0.785	0.644
5010.000000	67	70	0.791	0.630
5016.000000	67	70	0.799	0.612
5022.000000	67	70	0.804	0.595
5028.000000	67	70	0.804	0.577
5034.000000	67	70	0.806	0.557
5040.000000	67	70	0.803	0.528
5046.000000	67	70	0.804	0.486
5052.000000	67	77	0.805	0.465
5058.000000	67	77	0.804	0.475
5064.000000	67	77	0.810	0.495
5070.000000	67	77	0.809	0.522
5076.000000	67	77	0.811	0.541
5082.000000	67	77	0.806	0.558
5088.000000	67	77	0.800	0.573
5094.000000	67	77	0.794	0.590
5100.000000	67	77	0.785	0.603
5106.000000	67	77	0.772	0.616
5112.000000	67	77	0.759	0.623
5118.000000	67	77	0.750	0.624
5124.000000	67	77	0.736	0.632
5130.000000	67	77	0.724	0.633
5136.000000	67	77	0.708	0.634
5142.000000	67	77	0.683	0.642
5148.000000	67	77	0.653	0.648
5154.000000	77	67	0.657	0.620
5160.000000	77	67	0.661	0.570
5166.000000	77	67	0.676	0.515
5172.000000	77	67	0.682	0.453
5178.000000	77	67	0.704	0.359
5184.000000	77	67	0.715	0.283
5190.000000	77	73	0.723	0.259
5196.000000	77	73	0.730	0.268
5202.000000	77	73	0.739	0.274
5208.000000	77	73	0.755	0.278
5214.000000	77	73	0.761	0.285
5220.000000	77	73	0.770	0.292
5226.000000	77	73	0.768	0.305
5232.000000	77	73	0.769	0.318
5238.000000	77	73	0.772	0.330
5244.000000	77	73	0.775	0.344
5250.000000	77	73	0.777	0.349
5256.000000	77	73	0.769	0.351
5262.000000	77	73	0.763	0.358
5268.000000	77	73	0.759	0.370
5274.000000	77	73	0.761	0.377
5280.000000	77	73	0.759	0.383
5286.000000	77	73	0.751	0.388
5292.000000	77	73	0.743	0.395
5298.000000	77	73	0.738	0.402
5304.000000	77	73	0.734	0.411
5310.000000	77	73	0.728	0.418
5316.000000	77	73	0.719	0.426
5322.000000	77	73	0.717	0.438
5328.000000	77	73	0.712	0.451
5334.000000	77	73	0.710	0.466
5340.000000	77	73	0.706	0.480
5346.000000	77	73	0.706	0.486
5352.000000	77	73	0.703	0.498
5358.000000	77	73	0.691	0.518
5364.000000	77	73	0.671	0.542
5370.000000	77	73	0.640	0.564
5376.000000	77	73	0.612	0.575
5382.000000	73	77	0.590	0.570
5388.000000	73	77	0.612	0.509
5394.000000	73	2	0.643	0.466
5400.000000	73	2	0.680	0.486
5406.000000	73	2	0.709	0.503
5412.000000	73	2	0.732	0.523
5418.000000	73	2	0.753	0.553
5424.000000	73	2	0.772	0.577
5430.000000	73	2	0.782	0.593
5436.000000	73	2	0.788	0.610
5442.000000	73	2	0.796	0.620
5448.000000	73	2	0.801	0.621
5454.000000	73	2	0.806	0.630
5460.000000	73	2	0.812	0.639
5466.000000	73	2	0.819	0.647
5472.000000	73	2	0.820	0.650
5478.000000	73	2	0.821	0.654
5484.000000	73	2	0.816	0.659
5490.000000	73	2	0.812	0.668
5496.000000	73	2	0.809	0.671
5502.000000	73	2	0.815	0.670
5508.000000	73	2	0.815	0.672
5514.000000	73	2	0.814	0.678
5520.000000	73	2	0.811	0.683
5526.000000	73	2	0.810	0.691
5532.000000	73	2	0.809	0.698
5538.000000	73	2	0.801	0.703
5544.000000	73	2	0.793	0.709
5550.000000	73	2	0.790	0.709
5556.000000	73	2	0.785	0.715
5562.000000	73	2	0.780	0.717
5568.000000	73	2	0.776	0.721
5574.000000	73	2	0.765	0.735
5580.000000	73	2	0.754	0.752
5586.000000	2	73	0.761	0.749
5592.000000	2	73	0.768	0.741
5598.000000	2	73	0.778	0.728
5604.000000	2	73	0.789	0.713
5610.000000	2	73	0.797	0.699
5616.000000	2	73	0.808	0.677
5622.000000	2	73	0.813	0.652
5628.000000	2	73	0.827	0.617
5634.000000	2	73	0.841	0.574
5640.000000	2	73	0.847	0.539
5646.000000	2	73	0.860	0.489
5652.000000	2	73	0.873	0.429
5658.000000	2	73	0.890	0.344
5664.000000	2	73	0.907	0.237
5670.000000	2	155	0.923	0.121
5676.000000	2	155	0.928	0.114
5682.000000	2	80	0.933	0.110
5688.000000	2	80	0.933	0.122
5694.000000	2	80	0.933	0.131
5700.000000	2	80	0.929	0.141
5706.000000	2	80	0.926	0.149
5712.000000	2	80	0.923	0.157
5718.000000	2	80	0.920	0.164
5724.000000	2	80	0.916	0.169
5730.000000	2	80	0.914	0.173
5736.000000	2	80	0.912	0.180
5742.000000	2	80	0.909	0.190
5748.000000	2	80	0.905	0.199
5754.000000	2	80	0.900	0.208
5760.000000	2	80	0.896	0.218
5766.000000	2	80	0.891	0.224
5772.000000	2	80	0.885	0.229
5778.000000	2	80	0.881	0.233
5784.000000	2	80	0.874	0.240
5790.000000	2	80	0.860	0.248
5796.000000	2	80	0.848	0.263
5802.000000	2	80	0.838	0.270
5808.000000	2	80	0.831	0.274
5814.000000	2	80	0.822	0.276
5820.000000	2	80	0.814	0.281
5826.000000	2	80	0.804	0.286
5832.000000	2	80	0.788	0.296
5838.000000	2	80	0.778	0.303
5844.000000	2	80	0.760	0.310
5850.000000	2	80	0.732	0.323
5856.000000	2	80	0.706	0.333
5862.000000	2	80	0.684	0.340
5868.000000	2	80	0.651	0.350
5874.000000	2	80	0.608	0.369
5880.000000	2	80	0.563	0.386
5886.000000	2	80	0.509	0.398
5892.000000	2	80	0.425	0.416
5898.000000	80	2	0.441	0.314
5904.000000	80	121	0.470	0.244
5910.000000	80	121	0.508	0.256
5916.000000	80	121	0.538	0.270
5922.000000	80	121	0.564	0.282
5928.000000	80	121	0.588	0.294
5934.000000	80	121	0.602	0.314
5940.000000	80	121	0.615	0.330
5946.000000	80	121	0.638	0.345
5952.000000	80	121	0.653	0.363
5958.000000	80	121	0.662	0.380
5964.000000	80	121	0.669	0.398
5970.000000	80	121	0.678	0.417
5976.000000	80	121	0.686	0.424
5982.000000	80	121	0.689	0.426
5988.000000	80	121	0.696	0.436
5994.000000	80	121	0.706	0.451
6000.000000	80	121	0.712	0.467
6006.000000	80	121	0.718	0.480
6012.000000	80	121	0.723	0.487
6018.000000	80	121	0.725	0.505
6024.000000	80	121	0.726	0.514
6030.000000	80	121	0.727	0.525
6036.000000	80	121	0.721	0.532
6042.000000	80	121	0.721	0.541
6048.000000	80	121	0.726	0.549
6054.000000	80	121	0.727	0.553
6060.000000	80	121	0.729	0.557
6066.000000	80	121	0.734	0.560
6072.000000	80	121	0.737	0.568
6078.000000	80	121	0.744	0.576
6084.000000	80	121	0.743	0.589
6090.000000	80	121	0.745	0.599
6096.000000	80	121	0.754	0.610
6102.000000	80	121	0.756	0.619
6108.000000	80	121	0.764	0.619
6114.000000	80	121	0.764	0.618
6120.000000	80	121	0.763	0.619
6126.000000	80	121	0.758	0.618
6132.000000	80	121	0.758	0.617
6138.000000	80	121	0.763	0.614
6144.000000	80	121	0.764	0.611
6150.000000	80	121	0.757	0.613
6156.000000	80	121	0.754	0.609
6162.000000	80	121	0.749	0.606
6168.000000	80	121	0.742	0.607
6174.000000	80	121	0.728	0.610
6180.000000	80	121	0.718	0.608
6186.000000	80	121	0.708	0.608
6192.000000	80	121	0.701	0.607
6198.000000	80	121	0.693	0.607
6204.000000	80	121	0.684	0.609
6210.000000	80	121	0.661	0.613
6216.000000	80	121	0.641	0.618
6222.000000	121	80	0.620	0.617
6228.000000	121	80	0.621	0.588
6234.000000	121	80	0.623	0.552
6240.000000	121	80	0.623	0.508
6246.000000	121	80	0.629	0.450
6252.000000	121	122	0.626	0.394
6258.000000	121	122	0.628	0.421
6264.000000	121	122	0.637	0.446
6270.000000	121	122	0.635	0.471
6276.000000	121	122	0.635	0.498
6282.000000	121	122	0.625	0.528
6288.000000	121	122	0.610	0.549
6294.000000	121	122	0.592	0.578
6300.000000	122	121	0.602	0.573
6306.000000	122	121	0.617	0.545
6312.000000	122	121	0.645	0.508
6318.000000	122	121	0.680	0.463
6324.000000	122	121	0.698	0.421
6330.000000	122	121	0.718	0.371
6336.000000	122	121	0.737	0.330
6342.000000	122	121	0.754	0.290
6348.000000	122	121	0.769	0.237
6354.000000	122	67	0.789	0.216
6360.000000	122	67	0.795	0.227
6366.000000	122	67	0.797	0.237
6372.000000	122	67	0.804	0.241
6378.000000	122	67	0.809	0.242
6384.000000	122	67	0.809	0.249
6390.000000	122	67	0.808	0.252
6396.000000	122	67	0.805	0.260
6402.000000	122	67	0.800	0.272
6408.000000	122	67	0.797	0.276
6414.000000	122	67	0.804	0.281
6420.000000	122	67	0.807	0.285
6426.000000	122	67	0.807	0.283
6432.000000	122	67	0.807	0.284
6438.000000	122	67	0.811	0.283
6444.000000	122	67	0.811	0.286
6450.000000	122	67	0.810	0.285
6456.000000	122	67	0.815	0.285
6462.000000	122	67	0.819	0.287
6468.000000	122	67	0.822	0.292
6474.000000	122	67	0.825	0.302
6480.000000	122	67	0.825	0.309
6486.000000	122	67	0.825	0.316
6492.000000	122	67	0.825	0.323
6498.000000	122	67	0.828	0.334
6504.000000	122	67	0.827	0.338
6510.000000	122	67	0.827	0.336
6516.000000	122	67	0.828	0.335
6522.000000	122	67	0.829	0.336
6528.000000	122	67	0.833	0.333
6534.000000	122	67	0.832	0.333
6540.000000	122	67	0.827	0.337
6546.000000	122	83	0.827	0.340
6552.000000	122	83	0.831	0.353
6558.000000	122	83	0.834	0.362
6564.000000	122	83	0.842	0.370
6570.000000	122	83	0.843	0.384
6576.000000	122	83	0.838	0.403
6582.000000	122	83	0.834	0.423
6588.000000	122	83	0.831	0.446
6594.000000	122	83	0.826	0.472
6600.000000	122	83	0.821	0.514
6606.000000	122	83	0.819	0.549
6612.000000	122	83	0.819	0.583
6618.000000	122	83	0.822	0.617
6624.000000	122	83	0.823	0.649
6630.000000	122	83	0.820	0.688
6636.000000	122	83	0.807	0.721
6642.000000	122	83	0.797	0.750
6648.000000	122	83	0.790	0.775
6654.000000	83	122	0.798	0.779
6660.000000	83	122	0.808	0.770
6666.000000	83	122	0.825	0.760
6672.000000	83	122	0.840	0.742
6678.000000	83	122	0.858	0.720
6684.000000	83	122	0.865	0.703
6690.000000	83	122	0.879	0.674
6696.000000	83	122	0.896	0.632
6702.000000	83	122	0.910	0.578
6708.000000	83	122	0.925	0.497
6714.000000	83	122	0.940	0.381
6720.000000	83	11	0.950	0.257
6726.000000	83	11	0.955	0.266
6732.000000	83	11	0.958	0.280
6738.000000	83	11	0.959	0.290
6744.000000	83	11	0.958	0.310
6750.000000	83	11	0.957	0.328
6756.000000	83	11	0.956	0.347
6762.000000	83	11	0.955	0.365
6768.000000	83	11	0.954	0.382
6774.000000	83	11	0.951	0.404
6780.000000	83	11	0.950	0.420
6786.000000	83	11	0.950	0.434
6792.000000	83	11	0.951	0.442
6798.000000	83	11	0.951	0.451
6804.000000	83	11	0.950	0.456
6810.000000	83	11	0.949	0.461
6816.000000	83	11	0.948	0.467
6822.000000	83	11	0.946	0.471
6828.000000	83	11	0.945	0.475
6834.000000	83	11	0.941	0.485
6840.000000	83	11	0.939	0.490
6846.000000	83	11	0.936	0.494
6852.000000	83	11	0.932	0.499
6858.000000	83	11	0.928	0.502
6864.000000	83	11	0.924	0.506
6870.000000	83	11	0.923	0.508
6876.000000	83	11	0.922	0.510
6882.000000	83	11	0.919	0.514
6888.000000	83	11	0.917	0.518
6894.000000	83	11	0.916	0.520
6900.000000	83	11	0.915	0.523
6906.000000	83	11	0.914	0.529
6912.000000	83	11	0.910	0.534
6918.000000	83	11	0.905	0.538
6924.000000	83	11	0.900	0.540
6930.000000	83	11	0.889	0.549
6936.000000	83	11	0.887	0.553
6942.000000	83	11	0.885	0.553
6948.000000	83	11	0.878	0.557
6954.000000	83	11	0.868	0.562
6960.000000	83	11	0.859	0.568
6966.000000	83	11	0.854	0.572
6972.000000	83	11	0.847	0.576
6978.000000	83	11	0.834	0.579
6984.000000	83	11	0.812	0.585
6990.000000	83	11	0.791	0.586
6996.000000	83	11	0.763	0.597
7002.000000	83	11	0.731	0.603
7008.000000	83	11	0.690	0.603
7014.000000	83	113	0.636	0.613
7020.000000	113	11	0.660	0.595
7026.000000	113	11	0.696	0.616
7032.000000	113	11	0.753	0.639
7038.000000	113	11	0.812	0.660
7044.000000	113	11	0.860	0.675
7050.000000	113	11	0.878	0.672
7056.000000	113	11	0.893	0.663
7062.000000	113	11	0.900	0.660
7068.000000	113	11	0.905	0.650
7074.000000	113	11	0.911	0.638
7080.000000	113	11	0.910	0.633
7086.000000	113	11	0.907	0.622
7092.000000	113	11	0.904	0.603
7098.000000	113	11	0.901	0.589
7104.000000	113	11	0.900	0.576
7110.000000	113	11	0.900	0.555
7116.000000	113	11	0.902	0.534
7122.000000	113	11	0.907	0.508
7128.000000	113	11	0.907	0.483
7134.000000	113	11	0.910	0.456
7140.000000	113	11	0.911	0.424
7146.000000	113	11	0.911	0.389
7152.000000	113	11	0.914	0.344
7158.000000	113	11	0.920	0.285
7164.000000	113	11	0.927	0.233
7170.000000	113	50	0.930	0.234
7176.000000	113	50	0.929	0.260
7182.000000	113	50	0.928	0.287
7188.000000	113	50	0.926	0.314
7194.000000	113	50	0.923	0.346
7200.000000	113	50	0.918	0.380
7206.000000	113	50	0.915	0.409
7212.000000	113	50	0.910	0.452
7218.000000	113	50	0.905	0.490
7224.000000	113	50	0.900	0.515
7230.000000	113	50	0.897	0.530
7236.000000	113	50	0.894	0.552
7242.000000	113	50	0.885	0.583
7248.000000	113	50	0.878	0.607
7254.000000	113	50	0.872	0.624
7260.000000	113	50	0.865	0.641
7266.000000	113	50	0.861	0.644
7272.000000	113	50	0.856	0.651
7278.000000	113	50	0.848	0.661
7284.000000	113	50	0.844	0.672
7290.000000	113	50	0.838	0.679
7296.000000	113	50	0.828	0.687
7302.000000	113	50	0.815	0.692
7308.000000	113	50	0.800	0.702
7314.000000	113	50	0.779	0.721
7320.000000	113	50	0.759	0.732
7326.000000	50	113	0.754	0.727
7332.000000	50	113	0.779	0.690
7338.000000	50	113	0.804	0.637
7344.000000	50	113	0.835	0.567
7350.000000	50	113	0.862	0.479
7356.000000	50	113	0.885	0.374
7362.000000	50	59	0.912	0.278
7368.000000	50	59	0.933	0.285
7374.000000	50	59	0.943	0.287
7380.000000	50	59	0.949	0.283
7386.000000	50	59	0.955	0.283
7392.000000	50	59	0.955	0.284
7398.000000	50	59	0.954	0.291
7404.000000	50	59	0.952	0.302
7410.000000	50	59	0.948	0.317
7416.000000	50	59	0.945	0.332
7422.000000	50	59	0.942	0.344
7428.000000	50	59	0.941	0.355
7434.000000	50	59	0.939	0.367
7440.000000	50	59	0.937	0.375
7446.000000	50	59	0.936	0.385
7452.000000	50	59	0.934	0.395
7458.000000	50	59	0.933	0.402
7464.000000	50	59	0.931	0.408
7470.000000	50	59	0.928	0.417
7476.000000	50	59	0.924	0.429
7482.000000	50	59	0.922	0.440
7488.000000	50	59	0.918	0.447
7494.000000	50	59	0.914	0.452
7500.000000	50	59	0.910	0.457
7506.000000	50	59	0.909	0.458
7512.000000	50	59	0.910	0.459
7518.000000	50	59	0.909	0.459
7524.000000	50	59	0.908	0.453
7530.000000	50	59	0.906	0.445
7536.000000	50	59	0.905	0.440
7542.000000	50	59	0.904	0.440
7548.000000	50	59	0.900	0.436
7554.000000	50	59	0.892	0.439
7560.000000	50	59	0.883	0.439
7566.000000	50	59	0.879	0.431
7572.000000	50	59	0.872	0.424
7578.000000	50	59	0.864	0.412
7584.000000	50	59	0.856	0.397
7590.000000	50	59	0.850	0.378
7596.000000	50	59	0.844	0.355
7602.000000	50	59	0.841	0.323
7608.000000	50	59	0.839	0.286
7614.000000	50	59	0.836	0.243
7620.000000	50	59	0.831	0.210
7626.000000	50	182	0.827	0.183
7632.000000	50	182	0.821	0.195
7638.000000	50	182	0.812	0.207
7644.000000	50	182	0.793	0.218
7650.000000	50	182	0.770	0.233
7656.000000	50	182	0.750	0.257
7662.000000	50	182	0.727	0.277
7668.000000	50	182	0.696	0.298
7674.000000	50	182	0.656	0.332
7680.000000	50	182	0.607	0.377
7686.000000	50	182	0.540	0.419
7692.000000	182	50	0.476	0.432
7698.000000	182	50	0.529	0.291
7704.000000	182	8	0.594	0.257
7710.000000	182	8	0.642	0.265
7716.000000	182	199	0.674	0.275
7722.000000	182	199	0.692	0.293
7728.000000	182	199	0.715	0.299
7734.000000	182	199	0.724	0.302
7740.000000	182	199	0.731	0.314
7746.000000	182	199	0.735	0.322
7752.000000	182	199	0.740	0.327
7758.000000	182	199	0.750	0.331
7764.000000	182	199	0.757	0.336
7770.000000	182	199	0.767	0.344
7776.000000	182	199	0.767	0.348
7782.000000	182	199	0.770	0.347
7788.000000	182	199	0.773	0.348
7794.000000	182	199	0.780	0.350
7800.000000	182	199	0.783	0.353
7806.000000	182	199	0.791	0.358
7812.000000	182	199	0.799	0.359
7818.000000	182	199	0.804	0.361
7824.000000	182	199	0.810	0.363
7830.000000	182	199	0.818	0.365
7836.000000	182	199	0.831	0.370
7842.000000	182	199	0.847	0.365
7848.000000	182	199	0.856	0.361
7854.000000	182	199	0.866	0.354
7860.000000	182	199	0.876	0.347
7866.000000	182	199	0.878	0.341
7872.000000	182	199	0.883	0.330
7878.000000	182	199	0.886	0.318
7884.000000	182	199	0.892	0.307
7890.000000	182	199	0.893	0.298
7896.000000	182	3	0.895	0.304
7902.000000	182	3	0.901	0.323
7908.000000	182	3	0.901	0.340
7914.000000	182	3	0.902	0.352
7920.000000	182	3	0.902	0.369
7926.000000	182	3	0.903	0.386
7932.000000	182	3	0.903	0.405
7938.000000	182	3	0.904	0.429
7944.000000	182	3	0.904	0.458
7950.000000	182	3	0.903	0.484
7956.000000	182	3	0.902	0.499
7962.000000	182	3	0.901	0.510
7968.000000	182	3	0.897	0.525
7974.000000	182	3	0.892	0.537
7980.000000	182	3	0.886	0.544
7986.000000	182	3	0.877	0.552
7992.000000	182	3	0.868	0.562
7998.000000	182	3	0.861	0.574
8004.000000	182	3	0.851	0.588
8010.000000	182	3	0.843	0.599
8016.000000	182	3	0.835	0.610
8022.000000	182	3	0.825	0.620
8028.000000	182	3	0.814	0.629
8034.000000	182	3	0.796	0.642
8040.000000	182	3	0.779	0.655
8046.000000	182	3	0.757	0.677
8052.000000	182	3	0.728	0.698
8058.000000	3	182	0.721	0.684
8064.000000	3	182	0.741	0.636
8070.000000	3	182	0.765	0.581
8076.000000	3	182	0.795	0.521
8082.000000	3	182	0.827	0.419
8088.000000	3	46	0.843	0.390
8094.000000	3	46	0.863	0.398
8100.000000	3	46	0.878	0.404
8106.000000	3	46	0.888	0.400
8112.000000	3	46	0.890	0.406
8118.000000	3	46	0.889	0.421
8124.000000	3	46	0.885	0.433
8130.000000	3	46	0.881	0.436
8136.000000	3	46	0.881	0.438
8142.000000	3	46	0.883	0.440
8148.000000	3	46	0.881	0.444
8154.000000	3	46	0.879	0.446
8160.000000	3	46	0.876	0.446
8166.000000	3	46	0.873	0.442
8172.000000	3	46	0.871	0.439
8178.000000	3	46	0.868	0.435
8184.000000	3	46	0.867	0.428
8190.000000	3	46	0.865	0.420
8196.000000	3	46	0.858	0.415
8202.000000	3	46	0.852	0.414
8208.000000	3	46	0.846	0.406
8214.000000	3	46	0.837	0.397
8220.000000	3	46	0.834	0.389
8226.000000	3	46	0.833	0.374
8232.000000	3	46	0.839	0.358
8238.000000	3	46	0.845	0.347
8244.000000	3	46	0.846	0.328
8250.000000	3	46	0.846	0.303
8256.000000	3	46	0.845	0.274
8262.000000	3	94	0.844	0.248
8268.000000	3	94	0.840	0.261
8274.000000	3	94	0.835	0.275
8280.000000	3	94	0.834	0.290
8286.000000	3	94	0.832	0.310
8292.000000	3	94	0.827	0.336
8298.000000	3	94	0.823	0.364
8304.000000	3	94	0.822	0.386
8310.000000	3	94	0.820	0.409
8316.000000	3	94	0.816	0.437
8322.000000	3	94	0.807	0.472
8328.000000	3	94	0.795	0.505
8334.000000	3	94	0.778	0.543
8340.000000	3	94	0.763	0.579
8346.000000	3	94	0.740	0.616
8352.000000	3	94	0.720	0.650
8358.000000	94	3	0.685	0.676
8364.000000	94	3	0.722	0.624
8370.000000	94	3	0.760	0.549
8376.000000	94	3	0.792	0.457
8382.000000	94	3	0.815	0.335
8388.000000	94	3	0.851	0.194
8394.000000	94	177	0.878	0.188
8400.000000	94	177	0.896	0.195
8406.000000	94	177	0.909	0.194
8412.000000	94	177	0.913	0.196
8418.000000	94	177	0.917	0.192
8424.000000	94	177	0.917	0.189
8430.000000	94	177	0.917	0.188
8436.000000	94	177	0.918	0.188
8442.000000	94	177	0.916	0.192
8448.000000	94	177	0.918	0.196
8454.000000	94	177	0.921	0.195
8460.000000	94	177	0.922	0.197
8466.000000	94	177	0.924	0.198
8472.000000	94	177	0.924	0.197
8478.000000	94	177	0.923	0.193
8484.000000	94	36	0.923	0.190
8490.000000	94	36	0.923	0.189
8496.000000	94	36	0.923	0.186
8502.000000	94	36	0.922	0.184
8508.000000	94	36	0.924	0.180
8514.000000	94	36	0.925	0.176
8520.000000	94	36	0.924	0.170
8526.000000	94	36	0.923	0.164
8532.000000	94	36	0.921	0.157
8538.000000	94	36	0.918	0.146
8544.000000	94	13	0.915	0.142
8550.000000	94	13	0.911	0.145
8556.000000	94	13	0.906	0.149
8562.000000	94	13	0.905	0.153
8568.000000	94	10	0.905	0.161
8574.000000	94	10	0.901	0.172
8580.000000	94	10	0.898	0.186
8586.000000	94	10	0.895	0.195
8592.000000	94	83	0.893	0.207
8598.000000	94	83	0.890	0.215
8604.000000	94	10	0.886	0.222
8610.000000	94	10	0.879	0.237
8616.000000	94	10	0.869	0.251
8622.000000	94	10	0.856	0.269
8628.000000	94	10	0.852	0.291
8634.000000	94	10	0.849	0.308
8640.000000	94	10	0.845	0.328
8646.000000	94	10	0.834	0.348
8652.000000	94	10	0.826	0.360
8658.000000	94	10	0.819	0.371
8664.000000	94	10	0.808	0.383
8670.000000	94	10	0.796	0.395
8676.000000	94	10	0.783	0.403
8682.000000	94	10	0.762	0.411
8688.000000	94	10	0.740	0.417
8694.000000	94	10	0.720	0.424
8700.000000	94	10	0.697	0.442
8706.000000	94	10	0.665	0.459
8712.000000	94	10	0.633	0.474
8718.000000	94	10	0.579	0.495
8724.000000	10	94	0.534	0.490
8730.000000	10	83	0.575	0.362
8736.000000	10	83	0.628	0.370
8742.000000	10	83	0.659	0.388
8748.000000	10	83	0.673	0.405
8754.000000	10	83	0.695	0.414
8760.000000	10	83	0.713	0.420
8766.000000	10	83	0.724	0.427
8772.000000	10	83	0.740	0.435
8778.000000	10	83	0.752	0.448
8784.000000	10	83	0.757	0.458
8790.000000	10	83	0.765	0.468
8796.000000	10	83	0.772	0.468
8802.000000	10	83	0.782	0.472
8808.000000	10	83	0.794	0.481
8814.000000	10	83	0.802	0.487
8820.000000	10	83	0.808	0.486
8826.000000	10	83	0.807	0.489
8832.000000	10	83	0.808	0.493
8838.000000	10	83	0.809	0.494
8844.000000	10	83	0.810	0.499
8850.000000	10	83	0.817	0.499
8856.000000	10	83	0.818	0.499
8862.000000	10	83	0.821	0.505
8868.000000	10	83	0.825	0.507
8874.000000	10	83	0.829	0.510
8880.000000	10	83	0.834	0.510
8886.000000	10	83	0.838	0.513
8892.000000	10	83	0.841	0.517
8898.000000	10	83	0.851	0.513
8904.000000	10	83	0.863	0.511
8910.000000	10	83	0.868	0.510
8916.000000	10	83	0.871	0.506
8922.000000	10	83	0.874	0.505
8928.000000	10	83	0.876	0.511
8934.000000	10	83	0.876	0.515
8940.000000	10	83	0.877	0.507
8946.000000	10	83	0.883	0.496
8952.000000	10	83	0.891	0.485
8958.000000	10	83	0.893	0.479
8964.000000	10	83	0.893	0.471
8970.000000	10	83	0.894	0.458
8976.000000	10	83	0.894	0.441
8982.000000	10	83	0.892	0.421
8988.000000	10	83	0.891	0.392
8994.000000	10	83	0.894	0.354
9000.000000	10	83	0.905	0.307
9006.000000	10	83	0.905	0.259
9012.000000	10	83	0.903	0.200
9018.000000	10	83	0.903	0.137
9024.000000	10	40	0.906	0.092
9030.000000	10	172	0.905	0.095
9036.000000	10	172	0.904	0.100
9042.000000	10	172	0.910	0.099
9048.000000	10	172	0.917	0.104
9054.000000	10	172	0.918	0.111
9060.000000	10	172	0.920	0.116
9066.000000	10	172	0.921	0.119
9072.000000	10	172	0.920	0.121
9078.000000	10	172	0.919	0.124
9084.000000	10	172	0.918	0.129
9090.000000	10	172	0.919	0.128
9096.000000	10	172	0.919	0.127
9102.000000	10	172	0.919	0.128
9108.000000	10	172	0.916	0.129
9114.000000	10	172	0.913	0.131
9120.000000	10	172	0.910	0.132
9126.000000	10	36	0.909	0.132
9132.000000	10	36	0.908	0.136
9138.000000	10	36	0.905	0.136
9144.000000	10	36	0.901	0.137
9150.000000	10	106	0.897	0.150
9156.000000	10	106	0.893	0.166
9162.000000	10	106	0.890	0.182
9168.000000	10	106	0.886	0.198
9174.000000	10	106	0.879	0.217
9180.000000	10	106	0.867	0.233
9186.000000	10	106	0.854	0.250
9192.000000	10	106	0.836	0.268
9198.000000	10	106	0.813	0.283
9204.000000	10	106	0.791	0.298
9210.000000	10	106	0.757	0.322
9216.000000	10	106	0.718	0.349
9222.000000	10	106	0.666	0.375
9228.000000	10	106	0.590	0.412
9234.000000	10	106	0.479	0.453
9240.000000	106	42	0.510	0.335
9246.000000	106	42	0.587	0.368
9252.000000	106	42	0.654	0.407
9258.000000	106	42	0.704	0.464
9264.000000	106	42	0.729	0.510
9270.000000	106	42	0.761	0.546
9276.000000	106	42	0.773	0.572
9282.000000	106	42	0.776	0.597
9288.000000	106	42	0.780	0.618
9294.000000	106	42	0.785	0.626
9300.000000	106	42	0.784	0.639
9306.000000	106	42	0.780	0.646
9312.000000	106	42	0.783	0.646
9318.000000	106	42	0.784	0.649
9324.000000	106	42	0.789	0.653
9330.000000	106	42	0.792	0.653
9336.000000	106	42	0.796	0.658
9342.000000	106	42	0.801	0.662
9348.000000	106	42	0.802	0.667
9354.000000	106	42	0.810	0.661
9360.000000	106	42	0.815	0.660
9366.000000	106	42	0.818	0.660
9372.000000	106	42	0.818	0.660
9378.000000	106	42	0.818	0.660
9384.000000	106	42	0.819	0.665
9390.000000	106	42	0.821	0.668
9396.000000	106	42	0.825	0.667
9402.000000	106	42	0.828	0.667
9408.000000	106	42	0.838	0.669
9414.000000	106	42	0.841	0.680
9420.000000	106	42	0.845	0.679
9426.000000	106	42	0.844	0.682
9432.000000	106	42	0.847	0.685
9438.000000	106	42	0.849	0.683
9444.000000	106	42	0.850	0.686
9450.000000	106	42	0.852	0.691
9456.000000	106	42	0.854	0.692
9462.000000	106	42	0.856	0.693
9468.000000	106	42	0.859	0.690
9474.000000	106	42	0.856	0.690
9480.000000	106	42	0.855	0.689
9486.000000	106	42	0.853	0.685
9492.000000	106	42	0.844	0.688
9498.000000	106	42	0.842	0.685
9504.000000	106	42	0.841	0.679
9510.000000	106	42	0.841	0.671
9516.000000	106	42	0.835	0.671
9522.000000	106	42	0.830	0.665
9528.000000	106	42	0.824	0.659
9534.000000	106	42	0.819	0.649
9540.000000	106	42	0.818	0.637
9546.000000	106	42	0.811	0.623
9552.000000	106	42	0.809	0.596
9558.000000	106	42	0.809	0.563
9564.000000	106	42	0.804	0.530
9570.000000	106	42	0.796	0.486
9576.000000	106	42	0.791	0.429
9582.000000	106	109	0.787	0.383
9588.000000	106	109	0.790	0.444
9594.000000	106	109	0.789	0.517
9600.000000	106	109	0.780	0.596
9606.000000	106	109	0.765	0.665
9612.000000	106	109	0.742	0.725
9618.000000	109	106	0.752	0.722
9624.000000	109	106	0.785	0.680
9630.000000	109	106	0.824	0.624
9636.000000	109	106	0.862	0.554
9642.000000	109	106	0.888	0.455
9648.000000	109	106	0.919	0.315
9654.000000	109	106	0.946	0.149
9660.000000	109	195	0.954	0.070
9666.000000	109	195	0.964	0.074
9672.000000	109	195	0.965	0.073
9678.000000	109	164	0.966	0.083
9684.000000	109	164	0.971	0.093
9690.000000	109	164	0.971	0.100
9696.000000	109	164	0.969	0.109
9702.000000	109	164	0.968	0.120
9708.000000	109	164	0.966	0.129
9714.000000	109	164	0.964	0.140
9720.000000	109	164	0.962	0.149
9726.000000	109	164	0.960	0.155
9732.000000	109	164	0.959	0.162
9738.000000	109	164	0.957	0.171
9744.000000	109	164	0.955	0.183
9750.000000	109	164	0.953	0.191
9756.000000	109	164	0.951	0.197
9762.000000	109	164	0.950	0.205
9768.000000	109	164	0.948	0.214
9774.000000	109	164	0.947	0.220
9780.000000	109	164	0.945	0.226
9786.000000	109	164	0.943	0.229
9792.000000	109	126	0.941	0.239
9798.000000	109	126	0.938	0.247
9804.000000	109	126	0.935	0.255
9810.000000	109	126	0.930	0.263
9816.000000	109	126	0.926	0.272
9822.000000	109	126	0.922	0.279
9828.000000	109	126	0.919	0.287
9834.000000	109	126	0.915	0.298
9840.000000	109	126	0.912	0.310
9846.000000	109	126	0.905	0.322
9852.000000	109	126	0.899	0.335
9858.000000	109	126	0.895	0.344
9864.000000	109	126	0.893	0.352
9870.000000	109	126	0.888	0.362
9876.000000	109	126	0.885	0.367
9882.000000	109	126	0.881	0.370
9888.000000	109	126	0.875	0.370
9894.000000	109	126	0.870	0.373
9900.000000	109	126	0.861	0.381
9906.000000	109	126	0.853	0.392
9912.000000	109	126	0.848	0.402
9918.000000	109	126	0.844	0.419
9924.000000	109	126	0.840	0.436
9930.000000	109	126	0.831	0.456
9936.000000	109	126	0.820	0.471
9942.000000	109	126	0.807	0.481
9948.000000	109	126	0.791	0.500
9954.000000	109	126	0.778	0.524
9960.000000	109	126	0.763	0.558
9966.000000	109	126	0.743	0.584
9972.000000	109	126	0.715	0.611
9978.000000	109	126	0.688	0.639
9984.000000	126	109	0.667	0.661
9990.000000	126	109	0.685	0.627
9996.000000	126	109	0.726	0.562
10002.000000	126	109	0.794	0.446
10008.000000	126	109	0.835	0.311
10014.000000	126	64	0.866	0.169
10020.000000	126	64	0.899	0.162
10026.000000	126	64	0.917	0.164
10032.000000	126	64	0.936	0.165
10038.000000	126	64	0.943	0.166
10044.000000	126	64	0.943	0.165
10050.000000	126	64	0.940	0.175
10056.000000	126	64	0.939	0.183
10062.000000	126	64	0.937	0.185
10068.000000	126	64	0.936	0.188
10074.000000	126	64	0.934	0.195
10080.000000	126	64	0.932	0.197
10086.000000	126	64	0.931	0.198
10092.000000	126	64	0.930	0.203
10098.000000	126	64	0.928	0.208
10104.000000	126	64	0.929	0.209
10110.000000	126	64	0.928	0.212
10116.000000	126	64	0.923	0.214
10122.000000	126	64	0.920	0.213
10128.000000	126	64	0.920	0.213
10134.000000	126	87	0.918	0.218
10140.000000	126	87	0.916	0.228
10146.000000	126	87	0.911	0.236
10152.000000	126	87	0.905	0.246
10158.000000	126	87	0.897	0.261
10164.000000	126	87	0.889	0.276
10170.000000	126	87	0.882	0.291
10176.000000	126	87	0.877	0.308
10182.000000	126	87	0.873	0.325
10188.000000	126	87	0.868	0.340
10194.000000	126	87	0.859	0.355
10200.000000	126	87	0.854	0.369
10206.000000	126	87	0.849	0.382
10212.000000	126	87	0.837	0.400
10218.000000	126	87	0.832	0.422
10224.000000	126	87	0.828	0.438
10230.000000	126	87	0.817	0.458
10236.000000	126	87	0.803	0.482
10242.000000	126	87	0.787	0.509
10248.000000	126	87	0.774	0.527
10254.000000	126	87	0.764	0.536
10260.000000	126	87	0.751	0.553
10266.000000	126	87	0.737	0.582
10272.000000	126	87	0.717	0.604
10278.000000	126	87	0.687	0.623
10284.000000	126	87	0.655	0.638
10290.000000	87	126	0.655	0.608
10296.000000	87	126	0.679	0.542
10302.000000	87	126	0.716	0.452
10308.000000	87	126	0.759	0.323
10314.000000	87	126	0.816	0.184
10320.000000	87	165	0.851	0.167
10326.000000	87	165	0.868	0.173
10332.000000	87	165	0.882	0.183
10338.000000	87	165	0.893	0.187
10344.000000	87	165	0.898	0.190
10350.000000	87	165	0.909	0.202
10356.000000	87	165	0.908	0.214
10362.000000	87	165	0.912	0.220
10368.000000	87	165	0.916	0.229
10374.000000	87	165	0.912	0.241
10380.000000	87	165	0.908	0.248
10386.000000	87	165	0.907	0.249
10392.000000	87	165	0.907	0.250
10398.000000	87	165	0.905	0.249
10404.000000	87	165	0.903	0.252
10410.000000	87	165	0.904	0.256
10416.000000	87	165	0.904	0.261
10422.000000	87	165	0.903	0.269
10428.000000	87	165	0.901	0.277
10434.000000	87	165	0.901	0.284
10440.000000	87	165	0.902	0.289
10446.000000	87	165	0.905	0.290
10452.000000	87	165	0.906	0.293
10458.000000	87	165	0.905	0.292
10464.000000	87	165	0.906	0.292
10470.000000	87	165	0.908	0.295
10476.000000	87	165	0.906	0.292
10482.000000	87	165	0.905	0.286
10488.000000	87	165	0.904	0.278
10494.000000	87	165	0.905	0.271
10500.000000	87	165	0.905	0.264
10506.000000	87	165	0.906	0.260
10512.000000	87	165	0.906	0.255
10518.000000	87	165	0.905	0.244
10524.000000	87	165	0.906	0.226
10530.000000	87	121	0.907	0.210
10536.000000	87	121	0.909	0.219
10542.000000	87	121	0.913	0.226
10548.000000	87	121	0.918	0.229
10554.000000	87	121	0.925	0.235
10560.000000	87	121	0.929	0.246
10566.000000	87	121	0.931	0.256
10572.000000	87	121	0.931	0.277
10578.000000	87	121	0.930	0.299
10584.000000	87	121	0.930	0.312
10590.000000	87	121	0.929	0.337
10596.000000	87	121	0.928	0.363
10602.000000	87	121	0.926	0.388
10608.000000	87	121	0.923	0.416
10614.000000	87	121	0.919	0.441
10620.000000	87	121	0.918	0.464
10626.000000	87	121	0.915	0.487
10632.000000	87	121	0.911	0.509
10638.000000	87	121	0.902	0.531
10644.000000	87	121	0.893	0.555
10650.000000	87	121	0.881	0.588
10656.000000	87	121	0.864	0.614
10662.000000	87	121	0.846	0.637
10668.000000	87	121	0.829	0.657
10674.000000	87	121	0.799	0.682
10680.000000	87	121	0.751	0.721
10686.000000	121	87	0.757	0.696
10692.000000	121	87	0.783	0.633
10698.000000	121	87	0.817	0.532
10704.000000	121	87	0.865	0.371
10710.000000	121	87	0.891	0.181
10716.000000	121	170	0.920	0.173
10722.000000	121	170	0.930	0.179
10728.000000	121	15	0.932	0.198
10734.000000	121	15	0.932	0.212
10740.000000	121	15	0.930	0.227
10746.000000	121	15	0.935	0.237
10752.000000	121	15	0.936	0.251
10758.000000	121	15	0.938	0.269
10764.000000	121	15	0.940	0.282
10770.000000	121	15	0.941	0.293
10776.000000	121	15	0.939	0.307
10782.000000	121	15	0.936	0.324
10788.000000	121	15	0.933	0.336
10794.000000	121	15	0.928	0.349
10800.000000	121	15	0.925	0.355
10806.000000	121	15	0.922	0.360
10812.000000	121	15	0.920	0.364
10818.000000	121	15	0.918	0.369
10824.000000	121	15	0.915	0.380
10830.000000	121	15	0.914	0.390
10836.000000	121	15	0.913	0.398
10842.000000	121	15	0.907	0.406
10848.000000	121	15	0.903	0.412
10854.000000	121	15	0.899	0.417
10860.000000	121	15	0.891	0.427
10866.000000	121	15	0.888	0.436
10872.000000	121	15	0.882	0.451
10878.000000	121	15	0.874	0.458
10884.000000	121	15	0.871	0.473
10890.000000	121	15	0.866	0.489
10896.000000	121	15	0.861	0.498
10902.000000	121	15	0.854	0.510
10908.000000	121	15	0.844	0.531
10914.000000	121	15	0.835	0.562
10920.000000	121	15	0.832	0.580
10926.000000	121	15	0.827	0.595
10932.000000	121	15	0.818	0.611
10938.000000	121	15	0.807	0.632
10944.000000	121	15	0.791	0.655
10950.000000	121	15	0.772	0.674
10956.000000	121	15	0.752	0.697
10962.000000	121	15	0.735	0.717
10968.000000	15	121	0.732	0.708
10974.000000	15	121	0.749	0.661
10980.000000	15	121	0.768	0.606
10986.000000	15	121	0.795	0.527
10992.000000	15	121	0.825	0.416
10998.000000	15	170	0.866	0.285
11004.000000	15	170	0.895	0.260
11010.000000	15	170	0.915	0.243
11016.000000	15	170	0.918	0.226
11022.000000	15	170	0.923	0.212
11028.000000	15	170	0.924	0.201
11034.000000	15	170	0.929	0.187
11040.000000	15	170	0.929	0.176
11046.000000	15	81	0.927	0.170
11052.000000	15	81	0.928	0.186
11058.000000	15	81	0.926	0.200
11064.000000	15	81	0.922	0.211
11070.000000	15	81	0.917	0.223
11076.000000	15	81	0.915	0.232
11082.000000	15	81	0.915	0.244
11088.000000	15	81	0.912	0.253
11094.000000	15	81	0.909	0.259
11100.000000	15	81	0.907	0.267
11106.000000	15	81	0.905	0.275
11112.000000	15	81	0.902	0.284
11118.000000	15	81	0.899	0.302
11124.000000	15	81	0.896	0.317
11130.000000	15	81	0.894	0.327
11136.000000	15	81	0.895	0.337
11142.000000	15	81	0.892	0.349
11148.000000	15	81	0.889	0.366
11154.000000	15	81	0.887	0.382
11160.000000	15	81	0.882	0.391
11166.000000	15	81	0.871	0.405
11172.000000	15	81	0.859	0.422
11178.000000	15	81	0.845	0.438
11184.000000	15	81	0.829	0.460
11190.000000	15	81	0.817	0.473
11196.000000	15	81	0.800	0.491
11202.000000	15	81	0.777	0.509
11208.000000	15	81	0.760	0.526
11214.000000	15	81	0.735	0.542
11220.000000	15	81	0.703	0.561
11226.000000	15	81	0.676	0.571
11232.000000	15	81	0.650	0.579
11238.000000	15	81	0.611	0.594
11244.000000	81	15	0.617	0.566
11250.000000	81	15	0.653	0.496
11256.000000	81	15	0.692	0.400
11262.000000	81	169	0.730	0.327
11268.000000	81	169	0.766	0.335
11274.000000	81	169	0.808	0.348
11280.000000	81	169	0.831	0.363
11286.000000	81	169	0.844	0.371
11292.000000	81	169	0.860	0.369
11298.000000	81	169	0.865	0.377
11304.000000	81	169	0.872	0.382
11310.000000	81	145	0.873	0.395
11316.000000	81	145	0.877	0.410
11322.000000	81	145	0.879	0.423
11328.000000	81	145	0.884	0.435
11334.000000	81	145	0.889	0.444
11340.000000	81	145	0.892	0.451
11346.000000	81	145	0.889	0.459
11352.000000	81	145	0.888	0.462
11358.000000	81	145	0.888	0.463
11364.000000	81	145	0.888	0.467
11370.000000	81	145	0.892	0.469
11376.000000	81	145	0.895	0.469
11382.000000	81	145	0.895	0.475
11388.000000	81	145	0.896	0.479
11394.000000	81	145	0.897	0.480
11400.000000	81	145	0.899	0.483
11406.000000	81	145	0.899	0.489
11412.000000	81	145	0.900	0.497
11418.000000	81	145	0.897	0.505
11424.000000	81	145	0.894	0.507
11430.000000	81	145	0.895	0.513
11436.000000	81	145	0.891	0.530
11442.000000	81	145	0.895	0.540
11448.000000	81	145	0.899	0.544
11454.000000	81	145	0.901	0.552
11460.000000	81	145	0.896	0.564
11466.000000	81	145	0.892	0.571
11472.000000	81	145	0.888	0.575
11478.000000	81	145	0.881	0.582
11484.000000	81	145	0.876	0.594
11490.000000	81	145	0.868	0.611
11496.000000	81	145	0.864	0.625
11502.000000	81	145	0.859	0.634
11508.000000	81	145	0.844	0.650
11514.000000	81	145	0.829	0.658
11520.000000	81	145	0.820	0.655
11526.000000	81	145	0.808	0.654
11532.000000	81	145	0.797	0.656
11538.000000	81	145	0.788	0.657
11544.000000	81	145	0.777	0.663
11550.000000	81	145	0.758	0.670
11556.000000	81	145	0.734	0.672
11562.000000	81	145	0.706	0.687
11568.000000	145	81	0.710	0.670
11574.000000	145	81	0.736	0.621
11580.000000	145	81	0.755	0.547
11586.000000	145	81	0.784	0.449
11592.000000	145	153	0.818	0.451
11598.000000	145	153	0.841	0.487
11604.000000	145	153	0.865	0.523
11610.000000	145	153	0.886	0.536
11616.000000	145	153	0.895	0.549
11622.000000	145	153	0.896	0.561
11628.000000	145	153	0.893	0.575
11634.000000	145	153	0.893	0.585
11640.000000	145	153	0.891	0.592
11646.000000	145	153	0.890	0.600
11652.000000	145	153	0.887	0.609
11658.000000	145	153	0.887	0.615
11664.000000	145	153	0.885	0.622
11670.000000	145	153	0.882	0.626
11676.000000	145	153	0.881	0.630
11682.000000	145	153	0.878	0.635
11688.000000	145	153	0.869	0.650
11694.000000	145	153	0.864	0.661
11700.000000	145	153	0.860	0.668
11706.000000	145	153	0.853	0.678
11712.000000	145	153	0.848	0.682
11718.000000	145	153	0.845	0.686
11724.000000	145	153	0.842	0.689
11730.000000	145	153	0.833	0.694
11736.000000	145	153	0.822	0.698
11742.000000	145	153	0.816	0.695
11748.000000	145	153	0.808	0.696
11754.000000	145	153	0.799	0.695
11760.000000	145	153	0.787	0.699
11766.000000	145	153	0.772	0.704
11772.000000	145	153	0.756	0.712
11778.000000	145	153	0.741	0.722
11784.000000	153	145	0.729	0.725
11790.000000	153	145	0.740	0.698
11796.000000	153	145	0.745	0.663
11802.000000	153	145	0.749	0.620
11808.000000	153	145	0.758	0.576
11814.000000	153	145	0.779	0.518
11820.000000	153	145	0.812	0.435
11826.000000	153	145	0.837	0.325
11832.000000	153	80	0.865	0.213
11838.000000	153	80	0.886	0.228
11844.000000	153	80	0.890	0.245
11850.000000	153	80	0.895	0.259
11856.000000	153	80	0.901	0.278
11862.000000	153	80	0.906	0.302
11868.000000	153	80	0.913	0.321
11874.000000	153	80	0.913	0.348
11880.000000	153	80	0.914	0.379
11886.000000	153	80	0.914	0.416
11892.000000	153	80	0.912	0.447
11898.000000	153	80	0.909	0.468
11904.000000	153	80	0.906	0.493
11910.000000	153	80	0.903	0.519
11916.000000	153	80	0.899	0.538
11922.000000	153	80	0.887	0.558
11928.000000	153	80	0.880	0.576
11934.000000	153	80	0.872	0.599
11940.000000	153	80	0.866	0.623
11946.000000	153	80	0.859	0.640
11952.000000	153	80	0.851	0.660
11958.000000	153	80	0.841	0.674
11964.000000	153	80	0.829	0.689
11970.000000	153	80	0.813	0.700
11976.000000	153	80	0.798	0.719
11982.000000	153	80	0.783	0.733
11988.000000	153	80	0.756	0.750
11994.000000	80	153	0.767	0.729
12000.000000	80	153	0.786	0.707
12006.000000	80	153	0.806	0.674
12012.000000	80	153	0.830	0.630
12018.000000	80	153	0.844	0.594
12024.000000	80	153	0.856	0.549
12030.000000	80	153	0.870	0.488
12036.000000	80	153	0.880	0.394
12042.000000	80	153	0.900	0.276
12048.000000	80	153	0.928	0.146
12054.000000	80	160	0.946	0.122
12060.000000	80	160	0.955	0.121
12066.000000	80	160	0.956	0.120
12072.000000	80	160	0.956	0.123
12078.000000	80	149	0.958	0.132
12084.000000	80	149	0.958	0.146
12090.000000	80	149	0.957	0.156
12096.000000	80	149	0.956	0.165
12102.000000	80	149	0.953	0.174
12108.000000	80	149	0.952	0.178
12114.000000	80	149	0.951	0.178
12120.000000	80	149	0.951	0.182
12126.000000	80	149	0.951	0.188
12132.000000	80	149	0.951	0.194
12138.000000	80	149	0.953	0.196
12144.000000	80	149	0.956	0.204
12150.000000	80	149	0.956	0.216
12156.000000	80	149	0.955	0.219
12162.000000	80	149	0.955	0.221
12168.000000	80	149	0.953	0.228
12174.000000	80	149	0.952	0.238
12180.000000	80	149	0.950	0.252
12186.000000	80	149	0.949	0.265
12192.000000	80	149	0.947	0.289
12198.000000	80	149	0.946	0.313
12204.000000	80	149	0.945	0.328
12210.000000	80	149	0.944	0.345
12216.000000	80	149	0.942	0.364
12222.000000	80	149	0.941	0.386
12228.000000	80	149	0.935	0.416
12234.000000	80	149	0.931	0.445
12240.000000	80	149	0.926	0.479
12246.000000	80	149	0.916	0.514
12252.000000	80	149	0.910	0.551
12258.000000	80	149	0.900	0.588
12264.000000	80	149	0.892	0.610
12270.000000	80	149	0.887	0.637
12276.000000	80	149	0.881	0.656
12282.000000	80	149	0.873	0.671
12288.000000	80	149	0.859	0.689
12294.000000	80	149	0.844	0.709
12300.000000	80	149	0.823	0.733
12306.000000	80	149	0.802	0.760
12312.000000	149	80	0.789	0.759
12318.000000	149	80	0.821	0.694
12324.000000	149	80	0.843	0.632
12330.000000	149	80	0.887	0.540
12336.000000	149	80	0.905	0.410
12342.000000	149	28	0.917	0.434
12348.000000	149	28	0.929	0.477
12354.000000	149	28	0.933	0.513
12360.000000	149	28	0.932	0.555
12366.000000	149	28	0.933	0.585
12372.000000	149	28	0.932	0.609
12378.000000	149	28	0.927	0.626
12384.000000	149	28	0.919	0.639
12390.000000	149	28	0.917	0.639
12396.000000	149	28	0.915	0.637
12402.000000	149	28	0.913	0.635
12408.000000	149	28	0.911	0.634
12414.000000	149	28	0.908	0.635
12420.000000	149	28	0.905	0.640
12426.000000	149	28	0.901	0.639
12432.000000	149	28	0.897	0.639
12438.000000	149	28	0.893	0.639
12444.000000	149	28	0.892	0.637
12450.000000	149	28	0.893	0.633
12456.000000	149	28	0.890	0.637
12462.000000	149	28	0.888	0.641
12468.000000	149	28	0.885	0.640
12474.000000	149	28	0.883	0.637
12480.000000	149	28	0.880	0.637
12486.000000	149	28	0.873	0.642
12492.000000	149	28	0.870	0.645
12498.000000	149	28	0.865	0.646
12504.000000	149	28	0.860	0.643
12510.000000	149	28	0.853	0.643
12516.000000	149	28	0.850	0.640
12522.000000	149	28	0.846	0.641
12528.000000	149	28	0.837	0.643
12534.000000	149	28	0.822	0.645
12540.000000	149	28	0.809	0.646
12546.000000	149	28	0.795	0.645
12552.000000	149	28	0.776	0.644
12558.000000	149	28	0.756	0.642
12564.000000	149	28	0.729	0.644
12570.000000	149	28	0.693	0.649
12576.000000	28	149	0.654	0.645
12582.000000	28	149	0.649	0.588
12588.000000	28	15	0.651	0.528
12594.000000	28	15	0.660	0.565
12600.000000	28	15	0.679	0.606
12606.000000	28	15	0.700	0.652
12612.000000	28	15	0.710	0.674
12618.000000	28	15	0.710	0.689
12624.000000	28	15	0.706	0.694
12630.000000	15	28	0.706	0.694
12636.000000	15	28	0.713	0.686
12642.000000	15	28	0.724	0.677
12648.000000	15	28	0.730	0.669
12654.000000	15	28	0.728	0.660
12660.000000	15	28	0.727	0.650
12666.000000	15	28	0.728	0.638
12672.000000	15	28	0.732	0.618
12678.000000	15	28	0.737	0.591
12684.000000	15	28	0.747	0.566
12690.000000	15	28	0.756	0.541
12696.000000	15	28	0.766	0.510
12702.000000	15	28	0.777	0.464
12708.000000	15	28	0.787	0.405
12714.000000	15	28	0.812	0.337
12720.000000	15	28	0.847	0.259
12726.000000	15	28	0.869	0.179
12732.000000	15	28	0.882	0.101
12738.000000	15	85	0.891	0.098
12744.000000	15	85	0.902	0.104
12750.000000	15	85	0.908	0.109
12756.000000	15	85	0.913	0.112
12762.000000	15	85	0.921	0.112
12768.000000	15	85	0.926	0.114
12774.000000	15	85	0.926	0.117
12780.000000	15	85	0.928	0.122
12786.000000	15	85	0.931	0.131
12792.000000	15	85	0.934	0.136
12798.000000	15	85	0.936	0.142
12804.000000	15	85	0.936	0.152
12810.000000	15	85	0.935	0.165
12816.000000	15	85	0.934	0.175
12822.000000	15	85	0.936	0.186
12828.000000	15	85	0.936	0.201
12834.000000	15	85	0.936	0.221
12840.000000	15	85	0.938	0.245
12846.000000	15	85	0.938	0.271
12852.000000	15	85	0.935	0.298
12858.000000	15	85	0.935	0.337
12864.000000	15	85	0.934	0.375
12870.000000	15	85	0.932	0.407
12876.000000	15	85	0.927	0.439
12882.000000	15	85	0.925	0.471
12888.000000	15	85	0.923	0.508
12894.000000	15	85	0.918	0.531
12900.000000	15	85	0.912	0.548
12906.000000	15	85	0.897	0.585
12912.000000	15	85	0.876	0.627
12918.000000	15	85	0.856	0.653
12924.000000	15	85	0.835	0.685
12930.000000	15	85	0.818	0.708
12936.000000	15	85	0.790	0.740
12942.000000	85	15	0.783	0.752
12948.000000	85	15	0.811	0.715
12954.000000	85	15	0.847	0.661
12960.000000	85	15	0.882	0.582
12966.000000	85	15	0.897	0.507
12972.000000	85	15	0.921	0.404
12978.000000	85	15	0.942	0.266
12984.000000	85	15	0.957	0.133
12990.000000	85	117	0.969	0.071
12996.000000	85	117	0.971	0.075
13002.000000	85	117	0.973	0.078
13008.000000	85	117	0.971	0.084
13014.000000	85	117	0.969	0.089
13020.000000	85	117	0.969	0.096
13026.000000	85	117	0.969	0.100
13032.000000	85	117	0.971	0.104
13038.000000	85	117	0.971	0.104
13044.000000	85	117	0.970	0.102
13050.000000	85	117	0.969	0.099
13056.000000	85	117	0.968	0.098
13062.000000	85	164	0.966	0.101
13068.000000	85	164	0.965	0.103
13074.000000	85	164	0.964	0.106
13080.000000	85	164	0.963	0.107
13086.000000	85	110	0.960	0.110
13092.000000	85	110	0.958	0.116
13098.000000	85	110	0.956	0.121
13104.000000	85	110	0.954	0.127
13110.000000	85	110	0.953	0.130
13116.000000	85	110	0.953	0.131
13122.000000	85	110	0.952	0.137
13128.000000	85	110	0.952	0.143
13134.000000	85	110	0.951	0.152
13140.000000	85	110	0.950	0.161
13146.000000	85	110	0.950	0.165
13152.000000	85	110	0.950	0.168
13158.000000	85	110	0.950	0.167
13164.000000	85	110	0.950	0.169
13170.000000	85	110	0.951	0.170
13176.000000	85	110	0.953	0.172
13182.000000	85	110	0.953	0.174
13188.000000	85	110	0.953	0.178
13194.000000	85	110	0.953	0.182
13200.000000	85	110	0.952	0.183
13206.000000	85	110	0.952	0.182
13212.000000	85	110	0.951	0.184
13218.000000	85	110	0.950	0.187
13224.000000	85	110	0.948	0.190
13230.000000	85	110	0.946	0.194
13236.000000	85	110	0.944	0.198
13242.000000	85	110	0.942	0.203
13248.000000	85	110	0.941	0.206
13254.000000	85	110	0.940	0.210
13260.000000	85	110	0.937	0.220
13266.000000	85	110	0.933	0.231
13272.000000	85	110	0.928	0.235
13278.000000	85	110	0.920	0.237
13284.000000	85	110	0.912	0.242
13290.000000	85	110	0.902	0.247
13296.000000	85	110	0.893	0.259
13302.000000	85	110	0.888	0.269
13308.000000	85	110	0.882	0.286
13314.000000	85	110	0.871	0.310
13320.000000	85	110	0.860	0.335
13326.000000	85	110	0.844	0.363
13332.000000	85	110	0.826	0.391
13338.000000	85	110	0.804	0.420
13344.000000	85	110	0.783	0.448
13350.000000	85	110	0.758	0.487
13356.000000	85	110	0.712	0.534
13362.000000	85	110	0.639	0.590
13368.000000	110	85	0.660	0.532
13374.000000	110	85	0.748	0.363
13380.000000	110	85	0.838	0.144
13386.000000	110	113	0.908	0.094
13392.000000	110	113	0.927	0.081
13398.000000	110	114	0.937	0.076
13404.000000	110	114	0.944	0.080
13410.000000	110	114	0.950	0.084
13416.000000	110	114	0.958	0.087
13422.000000	110	114	0.957	0.091
13428.000000	110	114	0.960	0.091
13434.000000	110	114	0.960	0.095
13440.000000	110	114	0.960	0.096
13446.000000	110	114	0.960	0.098
13452.000000	110	114	0.963	0.101
13458.000000	110	114	0.964	0.103
13464.000000	110	114	0.963	0.107
13470.000000	110	114	0.962	0.114
13476.000000	110	114	0.961	0.121
13482.000000	110	114	0.961	0.127
13488.000000	110	114	0.961	0.132
13494.000000	110	114	0.961	0.139
13500.000000	110	114	0.960	0.144
13506.000000	110	114	0.959	0.148
13512.000000	110	114	0.958	0.150
13518.000000	110	114	0.956	0.154
13524.000000	110	114	0.954	0.157
13530.000000	110	114	0.953	0.160
13536.000000	110	155	0.952	0.169
13542.000000	110	155	0.950	0.180
13548.000000	110	37	0.948	0.187
13554.000000	110	37	0.946	0.201
13560.000000	110	37	0.944	0.212
13566.000000	110	37	0.941	0.221
13572.000000	110	37	0.938	0.231
13578.000000	110	37	0.936	0.243
13584.000000	110	37	0.934	0.259
13590.000000	110	37	0.931	0.279
13596.000000	110	37	0.926	0.292
13602.000000	110	37	0.924	0.301
13608.000000	110	37	0.921	0.311
13614.000000	110	37	0.915	0.321
13620.000000	110	37	0.912	0.341
13626.000000	110	37	0.909	0.356
13632.000000	110	37	0.906	0.368
13638.000000	110	37	0.903	0.375
13644.000000	110	37	0.900	0.382
13650.000000	110	37	0.897	0.393
13656.000000	110	37	0.892	0.407
13662.000000	110	37	0.884	0.433
13668.000000	110	37	0.881	0.459
13674.000000	110	37	0.878	0.486
13680.000000	110	37	0.876	0.511
13686.000000	110	37	0.872	0.537
13692.000000	110	37	0.866	0.556
13698.000000	110	37	0.861	0.575
13704.000000	110	37	0.853	0.595
13710.000000	110	37	0.843	0.607
13716.000000	110	37	0.834	0.615
13722.000000	110	37	0.819	0.631
13728.000000	110	37	0.801	0.653
13734.000000	110	37	0.779	0.681
13740.000000	110	37	0.750	0.706
13746.000000	37	110	0.728	0.715
13752.000000	37	110	0.764	0.669
13758.000000	37	110	0.795	0.612
13764.000000	37	110	0.817	0.539
13770.000000	37	110	0.852	0.395
13776.000000	37	197	0.903	0.343
13782.000000	37	197	0.936	0.346
13788.000000	37	197	0.949	0.358
13794.000000	37	197	0.955	0.380
13800.000000	37	197	0.956	0.406
13806.000000	37	197	0.956	0.429
13812.000000	37	197	0.956	0.452
13818.000000	37	197	0.955	0.468
13824.000000	37	197	0.953	0.481
13830.000000	37	197	0.951	0.493
13836.000000	37	197	0.949	0.512
13842.000000	37	197	0.947	0.524
13848.000000	37	197	0.945	0.529
13854.000000	37	197	0.943	0.532
13860.000000	37	197	0.941	0.532
13866.000000	37	197	0.939	0.534
13872.000000	37	197	0.938	0.535
13878.000000	37	197	0.936	0.539
13884.000000	37	197	0.934	0.543
13890.000000	37	197	0.928	0.543
13896.000000	37	197	0.924	0.542
13902.000000	37	197	0.921	0.540
13908.000000	37	197	0.919	0.539
13914.000000	37	197	0.916	0.538
13920.000000	37	197	0.911	0.534
13926.000000	37	197	0.905	0.530
13932.000000	37	197	0.898	0.528
13938.000000	37	197	0.889	0.528
13944.000000	37	197	0.882	0.523
13950.000000	37	197	0.875	0.520
13956.000000	37	197	0.864	0.511
13962.000000	37	197	0.855	0.499
13968.000000	37	197	0.851	0.487
13974.000000	37	197	0.849	0.478
13980.000000	37	197	0.846	0.468
13986.000000	37	197	0.842	0.455
13992.000000	37	197	0.836	0.432
13998.000000	37	197	0.831	0.401
14004.000000	37	197	0.825	0.369
14010.000000	37	197	0.817	0.334
14016.000000	37	197	0.807	0.284
14022.000000	37	197	0.798	0.221
14028.000000	37	83	0.787	0.226
14034.000000	37	83	0.777	0.240
14040.000000	37	83	0.761	0.255
14046.000000	37	83	0.737	0.274
14052.000000	37	83	0.706	0.288
14058.000000	37	83	0.665	0.301
14064.000000	37	83	0.625	0.319
14070.000000	37	83	0.574	0.350
14076.000000	37	83	0.503	0.388
14082.000000	83	37	0.437	0.409
14088.000000	83	37	0.500	0.272
14094.000000	83	63	0.573	0.257
14100.000000	83	63	0.629	0.270
14106.000000	83	63	0.666	0.301
14112.000000	83	63	0.701	0.334
14118.000000	83	63	0.726	0.367
14124.000000	83	63	0.749	0.388
14130.000000	83	63	0.766	0.414
14136.000000	83	63	0.782	0.449
14142.000000	83	63	0.790	0.481
14148.000000	83	63	0.798	0.516
14154.000000	83	63	0.815	0.533
14160.000000	83	63	0.824	0.548
14166.000000	83	63	0.831	0.559
14172.000000	83	63	0.835	0.575
14178.000000	83	63	0.847	0.587
14184.000000	83	63	0.854	0.595
14190.000000	83	63	0.865	0.601
14196.000000	83	63	0.868	0.610
14202.000000	83	63	0.872	0.625
14208.000000	83	63	0.875	0.638
14214.000000	83	63	0.876	0.649
14220.000000	83	63	0.879	0.652
14226.000000	83	63	0.879	0.655
14232.000000	83	63	0.879	0.658
14238.000000	83	63	0.877	0.670
14244.000000	83	63	0.874	0.681
14250.000000	83	63	0.874	0.690
14256.000000	83	63	0.877	0.700
14262.000000	83	63	0.878	0.711
14268.000000	83	63	0.878	0.718
14274.000000	83	63	0.881	0.721
14280.000000	83	63	0.881	0.728
14286.000000	83	63	0.877	0.735
14292.000000	83	63	0.866	0.756
14298.000000	83	63	0.861	0.767
14304.000000	83	63	0.861	0.770
14310.000000	83	63	0.859	0.772
14316.000000	83	63	0.858	0.775
14322.000000	83	63	0.858	0.781
14328.000000	83	63	0.857	0.781
14334.000000	83	63	0.855	0.781
14340.000000	83	63	0.853	0.780
14346.000000	83	63	0.848	0.782
14352.000000	83	63	0.839	0.789
14358.000000	83	63	0.831	0.794
14364.000000	83	63	0.822	0.795
14370.000000	83	63	0.814	0.797
14376.000000	83	63	0.809	0.796
14382.000000	83	63	0.806	0.792
14388.000000	83	63	0.802	0.791
14394.000000	83	63	0.797	0.788
14400.000000	63	83	0.789	0.788
14406.000000	63	83	0.789	0.776
14412.000000	63	83	0.792	0.762
14418.000000	63	83	0.799	0.744
14424.000000	63	83	0.803	0.725
14430.000000	63	83	0.809	0.704
14436.000000	63	83	0.817	0.675
14442.000000	63	83	0.836	0.622
14448.000000	63	83	0.855	0.562
14454.000000	63	83	0.871	0.485
14460.000000	63	83	0.889	0.359
14466.000000	63	83	0.910	0.196
14472.000000	63	89	0.918	0.118
14478.000000	63	89	0.929	0.104
14484.000000	63	89	0.935	0.095
14490.000000	63	89	0.942	0.091
14496.000000	63	89	0.949	0.085
14502.000000	63	89	0.954	0.080
14508.000000	63	89	0.957	0.077
14514.000000	63	89	0.961	0.074
14520.000000	63	89	0.961	0.073
14526.000000	63	89	0.962	0.073
14532.000000	63	89	0.963	0.073
14538.000000	63	89	0.967	0.073
14544.000000	63	89	0.971	0.072
14550.000000	63	89	0.971	0.072
14556.000000	63	89	0.971	0.072
14562.000000	63	89	0.970	0.071
14568.000000	63	57	0.970	0.070
14574.000000	63	57	0.970	0.073
14580.000000	63	57	0.970	0.075
14586.000000	63	57	0.970	0.077
14592.000000	63	57	0.970	0.081
14598.000000	63	57	0.971	0.082
14604.000000	63	57	0.972	0.082
14610.000000	63	57	0.972	0.082
14616.000000	63	57	0.970	0.083
14622.000000	63	57	0.969	0.082
14628.000000	63	57	0.971	0.080
14634.000000	63	57	0.973	0.078
14640.000000	63	57	0.973	0.076
14646.000000	63	57	0.973	0.075
14652.000000	63	57	0.973	0.072
14658.000000	63	57	0.973	0.070
14664.000000	63	57	0.974	0.069
14670.000000	63	57	0.974	0.068
14676.000000	63	57	0.974	0.067
14682.000000	63	57	0.974	0.063
14688.000000	63	75	0.974	0.062
14694.000000	63	75	0.972	0.064
14700.000000	63	75	0.969	0.065
14706.000000	63	75	0.968	0.066
14712.000000	63	75	0.968	0.067
14718.000000	63	75	0.968	0.067
14724.000000	63	75	0.968	0.066
14730.000000	63	75	0.968	0.063
14736.000000	63	75	0.967	0.059
14742.000000	63	75	0.966	0.055
14748.000000	63	75	0.966	0.053
14754.000000	63	75	0.966	0.052
14760.000000	63	75	0.966	0.052
14766.000000	63	75	0.967	0.047
14772.000000	63	75	0.967	0.043
14778.000000	63	75	0.967	0.040
14784.000000	63	186	0.967	0.039
14790.000000	63	186	0.966	0.037
14796.000000	63	186	0.966	0.037
14802.000000	63	186	0.965	0.037
14808.000000	63	186	0.965	0.036
14814.000000	63	186	0.965	0.035
14820.000000	63	186	0.965	0.035
14826.000000	63	186	0.965	0.036
14832.000000	63	186	0.965	0.038
14838.000000	63	186	0.966	0.038
14844.000000	63	89	0.967	0.038
14850.000000	63	89	0.969	0.042
14856.000000	63	89	0.971	0.043
14862.000000	63	89	0.972	0.043
14868.000000	63	89	0.972	0.043
14874.000000	63	89	0.972	0.043
14880.000000	63	89	0.972	0.044
14886.000000	63	89	0.971	0.044
14892.000000	63	89	0.970	0.044
14898.000000	63	89	0.970	0.044
14904.000000	63	89	0.971	0.044
14910.000000	63	89	0.972	0.044
14916.000000	63	89	0.972	0.044
14922.000000	63	89	0.972	0.044
14928.000000	63	89	0.973	0.044
14934.000000	63	89	0.975	0.044
14940.000000	63	89	0.978	0.044
14946.000000	63	89	0.979	0.044
14952.000000	63	89	0.980	0.043
14958.000000	63	89	0.980	0.043
14964.000000	63	89	0.980	0.043
14970.000000	63	89	0.980	0.042
14976.000000	63	89	0.980	0.041
14982.000000	63	89	0.980	0.040
14988.000000	63	89	0.980	0.040
14994.000000	63	89	0.980	0.039
15000.000000	63	89	0.980	0.039
15006.000000	63	89	0.980	0.039
15012.000000	63	89	0.980	0.039
15018.000000	63	89	0.980	0.037
15024.000000	63	89	0.980	0.036
15030.000000	63	89	0.980	0.036
15036.000000	63	89	0.980	0.036
15042.000000	63	89	0.980	0.036
15048.000000	63	89	0.980	0.036
15054.000000	63	89	0.982	0.036
15060.000000	63	89	0.982	0.036
15066.000000	63	89	0.982	0.036
15072.000000	63	89	0.981	0.036
15078.000000	63	89	0.979	0.036
15084.000000	63	89	0.978	0.036
15090.000000	63	89	0.978	0.036
15096.000000	63	89	0.977	0.037
15102.000000	63	89	0.976	0.037
15108.000000	63	89	0.974	0.037
15114.000000	63	89	0.973	0.037
15120.000000	63	89	0.973	0.037
15126.000000	63	89	0.971	0.037
15132.000000	63	89	0.969	0.037
15138.000000	63	89	0.969	0.037
15144.000000	63	89	0.967	0.037
15150.000000	63	89	0.966	0.037
15156.000000	63	89	0.965	0.037
15162.000000	63	89	0.963	0.037
15168.000000	63	89	0.962	0.037
15174.000000	63	89	0.961	0.037
15180.000000	63	89	0.961	0.037
15186.000000	63	89	0.961	0.037
15192.000000	63	89	0.960	0.037
15198.000000	63	89	0.960	0.037
15204.000000	63	89	0.960	0.037
15210.000000	63	89	0.960	0.037
15216.000000	63	89	0.960	0.037
15222.000000	63	89	0.961	0.037
15228.000000	63	89	0.961	0.037
15234.000000	63	89	0.963	0.037
15240.000000	63	89	0.963	0.037
15246.000000	63	89	0.964	0.037
15252.000000	63	89	0.963	0.037
15258.000000	63	89	0.964	0.037
15264.000000	63	89	0.965	0.037
15270.000000	63	89	0.965	0.037
15276.000000	63	89	0.965	0.037
15282.000000	63	89	0.965	0.037
15288.000000	63	89	0.964	0.037
15294.000000	63	89	0.965	0.037
15300.000000	63	89	0.968	0.037
15306.000000	63	89	0.971	0.037
15312.000000	63	89	0.973	0.037
15318.000000	63	89	0.973	0.037
15324.000000	63	89	0.973	0.037
15330.000000	63	89	0.973	0.037
15336.000000	63	89	0.973	0.037
15342.000000	63	89	0.973	0.038
15348.000000	63	89	0.973	0.039
15354.000000	63	89	0.973	0.040
15360.000000	63	89	0.973	0.041
15366.000000	63	89	0.973	0.041
15372.000000	63	89	0.974	0.041
15378.000000	63	89	0.974	0.041
15384.000000	63	89	0.975	0.041
15390.000000	63	89	0.976	0.041
15396.000000	63	89	0.977	0.041
15402.000000	63	89	0.978	0.041
15408.000000	63	89	0.978	0.041
15414.000000	63	89	0.979	0.041
15420.000000	63	89	0.981	0.041
15426.000000	63	89	0.981	0.041
15432.000000	63	89	0.981	0.041
15438.000000	63	89	0.981	0.042
15444.000000	63	89	0.981	0.043
15450.000000	63	89	0.981	0.044
15456.000000	63	89	0.981	0.045
15462.000000	63	89	0.981	0.045
15468.000000	63	89	0.981	0.046
15474.000000	63	89	0.980	0.046
15480.000000	63	89	0.980	0.046
15486.000000	63	89	0.980	0.046
15492.000000	63	89	0.979	0.046
15498.000000	63	89	0.978	0.046
15504.000000	63	89	0.977	0.046
15510.000000	63	89	0.976	0.046
15516.000000	63	89	0.975	0.045
15522.000000	63	89	0.975	0.044
15528.000000	63	62	0.975	0.043
15534.000000	63	62	0.974	0.043
15540.000000	63	62	0.973	0.043
15546.000000	63	62	0.972	0.043
15552.000000	63	62	0.970	0.043
15558.000000	63	62	0.970	0.044
15564.000000	63	62	0.969	0.044
15570.000000	63	62	0.968	0.044
15576.000000	63	62	0.966	0.044
15582.000000	63	62	0.965	0.044
15588.000000	63	62	0.964	0.044
15594.000000	63	62	0.962	0.044
15600.000000	63	62	0.960	0.044
15606.000000	63	62	0.958	0.044
15612.000000	63	62	0.957	0.044
15618.000000	63	62	0.957	0.044
15624.000000	63	62	0.957	0.044
15630.000000	63	62	0.956	0.044
15636.000000	63	62	0.956	0.044
15642.000000	63	62	0.956	0.044
15648.000000	63	62	0.955	0.044
15654.000000	63	62	0.954	0.044
15660.000000	63	62	0.953	0.044
15666.000000	63	62	0.952	0.045
15672.000000	63	62	0.952	0.046
15678.000000	63	62	0.952	0.045
15684.000000	63	62	0.952	0.044
15690.000000	63	62	0.953	0.041
15696.000000	63	62	0.953	0.039
15702.000000	63	62	0.956	0.039
15708.000000	63	62	0.957	0.039
15714.000000	63	62	0.959	0.039
15720.000000	63	62	0.960	0.039
15726.000000	63	62	0.959	0.039
15732.000000	63	62	0.959	0.039
15738.000000	63	62	0.959	0.039
15744.000000	63	62	0.960	0.039
15750.000000	63	62	0.962	0.038
15756.000000	63	62	0.963	0.038
15762.000000	63	62	0.965	0.038
15768.000000	63	62	0.964	0.037
15774.000000	63	89	0.964	0.036
15780.000000	63	89	0.964	0.036
15786.000000	63	89	0.966	0.037
15792.000000	63	89	0.967	0.037
15798.000000	63	89	0.966	0.038
15804.000000	63	89	0.966	0.039
15810.000000	63	89	0.965	0.041
15816.000000	63	89	0.963	0.043
15822.000000	63	89	0.961	0.046
15828.000000	63	89	0.958	0.047
15834.000000	63	89	0.955	0.048
15840.000000	63	89	0.953	0.050
15846.000000	63	89	0.952	0.052
15852.000000	63	89	0.950	0.053
15858.000000	63	89	0.947	0.055
15864.000000	63	89	0.944	0.057
15870.000000	63	89	0.942	0.058
15876.000000	63	89	0.939	0.060
15882.000000	63	89	0.937	0.062
15888.000000	63	89	0.934	0.064
15894.000000	63	89	0.930	0.067
15900.000000	63	89	0.927	0.069
15906.000000	63	89	0.926	0.071
15912.000000	63	89	0.925	0.072
15918.000000	63	89	0.925	0.075
15924.000000	63	89	0.922	0.079
15930.000000	63	89	0.918	0.081
15936.000000	63	89	0.914	0.085
15942.000000	63	89	0.909	0.086
15948.000000	63	89	0.901	0.086
15954.000000	63	89	0.896	0.086
15960.000000	63	89	0.891	0.089
15966.000000	63	89	0.881	0.092
15972.000000	63	89	0.875	0.094
15978.000000	63	89	0.868	0.095
15984.000000	63	89	0.858	0.097
15990.000000	63	89	0.846	0.098
15996.000000	63	89	0.827	0.100
16002.000000	63	89	0.800	0.101
16008.000000	63	89	0.771	0.101
16014.000000	63	89	0.735	0.101
16020.000000	63	89	0.679	0.101
16026.000000	63	89	0.585	0.101
16032.000000	63	89	0.415	0.100
16038.000000	63	89	0.120	0.087
16044.000000	89	57	0.075	0.038
16050.000000	89	57	0.074	0.036
16056.000000	89	57	0.070	0.035
16062.000000	89	57	0.067	0.035
16068.000000	89	57	0.061	0.034
16074.000000	89	57	0.059	0.032
16080.000000	89	72	0.057	0.030
16086.000000	89	72	0.054	0.027
16092.000000	89	72	0.049	0.024
16098.000000	89	72	0.044	0.021
16104.000000	89	72	0.037	0.016
16110.000000	89	72	0.032	0.012
16116.000000	89	105	0.028	0.011
16122.000000	89	105	0.022	0.010
16128.000000	89	105	0.014	0.007
16134.000000	89	105	0.009	0.005
