0.000000	125	102	0.000	0.000
6.000000	33	149	0.992	0.035
12.000000	33	35	0.992	0.036
18.000000	33	35	0.992	0.039
24.000000	33	35	0.991	0.044
30.000000	33	35	0.990	0.047
36.000000	33	35	0.988	0.051
42.000000	33	35	0.987	0.055
48.000000	33	35	0.985	0.058
54.000000	33	35	0.982	0.060
60.000000	33	35	0.980	0.065
66.000000	33	35	0.978	0.074
72.000000	33	35	0.975	0.082
78.000000	33	35	0.973	0.090
84.000000	33	35	0.970	0.099
90.000000	33	35	0.967	0.115
96.000000	33	35	0.963	0.131
102.000000	33	35	0.959	0.136
108.000000	33	35	0.955	0.139
114.000000	33	35	0.951	0.142
120.000000	33	35	0.947	0.151
126.000000	33	35	0.943	0.160
132.000000	33	35	0.939	0.165
138.000000	33	35	0.935	0.170
144.000000	33	35	0.932	0.172
150.000000	33	76	0.929	0.173
156.000000	33	76	0.926	0.179
162.000000	33	76	0.924	0.184
168.000000	33	76	0.922	0.187
174.000000	33	76	0.920	0.190
180.000000	33	76	0.916	0.192
186.000000	33	76	0.913	0.195
192.000000	33	76	0.911	0.198
198.000000	33	76	0.907	0.207
204.000000	33	76	0.906	0.209
210.000000	33	76	0.906	0.209
216.000000	33	76	0.905	0.207
222.000000	33	76	0.905	0.206
228.000000	33	76	0.904	0.205
234.000000	33	76	0.903	0.204
240.000000	33	42	0.900	0.206
246.000000	33	42	0.899	0.207
252.000000	33	42	0.897	0.212
258.000000	33	42	0.894	0.221
264.000000	33	42	0.891	0.227
270.000000	33	42	0.883	0.232
276.000000	33	42	0.875	0.240
282.000000	33	42	0.872	0.247
288.000000	33	42	0.870	0.254
294.000000	33	42	0.867	0.263
300.000000	33	42	0.865	0.270
306.000000	33	42	0.861	0.276
312.000000	33	42	0.857	0.275
318.000000	33	42	0.852	0.284
324.000000	33	42	0.846	0.300
330.000000	33	42	0.840	0.314
336.000000	33	42	0.829	0.325
342.000000	33	42	0.819	0.344
348.000000	33	42	0.810	0.365
354.000000	33	42	0.802	0.384
360.000000	33	42	0.788	0.405
366.000000	33	42	0.778	0.422
372.000000	33	42	0.766	0.437
378.000000	33	42	0.743	0.458
384.000000	33	42	0.721	0.482
390.000000	33	42	0.692	0.510
396.000000	33	42	0.636	0.549
402.000000	33	42	0.585	0.578
408.000000	42	33	0.619	0.512
414.000000	42	33	0.661	0.407
420.000000	42	82	0.711	0.363
426.000000	42	82	0.764	0.373
432.000000	42	82	0.799	0.394
438.000000	42	122	0.815	0.402
444.000000	42	122	0.823	0.416
450.000000	42	122	0.828	0.425
456.000000	42	122	0.829	0.433
462.000000	42	122	0.830	0.435
468.000000	42	122	0.832	0.431
474.000000	42	82	0.835	0.429
480.000000	42	82	0.838	0.431
486.000000	42	82	0.843	0.438
492.000000	42	82	0.846	0.442
498.000000	42	82	0.853	0.439
504.000000	42	82	0.857	0.444
510.000000	42	82	0.857	0.448
516.000000	42	82	0.857	0.451
522.000000	42	82	0.859	0.457
528.000000	42	82	0.861	0.460
534.000000	42	82	0.865	0.460
540.000000	42	82	0.866	0.459
546.000000	42	82	0.867	0.461
552.000000	42	82	0.872	0.455
558.000000	42	82	0.875	0.450
564.000000	42	82	0.881	0.449
570.000000	42	82	0.883	0.443
576.000000	42	82	0.887	0.434
582.000000	42	82	0.889	0.428
588.000000	42	82	0.892	0.423
594.000000	42	82	0.895	0.430
600.000000	42	82	0.895	0.441
606.000000	42	82	0.895	0.435
612.000000	42	82	0.896	0.427
618.000000	42	82	0.896	0.419
624.000000	42	82	0.894	0.415
630.000000	42	82	0.894	0.407
636.000000	42	82	0.892	0.396
642.000000	42	82	0.891	0.382
648.000000	42	82	0.891	0.365
654.000000	42	82	0.889	0.348
660.000000	42	82	0.887	0.328
666.000000	42	82	0.884	0.306
672.000000	42	82	0.882	0.277
678.000000	42	82	0.880	0.239
684.000000	42	82	0.878	0.213
690.000000	42	36	0.874	0.197
696.000000	42	10	0.871	0.196
702.000000	42	10	0.865	0.205
708.000000	42	10	0.858	0.212
714.000000	42	10	0.850	0.213
720.000000	42	10	0.842	0.216
726.000000	42	182	0.836	0.234
732.000000	42	182	0.831	0.246
738.000000	42	182	0.818	0.252
744.000000	42	182	0.803	0.264
750.000000	42	182	0.791	0.278
756.000000	42	182	0.776	0.291
762.000000	42	182	0.747	0.316
768.000000	42	182	0.720	0.344
774.000000	42	182	0.690	0.360
780.000000	42	182	0.637	0.378
786.000000	42	182	0.578	0.400
792.000000	42	182	0.506	0.424
798.000000	182	42	0.449	0.407
804.000000	182	169	0.492	0.381
810.000000	182	169	0.528	0.399
816.000000	182	169	0.577	0.425
822.000000	182	169	0.619	0.440
828.000000	182	169	0.649	0.459
834.000000	182	169	0.677	0.478
840.000000	182	169	0.698	0.494
846.000000	182	169	0.705	0.501
852.000000	182	169	0.713	0.507
858.000000	182	169	0.719	0.509
864.000000	182	169	0.731	0.518
870.000000	182	169	0.739	0.526
876.000000	182	169	0.747	0.536
882.000000	182	169	0.752	0.551
888.000000	182	169	0.760	0.557
894.000000	182	169	0.767	0.570
900.000000	182	169	0.777	0.577
906.000000	182	169	0.779	0.586
912.000000	182	169	0.778	0.594
918.000000	182	169	0.781	0.600
924.000000	182	169	0.793	0.597
930.000000	182	169	0.797	0.600
936.000000	182	169	0.802	0.604
942.000000	182	169	0.809	0.614
948.000000	182	169	0.815	0.614
954.000000	182	169	0.818	0.617
960.000000	182	169	0.823	0.619
966.000000	182	169	0.827	0.623
972.000000	182	169	0.824	0.622
978.000000	182	169	0.820	0.621
984.000000	182	169	0.821	0.619
990.000000	182	169	0.821	0.621
996.000000	182	169	0.822	0.621
1002.000000	182	169	0.823	0.620
1008.000000	182	169	0.826	0.624
1014.000000	182	169	0.825	0.633
1020.000000	182	169	0.822	0.639
1026.000000	182	169	0.820	0.643
1032.000000	182	169	0.818	0.644
1038.000000	182	169	0.817	0.640
1044.000000	182	169	0.815	0.633
1050.000000	182	169	0.814	0.626
1056.000000	182	169	0.811	0.620
1062.000000	182	169	0.803	0.612
1068.000000	182	169	0.795	0.603
1074.000000	182	169	0.790	0.598
1080.000000	182	169	0.788	0.590
1086.000000	182	17	0.783	0.594
1092.000000	182	17	0.777	0.607
1098.000000	182	17	0.769	0.624
1104.000000	182	17	0.763	0.644
1110.000000	182	17	0.756	0.668
1116.000000	182	17	0.744	0.694
1122.000000	17	182	0.730	0.726
1128.000000	17	182	0.747	0.721
1134.000000	17	182	0.774	0.708
1140.000000	17	182	0.787	0.696
1146.000000	17	182	0.802	0.678
1152.000000	17	182	0.821	0.653
1158.000000	17	182	0.839	0.619
1164.000000	17	182	0.850	0.580
1170.000000	17	182	0.864	0.525
1176.000000	17	182	0.881	0.457
1182.000000	17	182	0.897	0.359
1188.000000	17	182	0.906	0.246
1194.000000	17	18	0.915	0.170
1200.000000	17	18	0.920	0.182
1206.000000	17	18	0.926	0.193
1212.000000	17	18	0.931	0.203
1218.000000	17	18	0.930	0.211
1224.000000	17	18	0.931	0.218
1230.000000	17	18	0.931	0.227
1236.000000	17	18	0.930	0.238
1242.000000	17	18	0.928	0.249
1248.000000	17	18	0.926	0.257
1254.000000	17	18	0.923	0.258
1260.000000	17	18	0.919	0.267
1266.000000	17	18	0.912	0.280
1272.000000	17	18	0.906	0.293
1278.000000	17	18	0.902	0.301
1284.000000	17	18	0.896	0.307
1290.000000	17	18	0.890	0.311
1296.000000	17	18	0.884	0.316
1302.000000	17	18	0.878	0.323
1308.000000	17	18	0.872	0.328
1314.000000	17	18	0.867	0.338
1320.000000	17	164	0.860	0.346
1326.000000	17	164	0.855	0.355
1332.000000	17	164	0.850	0.361
1338.000000	17	164	0.846	0.364
1344.000000	17	164	0.840	0.368
1350.000000	17	164	0.832	0.372
1356.000000	17	164	0.827	0.376
1362.000000	17	164	0.820	0.382
1368.000000	17	164	0.813	0.392
1374.000000	17	164	0.806	0.404
1380.000000	17	164	0.803	0.417
1386.000000	17	164	0.798	0.438
1392.000000	17	164	0.788	0.458
1398.000000	17	164	0.777	0.480
1404.000000	17	164	0.765	0.500
1410.000000	17	164	0.752	0.530
1416.000000	17	164	0.737	0.560
1422.000000	17	164	0.718	0.582
1428.000000	17	164	0.692	0.606
1434.000000	17	164	0.654	0.634
1440.000000	164	17	0.672	0.610
1446.000000	164	17	0.698	0.541
1452.000000	164	17	0.723	0.462
1458.000000	164	18	0.748	0.367
1464.000000	164	18	0.776	0.367
1470.000000	164	18	0.811	0.361
1476.000000	164	18	0.826	0.357
1482.000000	164	18	0.837	0.356
1488.000000	164	18	0.851	0.346
1494.000000	164	18	0.852	0.339
1500.000000	164	18	0.855	0.329
1506.000000	164	18	0.852	0.316
1512.000000	164	18	0.853	0.302
1518.000000	164	18	0.853	0.282
1524.000000	164	193	0.852	0.297
1530.000000	164	193	0.852	0.317
1536.000000	164	193	0.853	0.340
1542.000000	164	193	0.859	0.355
1548.000000	164	193	0.859	0.365
1554.000000	164	193	0.867	0.382
1560.000000	164	193	0.870	0.394
1566.000000	164	193	0.871	0.407
1572.000000	164	193	0.874	0.422
1578.000000	164	193	0.874	0.435
1584.000000	164	193	0.872	0.444
1590.000000	164	193	0.870	0.455
1596.000000	164	193	0.872	0.460
1602.000000	164	193	0.871	0.468
1608.000000	164	193	0.866	0.479
1614.000000	164	193	0.863	0.491
1620.000000	164	193	0.861	0.502
1626.000000	164	193	0.859	0.510
1632.000000	164	193	0.859	0.521
1638.000000	164	193	0.856	0.527
1644.000000	164	193	0.854	0.529
1650.000000	164	193	0.852	0.535
1656.000000	164	193	0.846	0.552
1662.000000	164	193	0.842	0.562
1668.000000	164	193	0.836	0.571
1674.000000	164	193	0.834	0.579
1680.000000	164	193	0.830	0.595
1686.000000	164	193	0.824	0.607
1692.000000	164	193	0.820	0.610
1698.000000	164	193	0.817	0.616
1704.000000	164	193	0.812	0.631
1710.000000	164	193	0.802	0.646
1716.000000	164	193	0.795	0.664
1722.000000	164	193	0.783	0.678
1728.000000	164	193	0.774	0.690
1734.000000	164	193	0.764	0.705
1740.000000	164	193	0.750	0.721
1746.000000	164	193	0.736	0.734
1752.000000	193	164	0.749	0.714
1758.000000	193	164	0.758	0.697
1764.000000	193	164	0.770	0.680
1770.000000	193	164	0.780	0.662
1776.000000	193	164	0.788	0.638
1782.000000	193	164	0.799	0.608
1788.000000	193	164	0.813	0.560
1794.000000	193	164	0.839	0.497
1800.000000	193	164	0.863	0.409
1806.000000	193	164	0.889	0.297
1812.000000	193	133	0.904	0.246
1818.000000	193	133	0.910	0.253
1824.000000	193	133	0.914	0.264
1830.000000	193	133	0.919	0.286
1836.000000	193	133	0.923	0.306
1842.000000	193	133	0.925	0.329
1848.000000	193	133	0.922	0.351
1854.000000	193	133	0.922	0.368
1860.000000	193	133	0.920	0.379
1866.000000	193	133	0.916	0.398
1872.000000	193	133	0.914	0.427
1878.000000	193	133	0.914	0.449
1884.000000	193	133	0.910	0.466
1890.000000	193	133	0.907	0.483
1896.000000	193	133	0.901	0.502
1902.000000	193	133	0.889	0.527
1908.000000	193	133	0.879	0.543
1914.000000	193	133	0.864	0.569
1920.000000	193	133	0.849	0.584
1926.000000	193	133	0.839	0.594
1932.000000	193	133	0.829	0.606
1938.000000	193	133	0.815	0.632
1944.000000	193	133	0.801	0.651
1950.000000	193	133	0.784	0.666
1956.000000	193	133	0.769	0.682
1962.000000	193	133	0.759	0.686
1968.000000	193	133	0.743	0.694
1974.000000	193	133	0.715	0.713
1980.000000	133	193	0.734	0.683
1986.000000	133	193	0.758	0.642
1992.000000	133	193	0.776	0.584
1998.000000	133	193	0.799	0.517
2004.000000	133	193	0.817	0.443
2010.000000	133	13	0.836	0.381
2016.000000	133	13	0.843	0.394
2022.000000	133	13	0.868	0.407
2028.000000	133	13	0.877	0.428
2034.000000	133	13	0.878	0.451
2040.000000	133	13	0.877	0.471
2046.000000	133	13	0.878	0.480
2052.000000	133	13	0.876	0.489
2058.000000	133	13	0.879	0.499
2064.000000	133	13	0.882	0.506
2070.000000	133	13	0.878	0.510
2076.000000	133	13	0.874	0.514
2082.000000	133	13	0.868	0.520
2088.000000	133	13	0.865	0.530
2094.000000	133	13	0.861	0.542
2100.000000	133	13	0.859	0.550
2106.000000	133	13	0.858	0.558
2112.000000	133	13	0.855	0.569
2118.000000	133	13	0.854	0.574
2124.000000	133	13	0.857	0.575
2130.000000	133	13	0.860	0.577
2136.000000	133	13	0.858	0.587
2142.000000	133	13	0.859	0.594
2148.000000	133	13	0.856	0.603
2154.000000	133	13	0.854	0.610
2160.000000	133	13	0.853	0.614
2166.000000	133	13	0.851	0.618
2172.000000	133	13	0.850	0.624
2178.000000	133	13	0.847	0.630
2184.000000	133	13	0.845	0.634
2190.000000	133	13	0.839	0.640
2196.000000	133	13	0.829	0.652
2202.000000	133	13	0.814	0.664
2208.000000	133	13	0.802	0.672
2214.000000	133	13	0.788	0.674
2220.000000	133	13	0.770	0.677
2226.000000	133	13	0.757	0.677
2232.000000	133	13	0.744	0.682
2238.000000	133	13	0.728	0.692
2244.000000	133	13	0.707	0.701
2250.000000	13	133	0.709	0.683
2256.000000	13	133	0.708	0.658
2262.000000	13	133	0.711	0.629
2268.000000	13	133	0.719	0.579
2274.000000	13	133	0.731	0.520
2280.000000	13	133	0.747	0.455
2286.000000	13	133	0.772	0.350
2292.000000	13	89	0.806	0.276
2298.000000	13	89	0.831	0.300
2304.000000	13	89	0.847	0.324
2310.000000	13	89	0.857	0.355
2316.000000	13	89	0.867	0.380
2322.000000	13	89	0.870	0.407
2328.000000	13	89	0.874	0.435
2334.000000	13	89	0.876	0.471
2340.000000	13	89	0.882	0.500
2346.000000	13	89	0.882	0.525
2352.000000	13	89	0.881	0.537
2358.000000	13	89	0.881	0.554
2364.000000	13	89	0.878	0.576
2370.000000	13	89	0.874	0.584
2376.000000	13	89	0.873	0.594
2382.000000	13	89	0.870	0.603
2388.000000	13	89	0.867	0.609
2394.000000	13	89	0.863	0.624
2400.000000	13	89	0.858	0.634
2406.000000	13	89	0.847	0.650
2412.000000	13	89	0.833	0.671
2418.000000	13	89	0.829	0.684
2424.000000	13	89	0.822	0.694
2430.000000	13	89	0.818	0.698
2436.000000	13	89	0.813	0.704
2442.000000	13	89	0.807	0.715
2448.000000	13	89	0.802	0.724
2454.000000	13	89	0.796	0.728
2460.000000	13	89	0.786	0.733
2466.000000	13	89	0.780	0.735
2472.000000	13	89	0.767	0.743
2478.000000	89	13	0.755	0.753
2484.000000	89	13	0.769	0.729
2490.000000	89	13	0.774	0.708
2496.000000	89	13	0.785	0.680
2502.000000	89	13	0.804	0.643
2508.000000	89	13	0.824	0.592
2514.000000	89	13	0.840	0.530
2520.000000	89	13	0.859	0.446
2526.000000	89	13	0.872	0.349
2532.000000	89	76	0.892	0.207
2538.000000	89	76	0.909	0.224
2544.000000	89	76	0.919	0.245
2550.000000	89	76	0.919	0.264
2556.000000	89	76	0.921	0.282
2562.000000	89	76	0.922	0.301
2568.000000	89	76	0.924	0.315
2574.000000	89	76	0.924	0.334
2580.000000	89	76	0.922	0.360
2586.000000	89	76	0.919	0.375
2592.000000	89	76	0.916	0.384
2598.000000	89	76	0.914	0.394
2604.000000	89	76	0.909	0.408
2610.000000	89	76	0.903	0.431
2616.000000	89	76	0.901	0.446
2622.000000	89	76	0.899	0.455
2628.000000	89	76	0.896	0.463
2634.000000	89	76	0.889	0.472
2640.000000	89	76	0.879	0.487
2646.000000	89	76	0.872	0.496
2652.000000	89	76	0.866	0.505
2658.000000	89	76	0.858	0.513
2664.000000	89	76	0.851	0.520
2670.000000	89	76	0.845	0.533
2676.000000	89	76	0.836	0.547
2682.000000	89	76	0.823	0.563
2688.000000	89	76	0.812	0.575
2694.000000	89	76	0.800	0.589
2700.000000	89	76	0.784	0.606
2706.000000	89	76	0.763	0.628
2712.000000	89	76	0.738	0.653
2718.000000	89	76	0.718	0.673
2724.000000	89	76	0.694	0.691
2730.000000	76	89	0.715	0.662
2736.000000	76	89	0.744	0.618
2742.000000	76	89	0.782	0.560
2748.000000	76	89	0.814	0.493
2754.000000	76	89	0.831	0.393
2760.000000	76	89	0.841	0.285
2766.000000	76	89	0.860	0.165
2772.000000	76	122	0.883	0.158
2778.000000	76	122	0.899	0.160
2784.000000	76	122	0.899	0.174
2790.000000	76	122	0.899	0.187
2796.000000	76	122	0.896	0.195
2802.000000	76	122	0.895	0.200
2808.000000	76	122	0.893	0.207
2814.000000	76	122	0.896	0.222
2820.000000	76	122	0.902	0.233
2826.000000	76	122	0.903	0.245
2832.000000	76	122	0.904	0.255
2838.000000	76	122	0.903	0.262
2844.000000	76	122	0.899	0.269
2850.000000	76	122	0.897	0.274
2856.000000	76	122	0.895	0.280
2862.000000	76	122	0.891	0.285
2868.000000	76	122	0.888	0.292
2874.000000	76	122	0.885	0.301
2880.000000	76	122	0.884	0.307
2886.000000	76	122	0.882	0.313
2892.000000	76	122	0.880	0.320
2898.000000	76	122	0.878	0.321
2904.000000	76	122	0.876	0.326
2910.000000	76	122	0.872	0.337
2916.000000	76	122	0.867	0.345
2922.000000	76	122	0.865	0.347
2928.000000	76	122	0.864	0.348
2934.000000	76	122	0.861	0.349
2940.000000	76	122	0.856	0.354
2946.000000	76	122	0.849	0.365
2952.000000	76	122	0.842	0.382
2958.000000	76	122	0.844	0.392
2964.000000	76	122	0.841	0.404
2970.000000	76	122	0.839	0.415
2976.000000	76	122	0.836	0.427
2982.000000	76	122	0.836	0.433
2988.000000	76	122	0.828	0.445
2994.000000	76	122	0.818	0.461
3000.000000	76	122	0.808	0.473
3006.000000	76	122	0.798	0.478
3012.000000	76	122	0.791	0.490
3018.000000	76	122	0.779	0.511
3024.000000	76	122	0.766	0.524
3030.000000	76	122	0.740	0.542
3036.000000	76	122	0.704	0.568
3042.000000	76	122	0.676	0.583
3048.000000	76	122	0.639	0.605
3054.000000	122	76	0.628	0.582
3060.000000	122	76	0.656	0.528
3066.000000	122	76	0.688	0.461
3072.000000	122	76	0.719	0.355
3078.000000	122	64	0.753	0.245
3084.000000	122	64	0.780	0.255
3090.000000	122	64	0.802	0.271
3096.000000	122	64	0.824	0.270
3102.000000	122	64	0.831	0.274
3108.000000	122	64	0.832	0.278
3114.000000	122	64	0.839	0.281
3120.000000	122	64	0.851	0.282
3126.000000	122	64	0.856	0.287
3132.000000	122	64	0.856	0.294
3138.000000	122	64	0.857	0.300
3144.000000	122	64	0.857	0.304
3150.000000	122	64	0.859	0.311
3156.000000	122	64	0.860	0.315
3162.000000	122	64	0.862	0.319
3168.000000	122	64	0.864	0.324
3174.000000	122	64	0.870	0.326
3180.000000	122	64	0.873	0.321
3186.000000	122	64	0.880	0.312
3192.000000	122	64	0.886	0.303
3198.000000	122	64	0.893	0.296
3204.000000	122	64	0.897	0.291
3210.000000	122	64	0.900	0.287
3216.000000	122	64	0.902	0.284
3222.000000	122	64	0.904	0.278
3228.000000	122	64	0.905	0.269
3234.000000	122	64	0.906	0.261
3240.000000	122	64	0.910	0.247
3246.000000	122	64	0.912	0.235
3252.000000	122	64	0.910	0.223
3258.000000	122	64	0.909	0.215
3264.000000	122	64	0.910	0.207
3270.000000	122	64	0.912	0.197
3276.000000	122	64	0.912	0.188
3282.000000	122	64	0.912	0.173
3288.000000	122	73	0.913	0.165
3294.000000	122	115	0.912	0.173
3300.000000	122	115	0.911	0.184
3306.000000	122	115	0.910	0.188
3312.000000	122	115	0.908	0.192
3318.000000	122	115	0.908	0.196
3324.000000	122	115	0.910	0.197
3330.000000	122	115	0.909	0.204
3336.000000	122	115	0.907	0.205
3342.000000	122	115	0.905	0.203
3348.000000	122	115	0.904	0.209
3354.000000	122	114	0.904	0.225
3360.000000	122	114	0.903	0.238
3366.000000	122	114	0.895	0.251
3372.000000	122	114	0.888	0.265
3378.000000	122	114	0.884	0.276
3384.000000	122	114	0.880	0.285
3390.000000	122	114	0.875	0.288
3396.000000	122	114	0.871	0.294
3402.000000	122	114	0.866	0.298
3408.000000	122	114	0.857	0.305
3414.000000	122	114	0.846	0.310
3420.000000	122	114	0.838	0.313
3426.000000	122	114	0.830	0.323
3432.000000	122	114	0.819	0.338
3438.000000	122	114	0.802	0.349
3444.000000	122	114	0.780	0.358
3450.000000	122	114	0.751	0.370
3456.000000	122	114	0.722	0.380
3462.000000	122	114	0.688	0.396
3468.000000	122	114	0.651	0.416
3474.000000	122	114	0.603	0.435
3480.000000	122	114	0.536	0.460
3486.000000	114	122	0.492	0.435
3492.000000	114	115	0.516	0.428
3498.000000	114	115	0.559	0.453
3504.000000	114	115	0.601	0.475
3510.000000	114	115	0.626	0.499
3516.000000	114	115	0.642	0.518
3522.000000	114	115	0.662	0.534
3528.000000	114	115	0.681	0.551
3534.000000	114	115	0.689	0.567
3540.000000	114	115	0.692	0.576
3546.000000	114	115	0.693	0.592
3552.000000	114	115	0.699	0.598
3558.000000	114	115	0.696	0.599
3564.000000	114	115	0.695	0.603
3570.000000	114	115	0.701	0.607
3576.000000	114	115	0.706	0.608
3582.000000	114	115	0.707	0.608
3588.000000	114	115	0.709	0.611
3594.000000	114	115	0.712	0.618
3600.000000	114	115	0.712	0.626
3606.000000	114	115	0.716	0.620
3612.000000	114	115	0.718	0.619
3618.000000	114	115	0.718	0.617
3624.000000	114	115	0.721	0.610
3630.000000	114	115	0.721	0.602
3636.000000	114	115	0.718	0.600
3642.000000	114	115	0.722	0.597
3648.000000	114	115	0.724	0.596
3654.000000	114	115	0.723	0.598
3660.000000	114	115	0.719	0.596
3666.000000	114	115	0.721	0.592
3672.000000	114	115	0.723	0.594
3678.000000	114	115	0.716	0.594
3684.000000	114	115	0.716	0.589
3690.000000	114	115	0.715	0.587
3696.000000	114	115	0.709	0.583
3702.000000	114	115	0.700	0.575
3708.000000	114	115	0.692	0.563
3714.000000	114	115	0.682	0.557
3720.000000	114	115	0.675	0.548
3726.000000	114	115	0.677	0.534
3732.000000	114	115	0.680	0.524
3738.000000	114	115	0.675	0.509
3744.000000	114	115	0.666	0.478
3750.000000	114	115	0.661	0.444
3756.000000	114	188	0.653	0.435
3762.000000	114	188	0.646	0.454
3768.000000	114	188	0.630	0.465
3774.000000	114	188	0.607	0.482
3780.000000	114	188	0.584	0.517
3786.000000	114	188	0.561	0.553
3792.000000	188	114	0.580	0.535
3798.000000	188	114	0.597	0.507
3804.000000	188	114	0.609	0.472
3810.000000	188	75	0.630	0.431
3816.000000	188	75	0.639	0.458
3822.000000	188	75	0.646	0.478
3828.000000	188	75	0.653	0.499
3834.000000	188	75	0.667	0.526
3840.000000	188	75	0.681	0.542
3846.000000	188	75	0.694	0.555
3852.000000	188	75	0.694	0.567
3858.000000	188	75	0.707	0.579
3864.000000	188	75	0.709	0.596
3870.000000	188	75	0.715	0.607
3876.000000	188	75	0.717	0.611
3882.000000	188	75	0.718	0.615
3888.000000	188	75	0.722	0.621
3894.000000	188	75	0.717	0.634
3900.000000	188	75	0.709	0.646
3906.000000	188	75	0.705	0.658
3912.000000	188	75	0.699	0.676
3918.000000	188	75	0.694	0.688
3924.000000	75	188	0.701	0.691
3930.000000	75	188	0.712	0.689
3936.000000	75	188	0.720	0.688
3942.000000	75	188	0.729	0.680
3948.000000	75	188	0.734	0.674
3954.000000	75	188	0.738	0.669
3960.000000	75	188	0.741	0.657
3966.000000	75	188	0.740	0.649
3972.000000	75	188	0.742	0.642
3978.000000	75	188	0.741	0.641
3984.000000	75	188	0.742	0.636
3990.000000	75	188	0.747	0.628
3996.000000	75	188	0.750	0.623
4002.000000	75	188	0.753	0.617
4008.000000	75	188	0.764	0.603
4014.000000	75	188	0.768	0.597
4020.000000	75	188	0.774	0.588
4026.000000	75	188	0.784	0.574
4032.000000	75	188	0.795	0.548
4038.000000	75	188	0.797	0.525
4044.000000	75	188	0.804	0.496
4050.000000	75	188	0.817	0.458
4056.000000	75	188	0.827	0.412
4062.000000	75	188	0.845	0.346
4068.000000	75	188	0.855	0.281
4074.000000	75	81	0.866	0.263
4080.000000	75	81	0.872	0.285
4086.000000	75	81	0.884	0.316
4092.000000	75	81	0.888	0.350
4098.000000	75	81	0.891	0.390
4104.000000	75	81	0.893	0.430
4110.000000	75	81	0.890	0.478
4116.000000	75	81	0.883	0.518
4122.000000	75	81	0.874	0.544
4128.000000	75	81	0.869	0.561
4134.000000	75	81	0.865	0.576
4140.000000	75	81	0.855	0.596
4146.000000	75	81	0.850	0.612
4152.000000	75	81	0.838	0.632
4158.000000	75	81	0.833	0.647
4164.000000	75	81	0.826	0.655
4170.000000	75	81	0.817	0.661
4176.000000	75	81	0.809	0.669
4182.000000	75	81	0.801	0.680
4188.000000	75	81	0.797	0.689
4194.000000	75	81	0.784	0.700
4200.000000	75	81	0.773	0.708
4206.000000	75	81	0.764	0.725
4212.000000	75	81	0.754	0.740
4218.000000	81	75	0.756	0.748
4224.000000	81	75	0.769	0.730
4230.000000	81	75	0.776	0.710
4236.000000	81	75	0.792	0.682
4242.000000	81	75	0.805	0.661
4248.000000	81	75	0.812	0.635
4254.000000	81	75	0.823	0.591
4260.000000	81	75	0.846	0.522
4266.000000	81	75	0.867	0.421
4272.000000	81	75	0.889	0.294
4278.000000	81	143	0.916	0.156
4284.000000	81	143	0.938	0.153
4290.000000	81	143	0.940	0.152
4296.000000	81	143	0.939	0.160
4302.000000	81	143	0.936	0.171
4308.000000	81	143	0.931	0.180
4314.000000	81	143	0.929	0.184
4320.000000	81	143	0.931	0.189
4326.000000	81	143	0.929	0.193
4332.000000	81	143	0.926	0.198
4338.000000	81	143	0.923	0.204
4344.000000	81	143	0.920	0.206
4350.000000	81	143	0.917	0.206
4356.000000	81	143	0.915	0.206
4362.000000	81	143	0.913	0.204
4368.000000	81	143	0.910	0.203
4374.000000	81	60	0.908	0.203
4380.000000	81	60	0.904	0.205
4386.000000	81	60	0.900	0.206
4392.000000	81	60	0.897	0.210
4398.000000	81	60	0.893	0.220
4404.000000	81	60	0.888	0.221
4410.000000	81	60	0.885	0.221
4416.000000	81	60	0.881	0.220
4422.000000	81	60	0.877	0.217
4428.000000	81	60	0.876	0.215
4434.000000	81	60	0.875	0.213
4440.000000	81	60	0.873	0.209
4446.000000	81	60	0.868	0.206
4452.000000	81	164	0.859	0.207
4458.000000	81	164	0.854	0.211
4464.000000	81	164	0.849	0.215
4470.000000	81	164	0.839	0.221
4476.000000	81	164	0.832	0.223
4482.000000	81	164	0.823	0.227
4488.000000	81	164	0.814	0.231
4494.000000	81	164	0.804	0.237
4500.000000	81	164	0.791	0.247
4506.000000	81	164	0.775	0.255
4512.000000	81	164	0.756	0.258
4518.000000	81	164	0.735	0.262
4524.000000	81	164	0.707	0.269
4530.000000	81	164	0.680	0.282
4536.000000	81	164	0.651	0.294
4542.000000	81	164	0.616	0.300
4548.000000	81	164	0.571	0.302
4554.000000	81	164	0.508	0.308
4560.000000	81	164	0.444	0.307
4566.000000	81	164	0.350	0.305
4572.000000	164	3	0.302	0.295
4578.000000	3	84	0.311	0.305
4584.000000	3	84	0.328	0.312
4590.000000	20	3	0.331	0.329
4596.000000	20	3	0.350	0.340
4602.000000	20	3	0.367	0.352
4608.000000	20	3	0.380	0.370
4614.000000	20	3	0.395	0.388
4620.000000	20	3	0.404	0.402
4626.000000	20	3	0.416	0.411
4632.000000	20	3	0.424	0.412
4638.000000	20	3	0.436	0.417
4644.000000	20	3	0.447	0.423
4650.000000	20	3	0.455	0.429
4656.000000	20	3	0.461	0.428
4662.000000	20	3	0.468	0.424
4668.000000	20	3	0.482	0.422
4674.000000	20	3	0.488	0.430
4680.000000	20	3	0.501	0.436
4686.000000	20	3	0.510	0.446
4692.000000	20	3	0.519	0.463
4698.000000	20	3	0.528	0.471
4704.000000	20	3	0.543	0.479
4710.000000	20	3	0.550	0.484
4716.000000	20	3	0.558	0.488
4722.000000	20	3	0.566	0.491
4728.000000	20	3	0.577	0.497
4734.000000	20	3	0.595	0.513
4740.000000	20	3	0.612	0.534
4746.000000	20	3	0.633	0.548
4752.000000	20	3	0.655	0.563
4758.000000	20	3	0.670	0.582
4764.000000	20	3	0.689	0.607
4770.000000	20	3	0.705	0.636
4776.000000	20	3	0.723	0.651
4782.000000	20	3	0.736	0.658
4788.000000	20	3	0.760	0.659
4794.000000	20	3	0.768	0.671
4800.000000	20	3	0.776	0.682
4806.000000	20	3	0.777	0.695
4812.000000	20	3	0.778	0.708
4818.000000	20	3	0.784	0.719
4824.000000	20	3	0.790	0.726
4830.000000	20	3	0.797	0.731
4836.000000	20	3	0.796	0.744
4842.000000	20	3	0.794	0.759
4848.000000	20	3	0.796	0.765
4854.000000	20	3	0.795	0.774
4860.000000	20	3	0.793	0.779
4866.000000	20	3	0.790	0.782
4872.000000	20	3	0.790	0.780
4878.000000	20	3	0.799	0.777
4884.000000	20	3	0.799	0.777
4890.000000	20	3	0.801	0.777
4896.000000	20	3	0.805	0.778
4902.000000	20	3	0.803	0.783
4908.000000	20	3	0.802	0.787
4914.000000	20	3	0.799	0.792
4920.000000	20	3	0.799	0.792
4926.000000	20	3	0.796	0.793
4932.000000	20	3	0.794	0.793
4938.000000	3	20	0.798	0.789
4944.000000	3	20	0.805	0.782
4950.000000	3	20	0.807	0.777
4956.000000	3	20	0.808	0.771
4962.000000	3	20	0.812	0.761
4968.000000	3	20	0.815	0.750
4974.000000	3	20	0.815	0.742
4980.000000	3	20	0.824	0.730
4986.000000	3	20	0.826	0.722
4992.000000	3	20	0.829	0.711
4998.000000	3	20	0.835	0.693
5004.000000	3	20	0.841	0.666
5010.000000	3	20	0.846	0.642
5016.000000	3	20	0.848	0.617
5022.000000	3	20	0.853	0.581
5028.000000	3	20	0.868	0.519
5034.000000	3	20	0.884	0.426
5040.000000	3	20	0.895	0.292
5046.000000	3	20	0.913	0.124
5052.000000	3	8	0.933	0.101
5058.000000	3	8	0.944	0.102
5064.000000	3	8	0.955	0.102
5070.000000	3	178	0.959	0.103
5076.000000	3	178	0.958	0.112
5082.000000	3	178	0.956	0.120
5088.000000	3	178	0.955	0.123
5094.000000	3	8	0.954	0.128
5100.000000	3	8	0.954	0.137
5106.000000	3	8	0.954	0.147
5112.000000	3	8	0.952	0.155
5118.000000	3	8	0.950	0.164
5124.000000	3	8	0.946	0.168
5130.000000	3	8	0.942	0.170
5136.000000	3	178	0.939	0.179
5142.000000	3	178	0.936	0.190
5148.000000	3	178	0.932	0.203
5154.000000	3	178	0.925	0.222
5160.000000	3	178	0.919	0.238
5166.000000	3	178	0.915	0.252
5172.000000	3	178	0.907	0.267
5178.000000	3	178	0.900	0.282
5184.000000	3	178	0.896	0.304
5190.000000	3	178	0.890	0.329
5196.000000	3	178	0.882	0.346
5202.000000	3	178	0.877	0.358
5208.000000	3	178	0.868	0.369
5214.000000	3	178	0.858	0.381
5220.000000	3	178	0.847	0.398
5226.000000	3	178	0.831	0.422
5232.000000	3	178	0.809	0.442
5238.000000	3	178	0.788	0.461
5244.000000	3	178	0.761	0.483
5250.000000	3	178	0.726	0.511
5256.000000	3	178	0.678	0.565
5262.000000	178	3	0.620	0.606
5268.000000	178	3	0.679	0.503
5274.000000	178	3	0.731	0.381
5280.000000	178	8	0.797	0.265
5286.000000	178	8	0.845	0.256
5292.000000	178	8	0.872	0.256
5298.000000	178	8	0.890	0.254
5304.000000	178	92	0.898	0.270
5310.000000	178	92	0.902	0.283
5316.000000	178	92	0.900	0.294
5322.000000	178	92	0.899	0.303
5328.000000	178	92	0.897	0.310
5334.000000	178	92	0.896	0.313
5340.000000	178	92	0.895	0.318
5346.000000	178	92	0.894	0.320
5352.000000	178	92	0.893	0.320
5358.000000	178	92	0.893	0.324
5364.000000	178	92	0.897	0.326
5370.000000	178	92	0.899	0.323
5376.000000	178	92	0.898	0.318
5382.000000	178	92	0.898	0.311
5388.000000	178	92	0.899	0.304
5394.000000	178	92	0.901	0.300
5400.000000	178	92	0.902	0.298
5406.000000	178	92	0.903	0.295
5412.000000	178	92	0.903	0.296
5418.000000	178	92	0.904	0.296
5424.000000	178	92	0.908	0.289
5430.000000	178	92	0.911	0.285
5436.000000	178	92	0.913	0.280
5442.000000	178	92	0.914	0.270
5448.000000	178	92	0.916	0.263
5454.000000	178	92	0.920	0.252
5460.000000	178	92	0.921	0.245
5466.000000	178	92	0.922	0.240
5472.000000	178	92	0.922	0.232
5478.000000	178	92	0.923	0.215
5484.000000	178	92	0.925	0.187
5490.000000	178	92	0.928	0.162
5496.000000	178	45	0.933	0.158
5502.000000	178	45	0.935	0.156
5508.000000	178	45	0.937	0.154
5514.000000	178	45	0.940	0.154
5520.000000	178	45	0.942	0.154
5526.000000	178	45	0.942	0.151
5532.000000	178	45	0.943	0.146
5538.000000	178	66	0.943	0.142
5544.000000	178	66	0.942	0.154
5550.000000	178	66	0.940	0.173
5556.000000	178	66	0.937	0.197
5562.000000	178	66	0.933	0.218
5568.000000	178	66	0.928	0.235
5574.000000	178	66	0.918	0.254
5580.000000	178	66	0.908	0.275
5586.000000	178	66	0.896	0.293
5592.000000	178	66	0.883	0.312
5598.000000	178	66	0.872	0.323
5604.000000	178	66	0.860	0.333
5610.000000	178	66	0.847	0.342
5616.000000	178	66	0.828	0.354
5622.000000	178	66	0.808	0.364
5628.000000	178	66	0.786	0.376
5634.000000	178	66	0.761	0.378
5640.000000	178	66	0.723	0.384
5646.000000	178	66	0.678	0.391
5652.000000	178	66	0.612	0.401
5658.000000	178	66	0.519	0.416
5664.000000	66	178	0.434	0.405
5670.000000	66	55	0.451	0.292
5676.000000	66	55	0.469	0.314
5682.000000	66	55	0.484	0.327
5688.000000	66	55	0.502	0.343
5694.000000	66	55	0.511	0.357
5700.000000	66	55	0.525	0.368
5706.000000	66	55	0.535	0.376
5712.000000	66	55	0.543	0.379
5718.000000	66	55	0.549	0.385
5724.000000	66	55	0.553	0.394
5730.000000	66	55	0.557	0.404
5736.000000	66	55	0.558	0.410
5742.000000	66	55	0.561	0.412
5748.000000	66	55	0.562	0.408
5754.000000	66	55	0.564	0.406
5760.000000	66	55	0.575	0.399
5766.000000	66	55	0.577	0.402
5772.000000	66	55	0.576	0.403
5778.000000	66	55	0.576	0.401
5784.000000	66	55	0.576	0.398
5790.000000	66	55	0.572	0.397
5796.000000	66	190	0.567	0.405
5802.000000	66	190	0.563	0.412
5808.000000	66	190	0.559	0.431
5814.000000	66	190	0.553	0.439
5820.000000	66	190	0.544	0.445
5826.000000	66	190	0.530	0.452
5832.000000	66	190	0.518	0.462
5838.000000	66	190	0.502	0.475
5844.000000	190	66	0.496	0.489
5850.000000	190	66	0.514	0.474
5856.000000	190	66	0.532	0.459
5862.000000	190	66	0.540	0.446
5868.000000	190	66	0.549	0.429
5874.000000	190	66	0.562	0.406
5880.000000	190	55	0.588	0.389
5886.000000	190	55	0.617	0.387
5892.000000	190	55	0.639	0.379
5898.000000	190	55	0.671	0.363
5904.000000	190	55	0.704	0.348
5910.000000	190	55	0.734	0.324
5916.000000	190	55	0.765	0.308
5922.000000	190	55	0.802	0.289
5928.000000	190	26	0.822	0.275
5934.000000	190	26	0.841	0.266
5940.000000	190	26	0.855	0.262
5946.000000	190	26	0.873	0.254
5952.000000	190	26	0.881	0.244
5958.000000	190	26	0.891	0.231
5964.000000	190	26	0.899	0.218
5970.000000	190	26	0.903	0.198
5976.000000	190	26	0.908	0.177
5982.000000	190	26	0.913	0.166
5988.000000	190	26	0.914	0.154
5994.000000	190	95	0.915	0.156
6000.000000	190	95	0.917	0.162
6006.000000	190	95	0.922	0.167
6012.000000	190	95	0.922	0.170
6018.000000	190	95	0.920	0.174
6024.000000	190	95	0.918	0.182
6030.000000	190	53	0.918	0.190
6036.000000	190	53	0.919	0.193
6042.000000	190	95	0.922	0.196
6048.000000	190	53	0.922	0.199
6054.000000	190	53	0.922	0.205
6060.000000	190	95	0.924	0.211
6066.000000	190	95	0.924	0.220
6072.000000	190	53	0.923	0.227
6078.000000	190	53	0.922	0.236
6084.000000	190	95	0.921	0.244
6090.000000	190	23	0.917	0.254
6096.000000	190	23	0.916	0.267
6102.000000	190	23	0.915	0.279
6108.000000	190	23	0.914	0.293
6114.000000	190	23	0.910	0.311
6120.000000	190	23	0.904	0.330
6126.000000	190	23	0.896	0.349
6132.000000	190	23	0.890	0.367
6138.000000	190	23	0.885	0.386
6144.000000	190	23	0.878	0.403
6150.000000	190	23	0.866	0.417
6156.000000	190	23	0.857	0.427
6162.000000	190	23	0.843	0.438
6168.000000	190	23	0.823	0.451
6174.000000	190	23	0.802	0.473
6180.000000	190	23	0.781	0.489
6186.000000	190	23	0.755	0.505
6192.000000	190	23	0.724	0.530
6198.000000	190	23	0.694	0.558
6204.000000	190	23	0.657	0.584
6210.000000	23	190	0.615	0.602
6216.000000	23	190	0.631	0.552
6222.000000	23	53	0.666	0.483
6228.000000	23	53	0.705	0.515
6234.000000	23	53	0.737	0.558
6240.000000	23	53	0.777	0.602
6246.000000	23	53	0.816	0.647
6252.000000	23	53	0.832	0.682
6258.000000	23	53	0.840	0.688
6264.000000	23	53	0.847	0.698
6270.000000	23	53	0.855	0.710
6276.000000	23	53	0.856	0.723
6282.000000	23	53	0.861	0.727
6288.000000	23	53	0.860	0.736
6294.000000	23	53	0.859	0.742
6300.000000	23	53	0.860	0.743
6306.000000	23	53	0.858	0.743
6312.000000	23	53	0.858	0.741
6318.000000	23	53	0.857	0.745
6324.000000	23	53	0.856	0.746
6330.000000	23	53	0.855	0.747
6336.000000	23	53	0.853	0.749
6342.000000	23	53	0.851	0.748
6348.000000	23	53	0.849	0.747
6354.000000	23	53	0.848	0.746
6360.000000	23	53	0.846	0.747
6366.000000	23	53	0.843	0.749
6372.000000	23	53	0.839	0.755
6378.000000	23	53	0.836	0.759
6384.000000	23	53	0.834	0.764
6390.000000	23	53	0.831	0.767
6396.000000	23	53	0.828	0.769
6402.000000	23	53	0.826	0.769
6408.000000	23	53	0.824	0.765
6414.000000	23	53	0.825	0.760
6420.000000	23	53	0.825	0.759
6426.000000	23	53	0.826	0.757
6432.000000	23	53	0.824	0.755
6438.000000	23	53	0.822	0.752
6444.000000	23	53	0.820	0.750
6450.000000	23	53	0.821	0.748
6456.000000	23	53	0.819	0.746
6462.000000	23	53	0.814	0.744
6468.000000	23	53	0.813	0.739
6474.000000	23	53	0.811	0.739
6480.000000	23	53	0.810	0.737
6486.000000	23	53	0.809	0.732
6492.000000	23	53	0.807	0.729
6498.000000	23	53	0.805	0.725
6504.000000	23	53	0.804	0.718
6510.000000	23	53	0.806	0.706
6516.000000	23	53	0.806	0.694
6522.000000	23	53	0.810	0.680
6528.000000	23	53	0.812	0.664
6534.000000	23	53	0.811	0.648
6540.000000	23	53	0.814	0.622
6546.000000	23	53	0.818	0.594
6552.000000	23	53	0.828	0.550
6558.000000	23	53	0.841	0.488
6564.000000	23	53	0.849	0.399
6570.000000	23	53	0.860	0.283
6576.000000	23	53	0.870	0.147
6582.000000	23	4	0.877	0.084
6588.000000	23	147	0.882	0.088
6594.000000	23	147	0.884	0.089
6600.000000	23	35	0.883	0.089
6606.000000	23	35	0.887	0.094
6612.000000	23	35	0.891	0.098
6618.000000	23	35	0.892	0.100
6624.000000	23	35	0.894	0.103
6630.000000	23	4	0.894	0.108
6636.000000	23	4	0.891	0.114
6642.000000	23	4	0.890	0.116
6648.000000	23	4	0.888	0.123
6654.000000	23	4	0.889	0.130
6660.000000	23	35	0.888	0.136
6666.000000	23	35	0.883	0.145
6672.000000	23	35	0.877	0.156
6678.000000	23	35	0.869	0.166
6684.000000	23	35	0.864	0.172
6690.000000	23	35	0.860	0.179
6696.000000	23	35	0.856	0.184
6702.000000	23	35	0.854	0.189
6708.000000	23	35	0.850	0.196
6714.000000	23	35	0.844	0.210
6720.000000	23	35	0.836	0.221
6726.000000	23	35	0.823	0.232
6732.000000	23	35	0.806	0.240
6738.000000	23	35	0.789	0.243
6744.000000	23	35	0.771	0.252
6750.000000	23	35	0.744	0.269
6756.000000	23	35	0.709	0.283
6762.000000	23	35	0.656	0.295
6768.000000	23	35	0.581	0.310
6774.000000	23	35	0.478	0.328
6780.000000	35	23	0.350	0.331
6786.000000	35	2	0.371	0.271
6792.000000	35	2	0.394	0.279
6798.000000	35	2	0.410	0.295
6804.000000	35	2	0.425	0.301
6810.000000	35	78	0.443	0.311
6816.000000	35	78	0.460	0.316
6822.000000	35	78	0.466	0.317
6828.000000	35	78	0.477	0.314
6834.000000	35	2	0.485	0.319
6840.000000	35	2	0.494	0.321
6846.000000	35	2	0.500	0.324
6852.000000	35	2	0.506	0.319
6858.000000	35	78	0.507	0.320
6864.000000	35	78	0.514	0.324
6870.000000	35	78	0.519	0.325
6876.000000	35	78	0.525	0.327
6882.000000	35	78	0.529	0.326
6888.000000	35	78	0.536	0.323
6894.000000	35	78	0.542	0.315
6900.000000	35	78	0.551	0.315
6906.000000	35	78	0.563	0.317
6912.000000	35	78	0.570	0.324
6918.000000	35	78	0.580	0.332
6924.000000	35	78	0.585	0.335
6930.000000	35	78	0.595	0.340
6936.000000	35	78	0.607	0.345
6942.000000	35	78	0.628	0.342
6948.000000	35	78	0.643	0.345
6954.000000	35	78	0.650	0.344
6960.000000	35	78	0.657	0.333
6966.000000	35	42	0.666	0.333
6972.000000	35	42	0.675	0.339
6978.000000	35	42	0.685	0.345
6984.000000	35	42	0.700	0.349
6990.000000	35	42	0.722	0.361
6996.000000	35	42	0.737	0.379
7002.000000	35	42	0.752	0.402
7008.000000	35	42	0.765	0.424
7014.000000	35	42	0.771	0.444
7020.000000	35	42	0.773	0.468
7026.000000	35	42	0.779	0.487
7032.000000	35	42	0.793	0.495
7038.000000	35	42	0.807	0.507
7044.000000	35	42	0.810	0.518
7050.000000	35	42	0.810	0.535
7056.000000	35	42	0.818	0.552
7062.000000	35	42	0.821	0.574
7068.000000	35	42	0.824	0.585
7074.000000	35	42	0.827	0.592
7080.000000	35	42	0.832	0.596
7086.000000	35	42	0.832	0.602
7092.000000	35	42	0.838	0.597
7098.000000	35	42	0.839	0.595
7104.000000	35	42	0.842	0.601
7110.000000	35	42	0.839	0.607
7116.000000	35	42	0.837	0.616
7122.000000	35	42	0.834	0.624
7128.000000	35	42	0.827	0.632
7134.000000	35	42	0.826	0.639
7140.000000	35	42	0.821	0.649
7146.000000	35	42	0.817	0.657
7152.000000	35	42	0.814	0.658
7158.000000	35	42	0.806	0.665
7164.000000	35	42	0.802	0.669
7170.000000	35	42	0.796	0.673
7176.000000	35	42	0.787	0.687
7182.000000	35	42	0.782	0.694
7188.000000	35	42	0.779	0.697
7194.000000	35	42	0.771	0.704
7200.000000	35	42	0.761	0.715
7206.000000	35	42	0.744	0.727
7212.000000	42	35	0.736	0.724
7218.000000	42	35	0.739	0.699
7224.000000	42	35	0.743	0.665
7230.000000	42	35	0.748	0.620
7236.000000	42	35	0.761	0.556
7242.000000	42	33	0.779	0.538
7248.000000	42	33	0.795	0.557
7254.000000	42	33	0.815	0.585
7260.000000	42	33	0.827	0.613
7266.000000	42	33	0.840	0.632
7272.000000	42	33	0.849	0.651
7278.000000	42	33	0.858	0.650
7284.000000	42	33	0.863	0.653
7290.000000	42	33	0.867	0.652
7296.000000	42	33	0.875	0.647
7302.000000	42	33	0.879	0.647
7308.000000	42	33	0.884	0.644
7314.000000	42	33	0.883	0.644
7320.000000	42	33	0.880	0.648
7326.000000	42	33	0.875	0.648
7332.000000	42	33	0.873	0.643
7338.000000	42	33	0.870	0.639
7344.000000	42	33	0.869	0.635
7350.000000	42	33	0.867	0.628
7356.000000	42	33	0.864	0.619
7362.000000	42	33	0.858	0.614
7368.000000	42	33	0.853	0.613
7374.000000	42	33	0.849	0.613
7380.000000	42	33	0.850	0.609
7386.000000	42	33	0.852	0.603
7392.000000	42	33	0.851	0.599
7398.000000	42	33	0.850	0.591
7404.000000	42	33	0.850	0.582
7410.000000	42	33	0.847	0.570
7416.000000	42	33	0.843	0.556
7422.000000	42	33	0.840	0.534
7428.000000	42	33	0.836	0.511
7434.000000	42	33	0.834	0.482
7440.000000	42	33	0.834	0.452
7446.000000	42	33	0.831	0.423
7452.000000	42	33	0.829	0.396
7458.000000	42	33	0.827	0.345
7464.000000	42	33	0.829	0.290
7470.000000	42	33	0.825	0.231
7476.000000	42	14	0.824	0.195
7482.000000	42	14	0.823	0.199
7488.000000	42	14	0.821	0.202
7494.000000	42	14	0.825	0.210
7500.000000	42	14	0.824	0.215
7506.000000	42	14	0.821	0.225
7512.000000	42	14	0.817	0.239
7518.000000	42	14	0.810	0.255
7524.000000	42	14	0.800	0.263
7530.000000	42	14	0.789	0.273
7536.000000	42	14	0.775	0.285
7542.000000	42	14	0.758	0.299
7548.000000	42	14	0.736	0.319
7554.000000	42	14	0.705	0.339
7560.000000	42	14	0.660	0.365
7566.000000	42	14	0.601	0.397
7572.000000	42	14	0.538	0.441
7578.000000	14	42	0.476	0.448
7584.000000	14	42	0.531	0.306
7590.000000	14	175	0.577	0.178
7596.000000	14	175	0.612	0.186
7602.000000	14	175	0.665	0.204
7608.000000	14	175	0.697	0.215
7614.000000	14	175	0.720	0.231
7620.000000	14	175	0.737	0.252
7626.000000	14	175	0.744	0.265
7632.000000	14	175	0.754	0.269
7638.000000	14	175	0.758	0.273
7644.000000	14	175	0.771	0.280
7650.000000	14	175	0.778	0.284
7656.000000	14	175	0.785	0.285
7662.000000	14	175	0.797	0.284
7668.000000	14	175	0.801	0.287
7674.000000	14	175	0.802	0.288
7680.000000	14	142	0.804	0.290
7686.000000	14	142	0.812	0.297
7692.000000	14	142	0.821	0.301
7698.000000	14	142	0.824	0.305
7704.000000	14	142	0.831	0.313
7710.000000	14	142	0.840	0.319
7716.000000	14	142	0.841	0.324
7722.000000	14	142	0.843	0.323
7728.000000	14	142	0.847	0.321
7734.000000	14	142	0.852	0.321
7740.000000	14	142	0.857	0.320
7746.000000	14	142	0.869	0.321
7752.000000	14	142	0.874	0.325
7758.000000	14	142	0.880	0.333
7764.000000	14	142	0.884	0.336
7770.000000	14	142	0.893	0.343
7776.000000	14	142	0.898	0.347
7782.000000	14	142	0.904	0.361
7788.000000	14	142	0.910	0.371
7794.000000	14	142	0.911	0.379
7800.000000	14	142	0.914	0.390
7806.000000	14	142	0.916	0.405
7812.000000	14	142	0.918	0.417
7818.000000	14	142	0.918	0.440
7824.000000	14	142	0.919	0.452
7830.000000	14	142	0.919	0.461
7836.000000	14	142	0.918	0.470
7842.000000	14	142	0.917	0.485
7848.000000	14	142	0.915	0.497
7854.000000	14	142	0.913	0.506
7860.000000	14	142	0.911	0.517
7866.000000	14	142	0.909	0.530
7872.000000	14	142	0.907	0.538
7878.000000	14	142	0.907	0.543
7884.000000	14	142	0.907	0.552
7890.000000	14	142	0.907	0.561
7896.000000	14	142	0.905	0.572
7902.000000	14	142	0.902	0.580
7908.000000	14	142	0.900	0.587
7914.000000	14	142	0.898	0.599
7920.000000	14	142	0.896	0.604
7926.000000	14	142	0.896	0.613
7932.000000	14	142	0.894	0.621
7938.000000	14	142	0.892	0.628
7944.000000	14	142	0.889	0.634
7950.000000	14	142	0.886	0.637
7956.000000	14	142	0.882	0.644
7962.000000	14	142	0.872	0.655
7968.000000	14	142	0.869	0.663
7974.000000	14	142	0.861	0.672
7980.000000	14	142	0.849	0.687
7986.000000	14	142	0.836	0.700
7992.000000	14	142	0.823	0.719
7998.000000	14	142	0.801	0.740
8004.000000	14	142	0.778	0.756
8010.000000	142	14	0.767	0.748
8016.000000	142	14	0.789	0.706
8022.000000	142	14	0.809	0.653
8028.000000	142	14	0.837	0.584
8034.000000	142	14	0.869	0.466
8040.000000	142	14	0.906	0.270
8046.000000	142	122	0.939	0.107
8052.000000	142	122	0.951	0.098
8058.000000	142	122	0.953	0.094
8064.000000	142	157	0.954	0.092
8070.000000	142	157	0.952	0.093
8076.000000	142	157	0.950	0.095
8082.000000	142	157	0.948	0.098
8088.000000	142	157	0.949	0.104
8094.000000	142	157	0.947	0.108
8100.000000	142	157	0.945	0.113
8106.000000	142	157	0.944	0.120
8112.000000	142	157	0.944	0.126
8118.000000	142	157	0.947	0.127
8124.000000	142	157	0.946	0.135
8130.000000	142	157	0.945	0.141
8136.000000	142	157	0.945	0.144
8142.000000	142	157	0.944	0.147
8148.000000	142	157	0.941	0.152
8154.000000	142	157	0.938	0.155
8160.000000	142	157	0.935	0.158
8166.000000	142	157	0.932	0.164
8172.000000	142	157	0.930	0.175
8178.000000	142	157	0.927	0.180
8184.000000	142	157	0.925	0.185
8190.000000	142	157	0.922	0.195
8196.000000	142	157	0.917	0.210
8202.000000	142	157	0.914	0.219
8208.000000	142	157	0.911	0.224
8214.000000	142	157	0.906	0.227
8220.000000	142	157	0.900	0.228
8226.000000	142	157	0.893	0.230
8232.000000	142	157	0.885	0.234
8238.000000	142	157	0.879	0.239
8244.000000	142	157	0.871	0.247
8250.000000	142	157	0.861	0.254
8256.000000	142	157	0.851	0.258
8262.000000	142	157	0.837	0.265
8268.000000	142	157	0.818	0.276
8274.000000	142	157	0.803	0.296
8280.000000	142	157	0.783	0.315
8286.000000	142	157	0.757	0.330
8292.000000	142	157	0.720	0.346
8298.000000	142	157	0.681	0.367
8304.000000	142	157	0.623	0.392
8310.000000	142	157	0.542	0.423
8316.000000	157	142	0.470	0.440
8322.000000	157	142	0.525	0.320
8328.000000	157	81	0.591	0.294
8334.000000	157	81	0.640	0.310
8340.000000	157	81	0.671	0.331
8346.000000	157	81	0.699	0.355
8352.000000	157	81	0.708	0.374
8358.000000	157	81	0.716	0.388
8364.000000	157	81	0.728	0.409
8370.000000	157	81	0.739	0.426
8376.000000	157	81	0.747	0.437
8382.000000	157	81	0.750	0.443
8388.000000	157	81	0.755	0.442
8394.000000	157	81	0.757	0.444
8400.000000	157	81	0.764	0.448
8406.000000	157	81	0.765	0.448
8412.000000	157	81	0.764	0.452
8418.000000	157	81	0.769	0.451
8424.000000	157	81	0.772	0.447
8430.000000	157	81	0.782	0.441
8436.000000	157	81	0.786	0.442
8442.000000	157	81	0.790	0.440
8448.000000	157	81	0.794	0.438
8454.000000	157	81	0.793	0.437
8460.000000	157	81	0.789	0.436
8466.000000	157	81	0.788	0.428
8472.000000	157	81	0.792	0.418
8478.000000	157	81	0.797	0.415
8484.000000	157	81	0.799	0.410
8490.000000	157	167	0.800	0.404
8496.000000	157	167	0.802	0.406
8502.000000	157	167	0.809	0.408
8508.000000	157	167	0.816	0.405
8514.000000	157	167	0.819	0.404
8520.000000	157	167	0.820	0.402
8526.000000	157	167	0.822	0.402
8532.000000	157	167	0.828	0.405
8538.000000	157	167	0.834	0.405
8544.000000	157	167	0.837	0.406
8550.000000	157	167	0.844	0.406
8556.000000	157	167	0.848	0.408
8562.000000	157	167	0.849	0.414
8568.000000	157	167	0.848	0.423
8574.000000	157	167	0.850	0.427
8580.000000	157	167	0.854	0.430
8586.000000	157	167	0.855	0.429
8592.000000	157	167	0.859	0.434
8598.000000	157	167	0.863	0.436
8604.000000	157	167	0.871	0.434
8610.000000	157	167	0.875	0.423
8616.000000	157	167	0.873	0.417
8622.000000	157	167	0.874	0.401
8628.000000	157	167	0.873	0.381
8634.000000	157	167	0.872	0.373
8640.000000	157	167	0.870	0.364
8646.000000	157	167	0.868	0.352
8652.000000	157	167	0.869	0.334
8658.000000	157	167	0.866	0.324
8664.000000	157	167	0.861	0.313
8670.000000	157	167	0.857	0.299
8676.000000	157	167	0.854	0.282
8682.000000	157	167	0.849	0.263
8688.000000	157	167	0.844	0.242
8694.000000	157	167	0.841	0.213
8700.000000	157	189	0.838	0.192
8706.000000	157	189	0.833	0.196
8712.000000	157	189	0.834	0.196
8718.000000	157	189	0.830	0.204
8724.000000	157	189	0.824	0.216
8730.000000	157	189	0.814	0.225
8736.000000	157	189	0.804	0.243
8742.000000	157	189	0.794	0.257
8748.000000	157	189	0.783	0.266
8754.000000	157	189	0.776	0.275
8760.000000	157	189	0.761	0.288
8766.000000	157	189	0.742	0.297
8772.000000	157	189	0.725	0.312
8778.000000	157	189	0.701	0.326
8784.000000	157	189	0.666	0.337
8790.000000	157	189	0.624	0.348
8796.000000	157	189	0.575	0.366
8802.000000	157	189	0.510	0.392
8808.000000	157	189	0.435	0.415
8814.000000	189	130	0.451	0.331
8820.000000	189	130	0.496	0.360
8826.000000	189	130	0.547	0.391
8832.000000	189	130	0.582	0.415
8838.000000	189	130	0.601	0.442
8844.000000	189	130	0.623	0.474
8850.000000	189	130	0.644	0.506
8856.000000	189	130	0.653	0.520
8862.000000	189	130	0.663	0.532
8868.000000	189	130	0.669	0.546
8874.000000	189	130	0.679	0.555
8880.000000	189	130	0.682	0.564
8886.000000	189	130	0.686	0.569
8892.000000	189	130	0.688	0.576
8898.000000	189	130	0.690	0.587
8904.000000	189	130	0.689	0.591
8910.000000	189	130	0.686	0.599
8916.000000	189	130	0.685	0.602
8922.000000	189	130	0.688	0.603
8928.000000	189	130	0.692	0.606
8934.000000	189	130	0.693	0.617
8940.000000	189	130	0.695	0.630
8946.000000	189	130	0.691	0.642
8952.000000	189	130	0.691	0.659
8958.000000	189	130	0.690	0.675
8964.000000	189	130	0.690	0.682
8970.000000	189	130	0.694	0.693
8976.000000	189	130	0.704	0.698
8982.000000	189	130	0.706	0.702
8988.000000	189	130	0.710	0.707
8994.000000	130	189	0.717	0.712
9000.000000	130	189	0.725	0.717
9006.000000	130	189	0.738	0.721
9012.000000	130	189	0.750	0.721
9018.000000	130	189	0.757	0.722
9024.000000	130	189	0.770	0.719
9030.000000	130	189	0.784	0.715
9036.000000	130	189	0.797	0.712
9042.000000	130	189	0.803	0.715
9048.000000	130	189	0.812	0.717
9054.000000	130	189	0.820	0.717
9060.000000	130	189	0.829	0.715
9066.000000	130	189	0.837	0.707
9072.000000	130	189	0.841	0.700
9078.000000	130	189	0.850	0.691
9084.000000	130	189	0.864	0.671
9090.000000	130	189	0.875	0.653
9096.000000	130	189	0.877	0.645
9102.000000	130	189	0.880	0.632
9108.000000	130	189	0.884	0.614
9114.000000	130	189	0.885	0.599
9120.000000	130	189	0.887	0.577
9126.000000	130	189	0.891	0.547
9132.000000	130	189	0.894	0.512
9138.000000	130	189	0.895	0.476
9144.000000	130	189	0.901	0.423
9150.000000	130	189	0.912	0.351
9156.000000	130	189	0.919	0.264
9162.000000	130	189	0.922	0.175
9168.000000	130	100	0.928	0.138
9174.000000	130	100	0.931	0.142
9180.000000	130	100	0.936	0.147
9186.000000	130	100	0.941	0.152
9192.000000	130	100	0.941	0.155
9198.000000	130	100	0.941	0.164
9204.000000	130	100	0.939	0.173
9210.000000	130	100	0.936	0.179
9216.000000	130	100	0.933	0.184
9222.000000	130	100	0.928	0.191
9228.000000	130	100	0.923	0.198
9234.000000	130	100	0.918	0.207
9240.000000	130	100	0.917	0.212
9246.000000	130	100	0.918	0.219
9252.000000	130	100	0.913	0.233
9258.000000	130	100	0.907	0.245
9264.000000	130	100	0.904	0.252
9270.000000	130	100	0.899	0.257
9276.000000	130	100	0.891	0.262
9282.000000	130	100	0.883	0.265
9288.000000	130	100	0.874	0.270
9294.000000	130	100	0.863	0.277
9300.000000	130	100	0.853	0.286
9306.000000	130	100	0.844	0.301
9312.000000	130	100	0.830	0.318
9318.000000	130	100	0.812	0.337
9324.000000	130	100	0.794	0.354
9330.000000	130	100	0.777	0.376
9336.000000	130	100	0.749	0.397
9342.000000	130	100	0.695	0.422
9348.000000	130	100	0.640	0.457
9354.000000	130	100	0.562	0.494
9360.000000	100	130	0.529	0.451
9366.000000	100	130	0.602	0.281
9372.000000	100	29	0.674	0.164
9378.000000	100	29	0.738	0.173
9384.000000	100	29	0.793	0.176
9390.000000	100	29	0.823	0.189
9396.000000	100	29	0.853	0.192
9402.000000	100	29	0.866	0.192
9408.000000	100	29	0.873	0.194
9414.000000	100	29	0.876	0.198
9420.000000	100	29	0.881	0.195
9426.000000	100	29	0.890	0.197
9432.000000	100	29	0.893	0.202
9438.000000	100	29	0.894	0.213
9444.000000	100	29	0.896	0.224
9450.000000	100	29	0.906	0.238
9456.000000	100	29	0.909	0.254
9462.000000	100	29	0.912	0.269
9468.000000	100	29	0.915	0.278
9474.000000	100	29	0.915	0.282
9480.000000	100	29	0.915	0.289
9486.000000	100	29	0.915	0.295
9492.000000	100	29	0.915	0.299
9498.000000	100	29	0.915	0.304
9504.000000	100	29	0.916	0.311
9510.000000	100	29	0.919	0.315
9516.000000	100	29	0.922	0.319
9522.000000	100	29	0.923	0.330
9528.000000	100	29	0.923	0.341
9534.000000	100	29	0.924	0.344
9540.000000	100	29	0.925	0.344
9546.000000	100	29	0.927	0.345
9552.000000	100	29	0.928	0.351
9558.000000	100	29	0.928	0.357
9564.000000	100	29	0.929	0.358
9570.000000	100	29	0.929	0.359
9576.000000	100	29	0.928	0.356
9582.000000	100	29	0.926	0.354
9588.000000	100	29	0.924	0.346
9594.000000	100	29	0.922	0.334
9600.000000	100	29	0.921	0.318
9606.000000	100	140	0.921	0.309
9612.000000	100	140	0.920	0.306
9618.000000	100	140	0.917	0.306
9624.000000	100	140	0.916	0.309
9630.000000	100	140	0.915	0.314
9636.000000	100	140	0.915	0.320
9642.000000	100	140	0.915	0.322
9648.000000	100	140	0.914	0.321
9654.000000	100	140	0.913	0.322
9660.000000	100	140	0.913	0.317
9666.000000	100	30	0.914	0.316
9672.000000	100	30	0.913	0.334
9678.000000	100	30	0.913	0.350
9684.000000	100	30	0.912	0.369
9690.000000	100	30	0.910	0.395
9696.000000	100	30	0.906	0.428
9702.000000	100	30	0.901	0.466
9708.000000	100	30	0.892	0.503
9714.000000	100	30	0.885	0.536
9720.000000	100	30	0.878	0.569
9726.000000	100	30	0.868	0.600
9732.000000	100	30	0.853	0.639
9738.000000	100	30	0.841	0.674
9744.000000	100	30	0.823	0.706
9750.000000	100	30	0.800	0.729
9756.000000	100	30	0.766	0.759
9762.000000	30	100	0.778	0.732
9768.000000	30	100	0.804	0.691
9774.000000	30	100	0.846	0.624
9780.000000	30	100	0.868	0.536
9786.000000	30	100	0.903	0.406
9792.000000	30	100	0.926	0.242
9798.000000	30	89	0.939	0.225
9804.000000	30	89	0.948	0.219
9810.000000	30	89	0.953	0.221
9816.000000	30	89	0.955	0.227
9822.000000	30	89	0.954	0.230
9828.000000	30	89	0.954	0.235
9834.000000	30	89	0.954	0.241
9840.000000	30	89	0.955	0.245
9846.000000	30	89	0.953	0.248
9852.000000	30	89	0.952	0.255
9858.000000	30	89	0.951	0.259
9864.000000	30	89	0.950	0.261
9870.000000	30	89	0.950	0.263
9876.000000	30	89	0.952	0.265
9882.000000	30	89	0.954	0.269
9888.000000	30	89	0.953	0.273
9894.000000	30	89	0.951	0.275
9900.000000	30	89	0.950	0.271
9906.000000	30	89	0.948	0.266
9912.000000	30	89	0.946	0.262
9918.000000	30	89	0.945	0.261
9924.000000	30	89	0.944	0.259
9930.000000	30	89	0.942	0.259
9936.000000	30	89	0.941	0.251
9942.000000	30	89	0.939	0.241
9948.000000	30	89	0.937	0.235
9954.000000	30	89	0.934	0.229
9960.000000	30	89	0.931	0.223
9966.000000	30	89	0.930	0.214
9972.000000	30	9	0.929	0.200
9978.000000	30	9	0.928	0.202
9984.000000	30	9	0.927	0.207
9990.000000	30	9	0.923	0.213
9996.000000	30	9	0.920	0.218
10002.000000	30	9	0.914	0.224
10008.000000	30	9	0.910	0.229
10014.000000	30	9	0.906	0.235
10020.000000	30	9	0.902	0.244
10026.000000	30	9	0.897	0.256
10032.000000	30	9	0.890	0.265
10038.000000	30	9	0.882	0.273
10044.000000	30	9	0.876	0.279
10050.000000	30	9	0.867	0.286
10056.000000	30	9	0.862	0.293
10062.000000	30	9	0.856	0.304
10068.000000	30	9	0.848	0.314
10074.000000	30	9	0.837	0.323
10080.000000	30	9	0.824	0.335
10086.000000	30	9	0.813	0.351
10092.000000	30	9	0.797	0.357
10098.000000	30	9	0.775	0.363
10104.000000	30	9	0.756	0.379
10110.000000	30	9	0.732	0.401
10116.000000	30	9	0.696	0.423
10122.000000	30	9	0.646	0.450
10128.000000	30	9	0.560	0.481
10134.000000	9	1	0.528	0.453
10140.000000	9	1	0.567	0.512
10146.000000	9	1	0.625	0.569
10152.000000	9	1	0.675	0.626
10158.000000	9	1	0.710	0.676
10164.000000	9	1	0.723	0.699
10170.000000	9	1	0.733	0.719
10176.000000	9	1	0.747	0.726
10182.000000	9	1	0.751	0.736
10188.000000	9	1	0.754	0.742
10194.000000	9	1	0.759	0.747
10200.000000	9	1	0.761	0.751
10206.000000	9	1	0.762	0.752
10212.000000	9	1	0.766	0.753
10218.000000	9	1	0.764	0.759
10224.000000	1	9	0.771	0.756
10230.000000	1	9	0.778	0.753
10236.000000	1	9	0.788	0.751
10242.000000	1	9	0.792	0.756
10248.000000	1	9	0.796	0.756
10254.000000	1	9	0.799	0.756
10260.000000	1	9	0.800	0.755
10266.000000	1	9	0.800	0.755
10272.000000	1	9	0.801	0.756
10278.000000	1	9	0.810	0.757
10284.000000	1	9	0.819	0.757
10290.000000	1	9	0.824	0.757
10296.000000	1	9	0.831	0.753
10302.000000	1	9	0.839	0.749
10308.000000	1	9	0.841	0.749
10314.000000	1	9	0.842	0.750
10320.000000	1	9	0.842	0.754
10326.000000	1	9	0.843	0.756
10332.000000	1	9	0.842	0.756
10338.000000	1	9	0.841	0.758
10344.000000	1	9	0.840	0.758
10350.000000	1	9	0.841	0.754
10356.000000	1	9	0.843	0.749
10362.000000	1	9	0.846	0.746
10368.000000	1	9	0.856	0.737
10374.000000	1	9	0.864	0.732
10380.000000	1	9	0.868	0.727
10386.000000	1	9	0.872	0.721
10392.000000	1	9	0.880	0.710
10398.000000	1	9	0.883	0.700
10404.000000	1	9	0.884	0.691
10410.000000	1	9	0.887	0.678
10416.000000	1	9	0.893	0.666
10422.000000	1	9	0.893	0.653
10428.000000	1	9	0.894	0.635
10434.000000	1	9	0.895	0.607
10440.000000	1	9	0.898	0.561
10446.000000	1	9	0.909	0.495
10452.000000	1	9	0.919	0.407
10458.000000	1	9	0.931	0.300
10464.000000	1	9	0.943	0.179
10470.000000	1	9	0.954	0.084
10476.000000	1	187	0.958	0.056
10482.000000	1	0	0.963	0.053
10488.000000	1	0	0.967	0.053
10494.000000	1	0	0.970	0.054
10500.000000	1	0	0.967	0.054
10506.000000	1	0	0.965	0.055
10512.000000	1	0	0.964	0.057
10518.000000	1	0	0.965	0.057
10524.000000	1	0	0.965	0.056
10530.000000	1	154	0.965	0.057
10536.000000	1	154	0.966	0.061
10542.000000	1	154	0.968	0.062
10548.000000	1	154	0.967	0.063
10554.000000	1	154	0.967	0.065
10560.000000	1	154	0.966	0.065
10566.000000	1	154	0.966	0.065
10572.000000	1	154	0.965	0.065
10578.000000	1	154	0.965	0.066
10584.000000	1	154	0.964	0.066
10590.000000	1	154	0.964	0.065
10596.000000	1	154	0.963	0.064
10602.000000	1	86	0.963	0.065
10608.000000	1	86	0.963	0.064
10614.000000	1	154	0.962	0.063
10620.000000	1	154	0.961	0.062
10626.000000	1	154	0.960	0.061
10632.000000	1	154	0.959	0.060
10638.000000	1	154	0.959	0.062
10644.000000	1	154	0.958	0.061
10650.000000	1	154	0.958	0.061
10656.000000	1	154	0.957	0.059
10662.000000	1	154	0.957	0.057
10668.000000	1	154	0.958	0.055
10674.000000	1	185	0.960	0.053
10680.000000	1	185	0.961	0.055
10686.000000	1	185	0.963	0.056
10692.000000	1	185	0.965	0.054
10698.000000	1	160	0.966	0.052
10704.000000	1	160	0.967	0.053
10710.000000	1	160	0.969	0.053
10716.000000	1	160	0.970	0.054
10722.000000	1	160	0.970	0.055
10728.000000	1	160	0.970	0.053
10734.000000	1	160	0.970	0.052
10740.000000	1	160	0.970	0.051
10746.000000	1	160	0.970	0.048
10752.000000	1	187	0.970	0.047
10758.000000	1	187	0.970	0.046
10764.000000	1	75	0.970	0.047
10770.000000	1	75	0.970	0.048
10776.000000	1	75	0.970	0.049
10782.000000	1	75	0.970	0.049
10788.000000	1	75	0.971	0.049
10794.000000	1	75	0.972	0.049
10800.000000	1	75	0.975	0.049
10806.000000	1	75	0.977	0.049
10812.000000	1	75	0.978	0.048
10818.000000	1	75	0.980	0.046
10824.000000	1	75	0.981	0.046
10830.000000	1	75	0.981	0.048
10836.000000	1	75	0.981	0.049
10842.000000	1	75	0.981	0.048
10848.000000	1	75	0.981	0.047
10854.000000	1	75	0.980	0.045
10860.000000	1	75	0.978	0.043
10866.000000	1	75	0.978	0.042
10872.000000	1	70	0.978	0.043
10878.000000	1	70	0.977	0.044
10884.000000	1	70	0.977	0.045
10890.000000	1	70	0.977	0.044
10896.000000	1	70	0.977	0.044
10902.000000	1	70	0.977	0.042
10908.000000	1	70	0.977	0.041
10914.000000	1	70	0.976	0.041
10920.000000	1	70	0.976	0.041
10926.000000	1	183	0.976	0.041
10932.000000	1	183	0.975	0.042
10938.000000	1	183	0.975	0.042
10944.000000	1	183	0.974	0.042
10950.000000	1	183	0.972	0.043
10956.000000	1	183	0.970	0.043
10962.000000	1	183	0.968	0.043
10968.000000	1	183	0.968	0.044
10974.000000	1	183	0.968	0.044
10980.000000	1	183	0.967	0.046
10986.000000	1	183	0.967	0.048
10992.000000	1	183	0.967	0.050
10998.000000	1	183	0.966	0.050
11004.000000	1	183	0.965	0.049
11010.000000	1	183	0.964	0.048
11016.000000	1	183	0.962	0.048
11022.000000	1	183	0.962	0.049
11028.000000	1	183	0.962	0.050
11034.000000	1	183	0.961	0.049
11040.000000	1	183	0.961	0.047
11046.000000	1	183	0.960	0.046
11052.000000	1	183	0.959	0.044
11058.000000	1	183	0.958	0.044
11064.000000	1	183	0.957	0.044
11070.000000	1	183	0.957	0.044
11076.000000	1	183	0.957	0.044
11082.000000	1	183	0.956	0.044
11088.000000	1	183	0.956	0.043
11094.000000	1	183	0.955	0.043
11100.000000	1	183	0.956	0.042
11106.000000	1	183	0.957	0.040
11112.000000	1	183	0.958	0.038
11118.000000	1	183	0.958	0.037
11124.000000	1	183	0.960	0.037
11130.000000	1	183	0.961	0.037
11136.000000	1	183	0.961	0.037
11142.000000	1	183	0.961	0.037
11148.000000	1	183	0.961	0.037
11154.000000	1	30	0.960	0.038
11160.000000	1	30	0.960	0.038
11166.000000	1	30	0.960	0.038
11172.000000	1	30	0.959	0.038
11178.000000	1	30	0.956	0.038
11184.000000	1	138	0.954	0.038
11190.000000	1	138	0.955	0.039
11196.000000	1	138	0.956	0.039
11202.000000	1	138	0.957	0.039
11208.000000	1	138	0.958	0.039
11214.000000	1	138	0.958	0.039
11220.000000	1	138	0.958	0.039
11226.000000	1	138	0.959	0.039
11232.000000	1	138	0.959	0.039
11238.000000	1	138	0.959	0.039
11244.000000	1	138	0.958	0.040
11250.000000	1	138	0.959	0.040
11256.000000	1	138	0.960	0.040
11262.000000	1	138	0.959	0.040
11268.000000	1	138	0.958	0.040
11274.000000	1	138	0.957	0.039
11280.000000	1	160	0.956	0.039
11286.000000	1	138	0.956	0.039
11292.000000	1	138	0.956	0.042
11298.000000	1	138	0.957	0.043
11304.000000	1	138	0.959	0.043
11310.000000	1	138	0.959	0.045
11316.000000	1	138	0.958	0.047
11322.000000	1	138	0.957	0.047
11328.000000	1	138	0.957	0.048
11334.000000	1	138	0.957	0.048
11340.000000	1	138	0.958	0.048
11346.000000	1	138	0.960	0.047
11352.000000	1	138	0.963	0.046
11358.000000	1	138	0.965	0.046
11364.000000	1	138	0.967	0.046
11370.000000	1	138	0.967	0.047
11376.000000	1	138	0.967	0.047
11382.000000	1	138	0.967	0.049
11388.000000	1	138	0.967	0.051
11394.000000	1	138	0.967	0.053
11400.000000	1	138	0.967	0.054
11406.000000	1	138	0.966	0.054
11412.000000	1	138	0.966	0.055
11418.000000	1	138	0.966	0.054
11424.000000	1	138	0.967	0.053
11430.000000	1	138	0.968	0.053
11436.000000	1	138	0.968	0.052
11442.000000	1	138	0.966	0.051
11448.000000	1	138	0.964	0.050
11454.000000	1	138	0.961	0.050
11460.000000	1	138	0.959	0.051
11466.000000	1	138	0.957	0.052
11472.000000	1	138	0.956	0.050
11478.000000	1	138	0.954	0.049
11484.000000	1	138	0.952	0.048
11490.000000	1	138	0.949	0.048
11496.000000	1	138	0.948	0.048
11502.000000	1	138	0.946	0.047
11508.000000	1	138	0.945	0.047
11514.000000	1	138	0.941	0.045
11520.000000	1	138	0.937	0.043
11526.000000	1	94	0.933	0.039
11532.000000	1	94	0.928	0.039
11538.000000	1	185	0.924	0.039
11544.000000	1	185	0.918	0.041
11550.000000	1	185	0.908	0.042
11556.000000	1	185	0.899	0.043
11562.000000	1	185	0.892	0.044
11568.000000	1	185	0.882	0.047
11574.000000	1	185	0.870	0.048
11580.000000	1	185	0.852	0.048
11586.000000	1	185	0.829	0.049
11592.000000	1	185	0.795	0.051
11598.000000	1	185	0.737	0.053
11604.000000	1	185	0.644	0.056
11610.000000	1	185	0.473	0.058
11616.000000	1	185	0.176	0.046
11622.000000	185	165	0.032	0.031
11628.000000	165	185	0.029	0.025
11634.000000	165	185	0.024	0.021
11640.000000	165	185	0.021	0.018
11646.000000	165	185	0.020	0.017
11652.000000	165	185	0.018	0.016
11658.000000	165	185	0.016	0.014
11664.000000	165	185	0.013	0.011
11670.000000	165	185	0.012	0.008
11676.000000	165	119	0.009	0.008
