0.000000	125	102	0.000	0.000
6.000000	152	109	0.992	0.035
12.000000	152	109	0.993	0.036
18.000000	152	109	0.992	0.037
24.000000	152	109	0.992	0.038
30.000000	152	109	0.991	0.039
36.000000	152	109	0.990	0.042
42.000000	152	109	0.989	0.046
48.000000	152	109	0.987	0.052
54.000000	152	109	0.986	0.057
60.000000	152	109	0.984	0.062
66.000000	152	109	0.982	0.068
72.000000	152	109	0.981	0.074
78.000000	152	109	0.979	0.083
84.000000	152	109	0.976	0.091
90.000000	152	109	0.973	0.097
96.000000	152	65	0.970	0.108
102.000000	152	65	0.966	0.117
108.000000	152	109	0.963	0.128
114.000000	152	42	0.959	0.140
120.000000	152	42	0.954	0.158
126.000000	152	42	0.950	0.174
132.000000	152	42	0.946	0.188
138.000000	152	42	0.942	0.207
144.000000	152	42	0.938	0.217
150.000000	152	42	0.934	0.223
156.000000	152	65	0.931	0.229
162.000000	152	65	0.930	0.236
168.000000	152	65	0.928	0.242
174.000000	152	65	0.926	0.247
180.000000	152	65	0.925	0.252
186.000000	152	65	0.923	0.253
192.000000	152	65	0.922	0.252
198.000000	152	65	0.921	0.252
204.000000	152	65	0.920	0.252
210.000000	152	65	0.919	0.251
216.000000	152	42	0.918	0.253
222.000000	152	42	0.917	0.256
228.000000	152	42	0.917	0.259
234.000000	152	42	0.915	0.262
240.000000	152	42	0.911	0.266
246.000000	152	42	0.910	0.271
252.000000	152	42	0.910	0.274
258.000000	152	42	0.910	0.276
264.000000	152	109	0.910	0.284
270.000000	152	109	0.909	0.289
276.000000	152	109	0.908	0.293
282.000000	152	42	0.907	0.300
288.000000	152	109	0.906	0.317
294.000000	152	109	0.904	0.326
300.000000	152	42	0.904	0.342
306.000000	152	42	0.903	0.362
312.000000	152	42	0.903	0.372
318.000000	152	42	0.902	0.383
324.000000	152	42	0.900	0.392
330.000000	152	42	0.895	0.399
336.000000	152	42	0.888	0.421
342.000000	152	42	0.884	0.433
348.000000	152	42	0.882	0.441
354.000000	152	42	0.878	0.456
360.000000	152	42	0.871	0.475
366.000000	152	42	0.863	0.488
372.000000	152	42	0.858	0.502
378.000000	152	42	0.849	0.520
384.000000	152	42	0.834	0.536
390.000000	152	42	0.811	0.554
396.000000	152	42	0.786	0.573
402.000000	152	42	0.754	0.596
408.000000	152	42	0.718	0.607
414.000000	152	42	0.677	0.618
420.000000	42	152	0.645	0.613
426.000000	42	109	0.678	0.522
432.000000	42	109	0.705	0.549
438.000000	42	109	0.738	0.594
444.000000	42	109	0.758	0.630
450.000000	42	109	0.772	0.659
456.000000	42	109	0.780	0.672
462.000000	42	109	0.777	0.677
468.000000	42	109	0.776	0.681
474.000000	42	109	0.775	0.678
480.000000	42	109	0.775	0.674
486.000000	42	109	0.779	0.675
492.000000	42	109	0.782	0.677
498.000000	42	109	0.785	0.673
504.000000	42	109	0.789	0.670
510.000000	42	109	0.792	0.670
516.000000	42	109	0.797	0.666
522.000000	42	109	0.801	0.658
528.000000	42	109	0.802	0.650
534.000000	42	109	0.802	0.646
540.000000	42	109	0.802	0.637
546.000000	42	109	0.802	0.632
552.000000	42	109	0.805	0.627
558.000000	42	109	0.806	0.621
564.000000	42	109	0.808	0.615
570.000000	42	109	0.809	0.610
576.000000	42	109	0.810	0.611
582.000000	42	109	0.814	0.606
588.000000	42	109	0.817	0.597
594.000000	42	109	0.818	0.588
600.000000	42	109	0.822	0.578
606.000000	42	109	0.830	0.564
612.000000	42	109	0.837	0.552
618.000000	42	109	0.847	0.536
624.000000	42	109	0.856	0.517
630.000000	42	109	0.861	0.486
636.000000	42	109	0.863	0.450
642.000000	42	109	0.865	0.415
648.000000	42	109	0.871	0.366
654.000000	42	109	0.879	0.315
660.000000	42	109	0.887	0.255
666.000000	42	109	0.896	0.190
672.000000	42	116	0.902	0.195
678.000000	42	116	0.914	0.205
684.000000	42	116	0.920	0.216
690.000000	42	116	0.923	0.232
696.000000	42	116	0.919	0.245
702.000000	42	116	0.917	0.257
708.000000	42	116	0.915	0.262
714.000000	42	116	0.912	0.267
720.000000	42	116	0.910	0.274
726.000000	42	116	0.907	0.283
732.000000	42	116	0.903	0.288
738.000000	42	116	0.898	0.296
744.000000	42	116	0.892	0.304
750.000000	42	116	0.889	0.313
756.000000	42	116	0.886	0.319
762.000000	42	116	0.882	0.322
768.000000	42	116	0.877	0.324
774.000000	42	116	0.874	0.322
780.000000	42	116	0.868	0.318
786.000000	42	116	0.861	0.310
792.000000	42	116	0.854	0.308
798.000000	42	116	0.844	0.308
804.000000	42	116	0.830	0.302
810.000000	42	116	0.817	0.300
816.000000	42	10	0.803	0.304
822.000000	42	10	0.788	0.314
828.000000	42	10	0.771	0.330
834.000000	42	10	0.753	0.345
840.000000	42	10	0.729	0.360
846.000000	42	10	0.702	0.374
852.000000	42	10	0.671	0.393
858.000000	42	10	0.621	0.405
864.000000	42	10	0.560	0.425
870.000000	42	10	0.478	0.458
876.000000	10	42	0.491	0.384
882.000000	10	42	0.531	0.258
888.000000	10	87	0.577	0.240
894.000000	10	87	0.608	0.255
900.000000	10	87	0.621	0.275
906.000000	10	87	0.629	0.294
912.000000	10	87	0.628	0.305
918.000000	10	87	0.639	0.320
924.000000	10	87	0.642	0.338
930.000000	10	87	0.654	0.349
936.000000	10	87	0.671	0.353
942.000000	10	87	0.682	0.358
948.000000	10	87	0.695	0.362
954.000000	10	87	0.703	0.365
960.000000	10	87	0.705	0.377
966.000000	10	87	0.706	0.390
972.000000	10	87	0.707	0.400
978.000000	10	87	0.706	0.404
984.000000	10	87	0.706	0.401
990.000000	10	87	0.713	0.401
996.000000	10	87	0.712	0.400
1002.000000	10	87	0.713	0.402
1008.000000	10	87	0.716	0.406
1014.000000	10	87	0.717	0.412
1020.000000	10	87	0.723	0.420
1026.000000	10	87	0.725	0.427
1032.000000	10	87	0.728	0.427
1038.000000	10	87	0.736	0.422
1044.000000	10	87	0.734	0.425
1050.000000	10	87	0.732	0.430
1056.000000	10	87	0.732	0.431
1062.000000	10	87	0.736	0.433
1068.000000	10	87	0.741	0.433
1074.000000	10	87	0.753	0.425
1080.000000	10	87	0.762	0.419
1086.000000	10	87	0.775	0.411
1092.000000	10	87	0.789	0.410
1098.000000	10	87	0.798	0.406
1104.000000	10	87	0.801	0.396
1110.000000	10	87	0.804	0.379
1116.000000	10	87	0.810	0.359
1122.000000	10	87	0.815	0.344
1128.000000	10	87	0.819	0.322
1134.000000	10	87	0.823	0.300
1140.000000	10	87	0.825	0.288
1146.000000	10	87	0.828	0.270
1152.000000	10	90	0.829	0.264
1158.000000	10	90	0.831	0.281
1164.000000	10	90	0.832	0.302
1170.000000	10	90	0.830	0.333
1176.000000	10	90	0.827	0.369
1182.000000	10	90	0.826	0.408
1188.000000	10	90	0.825	0.431
1194.000000	10	90	0.821	0.455
1200.000000	10	90	0.812	0.476
1206.000000	10	90	0.806	0.499
1212.000000	10	90	0.801	0.518
1218.000000	10	90	0.793	0.537
1224.000000	10	90	0.787	0.556
1230.000000	10	90	0.779	0.585
1236.000000	10	90	0.773	0.602
1242.000000	10	90	0.763	0.617
1248.000000	10	90	0.757	0.633
1254.000000	10	90	0.750	0.650
1260.000000	10	90	0.740	0.667
1266.000000	10	90	0.725	0.680
1272.000000	90	10	0.699	0.696
1278.000000	90	10	0.721	0.660
1284.000000	90	10	0.752	0.614
1290.000000	90	10	0.772	0.564
1296.000000	90	10	0.797	0.475
1302.000000	90	10	0.819	0.361
1308.000000	90	37	0.861	0.314
1314.000000	90	37	0.885	0.347
1320.000000	90	37	0.895	0.371
1326.000000	90	37	0.902	0.398
1332.000000	90	37	0.907	0.421
1338.000000	90	37	0.910	0.436
1344.000000	90	37	0.915	0.446
1350.000000	90	37	0.914	0.463
1356.000000	90	37	0.913	0.478
1362.000000	90	37	0.911	0.500
1368.000000	90	37	0.910	0.516
1374.000000	90	37	0.908	0.527
1380.000000	90	37	0.905	0.539
1386.000000	90	37	0.907	0.544
1392.000000	90	37	0.906	0.549
1398.000000	90	37	0.901	0.558
1404.000000	90	37	0.900	0.561
1410.000000	90	37	0.899	0.562
1416.000000	90	37	0.898	0.560
1422.000000	90	37	0.896	0.562
1428.000000	90	37	0.895	0.565
1434.000000	90	37	0.894	0.566
1440.000000	90	37	0.892	0.568
1446.000000	90	37	0.890	0.568
1452.000000	90	37	0.888	0.570
1458.000000	90	37	0.883	0.577
1464.000000	90	37	0.880	0.580
1470.000000	90	37	0.871	0.589
1476.000000	90	37	0.866	0.597
1482.000000	90	37	0.860	0.607
1488.000000	90	37	0.854	0.611
1494.000000	90	37	0.846	0.619
1500.000000	90	37	0.840	0.624
1506.000000	90	37	0.835	0.628
1512.000000	90	37	0.827	0.630
1518.000000	90	37	0.819	0.631
1524.000000	90	37	0.808	0.631
1530.000000	90	37	0.799	0.630
1536.000000	90	37	0.795	0.627
1542.000000	90	37	0.788	0.624
1548.000000	90	37	0.773	0.630
1554.000000	90	37	0.761	0.628
1560.000000	90	37	0.742	0.628
1566.000000	90	37	0.721	0.633
1572.000000	90	37	0.700	0.631
1578.000000	90	37	0.665	0.641
1584.000000	37	90	0.650	0.637
1590.000000	37	90	0.652	0.594
1596.000000	37	90	0.660	0.532
1602.000000	37	90	0.667	0.448
1608.000000	37	90	0.678	0.351
1614.000000	37	90	0.699	0.261
1620.000000	37	194	0.723	0.204
1626.000000	37	194	0.738	0.211
1632.000000	37	184	0.742	0.221
1638.000000	37	184	0.740	0.236
1644.000000	37	184	0.743	0.248
1650.000000	37	184	0.740	0.263
1656.000000	37	184	0.730	0.281
1662.000000	37	184	0.718	0.294
1668.000000	37	184	0.708	0.299
1674.000000	37	184	0.697	0.308
1680.000000	37	184	0.686	0.317
1686.000000	37	184	0.674	0.323
1692.000000	37	184	0.666	0.332
1698.000000	37	184	0.660	0.337
1704.000000	37	184	0.654	0.341
1710.000000	37	184	0.649	0.346
1716.000000	37	184	0.641	0.351
1722.000000	37	184	0.628	0.361
1728.000000	37	184	0.619	0.374
1734.000000	37	184	0.610	0.385
1740.000000	37	184	0.591	0.392
1746.000000	37	184	0.566	0.397
1752.000000	37	184	0.534	0.404
1758.000000	37	184	0.504	0.410
1764.000000	37	184	0.459	0.419
1770.000000	184	37	0.437	0.400
1776.000000	184	194	0.459	0.349
1782.000000	184	194	0.475	0.353
1788.000000	184	194	0.486	0.362
1794.000000	184	194	0.506	0.369
1800.000000	184	194	0.525	0.374
1806.000000	184	194	0.548	0.379
1812.000000	184	194	0.569	0.385
1818.000000	184	194	0.587	0.382
1824.000000	184	194	0.612	0.380
1830.000000	184	194	0.639	0.381
1836.000000	184	194	0.653	0.386
1842.000000	184	194	0.663	0.390
1848.000000	184	194	0.671	0.394
1854.000000	184	194	0.676	0.392
1860.000000	184	194	0.683	0.392
1866.000000	184	194	0.696	0.390
1872.000000	184	194	0.701	0.381
1878.000000	184	194	0.706	0.368
1884.000000	184	194	0.710	0.361
1890.000000	184	194	0.722	0.356
1896.000000	184	194	0.734	0.358
1902.000000	184	194	0.737	0.350
1908.000000	184	160	0.744	0.333
1914.000000	184	160	0.755	0.333
1920.000000	184	160	0.775	0.325
1926.000000	184	160	0.790	0.319
1932.000000	184	160	0.793	0.318
1938.000000	184	160	0.798	0.314
1944.000000	184	160	0.804	0.314
1950.000000	184	160	0.812	0.313
1956.000000	184	160	0.812	0.317
1962.000000	184	160	0.813	0.311
1968.000000	184	160	0.814	0.297
1974.000000	184	160	0.821	0.287
1980.000000	184	160	0.826	0.287
1986.000000	184	160	0.833	0.287
1992.000000	184	160	0.839	0.282
1998.000000	184	160	0.844	0.269
2004.000000	184	160	0.845	0.253
2010.000000	184	71	0.850	0.238
2016.000000	184	71	0.853	0.236
2022.000000	184	71	0.861	0.234
2028.000000	184	71	0.867	0.230
2034.000000	184	71	0.870	0.223
2040.000000	184	71	0.873	0.217
2046.000000	184	69	0.876	0.206
2052.000000	184	69	0.880	0.204
2058.000000	184	69	0.882	0.209
2064.000000	184	69	0.883	0.213
2070.000000	184	69	0.882	0.214
2076.000000	184	69	0.883	0.211
2082.000000	184	69	0.883	0.205
2088.000000	184	69	0.883	0.196
2094.000000	184	69	0.883	0.183
2100.000000	184	69	0.882	0.167
2106.000000	184	114	0.882	0.161
2112.000000	184	114	0.881	0.171
2118.000000	184	114	0.879	0.173
2124.000000	184	114	0.873	0.178
2130.000000	184	114	0.867	0.185
2136.000000	184	114	0.863	0.189
2142.000000	184	114	0.859	0.194
2148.000000	184	114	0.857	0.197
2154.000000	184	114	0.853	0.200
2160.000000	184	114	0.851	0.205
2166.000000	184	114	0.849	0.210
2172.000000	184	114	0.845	0.211
2178.000000	184	114	0.837	0.207
2184.000000	184	114	0.825	0.204
2190.000000	184	114	0.813	0.203
2196.000000	184	112	0.805	0.205
2202.000000	184	112	0.797	0.211
2208.000000	184	112	0.791	0.220
2214.000000	184	112	0.778	0.224
2220.000000	184	112	0.765	0.227
2226.000000	184	112	0.752	0.233
2232.000000	184	112	0.736	0.239
2238.000000	184	112	0.713	0.246
2244.000000	184	112	0.682	0.251
2250.000000	184	112	0.648	0.255
2256.000000	184	112	0.607	0.260
2262.000000	184	112	0.561	0.270
2268.000000	184	112	0.503	0.276
2274.000000	184	112	0.420	0.291
2280.000000	184	112	0.317	0.309
2286.000000	112	39	0.318	0.246
2292.000000	112	39	0.329	0.261
2298.000000	112	39	0.342	0.283
2304.000000	112	39	0.352	0.305
2310.000000	112	39	0.370	0.321
2316.000000	112	39	0.384	0.336
2322.000000	112	39	0.404	0.344
2328.000000	112	39	0.425	0.348
2334.000000	112	39	0.439	0.347
2340.000000	112	39	0.452	0.352
2346.000000	112	39	0.462	0.357
2352.000000	112	39	0.471	0.358
2358.000000	112	39	0.480	0.362
2364.000000	112	39	0.501	0.370
2370.000000	112	39	0.518	0.374
2376.000000	112	39	0.529	0.382
2382.000000	112	39	0.539	0.386
2388.000000	112	39	0.547	0.392
2394.000000	112	39	0.561	0.393
2400.000000	112	39	0.567	0.397
2406.000000	112	39	0.570	0.400
2412.000000	112	39	0.579	0.411
2418.000000	112	39	0.591	0.418
2424.000000	112	39	0.606	0.422
2430.000000	112	39	0.622	0.422
2436.000000	112	39	0.641	0.422
2442.000000	112	39	0.660	0.431
2448.000000	112	39	0.666	0.444
2454.000000	112	39	0.676	0.456
2460.000000	112	39	0.688	0.467
2466.000000	112	39	0.705	0.475
2472.000000	112	39	0.718	0.479
2478.000000	112	39	0.722	0.482
2484.000000	112	39	0.724	0.486
2490.000000	112	39	0.729	0.491
2496.000000	112	39	0.737	0.494
2502.000000	112	39	0.742	0.502
2508.000000	112	39	0.752	0.503
2514.000000	112	39	0.762	0.501
2520.000000	112	39	0.765	0.506
2526.000000	112	39	0.766	0.511
2532.000000	112	39	0.767	0.513
2538.000000	112	39	0.777	0.512
2544.000000	112	39	0.782	0.518
2550.000000	112	39	0.793	0.524
2556.000000	112	39	0.798	0.532
2562.000000	112	39	0.803	0.539
2568.000000	112	39	0.816	0.538
2574.000000	112	39	0.825	0.532
2580.000000	112	39	0.833	0.532
2586.000000	112	39	0.836	0.536
2592.000000	112	39	0.839	0.538
2598.000000	112	39	0.839	0.537
2604.000000	112	39	0.841	0.534
2610.000000	112	39	0.836	0.535
2616.000000	112	39	0.831	0.535
2622.000000	112	39	0.829	0.531
2628.000000	112	39	0.831	0.523
2634.000000	112	39	0.833	0.518
2640.000000	112	39	0.841	0.507
2646.000000	112	39	0.839	0.497
2652.000000	112	39	0.831	0.487
2658.000000	112	39	0.831	0.471
2664.000000	112	39	0.830	0.454
2670.000000	112	39	0.829	0.436
2676.000000	112	39	0.825	0.417
2682.000000	112	39	0.821	0.398
2688.000000	112	39	0.816	0.380
2694.000000	112	39	0.813	0.365
2700.000000	112	39	0.810	0.349
2706.000000	112	140	0.806	0.356
2712.000000	112	140	0.804	0.357
2718.000000	112	140	0.805	0.363
2724.000000	112	140	0.804	0.372
2730.000000	112	140	0.808	0.376
2736.000000	112	140	0.805	0.378
2742.000000	112	140	0.796	0.391
2748.000000	112	140	0.787	0.416
2754.000000	112	140	0.774	0.443
2760.000000	112	140	0.760	0.461
2766.000000	112	140	0.747	0.476
2772.000000	112	140	0.726	0.496
2778.000000	112	140	0.695	0.513
2784.000000	112	140	0.667	0.531
2790.000000	112	140	0.635	0.551
2796.000000	112	140	0.579	0.573
2802.000000	140	112	0.600	0.503
2808.000000	140	112	0.628	0.410
2814.000000	140	112	0.661	0.309
2820.000000	140	41	0.704	0.237
2826.000000	140	41	0.741	0.244
2832.000000	140	41	0.777	0.258
2838.000000	140	41	0.790	0.267
2844.000000	140	41	0.799	0.272
2850.000000	140	41	0.807	0.279
2856.000000	140	41	0.815	0.291
2862.000000	140	41	0.814	0.299
2868.000000	140	41	0.815	0.303
2874.000000	140	41	0.816	0.300
2880.000000	140	41	0.816	0.300
2886.000000	140	41	0.816	0.297
2892.000000	140	41	0.813	0.294
2898.000000	140	41	0.811	0.290
2904.000000	140	41	0.811	0.286
2910.000000	140	41	0.812	0.283
2916.000000	140	41	0.811	0.276
2922.000000	140	41	0.812	0.273
2928.000000	140	10	0.813	0.274
2934.000000	140	10	0.814	0.280
2940.000000	140	10	0.816	0.283
2946.000000	140	10	0.817	0.288
2952.000000	140	10	0.814	0.295
2958.000000	140	10	0.816	0.300
2964.000000	140	10	0.817	0.303
2970.000000	140	10	0.819	0.306
2976.000000	140	10	0.823	0.306
2982.000000	140	10	0.832	0.309
2988.000000	140	10	0.833	0.313
2994.000000	140	10	0.835	0.317
3000.000000	140	10	0.839	0.313
3006.000000	140	10	0.839	0.307
3012.000000	140	10	0.840	0.311
3018.000000	140	10	0.842	0.311
3024.000000	140	10	0.846	0.308
3030.000000	140	10	0.847	0.304
3036.000000	140	10	0.848	0.303
3042.000000	140	10	0.843	0.299
3048.000000	140	10	0.840	0.295
3054.000000	140	199	0.830	0.301
3060.000000	140	199	0.820	0.310
3066.000000	140	199	0.808	0.330
3072.000000	140	199	0.791	0.353
3078.000000	140	199	0.771	0.379
3084.000000	140	199	0.757	0.408
3090.000000	140	199	0.743	0.437
3096.000000	140	199	0.725	0.457
3102.000000	140	199	0.702	0.484
3108.000000	140	199	0.683	0.507
3114.000000	140	199	0.664	0.537
3120.000000	140	199	0.639	0.572
3126.000000	199	140	0.603	0.601
3132.000000	199	140	0.636	0.551
3138.000000	199	140	0.673	0.495
3144.000000	199	140	0.717	0.412
3150.000000	199	140	0.759	0.318
3156.000000	199	51	0.805	0.293
3162.000000	199	51	0.832	0.316
3168.000000	199	51	0.847	0.334
3174.000000	199	51	0.861	0.350
3180.000000	199	51	0.867	0.363
3186.000000	199	51	0.874	0.378
3192.000000	199	51	0.876	0.393
3198.000000	199	51	0.877	0.402
3204.000000	199	51	0.880	0.406
3210.000000	199	51	0.882	0.414
3216.000000	199	51	0.887	0.421
3222.000000	199	51	0.884	0.430
3228.000000	199	51	0.881	0.435
3234.000000	199	51	0.879	0.437
3240.000000	199	51	0.882	0.441
3246.000000	199	51	0.879	0.446
3252.000000	199	51	0.875	0.452
3258.000000	199	51	0.872	0.457
3264.000000	199	51	0.872	0.459
3270.000000	199	51	0.870	0.459
3276.000000	199	51	0.868	0.458
3282.000000	199	51	0.868	0.454
3288.000000	199	51	0.866	0.455
3294.000000	199	51	0.866	0.459
3300.000000	199	51	0.866	0.467
3306.000000	199	51	0.864	0.469
3312.000000	199	51	0.866	0.460
3318.000000	199	167	0.861	0.467
3324.000000	199	167	0.855	0.490
3330.000000	199	167	0.850	0.508
3336.000000	199	167	0.843	0.522
3342.000000	199	167	0.836	0.543
3348.000000	199	167	0.826	0.562
3354.000000	199	167	0.818	0.585
3360.000000	199	167	0.809	0.605
3366.000000	199	167	0.794	0.628
3372.000000	199	167	0.783	0.657
3378.000000	199	167	0.772	0.685
3384.000000	199	167	0.760	0.700
3390.000000	199	167	0.747	0.711
3396.000000	167	199	0.739	0.722
3402.000000	167	199	0.750	0.705
3408.000000	167	199	0.769	0.684
3414.000000	167	199	0.785	0.664
3420.000000	167	199	0.790	0.645
3426.000000	167	199	0.800	0.618
3432.000000	167	199	0.815	0.581
3438.000000	167	199	0.839	0.519
3444.000000	167	199	0.854	0.441
3450.000000	167	199	0.861	0.351
3456.000000	167	157	0.865	0.273
3462.000000	167	157	0.872	0.293
3468.000000	167	157	0.877	0.311
3474.000000	167	157	0.886	0.322
3480.000000	167	157	0.891	0.333
3486.000000	167	157	0.898	0.344
3492.000000	167	157	0.898	0.358
3498.000000	167	157	0.896	0.380
3504.000000	167	157	0.895	0.395
3510.000000	167	157	0.895	0.409
3516.000000	167	157	0.896	0.423
3522.000000	167	157	0.894	0.434
3528.000000	167	157	0.890	0.446
3534.000000	167	157	0.886	0.458
3540.000000	167	157	0.888	0.469
3546.000000	167	157	0.887	0.476
3552.000000	167	157	0.886	0.482
3558.000000	167	157	0.886	0.487
3564.000000	167	157	0.883	0.491
3570.000000	167	157	0.881	0.495
3576.000000	167	157	0.879	0.498
3582.000000	167	157	0.875	0.502
3588.000000	167	157	0.868	0.509
3594.000000	167	157	0.862	0.511
3600.000000	167	157	0.852	0.519
3606.000000	167	157	0.847	0.528
3612.000000	167	157	0.843	0.540
3618.000000	167	157	0.836	0.548
3624.000000	167	157	0.827	0.558
3630.000000	167	157	0.815	0.572
3636.000000	167	157	0.805	0.586
3642.000000	167	157	0.797	0.601
3648.000000	167	157	0.787	0.619
3654.000000	167	157	0.776	0.631
3660.000000	167	157	0.761	0.645
3666.000000	167	157	0.754	0.654
3672.000000	167	157	0.743	0.664
3678.000000	167	157	0.727	0.675
3684.000000	167	157	0.713	0.684
3690.000000	167	157	0.698	0.689
3696.000000	157	167	0.700	0.671
3702.000000	157	167	0.710	0.642
3708.000000	157	167	0.726	0.607
3714.000000	157	167	0.736	0.564
3720.000000	157	167	0.750	0.488
3726.000000	157	167	0.771	0.387
3732.000000	157	167	0.811	0.255
3738.000000	157	25	0.836	0.167
3744.000000	157	132	0.857	0.165
3750.000000	157	132	0.875	0.169
3756.000000	157	73	0.876	0.180
3762.000000	157	73	0.878	0.200
3768.000000	157	73	0.888	0.213
3774.000000	157	73	0.896	0.228
3780.000000	157	73	0.897	0.238
3786.000000	157	73	0.896	0.248
3792.000000	157	73	0.894	0.255
3798.000000	157	73	0.893	0.260
3804.000000	157	73	0.896	0.267
3810.000000	157	73	0.895	0.275
3816.000000	157	73	0.896	0.282
3822.000000	157	73	0.896	0.288
3828.000000	157	73	0.894	0.294
3834.000000	157	73	0.892	0.298
3840.000000	157	73	0.891	0.303
3846.000000	157	73	0.888	0.313
3852.000000	157	73	0.886	0.320
3858.000000	157	73	0.883	0.324
3864.000000	157	73	0.881	0.329
3870.000000	157	73	0.879	0.341
3876.000000	157	73	0.877	0.350
3882.000000	157	73	0.874	0.357
3888.000000	157	73	0.874	0.363
3894.000000	157	73	0.872	0.375
3900.000000	157	73	0.868	0.389
3906.000000	157	73	0.864	0.412
3912.000000	157	73	0.863	0.429
3918.000000	157	73	0.861	0.450
3924.000000	157	73	0.856	0.466
3930.000000	157	73	0.844	0.484
3936.000000	157	73	0.832	0.497
3942.000000	157	73	0.823	0.510
3948.000000	157	73	0.813	0.524
3954.000000	157	73	0.804	0.549
3960.000000	157	73	0.789	0.581
3966.000000	157	73	0.761	0.621
3972.000000	157	73	0.733	0.653
3978.000000	157	73	0.701	0.675
3984.000000	73	157	0.703	0.656
3990.000000	73	157	0.740	0.598
3996.000000	73	157	0.776	0.529
4002.000000	73	157	0.811	0.427
4008.000000	73	32	0.831	0.340
4014.000000	73	32	0.854	0.353
4020.000000	73	32	0.870	0.369
4026.000000	73	32	0.884	0.392
4032.000000	73	32	0.886	0.400
4038.000000	73	32	0.885	0.417
4044.000000	73	32	0.887	0.434
4050.000000	73	32	0.890	0.437
4056.000000	73	32	0.888	0.439
4062.000000	73	32	0.888	0.439
4068.000000	73	32	0.885	0.443
4074.000000	73	32	0.885	0.448
4080.000000	73	32	0.885	0.451
4086.000000	73	32	0.886	0.454
4092.000000	73	32	0.884	0.452
4098.000000	73	32	0.889	0.448
4104.000000	73	32	0.889	0.451
4110.000000	73	32	0.889	0.450
4116.000000	73	32	0.888	0.447
4122.000000	73	32	0.887	0.448
4128.000000	73	32	0.886	0.448
4134.000000	73	32	0.886	0.444
4140.000000	73	32	0.884	0.439
4146.000000	73	32	0.880	0.432
4152.000000	73	32	0.878	0.419
4158.000000	73	32	0.878	0.408
4164.000000	73	32	0.878	0.402
4170.000000	73	32	0.878	0.389
4176.000000	73	32	0.878	0.377
4182.000000	73	32	0.878	0.357
4188.000000	73	32	0.877	0.323
4194.000000	73	71	0.878	0.297
4200.000000	73	71	0.879	0.304
4206.000000	73	71	0.879	0.304
4212.000000	73	71	0.876	0.305
4218.000000	73	71	0.879	0.310
4224.000000	73	71	0.885	0.316
4230.000000	73	71	0.885	0.323
4236.000000	73	71	0.882	0.328
4242.000000	73	71	0.877	0.333
4248.000000	73	71	0.866	0.340
4254.000000	73	71	0.858	0.349
4260.000000	73	71	0.846	0.356
4266.000000	73	71	0.829	0.367
4272.000000	73	71	0.814	0.386
4278.000000	73	71	0.801	0.401
4284.000000	73	71	0.788	0.415
4290.000000	73	71	0.773	0.431
4296.000000	73	71	0.751	0.454
4302.000000	73	71	0.732	0.476
4308.000000	73	71	0.714	0.488
4314.000000	73	71	0.687	0.504
4320.000000	73	71	0.644	0.514
4326.000000	73	71	0.583	0.534
4332.000000	71	73	0.553	0.529
4338.000000	71	73	0.577	0.448
4344.000000	71	73	0.603	0.348
4350.000000	71	72	0.638	0.268
4356.000000	71	72	0.661	0.275
4362.000000	71	72	0.671	0.269
4368.000000	71	72	0.682	0.257
4374.000000	71	72	0.696	0.252
4380.000000	71	72	0.700	0.254
4386.000000	71	72	0.711	0.254
4392.000000	71	72	0.713	0.253
4398.000000	71	72	0.718	0.245
4404.000000	71	121	0.724	0.255
4410.000000	71	121	0.728	0.266
4416.000000	71	121	0.739	0.275
4422.000000	71	121	0.744	0.284
4428.000000	71	121	0.758	0.296
4434.000000	71	121	0.775	0.307
4440.000000	71	121	0.786	0.315
4446.000000	71	121	0.790	0.324
4452.000000	71	121	0.796	0.329
4458.000000	71	121	0.803	0.335
4464.000000	71	121	0.807	0.346
4470.000000	71	121	0.816	0.351
4476.000000	71	121	0.823	0.355
4482.000000	71	121	0.829	0.362
4488.000000	71	121	0.835	0.367
4494.000000	71	121	0.841	0.368
4500.000000	71	121	0.854	0.371
4506.000000	71	121	0.863	0.375
4512.000000	71	121	0.869	0.380
4518.000000	71	121	0.874	0.394
4524.000000	71	121	0.880	0.416
4530.000000	71	121	0.883	0.439
4536.000000	71	121	0.891	0.457
4542.000000	71	121	0.898	0.472
4548.000000	71	121	0.902	0.489
4554.000000	71	121	0.904	0.510
4560.000000	71	121	0.903	0.529
4566.000000	71	121	0.904	0.540
4572.000000	71	121	0.907	0.551
4578.000000	71	121	0.907	0.572
4584.000000	71	121	0.904	0.591
4590.000000	71	121	0.900	0.600
4596.000000	71	121	0.897	0.610
4602.000000	71	121	0.892	0.623
4608.000000	71	121	0.888	0.637
4614.000000	71	121	0.882	0.653
4620.000000	71	121	0.875	0.665
4626.000000	71	121	0.871	0.672
4632.000000	71	121	0.866	0.678
4638.000000	71	121	0.861	0.686
4644.000000	71	121	0.853	0.693
4650.000000	71	121	0.849	0.696
4656.000000	71	121	0.842	0.698
4662.000000	71	121	0.832	0.706
4668.000000	71	121	0.822	0.711
4674.000000	71	121	0.809	0.715
4680.000000	71	121	0.795	0.718
4686.000000	71	121	0.773	0.728
4692.000000	71	121	0.758	0.737
4698.000000	121	71	0.747	0.743
4704.000000	121	71	0.768	0.716
4710.000000	121	71	0.782	0.682
4716.000000	121	71	0.804	0.622
4722.000000	121	71	0.818	0.535
4728.000000	121	71	0.851	0.426
4734.000000	121	71	0.870	0.304
4740.000000	121	12	0.889	0.227
4746.000000	121	12	0.909	0.227
4752.000000	121	12	0.918	0.225
4758.000000	121	12	0.925	0.231
4764.000000	121	12	0.927	0.241
4770.000000	121	12	0.929	0.245
4776.000000	121	12	0.929	0.248
4782.000000	121	12	0.930	0.251
4788.000000	121	12	0.930	0.251
4794.000000	121	12	0.928	0.254
4800.000000	121	12	0.927	0.260
4806.000000	121	12	0.929	0.266
4812.000000	121	12	0.926	0.272
4818.000000	121	12	0.923	0.272
4824.000000	121	12	0.922	0.274
4830.000000	121	12	0.922	0.275
4836.000000	121	12	0.919	0.274
4842.000000	121	12	0.915	0.271
4848.000000	121	12	0.908	0.269
4854.000000	121	12	0.903	0.267
4860.000000	121	12	0.895	0.265
4866.000000	121	12	0.887	0.264
4872.000000	121	12	0.879	0.260
4878.000000	121	12	0.873	0.256
4884.000000	121	98	0.864	0.266
4890.000000	121	98	0.855	0.276
4896.000000	121	98	0.844	0.283
4902.000000	121	98	0.835	0.291
4908.000000	121	98	0.821	0.300
4914.000000	121	98	0.806	0.314
4920.000000	121	98	0.793	0.326
4926.000000	121	98	0.778	0.334
4932.000000	121	98	0.769	0.346
4938.000000	121	98	0.757	0.363
4944.000000	121	98	0.732	0.381
4950.000000	121	98	0.700	0.395
4956.000000	121	98	0.663	0.409
4962.000000	121	98	0.613	0.433
4968.000000	121	98	0.566	0.457
4974.000000	121	98	0.501	0.484
4980.000000	98	121	0.511	0.414
4986.000000	98	167	0.541	0.374
4992.000000	98	167	0.568	0.420
4998.000000	98	167	0.591	0.460
5004.000000	98	167	0.623	0.490
5010.000000	98	167	0.645	0.513
5016.000000	98	167	0.649	0.532
5022.000000	98	167	0.654	0.553
5028.000000	98	167	0.661	0.581
5034.000000	98	167	0.666	0.595
5040.000000	98	167	0.675	0.612
5046.000000	98	167	0.684	0.616
5052.000000	98	167	0.692	0.622
5058.000000	98	167	0.702	0.625
5064.000000	98	167	0.705	0.633
5070.000000	98	167	0.712	0.634
5076.000000	98	167	0.712	0.636
5082.000000	98	167	0.716	0.641
5088.000000	98	167	0.727	0.645
5094.000000	98	167	0.730	0.653
5100.000000	98	167	0.737	0.658
5106.000000	98	167	0.743	0.656
5112.000000	98	167	0.745	0.656
5118.000000	98	167	0.741	0.660
5124.000000	98	167	0.744	0.667
5130.000000	98	167	0.744	0.668
5136.000000	98	167	0.741	0.673
5142.000000	98	167	0.739	0.680
5148.000000	98	167	0.735	0.687
5154.000000	98	167	0.733	0.692
5160.000000	98	167	0.730	0.693
5166.000000	98	167	0.730	0.688
5172.000000	98	167	0.733	0.682
5178.000000	98	167	0.727	0.683
5184.000000	98	167	0.715	0.689
5190.000000	98	167	0.714	0.688
5196.000000	98	167	0.709	0.686
5202.000000	98	167	0.700	0.682
5208.000000	98	167	0.686	0.681
5214.000000	167	98	0.683	0.677
5220.000000	167	98	0.676	0.672
5226.000000	167	98	0.665	0.658
5232.000000	98	167	0.653	0.651
5238.000000	167	98	0.648	0.640
5244.000000	167	98	0.651	0.620
5250.000000	167	98	0.644	0.596
5256.000000	167	98	0.627	0.573
5262.000000	167	98	0.610	0.535
5268.000000	167	98	0.594	0.505
5274.000000	167	98	0.582	0.473
5280.000000	167	98	0.565	0.442
5286.000000	167	98	0.544	0.394
5292.000000	167	98	0.528	0.335
5298.000000	167	153	0.512	0.311
5304.000000	167	153	0.490	0.334
5310.000000	167	153	0.458	0.355
5316.000000	167	153	0.415	0.374
5322.000000	153	167	0.391	0.376
5328.000000	153	105	0.419	0.390
5334.000000	153	105	0.439	0.410
5340.000000	153	105	0.466	0.439
5346.000000	153	105	0.493	0.454
5352.000000	153	105	0.518	0.465
5358.000000	153	105	0.539	0.473
5364.000000	153	105	0.560	0.480
5370.000000	153	105	0.577	0.484
5376.000000	153	105	0.597	0.491
5382.000000	153	105	0.624	0.496
5388.000000	153	105	0.644	0.497
5394.000000	153	105	0.666	0.505
5400.000000	153	105	0.685	0.511
5406.000000	153	105	0.704	0.524
5412.000000	153	105	0.709	0.531
5418.000000	153	105	0.711	0.534
5424.000000	153	105	0.716	0.537
5430.000000	153	105	0.723	0.541
5436.000000	153	105	0.728	0.538
5442.000000	153	105	0.732	0.534
5448.000000	153	105	0.735	0.534
5454.000000	153	105	0.738	0.531
5460.000000	153	105	0.749	0.533
5466.000000	153	105	0.755	0.537
5472.000000	153	105	0.760	0.538
5478.000000	153	105	0.769	0.537
5484.000000	153	105	0.776	0.533
5490.000000	153	105	0.781	0.533
5496.000000	153	105	0.784	0.531
5502.000000	153	105	0.789	0.526
5508.000000	153	105	0.801	0.514
5514.000000	153	105	0.802	0.505
5520.000000	153	105	0.806	0.494
5526.000000	153	105	0.812	0.482
5532.000000	153	105	0.820	0.469
5538.000000	153	105	0.827	0.448
5544.000000	153	87	0.834	0.434
5550.000000	153	87	0.843	0.432
5556.000000	153	87	0.845	0.436
5562.000000	153	87	0.847	0.431
5568.000000	153	87	0.849	0.427
5574.000000	153	87	0.862	0.416
5580.000000	153	87	0.868	0.415
5586.000000	153	87	0.872	0.415
5592.000000	153	87	0.875	0.411
5598.000000	153	87	0.877	0.402
5604.000000	153	87	0.879	0.396
5610.000000	153	87	0.875	0.392
5616.000000	153	87	0.873	0.385
5622.000000	153	87	0.869	0.378
5628.000000	153	87	0.865	0.370
5634.000000	153	87	0.865	0.360
5640.000000	153	87	0.863	0.347
5646.000000	153	87	0.858	0.326
5652.000000	153	87	0.852	0.298
5658.000000	153	87	0.850	0.267
5664.000000	153	87	0.847	0.236
5670.000000	153	87	0.844	0.197
5676.000000	153	190	0.842	0.173
5682.000000	153	190	0.841	0.176
5688.000000	153	190	0.839	0.182
5694.000000	153	190	0.838	0.186
5700.000000	153	190	0.837	0.187
5706.000000	153	190	0.835	0.188
5712.000000	153	101	0.831	0.191
5718.000000	153	101	0.829	0.200
5724.000000	153	101	0.824	0.211
5730.000000	153	101	0.819	0.221
5736.000000	153	101	0.811	0.227
5742.000000	153	101	0.804	0.231
5748.000000	153	101	0.792	0.241
5754.000000	153	101	0.781	0.249
5760.000000	153	81	0.770	0.260
5766.000000	153	81	0.756	0.269
5772.000000	153	81	0.735	0.282
5778.000000	153	81	0.715	0.301
5784.000000	153	81	0.691	0.318
5790.000000	153	81	0.656	0.332
5796.000000	153	81	0.611	0.354
5802.000000	153	81	0.547	0.380
5808.000000	153	81	0.469	0.421
5814.000000	81	153	0.464	0.385
5820.000000	81	101	0.513	0.375
5826.000000	81	101	0.555	0.394
5832.000000	81	101	0.607	0.411
5838.000000	81	101	0.646	0.431
5844.000000	81	101	0.682	0.453
5850.000000	81	101	0.694	0.464
5856.000000	81	101	0.705	0.483
5862.000000	81	101	0.721	0.497
5868.000000	81	101	0.740	0.510
5874.000000	81	101	0.763	0.512
5880.000000	81	101	0.771	0.511
5886.000000	81	101	0.776	0.510
5892.000000	81	101	0.782	0.503
5898.000000	81	101	0.789	0.502
5904.000000	81	101	0.791	0.502
5910.000000	81	101	0.792	0.506
5916.000000	81	101	0.793	0.512
5922.000000	81	101	0.793	0.517
5928.000000	81	101	0.794	0.520
5934.000000	81	101	0.802	0.524
5940.000000	81	101	0.811	0.530
5946.000000	81	101	0.818	0.536
5952.000000	81	101	0.828	0.542
5958.000000	81	101	0.830	0.550
5964.000000	81	101	0.831	0.554
5970.000000	81	101	0.832	0.552
5976.000000	81	101	0.835	0.545
5982.000000	81	101	0.839	0.546
5988.000000	81	101	0.843	0.541
5994.000000	81	101	0.852	0.533
6000.000000	81	101	0.859	0.526
6006.000000	81	101	0.864	0.518
6012.000000	81	101	0.867	0.508
6018.000000	81	101	0.868	0.502
6024.000000	81	101	0.871	0.501
6030.000000	81	101	0.872	0.500
6036.000000	81	101	0.875	0.493
6042.000000	81	101	0.880	0.484
6048.000000	81	101	0.883	0.474
6054.000000	81	101	0.886	0.459
6060.000000	81	101	0.891	0.436
6066.000000	81	101	0.893	0.414
6072.000000	81	101	0.893	0.387
6078.000000	81	101	0.895	0.361
6084.000000	81	101	0.895	0.341
6090.000000	81	101	0.896	0.317
6096.000000	81	101	0.898	0.278
6102.000000	81	101	0.902	0.238
6108.000000	81	146	0.902	0.231
6114.000000	81	146	0.906	0.240
6120.000000	81	146	0.911	0.247
6126.000000	81	146	0.916	0.251
6132.000000	81	146	0.917	0.262
6138.000000	81	146	0.916	0.266
6144.000000	81	146	0.918	0.261
6150.000000	81	146	0.920	0.256
6156.000000	81	146	0.919	0.251
6162.000000	81	146	0.916	0.245
6168.000000	81	84	0.914	0.242
6174.000000	81	84	0.912	0.245
6180.000000	81	84	0.909	0.247
6186.000000	81	84	0.908	0.249
6192.000000	81	84	0.907	0.254
6198.000000	81	84	0.907	0.260
6204.000000	81	84	0.907	0.264
6210.000000	81	84	0.906	0.269
6216.000000	81	84	0.905	0.272
6222.000000	81	84	0.903	0.274
6228.000000	81	84	0.901	0.280
6234.000000	81	84	0.899	0.284
6240.000000	81	84	0.901	0.285
6246.000000	81	84	0.902	0.284
6252.000000	81	84	0.901	0.288
6258.000000	81	84	0.898	0.292
6264.000000	81	84	0.899	0.296
6270.000000	81	84	0.898	0.303
6276.000000	81	84	0.898	0.307
6282.000000	81	84	0.899	0.310
6288.000000	81	84	0.898	0.318
6294.000000	81	84	0.896	0.321
6300.000000	81	84	0.890	0.322
6306.000000	81	84	0.886	0.322
6312.000000	81	84	0.879	0.321
6318.000000	81	84	0.870	0.326
6324.000000	81	84	0.865	0.327
6330.000000	81	84	0.862	0.328
6336.000000	81	84	0.858	0.326
6342.000000	81	84	0.850	0.322
6348.000000	81	84	0.840	0.317
6354.000000	81	84	0.831	0.314
6360.000000	81	84	0.821	0.312
6366.000000	81	84	0.811	0.309
6372.000000	81	84	0.797	0.303
6378.000000	81	84	0.784	0.298
6384.000000	81	84	0.777	0.295
6390.000000	81	84	0.767	0.286
6396.000000	81	84	0.754	0.273
6402.000000	81	84	0.733	0.264
6408.000000	81	84	0.705	0.258
6414.000000	81	84	0.677	0.251
6420.000000	81	84	0.635	0.242
6426.000000	81	84	0.568	0.240
6432.000000	81	84	0.471	0.241
6438.000000	81	84	0.340	0.237
6444.000000	84	102	0.231	0.208
6450.000000	90	102	0.222	0.215
6456.000000	90	102	0.236	0.224
6462.000000	90	102	0.260	0.239
6468.000000	90	102	0.286	0.258
6474.000000	90	102	0.302	0.279
6480.000000	90	102	0.316	0.297
6486.000000	90	83	0.333	0.317
6492.000000	90	83	0.345	0.338
6498.000000	83	90	0.357	0.351
6504.000000	83	102	0.383	0.360
6510.000000	83	102	0.404	0.367
6516.000000	83	102	0.420	0.378
6522.000000	83	102	0.433	0.382
6528.000000	83	102	0.442	0.385
6534.000000	83	102	0.451	0.385
6540.000000	83	102	0.459	0.384
6546.000000	83	102	0.470	0.388
6552.000000	83	102	0.484	0.391
6558.000000	83	102	0.499	0.390
6564.000000	83	102	0.509	0.391
6570.000000	83	102	0.516	0.395
6576.000000	83	102	0.530	0.402
6582.000000	83	102	0.542	0.406
6588.000000	83	102	0.559	0.409
6594.000000	83	102	0.575	0.410
6600.000000	83	102	0.591	0.422
6606.000000	83	102	0.602	0.434
6612.000000	83	102	0.611	0.437
6618.000000	83	102	0.622	0.436
6624.000000	83	102	0.631	0.447
6630.000000	83	102	0.643	0.455
6636.000000	83	102	0.656	0.456
6642.000000	83	102	0.679	0.455
6648.000000	83	102	0.696	0.465
6654.000000	83	102	0.704	0.474
6660.000000	83	102	0.715	0.476
6666.000000	83	102	0.730	0.477
6672.000000	83	102	0.741	0.482
6678.000000	83	102	0.762	0.482
6684.000000	83	102	0.772	0.484
6690.000000	83	102	0.776	0.496
6696.000000	83	102	0.779	0.502
6702.000000	83	102	0.786	0.510
6708.000000	83	102	0.802	0.514
6714.000000	83	102	0.811	0.524
6720.000000	83	102	0.816	0.531
6726.000000	83	102	0.825	0.533
6732.000000	83	102	0.831	0.531
6738.000000	83	102	0.834	0.536
6744.000000	83	102	0.843	0.543
6750.000000	83	102	0.851	0.549
6756.000000	83	102	0.862	0.546
6762.000000	83	102	0.868	0.549
6768.000000	83	102	0.875	0.551
6774.000000	83	102	0.878	0.550
6780.000000	83	102	0.882	0.555
6786.000000	83	102	0.888	0.552
6792.000000	83	102	0.897	0.538
6798.000000	83	102	0.909	0.518
6804.000000	83	102	0.914	0.498
6810.000000	83	102	0.918	0.473
6816.000000	83	102	0.924	0.449
6822.000000	83	102	0.928	0.419
6828.000000	83	102	0.931	0.378
6834.000000	83	102	0.931	0.336
6840.000000	83	102	0.931	0.289
6846.000000	83	102	0.931	0.249
6852.000000	83	102	0.932	0.211
6858.000000	83	102	0.935	0.179
6864.000000	83	102	0.937	0.148
6870.000000	83	122	0.938	0.151
6876.000000	83	193	0.939	0.151
6882.000000	83	193	0.939	0.153
6888.000000	83	193	0.939	0.154
6894.000000	83	193	0.939	0.155
6900.000000	83	193	0.939	0.159
6906.000000	83	193	0.940	0.166
6912.000000	83	193	0.938	0.169
6918.000000	83	193	0.935	0.170
6924.000000	83	43	0.934	0.179
6930.000000	83	43	0.931	0.191
6936.000000	83	43	0.927	0.202
6942.000000	83	43	0.926	0.209
6948.000000	83	43	0.924	0.214
6954.000000	83	43	0.922	0.224
6960.000000	83	43	0.919	0.235
6966.000000	83	43	0.911	0.252
6972.000000	83	43	0.904	0.267
6978.000000	83	43	0.897	0.287
6984.000000	83	43	0.890	0.310
6990.000000	83	43	0.879	0.338
6996.000000	83	43	0.865	0.364
7002.000000	83	43	0.847	0.390
7008.000000	83	43	0.834	0.412
7014.000000	83	43	0.819	0.435
7020.000000	83	43	0.806	0.459
7026.000000	83	43	0.789	0.485
7032.000000	83	43	0.769	0.506
7038.000000	83	43	0.743	0.530
7044.000000	83	43	0.705	0.554
7050.000000	83	43	0.663	0.578
7056.000000	43	83	0.624	0.597
7062.000000	43	83	0.665	0.512
7068.000000	43	83	0.704	0.411
7074.000000	43	83	0.748	0.293
7080.000000	43	195	0.784	0.212
7086.000000	43	195	0.813	0.213
7092.000000	43	195	0.843	0.206
7098.000000	43	22	0.861	0.220
7104.000000	43	22	0.880	0.223
7110.000000	43	22	0.885	0.221
7116.000000	43	22	0.892	0.214
7122.000000	43	22	0.898	0.214
7128.000000	43	140	0.902	0.218
7134.000000	43	140	0.906	0.228
7140.000000	43	140	0.908	0.236
7146.000000	43	140	0.907	0.241
7152.000000	43	140	0.912	0.249
7158.000000	43	140	0.911	0.254
7164.000000	43	140	0.908	0.262
7170.000000	43	140	0.906	0.266
7176.000000	43	140	0.903	0.269
7182.000000	43	140	0.901	0.274
7188.000000	43	140	0.899	0.282
7194.000000	43	140	0.898	0.289
7200.000000	43	140	0.897	0.291
7206.000000	43	140	0.896	0.297
7212.000000	43	140	0.896	0.303
7218.000000	43	140	0.895	0.312
7224.000000	43	140	0.895	0.320
7230.000000	43	140	0.894	0.329
7236.000000	43	140	0.893	0.336
7242.000000	43	140	0.892	0.343
7248.000000	43	140	0.888	0.349
7254.000000	43	140	0.883	0.362
7260.000000	43	140	0.877	0.380
7266.000000	43	140	0.874	0.395
7272.000000	43	140	0.872	0.414
7278.000000	43	140	0.870	0.425
7284.000000	43	140	0.868	0.440
7290.000000	43	140	0.864	0.459
7296.000000	43	140	0.860	0.478
7302.000000	43	140	0.855	0.505
7308.000000	43	140	0.849	0.529
7314.000000	43	140	0.846	0.541
7320.000000	43	140	0.844	0.554
7326.000000	43	140	0.840	0.571
7332.000000	43	140	0.832	0.592
7338.000000	43	140	0.825	0.608
7344.000000	43	140	0.817	0.618
7350.000000	43	140	0.808	0.630
7356.000000	43	140	0.797	0.650
7362.000000	43	140	0.788	0.661
7368.000000	43	140	0.770	0.677
7374.000000	43	140	0.750	0.691
7380.000000	43	140	0.735	0.708
7386.000000	140	43	0.736	0.702
7392.000000	140	43	0.756	0.659
7398.000000	140	43	0.781	0.605
7404.000000	140	43	0.798	0.538
7410.000000	140	43	0.820	0.441
7416.000000	140	43	0.857	0.312
7422.000000	140	118	0.878	0.217
7428.000000	140	118	0.893	0.220
7434.000000	140	118	0.901	0.218
7440.000000	140	118	0.905	0.216
7446.000000	140	118	0.906	0.222
7452.000000	140	118	0.908	0.236
7458.000000	140	118	0.908	0.242
7464.000000	140	118	0.907	0.244
7470.000000	140	118	0.909	0.242
7476.000000	140	118	0.912	0.245
7482.000000	140	118	0.912	0.247
7488.000000	140	118	0.910	0.251
7494.000000	140	118	0.908	0.256
7500.000000	140	118	0.904	0.258
7506.000000	140	118	0.901	0.261
7512.000000	140	118	0.900	0.261
7518.000000	140	118	0.899	0.260
7524.000000	140	118	0.901	0.261
7530.000000	140	118	0.902	0.258
7536.000000	140	118	0.904	0.255
7542.000000	140	118	0.901	0.251
7548.000000	140	118	0.898	0.243
7554.000000	140	118	0.895	0.232
7560.000000	140	118	0.893	0.223
7566.000000	140	118	0.893	0.214
7572.000000	140	118	0.892	0.203
7578.000000	140	118	0.890	0.189
7584.000000	140	41	0.888	0.188
7590.000000	140	41	0.888	0.196
7596.000000	140	41	0.890	0.210
7602.000000	140	41	0.889	0.222
7608.000000	140	41	0.888	0.231
7614.000000	140	41	0.886	0.240
7620.000000	140	41	0.883	0.250
7626.000000	140	41	0.881	0.264
7632.000000	140	41	0.880	0.275
7638.000000	140	41	0.876	0.290
7644.000000	140	41	0.869	0.305
7650.000000	140	41	0.859	0.322
7656.000000	140	41	0.848	0.341
7662.000000	140	41	0.836	0.357
7668.000000	140	41	0.828	0.374
7674.000000	140	41	0.818	0.395
7680.000000	140	41	0.807	0.416
7686.000000	140	41	0.800	0.432
7692.000000	140	41	0.788	0.450
7698.000000	140	41	0.766	0.462
7704.000000	140	41	0.748	0.474
7710.000000	140	41	0.727	0.488
7716.000000	140	41	0.705	0.504
7722.000000	140	41	0.678	0.520
7728.000000	140	41	0.650	0.532
7734.000000	140	41	0.608	0.548
7740.000000	41	140	0.564	0.554
7746.000000	41	135	0.589	0.510
7752.000000	41	135	0.631	0.550
7758.000000	41	135	0.677	0.599
7764.000000	41	135	0.717	0.630
7770.000000	41	135	0.740	0.652
7776.000000	41	135	0.761	0.683
7782.000000	41	135	0.782	0.702
7788.000000	41	135	0.781	0.711
7794.000000	41	135	0.778	0.724
7800.000000	41	135	0.776	0.736
7806.000000	41	135	0.778	0.741
7812.000000	41	135	0.774	0.755
7818.000000	41	135	0.777	0.770
7824.000000	41	135	0.784	0.780
7830.000000	135	41	0.785	0.784
7836.000000	135	41	0.796	0.780
7842.000000	135	41	0.802	0.778
7848.000000	135	41	0.806	0.782
7854.000000	135	41	0.808	0.780
7860.000000	135	41	0.809	0.780
7866.000000	135	41	0.813	0.778
7872.000000	135	41	0.817	0.775
7878.000000	135	41	0.816	0.776
7884.000000	135	41	0.823	0.767
7890.000000	135	41	0.825	0.762
7896.000000	135	41	0.827	0.758
7902.000000	135	41	0.828	0.756
7908.000000	135	41	0.829	0.751
7914.000000	135	41	0.833	0.744
7920.000000	135	41	0.838	0.737
7926.000000	135	41	0.844	0.729
7932.000000	135	41	0.848	0.724
7938.000000	135	41	0.851	0.720
7944.000000	135	41	0.855	0.712
7950.000000	135	41	0.858	0.700
7956.000000	135	41	0.860	0.687
7962.000000	135	41	0.866	0.674
7968.000000	135	41	0.874	0.656
7974.000000	135	41	0.885	0.631
7980.000000	135	41	0.899	0.606
7986.000000	135	41	0.906	0.581
7992.000000	135	41	0.918	0.541
7998.000000	135	41	0.931	0.477
8004.000000	135	41	0.945	0.379
8010.000000	135	41	0.954	0.258
8016.000000	135	167	0.960	0.166
8022.000000	135	167	0.963	0.167
8028.000000	135	167	0.969	0.168
8034.000000	135	167	0.970	0.168
8040.000000	135	167	0.969	0.170
8046.000000	135	167	0.966	0.175
8052.000000	135	167	0.962	0.185
8058.000000	135	167	0.960	0.194
8064.000000	135	167	0.957	0.204
8070.000000	135	167	0.955	0.210
8076.000000	135	167	0.954	0.218
8082.000000	135	167	0.953	0.228
8088.000000	135	167	0.952	0.241
8094.000000	135	167	0.950	0.251
8100.000000	135	167	0.947	0.264
8106.000000	135	167	0.944	0.274
8112.000000	135	167	0.942	0.280
8118.000000	135	167	0.939	0.290
8124.000000	135	167	0.936	0.300
8130.000000	135	167	0.933	0.309
8136.000000	135	167	0.929	0.323
8142.000000	135	167	0.924	0.339
8148.000000	135	167	0.917	0.346
8154.000000	135	167	0.907	0.356
8160.000000	135	167	0.894	0.372
8166.000000	135	167	0.879	0.381
8172.000000	135	167	0.862	0.392
8178.000000	135	167	0.844	0.403
8184.000000	135	167	0.822	0.422
8190.000000	135	167	0.797	0.442
8196.000000	135	167	0.762	0.460
8202.000000	135	167	0.722	0.477
8208.000000	135	167	0.665	0.503
8214.000000	135	167	0.592	0.531
8220.000000	167	135	0.574	0.474
8226.000000	167	135	0.632	0.311
8232.000000	167	18	0.703	0.297
8238.000000	167	18	0.750	0.311
8244.000000	167	18	0.767	0.331
8250.000000	167	18	0.779	0.353
8256.000000	167	18	0.785	0.370
8262.000000	167	18	0.785	0.381
8268.000000	167	18	0.784	0.393
8274.000000	167	18	0.787	0.405
8280.000000	167	18	0.788	0.416
8286.000000	167	18	0.791	0.425
8292.000000	167	18	0.793	0.440
8298.000000	167	18	0.801	0.455
8304.000000	167	18	0.807	0.466
8310.000000	167	18	0.809	0.473
8316.000000	167	18	0.806	0.485
8322.000000	167	18	0.806	0.493
8328.000000	167	18	0.811	0.491
8334.000000	167	18	0.815	0.497
8340.000000	167	18	0.823	0.503
8346.000000	167	18	0.823	0.508
8352.000000	167	18	0.825	0.512
8358.000000	167	18	0.828	0.517
8364.000000	167	18	0.829	0.525
8370.000000	167	18	0.830	0.537
8376.000000	167	18	0.832	0.542
8382.000000	167	18	0.836	0.543
8388.000000	167	18	0.836	0.544
8394.000000	167	18	0.837	0.546
8400.000000	167	18	0.841	0.546
8406.000000	167	18	0.840	0.545
8412.000000	167	18	0.836	0.547
8418.000000	167	18	0.837	0.551
8424.000000	167	18	0.836	0.552
8430.000000	167	18	0.832	0.549
8436.000000	167	18	0.834	0.549
8442.000000	167	18	0.839	0.553
8448.000000	167	18	0.844	0.547
8454.000000	167	18	0.847	0.547
8460.000000	167	18	0.848	0.541
8466.000000	167	18	0.852	0.536
8472.000000	167	18	0.850	0.538
8478.000000	167	18	0.846	0.542
8484.000000	167	18	0.842	0.540
8490.000000	167	18	0.837	0.535
8496.000000	167	18	0.838	0.527
8502.000000	167	18	0.838	0.515
8508.000000	167	18	0.836	0.501
8514.000000	167	18	0.837	0.484
8520.000000	167	18	0.837	0.466
8526.000000	167	18	0.836	0.448
8532.000000	167	18	0.837	0.420
8538.000000	167	18	0.844	0.388
8544.000000	167	18	0.843	0.344
8550.000000	167	18	0.841	0.299
8556.000000	167	18	0.842	0.235
8562.000000	167	18	0.845	0.182
8568.000000	167	82	0.849	0.165
8574.000000	167	9	0.851	0.157
8580.000000	167	9	0.852	0.161
8586.000000	167	9	0.850	0.163
8592.000000	167	9	0.848	0.169
8598.000000	167	9	0.846	0.171
8604.000000	167	9	0.838	0.173
8610.000000	167	9	0.831	0.175
8616.000000	167	9	0.824	0.177
8622.000000	167	9	0.814	0.179
8628.000000	167	9	0.798	0.177
8634.000000	167	9	0.785	0.175
8640.000000	167	9	0.774	0.178
8646.000000	167	9	0.758	0.184
8652.000000	167	9	0.733	0.193
8658.000000	167	9	0.707	0.200
8664.000000	167	9	0.669	0.204
8670.000000	167	9	0.622	0.207
8676.000000	167	9	0.566	0.208
8682.000000	167	139	0.480	0.225
8688.000000	167	139	0.345	0.257
8694.000000	139	9	0.286	0.228
8700.000000	139	9	0.317	0.236
8706.000000	139	9	0.354	0.233
8712.000000	139	9	0.386	0.233
8718.000000	139	9	0.430	0.234
8724.000000	139	9	0.470	0.235
8730.000000	139	9	0.500	0.234
8736.000000	139	105	0.526	0.238
8742.000000	139	105	0.539	0.245
8748.000000	139	105	0.556	0.250
8754.000000	139	105	0.578	0.257
8760.000000	139	105	0.601	0.261
8766.000000	139	105	0.626	0.256
8772.000000	139	42	0.662	0.267
8778.000000	139	42	0.690	0.274
8784.000000	139	42	0.711	0.276
8790.000000	139	42	0.732	0.278
8796.000000	139	42	0.743	0.283
8802.000000	139	42	0.767	0.291
8808.000000	139	42	0.785	0.298
8814.000000	139	42	0.796	0.299
8820.000000	139	42	0.811	0.303
8826.000000	139	42	0.822	0.304
8832.000000	139	42	0.826	0.310
8838.000000	139	42	0.833	0.318
8844.000000	139	42	0.840	0.319
8850.000000	139	42	0.848	0.315
8856.000000	139	42	0.850	0.311
8862.000000	139	42	0.857	0.313
8868.000000	139	42	0.867	0.317
8874.000000	139	42	0.870	0.326
8880.000000	139	42	0.878	0.337
8886.000000	139	42	0.882	0.348
8892.000000	139	42	0.885	0.356
8898.000000	139	42	0.891	0.361
8904.000000	139	42	0.895	0.371
8910.000000	139	42	0.900	0.384
8916.000000	139	42	0.901	0.387
8922.000000	139	42	0.898	0.400
8928.000000	139	42	0.898	0.408
8934.000000	139	42	0.899	0.414
8940.000000	139	42	0.900	0.425
8946.000000	139	42	0.902	0.441
8952.000000	139	42	0.905	0.449
8958.000000	139	42	0.909	0.457
8964.000000	139	42	0.912	0.465
8970.000000	139	42	0.912	0.476
8976.000000	139	42	0.911	0.487
8982.000000	139	42	0.914	0.492
8988.000000	139	42	0.915	0.496
8994.000000	139	42	0.915	0.497
9000.000000	139	42	0.915	0.498
9006.000000	139	42	0.915	0.502
9012.000000	139	42	0.915	0.504
9018.000000	139	42	0.914	0.505
9024.000000	139	42	0.915	0.506
9030.000000	139	42	0.915	0.507
9036.000000	139	42	0.916	0.509
9042.000000	139	42	0.916	0.511
9048.000000	139	42	0.919	0.509
9054.000000	139	42	0.920	0.506
9060.000000	139	42	0.919	0.505
9066.000000	139	42	0.919	0.504
9072.000000	139	42	0.919	0.504
9078.000000	139	42	0.918	0.509
9084.000000	139	42	0.915	0.507
9090.000000	139	42	0.914	0.496
9096.000000	139	42	0.912	0.486
9102.000000	139	42	0.911	0.473
9108.000000	139	42	0.909	0.456
9114.000000	139	42	0.905	0.441
9120.000000	139	42	0.904	0.420
9126.000000	139	42	0.902	0.403
9132.000000	139	42	0.899	0.381
9138.000000	139	42	0.895	0.355
9144.000000	139	39	0.890	0.373
9150.000000	139	39	0.886	0.417
9156.000000	139	39	0.882	0.472
9162.000000	139	39	0.872	0.550
9168.000000	139	39	0.856	0.621
9174.000000	139	39	0.840	0.680
9180.000000	139	39	0.823	0.730
9186.000000	139	39	0.794	0.769
9192.000000	39	139	0.798	0.754
9198.000000	39	139	0.831	0.703
9204.000000	39	139	0.868	0.633
9210.000000	39	139	0.894	0.554
9216.000000	39	139	0.920	0.445
9222.000000	39	139	0.943	0.285
9228.000000	39	124	0.958	0.122
9234.000000	39	124	0.964	0.130
9240.000000	39	124	0.964	0.142
9246.000000	39	124	0.961	0.151
9252.000000	39	124	0.958	0.156
9258.000000	39	124	0.957	0.161
9264.000000	39	124	0.956	0.167
9270.000000	39	8	0.954	0.174
9276.000000	39	8	0.952	0.183
9282.000000	39	8	0.951	0.189
9288.000000	39	8	0.949	0.197
9294.000000	39	8	0.947	0.205
9300.000000	39	8	0.945	0.209
9306.000000	39	8	0.942	0.218
9312.000000	39	8	0.939	0.225
9318.000000	39	8	0.937	0.230
9324.000000	39	8	0.936	0.234
9330.000000	39	8	0.933	0.238
9336.000000	39	8	0.932	0.242
9342.000000	39	8	0.930	0.249
9348.000000	39	8	0.929	0.252
9354.000000	39	8	0.927	0.259
9360.000000	39	8	0.926	0.271
9366.000000	39	8	0.925	0.281
9372.000000	39	8	0.924	0.291
9378.000000	39	8	0.923	0.300
9384.000000	39	8	0.922	0.312
9390.000000	39	8	0.921	0.322
9396.000000	39	8	0.919	0.331
9402.000000	39	8	0.917	0.340
9408.000000	39	8	0.916	0.352
9414.000000	39	8	0.915	0.363
9420.000000	39	8	0.912	0.370
9426.000000	39	8	0.910	0.376
9432.000000	39	8	0.907	0.386
9438.000000	39	8	0.903	0.397
9444.000000	39	8	0.894	0.409
9450.000000	39	8	0.883	0.423
9456.000000	39	8	0.879	0.436
9462.000000	39	8	0.874	0.452
9468.000000	39	8	0.869	0.467
9474.000000	39	8	0.861	0.483
9480.000000	39	8	0.855	0.495
9486.000000	39	8	0.849	0.500
9492.000000	39	8	0.844	0.511
9498.000000	39	8	0.834	0.531
9504.000000	39	8	0.825	0.545
9510.000000	39	8	0.815	0.555
9516.000000	39	8	0.798	0.571
9522.000000	39	8	0.784	0.578
9528.000000	39	8	0.766	0.587
9534.000000	39	8	0.744	0.606
9540.000000	39	8	0.719	0.627
9546.000000	39	8	0.695	0.638
9552.000000	39	8	0.667	0.654
9558.000000	8	39	0.673	0.624
9564.000000	8	39	0.692	0.563
9570.000000	8	39	0.725	0.478
9576.000000	8	95	0.769	0.439
9582.000000	8	95	0.818	0.479
9588.000000	8	95	0.849	0.535
9594.000000	8	95	0.855	0.573
9600.000000	8	95	0.867	0.576
9606.000000	8	95	0.874	0.579
9612.000000	8	95	0.879	0.592
9618.000000	8	95	0.881	0.600
9624.000000	8	95	0.882	0.600
9630.000000	8	95	0.890	0.601
9636.000000	8	95	0.890	0.606
9642.000000	8	95	0.889	0.609
9648.000000	8	95	0.889	0.606
9654.000000	8	95	0.888	0.609
9660.000000	8	95	0.886	0.616
9666.000000	8	95	0.883	0.624
9672.000000	8	95	0.881	0.633
9678.000000	8	95	0.878	0.646
9684.000000	8	95	0.877	0.655
9690.000000	8	95	0.876	0.660
9696.000000	8	95	0.874	0.666
9702.000000	8	95	0.870	0.672
9708.000000	8	95	0.872	0.670
9714.000000	8	95	0.871	0.669
9720.000000	8	95	0.865	0.671
9726.000000	8	95	0.862	0.670
9732.000000	8	95	0.861	0.670
9738.000000	8	95	0.858	0.671
9744.000000	8	95	0.853	0.681
9750.000000	8	95	0.849	0.689
9756.000000	8	95	0.844	0.694
9762.000000	8	95	0.840	0.697
9768.000000	8	95	0.838	0.695
9774.000000	8	95	0.835	0.692
9780.000000	8	95	0.829	0.689
9786.000000	8	95	0.823	0.688
9792.000000	8	95	0.817	0.689
9798.000000	8	95	0.810	0.692
9804.000000	8	95	0.807	0.694
9810.000000	8	95	0.803	0.693
9816.000000	8	95	0.799	0.693
9822.000000	8	95	0.794	0.697
9828.000000	8	95	0.789	0.697
9834.000000	8	95	0.776	0.695
9840.000000	8	95	0.762	0.695
9846.000000	8	95	0.748	0.696
9852.000000	8	95	0.733	0.692
9858.000000	8	95	0.711	0.688
9864.000000	8	95	0.680	0.676
9870.000000	95	8	0.666	0.648
9876.000000	95	8	0.658	0.613
9882.000000	95	8	0.644	0.568
9888.000000	95	8	0.629	0.488
9894.000000	95	193	0.619	0.407
9900.000000	95	193	0.616	0.447
9906.000000	95	193	0.620	0.497
9912.000000	95	193	0.609	0.563
9918.000000	193	95	0.636	0.582
9924.000000	193	95	0.706	0.547
9930.000000	193	95	0.755	0.501
9936.000000	193	95	0.804	0.450
9942.000000	193	95	0.838	0.396
9948.000000	193	95	0.851	0.347
9954.000000	193	127	0.871	0.322
9960.000000	193	127	0.884	0.336
9966.000000	193	127	0.901	0.341
9972.000000	193	127	0.907	0.358
9978.000000	193	127	0.908	0.381
9984.000000	193	127	0.908	0.409
9990.000000	193	127	0.908	0.428
9996.000000	193	127	0.906	0.444
10002.000000	193	127	0.906	0.465
10008.000000	193	127	0.907	0.475
10014.000000	193	127	0.906	0.484
10020.000000	193	127	0.905	0.498
10026.000000	193	127	0.904	0.505
10032.000000	193	127	0.903	0.506
10038.000000	193	127	0.901	0.511
10044.000000	193	127	0.898	0.519
10050.000000	193	127	0.896	0.525
10056.000000	193	127	0.896	0.526
10062.000000	193	127	0.896	0.526
10068.000000	193	127	0.894	0.526
10074.000000	193	127	0.891	0.526
10080.000000	193	127	0.890	0.526
10086.000000	193	127	0.884	0.530
10092.000000	193	127	0.879	0.532
10098.000000	193	127	0.873	0.533
10104.000000	193	127	0.867	0.539
10110.000000	193	127	0.861	0.545
10116.000000	193	127	0.854	0.548
10122.000000	193	127	0.846	0.553
10128.000000	193	127	0.836	0.555
10134.000000	193	127	0.829	0.559
10140.000000	193	127	0.820	0.562
10146.000000	193	127	0.811	0.569
10152.000000	193	127	0.798	0.575
10158.000000	193	127	0.788	0.580
10164.000000	193	127	0.780	0.589
10170.000000	193	127	0.773	0.592
10176.000000	193	127	0.765	0.593
10182.000000	193	127	0.748	0.595
10188.000000	193	127	0.723	0.607
10194.000000	193	127	0.706	0.613
10200.000000	193	127	0.682	0.622
10206.000000	193	127	0.645	0.633
10212.000000	127	193	0.634	0.604
10218.000000	127	164	0.634	0.571
10224.000000	127	164	0.640	0.588
10230.000000	127	164	0.650	0.620
10236.000000	127	164	0.670	0.657
10242.000000	127	164	0.704	0.696
10248.000000	127	164	0.730	0.730
10254.000000	164	127	0.751	0.747
10260.000000	164	127	0.775	0.762
10266.000000	164	127	0.791	0.770
10272.000000	164	127	0.804	0.773
10278.000000	164	127	0.809	0.769
10284.000000	164	127	0.818	0.762
10290.000000	164	127	0.830	0.753
10296.000000	164	127	0.836	0.748
10302.000000	164	127	0.842	0.742
10308.000000	164	127	0.844	0.739
10314.000000	164	127	0.850	0.736
10320.000000	164	127	0.855	0.730
10326.000000	164	127	0.860	0.718
10332.000000	164	127	0.864	0.707
10338.000000	164	127	0.865	0.697
10344.000000	164	127	0.866	0.687
10350.000000	164	127	0.870	0.671
10356.000000	164	127	0.877	0.651
10362.000000	164	127	0.885	0.628
10368.000000	164	127	0.890	0.607
10374.000000	164	127	0.895	0.581
10380.000000	164	127	0.899	0.554
10386.000000	164	127	0.902	0.526
10392.000000	164	127	0.908	0.480
10398.000000	164	127	0.914	0.420
10404.000000	164	127	0.919	0.331
10410.000000	164	127	0.922	0.257
10416.000000	164	127	0.928	0.172
10422.000000	164	146	0.931	0.115
10428.000000	164	146	0.933	0.117
10434.000000	164	146	0.936	0.118
10440.000000	164	146	0.943	0.117
10446.000000	164	146	0.944	0.120
10452.000000	164	146	0.944	0.129
10458.000000	164	146	0.944	0.144
10464.000000	164	146	0.945	0.156
10470.000000	164	146	0.944	0.170
10476.000000	164	146	0.943	0.185
10482.000000	164	146	0.945	0.202
10488.000000	164	146	0.942	0.217
10494.000000	164	146	0.940	0.229
10500.000000	164	146	0.938	0.242
10506.000000	164	146	0.934	0.254
10512.000000	164	146	0.930	0.274
10518.000000	164	146	0.926	0.298
10524.000000	164	146	0.922	0.322
10530.000000	164	146	0.917	0.345
10536.000000	164	146	0.914	0.363
10542.000000	164	146	0.912	0.379
10548.000000	164	146	0.909	0.401
10554.000000	164	146	0.904	0.426
10560.000000	164	146	0.895	0.454
10566.000000	164	146	0.888	0.477
10572.000000	164	146	0.881	0.496
10578.000000	164	146	0.875	0.517
10584.000000	164	146	0.866	0.543
10590.000000	164	146	0.853	0.568
10596.000000	164	146	0.839	0.595
10602.000000	164	146	0.815	0.637
10608.000000	164	146	0.795	0.671
10614.000000	164	146	0.768	0.699
10620.000000	146	164	0.733	0.721
10626.000000	146	164	0.755	0.675
10632.000000	146	164	0.784	0.611
10638.000000	146	164	0.816	0.529
10644.000000	146	164	0.847	0.419
10650.000000	146	164	0.880	0.275
10656.000000	146	145	0.900	0.181
10662.000000	146	145	0.914	0.183
10668.000000	146	145	0.924	0.187
10674.000000	146	145	0.922	0.190
10680.000000	146	145	0.920	0.196
10686.000000	146	145	0.917	0.204
10692.000000	146	145	0.916	0.219
10698.000000	146	145	0.915	0.235
10704.000000	146	145	0.914	0.248
10710.000000	146	145	0.912	0.263
10716.000000	146	145	0.910	0.276
10722.000000	146	145	0.907	0.288
10728.000000	146	145	0.903	0.308
10734.000000	146	145	0.899	0.320
10740.000000	146	145	0.897	0.332
10746.000000	146	145	0.898	0.344
10752.000000	146	145	0.900	0.356
10758.000000	146	145	0.899	0.365
10764.000000	146	145	0.898	0.374
10770.000000	146	145	0.897	0.379
10776.000000	146	145	0.896	0.385
10782.000000	146	145	0.896	0.392
10788.000000	146	145	0.894	0.401
10794.000000	146	145	0.890	0.412
10800.000000	146	145	0.888	0.418
10806.000000	146	145	0.888	0.426
10812.000000	146	145	0.885	0.426
10818.000000	146	145	0.885	0.431
10824.000000	146	145	0.887	0.444
10830.000000	146	145	0.888	0.456
10836.000000	146	145	0.888	0.465
10842.000000	146	145	0.888	0.471
10848.000000	146	145	0.887	0.474
10854.000000	146	145	0.885	0.477
10860.000000	146	145	0.877	0.487
10866.000000	146	145	0.874	0.495
10872.000000	146	145	0.874	0.503
10878.000000	146	145	0.871	0.515
10884.000000	146	145	0.865	0.530
10890.000000	146	145	0.863	0.542
10896.000000	146	145	0.860	0.551
10902.000000	146	145	0.854	0.561
10908.000000	146	145	0.839	0.575
10914.000000	146	145	0.821	0.586
10920.000000	146	145	0.815	0.600
10926.000000	146	145	0.803	0.621
10932.000000	146	145	0.790	0.641
10938.000000	146	145	0.775	0.656
10944.000000	146	145	0.756	0.673
10950.000000	146	145	0.717	0.693
10956.000000	145	146	0.718	0.680
10962.000000	145	146	0.754	0.635
10968.000000	145	146	0.799	0.580
10974.000000	145	146	0.845	0.487
10980.000000	145	146	0.872	0.363
10986.000000	145	146	0.901	0.195
10992.000000	145	151	0.921	0.144
10998.000000	145	151	0.927	0.123
11004.000000	145	52	0.928	0.120
11010.000000	145	49	0.929	0.127
11016.000000	145	49	0.928	0.129
11022.000000	145	52	0.929	0.133
11028.000000	145	52	0.930	0.141
11034.000000	145	52	0.932	0.147
11040.000000	145	52	0.931	0.153
11046.000000	145	52	0.931	0.156
11052.000000	145	52	0.932	0.158
11058.000000	145	52	0.936	0.159
11064.000000	145	52	0.938	0.157
11070.000000	145	52	0.938	0.156
11076.000000	145	52	0.937	0.156
11082.000000	145	52	0.937	0.156
11088.000000	145	52	0.936	0.159
11094.000000	145	52	0.935	0.160
11100.000000	145	52	0.933	0.162
11106.000000	145	52	0.930	0.167
11112.000000	145	52	0.927	0.172
11118.000000	145	52	0.924	0.173
11124.000000	145	52	0.922	0.175
11130.000000	145	52	0.921	0.175
11136.000000	145	52	0.920	0.175
11142.000000	145	52	0.919	0.176
11148.000000	145	52	0.921	0.173
11154.000000	145	52	0.917	0.170
11160.000000	145	52	0.914	0.166
11166.000000	145	3	0.912	0.159
11172.000000	145	3	0.911	0.165
11178.000000	145	3	0.911	0.170
11184.000000	145	3	0.911	0.174
11190.000000	145	3	0.910	0.177
11196.000000	145	3	0.909	0.179
11202.000000	145	3	0.908	0.182
11208.000000	145	3	0.906	0.186
11214.000000	145	3	0.905	0.190
11220.000000	145	3	0.903	0.198
11226.000000	145	3	0.900	0.201
11232.000000	145	3	0.896	0.204
11238.000000	145	3	0.893	0.205
11244.000000	145	3	0.890	0.205
11250.000000	145	3	0.884	0.209
11256.000000	145	3	0.875	0.214
11262.000000	145	3	0.867	0.216
11268.000000	145	3	0.863	0.219
11274.000000	145	3	0.859	0.227
11280.000000	145	3	0.852	0.237
11286.000000	145	3	0.842	0.240
11292.000000	145	169	0.830	0.247
11298.000000	145	169	0.818	0.267
11304.000000	145	169	0.806	0.288
11310.000000	145	169	0.789	0.308
11316.000000	145	169	0.763	0.335
11322.000000	145	169	0.732	0.360
11328.000000	145	169	0.696	0.377
11334.000000	145	169	0.656	0.400
11340.000000	145	169	0.591	0.426
11346.000000	145	169	0.495	0.452
11352.000000	169	145	0.492	0.357
11358.000000	169	3	0.543	0.304
11364.000000	169	3	0.619	0.308
11370.000000	169	3	0.707	0.308
11376.000000	169	3	0.751	0.307
11382.000000	169	3	0.778	0.305
11388.000000	169	3	0.809	0.301
11394.000000	169	3	0.825	0.293
11400.000000	169	3	0.841	0.281
11406.000000	169	3	0.852	0.269
11412.000000	169	3	0.858	0.268
11418.000000	169	3	0.859	0.265
11424.000000	169	3	0.861	0.256
11430.000000	169	3	0.869	0.253
11436.000000	169	3	0.872	0.248
11442.000000	169	3	0.875	0.244
11448.000000	169	3	0.876	0.247
11454.000000	169	3	0.880	0.245
11460.000000	169	3	0.883	0.240
11466.000000	169	3	0.889	0.231
11472.000000	169	3	0.892	0.219
11478.000000	169	3	0.892	0.212
11484.000000	169	3	0.893	0.201
11490.000000	169	3	0.893	0.193
11496.000000	169	3	0.893	0.186
11502.000000	169	93	0.894	0.190
11508.000000	169	93	0.894	0.199
11514.000000	169	93	0.893	0.206
11520.000000	169	93	0.892	0.212
11526.000000	169	93	0.891	0.223
11532.000000	169	93	0.889	0.241
11538.000000	169	93	0.886	0.261
11544.000000	169	93	0.884	0.271
11550.000000	169	93	0.882	0.281
11556.000000	169	93	0.884	0.292
11562.000000	169	93	0.883	0.302
11568.000000	169	93	0.881	0.315
11574.000000	169	93	0.880	0.329
11580.000000	169	93	0.882	0.344
11586.000000	169	93	0.883	0.359
11592.000000	169	93	0.883	0.374
11598.000000	169	93	0.884	0.386
11604.000000	169	93	0.881	0.401
11610.000000	169	84	0.873	0.424
11616.000000	169	84	0.869	0.447
11622.000000	169	84	0.865	0.471
11628.000000	169	84	0.856	0.506
11634.000000	169	84	0.848	0.539
11640.000000	169	84	0.845	0.564
11646.000000	169	84	0.842	0.586
11652.000000	169	84	0.833	0.607
11658.000000	169	84	0.822	0.629
11664.000000	169	84	0.813	0.646
11670.000000	169	84	0.800	0.661
11676.000000	169	84	0.781	0.677
11682.000000	169	84	0.761	0.691
11688.000000	169	84	0.739	0.698
11694.000000	84	169	0.710	0.706
11700.000000	84	169	0.725	0.672
11706.000000	84	169	0.745	0.623
11712.000000	84	93	0.765	0.601
11718.000000	84	93	0.800	0.631
11724.000000	84	93	0.848	0.667
11730.000000	84	93	0.876	0.689
11736.000000	84	93	0.892	0.698
11742.000000	84	93	0.892	0.706
11748.000000	84	93	0.894	0.716
11754.000000	84	93	0.901	0.720
11760.000000	84	93	0.900	0.731
11766.000000	84	93	0.896	0.740
11772.000000	84	93	0.895	0.742
11778.000000	84	93	0.896	0.740
11784.000000	84	93	0.898	0.740
11790.000000	84	93	0.899	0.738
11796.000000	84	93	0.901	0.736
11802.000000	84	93	0.901	0.737
11808.000000	84	93	0.901	0.736
11814.000000	84	93	0.901	0.738
11820.000000	84	93	0.900	0.742
11826.000000	84	93	0.904	0.742
11832.000000	84	93	0.904	0.742
11838.000000	84	93	0.901	0.742
11844.000000	84	93	0.899	0.741
11850.000000	84	93	0.898	0.743
11856.000000	84	93	0.897	0.745
11862.000000	84	93	0.894	0.749
11868.000000	84	93	0.893	0.750
11874.000000	84	93	0.893	0.753
11880.000000	84	93	0.892	0.753
11886.000000	84	93	0.889	0.753
11892.000000	84	93	0.885	0.756
11898.000000	84	93	0.885	0.756
11904.000000	84	93	0.884	0.757
11910.000000	84	93	0.882	0.760
11916.000000	84	93	0.879	0.761
11922.000000	84	93	0.877	0.760
11928.000000	84	93	0.875	0.761
11934.000000	84	93	0.871	0.760
11940.000000	84	93	0.865	0.761
11946.000000	84	93	0.863	0.757
11952.000000	84	93	0.859	0.752
11958.000000	84	93	0.853	0.749
11964.000000	84	93	0.846	0.744
11970.000000	84	93	0.845	0.734
11976.000000	84	93	0.843	0.724
11982.000000	84	93	0.839	0.707
11988.000000	84	93	0.834	0.680
11994.000000	84	93	0.830	0.652
12000.000000	84	93	0.822	0.617
12006.000000	84	93	0.817	0.577
12012.000000	84	93	0.820	0.516
12018.000000	84	93	0.825	0.437
12024.000000	84	93	0.832	0.306
12030.000000	84	93	0.842	0.151
12036.000000	84	98	0.847	0.062
12042.000000	84	98	0.854	0.057
12048.000000	84	98	0.857	0.061
12054.000000	84	98	0.858	0.063
12060.000000	84	98	0.858	0.065
12066.000000	84	98	0.858	0.065
12072.000000	84	98	0.860	0.065
12078.000000	84	98	0.861	0.068
12084.000000	84	98	0.861	0.072
12090.000000	84	98	0.864	0.075
12096.000000	84	98	0.870	0.074
12102.000000	84	98	0.876	0.074
12108.000000	84	98	0.878	0.074
12114.000000	84	98	0.879	0.075
12120.000000	84	98	0.882	0.074
12126.000000	84	98	0.885	0.075
12132.000000	84	98	0.885	0.076
12138.000000	84	98	0.886	0.075
12144.000000	84	39	0.887	0.079
12150.000000	84	39	0.887	0.082
12156.000000	84	39	0.886	0.083
12162.000000	84	39	0.884	0.083
12168.000000	84	39	0.883	0.083
12174.000000	84	39	0.881	0.083
12180.000000	84	39	0.883	0.083
12186.000000	84	39	0.885	0.083
12192.000000	84	39	0.885	0.083
12198.000000	84	39	0.887	0.083
12204.000000	84	39	0.889	0.085
12210.000000	84	39	0.891	0.088
12216.000000	84	39	0.890	0.092
12222.000000	84	39	0.889	0.097
12228.000000	84	39	0.888	0.098
12234.000000	84	39	0.888	0.098
12240.000000	84	39	0.891	0.099
12246.000000	84	39	0.893	0.098
12252.000000	84	39	0.894	0.100
12258.000000	84	39	0.894	0.102
12264.000000	84	39	0.892	0.099
12270.000000	84	39	0.890	0.095
12276.000000	84	39	0.887	0.095
12282.000000	84	39	0.886	0.095
12288.000000	84	39	0.887	0.097
12294.000000	84	39	0.889	0.101
12300.000000	84	39	0.891	0.103
12306.000000	84	39	0.894	0.103
12312.000000	84	39	0.901	0.104
12318.000000	84	39	0.906	0.106
12324.000000	84	39	0.907	0.104
12330.000000	84	39	0.909	0.101
12336.000000	84	39	0.916	0.092
12342.000000	84	39	0.916	0.089
12348.000000	84	39	0.913	0.085
12354.000000	84	39	0.914	0.082
12360.000000	84	39	0.915	0.080
12366.000000	84	39	0.917	0.078
12372.000000	84	39	0.923	0.074
12378.000000	84	39	0.926	0.068
12384.000000	84	39	0.932	0.060
12390.000000	84	39	0.938	0.052
12396.000000	84	161	0.945	0.050
12402.000000	84	161	0.951	0.049
12408.000000	84	161	0.957	0.047
12414.000000	84	161	0.959	0.045
12420.000000	84	161	0.959	0.044
12426.000000	84	161	0.959	0.044
12432.000000	84	169	0.961	0.044
12438.000000	84	169	0.963	0.044
12444.000000	84	169	0.963	0.044
12450.000000	84	169	0.963	0.045
12456.000000	84	169	0.967	0.045
12462.000000	84	169	0.971	0.045
12468.000000	84	169	0.975	0.045
12474.000000	84	169	0.977	0.045
12480.000000	84	169	0.977	0.045
12486.000000	84	169	0.977	0.045
12492.000000	84	169	0.977	0.045
12498.000000	84	169	0.977	0.045
12504.000000	84	169	0.977	0.045
12510.000000	84	169	0.977	0.045
12516.000000	84	169	0.977	0.045
12522.000000	84	169	0.976	0.045
12528.000000	84	169	0.976	0.043
12534.000000	84	169	0.975	0.042
12540.000000	84	169	0.974	0.042
12546.000000	84	169	0.972	0.042
12552.000000	84	169	0.971	0.042
12558.000000	84	169	0.969	0.042
12564.000000	84	169	0.968	0.041
12570.000000	84	169	0.968	0.041
12576.000000	84	169	0.968	0.041
12582.000000	84	169	0.968	0.039
12588.000000	84	169	0.968	0.038
12594.000000	84	169	0.969	0.037
12600.000000	84	169	0.972	0.036
12606.000000	84	169	0.974	0.034
12612.000000	84	169	0.975	0.034
12618.000000	84	169	0.974	0.034
12624.000000	84	169	0.973	0.034
12630.000000	84	169	0.972	0.034
12636.000000	84	169	0.971	0.034
12642.000000	84	169	0.971	0.034
12648.000000	84	169	0.971	0.034
12654.000000	84	169	0.970	0.034
12660.000000	84	169	0.970	0.034
12666.000000	84	169	0.970	0.035
12672.000000	84	169	0.969	0.035
12678.000000	84	169	0.968	0.035
12684.000000	84	169	0.967	0.035
12690.000000	84	169	0.966	0.035
12696.000000	84	169	0.966	0.035
12702.000000	84	169	0.966	0.035
12708.000000	84	169	0.966	0.035
12714.000000	84	169	0.965	0.035
12720.000000	84	169	0.965	0.035
12726.000000	84	169	0.964	0.036
12732.000000	84	169	0.962	0.036
12738.000000	84	169	0.960	0.036
12744.000000	84	169	0.958	0.036
12750.000000	84	169	0.957	0.036
12756.000000	84	169	0.958	0.036
12762.000000	84	169	0.959	0.036
12768.000000	84	169	0.958	0.036
12774.000000	84	169	0.956	0.036
12780.000000	84	169	0.955	0.036
12786.000000	84	169	0.954	0.036
12792.000000	84	169	0.953	0.036
12798.000000	84	169	0.951	0.036
12804.000000	84	169	0.947	0.036
12810.000000	84	169	0.944	0.036
12816.000000	84	169	0.943	0.036
12822.000000	84	169	0.943	0.036
12828.000000	84	169	0.940	0.035
12834.000000	84	169	0.936	0.035
12840.000000	84	169	0.930	0.034
12846.000000	84	169	0.927	0.033
12852.000000	84	169	0.926	0.033
12858.000000	84	169	0.924	0.033
12864.000000	84	169	0.922	0.033
12870.000000	84	169	0.920	0.033
12876.000000	84	169	0.917	0.033
12882.000000	84	161	0.916	0.034
12888.000000	84	161	0.914	0.035
12894.000000	84	169	0.909	0.036
12900.000000	84	169	0.905	0.037
12906.000000	84	169	0.900	0.038
12912.000000	84	169	0.897	0.039
12918.000000	84	169	0.891	0.041
12924.000000	84	169	0.883	0.043
12930.000000	84	169	0.870	0.043
12936.000000	84	169	0.854	0.044
12942.000000	84	169	0.837	0.045
12948.000000	84	169	0.822	0.045
12954.000000	84	169	0.797	0.046
12960.000000	84	169	0.759	0.047
12966.000000	84	169	0.701	0.048
12972.000000	84	169	0.593	0.045
12978.000000	84	169	0.385	0.033
12984.000000	84	98	0.075	0.021
12990.000000	46	182	0.015	0.015
12996.000000	182	162	0.013	0.012
13002.000000	182	85	0.012	0.011
13008.000000	182	85	0.012	0.008
13014.000000	182	46	0.011	0.008
13020.000000	182	46	0.011	0.008
13026.000000	182	193	0.010	0.007
13032.000000	182	193	0.008	0.007
