0.000000	125	102	0.000	0.000
6.000000	160	13	0.992	0.047
12.000000	160	13	0.992	0.048
18.000000	160	13	0.992	0.049
24.000000	160	13	0.991	0.050
30.000000	160	13	0.990	0.051
36.000000	160	13	0.989	0.055
42.000000	160	13	0.987	0.061
48.000000	160	13	0.984	0.065
54.000000	160	13	0.982	0.067
60.000000	160	13	0.979	0.071
66.000000	160	13	0.977	0.076
72.000000	160	174	0.974	0.081
78.000000	160	174	0.971	0.091
84.000000	160	174	0.967	0.104
90.000000	160	174	0.964	0.121
96.000000	160	174	0.960	0.138
102.000000	160	174	0.956	0.151
108.000000	160	174	0.952	0.168
114.000000	160	174	0.948	0.184
120.000000	160	174	0.945	0.201
126.000000	160	174	0.941	0.221
132.000000	160	174	0.937	0.238
138.000000	160	174	0.934	0.256
144.000000	160	174	0.932	0.269
150.000000	160	174	0.930	0.281
156.000000	160	174	0.927	0.289
162.000000	160	174	0.925	0.296
168.000000	160	174	0.924	0.302
174.000000	160	174	0.922	0.308
180.000000	160	174	0.920	0.314
186.000000	160	174	0.918	0.321
192.000000	160	174	0.917	0.328
198.000000	160	174	0.917	0.340
204.000000	160	174	0.916	0.350
210.000000	160	174	0.915	0.356
216.000000	160	174	0.914	0.360
222.000000	160	174	0.913	0.364
228.000000	160	174	0.910	0.371
234.000000	160	174	0.905	0.378
240.000000	160	174	0.903	0.386
246.000000	160	174	0.901	0.394
252.000000	160	174	0.900	0.406
258.000000	160	174	0.900	0.410
264.000000	160	174	0.901	0.416
270.000000	160	174	0.901	0.423
276.000000	160	174	0.900	0.437
282.000000	160	174	0.899	0.458
288.000000	160	174	0.892	0.490
294.000000	160	174	0.891	0.510
300.000000	160	174	0.890	0.529
306.000000	160	174	0.890	0.559
312.000000	160	174	0.890	0.577
318.000000	160	174	0.890	0.589
324.000000	160	174	0.888	0.600
330.000000	160	174	0.881	0.614
336.000000	160	174	0.876	0.629
342.000000	160	174	0.870	0.647
348.000000	160	174	0.859	0.668
354.000000	160	174	0.845	0.690
360.000000	160	174	0.833	0.707
366.000000	160	174	0.819	0.724
372.000000	160	174	0.805	0.745
378.000000	160	174	0.786	0.759
384.000000	174	160	0.770	0.766
390.000000	174	160	0.781	0.739
396.000000	174	160	0.801	0.707
402.000000	174	160	0.831	0.651
408.000000	174	160	0.865	0.570
414.000000	174	160	0.891	0.463
420.000000	174	160	0.898	0.346
426.000000	174	80	0.910	0.276
432.000000	174	80	0.917	0.286
438.000000	174	80	0.920	0.287
444.000000	174	80	0.921	0.289
450.000000	174	80	0.922	0.297
456.000000	174	80	0.919	0.314
462.000000	174	80	0.913	0.320
468.000000	174	80	0.908	0.320
474.000000	174	80	0.906	0.315
480.000000	174	80	0.910	0.303
486.000000	174	80	0.909	0.298
492.000000	174	80	0.906	0.292
498.000000	174	80	0.905	0.286
504.000000	174	80	0.903	0.273
510.000000	174	80	0.900	0.261
516.000000	174	80	0.897	0.251
522.000000	174	80	0.892	0.243
528.000000	174	80	0.888	0.229
534.000000	174	172	0.883	0.227
540.000000	174	172	0.875	0.243
546.000000	174	172	0.867	0.253
552.000000	174	172	0.863	0.267
558.000000	174	172	0.861	0.277
564.000000	174	172	0.860	0.279
570.000000	174	172	0.853	0.288
576.000000	174	172	0.846	0.300
582.000000	174	172	0.840	0.310
588.000000	174	172	0.832	0.320
594.000000	174	172	0.823	0.336
600.000000	174	172	0.814	0.348
606.000000	174	172	0.804	0.361
612.000000	174	172	0.791	0.379
618.000000	174	172	0.776	0.402
624.000000	174	172	0.758	0.413
630.000000	174	172	0.745	0.428
636.000000	174	172	0.730	0.452
642.000000	174	172	0.709	0.477
648.000000	174	172	0.678	0.502
654.000000	174	172	0.644	0.522
660.000000	174	172	0.599	0.542
666.000000	172	174	0.561	0.545
672.000000	172	174	0.584	0.480
678.000000	172	174	0.622	0.382
684.000000	172	174	0.672	0.247
690.000000	172	131	0.726	0.219
696.000000	172	131	0.758	0.199
702.000000	172	122	0.778	0.202
708.000000	172	122	0.788	0.207
714.000000	172	122	0.795	0.208
720.000000	172	122	0.811	0.210
726.000000	172	122	0.822	0.209
732.000000	172	122	0.830	0.200
738.000000	172	122	0.838	0.198
744.000000	172	122	0.848	0.195
750.000000	172	122	0.852	0.189
756.000000	172	122	0.859	0.182
762.000000	172	122	0.857	0.182
768.000000	172	98	0.859	0.180
774.000000	172	98	0.863	0.187
780.000000	172	98	0.866	0.191
786.000000	172	98	0.871	0.195
792.000000	172	98	0.871	0.204
798.000000	172	98	0.875	0.215
804.000000	172	98	0.883	0.224
810.000000	172	98	0.886	0.232
816.000000	172	98	0.888	0.243
822.000000	172	98	0.895	0.255
828.000000	172	98	0.896	0.265
834.000000	172	98	0.898	0.279
840.000000	172	98	0.903	0.292
846.000000	172	98	0.904	0.304
852.000000	172	98	0.905	0.315
858.000000	172	98	0.907	0.339
864.000000	172	98	0.909	0.356
870.000000	172	98	0.911	0.364
876.000000	172	98	0.913	0.369
882.000000	172	98	0.910	0.376
888.000000	172	98	0.909	0.382
894.000000	172	98	0.909	0.383
900.000000	172	98	0.909	0.387
906.000000	172	98	0.907	0.393
912.000000	172	98	0.901	0.415
918.000000	172	98	0.891	0.438
924.000000	172	98	0.886	0.452
930.000000	172	98	0.881	0.464
936.000000	172	98	0.880	0.468
942.000000	172	98	0.878	0.471
948.000000	172	98	0.877	0.482
954.000000	172	98	0.878	0.490
960.000000	172	98	0.876	0.499
966.000000	172	98	0.874	0.514
972.000000	172	98	0.870	0.524
978.000000	172	98	0.865	0.534
984.000000	172	98	0.851	0.559
990.000000	172	98	0.838	0.583
996.000000	172	98	0.826	0.598
1002.000000	172	98	0.817	0.609
1008.000000	172	98	0.807	0.621
1014.000000	172	98	0.788	0.632
1020.000000	172	98	0.768	0.646
1026.000000	172	98	0.743	0.667
1032.000000	172	98	0.722	0.685
1038.000000	98	172	0.701	0.696
1044.000000	98	172	0.715	0.658
1050.000000	98	172	0.734	0.606
1056.000000	98	172	0.754	0.538
1062.000000	98	172	0.791	0.431
1068.000000	98	172	0.817	0.309
1074.000000	98	83	0.841	0.165
1080.000000	98	83	0.863	0.155
1086.000000	98	83	0.878	0.150
1092.000000	98	83	0.886	0.150
1098.000000	98	83	0.888	0.144
1104.000000	98	36	0.889	0.141
1110.000000	98	36	0.894	0.139
1116.000000	98	82	0.892	0.139
1122.000000	98	82	0.892	0.152
1128.000000	98	82	0.888	0.163
1134.000000	98	82	0.884	0.175
1140.000000	98	82	0.882	0.188
1146.000000	98	82	0.881	0.200
1152.000000	98	82	0.882	0.212
1158.000000	98	82	0.885	0.229
1164.000000	98	82	0.884	0.242
1170.000000	98	82	0.881	0.251
1176.000000	98	82	0.878	0.260
1182.000000	98	82	0.875	0.274
1188.000000	98	82	0.872	0.290
1194.000000	98	82	0.871	0.303
1200.000000	98	82	0.871	0.313
1206.000000	98	82	0.872	0.322
1212.000000	98	82	0.872	0.332
1218.000000	98	82	0.867	0.348
1224.000000	98	82	0.863	0.367
1230.000000	98	82	0.862	0.390
1236.000000	98	82	0.862	0.403
1242.000000	98	82	0.861	0.413
1248.000000	98	82	0.859	0.426
1254.000000	98	82	0.853	0.445
1260.000000	98	82	0.848	0.456
1266.000000	98	82	0.841	0.471
1272.000000	98	82	0.834	0.484
1278.000000	98	82	0.825	0.492
1284.000000	98	82	0.816	0.496
1290.000000	98	82	0.802	0.502
1296.000000	98	82	0.782	0.509
1302.000000	98	82	0.757	0.525
1308.000000	98	82	0.741	0.546
1314.000000	98	82	0.724	0.558
1320.000000	98	82	0.700	0.574
1326.000000	98	82	0.671	0.586
1332.000000	98	82	0.638	0.600
1338.000000	82	98	0.618	0.593
1344.000000	82	98	0.645	0.539
1350.000000	82	98	0.667	0.472
1356.000000	82	98	0.694	0.363
1362.000000	82	196	0.728	0.260
1368.000000	82	196	0.749	0.252
1374.000000	82	196	0.765	0.239
1380.000000	82	196	0.783	0.233
1386.000000	82	85	0.790	0.235
1392.000000	82	95	0.789	0.248
1398.000000	82	95	0.787	0.255
1404.000000	82	95	0.787	0.259
1410.000000	82	95	0.788	0.259
1416.000000	82	95	0.788	0.260
1422.000000	82	95	0.786	0.262
1428.000000	82	85	0.785	0.267
1434.000000	82	85	0.784	0.274
1440.000000	82	85	0.783	0.278
1446.000000	82	85	0.783	0.282
1452.000000	82	85	0.785	0.284
1458.000000	82	85	0.784	0.282
1464.000000	82	95	0.784	0.283
1470.000000	82	95	0.784	0.287
1476.000000	82	95	0.783	0.289
1482.000000	82	95	0.781	0.292
1488.000000	82	95	0.785	0.294
1494.000000	82	95	0.788	0.293
1500.000000	82	95	0.790	0.288
1506.000000	82	95	0.791	0.285
1512.000000	82	95	0.791	0.287
1518.000000	82	95	0.797	0.288
1524.000000	82	95	0.803	0.290
1530.000000	82	95	0.798	0.297
1536.000000	82	95	0.794	0.295
1542.000000	82	95	0.795	0.290
1548.000000	82	95	0.792	0.294
1554.000000	82	95	0.790	0.302
1560.000000	82	95	0.789	0.299
1566.000000	82	95	0.783	0.293
1572.000000	82	95	0.778	0.291
1578.000000	82	95	0.775	0.289
1584.000000	82	99	0.772	0.302
1590.000000	82	99	0.768	0.314
1596.000000	82	99	0.762	0.326
1602.000000	82	99	0.757	0.338
1608.000000	82	99	0.750	0.360
1614.000000	82	99	0.742	0.376
1620.000000	82	99	0.736	0.389
1626.000000	82	99	0.731	0.405
1632.000000	82	99	0.722	0.410
1638.000000	82	99	0.710	0.416
1644.000000	82	99	0.697	0.423
1650.000000	82	99	0.691	0.430
1656.000000	82	99	0.686	0.441
1662.000000	82	99	0.683	0.445
1668.000000	82	99	0.674	0.444
1674.000000	82	99	0.662	0.450
1680.000000	82	99	0.648	0.459
1686.000000	82	99	0.633	0.467
1692.000000	82	99	0.614	0.478
1698.000000	82	99	0.582	0.494
1704.000000	82	99	0.544	0.511
1710.000000	99	82	0.522	0.494
1716.000000	99	82	0.538	0.442
1722.000000	99	82	0.558	0.372
1728.000000	99	82	0.596	0.282
1734.000000	99	133	0.651	0.215
1740.000000	99	133	0.707	0.230
1746.000000	99	133	0.756	0.238
1752.000000	99	133	0.787	0.241
1758.000000	99	133	0.801	0.253
1764.000000	99	133	0.809	0.264
1770.000000	99	133	0.820	0.269
1776.000000	99	133	0.830	0.280
1782.000000	99	133	0.836	0.285
1788.000000	99	133	0.840	0.285
1794.000000	99	133	0.846	0.286
1800.000000	99	133	0.853	0.286
1806.000000	99	133	0.858	0.286
1812.000000	99	133	0.864	0.286
1818.000000	99	133	0.865	0.291
1824.000000	99	133	0.865	0.297
1830.000000	99	133	0.871	0.305
1836.000000	99	133	0.876	0.312
1842.000000	99	133	0.884	0.318
1848.000000	99	133	0.888	0.325
1854.000000	99	133	0.890	0.327
1860.000000	99	133	0.893	0.327
1866.000000	99	133	0.892	0.329
1872.000000	99	133	0.892	0.332
1878.000000	99	133	0.892	0.335
1884.000000	99	133	0.892	0.340
1890.000000	99	133	0.892	0.342
1896.000000	99	133	0.892	0.339
1902.000000	99	133	0.892	0.338
1908.000000	99	133	0.894	0.337
1914.000000	99	133	0.896	0.334
1920.000000	99	133	0.898	0.329
1926.000000	99	133	0.898	0.323
1932.000000	99	133	0.898	0.318
1938.000000	99	133	0.899	0.314
1944.000000	99	133	0.898	0.311
1950.000000	99	133	0.894	0.307
1956.000000	99	83	0.891	0.308
1962.000000	99	83	0.888	0.311
1968.000000	99	83	0.883	0.319
1974.000000	99	83	0.881	0.331
1980.000000	99	83	0.881	0.340
1986.000000	99	83	0.881	0.356
1992.000000	99	83	0.880	0.369
1998.000000	99	83	0.878	0.381
2004.000000	99	83	0.878	0.391
2010.000000	99	83	0.874	0.400
2016.000000	99	83	0.869	0.409
2022.000000	99	83	0.863	0.424
2028.000000	99	83	0.863	0.431
2034.000000	99	83	0.861	0.434
2040.000000	99	83	0.857	0.439
2046.000000	99	83	0.853	0.444
2052.000000	99	83	0.846	0.448
2058.000000	99	83	0.836	0.456
2064.000000	99	83	0.828	0.463
2070.000000	99	83	0.818	0.480
2076.000000	99	83	0.810	0.495
2082.000000	99	83	0.795	0.512
2088.000000	99	83	0.784	0.526
2094.000000	99	83	0.776	0.539
2100.000000	99	83	0.763	0.556
2106.000000	99	83	0.736	0.584
2112.000000	99	83	0.703	0.611
2118.000000	99	83	0.662	0.641
2124.000000	83	99	0.672	0.604
2130.000000	83	99	0.704	0.526
2136.000000	83	99	0.761	0.395
2142.000000	83	99	0.812	0.190
2148.000000	83	188	0.859	0.132
2154.000000	83	188	0.883	0.133
2160.000000	83	188	0.901	0.131
2166.000000	83	188	0.907	0.137
2172.000000	83	188	0.912	0.142
2178.000000	83	188	0.915	0.147
2184.000000	83	188	0.917	0.155
2190.000000	83	188	0.916	0.160
2196.000000	83	188	0.914	0.161
2202.000000	83	188	0.913	0.161
2208.000000	83	131	0.911	0.170
2214.000000	83	131	0.909	0.181
2220.000000	83	131	0.907	0.196
2226.000000	83	131	0.907	0.212
2232.000000	83	131	0.908	0.222
2238.000000	83	131	0.910	0.227
2244.000000	83	131	0.914	0.231
2250.000000	83	131	0.918	0.236
2256.000000	83	131	0.918	0.240
2262.000000	83	131	0.918	0.244
2268.000000	83	131	0.915	0.247
2274.000000	83	131	0.913	0.249
2280.000000	83	131	0.911	0.254
2286.000000	83	131	0.910	0.260
2292.000000	83	131	0.909	0.268
2298.000000	83	131	0.909	0.270
2304.000000	83	131	0.910	0.271
2310.000000	83	131	0.907	0.277
2316.000000	83	131	0.902	0.285
2322.000000	83	131	0.899	0.292
2328.000000	83	131	0.897	0.296
2334.000000	83	131	0.894	0.298
2340.000000	83	131	0.892	0.303
2346.000000	83	131	0.888	0.309
2352.000000	83	131	0.883	0.315
2358.000000	83	131	0.879	0.322
2364.000000	83	131	0.874	0.329
2370.000000	83	131	0.868	0.337
2376.000000	83	131	0.866	0.339
2382.000000	83	131	0.864	0.340
2388.000000	83	131	0.860	0.342
2394.000000	83	131	0.856	0.350
2400.000000	83	131	0.847	0.356
2406.000000	83	131	0.838	0.359
2412.000000	83	131	0.827	0.369
2418.000000	83	131	0.822	0.374
2424.000000	83	131	0.814	0.384
2430.000000	83	131	0.803	0.400
2436.000000	83	131	0.794	0.409
2442.000000	83	131	0.782	0.412
2448.000000	83	131	0.766	0.415
2454.000000	83	131	0.751	0.422
2460.000000	83	131	0.732	0.430
2466.000000	83	131	0.705	0.442
2472.000000	83	131	0.676	0.449
2478.000000	83	131	0.643	0.453
2484.000000	83	131	0.598	0.462
2490.000000	83	131	0.534	0.476
2496.000000	131	83	0.488	0.460
2502.000000	131	83	0.497	0.378
2508.000000	131	163	0.514	0.305
2514.000000	131	163	0.543	0.314
2520.000000	131	163	0.569	0.330
2526.000000	131	163	0.594	0.342
2532.000000	131	163	0.616	0.351
2538.000000	131	163	0.637	0.357
2544.000000	131	163	0.647	0.362
2550.000000	131	163	0.654	0.375
2556.000000	131	163	0.665	0.387
2562.000000	131	163	0.672	0.392
2568.000000	131	163	0.682	0.395
2574.000000	131	163	0.695	0.400
2580.000000	131	163	0.706	0.406
2586.000000	131	163	0.708	0.411
2592.000000	131	163	0.705	0.426
2598.000000	131	163	0.708	0.442
2604.000000	131	163	0.712	0.452
2610.000000	131	163	0.710	0.457
2616.000000	131	163	0.715	0.463
2622.000000	131	163	0.714	0.475
2628.000000	131	163	0.713	0.482
2634.000000	131	163	0.715	0.488
2640.000000	131	163	0.716	0.496
2646.000000	131	163	0.719	0.505
2652.000000	131	163	0.724	0.512
2658.000000	131	163	0.733	0.514
2664.000000	131	163	0.740	0.520
2670.000000	131	163	0.743	0.524
2676.000000	131	163	0.741	0.527
2682.000000	131	163	0.738	0.538
2688.000000	131	163	0.739	0.550
2694.000000	131	163	0.735	0.570
2700.000000	131	163	0.726	0.586
2706.000000	131	163	0.718	0.594
2712.000000	131	163	0.708	0.603
2718.000000	131	163	0.698	0.609
2724.000000	131	163	0.688	0.618
2730.000000	131	163	0.677	0.621
2736.000000	131	163	0.667	0.619
2742.000000	131	163	0.656	0.614
2748.000000	131	163	0.638	0.612
2754.000000	131	163	0.621	0.607
2760.000000	131	163	0.605	0.600
2766.000000	163	131	0.590	0.587
2772.000000	163	131	0.591	0.559
2778.000000	163	131	0.593	0.523
2784.000000	163	131	0.591	0.477
2790.000000	163	131	0.580	0.412
2796.000000	163	131	0.581	0.354
2802.000000	163	1	0.582	0.330
2808.000000	163	1	0.582	0.344
2814.000000	163	1	0.577	0.355
2820.000000	163	1	0.570	0.371
2826.000000	163	1	0.562	0.376
2832.000000	163	1	0.550	0.390
2838.000000	163	1	0.538	0.404
2844.000000	163	1	0.525	0.412
2850.000000	163	1	0.507	0.430
2856.000000	163	1	0.482	0.445
2862.000000	163	1	0.461	0.454
2868.000000	1	163	0.460	0.444
2874.000000	1	163	0.465	0.423
2880.000000	1	175	0.469	0.404
2886.000000	1	175	0.474	0.412
2892.000000	1	175	0.479	0.422
2898.000000	1	175	0.488	0.425
2904.000000	1	175	0.500	0.425
2910.000000	1	175	0.520	0.429
2916.000000	1	175	0.529	0.435
2922.000000	1	175	0.540	0.440
2928.000000	1	175	0.550	0.447
2934.000000	1	175	0.559	0.450
2940.000000	1	175	0.567	0.455
2946.000000	1	175	0.576	0.459
2952.000000	1	175	0.589	0.459
2958.000000	1	175	0.595	0.461
2964.000000	1	175	0.598	0.475
2970.000000	1	175	0.612	0.490
2976.000000	1	175	0.622	0.501
2982.000000	1	175	0.625	0.509
2988.000000	1	175	0.625	0.520
2994.000000	1	175	0.622	0.530
3000.000000	1	175	0.621	0.536
3006.000000	1	175	0.625	0.538
3012.000000	1	175	0.630	0.538
3018.000000	1	175	0.631	0.543
3024.000000	1	175	0.632	0.553
3030.000000	1	175	0.633	0.563
3036.000000	1	175	0.629	0.564
3042.000000	1	175	0.630	0.570
3048.000000	1	175	0.632	0.580
3054.000000	1	175	0.631	0.588
3060.000000	1	175	0.629	0.596
3066.000000	1	175	0.626	0.611
3072.000000	1	175	0.630	0.617
3078.000000	1	175	0.627	0.620
3084.000000	175	1	0.630	0.615
3090.000000	175	1	0.632	0.608
3096.000000	175	1	0.633	0.604
3102.000000	175	1	0.636	0.599
3108.000000	175	1	0.638	0.597
3114.000000	175	1	0.647	0.591
3120.000000	175	1	0.651	0.586
3126.000000	175	1	0.664	0.572
3132.000000	175	1	0.683	0.552
3138.000000	175	1	0.685	0.534
3144.000000	175	1	0.694	0.521
3150.000000	175	1	0.700	0.507
3156.000000	175	1	0.706	0.491
3162.000000	175	1	0.709	0.461
3168.000000	175	1	0.724	0.409
3174.000000	175	1	0.741	0.344
3180.000000	175	13	0.747	0.343
3186.000000	175	13	0.752	0.376
3192.000000	175	13	0.755	0.409
3198.000000	175	13	0.753	0.448
3204.000000	175	13	0.754	0.471
3210.000000	175	13	0.760	0.477
3216.000000	175	13	0.767	0.482
3222.000000	175	13	0.766	0.496
3228.000000	175	13	0.762	0.515
3234.000000	175	13	0.755	0.529
3240.000000	175	13	0.751	0.542
3246.000000	175	13	0.748	0.553
3252.000000	175	13	0.745	0.560
3258.000000	175	13	0.734	0.573
3264.000000	175	13	0.729	0.582
3270.000000	175	13	0.722	0.588
3276.000000	175	13	0.714	0.595
3282.000000	175	13	0.703	0.601
3288.000000	175	13	0.684	0.612
3294.000000	175	13	0.668	0.628
3300.000000	175	13	0.647	0.640
3306.000000	13	175	0.655	0.616
3312.000000	13	175	0.661	0.588
3318.000000	13	175	0.668	0.547
3324.000000	13	175	0.686	0.510
3330.000000	13	175	0.703	0.472
3336.000000	13	119	0.726	0.444
3342.000000	13	119	0.760	0.463
3348.000000	13	119	0.784	0.482
3354.000000	13	119	0.804	0.500
3360.000000	13	119	0.814	0.518
3366.000000	13	119	0.824	0.541
3372.000000	13	119	0.831	0.550
3378.000000	13	119	0.831	0.560
3384.000000	13	119	0.828	0.570
3390.000000	13	119	0.828	0.586
3396.000000	13	119	0.827	0.595
3402.000000	13	119	0.829	0.602
3408.000000	13	119	0.837	0.612
3414.000000	13	119	0.839	0.617
3420.000000	13	119	0.836	0.621
3426.000000	13	119	0.838	0.620
3432.000000	13	119	0.835	0.630
3438.000000	13	119	0.835	0.635
3444.000000	13	119	0.835	0.637
3450.000000	13	119	0.836	0.641
3456.000000	13	119	0.836	0.643
3462.000000	13	119	0.832	0.646
3468.000000	13	119	0.832	0.643
3474.000000	13	119	0.833	0.640
3480.000000	13	119	0.825	0.643
3486.000000	13	119	0.819	0.643
3492.000000	13	119	0.814	0.644
3498.000000	13	119	0.811	0.642
3504.000000	13	119	0.809	0.640
3510.000000	13	119	0.805	0.635
3516.000000	13	119	0.799	0.625
3522.000000	13	119	0.794	0.615
3528.000000	13	119	0.791	0.609
3534.000000	13	119	0.787	0.604
3540.000000	13	119	0.782	0.600
3546.000000	13	119	0.776	0.589
3552.000000	13	119	0.762	0.577
3558.000000	13	119	0.757	0.567
3564.000000	13	76	0.750	0.577
3570.000000	13	76	0.737	0.598
3576.000000	13	76	0.716	0.627
3582.000000	13	76	0.697	0.658
3588.000000	76	13	0.693	0.679
3594.000000	76	13	0.734	0.659
3600.000000	76	13	0.756	0.639
3606.000000	76	13	0.777	0.608
3612.000000	76	13	0.815	0.558
3618.000000	76	13	0.845	0.501
3624.000000	76	13	0.873	0.425
3630.000000	76	13	0.892	0.323
3636.000000	76	13	0.914	0.196
3642.000000	76	164	0.929	0.158
3648.000000	76	164	0.936	0.168
3654.000000	76	164	0.942	0.180
3660.000000	76	164	0.943	0.190
3666.000000	76	164	0.941	0.201
3672.000000	76	164	0.941	0.215
3678.000000	76	164	0.940	0.228
3684.000000	76	164	0.937	0.235
3690.000000	76	164	0.935	0.251
3696.000000	76	164	0.932	0.266
3702.000000	76	164	0.933	0.278
3708.000000	76	164	0.933	0.285
3714.000000	76	164	0.927	0.293
3720.000000	76	164	0.920	0.309
3726.000000	76	164	0.915	0.326
3732.000000	76	164	0.911	0.343
3738.000000	76	164	0.909	0.355
3744.000000	76	164	0.907	0.365
3750.000000	76	164	0.904	0.372
3756.000000	76	164	0.902	0.382
3762.000000	76	164	0.895	0.396
3768.000000	76	164	0.890	0.410
3774.000000	76	164	0.881	0.421
3780.000000	76	164	0.872	0.434
3786.000000	76	164	0.866	0.448
3792.000000	76	164	0.860	0.462
3798.000000	76	164	0.854	0.476
3804.000000	76	164	0.850	0.488
3810.000000	76	164	0.839	0.498
3816.000000	76	164	0.829	0.506
3822.000000	76	164	0.819	0.518
3828.000000	76	164	0.812	0.526
3834.000000	76	164	0.801	0.533
3840.000000	76	164	0.789	0.542
3846.000000	76	164	0.771	0.547
3852.000000	76	164	0.745	0.565
3858.000000	76	164	0.720	0.586
3864.000000	76	164	0.698	0.601
3870.000000	76	164	0.669	0.610
3876.000000	76	164	0.632	0.626
3882.000000	164	76	0.636	0.590
3888.000000	164	122	0.647	0.551
3894.000000	164	122	0.657	0.579
3900.000000	164	122	0.674	0.614
3906.000000	164	122	0.711	0.661
3912.000000	164	122	0.733	0.711
3918.000000	122	164	0.743	0.742
3924.000000	122	164	0.761	0.759
3930.000000	122	164	0.788	0.754
3936.000000	122	164	0.800	0.756
3942.000000	122	164	0.802	0.758
3948.000000	122	164	0.808	0.758
3954.000000	122	164	0.810	0.760
3960.000000	122	164	0.810	0.764
3966.000000	122	164	0.813	0.762
3972.000000	122	164	0.819	0.757
3978.000000	122	164	0.826	0.746
3984.000000	122	164	0.827	0.739
3990.000000	122	164	0.831	0.732
3996.000000	122	164	0.835	0.723
4002.000000	122	164	0.838	0.713
4008.000000	122	164	0.842	0.708
4014.000000	122	164	0.844	0.699
4020.000000	122	164	0.847	0.688
4026.000000	122	164	0.850	0.680
4032.000000	122	164	0.849	0.673
4038.000000	122	164	0.850	0.662
4044.000000	122	164	0.850	0.648
4050.000000	122	164	0.854	0.629
4056.000000	122	164	0.857	0.610
4062.000000	122	164	0.862	0.592
4068.000000	122	164	0.864	0.571
4074.000000	122	164	0.869	0.541
4080.000000	122	164	0.876	0.508
4086.000000	122	164	0.881	0.472
4092.000000	122	164	0.887	0.414
4098.000000	122	164	0.894	0.343
4104.000000	122	164	0.899	0.263
4110.000000	122	38	0.907	0.274
4116.000000	122	38	0.918	0.291
4122.000000	122	38	0.924	0.312
4128.000000	122	38	0.925	0.339
4134.000000	122	38	0.926	0.363
4140.000000	122	38	0.926	0.376
4146.000000	122	38	0.922	0.392
4152.000000	122	38	0.918	0.413
4158.000000	122	38	0.912	0.431
4164.000000	122	38	0.904	0.446
4170.000000	122	38	0.893	0.459
4176.000000	122	38	0.887	0.467
4182.000000	122	38	0.880	0.475
4188.000000	122	38	0.868	0.486
4194.000000	122	38	0.852	0.495
4200.000000	122	38	0.833	0.511
4206.000000	122	38	0.813	0.524
4212.000000	122	38	0.793	0.538
4218.000000	122	38	0.766	0.557
4224.000000	122	38	0.746	0.569
4230.000000	122	38	0.732	0.578
4236.000000	122	38	0.711	0.589
4242.000000	122	38	0.679	0.611
4248.000000	122	38	0.644	0.625
4254.000000	38	122	0.636	0.605
4260.000000	38	122	0.659	0.542
4266.000000	38	122	0.680	0.472
4272.000000	38	122	0.704	0.378
4278.000000	38	52	0.732	0.329
4284.000000	38	52	0.761	0.346
4290.000000	38	52	0.772	0.366
4296.000000	38	52	0.781	0.391
4302.000000	38	52	0.788	0.411
4308.000000	38	52	0.790	0.427
4314.000000	38	52	0.797	0.438
4320.000000	38	52	0.804	0.453
4326.000000	38	52	0.801	0.468
4332.000000	38	52	0.803	0.476
4338.000000	38	52	0.807	0.479
4344.000000	38	52	0.805	0.487
4350.000000	38	52	0.799	0.503
4356.000000	38	52	0.795	0.510
4362.000000	38	52	0.791	0.515
4368.000000	38	52	0.784	0.522
4374.000000	38	52	0.781	0.531
4380.000000	38	52	0.779	0.536
4386.000000	38	52	0.778	0.538
4392.000000	38	52	0.773	0.544
4398.000000	38	52	0.764	0.551
4404.000000	38	52	0.755	0.558
4410.000000	38	52	0.746	0.564
4416.000000	38	52	0.741	0.570
4422.000000	38	52	0.734	0.574
4428.000000	38	52	0.720	0.573
4434.000000	38	52	0.706	0.579
4440.000000	38	52	0.695	0.580
4446.000000	38	52	0.684	0.581
4452.000000	38	52	0.664	0.588
4458.000000	38	52	0.643	0.594
4464.000000	38	52	0.612	0.597
4470.000000	52	38	0.600	0.579
4476.000000	52	147	0.602	0.590
4482.000000	147	52	0.605	0.604
4488.000000	147	52	0.615	0.610
4494.000000	147	52	0.621	0.620
4500.000000	52	147	0.639	0.635
4506.000000	52	147	0.664	0.655
4512.000000	52	147	0.690	0.670
4518.000000	52	147	0.712	0.673
4524.000000	52	147	0.722	0.674
4530.000000	52	147	0.726	0.666
4536.000000	52	147	0.729	0.658
4542.000000	52	147	0.731	0.647
4548.000000	52	147	0.736	0.633
4554.000000	52	147	0.739	0.621
4560.000000	52	147	0.744	0.607
4566.000000	52	147	0.748	0.589
4572.000000	52	147	0.746	0.575
4578.000000	52	147	0.749	0.566
4584.000000	52	147	0.750	0.558
4590.000000	52	147	0.751	0.549
4596.000000	52	147	0.746	0.537
4602.000000	52	147	0.745	0.526
4608.000000	52	147	0.751	0.512
4614.000000	52	147	0.748	0.495
4620.000000	52	147	0.746	0.476
4626.000000	52	147	0.749	0.454
4632.000000	52	147	0.755	0.418
4638.000000	52	147	0.761	0.366
4644.000000	52	147	0.765	0.317
4650.000000	52	147	0.771	0.269
4656.000000	52	32	0.774	0.235
4662.000000	52	32	0.784	0.236
4668.000000	52	32	0.794	0.241
4674.000000	52	32	0.804	0.241
4680.000000	52	166	0.811	0.239
4686.000000	52	166	0.813	0.243
4692.000000	52	166	0.818	0.250
4698.000000	52	166	0.819	0.256
4704.000000	52	166	0.815	0.267
4710.000000	52	166	0.810	0.277
4716.000000	52	166	0.809	0.286
4722.000000	52	166	0.807	0.295
4728.000000	52	166	0.807	0.305
4734.000000	52	166	0.801	0.312
4740.000000	52	166	0.794	0.313
4746.000000	52	166	0.787	0.310
4752.000000	52	166	0.779	0.313
4758.000000	52	166	0.775	0.315
4764.000000	52	166	0.771	0.316
4770.000000	52	166	0.763	0.318
4776.000000	52	166	0.750	0.317
4782.000000	52	166	0.735	0.317
4788.000000	52	166	0.713	0.313
4794.000000	52	166	0.691	0.308
4800.000000	52	166	0.661	0.310
4806.000000	52	166	0.619	0.309
4812.000000	52	166	0.574	0.305
4818.000000	52	166	0.532	0.307
4824.000000	52	166	0.481	0.309
4830.000000	52	166	0.412	0.307
4836.000000	52	166	0.336	0.293
4842.000000	45	166	0.303	0.285
4848.000000	45	39	0.320	0.307
4854.000000	45	39	0.346	0.325
4860.000000	45	39	0.377	0.338
4866.000000	45	39	0.412	0.364
4872.000000	45	39	0.439	0.390
4878.000000	45	39	0.456	0.405
4884.000000	45	39	0.467	0.417
4890.000000	45	39	0.476	0.432
4896.000000	45	39	0.486	0.442
4902.000000	45	39	0.500	0.454
4908.000000	45	39	0.509	0.471
4914.000000	45	39	0.522	0.488
4920.000000	45	39	0.531	0.496
4926.000000	45	39	0.541	0.504
4932.000000	45	39	0.546	0.517
4938.000000	45	39	0.551	0.528
4944.000000	45	39	0.558	0.542
4950.000000	45	39	0.561	0.558
4956.000000	39	45	0.571	0.565
4962.000000	39	45	0.582	0.571
4968.000000	39	45	0.587	0.577
4974.000000	39	45	0.593	0.583
4980.000000	39	45	0.606	0.585
4986.000000	39	45	0.619	0.591
4992.000000	39	45	0.641	0.592
4998.000000	39	45	0.666	0.590
5004.000000	39	45	0.676	0.601
5010.000000	39	45	0.686	0.614
5016.000000	39	45	0.696	0.625
5022.000000	39	45	0.701	0.634
5028.000000	39	45	0.704	0.643
5034.000000	39	45	0.715	0.647
5040.000000	39	45	0.726	0.655
5046.000000	39	45	0.735	0.660
5052.000000	39	45	0.741	0.663
5058.000000	39	45	0.744	0.666
5064.000000	39	45	0.751	0.673
5070.000000	39	45	0.759	0.674
5076.000000	39	45	0.767	0.674
5082.000000	39	45	0.775	0.674
5088.000000	39	45	0.784	0.676
5094.000000	39	45	0.793	0.677
5100.000000	39	45	0.801	0.673
5106.000000	39	45	0.809	0.673
5112.000000	39	45	0.825	0.665
5118.000000	39	45	0.839	0.661
5124.000000	39	45	0.843	0.661
5130.000000	39	45	0.845	0.663
5136.000000	39	45	0.845	0.663
5142.000000	39	45	0.846	0.664
5148.000000	39	45	0.853	0.659
5154.000000	39	45	0.859	0.648
5160.000000	39	45	0.859	0.642
5166.000000	39	45	0.864	0.634
5172.000000	39	45	0.867	0.628
5178.000000	39	45	0.874	0.618
5184.000000	39	45	0.882	0.603
5190.000000	39	45	0.891	0.580
5196.000000	39	45	0.895	0.552
5202.000000	39	45	0.894	0.524
5208.000000	39	45	0.895	0.487
5214.000000	39	45	0.898	0.433
5220.000000	39	45	0.900	0.381
5226.000000	39	45	0.906	0.313
5232.000000	39	45	0.917	0.237
5238.000000	39	45	0.925	0.159
5244.000000	39	136	0.934	0.142
5250.000000	39	136	0.940	0.141
5256.000000	39	136	0.949	0.134
5262.000000	39	136	0.955	0.132
5268.000000	39	136	0.958	0.128
5274.000000	39	136	0.957	0.123
5280.000000	39	136	0.956	0.117
5286.000000	39	136	0.954	0.112
5292.000000	39	136	0.954	0.111
5298.000000	39	136	0.952	0.108
5304.000000	39	172	0.951	0.109
5310.000000	39	172	0.948	0.114
5316.000000	39	172	0.946	0.122
5322.000000	39	172	0.945	0.129
5328.000000	39	172	0.944	0.131
5334.000000	39	172	0.944	0.131
5340.000000	39	172	0.944	0.135
5346.000000	39	172	0.941	0.138
5352.000000	39	172	0.941	0.145
5358.000000	39	172	0.941	0.154
5364.000000	39	172	0.940	0.160
5370.000000	39	172	0.935	0.166
5376.000000	39	172	0.929	0.176
5382.000000	39	172	0.926	0.183
5388.000000	39	172	0.923	0.188
5394.000000	39	172	0.920	0.193
5400.000000	39	172	0.916	0.199
5406.000000	39	172	0.912	0.202
5412.000000	39	120	0.906	0.212
5418.000000	39	120	0.898	0.229
5424.000000	39	120	0.888	0.238
5430.000000	39	120	0.874	0.252
5436.000000	39	120	0.858	0.267
5442.000000	39	120	0.841	0.282
5448.000000	39	120	0.825	0.297
5454.000000	39	120	0.808	0.311
5460.000000	39	120	0.793	0.324
5466.000000	39	120	0.776	0.345
5472.000000	39	120	0.751	0.375
5478.000000	39	120	0.723	0.407
5484.000000	39	120	0.679	0.432
5490.000000	39	120	0.610	0.470
5496.000000	39	120	0.533	0.505
5502.000000	120	39	0.533	0.414
5508.000000	120	172	0.590	0.311
5514.000000	120	172	0.657	0.330
5520.000000	120	172	0.699	0.345
5526.000000	120	172	0.738	0.357
5532.000000	120	172	0.763	0.387
5538.000000	120	172	0.774	0.417
5544.000000	120	172	0.776	0.446
5550.000000	120	172	0.781	0.465
5556.000000	120	172	0.788	0.476
5562.000000	120	172	0.792	0.483
5568.000000	120	172	0.799	0.490
5574.000000	120	172	0.802	0.500
5580.000000	120	172	0.809	0.512
5586.000000	120	172	0.815	0.523
5592.000000	120	172	0.818	0.526
5598.000000	120	172	0.819	0.528
5604.000000	120	172	0.821	0.529
5610.000000	120	172	0.820	0.533
5616.000000	120	172	0.825	0.531
5622.000000	120	172	0.824	0.531
5628.000000	120	172	0.823	0.536
5634.000000	120	172	0.823	0.543
5640.000000	120	172	0.821	0.547
5646.000000	120	172	0.817	0.553
5652.000000	120	172	0.815	0.564
5658.000000	120	172	0.809	0.568
5664.000000	120	172	0.802	0.573
5670.000000	120	172	0.797	0.574
5676.000000	120	172	0.791	0.585
5682.000000	120	172	0.792	0.591
5688.000000	120	172	0.787	0.605
5694.000000	120	172	0.785	0.613
5700.000000	120	172	0.784	0.620
5706.000000	120	172	0.780	0.631
5712.000000	120	172	0.780	0.639
5718.000000	120	172	0.774	0.653
5724.000000	120	172	0.768	0.670
5730.000000	120	172	0.757	0.681
5736.000000	120	172	0.739	0.693
5742.000000	120	172	0.725	0.701
5748.000000	172	120	0.708	0.708
5754.000000	172	120	0.720	0.690
5760.000000	172	120	0.739	0.665
5766.000000	172	120	0.748	0.633
5772.000000	172	120	0.755	0.609
5778.000000	172	120	0.767	0.575
5784.000000	172	120	0.787	0.536
5790.000000	172	120	0.806	0.479
5796.000000	172	120	0.818	0.412
5802.000000	172	175	0.837	0.379
5808.000000	172	175	0.862	0.386
5814.000000	172	175	0.874	0.399
5820.000000	172	175	0.888	0.404
5826.000000	172	175	0.895	0.409
5832.000000	172	175	0.897	0.414
5838.000000	172	175	0.898	0.426
5844.000000	172	175	0.896	0.435
5850.000000	172	175	0.894	0.440
5856.000000	172	175	0.892	0.447
5862.000000	172	175	0.894	0.449
5868.000000	172	175	0.891	0.453
5874.000000	172	175	0.887	0.456
5880.000000	172	175	0.884	0.458
5886.000000	172	175	0.883	0.459
5892.000000	172	175	0.880	0.460
5898.000000	172	175	0.875	0.460
5904.000000	172	175	0.866	0.459
5910.000000	172	175	0.865	0.455
5916.000000	172	175	0.861	0.450
5922.000000	172	175	0.852	0.446
5928.000000	172	175	0.845	0.445
5934.000000	172	175	0.840	0.448
5940.000000	172	80	0.834	0.449
5946.000000	172	80	0.825	0.459
5952.000000	172	80	0.820	0.469
5958.000000	172	80	0.818	0.474
5964.000000	172	80	0.815	0.478
5970.000000	172	80	0.811	0.484
5976.000000	172	80	0.804	0.493
5982.000000	172	80	0.797	0.504
5988.000000	172	80	0.790	0.513
5994.000000	172	80	0.785	0.530
6000.000000	172	80	0.775	0.546
6006.000000	172	80	0.767	0.561
6012.000000	172	80	0.753	0.587
6018.000000	172	80	0.723	0.632
6024.000000	172	80	0.689	0.669
6030.000000	80	172	0.716	0.638
6036.000000	80	172	0.763	0.574
6042.000000	80	172	0.791	0.485
6048.000000	80	83	0.826	0.392
6054.000000	80	83	0.864	0.430
6060.000000	80	83	0.892	0.482
6066.000000	80	83	0.910	0.520
6072.000000	80	83	0.912	0.548
6078.000000	80	83	0.910	0.578
6084.000000	80	83	0.909	0.598
6090.000000	80	83	0.913	0.614
6096.000000	80	83	0.912	0.621
6102.000000	80	83	0.913	0.627
6108.000000	80	83	0.912	0.635
6114.000000	80	83	0.909	0.635
6120.000000	80	83	0.905	0.634
6126.000000	80	83	0.904	0.635
6132.000000	80	83	0.905	0.635
6138.000000	80	83	0.906	0.635
6144.000000	80	83	0.904	0.637
6150.000000	80	83	0.903	0.640
6156.000000	80	83	0.903	0.645
6162.000000	80	83	0.900	0.646
6168.000000	80	83	0.898	0.648
6174.000000	80	83	0.895	0.649
6180.000000	80	83	0.894	0.647
6186.000000	80	83	0.894	0.646
6192.000000	80	83	0.890	0.647
6198.000000	80	83	0.889	0.647
6204.000000	80	83	0.888	0.646
6210.000000	80	83	0.888	0.645
6216.000000	80	83	0.889	0.643
6222.000000	80	83	0.890	0.640
6228.000000	80	83	0.890	0.633
6234.000000	80	83	0.889	0.627
6240.000000	80	83	0.888	0.621
6246.000000	80	83	0.887	0.618
6252.000000	80	83	0.882	0.617
6258.000000	80	83	0.873	0.619
6264.000000	80	83	0.870	0.616
6270.000000	80	83	0.869	0.610
6276.000000	80	83	0.866	0.601
6282.000000	80	83	0.857	0.593
6288.000000	80	83	0.853	0.581
6294.000000	80	83	0.842	0.562
6300.000000	80	83	0.833	0.533
6306.000000	80	83	0.827	0.506
6312.000000	80	83	0.826	0.474
6318.000000	80	83	0.818	0.435
6324.000000	80	122	0.808	0.465
6330.000000	80	122	0.797	0.496
6336.000000	80	122	0.791	0.530
6342.000000	80	122	0.779	0.566
6348.000000	80	122	0.766	0.588
6354.000000	80	122	0.753	0.623
6360.000000	80	122	0.736	0.646
6366.000000	80	122	0.706	0.673
6372.000000	122	80	0.703	0.654
6378.000000	122	80	0.729	0.593
6384.000000	122	80	0.752	0.526
6390.000000	122	80	0.808	0.382
6396.000000	122	102	0.859	0.339
6402.000000	122	102	0.893	0.363
6408.000000	122	102	0.909	0.379
6414.000000	122	102	0.914	0.409
6420.000000	122	102	0.922	0.432
6426.000000	122	102	0.921	0.459
6432.000000	122	102	0.920	0.482
6438.000000	122	102	0.924	0.496
6444.000000	122	102	0.926	0.505
6450.000000	122	102	0.922	0.521
6456.000000	122	102	0.919	0.535
6462.000000	122	102	0.917	0.543
6468.000000	122	102	0.915	0.546
6474.000000	122	102	0.913	0.550
6480.000000	122	102	0.909	0.552
6486.000000	122	102	0.906	0.552
6492.000000	122	102	0.907	0.551
6498.000000	122	102	0.906	0.551
6504.000000	122	102	0.904	0.554
6510.000000	122	102	0.902	0.554
6516.000000	122	102	0.897	0.553
6522.000000	122	102	0.898	0.551
6528.000000	122	102	0.895	0.551
6534.000000	122	102	0.894	0.547
6540.000000	122	102	0.894	0.543
6546.000000	122	102	0.896	0.538
6552.000000	122	102	0.896	0.540
6558.000000	122	102	0.895	0.542
6564.000000	122	102	0.894	0.542
6570.000000	122	102	0.892	0.543
6576.000000	122	102	0.891	0.542
6582.000000	122	102	0.893	0.536
6588.000000	122	102	0.889	0.534
6594.000000	122	102	0.888	0.529
6600.000000	122	102	0.889	0.519
6606.000000	122	102	0.888	0.508
6612.000000	122	102	0.884	0.494
6618.000000	122	102	0.883	0.483
6624.000000	122	102	0.880	0.473
6630.000000	122	102	0.878	0.458
6636.000000	122	102	0.874	0.437
6642.000000	122	187	0.869	0.429
6648.000000	122	187	0.867	0.456
6654.000000	122	187	0.864	0.491
6660.000000	122	187	0.861	0.520
6666.000000	122	187	0.858	0.542
6672.000000	122	187	0.854	0.561
6678.000000	122	187	0.845	0.593
6684.000000	122	187	0.840	0.620
6690.000000	122	187	0.827	0.653
6696.000000	122	187	0.809	0.678
6702.000000	122	187	0.784	0.712
6708.000000	122	187	0.762	0.743
6714.000000	187	122	0.772	0.734
6720.000000	187	122	0.794	0.696
6726.000000	187	122	0.811	0.652
6732.000000	187	122	0.832	0.599
6738.000000	187	122	0.847	0.529
6744.000000	187	122	0.870	0.430
6750.000000	187	45	0.900	0.414
6756.000000	187	45	0.918	0.459
6762.000000	187	45	0.921	0.487
6768.000000	187	45	0.920	0.526
6774.000000	187	45	0.919	0.562
6780.000000	187	45	0.918	0.593
6786.000000	187	45	0.917	0.607
6792.000000	187	45	0.915	0.612
6798.000000	187	45	0.915	0.615
6804.000000	187	45	0.914	0.616
6810.000000	187	45	0.913	0.614
6816.000000	187	45	0.912	0.617
6822.000000	187	45	0.912	0.622
6828.000000	187	45	0.911	0.628
6834.000000	187	45	0.908	0.633
6840.000000	187	45	0.904	0.641
6846.000000	187	45	0.904	0.647
6852.000000	187	45	0.903	0.650
6858.000000	187	45	0.901	0.654
6864.000000	187	45	0.898	0.659
6870.000000	187	45	0.896	0.667
6876.000000	187	45	0.895	0.672
6882.000000	187	45	0.891	0.679
6888.000000	187	45	0.891	0.683
6894.000000	187	45	0.890	0.694
6900.000000	187	45	0.889	0.697
6906.000000	187	45	0.887	0.699
6912.000000	187	45	0.879	0.709
6918.000000	187	45	0.867	0.721
6924.000000	187	45	0.858	0.736
6930.000000	187	45	0.854	0.748
6936.000000	187	45	0.839	0.764
6942.000000	187	45	0.831	0.770
6948.000000	187	45	0.821	0.778
6954.000000	187	45	0.810	0.785
6960.000000	187	45	0.799	0.791
6966.000000	45	187	0.793	0.791
6972.000000	45	187	0.798	0.780
6978.000000	45	187	0.802	0.766
6984.000000	45	187	0.810	0.747
6990.000000	45	187	0.814	0.730
6996.000000	45	187	0.825	0.703
7002.000000	45	187	0.836	0.675
7008.000000	45	187	0.859	0.630
7014.000000	45	187	0.878	0.571
7020.000000	45	187	0.898	0.494
7026.000000	45	187	0.920	0.363
7032.000000	45	187	0.943	0.208
7038.000000	45	12	0.964	0.076
7044.000000	45	12	0.974	0.068
7050.000000	45	78	0.976	0.069
7056.000000	45	78	0.977	0.071
7062.000000	45	78	0.976	0.073
7068.000000	45	78	0.974	0.072
7074.000000	45	78	0.973	0.068
7080.000000	45	78	0.972	0.066
7086.000000	45	23	0.971	0.070
7092.000000	45	23	0.971	0.074
7098.000000	45	23	0.970	0.076
7104.000000	45	23	0.969	0.077
7110.000000	45	23	0.967	0.080
7116.000000	45	23	0.966	0.084
7122.000000	45	23	0.964	0.088
7128.000000	45	23	0.962	0.094
7134.000000	45	23	0.960	0.099
7140.000000	45	23	0.957	0.106
7146.000000	45	23	0.953	0.114
7152.000000	45	23	0.950	0.119
7158.000000	45	23	0.946	0.124
7164.000000	45	23	0.942	0.127
7170.000000	45	23	0.937	0.129
7176.000000	45	23	0.930	0.130
7182.000000	45	23	0.926	0.130
7188.000000	45	23	0.923	0.129
7194.000000	45	23	0.919	0.131
7200.000000	45	23	0.916	0.132
7206.000000	45	23	0.914	0.133
7212.000000	45	39	0.909	0.136
7218.000000	45	39	0.904	0.144
7224.000000	45	39	0.901	0.149
7230.000000	45	136	0.897	0.151
7236.000000	45	136	0.893	0.156
7242.000000	45	136	0.889	0.159
7248.000000	45	136	0.883	0.163
7254.000000	45	136	0.877	0.169
7260.000000	45	136	0.870	0.176
7266.000000	45	136	0.863	0.182
7272.000000	45	136	0.854	0.189
7278.000000	45	136	0.842	0.198
7284.000000	45	136	0.830	0.202
7290.000000	45	136	0.815	0.202
7296.000000	45	35	0.798	0.207
7302.000000	45	35	0.777	0.218
7308.000000	45	35	0.748	0.228
7314.000000	45	35	0.709	0.241
7320.000000	45	35	0.649	0.256
7326.000000	45	35	0.574	0.276
7332.000000	45	35	0.467	0.305
7338.000000	35	45	0.344	0.327
7344.000000	35	136	0.371	0.228
7350.000000	35	136	0.404	0.231
7356.000000	35	136	0.428	0.226
7362.000000	35	63	0.446	0.222
7368.000000	35	63	0.462	0.233
7374.000000	35	63	0.483	0.240
7380.000000	35	95	0.491	0.251
7386.000000	35	95	0.507	0.263
7392.000000	35	95	0.523	0.273
7398.000000	35	95	0.536	0.279
7404.000000	35	95	0.540	0.284
7410.000000	35	95	0.544	0.297
7416.000000	35	95	0.551	0.307
7422.000000	35	95	0.561	0.321
7428.000000	35	95	0.577	0.326
7434.000000	35	95	0.584	0.326
7440.000000	35	95	0.590	0.334
7446.000000	35	95	0.600	0.343
7452.000000	35	95	0.612	0.348
7458.000000	35	95	0.626	0.356
7464.000000	35	95	0.637	0.362
7470.000000	35	95	0.643	0.365
7476.000000	35	95	0.648	0.365
7482.000000	35	95	0.653	0.367
7488.000000	35	95	0.656	0.372
7494.000000	35	63	0.670	0.376
7500.000000	35	95	0.692	0.384
7506.000000	35	95	0.694	0.397
7512.000000	35	95	0.707	0.413
7518.000000	35	95	0.716	0.423
7524.000000	35	95	0.721	0.431
7530.000000	35	95	0.727	0.439
7536.000000	35	95	0.740	0.445
7542.000000	35	63	0.754	0.445
7548.000000	35	63	0.762	0.446
7554.000000	35	95	0.769	0.448
7560.000000	35	95	0.774	0.449
7566.000000	35	63	0.776	0.453
7572.000000	35	63	0.777	0.456
7578.000000	35	63	0.776	0.467
7584.000000	35	63	0.773	0.468
7590.000000	35	63	0.772	0.466
7596.000000	35	95	0.775	0.468
7602.000000	35	95	0.780	0.474
7608.000000	35	95	0.780	0.478
7614.000000	35	95	0.783	0.479
7620.000000	35	95	0.783	0.479
7626.000000	35	95	0.788	0.468
7632.000000	35	63	0.791	0.457
7638.000000	35	63	0.793	0.455
7644.000000	35	63	0.799	0.449
7650.000000	35	63	0.803	0.440
7656.000000	35	63	0.804	0.425
7662.000000	35	63	0.806	0.411
7668.000000	35	63	0.813	0.400
7674.000000	35	63	0.818	0.391
7680.000000	35	63	0.825	0.380
7686.000000	35	63	0.837	0.359
7692.000000	35	63	0.842	0.344
7698.000000	35	63	0.842	0.328
7704.000000	35	63	0.849	0.304
7710.000000	35	63	0.854	0.276
7716.000000	35	63	0.863	0.245
7722.000000	35	63	0.873	0.206
7728.000000	35	63	0.886	0.174
7734.000000	35	63	0.893	0.146
7740.000000	35	63	0.898	0.119
7746.000000	35	170	0.904	0.097
7752.000000	35	121	0.907	0.099
7758.000000	35	121	0.912	0.106
7764.000000	35	121	0.915	0.106
7770.000000	35	121	0.918	0.106
7776.000000	35	121	0.919	0.106
7782.000000	35	121	0.920	0.103
7788.000000	35	121	0.920	0.105
7794.000000	35	121	0.919	0.107
7800.000000	35	121	0.918	0.112
7806.000000	35	121	0.920	0.120
7812.000000	35	121	0.922	0.124
7818.000000	35	121	0.922	0.126
7824.000000	35	121	0.922	0.125
7830.000000	35	61	0.918	0.130
7836.000000	35	61	0.914	0.139
7842.000000	35	61	0.910	0.143
7848.000000	35	61	0.907	0.149
7854.000000	35	61	0.905	0.157
7860.000000	35	61	0.904	0.165
7866.000000	35	61	0.900	0.173
7872.000000	35	61	0.896	0.188
7878.000000	35	61	0.895	0.206
7884.000000	35	61	0.893	0.214
7890.000000	35	61	0.891	0.223
7896.000000	35	61	0.890	0.235
7902.000000	35	61	0.889	0.250
7908.000000	35	61	0.887	0.266
7914.000000	35	61	0.884	0.285
7920.000000	35	61	0.882	0.303
7926.000000	35	61	0.876	0.323
7932.000000	35	61	0.866	0.344
7938.000000	35	61	0.855	0.377
7944.000000	35	61	0.841	0.411
7950.000000	35	61	0.826	0.443
7956.000000	35	61	0.811	0.475
7962.000000	35	61	0.792	0.519
7968.000000	35	61	0.772	0.566
7974.000000	35	61	0.742	0.620
7980.000000	61	35	0.688	0.683
7986.000000	61	35	0.746	0.605
7992.000000	61	35	0.815	0.471
7998.000000	61	35	0.875	0.301
8004.000000	61	25	0.904	0.169
8010.000000	61	25	0.926	0.175
8016.000000	61	25	0.937	0.189
8022.000000	61	25	0.940	0.209
8028.000000	61	25	0.939	0.234
8034.000000	61	25	0.940	0.258
8040.000000	61	25	0.945	0.285
8046.000000	61	25	0.943	0.316
8052.000000	61	25	0.945	0.347
8058.000000	61	25	0.948	0.380
8064.000000	61	25	0.947	0.415
8070.000000	61	25	0.949	0.452
8076.000000	61	25	0.948	0.481
8082.000000	61	25	0.946	0.503
8088.000000	61	25	0.942	0.531
8094.000000	61	25	0.940	0.548
8100.000000	61	25	0.939	0.562
8106.000000	61	25	0.938	0.573
8112.000000	61	25	0.935	0.584
8118.000000	61	25	0.935	0.590
8124.000000	61	25	0.934	0.595
8130.000000	61	25	0.934	0.605
8136.000000	61	25	0.933	0.614
8142.000000	61	25	0.932	0.620
8148.000000	61	25	0.931	0.630
8154.000000	61	25	0.929	0.638
8160.000000	61	25	0.927	0.644
8166.000000	61	25	0.925	0.654
8172.000000	61	25	0.923	0.664
8178.000000	61	25	0.922	0.673
8184.000000	61	25	0.918	0.685
8190.000000	61	25	0.915	0.693
8196.000000	61	25	0.914	0.699
8202.000000	61	25	0.912	0.705
8208.000000	61	25	0.910	0.714
8214.000000	61	25	0.910	0.717
8220.000000	61	25	0.908	0.723
8226.000000	61	25	0.898	0.740
8232.000000	61	25	0.889	0.752
8238.000000	61	25	0.886	0.756
8244.000000	61	25	0.885	0.760
8250.000000	61	25	0.881	0.766
8256.000000	61	25	0.874	0.777
8262.000000	61	25	0.872	0.780
8268.000000	61	25	0.869	0.781
8274.000000	61	25	0.858	0.787
8280.000000	61	25	0.848	0.793
8286.000000	61	25	0.825	0.813
8292.000000	25	61	0.829	0.803
8298.000000	25	61	0.849	0.772
8304.000000	25	61	0.868	0.732
8310.000000	25	61	0.891	0.684
8316.000000	25	61	0.921	0.623
8322.000000	25	61	0.939	0.541
8328.000000	25	61	0.953	0.419
8334.000000	25	61	0.965	0.256
8340.000000	25	61	0.971	0.096
8346.000000	25	141	0.973	0.081
8352.000000	25	141	0.973	0.084
8358.000000	25	141	0.973	0.084
8364.000000	25	141	0.976	0.086
8370.000000	25	141	0.977	0.086
8376.000000	25	141	0.977	0.083
8382.000000	25	141	0.979	0.081
8388.000000	25	141	0.979	0.079
8394.000000	25	141	0.979	0.077
8400.000000	25	141	0.978	0.073
8406.000000	25	141	0.978	0.068
8412.000000	25	141	0.978	0.063
8418.000000	25	132	0.979	0.063
8424.000000	25	132	0.980	0.065
8430.000000	25	132	0.980	0.064
8436.000000	25	132	0.979	0.064
8442.000000	25	132	0.979	0.065
8448.000000	25	132	0.978	0.065
8454.000000	25	132	0.977	0.067
8460.000000	25	132	0.977	0.068
8466.000000	25	132	0.976	0.068
8472.000000	25	132	0.975	0.068
8478.000000	25	132	0.975	0.067
8484.000000	25	132	0.974	0.065
8490.000000	25	108	0.973	0.066
8496.000000	25	108	0.973	0.068
8502.000000	25	108	0.972	0.069
8508.000000	25	108	0.971	0.069
8514.000000	25	108	0.971	0.070
8520.000000	25	108	0.971	0.071
8526.000000	25	108	0.970	0.073
8532.000000	25	108	0.969	0.074
8538.000000	25	108	0.968	0.075
8544.000000	25	194	0.966	0.073
8550.000000	25	194	0.962	0.078
8556.000000	25	194	0.960	0.081
8562.000000	25	194	0.958	0.083
8568.000000	25	194	0.955	0.084
8574.000000	25	194	0.951	0.081
8580.000000	25	132	0.949	0.077
8586.000000	25	132	0.948	0.079
8592.000000	25	132	0.946	0.082
8598.000000	25	132	0.944	0.087
8604.000000	25	132	0.941	0.092
8610.000000	25	132	0.939	0.098
8616.000000	25	132	0.938	0.100
8622.000000	25	132	0.937	0.103
8628.000000	25	132	0.935	0.107
8634.000000	25	132	0.934	0.109
8640.000000	25	132	0.933	0.109
8646.000000	25	132	0.932	0.107
8652.000000	25	132	0.930	0.107
8658.000000	25	132	0.927	0.109
8664.000000	25	132	0.922	0.113
8670.000000	25	132	0.918	0.121
8676.000000	25	132	0.915	0.126
8682.000000	25	132	0.908	0.127
8688.000000	25	132	0.902	0.128
8694.000000	25	132	0.896	0.130
8700.000000	25	132	0.885	0.134
8706.000000	25	132	0.873	0.136
8712.000000	25	132	0.861	0.140
8718.000000	25	132	0.850	0.144
8724.000000	25	132	0.832	0.148
8730.000000	25	189	0.805	0.166
8736.000000	25	189	0.765	0.183
8742.000000	25	189	0.719	0.205
8748.000000	25	189	0.662	0.233
8754.000000	25	189	0.581	0.277
8760.000000	25	189	0.449	0.339
8766.000000	189	25	0.418	0.260
8772.000000	189	129	0.535	0.215
8778.000000	189	129	0.643	0.234
8784.000000	189	129	0.726	0.251
8790.000000	189	129	0.758	0.269
8796.000000	189	129	0.764	0.279
8802.000000	189	129	0.768	0.295
8808.000000	189	129	0.777	0.314
8814.000000	189	129	0.777	0.325
8820.000000	189	129	0.782	0.342
8826.000000	189	129	0.785	0.362
8832.000000	189	129	0.790	0.374
8838.000000	189	129	0.790	0.382
8844.000000	189	129	0.791	0.391
8850.000000	189	129	0.791	0.401
8856.000000	189	129	0.800	0.403
8862.000000	189	129	0.801	0.411
8868.000000	189	129	0.806	0.422
8874.000000	189	129	0.810	0.430
8880.000000	189	129	0.814	0.434
8886.000000	189	129	0.816	0.441
8892.000000	189	129	0.823	0.443
8898.000000	189	129	0.829	0.446
8904.000000	189	129	0.829	0.448
8910.000000	189	129	0.835	0.450
8916.000000	189	129	0.837	0.452
8922.000000	189	129	0.838	0.456
8928.000000	189	129	0.841	0.461
8934.000000	189	129	0.843	0.466
8940.000000	189	129	0.843	0.470
8946.000000	189	129	0.842	0.472
8952.000000	189	129	0.842	0.473
8958.000000	189	129	0.848	0.478
8964.000000	189	129	0.854	0.481
8970.000000	189	129	0.853	0.481
8976.000000	189	129	0.847	0.481
8982.000000	189	129	0.847	0.484
8988.000000	189	129	0.847	0.491
8994.000000	189	129	0.846	0.493
9000.000000	189	129	0.848	0.487
9006.000000	189	129	0.851	0.485
9012.000000	189	129	0.847	0.481
9018.000000	189	129	0.844	0.473
9024.000000	189	129	0.842	0.460
9030.000000	189	129	0.839	0.448
9036.000000	189	129	0.836	0.440
9042.000000	189	129	0.834	0.434
9048.000000	189	129	0.833	0.421
9054.000000	189	164	0.830	0.401
9060.000000	189	164	0.826	0.389
9066.000000	189	164	0.828	0.375
9072.000000	189	164	0.829	0.366
9078.000000	189	164	0.829	0.356
9084.000000	189	164	0.829	0.347
9090.000000	189	164	0.829	0.341
9096.000000	189	164	0.828	0.336
9102.000000	189	164	0.828	0.324
9108.000000	189	164	0.835	0.307
9114.000000	189	164	0.838	0.285
9120.000000	189	164	0.845	0.257
9126.000000	189	164	0.852	0.221
9132.000000	189	164	0.851	0.187
9138.000000	189	164	0.847	0.159
9144.000000	189	19	0.844	0.164
9150.000000	189	130	0.840	0.170
9156.000000	189	130	0.834	0.187
9162.000000	189	130	0.826	0.202
9168.000000	189	130	0.819	0.213
9174.000000	189	130	0.814	0.225
9180.000000	189	130	0.805	0.237
9186.000000	189	130	0.792	0.257
9192.000000	189	130	0.783	0.275
9198.000000	189	130	0.770	0.293
9204.000000	189	130	0.751	0.310
9210.000000	189	130	0.731	0.336
9216.000000	189	130	0.706	0.369
9222.000000	189	130	0.675	0.398
9228.000000	189	130	0.621	0.423
9234.000000	189	130	0.567	0.441
9240.000000	189	130	0.496	0.473
9246.000000	130	189	0.519	0.388
9252.000000	130	19	0.557	0.399
9258.000000	130	19	0.596	0.418
9264.000000	130	19	0.624	0.441
9270.000000	130	19	0.648	0.463
9276.000000	130	19	0.663	0.477
9282.000000	130	19	0.670	0.488
9288.000000	130	19	0.680	0.507
9294.000000	130	19	0.692	0.525
9300.000000	130	19	0.696	0.538
9306.000000	130	19	0.699	0.556
9312.000000	130	19	0.704	0.573
9318.000000	130	19	0.707	0.588
9324.000000	130	19	0.707	0.602
9330.000000	130	19	0.713	0.616
9336.000000	130	19	0.720	0.632
9342.000000	130	19	0.729	0.642
9348.000000	130	19	0.738	0.649
9354.000000	130	19	0.742	0.661
9360.000000	130	19	0.743	0.669
9366.000000	130	19	0.750	0.675
9372.000000	130	19	0.758	0.680
9378.000000	130	19	0.760	0.684
9384.000000	130	19	0.762	0.690
9390.000000	130	19	0.757	0.708
9396.000000	130	19	0.760	0.714
9402.000000	130	19	0.761	0.731
9408.000000	130	19	0.763	0.746
9414.000000	130	19	0.765	0.756
9420.000000	19	130	0.765	0.760
9426.000000	19	130	0.769	0.763
9432.000000	19	130	0.775	0.762
9438.000000	19	130	0.782	0.760
9444.000000	19	130	0.784	0.762
9450.000000	19	130	0.792	0.762
9456.000000	19	130	0.799	0.762
9462.000000	19	130	0.806	0.761
9468.000000	19	130	0.809	0.758
9474.000000	19	130	0.817	0.754
9480.000000	19	130	0.823	0.751
9486.000000	19	130	0.825	0.749
9492.000000	19	130	0.829	0.745
9498.000000	19	130	0.842	0.732
9504.000000	19	130	0.843	0.724
9510.000000	19	130	0.838	0.721
9516.000000	19	130	0.836	0.715
9522.000000	19	130	0.839	0.703
9528.000000	19	130	0.844	0.685
9534.000000	19	130	0.843	0.674
9540.000000	19	130	0.845	0.663
9546.000000	19	130	0.849	0.641
9552.000000	19	130	0.853	0.611
9558.000000	19	130	0.859	0.572
9564.000000	19	130	0.869	0.519
9570.000000	19	130	0.881	0.456
9576.000000	19	130	0.893	0.374
9582.000000	19	130	0.908	0.267
9588.000000	19	130	0.919	0.155
9594.000000	19	2	0.932	0.100
9600.000000	19	2	0.937	0.098
9606.000000	19	2	0.940	0.097
9612.000000	19	2	0.943	0.100
9618.000000	19	2	0.946	0.105
9624.000000	19	2	0.950	0.107
9630.000000	19	2	0.953	0.106
9636.000000	19	2	0.952	0.105
9642.000000	19	2	0.951	0.105
9648.000000	19	2	0.950	0.108
9654.000000	19	2	0.949	0.110
9660.000000	19	2	0.949	0.113
9666.000000	19	2	0.949	0.116
9672.000000	19	2	0.948	0.119
9678.000000	19	2	0.945	0.126
9684.000000	19	2	0.942	0.132
9690.000000	19	2	0.939	0.134
9696.000000	19	2	0.938	0.136
9702.000000	19	2	0.934	0.143
9708.000000	19	2	0.928	0.151
9714.000000	19	2	0.923	0.158
9720.000000	19	2	0.919	0.168
9726.000000	19	2	0.916	0.182
9732.000000	19	2	0.912	0.197
9738.000000	19	2	0.908	0.215
9744.000000	19	2	0.901	0.236
9750.000000	19	2	0.892	0.257
9756.000000	19	2	0.885	0.268
9762.000000	19	2	0.877	0.280
9768.000000	19	2	0.868	0.301
9774.000000	19	2	0.860	0.319
9780.000000	19	2	0.852	0.335
9786.000000	19	2	0.843	0.346
9792.000000	19	2	0.831	0.358
9798.000000	19	2	0.813	0.377
9804.000000	19	2	0.788	0.391
9810.000000	19	2	0.756	0.404
9816.000000	19	2	0.718	0.427
9822.000000	19	2	0.670	0.454
9828.000000	19	2	0.605	0.484
9834.000000	2	19	0.519	0.519
9840.000000	2	19	0.566	0.377
9846.000000	2	121	0.630	0.372
9852.000000	2	121	0.713	0.389
9858.000000	2	121	0.755	0.395
9864.000000	2	121	0.788	0.395
9870.000000	2	121	0.809	0.403
9876.000000	2	121	0.812	0.412
9882.000000	2	121	0.819	0.411
9888.000000	2	121	0.818	0.409
9894.000000	2	121	0.818	0.411
9900.000000	2	121	0.819	0.416
9906.000000	2	121	0.819	0.424
9912.000000	2	121	0.818	0.428
9918.000000	2	121	0.815	0.436
9924.000000	2	121	0.816	0.441
9930.000000	2	121	0.820	0.437
9936.000000	2	121	0.825	0.432
9942.000000	2	121	0.826	0.434
9948.000000	2	121	0.828	0.440
9954.000000	2	121	0.830	0.442
9960.000000	2	121	0.830	0.441
9966.000000	2	121	0.832	0.438
9972.000000	2	121	0.838	0.434
9978.000000	2	121	0.842	0.435
9984.000000	2	121	0.846	0.434
9990.000000	2	121	0.850	0.436
9996.000000	2	121	0.854	0.436
10002.000000	2	121	0.863	0.430
10008.000000	2	121	0.870	0.429
10014.000000	2	121	0.874	0.429
10020.000000	2	121	0.875	0.425
10026.000000	2	121	0.878	0.422
10032.000000	2	121	0.885	0.416
10038.000000	2	121	0.894	0.411
10044.000000	2	121	0.899	0.410
10050.000000	2	121	0.907	0.409
10056.000000	2	121	0.917	0.402
10062.000000	2	121	0.922	0.395
10068.000000	2	121	0.925	0.383
10074.000000	2	121	0.931	0.362
10080.000000	2	121	0.935	0.344
10086.000000	2	121	0.936	0.323
10092.000000	2	121	0.937	0.300
10098.000000	2	121	0.941	0.270
10104.000000	2	121	0.942	0.241
10110.000000	2	121	0.946	0.196
10116.000000	2	85	0.950	0.181
10122.000000	2	85	0.951	0.185
10128.000000	2	85	0.952	0.195
10134.000000	2	85	0.952	0.208
10140.000000	2	85	0.953	0.224
10146.000000	2	85	0.953	0.238
10152.000000	2	85	0.950	0.256
10158.000000	2	85	0.947	0.280
10164.000000	2	85	0.945	0.300
10170.000000	2	85	0.946	0.321
10176.000000	2	85	0.943	0.348
10182.000000	2	85	0.938	0.378
10188.000000	2	85	0.932	0.406
10194.000000	2	85	0.929	0.423
10200.000000	2	85	0.925	0.448
10206.000000	2	85	0.917	0.473
10212.000000	2	85	0.907	0.496
10218.000000	2	85	0.897	0.519
10224.000000	2	85	0.889	0.548
10230.000000	2	85	0.878	0.567
10236.000000	2	85	0.862	0.584
10242.000000	2	85	0.840	0.602
10248.000000	2	85	0.821	0.613
10254.000000	2	85	0.792	0.627
10260.000000	2	85	0.747	0.650
10266.000000	2	85	0.686	0.679
10272.000000	85	2	0.710	0.614
10278.000000	85	2	0.746	0.510
10284.000000	85	2	0.789	0.365
10290.000000	85	102	0.828	0.234
10296.000000	85	102	0.856	0.233
10302.000000	85	102	0.875	0.227
10308.000000	85	102	0.888	0.222
10314.000000	85	102	0.899	0.221
10320.000000	85	102	0.907	0.223
10326.000000	85	46	0.911	0.224
10332.000000	85	46	0.918	0.249
10338.000000	85	46	0.923	0.272
10344.000000	85	46	0.922	0.296
10350.000000	85	46	0.921	0.323
10356.000000	85	46	0.921	0.351
10362.000000	85	46	0.921	0.377
10368.000000	85	46	0.920	0.401
10374.000000	85	46	0.919	0.435
10380.000000	85	46	0.919	0.461
10386.000000	85	46	0.915	0.479
10392.000000	85	46	0.912	0.492
10398.000000	85	46	0.912	0.504
10404.000000	85	46	0.911	0.520
10410.000000	85	46	0.910	0.535
10416.000000	85	46	0.910	0.545
10422.000000	85	46	0.909	0.562
10428.000000	85	46	0.907	0.575
10434.000000	85	46	0.904	0.593
10440.000000	85	46	0.901	0.612
10446.000000	85	46	0.899	0.622
10452.000000	85	46	0.896	0.634
10458.000000	85	46	0.894	0.643
10464.000000	85	46	0.890	0.650
10470.000000	85	46	0.885	0.655
10476.000000	85	46	0.873	0.666
10482.000000	85	46	0.863	0.678
10488.000000	85	46	0.852	0.694
10494.000000	85	46	0.843	0.706
10500.000000	85	46	0.830	0.715
10506.000000	85	46	0.815	0.731
10512.000000	85	46	0.800	0.741
10518.000000	85	46	0.782	0.756
10524.000000	46	85	0.771	0.756
10530.000000	46	85	0.787	0.728
10536.000000	46	85	0.795	0.702
10542.000000	46	85	0.810	0.671
10548.000000	46	85	0.836	0.632
10554.000000	46	85	0.859	0.570
10560.000000	46	85	0.882	0.488
10566.000000	46	85	0.897	0.373
10572.000000	46	85	0.922	0.214
10578.000000	46	95	0.942	0.087
10584.000000	46	165	0.958	0.093
10590.000000	46	165	0.962	0.098
10596.000000	46	165	0.963	0.103
10602.000000	46	165	0.962	0.105
10608.000000	46	165	0.961	0.111
10614.000000	46	182	0.960	0.117
10620.000000	46	182	0.962	0.126
10626.000000	46	182	0.961	0.139
10632.000000	46	182	0.960	0.149
10638.000000	46	182	0.957	0.156
10644.000000	46	182	0.954	0.164
10650.000000	46	182	0.952	0.171
10656.000000	46	182	0.950	0.179
10662.000000	46	182	0.949	0.189
10668.000000	46	182	0.947	0.201
10674.000000	46	182	0.945	0.213
10680.000000	46	182	0.943	0.227
10686.000000	46	182	0.940	0.237
10692.000000	46	182	0.938	0.252
10698.000000	46	182	0.935	0.268
10704.000000	46	182	0.933	0.284
10710.000000	46	182	0.929	0.300
10716.000000	46	182	0.925	0.317
10722.000000	46	182	0.921	0.334
10728.000000	46	182	0.917	0.351
10734.000000	46	182	0.912	0.364
10740.000000	46	182	0.906	0.388
10746.000000	46	182	0.900	0.429
10752.000000	46	182	0.893	0.474
10758.000000	46	182	0.882	0.508
10764.000000	46	182	0.875	0.535
10770.000000	46	182	0.870	0.558
10776.000000	46	182	0.861	0.587
10782.000000	46	182	0.843	0.621
10788.000000	46	182	0.827	0.648
10794.000000	46	182	0.808	0.671
10800.000000	46	182	0.789	0.685
10806.000000	46	182	0.760	0.698
10812.000000	46	182	0.726	0.713
10818.000000	182	46	0.732	0.680
10824.000000	182	46	0.768	0.600
10830.000000	182	46	0.807	0.506
10836.000000	182	46	0.852	0.387
10842.000000	182	46	0.888	0.238
10848.000000	182	8	0.924	0.182
10854.000000	182	18	0.932	0.185
10860.000000	182	18	0.936	0.187
10866.000000	182	18	0.938	0.186
10872.000000	182	18	0.938	0.187
10878.000000	182	18	0.936	0.191
10884.000000	182	18	0.932	0.204
10890.000000	182	18	0.931	0.210
10896.000000	182	18	0.927	0.224
10902.000000	182	18	0.928	0.235
10908.000000	182	18	0.927	0.239
10914.000000	182	18	0.925	0.243
10920.000000	182	18	0.921	0.244
10926.000000	182	18	0.919	0.248
10932.000000	182	18	0.918	0.251
10938.000000	182	18	0.917	0.251
10944.000000	182	143	0.916	0.252
10950.000000	182	143	0.915	0.253
10956.000000	182	143	0.913	0.256
10962.000000	182	143	0.912	0.259
10968.000000	182	143	0.912	0.263
10974.000000	182	143	0.912	0.263
10980.000000	182	143	0.911	0.262
10986.000000	182	143	0.904	0.258
10992.000000	182	143	0.900	0.254
10998.000000	182	143	0.901	0.249
11004.000000	182	143	0.902	0.248
11010.000000	182	143	0.903	0.255
11016.000000	182	143	0.904	0.265
11022.000000	182	143	0.904	0.272
11028.000000	182	143	0.904	0.277
11034.000000	182	143	0.905	0.278
11040.000000	182	143	0.906	0.277
11046.000000	182	143	0.906	0.277
11052.000000	182	143	0.905	0.276
11058.000000	182	143	0.904	0.275
11064.000000	182	143	0.903	0.275
11070.000000	182	143	0.901	0.272
11076.000000	182	143	0.900	0.270
11082.000000	182	143	0.897	0.265
11088.000000	182	143	0.889	0.262
11094.000000	182	143	0.886	0.264
11100.000000	182	143	0.883	0.261
11106.000000	182	143	0.879	0.262
11112.000000	182	143	0.876	0.262
11118.000000	182	143	0.876	0.259
11124.000000	182	143	0.876	0.255
11130.000000	182	143	0.874	0.253
11136.000000	182	143	0.871	0.252
11142.000000	182	143	0.869	0.250
11148.000000	182	143	0.866	0.241
11154.000000	182	143	0.864	0.231
11160.000000	182	3	0.858	0.227
11166.000000	182	3	0.856	0.228
11172.000000	182	3	0.854	0.229
11178.000000	182	3	0.854	0.231
11184.000000	182	3	0.851	0.228
11190.000000	182	3	0.849	0.224
11196.000000	182	3	0.847	0.214
11202.000000	182	3	0.838	0.209
11208.000000	182	3	0.832	0.207
11214.000000	182	3	0.823	0.208
11220.000000	182	3	0.811	0.205
11226.000000	182	3	0.803	0.205
11232.000000	182	3	0.796	0.204
11238.000000	182	155	0.788	0.200
11244.000000	182	155	0.778	0.203
11250.000000	182	155	0.763	0.219
11256.000000	182	155	0.747	0.239
11262.000000	182	155	0.726	0.251
11268.000000	182	155	0.694	0.271
11274.000000	182	155	0.653	0.298
11280.000000	182	155	0.600	0.331
11286.000000	182	155	0.507	0.378
11292.000000	155	182	0.449	0.353
11298.000000	155	182	0.557	0.192
11304.000000	155	99	0.642	0.169
11310.000000	155	99	0.707	0.174
11316.000000	155	99	0.751	0.187
11322.000000	155	99	0.786	0.201
11328.000000	155	99	0.816	0.215
11334.000000	155	99	0.835	0.228
11340.000000	155	99	0.845	0.237
11346.000000	155	99	0.850	0.245
11352.000000	155	99	0.852	0.261
11358.000000	155	99	0.854	0.282
11364.000000	155	99	0.856	0.303
11370.000000	155	99	0.865	0.319
11376.000000	155	99	0.876	0.332
11382.000000	155	99	0.878	0.348
11388.000000	155	99	0.881	0.361
11394.000000	155	99	0.885	0.375
11400.000000	155	99	0.886	0.384
11406.000000	155	99	0.888	0.391
11412.000000	155	99	0.891	0.398
11418.000000	155	99	0.894	0.404
11424.000000	155	99	0.897	0.409
11430.000000	155	99	0.898	0.415
11436.000000	155	99	0.899	0.416
11442.000000	155	99	0.904	0.418
11448.000000	155	99	0.903	0.426
11454.000000	155	99	0.902	0.433
11460.000000	155	99	0.899	0.438
11466.000000	155	99	0.899	0.440
11472.000000	155	99	0.901	0.445
11478.000000	155	99	0.903	0.451
11484.000000	155	99	0.907	0.454
11490.000000	155	99	0.908	0.460
11496.000000	155	99	0.911	0.466
11502.000000	155	99	0.913	0.469
11508.000000	155	99	0.914	0.474
11514.000000	155	99	0.913	0.474
11520.000000	155	99	0.912	0.472
11526.000000	155	99	0.911	0.476
11532.000000	155	99	0.910	0.482
11538.000000	155	99	0.908	0.482
11544.000000	155	99	0.910	0.486
11550.000000	155	99	0.914	0.488
11556.000000	155	99	0.916	0.489
11562.000000	155	99	0.915	0.490
11568.000000	155	99	0.911	0.488
11574.000000	155	99	0.910	0.490
11580.000000	155	99	0.907	0.492
11586.000000	155	99	0.903	0.496
11592.000000	155	99	0.899	0.492
11598.000000	155	99	0.892	0.492
11604.000000	155	99	0.887	0.484
11610.000000	155	99	0.881	0.475
11616.000000	155	99	0.873	0.470
11622.000000	155	99	0.869	0.461
11628.000000	155	99	0.866	0.448
11634.000000	155	99	0.864	0.437
11640.000000	155	99	0.861	0.424
11646.000000	155	99	0.855	0.406
11652.000000	155	99	0.847	0.391
11658.000000	155	99	0.841	0.377
11664.000000	155	99	0.838	0.357
11670.000000	155	99	0.835	0.334
11676.000000	155	99	0.834	0.306
11682.000000	155	99	0.833	0.271
11688.000000	155	99	0.835	0.235
11694.000000	155	99	0.838	0.196
11700.000000	155	99	0.838	0.149
11706.000000	155	112	0.840	0.122
11712.000000	155	112	0.839	0.119
11718.000000	155	112	0.838	0.119
11724.000000	155	139	0.834	0.117
11730.000000	155	139	0.831	0.125
11736.000000	155	139	0.828	0.134
11742.000000	155	139	0.831	0.144
11748.000000	155	139	0.831	0.162
11754.000000	155	139	0.828	0.172
11760.000000	155	139	0.826	0.183
11766.000000	155	139	0.823	0.194
11772.000000	155	139	0.817	0.205
11778.000000	155	139	0.813	0.222
11784.000000	155	139	0.807	0.240
11790.000000	155	139	0.787	0.262
11796.000000	155	139	0.764	0.284
11802.000000	155	139	0.740	0.308
11808.000000	155	139	0.714	0.333
11814.000000	155	139	0.682	0.371
11820.000000	155	139	0.640	0.421
11826.000000	155	139	0.579	0.477
11832.000000	139	155	0.531	0.500
11838.000000	139	8	0.589	0.380
11844.000000	139	8	0.682	0.417
11850.000000	139	8	0.762	0.453
11856.000000	139	8	0.809	0.479
11862.000000	139	8	0.834	0.501
11868.000000	139	8	0.856	0.521
11874.000000	139	8	0.875	0.544
11880.000000	139	8	0.885	0.562
11886.000000	139	8	0.890	0.584
11892.000000	139	8	0.885	0.616
11898.000000	139	8	0.883	0.637
11904.000000	139	8	0.882	0.644
11910.000000	139	8	0.884	0.650
11916.000000	139	8	0.882	0.662
11922.000000	139	8	0.882	0.673
11928.000000	139	8	0.878	0.682
11934.000000	139	8	0.876	0.693
11940.000000	139	8	0.876	0.695
11946.000000	139	8	0.875	0.697
11952.000000	139	8	0.874	0.697
11958.000000	139	8	0.874	0.699
11964.000000	139	8	0.873	0.704
11970.000000	139	8	0.873	0.706
11976.000000	139	8	0.872	0.709
11982.000000	139	8	0.873	0.714
11988.000000	139	8	0.870	0.718
11994.000000	139	8	0.867	0.723
12000.000000	139	8	0.859	0.735
12006.000000	139	8	0.858	0.739
12012.000000	139	8	0.856	0.745
12018.000000	139	8	0.853	0.749
12024.000000	139	8	0.848	0.753
12030.000000	139	8	0.846	0.756
12036.000000	139	8	0.840	0.765
12042.000000	139	8	0.842	0.765
12048.000000	139	8	0.841	0.767
12054.000000	139	8	0.842	0.770
12060.000000	139	8	0.842	0.773
12066.000000	139	8	0.834	0.780
12072.000000	139	8	0.823	0.785
12078.000000	139	8	0.817	0.785
12084.000000	139	8	0.814	0.783
12090.000000	139	8	0.807	0.784
12096.000000	8	139	0.793	0.793
12102.000000	8	139	0.802	0.784
12108.000000	8	139	0.801	0.781
12114.000000	8	139	0.802	0.773
12120.000000	8	139	0.806	0.761
12126.000000	8	139	0.806	0.748
12132.000000	8	139	0.812	0.731
12138.000000	8	139	0.814	0.714
12144.000000	8	139	0.815	0.692
12150.000000	8	139	0.819	0.665
12156.000000	8	139	0.823	0.635
12162.000000	8	139	0.833	0.594
12168.000000	8	139	0.843	0.535
12174.000000	8	39	0.848	0.510
12180.000000	8	39	0.857	0.552
12186.000000	8	39	0.869	0.593
12192.000000	8	39	0.879	0.630
12198.000000	8	39	0.891	0.654
12204.000000	8	39	0.896	0.676
12210.000000	8	39	0.899	0.698
12216.000000	8	39	0.900	0.709
12222.000000	8	39	0.901	0.712
12228.000000	8	39	0.896	0.719
12234.000000	8	39	0.892	0.722
12240.000000	8	39	0.884	0.732
12246.000000	8	39	0.875	0.745
12252.000000	8	39	0.868	0.751
12258.000000	8	39	0.861	0.760
12264.000000	8	39	0.853	0.765
12270.000000	8	39	0.845	0.767
12276.000000	8	39	0.832	0.774
12282.000000	8	39	0.821	0.781
12288.000000	8	39	0.797	0.795
12294.000000	39	8	0.807	0.773
12300.000000	39	8	0.820	0.741
12306.000000	39	8	0.834	0.702
12312.000000	39	8	0.850	0.649
12318.000000	39	8	0.870	0.577
12324.000000	39	8	0.884	0.496
12330.000000	39	8	0.905	0.375
12336.000000	39	8	0.921	0.229
12342.000000	39	8	0.931	0.122
12348.000000	39	31	0.938	0.100
12354.000000	39	31	0.946	0.100
12360.000000	39	31	0.953	0.103
12366.000000	39	31	0.963	0.102
12372.000000	39	31	0.965	0.103
12378.000000	39	31	0.964	0.105
12384.000000	39	31	0.963	0.109
12390.000000	39	31	0.962	0.111
12396.000000	39	31	0.963	0.108
12402.000000	39	31	0.964	0.106
12408.000000	39	31	0.963	0.106
12414.000000	39	31	0.964	0.104
12420.000000	39	31	0.965	0.105
12426.000000	39	31	0.964	0.104
12432.000000	39	31	0.963	0.105
12438.000000	39	31	0.962	0.105
12444.000000	39	170	0.960	0.106
12450.000000	39	170	0.958	0.107
12456.000000	39	170	0.956	0.106
12462.000000	39	31	0.953	0.106
12468.000000	39	31	0.950	0.109
12474.000000	39	15	0.946	0.113
12480.000000	39	15	0.942	0.119
12486.000000	39	15	0.940	0.125
12492.000000	39	15	0.937	0.134
12498.000000	39	15	0.934	0.141
12504.000000	39	15	0.933	0.145
12510.000000	39	15	0.932	0.148
12516.000000	39	15	0.931	0.151
12522.000000	39	15	0.930	0.155
12528.000000	39	15	0.928	0.154
12534.000000	39	15	0.924	0.152
12540.000000	39	15	0.920	0.155
12546.000000	39	15	0.917	0.156
12552.000000	39	15	0.914	0.157
12558.000000	39	15	0.912	0.155
12564.000000	39	15	0.908	0.154
12570.000000	39	15	0.904	0.150
12576.000000	39	15	0.900	0.141
12582.000000	39	120	0.896	0.144
12588.000000	39	120	0.889	0.153
12594.000000	39	120	0.877	0.163
12600.000000	39	120	0.865	0.171
12606.000000	39	120	0.859	0.177
12612.000000	39	120	0.852	0.182
12618.000000	39	120	0.843	0.195
12624.000000	39	120	0.836	0.208
12630.000000	39	120	0.829	0.219
12636.000000	39	120	0.820	0.224
12642.000000	39	120	0.811	0.230
12648.000000	39	120	0.799	0.233
12654.000000	39	120	0.778	0.242
12660.000000	39	120	0.752	0.257
12666.000000	39	120	0.726	0.273
12672.000000	39	120	0.699	0.293
12678.000000	39	120	0.657	0.316
12684.000000	39	120	0.599	0.337
12690.000000	39	120	0.508	0.374
12696.000000	120	39	0.423	0.379
12702.000000	120	39	0.459	0.205
12708.000000	120	95	0.494	0.207
12714.000000	120	95	0.547	0.210
12720.000000	120	95	0.607	0.209
12726.000000	120	95	0.658	0.217
12732.000000	120	95	0.704	0.224
12738.000000	120	95	0.733	0.230
12744.000000	120	95	0.750	0.244
12750.000000	120	95	0.769	0.258
12756.000000	120	95	0.778	0.271
12762.000000	120	95	0.784	0.283
12768.000000	120	95	0.788	0.293
12774.000000	120	95	0.796	0.298
12780.000000	120	95	0.799	0.298
12786.000000	120	95	0.808	0.306
12792.000000	120	95	0.819	0.320
12798.000000	120	95	0.829	0.330
12804.000000	120	95	0.839	0.333
12810.000000	120	95	0.843	0.332
12816.000000	120	95	0.848	0.332
12822.000000	120	95	0.849	0.333
12828.000000	120	95	0.852	0.328
12834.000000	120	95	0.856	0.324
12840.000000	120	95	0.862	0.318
12846.000000	120	95	0.865	0.316
12852.000000	120	95	0.869	0.311
12858.000000	120	95	0.871	0.307
12864.000000	120	95	0.871	0.305
12870.000000	120	95	0.873	0.301
12876.000000	120	95	0.880	0.299
12882.000000	120	95	0.882	0.296
12888.000000	120	95	0.887	0.291
12894.000000	120	95	0.891	0.287
12900.000000	120	95	0.894	0.285
12906.000000	120	95	0.901	0.280
12912.000000	120	95	0.908	0.273
12918.000000	120	95	0.911	0.266
12924.000000	120	95	0.913	0.251
12930.000000	120	95	0.917	0.234
12936.000000	120	95	0.919	0.217
12942.000000	120	95	0.921	0.197
12948.000000	120	95	0.928	0.178
12954.000000	120	95	0.931	0.159
12960.000000	120	185	0.933	0.136
12966.000000	120	185	0.934	0.130
12972.000000	120	185	0.936	0.129
12978.000000	120	185	0.940	0.136
12984.000000	120	185	0.942	0.140
12990.000000	120	185	0.944	0.142
12996.000000	120	185	0.946	0.144
13002.000000	120	185	0.948	0.147
13008.000000	120	185	0.950	0.149
13014.000000	120	185	0.952	0.149
13020.000000	120	185	0.952	0.149
13026.000000	120	185	0.952	0.154
13032.000000	120	185	0.954	0.155
13038.000000	120	185	0.954	0.154
13044.000000	120	185	0.954	0.149
13050.000000	120	133	0.953	0.144
13056.000000	120	133	0.951	0.146
13062.000000	120	133	0.949	0.147
13068.000000	120	133	0.945	0.150
13074.000000	120	133	0.942	0.153
13080.000000	120	133	0.941	0.153
13086.000000	120	133	0.938	0.155
13092.000000	120	133	0.933	0.158
13098.000000	120	133	0.931	0.162
13104.000000	120	133	0.927	0.164
13110.000000	120	133	0.922	0.164
13116.000000	120	133	0.917	0.164
13122.000000	120	133	0.907	0.164
13128.000000	120	133	0.893	0.165
13134.000000	120	133	0.881	0.167
13140.000000	120	133	0.875	0.170
13146.000000	120	133	0.870	0.168
13152.000000	120	133	0.864	0.161
13158.000000	120	133	0.857	0.151
13164.000000	120	133	0.845	0.143
13170.000000	120	133	0.829	0.145
13176.000000	120	133	0.817	0.147
13182.000000	120	133	0.808	0.141
13188.000000	120	42	0.798	0.141
13194.000000	120	42	0.783	0.146
13200.000000	120	42	0.762	0.150
13206.000000	120	42	0.733	0.158
13212.000000	120	42	0.703	0.171
13218.000000	120	42	0.652	0.185
13224.000000	120	42	0.567	0.199
13230.000000	120	42	0.450	0.218
13236.000000	120	42	0.280	0.248
13242.000000	42	153	0.276	0.215
13248.000000	42	153	0.304	0.244
13254.000000	42	153	0.333	0.293
13260.000000	42	153	0.388	0.350
13266.000000	42	153	0.437	0.409
13272.000000	42	153	0.480	0.464
13278.000000	42	153	0.519	0.502
13284.000000	42	153	0.550	0.538
13290.000000	42	153	0.575	0.572
13296.000000	153	42	0.602	0.592
13302.000000	153	42	0.618	0.608
13308.000000	153	42	0.634	0.622
13314.000000	153	42	0.648	0.630
13320.000000	153	42	0.658	0.632
13326.000000	153	42	0.666	0.634
13332.000000	153	42	0.676	0.637
13338.000000	153	42	0.679	0.638
13344.000000	153	42	0.683	0.639
13350.000000	153	42	0.691	0.640
13356.000000	153	42	0.698	0.643
13362.000000	153	42	0.701	0.642
13368.000000	153	42	0.703	0.644
13374.000000	153	42	0.706	0.648
13380.000000	153	42	0.709	0.653
13386.000000	153	42	0.709	0.664
13392.000000	153	42	0.715	0.669
13398.000000	153	42	0.719	0.675
13404.000000	153	42	0.722	0.681
13410.000000	153	42	0.724	0.683
13416.000000	153	42	0.723	0.691
13422.000000	153	42	0.727	0.690
13428.000000	153	42	0.732	0.689
13434.000000	153	42	0.736	0.695
13440.000000	153	42	0.738	0.700
13446.000000	153	42	0.738	0.714
13452.000000	153	42	0.738	0.720
13458.000000	153	42	0.741	0.728
13464.000000	42	153	0.742	0.741
13470.000000	42	153	0.755	0.740
13476.000000	42	153	0.772	0.745
13482.000000	42	153	0.785	0.754
13488.000000	42	153	0.802	0.760
13494.000000	42	153	0.816	0.761
13500.000000	42	153	0.823	0.767
13506.000000	42	153	0.824	0.772
13512.000000	42	153	0.825	0.770
13518.000000	42	153	0.829	0.767
13524.000000	42	153	0.838	0.761
13530.000000	42	153	0.843	0.759
13536.000000	42	153	0.844	0.757
13542.000000	42	153	0.842	0.754
13548.000000	42	153	0.839	0.751
13554.000000	42	153	0.839	0.746
13560.000000	42	153	0.839	0.740
13566.000000	42	153	0.836	0.736
13572.000000	42	153	0.834	0.732
13578.000000	42	153	0.834	0.727
13584.000000	42	153	0.835	0.722
13590.000000	42	153	0.833	0.715
13596.000000	42	153	0.833	0.709
13602.000000	42	153	0.839	0.697
13608.000000	42	153	0.839	0.686
13614.000000	42	153	0.839	0.671
13620.000000	42	153	0.840	0.648
13626.000000	42	153	0.841	0.622
13632.000000	42	153	0.844	0.590
13638.000000	42	153	0.856	0.534
13644.000000	42	153	0.865	0.459
13650.000000	42	153	0.873	0.361
13656.000000	42	153	0.892	0.247
13662.000000	42	153	0.908	0.125
13668.000000	42	174	0.916	0.086
13674.000000	42	174	0.921	0.083
13680.000000	42	174	0.928	0.082
13686.000000	42	174	0.938	0.082
13692.000000	42	174	0.957	0.081
13698.000000	42	174	0.963	0.083
13704.000000	42	174	0.963	0.084
13710.000000	42	174	0.964	0.087
13716.000000	42	174	0.964	0.088
13722.000000	42	174	0.963	0.091
13728.000000	42	174	0.963	0.088
13734.000000	42	139	0.962	0.086
13740.000000	42	139	0.960	0.086
13746.000000	42	139	0.961	0.085
13752.000000	42	139	0.960	0.086
13758.000000	42	139	0.958	0.087
13764.000000	42	27	0.956	0.087
13770.000000	42	27	0.955	0.091
13776.000000	42	27	0.954	0.095
13782.000000	42	27	0.953	0.098
13788.000000	42	27	0.953	0.099
13794.000000	42	27	0.951	0.101
13800.000000	42	27	0.950	0.104
13806.000000	42	27	0.948	0.107
13812.000000	42	27	0.946	0.109
13818.000000	42	27	0.944	0.110
13824.000000	42	27	0.942	0.109
13830.000000	42	87	0.940	0.112
13836.000000	42	87	0.937	0.124
13842.000000	42	87	0.933	0.133
13848.000000	42	87	0.930	0.143
13854.000000	42	87	0.925	0.150
13860.000000	42	87	0.921	0.158
13866.000000	42	87	0.917	0.165
13872.000000	42	87	0.910	0.174
13878.000000	42	87	0.903	0.184
13884.000000	42	87	0.896	0.196
13890.000000	42	87	0.889	0.205
13896.000000	42	87	0.882	0.216
13902.000000	42	87	0.873	0.229
13908.000000	42	87	0.866	0.248
13914.000000	42	87	0.857	0.274
13920.000000	42	87	0.849	0.296
13926.000000	42	87	0.835	0.327
13932.000000	42	87	0.821	0.367
13938.000000	42	87	0.802	0.408
13944.000000	42	87	0.771	0.457
13950.000000	42	87	0.726	0.508
13956.000000	42	87	0.668	0.547
13962.000000	87	42	0.605	0.572
13968.000000	87	42	0.679	0.437
13974.000000	87	44	0.755	0.341
13980.000000	87	44	0.805	0.366
13986.000000	87	44	0.850	0.384
13992.000000	87	44	0.869	0.395
13998.000000	87	44	0.878	0.404
14004.000000	87	44	0.890	0.413
14010.000000	87	44	0.894	0.432
14016.000000	87	44	0.894	0.447
14022.000000	87	44	0.891	0.460
14028.000000	87	44	0.888	0.469
14034.000000	87	44	0.882	0.472
14040.000000	87	44	0.880	0.477
14046.000000	87	44	0.881	0.485
14052.000000	87	44	0.881	0.495
14058.000000	87	44	0.883	0.502
14064.000000	87	44	0.883	0.513
14070.000000	87	44	0.881	0.523
14076.000000	87	44	0.882	0.528
14082.000000	87	44	0.885	0.530
14088.000000	87	44	0.887	0.532
14094.000000	87	44	0.893	0.530
14100.000000	87	44	0.892	0.531
14106.000000	87	44	0.891	0.531
14112.000000	87	44	0.892	0.527
14118.000000	87	44	0.893	0.527
14124.000000	87	44	0.894	0.523
14130.000000	87	44	0.894	0.520
14136.000000	87	44	0.894	0.520
14142.000000	87	44	0.894	0.523
14148.000000	87	5	0.894	0.525
14154.000000	87	5	0.891	0.535
14160.000000	87	5	0.892	0.540
14166.000000	87	5	0.891	0.545
14172.000000	87	5	0.891	0.549
14178.000000	87	5	0.890	0.552
14184.000000	87	5	0.891	0.555
14190.000000	87	5	0.890	0.557
14196.000000	87	5	0.892	0.559
14202.000000	87	5	0.894	0.562
14208.000000	87	5	0.895	0.562
14214.000000	87	5	0.896	0.565
14220.000000	87	5	0.895	0.567
14226.000000	87	5	0.899	0.577
14232.000000	87	5	0.900	0.582
14238.000000	87	5	0.897	0.585
14244.000000	87	5	0.895	0.585
14250.000000	87	5	0.893	0.593
14256.000000	87	5	0.889	0.608
14262.000000	87	5	0.887	0.619
14268.000000	87	5	0.885	0.627
14274.000000	87	5	0.882	0.635
14280.000000	87	5	0.879	0.641
14286.000000	87	5	0.870	0.648
14292.000000	87	5	0.864	0.649
14298.000000	87	5	0.862	0.646
14304.000000	87	5	0.860	0.650
14310.000000	87	5	0.860	0.654
14316.000000	87	5	0.857	0.660
14322.000000	87	5	0.851	0.667
14328.000000	87	5	0.845	0.672
14334.000000	87	5	0.839	0.675
14340.000000	87	5	0.832	0.679
14346.000000	87	5	0.825	0.682
14352.000000	87	5	0.807	0.692
14358.000000	87	5	0.791	0.701
14364.000000	87	5	0.771	0.715
14370.000000	87	5	0.746	0.735
14376.000000	5	87	0.758	0.714
14382.000000	5	87	0.774	0.673
14388.000000	5	87	0.795	0.617
14394.000000	5	87	0.815	0.544
14400.000000	5	87	0.854	0.418
14406.000000	5	87	0.898	0.242
14412.000000	5	87	0.937	0.080
14418.000000	5	165	0.957	0.054
14424.000000	5	165	0.965	0.054
14430.000000	5	165	0.968	0.056
14436.000000	5	165	0.969	0.055
14442.000000	5	165	0.971	0.055
14448.000000	5	165	0.971	0.058
14454.000000	5	165	0.971	0.062
14460.000000	5	165	0.971	0.065
14466.000000	5	165	0.972	0.065
14472.000000	5	165	0.973	0.063
14478.000000	5	165	0.974	0.061
14484.000000	5	68	0.974	0.063
14490.000000	5	68	0.974	0.065
14496.000000	5	68	0.977	0.067
14502.000000	5	68	0.977	0.067
14508.000000	5	68	0.977	0.068
14514.000000	5	68	0.976	0.068
14520.000000	5	68	0.976	0.069
14526.000000	5	68	0.976	0.069
14532.000000	5	68	0.977	0.068
14538.000000	5	68	0.978	0.068
14544.000000	5	68	0.979	0.068
14550.000000	5	68	0.980	0.068
14556.000000	5	68	0.980	0.068
14562.000000	5	116	0.980	0.067
14568.000000	5	68	0.980	0.068
14574.000000	5	68	0.980	0.069
14580.000000	5	68	0.980	0.069
14586.000000	5	68	0.981	0.066
14592.000000	5	68	0.982	0.065
14598.000000	5	68	0.982	0.065
14604.000000	5	68	0.982	0.064
14610.000000	5	68	0.981	0.062
14616.000000	5	68	0.980	0.062
14622.000000	5	68	0.980	0.060
14628.000000	5	68	0.980	0.057
14634.000000	5	68	0.979	0.054
14640.000000	5	68	0.978	0.053
14646.000000	5	68	0.978	0.052
14652.000000	5	68	0.978	0.050
14658.000000	5	68	0.978	0.051
14664.000000	5	68	0.977	0.051
14670.000000	5	68	0.977	0.051
14676.000000	5	68	0.977	0.050
14682.000000	5	68	0.977	0.050
14688.000000	5	68	0.977	0.048
14694.000000	5	87	0.977	0.046
14700.000000	5	87	0.976	0.046
14706.000000	5	87	0.975	0.047
14712.000000	5	87	0.974	0.047
14718.000000	5	87	0.973	0.047
14724.000000	5	87	0.973	0.047
14730.000000	5	87	0.973	0.047
14736.000000	5	87	0.972	0.047
14742.000000	5	87	0.972	0.048
14748.000000	5	87	0.972	0.048
14754.000000	5	87	0.972	0.048
14760.000000	5	87	0.971	0.048
14766.000000	5	87	0.972	0.048
14772.000000	5	87	0.972	0.049
14778.000000	5	87	0.972	0.049
14784.000000	5	87	0.972	0.049
14790.000000	5	87	0.972	0.050
14796.000000	5	87	0.971	0.050
14802.000000	5	87	0.971	0.050
14808.000000	5	87	0.971	0.050
14814.000000	5	87	0.971	0.051
14820.000000	5	87	0.971	0.051
14826.000000	5	87	0.970	0.051
14832.000000	5	87	0.969	0.051
14838.000000	5	87	0.967	0.051
14844.000000	5	87	0.966	0.052
14850.000000	5	87	0.965	0.052
14856.000000	5	87	0.964	0.052
14862.000000	5	87	0.965	0.052
14868.000000	5	87	0.966	0.052
14874.000000	5	87	0.968	0.053
14880.000000	5	87	0.969	0.053
14886.000000	5	87	0.968	0.054
14892.000000	5	87	0.968	0.055
14898.000000	5	87	0.967	0.056
14904.000000	5	87	0.965	0.056
14910.000000	5	87	0.964	0.057
14916.000000	5	87	0.964	0.057
14922.000000	5	87	0.964	0.057
14928.000000	5	87	0.963	0.057
14934.000000	5	87	0.962	0.056
14940.000000	5	87	0.960	0.056
14946.000000	5	87	0.958	0.056
14952.000000	5	87	0.955	0.056
14958.000000	5	87	0.953	0.055
14964.000000	5	87	0.948	0.053
14970.000000	5	87	0.942	0.052
14976.000000	5	87	0.937	0.051
14982.000000	5	87	0.931	0.051
14988.000000	5	87	0.925	0.051
14994.000000	5	87	0.920	0.050
15000.000000	5	87	0.914	0.049
15006.000000	5	87	0.908	0.048
15012.000000	5	87	0.902	0.048
15018.000000	5	87	0.894	0.048
15024.000000	5	87	0.883	0.049
15030.000000	5	87	0.873	0.049
15036.000000	5	87	0.864	0.049
15042.000000	5	87	0.854	0.049
15048.000000	5	87	0.839	0.048
15054.000000	5	87	0.820	0.046
15060.000000	5	87	0.793	0.045
15066.000000	5	87	0.758	0.045
15072.000000	5	87	0.711	0.046
15078.000000	5	87	0.632	0.046
15084.000000	5	87	0.491	0.040
15090.000000	5	80	0.175	0.016
15096.000000	164	177	0.005	0.005
