0.000000	125	102	0.000	0.000
6.000000	148	119	0.992	0.031
12.000000	148	119	0.993	0.032
18.000000	148	119	0.992	0.034
24.000000	148	119	0.992	0.036
30.000000	148	119	0.991	0.041
36.000000	148	119	0.990	0.047
42.000000	148	119	0.988	0.051
48.000000	148	119	0.986	0.057
54.000000	148	119	0.984	0.062
60.000000	148	119	0.981	0.064
66.000000	148	9	0.979	0.071
72.000000	148	9	0.976	0.080
78.000000	148	9	0.973	0.087
84.000000	148	9	0.970	0.095
90.000000	148	119	0.966	0.106
96.000000	148	119	0.962	0.118
102.000000	148	119	0.959	0.127
108.000000	148	119	0.956	0.137
114.000000	148	119	0.952	0.143
120.000000	148	119	0.949	0.146
126.000000	148	79	0.945	0.156
132.000000	148	79	0.942	0.165
138.000000	148	79	0.939	0.169
144.000000	148	79	0.936	0.174
150.000000	148	79	0.933	0.182
156.000000	148	79	0.930	0.189
162.000000	148	79	0.927	0.194
168.000000	148	79	0.924	0.196
174.000000	148	79	0.922	0.197
180.000000	148	79	0.920	0.196
186.000000	148	79	0.916	0.196
192.000000	148	79	0.913	0.196
198.000000	148	79	0.912	0.196
204.000000	148	79	0.911	0.197
210.000000	148	79	0.911	0.197
216.000000	148	79	0.910	0.197
222.000000	148	79	0.910	0.198
228.000000	148	79	0.909	0.201
234.000000	148	79	0.907	0.204
240.000000	148	79	0.905	0.208
246.000000	148	79	0.904	0.213
252.000000	148	79	0.901	0.219
258.000000	148	79	0.898	0.221
264.000000	148	79	0.895	0.225
270.000000	148	79	0.891	0.228
276.000000	148	79	0.886	0.231
282.000000	148	79	0.884	0.233
288.000000	148	79	0.882	0.234
294.000000	148	79	0.877	0.235
300.000000	148	79	0.874	0.240
306.000000	148	79	0.871	0.245
312.000000	148	79	0.864	0.250
318.000000	148	79	0.864	0.249
324.000000	148	79	0.864	0.246
330.000000	148	79	0.864	0.246
336.000000	148	79	0.864	0.249
342.000000	148	79	0.863	0.249
348.000000	148	79	0.860	0.249
354.000000	148	79	0.857	0.249
360.000000	148	18	0.853	0.249
366.000000	148	18	0.847	0.254
372.000000	148	18	0.842	0.262
378.000000	148	18	0.836	0.268
384.000000	148	18	0.830	0.272
390.000000	148	18	0.823	0.276
396.000000	148	18	0.812	0.280
402.000000	148	18	0.795	0.293
408.000000	148	18	0.777	0.306
414.000000	148	18	0.753	0.314
420.000000	148	18	0.729	0.326
426.000000	148	18	0.699	0.343
432.000000	148	18	0.645	0.359
438.000000	148	18	0.585	0.379
444.000000	148	18	0.500	0.397
450.000000	18	148	0.426	0.380
456.000000	18	65	0.464	0.251
462.000000	18	65	0.507	0.257
468.000000	18	65	0.538	0.269
474.000000	18	65	0.565	0.290
480.000000	18	65	0.592	0.305
486.000000	18	65	0.606	0.311
492.000000	18	65	0.618	0.315
498.000000	18	65	0.632	0.319
504.000000	18	65	0.640	0.317
510.000000	18	65	0.645	0.322
516.000000	18	65	0.647	0.327
522.000000	18	65	0.648	0.327
528.000000	18	65	0.654	0.323
534.000000	18	65	0.658	0.327
540.000000	18	65	0.658	0.327
546.000000	18	65	0.662	0.325
552.000000	18	65	0.671	0.327
558.000000	18	65	0.678	0.328
564.000000	18	65	0.688	0.331
570.000000	18	65	0.694	0.339
576.000000	18	65	0.707	0.337
582.000000	18	65	0.715	0.324
588.000000	18	65	0.722	0.314
594.000000	18	65	0.732	0.313
600.000000	18	65	0.745	0.310
606.000000	18	65	0.758	0.300
612.000000	18	65	0.773	0.285
618.000000	18	65	0.778	0.283
624.000000	18	65	0.784	0.276
630.000000	18	65	0.794	0.261
636.000000	18	167	0.808	0.249
642.000000	18	167	0.815	0.247
648.000000	18	167	0.817	0.247
654.000000	18	167	0.824	0.247
660.000000	18	167	0.830	0.241
666.000000	18	12	0.835	0.243
672.000000	18	12	0.842	0.240
678.000000	18	12	0.856	0.234
684.000000	18	12	0.863	0.232
690.000000	18	12	0.867	0.228
696.000000	18	12	0.876	0.222
702.000000	18	12	0.878	0.221
708.000000	18	12	0.878	0.217
714.000000	18	12	0.878	0.206
720.000000	18	12	0.881	0.194
726.000000	18	63	0.881	0.182
732.000000	18	63	0.881	0.186
738.000000	18	63	0.880	0.192
744.000000	18	63	0.878	0.194
750.000000	18	63	0.876	0.193
756.000000	18	63	0.872	0.191
762.000000	18	63	0.867	0.188
768.000000	18	63	0.862	0.193
774.000000	18	63	0.855	0.195
780.000000	18	63	0.851	0.190
786.000000	18	63	0.851	0.184
792.000000	18	63	0.847	0.182
798.000000	18	63	0.843	0.172
804.000000	18	25	0.840	0.177
810.000000	18	25	0.837	0.183
816.000000	18	25	0.834	0.189
822.000000	18	25	0.831	0.198
828.000000	18	25	0.828	0.205
834.000000	18	25	0.827	0.212
840.000000	18	25	0.827	0.218
846.000000	18	25	0.826	0.219
852.000000	18	25	0.821	0.221
858.000000	18	25	0.817	0.218
864.000000	18	25	0.811	0.213
870.000000	18	25	0.800	0.218
876.000000	18	25	0.794	0.227
882.000000	18	25	0.788	0.236
888.000000	18	25	0.781	0.246
894.000000	18	25	0.773	0.265
900.000000	18	25	0.766	0.284
906.000000	18	25	0.761	0.306
912.000000	18	25	0.756	0.327
918.000000	18	25	0.747	0.334
924.000000	18	25	0.735	0.342
930.000000	18	25	0.715	0.353
936.000000	18	25	0.686	0.371
942.000000	18	25	0.645	0.397
948.000000	18	25	0.596	0.419
954.000000	18	25	0.524	0.439
960.000000	25	18	0.469	0.420
966.000000	25	160	0.516	0.404
972.000000	25	160	0.566	0.440
978.000000	25	160	0.605	0.481
984.000000	25	160	0.632	0.512
990.000000	25	160	0.652	0.539
996.000000	25	160	0.663	0.565
1002.000000	25	160	0.668	0.582
1008.000000	25	160	0.676	0.588
1014.000000	25	160	0.683	0.593
1020.000000	25	160	0.685	0.600
1026.000000	25	160	0.687	0.614
1032.000000	25	160	0.685	0.621
1038.000000	25	160	0.686	0.631
1044.000000	25	160	0.692	0.640
1050.000000	25	160	0.697	0.652
1056.000000	25	160	0.698	0.659
1062.000000	25	160	0.700	0.668
1068.000000	25	160	0.703	0.683
1074.000000	25	160	0.706	0.692
1080.000000	25	160	0.708	0.697
1086.000000	25	160	0.707	0.704
1092.000000	160	25	0.718	0.704
1098.000000	160	25	0.722	0.709
1104.000000	160	25	0.730	0.712
1110.000000	160	25	0.740	0.712
1116.000000	160	25	0.755	0.706
1122.000000	160	25	0.760	0.705
1128.000000	160	25	0.762	0.707
1134.000000	160	25	0.763	0.703
1140.000000	160	25	0.762	0.701
1146.000000	160	25	0.767	0.697
1152.000000	160	25	0.772	0.690
1158.000000	160	25	0.781	0.681
1164.000000	160	25	0.786	0.671
1170.000000	160	25	0.789	0.664
1176.000000	160	25	0.790	0.657
1182.000000	160	25	0.794	0.647
1188.000000	160	25	0.798	0.634
1194.000000	160	25	0.802	0.628
1200.000000	160	25	0.805	0.620
1206.000000	160	25	0.813	0.606
1212.000000	160	25	0.821	0.588
1218.000000	160	25	0.826	0.572
1224.000000	160	25	0.834	0.554
1230.000000	160	25	0.843	0.527
1236.000000	160	25	0.852	0.490
1242.000000	160	25	0.861	0.443
1248.000000	160	25	0.865	0.376
1254.000000	160	25	0.874	0.293
1260.000000	160	124	0.884	0.217
1266.000000	160	124	0.896	0.229
1272.000000	160	124	0.902	0.239
1278.000000	160	124	0.906	0.250
1284.000000	160	124	0.907	0.260
1290.000000	160	124	0.906	0.254
1296.000000	160	124	0.907	0.248
1302.000000	160	124	0.906	0.246
1308.000000	160	124	0.902	0.247
1314.000000	160	124	0.895	0.249
1320.000000	160	124	0.887	0.247
1326.000000	160	124	0.877	0.247
1332.000000	160	124	0.871	0.251
1338.000000	160	124	0.866	0.253
1344.000000	160	124	0.859	0.252
1350.000000	160	124	0.850	0.253
1356.000000	160	124	0.842	0.259
1362.000000	160	124	0.825	0.265
1368.000000	160	174	0.814	0.268
1374.000000	160	174	0.803	0.269
1380.000000	160	174	0.789	0.268
1386.000000	160	50	0.770	0.277
1392.000000	160	50	0.748	0.283
1398.000000	160	50	0.725	0.288
1404.000000	160	50	0.693	0.296
1410.000000	160	50	0.661	0.306
1416.000000	160	50	0.624	0.321
1422.000000	160	50	0.585	0.331
1428.000000	160	50	0.532	0.346
1434.000000	160	50	0.467	0.364
1440.000000	50	160	0.384	0.372
1446.000000	50	174	0.404	0.304
1452.000000	50	185	0.424	0.314
1458.000000	50	185	0.452	0.343
1464.000000	50	185	0.467	0.373
1470.000000	50	185	0.477	0.399
1476.000000	50	185	0.488	0.423
1482.000000	50	185	0.496	0.439
1488.000000	50	185	0.500	0.444
1494.000000	50	185	0.509	0.443
1500.000000	50	185	0.518	0.448
1506.000000	50	185	0.526	0.457
1512.000000	50	185	0.532	0.467
1518.000000	50	185	0.534	0.479
1524.000000	50	185	0.539	0.494
1530.000000	50	185	0.545	0.501
1536.000000	50	185	0.555	0.503
1542.000000	50	185	0.566	0.509
1548.000000	50	185	0.578	0.518
1554.000000	50	185	0.589	0.522
1560.000000	50	185	0.592	0.520
1566.000000	50	185	0.596	0.522
1572.000000	50	185	0.609	0.529
1578.000000	50	185	0.625	0.543
1584.000000	50	185	0.628	0.555
1590.000000	50	185	0.640	0.564
1596.000000	50	185	0.647	0.574
1602.000000	50	185	0.652	0.587
1608.000000	50	185	0.661	0.599
1614.000000	50	185	0.667	0.605
1620.000000	50	185	0.677	0.616
1626.000000	50	185	0.682	0.622
1632.000000	50	185	0.684	0.630
1638.000000	50	185	0.685	0.645
1644.000000	50	185	0.687	0.667
1650.000000	185	50	0.688	0.683
1656.000000	185	50	0.701	0.681
1662.000000	185	50	0.709	0.676
1668.000000	185	50	0.717	0.667
1674.000000	185	50	0.724	0.664
1680.000000	185	50	0.732	0.661
1686.000000	185	50	0.737	0.660
1692.000000	185	50	0.737	0.656
1698.000000	185	50	0.740	0.648
1704.000000	185	50	0.745	0.633
1710.000000	185	50	0.754	0.612
1716.000000	185	50	0.768	0.596
1722.000000	185	50	0.778	0.575
1728.000000	185	50	0.786	0.551
1734.000000	185	50	0.796	0.524
1740.000000	185	50	0.804	0.503
1746.000000	185	50	0.813	0.481
1752.000000	185	50	0.818	0.454
1758.000000	185	50	0.826	0.414
1764.000000	185	50	0.831	0.372
1770.000000	185	50	0.832	0.328
1776.000000	185	50	0.834	0.276
1782.000000	185	50	0.841	0.206
1788.000000	185	29	0.849	0.159
1794.000000	185	29	0.860	0.168
1800.000000	185	29	0.876	0.172
1806.000000	185	29	0.879	0.181
1812.000000	185	29	0.877	0.191
1818.000000	185	29	0.876	0.196
1824.000000	185	29	0.878	0.198
1830.000000	185	29	0.879	0.201
1836.000000	185	29	0.880	0.205
1842.000000	185	29	0.880	0.203
1848.000000	185	29	0.879	0.203
1854.000000	185	29	0.878	0.201
1860.000000	185	29	0.877	0.201
1866.000000	185	57	0.877	0.198
1872.000000	185	57	0.877	0.213
1878.000000	185	57	0.875	0.224
1884.000000	185	57	0.872	0.233
1890.000000	185	57	0.866	0.243
1896.000000	185	57	0.860	0.251
1902.000000	185	57	0.858	0.261
1908.000000	185	57	0.852	0.270
1914.000000	185	57	0.851	0.282
1920.000000	185	57	0.847	0.293
1926.000000	185	57	0.841	0.312
1932.000000	185	57	0.837	0.330
1938.000000	185	57	0.829	0.340
1944.000000	185	57	0.821	0.350
1950.000000	185	57	0.813	0.361
1956.000000	185	57	0.807	0.381
1962.000000	185	57	0.801	0.400
1968.000000	185	57	0.799	0.419
1974.000000	185	57	0.794	0.449
1980.000000	185	57	0.788	0.478
1986.000000	185	57	0.779	0.503
1992.000000	185	57	0.760	0.528
1998.000000	185	57	0.747	0.544
2004.000000	185	57	0.731	0.573
2010.000000	185	57	0.715	0.590
2016.000000	185	57	0.691	0.620
2022.000000	185	57	0.666	0.646
2028.000000	57	185	0.684	0.623
2034.000000	57	185	0.731	0.551
2040.000000	57	185	0.779	0.463
2046.000000	57	185	0.821	0.335
2052.000000	57	89	0.853	0.260
2058.000000	57	89	0.887	0.276
2064.000000	57	89	0.907	0.289
2070.000000	57	89	0.911	0.308
2076.000000	57	89	0.915	0.339
2082.000000	57	89	0.917	0.364
2088.000000	57	89	0.918	0.387
2094.000000	57	89	0.918	0.412
2100.000000	57	89	0.912	0.445
2106.000000	57	89	0.907	0.470
2112.000000	57	89	0.903	0.482
2118.000000	57	89	0.898	0.495
2124.000000	57	89	0.891	0.510
2130.000000	57	89	0.885	0.521
2136.000000	57	89	0.882	0.528
2142.000000	57	89	0.880	0.532
2148.000000	57	89	0.877	0.533
2154.000000	57	89	0.871	0.535
2160.000000	57	89	0.870	0.533
2166.000000	57	89	0.868	0.532
2172.000000	57	89	0.867	0.531
2178.000000	57	89	0.868	0.532
2184.000000	57	89	0.863	0.536
2190.000000	57	89	0.858	0.538
2196.000000	57	89	0.853	0.539
2202.000000	57	89	0.848	0.542
2208.000000	57	89	0.840	0.549
2214.000000	57	89	0.834	0.551
2220.000000	57	89	0.826	0.556
2226.000000	57	89	0.819	0.562
2232.000000	57	89	0.812	0.569
2238.000000	57	89	0.799	0.582
2244.000000	57	89	0.798	0.588
2250.000000	57	89	0.797	0.597
2256.000000	57	89	0.792	0.606
2262.000000	57	89	0.779	0.620
2268.000000	57	89	0.774	0.624
2274.000000	57	89	0.768	0.631
2280.000000	57	89	0.760	0.638
2286.000000	57	89	0.751	0.645
2292.000000	57	89	0.745	0.654
2298.000000	57	89	0.734	0.660
2304.000000	57	89	0.718	0.671
2310.000000	57	89	0.689	0.688
2316.000000	89	57	0.711	0.648
2322.000000	89	57	0.719	0.602
2328.000000	89	57	0.731	0.543
2334.000000	89	57	0.754	0.469
2340.000000	89	57	0.779	0.370
2346.000000	89	83	0.808	0.295
2352.000000	89	83	0.823	0.310
2358.000000	89	83	0.841	0.334
2364.000000	89	83	0.855	0.345
2370.000000	89	83	0.866	0.345
2376.000000	89	83	0.865	0.350
2382.000000	89	83	0.863	0.362
2388.000000	89	83	0.866	0.371
2394.000000	89	83	0.865	0.377
2400.000000	89	83	0.864	0.385
2406.000000	89	83	0.859	0.397
2412.000000	89	83	0.855	0.401
2418.000000	89	83	0.856	0.402
2424.000000	89	83	0.859	0.400
2430.000000	89	83	0.863	0.400
2436.000000	89	83	0.863	0.402
2442.000000	89	83	0.861	0.402
2448.000000	89	83	0.857	0.402
2454.000000	89	83	0.854	0.406
2460.000000	89	83	0.850	0.409
2466.000000	89	83	0.844	0.409
2472.000000	89	83	0.839	0.409
2478.000000	89	83	0.830	0.410
2484.000000	89	83	0.823	0.409
2490.000000	89	83	0.817	0.409
2496.000000	89	83	0.814	0.408
2502.000000	89	83	0.812	0.409
2508.000000	89	83	0.810	0.403
2514.000000	89	83	0.808	0.403
2520.000000	89	83	0.806	0.407
2526.000000	89	83	0.804	0.408
2532.000000	89	83	0.802	0.403
2538.000000	89	83	0.801	0.396
2544.000000	89	83	0.801	0.389
2550.000000	89	83	0.796	0.385
2556.000000	89	83	0.784	0.371
2562.000000	89	83	0.761	0.357
2568.000000	89	83	0.748	0.341
2574.000000	89	83	0.735	0.322
2580.000000	89	63	0.723	0.306
2586.000000	89	63	0.713	0.321
2592.000000	89	63	0.697	0.330
2598.000000	89	63	0.670	0.341
2604.000000	89	63	0.628	0.357
2610.000000	89	63	0.563	0.385
2616.000000	89	63	0.479	0.412
2622.000000	63	82	0.439	0.379
2628.000000	63	82	0.476	0.389
2634.000000	63	82	0.519	0.403
2640.000000	63	82	0.546	0.424
2646.000000	63	82	0.565	0.447
2652.000000	63	82	0.576	0.481
2658.000000	63	82	0.580	0.511
2664.000000	63	82	0.574	0.527
2670.000000	63	82	0.570	0.544
2676.000000	63	82	0.578	0.556
2682.000000	63	82	0.586	0.562
2688.000000	63	82	0.594	0.566
2694.000000	63	82	0.596	0.571
2700.000000	63	82	0.601	0.580
2706.000000	63	82	0.602	0.590
2712.000000	63	82	0.603	0.598
2718.000000	82	63	0.605	0.604
2724.000000	82	63	0.626	0.609
2730.000000	82	63	0.636	0.611
2736.000000	82	63	0.647	0.609
2742.000000	82	63	0.658	0.615
2748.000000	82	63	0.664	0.622
2754.000000	82	63	0.672	0.624
2760.000000	82	63	0.689	0.626
2766.000000	82	63	0.699	0.627
2772.000000	82	63	0.707	0.630
2778.000000	82	63	0.707	0.633
2784.000000	82	63	0.707	0.632
2790.000000	82	63	0.706	0.629
2796.000000	82	63	0.705	0.626
2802.000000	82	63	0.708	0.626
2808.000000	82	63	0.710	0.628
2814.000000	82	63	0.714	0.628
2820.000000	82	63	0.713	0.627
2826.000000	82	63	0.720	0.625
2832.000000	82	63	0.733	0.618
2838.000000	82	63	0.737	0.611
2844.000000	82	63	0.738	0.607
2850.000000	82	63	0.743	0.599
2856.000000	82	63	0.752	0.590
2862.000000	82	63	0.754	0.583
2868.000000	82	63	0.762	0.570
2874.000000	82	63	0.770	0.557
2880.000000	82	63	0.776	0.543
2886.000000	82	63	0.793	0.520
2892.000000	82	63	0.800	0.500
2898.000000	82	63	0.800	0.471
2904.000000	82	63	0.807	0.431
2910.000000	82	63	0.809	0.391
2916.000000	82	63	0.812	0.343
2922.000000	82	63	0.811	0.299
2928.000000	82	63	0.810	0.255
2934.000000	82	63	0.811	0.203
2940.000000	82	157	0.817	0.211
2946.000000	82	157	0.819	0.224
2952.000000	82	157	0.819	0.240
2958.000000	82	157	0.817	0.254
2964.000000	82	157	0.819	0.269
2970.000000	82	157	0.815	0.279
2976.000000	82	157	0.807	0.291
2982.000000	82	157	0.797	0.310
2988.000000	82	157	0.788	0.322
2994.000000	82	157	0.777	0.328
3000.000000	82	157	0.768	0.332
3006.000000	82	157	0.753	0.341
3012.000000	82	157	0.733	0.352
3018.000000	82	157	0.706	0.366
3024.000000	82	157	0.686	0.379
3030.000000	82	157	0.650	0.394
3036.000000	82	157	0.618	0.411
3042.000000	82	157	0.585	0.431
3048.000000	82	157	0.535	0.463
3054.000000	157	82	0.494	0.485
3060.000000	157	82	0.514	0.449
3066.000000	157	82	0.529	0.414
3072.000000	157	82	0.547	0.350
3078.000000	157	35	0.563	0.344
3084.000000	157	35	0.586	0.345
3090.000000	157	35	0.614	0.351
3096.000000	157	35	0.631	0.352
3102.000000	157	71	0.646	0.362
3108.000000	157	71	0.661	0.370
3114.000000	157	71	0.666	0.376
3120.000000	157	71	0.668	0.382
3126.000000	157	71	0.676	0.391
3132.000000	157	71	0.682	0.404
3138.000000	157	71	0.691	0.417
3144.000000	157	71	0.697	0.434
3150.000000	157	71	0.699	0.446
3156.000000	157	71	0.698	0.463
3162.000000	157	71	0.709	0.477
3168.000000	157	71	0.715	0.485
3174.000000	157	71	0.723	0.497
3180.000000	157	71	0.735	0.508
3186.000000	157	71	0.737	0.524
3192.000000	157	71	0.740	0.526
3198.000000	157	71	0.737	0.529
3204.000000	157	71	0.735	0.535
3210.000000	157	71	0.744	0.536
3216.000000	157	71	0.751	0.541
3222.000000	157	71	0.752	0.545
3228.000000	157	71	0.748	0.556
3234.000000	157	71	0.742	0.575
3240.000000	157	71	0.733	0.587
3246.000000	157	71	0.731	0.595
3252.000000	157	71	0.731	0.601
3258.000000	157	71	0.729	0.611
3264.000000	157	71	0.728	0.616
3270.000000	157	71	0.722	0.621
3276.000000	157	71	0.718	0.634
3282.000000	157	71	0.713	0.646
3288.000000	157	71	0.712	0.653
3294.000000	157	71	0.708	0.656
3300.000000	157	71	0.707	0.657
3306.000000	157	71	0.708	0.661
3312.000000	157	71	0.707	0.666
3318.000000	157	71	0.707	0.664
3324.000000	157	71	0.698	0.667
3330.000000	157	71	0.690	0.664
3336.000000	157	71	0.679	0.662
3342.000000	71	157	0.670	0.656
3348.000000	71	157	0.679	0.633
3354.000000	71	157	0.691	0.611
3360.000000	71	157	0.699	0.586
3366.000000	71	157	0.709	0.553
3372.000000	71	157	0.718	0.517
3378.000000	71	157	0.726	0.471
3384.000000	71	157	0.731	0.417
3390.000000	71	126	0.745	0.389
3396.000000	71	126	0.755	0.392
3402.000000	71	126	0.764	0.389
3408.000000	71	126	0.777	0.398
3414.000000	71	126	0.801	0.403
3420.000000	71	126	0.813	0.416
3426.000000	71	126	0.815	0.422
3432.000000	71	126	0.821	0.422
3438.000000	71	126	0.822	0.424
3444.000000	71	126	0.824	0.422
3450.000000	71	126	0.821	0.429
3456.000000	71	126	0.819	0.441
3462.000000	71	126	0.820	0.448
3468.000000	71	126	0.817	0.449
3474.000000	71	126	0.815	0.446
3480.000000	71	126	0.805	0.446
3486.000000	71	126	0.796	0.443
3492.000000	71	126	0.790	0.439
3498.000000	71	126	0.781	0.435
3504.000000	71	126	0.773	0.432
3510.000000	71	126	0.768	0.433
3516.000000	71	126	0.758	0.425
3522.000000	71	126	0.745	0.418
3528.000000	71	126	0.734	0.415
3534.000000	71	126	0.725	0.410
3540.000000	71	126	0.714	0.405
3546.000000	71	126	0.700	0.396
3552.000000	71	126	0.683	0.391
3558.000000	71	126	0.669	0.388
3564.000000	71	126	0.648	0.383
3570.000000	71	126	0.625	0.377
3576.000000	71	126	0.602	0.369
3582.000000	71	126	0.575	0.355
3588.000000	71	126	0.544	0.342
3594.000000	71	126	0.501	0.336
3600.000000	71	126	0.446	0.326
3606.000000	71	126	0.401	0.318
3612.000000	71	126	0.347	0.313
3618.000000	126	71	0.308	0.262
3624.000000	126	69	0.301	0.219
3630.000000	126	44	0.293	0.234
3636.000000	126	44	0.279	0.253
3642.000000	44	126	0.279	0.262
3648.000000	44	69	0.310	0.280
3654.000000	44	69	0.330	0.303
3660.000000	44	69	0.349	0.312
3666.000000	44	69	0.360	0.318
3672.000000	44	69	0.373	0.331
3678.000000	44	69	0.402	0.348
3684.000000	44	69	0.419	0.364
3690.000000	44	69	0.443	0.391
3696.000000	44	69	0.468	0.406
3702.000000	44	69	0.482	0.417
3708.000000	44	69	0.493	0.429
3714.000000	44	69	0.507	0.437
3720.000000	44	69	0.523	0.450
3726.000000	44	69	0.532	0.459
3732.000000	44	69	0.542	0.468
3738.000000	44	69	0.554	0.478
3744.000000	44	69	0.560	0.489
3750.000000	44	69	0.571	0.518
3756.000000	44	69	0.586	0.537
3762.000000	44	69	0.592	0.544
3768.000000	44	69	0.601	0.547
3774.000000	44	69	0.613	0.552
3780.000000	44	69	0.628	0.557
3786.000000	44	69	0.651	0.568
3792.000000	44	69	0.666	0.588
3798.000000	44	69	0.678	0.602
3804.000000	44	69	0.694	0.610
3810.000000	44	69	0.709	0.607
3816.000000	44	69	0.722	0.606
3822.000000	44	69	0.735	0.611
3828.000000	44	69	0.746	0.620
3834.000000	44	69	0.760	0.628
3840.000000	44	69	0.774	0.626
3846.000000	44	69	0.781	0.633
3852.000000	44	69	0.798	0.637
3858.000000	44	69	0.808	0.641
3864.000000	44	69	0.813	0.636
3870.000000	44	69	0.816	0.634
3876.000000	44	69	0.825	0.633
3882.000000	44	69	0.830	0.633
3888.000000	44	69	0.837	0.636
3894.000000	44	69	0.847	0.638
3900.000000	44	69	0.855	0.640
3906.000000	44	69	0.863	0.640
3912.000000	44	69	0.867	0.636
3918.000000	44	69	0.867	0.637
3924.000000	44	69	0.873	0.632
3930.000000	44	69	0.878	0.626
3936.000000	44	69	0.887	0.621
3942.000000	44	69	0.891	0.616
3948.000000	44	69	0.889	0.612
3954.000000	44	69	0.891	0.605
3960.000000	44	69	0.895	0.596
3966.000000	44	69	0.898	0.585
3972.000000	44	69	0.905	0.568
3978.000000	44	69	0.909	0.544
3984.000000	44	69	0.917	0.515
3990.000000	44	69	0.923	0.479
3996.000000	44	69	0.925	0.441
4002.000000	44	69	0.929	0.389
4008.000000	44	69	0.932	0.323
4014.000000	44	69	0.936	0.258
4020.000000	44	69	0.935	0.206
4026.000000	44	69	0.936	0.151
4032.000000	44	86	0.936	0.139
4038.000000	44	36	0.936	0.142
4044.000000	44	36	0.935	0.154
4050.000000	44	36	0.933	0.167
4056.000000	44	36	0.930	0.171
4062.000000	44	36	0.927	0.179
4068.000000	44	36	0.925	0.185
4074.000000	44	36	0.924	0.193
4080.000000	44	36	0.923	0.206
4086.000000	44	36	0.924	0.213
4092.000000	44	36	0.927	0.214
4098.000000	44	36	0.925	0.213
4104.000000	44	36	0.920	0.213
4110.000000	44	36	0.915	0.211
4116.000000	44	36	0.913	0.208
4122.000000	44	36	0.911	0.207
4128.000000	44	194	0.909	0.212
4134.000000	44	194	0.907	0.216
4140.000000	44	194	0.904	0.218
4146.000000	44	194	0.902	0.220
4152.000000	44	194	0.901	0.223
4158.000000	44	194	0.901	0.224
4164.000000	44	194	0.897	0.225
4170.000000	44	194	0.895	0.230
4176.000000	44	194	0.893	0.236
4182.000000	44	194	0.892	0.239
4188.000000	44	194	0.891	0.242
4194.000000	44	194	0.890	0.243
4200.000000	44	194	0.888	0.239
4206.000000	44	194	0.886	0.236
4212.000000	44	194	0.881	0.235
4218.000000	44	94	0.871	0.245
4224.000000	44	94	0.864	0.250
4230.000000	44	94	0.858	0.257
4236.000000	44	94	0.851	0.271
4242.000000	44	94	0.842	0.285
4248.000000	44	94	0.835	0.294
4254.000000	44	94	0.828	0.303
4260.000000	44	94	0.818	0.313
4266.000000	44	94	0.807	0.318
4272.000000	44	94	0.799	0.325
4278.000000	44	94	0.787	0.340
4284.000000	44	94	0.766	0.358
4290.000000	44	94	0.741	0.371
4296.000000	44	94	0.707	0.378
4302.000000	44	94	0.662	0.388
4308.000000	44	94	0.610	0.405
4314.000000	44	94	0.535	0.427
4320.000000	94	44	0.467	0.457
4326.000000	94	44	0.504	0.339
4332.000000	94	23	0.553	0.331
4338.000000	94	23	0.616	0.348
4344.000000	94	23	0.661	0.382
4350.000000	94	23	0.684	0.423
4356.000000	94	23	0.704	0.459
4362.000000	94	23	0.715	0.478
4368.000000	94	23	0.725	0.491
4374.000000	94	23	0.736	0.505
4380.000000	94	23	0.733	0.523
4386.000000	94	23	0.738	0.542
4392.000000	94	23	0.743	0.560
4398.000000	94	23	0.756	0.570
4404.000000	94	23	0.766	0.581
4410.000000	94	23	0.767	0.589
4416.000000	94	23	0.768	0.598
4422.000000	94	23	0.773	0.606
4428.000000	94	23	0.764	0.614
4434.000000	94	23	0.759	0.626
4440.000000	94	23	0.758	0.630
4446.000000	94	23	0.759	0.631
4452.000000	94	23	0.762	0.637
4458.000000	94	23	0.763	0.644
4464.000000	94	23	0.765	0.646
4470.000000	94	23	0.769	0.652
4476.000000	94	23	0.766	0.659
4482.000000	94	23	0.768	0.666
4488.000000	94	23	0.770	0.670
4494.000000	94	23	0.767	0.674
4500.000000	94	23	0.762	0.683
4506.000000	94	23	0.762	0.693
4512.000000	94	23	0.762	0.702
4518.000000	94	23	0.760	0.713
4524.000000	94	23	0.760	0.721
4530.000000	94	23	0.757	0.730
4536.000000	94	23	0.752	0.742
4542.000000	23	94	0.757	0.744
4548.000000	23	94	0.764	0.739
4554.000000	23	94	0.778	0.733
4560.000000	23	94	0.781	0.728
4566.000000	23	94	0.784	0.722
4572.000000	23	94	0.786	0.712
4578.000000	23	94	0.793	0.696
4584.000000	23	94	0.808	0.678
4590.000000	23	94	0.821	0.654
4596.000000	23	94	0.833	0.627
4602.000000	23	94	0.843	0.597
4608.000000	23	94	0.856	0.547
4614.000000	23	94	0.865	0.501
4620.000000	23	94	0.876	0.438
4626.000000	23	94	0.883	0.378
4632.000000	23	94	0.890	0.311
4638.000000	23	94	0.900	0.229
4644.000000	23	190	0.914	0.223
4650.000000	23	190	0.925	0.224
4656.000000	23	190	0.930	0.225
4662.000000	23	190	0.935	0.228
4668.000000	23	190	0.935	0.230
4674.000000	23	190	0.934	0.229
4680.000000	23	190	0.933	0.231
4686.000000	23	190	0.932	0.239
4692.000000	23	190	0.931	0.245
4698.000000	23	190	0.930	0.253
4704.000000	23	190	0.929	0.261
4710.000000	23	190	0.926	0.266
4716.000000	23	190	0.920	0.276
4722.000000	23	190	0.917	0.284
4728.000000	23	190	0.918	0.292
4734.000000	23	190	0.917	0.302
4740.000000	23	190	0.915	0.311
4746.000000	23	190	0.913	0.314
4752.000000	23	190	0.913	0.318
4758.000000	23	190	0.912	0.325
4764.000000	23	190	0.908	0.331
4770.000000	23	190	0.901	0.339
4776.000000	23	190	0.890	0.349
4782.000000	23	190	0.876	0.357
4788.000000	23	190	0.866	0.363
4794.000000	23	190	0.854	0.373
4800.000000	23	190	0.838	0.386
4806.000000	23	190	0.825	0.397
4812.000000	23	190	0.814	0.411
4818.000000	23	190	0.795	0.431
4824.000000	23	190	0.778	0.445
4830.000000	23	190	0.753	0.463
4836.000000	23	190	0.732	0.482
4842.000000	23	190	0.706	0.496
4848.000000	23	190	0.664	0.519
4854.000000	23	190	0.618	0.536
4860.000000	23	190	0.557	0.552
4866.000000	190	23	0.575	0.469
4872.000000	190	23	0.608	0.362
4878.000000	190	29	0.647	0.349
4884.000000	190	29	0.680	0.354
4890.000000	190	29	0.719	0.355
4896.000000	190	29	0.741	0.360
4902.000000	190	29	0.755	0.365
4908.000000	190	29	0.763	0.371
4914.000000	190	29	0.768	0.376
4920.000000	190	29	0.773	0.376
4926.000000	190	29	0.778	0.374
4932.000000	190	29	0.785	0.371
4938.000000	190	29	0.794	0.368
4944.000000	190	29	0.797	0.366
4950.000000	190	29	0.803	0.360
4956.000000	190	29	0.814	0.352
4962.000000	190	29	0.818	0.349
4968.000000	190	29	0.824	0.349
4974.000000	190	29	0.827	0.349
4980.000000	190	29	0.839	0.338
4986.000000	190	29	0.842	0.332
4992.000000	190	29	0.842	0.328
4998.000000	190	29	0.842	0.323
5004.000000	190	29	0.844	0.313
5010.000000	190	29	0.847	0.299
5016.000000	190	29	0.846	0.285
5022.000000	190	169	0.847	0.282
5028.000000	190	169	0.846	0.298
5034.000000	190	169	0.846	0.303
5040.000000	190	169	0.848	0.307
5046.000000	190	169	0.857	0.315
5052.000000	190	169	0.861	0.320
5058.000000	190	169	0.868	0.323
5064.000000	190	169	0.871	0.330
5070.000000	190	169	0.872	0.325
5076.000000	190	169	0.871	0.317
5082.000000	190	169	0.870	0.313
5088.000000	190	169	0.867	0.329
5094.000000	190	169	0.864	0.343
5100.000000	190	169	0.861	0.353
5106.000000	190	169	0.858	0.359
5112.000000	190	169	0.851	0.360
5118.000000	190	169	0.842	0.361
5124.000000	190	169	0.836	0.361
5130.000000	190	169	0.832	0.359
5136.000000	190	169	0.828	0.359
5142.000000	190	169	0.820	0.356
5148.000000	190	169	0.807	0.355
5154.000000	190	169	0.790	0.358
5160.000000	190	169	0.781	0.359
5166.000000	190	169	0.773	0.359
5172.000000	190	169	0.765	0.357
5178.000000	190	169	0.749	0.355
5184.000000	190	169	0.731	0.352
5190.000000	190	169	0.712	0.357
5196.000000	190	169	0.694	0.359
5202.000000	190	169	0.667	0.358
5208.000000	190	169	0.635	0.355
5214.000000	190	169	0.606	0.355
5220.000000	190	169	0.579	0.352
5226.000000	190	169	0.546	0.351
5232.000000	190	28	0.491	0.358
5238.000000	190	28	0.428	0.382
5244.000000	28	169	0.414	0.338
5250.000000	28	169	0.463	0.325
5256.000000	28	169	0.524	0.306
5262.000000	28	195	0.583	0.288
5268.000000	28	195	0.637	0.296
5274.000000	28	195	0.673	0.297
5280.000000	28	195	0.699	0.302
5286.000000	28	195	0.724	0.317
5292.000000	28	195	0.741	0.325
5298.000000	28	195	0.751	0.332
5304.000000	28	195	0.764	0.343
5310.000000	28	195	0.783	0.350
5316.000000	28	195	0.794	0.363
5322.000000	28	195	0.807	0.372
5328.000000	28	195	0.816	0.382
5334.000000	28	195	0.822	0.400
5340.000000	28	195	0.836	0.407
5346.000000	28	195	0.847	0.413
5352.000000	28	195	0.852	0.416
5358.000000	28	195	0.853	0.421
5364.000000	28	195	0.854	0.420
5370.000000	28	195	0.860	0.422
5376.000000	28	195	0.862	0.427
5382.000000	28	195	0.862	0.427
5388.000000	28	195	0.860	0.432
5394.000000	28	195	0.858	0.436
5400.000000	28	195	0.860	0.436
5406.000000	28	195	0.861	0.434
5412.000000	28	195	0.864	0.434
5418.000000	28	195	0.867	0.433
5424.000000	28	195	0.875	0.431
5430.000000	28	195	0.881	0.431
5436.000000	28	195	0.888	0.436
5442.000000	28	195	0.890	0.439
5448.000000	28	195	0.890	0.437
5454.000000	28	195	0.891	0.431
5460.000000	28	195	0.900	0.428
5466.000000	28	195	0.901	0.426
5472.000000	28	195	0.901	0.427
5478.000000	28	195	0.903	0.431
5484.000000	28	195	0.907	0.431
5490.000000	28	195	0.908	0.424
5496.000000	28	195	0.910	0.412
5502.000000	28	195	0.913	0.391
5508.000000	28	195	0.915	0.371
5514.000000	28	195	0.912	0.350
5520.000000	28	195	0.909	0.326
5526.000000	28	195	0.909	0.299
5532.000000	28	195	0.909	0.273
5538.000000	28	195	0.909	0.249
5544.000000	28	195	0.911	0.217
5550.000000	28	183	0.913	0.201
5556.000000	28	183	0.914	0.206
5562.000000	28	183	0.913	0.214
5568.000000	28	183	0.912	0.225
5574.000000	28	183	0.909	0.235
5580.000000	28	183	0.908	0.244
5586.000000	28	183	0.908	0.253
5592.000000	28	183	0.907	0.264
5598.000000	28	183	0.906	0.278
5604.000000	28	183	0.903	0.299
5610.000000	28	183	0.896	0.321
5616.000000	28	183	0.890	0.343
5622.000000	28	183	0.888	0.359
5628.000000	28	183	0.883	0.372
5634.000000	28	183	0.878	0.389
5640.000000	28	183	0.868	0.405
5646.000000	28	183	0.852	0.414
5652.000000	28	183	0.838	0.433
5658.000000	28	183	0.820	0.458
5664.000000	28	183	0.805	0.482
5670.000000	28	183	0.785	0.506
5676.000000	28	183	0.766	0.524
5682.000000	28	183	0.743	0.537
5688.000000	28	183	0.711	0.561
5694.000000	28	183	0.671	0.583
5700.000000	183	28	0.623	0.613
5706.000000	183	28	0.669	0.543
5712.000000	183	28	0.718	0.439
5718.000000	183	28	0.766	0.297
5724.000000	183	194	0.814	0.288
5730.000000	183	194	0.845	0.311
5736.000000	183	194	0.865	0.327
5742.000000	183	194	0.876	0.340
5748.000000	183	194	0.882	0.344
5754.000000	183	194	0.887	0.349
5760.000000	183	194	0.888	0.351
5766.000000	183	194	0.890	0.351
5772.000000	183	194	0.889	0.355
5778.000000	183	194	0.892	0.358
5784.000000	183	194	0.891	0.365
5790.000000	183	194	0.890	0.373
5796.000000	183	194	0.893	0.375
5802.000000	183	194	0.894	0.374
5808.000000	183	194	0.893	0.376
5814.000000	183	194	0.897	0.372
5820.000000	183	194	0.899	0.371
5826.000000	183	194	0.899	0.370
5832.000000	183	194	0.898	0.367
5838.000000	183	194	0.898	0.358
5844.000000	183	194	0.897	0.347
5850.000000	183	194	0.899	0.336
5856.000000	183	194	0.899	0.326
5862.000000	183	194	0.902	0.315
5868.000000	183	194	0.903	0.307
5874.000000	183	194	0.901	0.301
5880.000000	183	194	0.900	0.295
5886.000000	183	194	0.899	0.276
5892.000000	183	194	0.900	0.254
5898.000000	183	194	0.902	0.237
5904.000000	183	194	0.901	0.222
5910.000000	183	26	0.899	0.217
5916.000000	183	26	0.896	0.230
5922.000000	183	26	0.892	0.243
5928.000000	183	26	0.892	0.254
5934.000000	183	26	0.890	0.265
5940.000000	183	26	0.889	0.275
5946.000000	183	26	0.884	0.286
5952.000000	183	26	0.881	0.300
5958.000000	183	26	0.879	0.303
5964.000000	183	26	0.874	0.307
5970.000000	183	26	0.868	0.313
5976.000000	183	26	0.861	0.319
5982.000000	183	26	0.860	0.327
5988.000000	183	26	0.854	0.338
5994.000000	183	26	0.849	0.346
6000.000000	183	26	0.842	0.358
6006.000000	183	26	0.832	0.377
6012.000000	183	26	0.816	0.393
6018.000000	183	26	0.802	0.407
6024.000000	183	26	0.787	0.419
6030.000000	183	26	0.770	0.436
6036.000000	183	26	0.744	0.451
6042.000000	183	26	0.706	0.464
6048.000000	183	26	0.667	0.480
6054.000000	183	26	0.620	0.495
6060.000000	183	26	0.566	0.523
6066.000000	26	183	0.550	0.497
6072.000000	26	183	0.582	0.395
6078.000000	26	178	0.617	0.299
6084.000000	26	178	0.667	0.311
6090.000000	26	178	0.693	0.319
6096.000000	26	178	0.709	0.328
6102.000000	26	178	0.727	0.338
6108.000000	26	178	0.744	0.343
6114.000000	26	178	0.764	0.338
6120.000000	26	178	0.774	0.336
6126.000000	26	20	0.782	0.346
6132.000000	26	20	0.785	0.361
6138.000000	26	20	0.783	0.373
6144.000000	26	20	0.781	0.380
6150.000000	26	20	0.777	0.390
6156.000000	26	20	0.777	0.399
6162.000000	26	20	0.779	0.407
6168.000000	26	20	0.782	0.416
6174.000000	26	20	0.788	0.420
6180.000000	26	20	0.791	0.425
6186.000000	26	20	0.791	0.433
6192.000000	26	20	0.792	0.436
6198.000000	26	20	0.793	0.444
6204.000000	26	20	0.796	0.450
6210.000000	26	20	0.797	0.454
6216.000000	26	20	0.795	0.460
6222.000000	26	20	0.796	0.470
6228.000000	26	20	0.798	0.473
6234.000000	26	20	0.800	0.471
6240.000000	26	20	0.800	0.470
6246.000000	26	20	0.802	0.478
6252.000000	26	20	0.804	0.479
6258.000000	26	20	0.804	0.485
6264.000000	26	20	0.801	0.493
6270.000000	26	20	0.805	0.500
6276.000000	26	20	0.809	0.509
6282.000000	26	20	0.812	0.515
6288.000000	26	20	0.810	0.522
6294.000000	26	20	0.807	0.527
6300.000000	26	20	0.807	0.531
6306.000000	26	20	0.809	0.535
6312.000000	26	20	0.809	0.541
6318.000000	26	20	0.809	0.541
6324.000000	26	20	0.810	0.538
6330.000000	26	20	0.807	0.539
6336.000000	26	20	0.804	0.541
6342.000000	26	20	0.798	0.544
6348.000000	26	20	0.795	0.541
6354.000000	26	20	0.791	0.530
6360.000000	26	20	0.782	0.521
6366.000000	26	20	0.773	0.510
6372.000000	26	20	0.758	0.497
6378.000000	26	20	0.738	0.483
6384.000000	26	20	0.719	0.467
6390.000000	26	20	0.695	0.447
6396.000000	26	20	0.673	0.426
6402.000000	26	20	0.657	0.407
6408.000000	26	78	0.638	0.396
6414.000000	26	78	0.607	0.420
6420.000000	26	78	0.573	0.450
6426.000000	26	78	0.521	0.482
6432.000000	78	26	0.519	0.451
6438.000000	78	26	0.565	0.357
6444.000000	78	71	0.610	0.302
6450.000000	78	71	0.657	0.337
6456.000000	78	71	0.705	0.373
6462.000000	78	71	0.742	0.409
6468.000000	78	71	0.761	0.437
6474.000000	78	71	0.783	0.462
6480.000000	78	71	0.803	0.485
6486.000000	78	71	0.816	0.496
6492.000000	78	71	0.830	0.514
6498.000000	78	71	0.830	0.533
6504.000000	78	71	0.838	0.536
6510.000000	78	71	0.839	0.541
6516.000000	78	71	0.844	0.545
6522.000000	78	71	0.854	0.547
6528.000000	78	71	0.858	0.552
6534.000000	78	71	0.855	0.562
6540.000000	78	71	0.852	0.569
6546.000000	78	71	0.850	0.575
6552.000000	78	71	0.848	0.587
6558.000000	78	71	0.848	0.595
6564.000000	78	71	0.851	0.602
6570.000000	78	71	0.850	0.611
6576.000000	78	71	0.850	0.616
6582.000000	78	71	0.848	0.620
6588.000000	78	71	0.845	0.621
6594.000000	78	71	0.844	0.622
6600.000000	78	71	0.845	0.624
6606.000000	78	71	0.846	0.628
6612.000000	78	71	0.846	0.634
6618.000000	78	71	0.845	0.641
6624.000000	78	71	0.844	0.643
6630.000000	78	71	0.847	0.645
6636.000000	78	71	0.847	0.653
6642.000000	78	71	0.850	0.663
6648.000000	78	71	0.850	0.674
6654.000000	78	71	0.851	0.679
6660.000000	78	71	0.854	0.684
6666.000000	78	71	0.855	0.690
6672.000000	78	71	0.856	0.692
6678.000000	78	71	0.854	0.695
6684.000000	78	71	0.854	0.700
6690.000000	78	71	0.852	0.716
6696.000000	78	71	0.853	0.733
6702.000000	78	71	0.853	0.740
6708.000000	78	71	0.852	0.744
6714.000000	78	71	0.854	0.745
6720.000000	78	71	0.853	0.745
6726.000000	78	71	0.851	0.745
6732.000000	78	71	0.846	0.746
6738.000000	78	71	0.841	0.747
6744.000000	78	71	0.830	0.753
6750.000000	78	71	0.818	0.760
6756.000000	78	71	0.812	0.759
6762.000000	78	71	0.801	0.759
6768.000000	78	71	0.788	0.762
6774.000000	78	71	0.779	0.763
6780.000000	71	78	0.769	0.764
6786.000000	71	78	0.774	0.743
6792.000000	71	78	0.777	0.717
6798.000000	71	78	0.781	0.690
6804.000000	71	78	0.787	0.658
6810.000000	71	78	0.794	0.611
6816.000000	71	78	0.813	0.542
6822.000000	71	78	0.840	0.450
6828.000000	71	78	0.857	0.335
6834.000000	71	78	0.888	0.170
6840.000000	71	160	0.910	0.095
6846.000000	71	37	0.921	0.083
6852.000000	71	37	0.923	0.088
6858.000000	71	37	0.928	0.090
6864.000000	71	38	0.936	0.091
6870.000000	71	38	0.936	0.100
6876.000000	71	38	0.935	0.111
6882.000000	71	38	0.934	0.118
6888.000000	71	38	0.932	0.126
6894.000000	71	38	0.934	0.135
6900.000000	71	38	0.934	0.146
6906.000000	71	38	0.933	0.153
6912.000000	71	38	0.933	0.159
6918.000000	71	38	0.931	0.164
6924.000000	71	38	0.929	0.167
6930.000000	71	147	0.925	0.168
6936.000000	71	147	0.923	0.179
6942.000000	71	147	0.921	0.188
6948.000000	71	147	0.920	0.200
6954.000000	71	147	0.917	0.214
6960.000000	71	147	0.912	0.224
6966.000000	71	147	0.907	0.232
6972.000000	71	147	0.903	0.240
6978.000000	71	147	0.900	0.250
6984.000000	71	147	0.895	0.260
6990.000000	71	147	0.889	0.267
6996.000000	71	147	0.878	0.277
7002.000000	71	147	0.868	0.294
7008.000000	71	147	0.861	0.304
7014.000000	71	147	0.853	0.317
7020.000000	71	147	0.846	0.328
7026.000000	71	147	0.835	0.336
7032.000000	71	147	0.823	0.345
7038.000000	71	147	0.806	0.353
7044.000000	71	147	0.789	0.366
7050.000000	71	147	0.764	0.381
7056.000000	71	147	0.723	0.398
7062.000000	71	147	0.682	0.410
7068.000000	71	147	0.638	0.423
7074.000000	71	147	0.590	0.443
7080.000000	71	147	0.516	0.470
7086.000000	147	67	0.503	0.444
7092.000000	147	67	0.536	0.478
7098.000000	147	67	0.569	0.514
7104.000000	147	67	0.601	0.553
7110.000000	147	67	0.637	0.584
7116.000000	147	67	0.676	0.618
7122.000000	147	67	0.701	0.645
7128.000000	147	67	0.719	0.665
7134.000000	147	67	0.730	0.703
7140.000000	147	67	0.743	0.726
7146.000000	147	67	0.749	0.740
7152.000000	147	67	0.758	0.745
7158.000000	147	67	0.765	0.746
7164.000000	147	67	0.767	0.746
7170.000000	147	67	0.768	0.752
7176.000000	147	67	0.776	0.757
7182.000000	147	67	0.774	0.764
7188.000000	147	67	0.776	0.768
7194.000000	67	147	0.775	0.771
7200.000000	67	147	0.781	0.770
7206.000000	67	147	0.787	0.769
7212.000000	67	147	0.796	0.764
7218.000000	67	147	0.810	0.757
7224.000000	67	147	0.816	0.755
7230.000000	67	147	0.822	0.749
7236.000000	67	147	0.833	0.743
7242.000000	67	147	0.842	0.742
7248.000000	67	147	0.841	0.745
7254.000000	67	147	0.844	0.745
7260.000000	67	147	0.847	0.744
7266.000000	67	147	0.848	0.746
7272.000000	67	147	0.849	0.747
7278.000000	67	147	0.850	0.747
7284.000000	67	147	0.852	0.743
7290.000000	67	147	0.852	0.740
7296.000000	67	147	0.853	0.733
7302.000000	67	147	0.860	0.721
7308.000000	67	147	0.867	0.709
7314.000000	67	147	0.868	0.698
7320.000000	67	147	0.868	0.683
7326.000000	67	147	0.874	0.666
7332.000000	67	147	0.877	0.653
7338.000000	67	147	0.882	0.629
7344.000000	67	147	0.885	0.600
7350.000000	67	147	0.886	0.564
7356.000000	67	147	0.888	0.525
7362.000000	67	147	0.891	0.471
7368.000000	67	147	0.895	0.409
7374.000000	67	147	0.898	0.342
7380.000000	67	120	0.905	0.305
7386.000000	67	120	0.911	0.328
7392.000000	67	120	0.922	0.351
7398.000000	67	120	0.928	0.376
7404.000000	67	120	0.929	0.411
7410.000000	67	120	0.929	0.437
7416.000000	67	120	0.925	0.458
7422.000000	67	120	0.919	0.479
7428.000000	67	120	0.911	0.500
7434.000000	67	120	0.903	0.514
7440.000000	67	120	0.893	0.527
7446.000000	67	120	0.881	0.548
7452.000000	67	120	0.873	0.562
7458.000000	67	120	0.863	0.574
7464.000000	67	120	0.852	0.583
7470.000000	67	120	0.838	0.593
7476.000000	67	120	0.823	0.602
7482.000000	67	120	0.811	0.614
7488.000000	67	120	0.794	0.623
7494.000000	67	120	0.755	0.644
7500.000000	67	120	0.716	0.667
7506.000000	120	67	0.694	0.668
7512.000000	120	67	0.712	0.616
7518.000000	120	67	0.741	0.526
7524.000000	120	67	0.768	0.438
7530.000000	120	67	0.809	0.317
7536.000000	120	35	0.840	0.184
7542.000000	120	58	0.858	0.189
7548.000000	120	58	0.873	0.193
7554.000000	120	122	0.882	0.195
7560.000000	120	122	0.886	0.214
7566.000000	120	122	0.883	0.234
7572.000000	120	122	0.880	0.255
7578.000000	120	122	0.878	0.278
7584.000000	120	122	0.875	0.296
7590.000000	120	122	0.872	0.321
7596.000000	120	122	0.871	0.340
7602.000000	120	122	0.869	0.363
7608.000000	120	122	0.866	0.385
7614.000000	120	122	0.863	0.408
7620.000000	120	122	0.860	0.431
7626.000000	120	122	0.854	0.453
7632.000000	120	122	0.848	0.472
7638.000000	120	122	0.845	0.494
7644.000000	120	122	0.843	0.508
7650.000000	120	122	0.841	0.516
7656.000000	120	122	0.841	0.520
7662.000000	120	122	0.841	0.531
7668.000000	120	122	0.839	0.546
7674.000000	120	122	0.840	0.558
7680.000000	120	122	0.841	0.573
7686.000000	120	122	0.841	0.592
7692.000000	120	122	0.839	0.610
7698.000000	120	122	0.843	0.628
7704.000000	120	122	0.841	0.645
7710.000000	120	122	0.829	0.672
7716.000000	120	122	0.819	0.695
7722.000000	120	122	0.814	0.721
7728.000000	120	122	0.796	0.754
7734.000000	120	122	0.777	0.774
7740.000000	122	120	0.797	0.752
7746.000000	122	120	0.810	0.738
7752.000000	122	120	0.828	0.708
7758.000000	122	120	0.849	0.683
7764.000000	122	120	0.872	0.649
7770.000000	122	120	0.890	0.605
7776.000000	122	120	0.903	0.554
7782.000000	122	120	0.914	0.489
7788.000000	122	120	0.930	0.378
7794.000000	122	120	0.941	0.255
7800.000000	122	187	0.954	0.152
7806.000000	122	187	0.962	0.154
7812.000000	122	187	0.969	0.157
7818.000000	122	187	0.969	0.164
7824.000000	122	187	0.968	0.172
7830.000000	122	187	0.966	0.175
7836.000000	122	187	0.967	0.180
7842.000000	122	187	0.965	0.193
7848.000000	122	187	0.962	0.216
7854.000000	122	187	0.960	0.243
7860.000000	122	187	0.958	0.266
7866.000000	122	187	0.957	0.294
7872.000000	122	187	0.955	0.329
7878.000000	122	187	0.953	0.370
7884.000000	122	187	0.952	0.407
7890.000000	122	187	0.950	0.446
7896.000000	122	187	0.947	0.481
7902.000000	122	187	0.944	0.511
7908.000000	122	187	0.941	0.535
7914.000000	122	187	0.938	0.554
7920.000000	122	187	0.931	0.582
7926.000000	122	187	0.926	0.599
7932.000000	122	187	0.920	0.615
7938.000000	122	187	0.918	0.631
7944.000000	122	187	0.913	0.644
7950.000000	122	187	0.910	0.655
7956.000000	122	187	0.903	0.672
7962.000000	122	187	0.891	0.689
7968.000000	122	187	0.875	0.706
7974.000000	122	187	0.864	0.718
7980.000000	122	187	0.854	0.733
7986.000000	122	187	0.844	0.748
7992.000000	122	187	0.832	0.766
7998.000000	122	187	0.821	0.778
8004.000000	122	187	0.808	0.786
8010.000000	187	122	0.797	0.791
8016.000000	187	122	0.814	0.769
8022.000000	187	122	0.835	0.739
8028.000000	187	122	0.850	0.715
8034.000000	187	122	0.861	0.682
8040.000000	187	122	0.880	0.629
8046.000000	187	122	0.902	0.565
8052.000000	187	122	0.912	0.495
8058.000000	187	122	0.927	0.376
8064.000000	187	122	0.939	0.228
8070.000000	187	50	0.951	0.105
8076.000000	187	50	0.959	0.112
8082.000000	187	50	0.958	0.122
8088.000000	187	50	0.957	0.131
8094.000000	187	50	0.955	0.137
8100.000000	187	50	0.954	0.144
8106.000000	187	50	0.952	0.155
8112.000000	187	50	0.950	0.170
8118.000000	187	50	0.948	0.189
8124.000000	187	50	0.946	0.205
8130.000000	187	50	0.944	0.217
8136.000000	187	50	0.942	0.228
8142.000000	187	50	0.940	0.242
8148.000000	187	50	0.938	0.250
8154.000000	187	50	0.935	0.261
8160.000000	187	45	0.930	0.277
8166.000000	187	45	0.926	0.299
8172.000000	187	45	0.923	0.322
8178.000000	187	45	0.919	0.343
8184.000000	187	45	0.912	0.355
8190.000000	187	45	0.903	0.371
8196.000000	187	45	0.899	0.383
8202.000000	187	45	0.894	0.395
8208.000000	187	45	0.889	0.404
8214.000000	187	45	0.886	0.412
8220.000000	187	45	0.883	0.422
8226.000000	187	45	0.878	0.433
8232.000000	187	45	0.871	0.451
8238.000000	187	45	0.859	0.471
8244.000000	187	45	0.855	0.480
8250.000000	187	45	0.846	0.493
8256.000000	187	45	0.835	0.511
8262.000000	187	45	0.823	0.525
8268.000000	187	45	0.809	0.540
8274.000000	187	45	0.797	0.554
8280.000000	187	45	0.781	0.566
8286.000000	187	45	0.758	0.583
8292.000000	187	45	0.730	0.602
8298.000000	187	45	0.694	0.626
8304.000000	187	45	0.648	0.647
8310.000000	45	187	0.674	0.586
8316.000000	45	50	0.712	0.552
8322.000000	45	50	0.747	0.594
8328.000000	45	50	0.783	0.628
8334.000000	45	50	0.800	0.651
8340.000000	45	50	0.822	0.669
8346.000000	45	50	0.836	0.670
8352.000000	45	50	0.846	0.667
8358.000000	45	50	0.852	0.660
8364.000000	45	50	0.858	0.656
8370.000000	45	50	0.861	0.654
8376.000000	45	50	0.864	0.651
8382.000000	45	50	0.864	0.648
8388.000000	45	50	0.862	0.645
8394.000000	45	50	0.861	0.645
8400.000000	45	50	0.859	0.641
8406.000000	45	50	0.858	0.638
8412.000000	45	50	0.861	0.631
8418.000000	45	50	0.859	0.629
8424.000000	45	50	0.856	0.631
8430.000000	45	50	0.859	0.627
8436.000000	45	50	0.859	0.623
8442.000000	45	50	0.858	0.619
8448.000000	45	50	0.857	0.616
8454.000000	45	50	0.862	0.609
8460.000000	45	50	0.860	0.604
8466.000000	45	50	0.861	0.597
8472.000000	45	50	0.867	0.588
8478.000000	45	50	0.878	0.572
8484.000000	45	50	0.884	0.557
8490.000000	45	50	0.887	0.542
8496.000000	45	50	0.891	0.523
8502.000000	45	50	0.897	0.493
8508.000000	45	50	0.901	0.452
8514.000000	45	50	0.903	0.410
8520.000000	45	50	0.906	0.372
8526.000000	45	50	0.910	0.315
8532.000000	45	50	0.919	0.221
8538.000000	45	50	0.926	0.141
8544.000000	45	25	0.936	0.127
8550.000000	45	25	0.941	0.112
8556.000000	45	25	0.942	0.098
8562.000000	45	25	0.942	0.088
8568.000000	45	25	0.942	0.085
8574.000000	45	166	0.942	0.085
8580.000000	45	166	0.943	0.082
8586.000000	45	35	0.943	0.085
8592.000000	45	35	0.943	0.093
8598.000000	45	35	0.942	0.103
8604.000000	45	35	0.940	0.113
8610.000000	45	35	0.938	0.122
8616.000000	45	35	0.936	0.129
8622.000000	45	35	0.933	0.134
8628.000000	45	35	0.930	0.142
8634.000000	45	35	0.928	0.151
8640.000000	45	35	0.925	0.163
8646.000000	45	35	0.921	0.173
8652.000000	45	35	0.917	0.186
8658.000000	45	35	0.907	0.201
8664.000000	45	35	0.899	0.218
8670.000000	45	35	0.891	0.236
8676.000000	45	35	0.885	0.251
8682.000000	45	35	0.877	0.267
8688.000000	45	35	0.867	0.277
8694.000000	45	35	0.855	0.283
8700.000000	45	35	0.842	0.295
8706.000000	45	35	0.823	0.315
8712.000000	45	35	0.803	0.340
8718.000000	45	35	0.782	0.360
8724.000000	45	35	0.747	0.381
8730.000000	45	35	0.708	0.404
8736.000000	45	35	0.661	0.428
8742.000000	45	35	0.602	0.467
8748.000000	45	35	0.516	0.506
8754.000000	35	63	0.549	0.422
8760.000000	35	63	0.581	0.468
8766.000000	35	63	0.617	0.513
8772.000000	35	63	0.646	0.583
8778.000000	35	63	0.671	0.645
8784.000000	35	63	0.687	0.677
8790.000000	35	63	0.700	0.700
8796.000000	63	35	0.717	0.711
8802.000000	63	35	0.742	0.717
8808.000000	63	35	0.768	0.717
8814.000000	63	35	0.788	0.715
8820.000000	63	35	0.797	0.720
8826.000000	63	35	0.800	0.722
8832.000000	63	35	0.811	0.728
8838.000000	63	35	0.821	0.729
8844.000000	63	35	0.830	0.726
8850.000000	63	35	0.840	0.729
8856.000000	63	35	0.842	0.733
8862.000000	63	35	0.847	0.732
8868.000000	63	35	0.849	0.733
8874.000000	63	35	0.850	0.737
8880.000000	63	35	0.854	0.733
8886.000000	63	35	0.858	0.731
8892.000000	63	35	0.859	0.731
8898.000000	63	35	0.861	0.732
8904.000000	63	35	0.864	0.731
8910.000000	63	35	0.869	0.729
8916.000000	63	35	0.868	0.726
8922.000000	63	35	0.868	0.727
8928.000000	63	35	0.869	0.726
8934.000000	63	35	0.869	0.723
8940.000000	63	35	0.870	0.722
8946.000000	63	35	0.875	0.721
8952.000000	63	35	0.885	0.714
8958.000000	63	35	0.890	0.707
8964.000000	63	35	0.893	0.700
8970.000000	63	35	0.893	0.695
8976.000000	63	35	0.896	0.687
8982.000000	63	35	0.905	0.671
8988.000000	63	35	0.910	0.658
8994.000000	63	35	0.910	0.649
9000.000000	63	35	0.910	0.639
9006.000000	63	35	0.910	0.629
9012.000000	63	35	0.910	0.617
9018.000000	63	35	0.910	0.603
9024.000000	63	35	0.908	0.581
9030.000000	63	35	0.909	0.546
9036.000000	63	35	0.911	0.511
9042.000000	63	35	0.913	0.464
9048.000000	63	35	0.917	0.403
9054.000000	63	35	0.923	0.305
9060.000000	63	35	0.928	0.205
9066.000000	63	35	0.937	0.113
9072.000000	63	89	0.948	0.087
9078.000000	63	89	0.955	0.090
9084.000000	63	89	0.956	0.094
9090.000000	63	89	0.956	0.098
9096.000000	63	89	0.957	0.102
9102.000000	63	89	0.957	0.106
9108.000000	63	89	0.961	0.111
9114.000000	63	89	0.969	0.116
9120.000000	63	89	0.972	0.122
9126.000000	63	89	0.974	0.134
9132.000000	63	89	0.973	0.143
9138.000000	63	89	0.973	0.152
9144.000000	63	89	0.972	0.165
9150.000000	63	89	0.972	0.178
9156.000000	63	89	0.971	0.189
9162.000000	63	89	0.971	0.206
9168.000000	63	89	0.970	0.218
9174.000000	63	89	0.970	0.228
9180.000000	63	89	0.969	0.243
9186.000000	63	89	0.968	0.258
9192.000000	63	89	0.968	0.272
9198.000000	63	89	0.966	0.302
9204.000000	63	89	0.962	0.334
9210.000000	63	89	0.958	0.372
9216.000000	63	89	0.955	0.416
9222.000000	63	89	0.952	0.463
9228.000000	63	89	0.948	0.516
9234.000000	63	89	0.943	0.576
9240.000000	63	89	0.938	0.630
9246.000000	63	89	0.928	0.667
9252.000000	63	89	0.911	0.700
9258.000000	63	89	0.887	0.737
9264.000000	63	89	0.855	0.772
9270.000000	63	89	0.819	0.806
9276.000000	89	63	0.825	0.786
9282.000000	89	63	0.842	0.748
9288.000000	89	63	0.871	0.687
9294.000000	89	63	0.890	0.601
9300.000000	89	63	0.911	0.484
9306.000000	89	63	0.942	0.324
9312.000000	89	63	0.971	0.138
9318.000000	89	98	0.976	0.099
9324.000000	89	98	0.975	0.104
9330.000000	89	98	0.974	0.110
9336.000000	89	98	0.972	0.121
9342.000000	89	98	0.972	0.132
9348.000000	89	98	0.971	0.141
9354.000000	89	98	0.969	0.149
9360.000000	89	98	0.966	0.160
9366.000000	89	98	0.964	0.171
9372.000000	89	98	0.962	0.176
9378.000000	89	98	0.959	0.187
9384.000000	89	98	0.957	0.197
9390.000000	89	98	0.955	0.207
9396.000000	89	98	0.953	0.224
9402.000000	89	98	0.950	0.242
9408.000000	89	98	0.947	0.264
9414.000000	89	98	0.944	0.288
9420.000000	89	98	0.941	0.308
9426.000000	89	98	0.938	0.328
9432.000000	89	98	0.934	0.347
9438.000000	89	98	0.930	0.364
9444.000000	89	98	0.926	0.386
9450.000000	89	98	0.922	0.410
9456.000000	89	98	0.920	0.427
9462.000000	89	98	0.916	0.442
9468.000000	89	98	0.913	0.447
9474.000000	89	98	0.909	0.455
9480.000000	89	98	0.905	0.460
9486.000000	89	98	0.901	0.462
9492.000000	89	98	0.897	0.469
9498.000000	89	98	0.895	0.475
9504.000000	89	98	0.891	0.481
9510.000000	89	98	0.887	0.487
9516.000000	89	98	0.879	0.495
9522.000000	89	98	0.867	0.507
9528.000000	89	98	0.859	0.521
9534.000000	89	98	0.852	0.532
9540.000000	89	98	0.846	0.545
9546.000000	89	98	0.839	0.566
9552.000000	89	98	0.830	0.588
9558.000000	89	98	0.817	0.607
9564.000000	89	98	0.803	0.633
9570.000000	89	98	0.783	0.656
9576.000000	89	98	0.763	0.671
9582.000000	89	98	0.738	0.690
9588.000000	98	89	0.714	0.712
9594.000000	98	89	0.745	0.676
9600.000000	98	89	0.782	0.619
9606.000000	98	89	0.810	0.552
9612.000000	98	89	0.853	0.432
9618.000000	98	89	0.885	0.280
9624.000000	98	87	0.913	0.242
9630.000000	98	87	0.931	0.255
9636.000000	98	87	0.934	0.263
9642.000000	98	87	0.934	0.273
9648.000000	98	87	0.936	0.287
9654.000000	98	87	0.936	0.300
9660.000000	98	87	0.937	0.313
9666.000000	98	87	0.940	0.322
9672.000000	98	87	0.941	0.330
9678.000000	98	87	0.938	0.341
9684.000000	98	87	0.935	0.350
9690.000000	98	87	0.934	0.354
9696.000000	98	87	0.932	0.359
9702.000000	98	87	0.931	0.372
9708.000000	98	87	0.929	0.392
9714.000000	98	87	0.928	0.403
9720.000000	98	87	0.926	0.408
9726.000000	98	87	0.923	0.412
9732.000000	98	87	0.918	0.417
9738.000000	98	87	0.915	0.420
9744.000000	98	87	0.912	0.422
9750.000000	98	87	0.909	0.426
9756.000000	98	87	0.902	0.435
9762.000000	98	87	0.898	0.445
9768.000000	98	87	0.895	0.453
9774.000000	98	87	0.888	0.466
9780.000000	98	87	0.888	0.472
9786.000000	98	87	0.887	0.478
9792.000000	98	87	0.885	0.484
9798.000000	98	87	0.881	0.491
9804.000000	98	87	0.877	0.499
9810.000000	98	87	0.870	0.506
9816.000000	98	87	0.865	0.519
9822.000000	98	87	0.856	0.531
9828.000000	98	87	0.844	0.545
9834.000000	98	87	0.834	0.564
9840.000000	98	87	0.825	0.569
9846.000000	98	87	0.812	0.573
9852.000000	98	87	0.799	0.579
9858.000000	98	87	0.785	0.586
9864.000000	98	87	0.763	0.594
9870.000000	98	87	0.743	0.602
9876.000000	98	87	0.718	0.610
9882.000000	98	87	0.684	0.622
9888.000000	87	98	0.645	0.629
9894.000000	87	98	0.660	0.572
9900.000000	87	98	0.676	0.488
9906.000000	87	82	0.697	0.498
9912.000000	87	82	0.726	0.539
9918.000000	87	82	0.761	0.583
9924.000000	87	82	0.778	0.623
9930.000000	87	82	0.794	0.647
9936.000000	87	82	0.802	0.656
9942.000000	87	82	0.801	0.676
9948.000000	87	82	0.800	0.684
9954.000000	87	82	0.796	0.684
9960.000000	87	82	0.796	0.684
9966.000000	87	82	0.791	0.686
9972.000000	87	82	0.786	0.689
9978.000000	87	82	0.783	0.694
9984.000000	87	82	0.776	0.699
9990.000000	87	82	0.770	0.700
9996.000000	87	82	0.763	0.704
10002.000000	87	82	0.759	0.711
10008.000000	87	82	0.751	0.716
10014.000000	87	82	0.746	0.716
10020.000000	87	82	0.742	0.718
10026.000000	87	82	0.738	0.724
10032.000000	87	82	0.734	0.733
10038.000000	82	87	0.737	0.727
10044.000000	82	87	0.742	0.720
10050.000000	82	87	0.745	0.710
10056.000000	82	87	0.748	0.703
10062.000000	82	87	0.753	0.691
10068.000000	82	87	0.763	0.673
10074.000000	82	87	0.778	0.654
10080.000000	82	87	0.784	0.633
10086.000000	82	87	0.788	0.604
10092.000000	82	87	0.793	0.570
10098.000000	82	87	0.794	0.537
10104.000000	82	87	0.801	0.493
10110.000000	82	87	0.808	0.451
10116.000000	82	35	0.823	0.399
10122.000000	82	35	0.837	0.423
10128.000000	82	35	0.854	0.453
10134.000000	82	35	0.868	0.493
10140.000000	82	35	0.877	0.522
10146.000000	82	35	0.880	0.549
10152.000000	82	35	0.886	0.586
10158.000000	82	35	0.888	0.617
10164.000000	82	35	0.887	0.630
10170.000000	82	35	0.886	0.645
10176.000000	82	35	0.883	0.664
10182.000000	82	35	0.873	0.679
10188.000000	82	35	0.871	0.690
10194.000000	82	35	0.869	0.704
10200.000000	82	35	0.866	0.709
10206.000000	82	35	0.862	0.713
10212.000000	82	35	0.853	0.723
10218.000000	82	35	0.843	0.727
10224.000000	82	35	0.835	0.733
10230.000000	82	35	0.826	0.736
10236.000000	82	35	0.817	0.740
10242.000000	82	35	0.812	0.741
10248.000000	82	35	0.811	0.743
10254.000000	82	35	0.807	0.745
10260.000000	82	35	0.799	0.746
10266.000000	82	35	0.789	0.747
10272.000000	82	35	0.779	0.748
10278.000000	82	35	0.759	0.747
10284.000000	35	82	0.752	0.733
10290.000000	35	82	0.759	0.698
10296.000000	35	82	0.762	0.669
10302.000000	35	82	0.769	0.635
10308.000000	35	82	0.793	0.574
10314.000000	35	82	0.817	0.509
10320.000000	35	82	0.834	0.432
10326.000000	35	82	0.865	0.315
10332.000000	35	82	0.898	0.175
10338.000000	35	167	0.922	0.133
10344.000000	35	33	0.932	0.124
10350.000000	35	33	0.935	0.116
10356.000000	35	33	0.937	0.107
10362.000000	35	33	0.938	0.100
10368.000000	35	173	0.940	0.095
10374.000000	35	173	0.945	0.093
10380.000000	35	173	0.948	0.090
10386.000000	35	173	0.948	0.086
10392.000000	35	122	0.948	0.081
10398.000000	35	122	0.948	0.082
10404.000000	35	122	0.945	0.086
10410.000000	35	122	0.943	0.091
10416.000000	35	122	0.942	0.097
10422.000000	35	122	0.942	0.104
10428.000000	35	122	0.942	0.108
10434.000000	35	122	0.940	0.114
10440.000000	35	122	0.938	0.119
10446.000000	35	122	0.936	0.125
10452.000000	35	122	0.937	0.131
10458.000000	35	122	0.936	0.138
10464.000000	35	122	0.934	0.144
10470.000000	35	122	0.935	0.148
10476.000000	35	122	0.934	0.154
10482.000000	35	122	0.932	0.159
10488.000000	35	122	0.931	0.166
10494.000000	35	122	0.929	0.173
10500.000000	35	122	0.926	0.178
10506.000000	35	122	0.921	0.183
10512.000000	35	122	0.917	0.190
10518.000000	35	122	0.915	0.196
10524.000000	35	122	0.912	0.204
10530.000000	35	122	0.907	0.214
10536.000000	35	122	0.904	0.219
10542.000000	35	122	0.900	0.225
10548.000000	35	122	0.896	0.230
10554.000000	35	194	0.891	0.246
10560.000000	35	194	0.884	0.262
10566.000000	35	194	0.875	0.288
10572.000000	35	194	0.868	0.313
10578.000000	35	194	0.859	0.336
10584.000000	35	194	0.849	0.367
10590.000000	35	194	0.839	0.394
10596.000000	35	194	0.826	0.418
10602.000000	35	194	0.807	0.445
10608.000000	35	194	0.775	0.483
10614.000000	35	194	0.735	0.529
10620.000000	35	194	0.690	0.581
10626.000000	194	35	0.633	0.626
10632.000000	194	35	0.691	0.530
10638.000000	194	35	0.743	0.408
10644.000000	194	122	0.790	0.317
10650.000000	194	122	0.826	0.333
10656.000000	194	122	0.852	0.352
10662.000000	194	122	0.869	0.370
10668.000000	194	122	0.874	0.389
10674.000000	194	122	0.877	0.397
10680.000000	194	122	0.880	0.404
10686.000000	194	122	0.885	0.415
10692.000000	194	122	0.886	0.431
10698.000000	194	122	0.884	0.441
10704.000000	194	122	0.881	0.449
10710.000000	194	122	0.879	0.454
10716.000000	194	122	0.877	0.455
10722.000000	194	122	0.876	0.458
10728.000000	194	122	0.876	0.462
10734.000000	194	122	0.878	0.470
10740.000000	194	122	0.878	0.479
10746.000000	194	122	0.877	0.481
10752.000000	194	122	0.877	0.484
10758.000000	194	122	0.876	0.487
10764.000000	194	122	0.876	0.491
10770.000000	194	122	0.875	0.495
10776.000000	194	122	0.875	0.496
10782.000000	194	122	0.880	0.494
10788.000000	194	122	0.883	0.494
10794.000000	194	122	0.884	0.499
10800.000000	194	122	0.883	0.502
10806.000000	194	122	0.882	0.498
10812.000000	194	122	0.881	0.498
10818.000000	194	122	0.880	0.499
10824.000000	194	122	0.879	0.500
10830.000000	194	122	0.877	0.503
10836.000000	194	122	0.877	0.499
10842.000000	194	122	0.881	0.495
10848.000000	194	122	0.882	0.491
10854.000000	194	122	0.883	0.486
10860.000000	194	122	0.881	0.475
10866.000000	194	122	0.882	0.466
10872.000000	194	122	0.885	0.457
10878.000000	194	122	0.885	0.450
10884.000000	194	122	0.880	0.434
10890.000000	194	122	0.878	0.408
10896.000000	194	122	0.877	0.377
10902.000000	194	122	0.875	0.339
10908.000000	194	122	0.874	0.293
10914.000000	194	122	0.872	0.239
10920.000000	194	122	0.869	0.190
10926.000000	194	117	0.866	0.165
10932.000000	194	184	0.860	0.170
10938.000000	194	117	0.860	0.177
10944.000000	194	117	0.857	0.187
10950.000000	194	117	0.849	0.197
10956.000000	194	184	0.836	0.216
10962.000000	194	184	0.824	0.236
10968.000000	194	184	0.809	0.250
10974.000000	194	184	0.798	0.263
10980.000000	194	184	0.788	0.279
10986.000000	194	184	0.776	0.305
10992.000000	194	184	0.761	0.331
10998.000000	194	184	0.746	0.351
11004.000000	194	184	0.723	0.372
11010.000000	194	184	0.691	0.394
11016.000000	194	184	0.639	0.427
11022.000000	194	184	0.571	0.465
11028.000000	184	194	0.498	0.486
11034.000000	184	194	0.526	0.370
11040.000000	184	117	0.565	0.247
11046.000000	184	117	0.600	0.238
11052.000000	184	117	0.636	0.228
11058.000000	184	117	0.662	0.218
11064.000000	184	117	0.678	0.220
11070.000000	184	117	0.685	0.218
11076.000000	184	117	0.701	0.213
11082.000000	184	117	0.715	0.213
11088.000000	184	117	0.724	0.211
11094.000000	184	117	0.732	0.213
11100.000000	184	117	0.743	0.214
11106.000000	184	117	0.748	0.214
11112.000000	184	117	0.754	0.209
11118.000000	184	117	0.761	0.202
11124.000000	184	117	0.772	0.190
11130.000000	184	117	0.778	0.184
11136.000000	184	8	0.780	0.185
11142.000000	184	8	0.784	0.183
11148.000000	184	112	0.794	0.184
11154.000000	184	112	0.799	0.187
11160.000000	184	112	0.811	0.188
11166.000000	184	112	0.821	0.189
11172.000000	184	112	0.828	0.190
11178.000000	184	112	0.839	0.190
11184.000000	184	112	0.852	0.186
11190.000000	184	112	0.854	0.187
11196.000000	184	53	0.856	0.190
11202.000000	184	53	0.864	0.191
11208.000000	184	53	0.876	0.195
11214.000000	184	53	0.883	0.207
11220.000000	184	53	0.886	0.214
11226.000000	184	53	0.889	0.216
11232.000000	184	53	0.900	0.214
11238.000000	184	53	0.910	0.220
11244.000000	184	53	0.913	0.226
11250.000000	184	53	0.915	0.230
11256.000000	184	53	0.918	0.231
11262.000000	184	53	0.917	0.235
11268.000000	184	53	0.918	0.240
11274.000000	184	53	0.919	0.240
11280.000000	184	53	0.922	0.243
11286.000000	184	53	0.923	0.254
11292.000000	184	53	0.925	0.261
11298.000000	184	53	0.926	0.266
11304.000000	184	53	0.927	0.271
11310.000000	184	53	0.929	0.275
11316.000000	184	53	0.930	0.279
11322.000000	184	53	0.931	0.280
11328.000000	184	53	0.935	0.276
11334.000000	184	53	0.936	0.269
11340.000000	184	53	0.937	0.261
11346.000000	184	53	0.941	0.255
11352.000000	184	53	0.942	0.251
11358.000000	184	53	0.942	0.244
11364.000000	184	53	0.943	0.239
11370.000000	184	53	0.943	0.237
11376.000000	184	53	0.944	0.234
11382.000000	184	53	0.945	0.225
11388.000000	184	53	0.947	0.210
11394.000000	184	53	0.949	0.192
11400.000000	184	53	0.953	0.177
11406.000000	184	53	0.954	0.163
11412.000000	184	53	0.955	0.149
11418.000000	184	53	0.956	0.136
11424.000000	184	53	0.956	0.120
11430.000000	184	53	0.957	0.103
11436.000000	184	53	0.958	0.090
11442.000000	184	172	0.959	0.091
11448.000000	184	172	0.959	0.096
11454.000000	184	172	0.960	0.097
11460.000000	184	172	0.961	0.093
11466.000000	184	172	0.962	0.092
11472.000000	184	172	0.962	0.096
11478.000000	184	172	0.961	0.098
11484.000000	184	172	0.960	0.100
11490.000000	184	172	0.960	0.101
11496.000000	184	172	0.960	0.100
11502.000000	184	172	0.960	0.102
11508.000000	184	172	0.960	0.101
11514.000000	184	172	0.960	0.100
11520.000000	184	172	0.961	0.099
11526.000000	184	172	0.962	0.100
11532.000000	184	172	0.961	0.100
11538.000000	184	172	0.961	0.099
11544.000000	184	172	0.960	0.097
11550.000000	184	172	0.959	0.096
11556.000000	184	172	0.957	0.096
11562.000000	184	172	0.956	0.092
11568.000000	184	172	0.955	0.088
11574.000000	184	172	0.958	0.085
11580.000000	184	17	0.960	0.084
11586.000000	184	17	0.959	0.086
11592.000000	184	17	0.959	0.087
11598.000000	184	17	0.959	0.086
11604.000000	184	17	0.960	0.084
11610.000000	184	17	0.960	0.084
11616.000000	184	17	0.960	0.083
11622.000000	184	17	0.960	0.083
11628.000000	184	17	0.960	0.082
11634.000000	184	17	0.960	0.080
11640.000000	184	17	0.960	0.079
11646.000000	184	17	0.960	0.080
11652.000000	184	17	0.961	0.080
11658.000000	184	17	0.961	0.082
11664.000000	184	17	0.959	0.084
11670.000000	184	17	0.956	0.083
11676.000000	184	17	0.955	0.080
11682.000000	184	17	0.954	0.074
11688.000000	184	17	0.954	0.067
11694.000000	184	17	0.952	0.060
11700.000000	184	17	0.952	0.053
11706.000000	184	17	0.952	0.047
11712.000000	184	132	0.952	0.041
11718.000000	184	132	0.952	0.040
11724.000000	184	132	0.951	0.041
11730.000000	184	132	0.949	0.042
11736.000000	184	132	0.949	0.042
11742.000000	184	132	0.949	0.042
11748.000000	184	132	0.949	0.041
11754.000000	184	132	0.949	0.041
11760.000000	184	132	0.950	0.041
11766.000000	184	132	0.951	0.042
11772.000000	184	132	0.950	0.043
11778.000000	184	132	0.951	0.044
11784.000000	184	132	0.951	0.045
11790.000000	184	132	0.951	0.047
11796.000000	184	132	0.949	0.048
11802.000000	184	132	0.946	0.050
11808.000000	184	132	0.942	0.052
11814.000000	184	132	0.940	0.052
11820.000000	184	132	0.940	0.053
11826.000000	184	132	0.940	0.054
11832.000000	184	132	0.939	0.054
11838.000000	184	132	0.938	0.053
11844.000000	184	132	0.938	0.052
11850.000000	184	132	0.941	0.052
11856.000000	184	132	0.942	0.053
11862.000000	184	132	0.944	0.053
11868.000000	184	132	0.946	0.053
11874.000000	184	132	0.947	0.053
11880.000000	184	132	0.948	0.053
11886.000000	184	132	0.948	0.055
11892.000000	184	132	0.948	0.055
11898.000000	184	132	0.948	0.055
11904.000000	184	132	0.948	0.053
11910.000000	184	132	0.948	0.050
11916.000000	184	132	0.949	0.049
11922.000000	184	132	0.951	0.048
11928.000000	184	132	0.953	0.046
11934.000000	184	132	0.956	0.045
11940.000000	184	9	0.960	0.043
11946.000000	184	9	0.964	0.043
11952.000000	184	9	0.968	0.043
11958.000000	184	129	0.972	0.043
11964.000000	184	129	0.975	0.044
11970.000000	184	129	0.978	0.045
11976.000000	184	129	0.978	0.046
11982.000000	184	129	0.978	0.046
11988.000000	184	129	0.978	0.046
11994.000000	184	129	0.978	0.046
12000.000000	184	129	0.978	0.046
12006.000000	184	129	0.978	0.046
12012.000000	184	129	0.977	0.047
12018.000000	184	129	0.977	0.047
12024.000000	184	129	0.977	0.048
12030.000000	184	129	0.977	0.050
12036.000000	184	129	0.977	0.050
12042.000000	184	129	0.977	0.050
12048.000000	184	129	0.977	0.049
12054.000000	184	129	0.976	0.047
12060.000000	184	129	0.976	0.046
12066.000000	184	129	0.976	0.047
12072.000000	184	129	0.976	0.047
12078.000000	184	129	0.976	0.046
12084.000000	184	129	0.977	0.045
12090.000000	184	129	0.978	0.044
12096.000000	184	129	0.977	0.043
12102.000000	184	129	0.976	0.042
12108.000000	184	76	0.975	0.043
12114.000000	184	76	0.974	0.045
12120.000000	184	76	0.972	0.045
12126.000000	184	76	0.971	0.045
12132.000000	184	76	0.971	0.043
12138.000000	184	76	0.971	0.042
12144.000000	184	76	0.970	0.043
12150.000000	184	76	0.970	0.043
12156.000000	184	76	0.970	0.045
12162.000000	184	76	0.969	0.045
12168.000000	184	76	0.969	0.045
12174.000000	184	76	0.968	0.045
12180.000000	184	76	0.967	0.044
12186.000000	184	76	0.964	0.042
12192.000000	184	76	0.962	0.041
12198.000000	184	76	0.961	0.039
12204.000000	184	129	0.961	0.038
12210.000000	184	76	0.960	0.037
12216.000000	184	76	0.958	0.037
12222.000000	184	76	0.958	0.037
12228.000000	184	76	0.957	0.036
12234.000000	184	129	0.957	0.036
12240.000000	184	129	0.957	0.036
12246.000000	184	129	0.957	0.036
12252.000000	184	129	0.956	0.036
12258.000000	184	129	0.955	0.037
12264.000000	184	129	0.957	0.037
12270.000000	184	129	0.959	0.037
12276.000000	184	129	0.959	0.037
12282.000000	184	129	0.959	0.037
12288.000000	184	129	0.959	0.037
12294.000000	184	129	0.959	0.037
12300.000000	184	129	0.959	0.037
12306.000000	184	129	0.958	0.037
12312.000000	184	129	0.958	0.037
12318.000000	184	129	0.956	0.037
12324.000000	184	129	0.954	0.037
12330.000000	184	129	0.953	0.037
12336.000000	184	129	0.954	0.038
12342.000000	184	129	0.953	0.038
12348.000000	184	129	0.951	0.038
12354.000000	184	129	0.950	0.038
12360.000000	184	129	0.951	0.038
12366.000000	184	129	0.953	0.038
12372.000000	184	129	0.954	0.038
12378.000000	184	129	0.953	0.038
12384.000000	184	129	0.952	0.038
12390.000000	184	129	0.952	0.038
12396.000000	184	129	0.954	0.038
12402.000000	184	129	0.956	0.038
12408.000000	184	129	0.955	0.039
12414.000000	184	129	0.952	0.041
12420.000000	184	129	0.950	0.044
12426.000000	184	129	0.950	0.046
12432.000000	184	129	0.950	0.047
12438.000000	184	129	0.951	0.048
12444.000000	184	129	0.951	0.050
12450.000000	184	129	0.950	0.053
12456.000000	184	129	0.947	0.056
12462.000000	184	129	0.944	0.060
12468.000000	184	129	0.941	0.063
12474.000000	184	129	0.940	0.064
12480.000000	184	129	0.941	0.065
12486.000000	184	129	0.942	0.068
12492.000000	184	129	0.941	0.070
12498.000000	184	129	0.941	0.073
12504.000000	184	129	0.940	0.078
12510.000000	184	129	0.940	0.084
12516.000000	184	129	0.939	0.087
12522.000000	184	129	0.939	0.088
12528.000000	184	129	0.940	0.089
12534.000000	184	129	0.942	0.092
12540.000000	184	129	0.944	0.096
12546.000000	184	129	0.943	0.101
12552.000000	184	129	0.943	0.106
12558.000000	184	129	0.941	0.110
12564.000000	184	129	0.937	0.115
12570.000000	184	129	0.932	0.119
12576.000000	184	129	0.924	0.126
12582.000000	184	129	0.918	0.135
12588.000000	184	129	0.911	0.142
12594.000000	184	129	0.905	0.148
12600.000000	184	129	0.896	0.156
12606.000000	184	129	0.882	0.167
12612.000000	184	129	0.863	0.180
12618.000000	184	129	0.848	0.198
12624.000000	184	129	0.831	0.222
12630.000000	184	129	0.801	0.250
12636.000000	184	129	0.757	0.287
12642.000000	184	129	0.695	0.331
12648.000000	184	129	0.596	0.398
12654.000000	129	184	0.489	0.451
12660.000000	129	132	0.609	0.502
12666.000000	129	132	0.716	0.602
12672.000000	129	132	0.777	0.661
12678.000000	129	132	0.814	0.687
12684.000000	129	132	0.820	0.694
12690.000000	129	132	0.819	0.705
12696.000000	129	132	0.817	0.717
12702.000000	129	132	0.819	0.730
12708.000000	129	132	0.818	0.739
12714.000000	129	132	0.813	0.748
12720.000000	129	132	0.813	0.748
12726.000000	129	132	0.808	0.747
12732.000000	129	132	0.799	0.749
12738.000000	129	132	0.794	0.748
12744.000000	129	132	0.792	0.747
12750.000000	129	132	0.792	0.747
12756.000000	129	132	0.792	0.748
12762.000000	129	132	0.793	0.748
12768.000000	129	132	0.793	0.749
12774.000000	129	132	0.792	0.752
12780.000000	129	132	0.791	0.752
12786.000000	129	132	0.788	0.753
12792.000000	129	132	0.784	0.755
12798.000000	129	132	0.783	0.751
12804.000000	129	132	0.783	0.751
12810.000000	129	132	0.787	0.746
12816.000000	129	132	0.785	0.750
12822.000000	129	132	0.783	0.750
12828.000000	129	132	0.782	0.750
12834.000000	129	132	0.781	0.752
12840.000000	129	132	0.778	0.756
12846.000000	129	132	0.778	0.757
12852.000000	129	132	0.779	0.756
12858.000000	129	132	0.783	0.752
12864.000000	129	132	0.783	0.748
12870.000000	129	132	0.784	0.742
12876.000000	129	132	0.784	0.738
12882.000000	129	132	0.783	0.736
12888.000000	129	132	0.775	0.742
12894.000000	129	132	0.771	0.742
12900.000000	129	132	0.766	0.741
12906.000000	129	132	0.763	0.742
12912.000000	129	132	0.763	0.743
12918.000000	129	132	0.756	0.748
12924.000000	132	129	0.750	0.746
12930.000000	132	129	0.755	0.738
12936.000000	132	129	0.766	0.733
12942.000000	132	129	0.783	0.717
12948.000000	132	129	0.786	0.709
12954.000000	132	129	0.793	0.696
12960.000000	132	129	0.797	0.677
12966.000000	132	129	0.804	0.657
12972.000000	132	129	0.806	0.635
12978.000000	132	129	0.808	0.608
12984.000000	132	129	0.814	0.573
12990.000000	132	129	0.821	0.522
12996.000000	132	129	0.826	0.455
13002.000000	132	129	0.843	0.356
13008.000000	132	129	0.853	0.227
13014.000000	132	129	0.871	0.108
13020.000000	132	77	0.898	0.054
13026.000000	132	102	0.918	0.056
13032.000000	132	102	0.933	0.058
13038.000000	132	102	0.942	0.061
13044.000000	132	102	0.945	0.064
13050.000000	132	102	0.945	0.068
13056.000000	132	102	0.946	0.073
13062.000000	132	102	0.947	0.077
13068.000000	132	102	0.946	0.082
13074.000000	132	102	0.945	0.087
13080.000000	132	102	0.944	0.093
13086.000000	132	102	0.944	0.102
13092.000000	132	102	0.944	0.109
13098.000000	132	102	0.945	0.115
13104.000000	132	102	0.944	0.124
13110.000000	132	102	0.944	0.135
13116.000000	132	102	0.942	0.146
13122.000000	132	102	0.940	0.159
13128.000000	132	102	0.940	0.169
13134.000000	132	102	0.939	0.178
13140.000000	132	102	0.940	0.195
13146.000000	132	102	0.938	0.215
13152.000000	132	102	0.934	0.241
13158.000000	132	102	0.931	0.276
13164.000000	132	102	0.928	0.317
13170.000000	132	102	0.927	0.358
13176.000000	132	102	0.923	0.412
13182.000000	132	102	0.917	0.472
13188.000000	132	102	0.910	0.520
13194.000000	132	102	0.894	0.574
13200.000000	132	102	0.872	0.617
13206.000000	132	102	0.852	0.663
13212.000000	132	102	0.831	0.691
13218.000000	132	102	0.798	0.721
13224.000000	132	102	0.763	0.746
13230.000000	102	132	0.771	0.713
13236.000000	102	132	0.790	0.641
13242.000000	102	132	0.823	0.556
13248.000000	102	132	0.869	0.418
13254.000000	102	132	0.902	0.256
13260.000000	102	83	0.926	0.183
13266.000000	102	83	0.942	0.186
13272.000000	102	83	0.945	0.195
13278.000000	102	83	0.944	0.212
13284.000000	102	83	0.944	0.234
13290.000000	102	83	0.943	0.256
13296.000000	102	83	0.940	0.270
13302.000000	102	83	0.936	0.288
13308.000000	102	83	0.932	0.305
13314.000000	102	83	0.930	0.321
13320.000000	102	83	0.928	0.342
13326.000000	102	83	0.926	0.354
13332.000000	102	83	0.924	0.361
13338.000000	102	83	0.922	0.369
13344.000000	102	83	0.921	0.379
13350.000000	102	83	0.918	0.394
13356.000000	102	83	0.916	0.405
13362.000000	102	83	0.911	0.420
13368.000000	102	83	0.909	0.424
13374.000000	102	83	0.906	0.433
13380.000000	102	83	0.898	0.444
13386.000000	102	83	0.890	0.449
13392.000000	102	83	0.882	0.456
13398.000000	102	83	0.883	0.459
13404.000000	102	83	0.882	0.465
13410.000000	102	83	0.882	0.468
13416.000000	102	83	0.882	0.474
13422.000000	102	83	0.881	0.480
13428.000000	102	83	0.881	0.481
13434.000000	102	83	0.879	0.482
13440.000000	102	83	0.878	0.483
13446.000000	102	83	0.874	0.488
13452.000000	102	83	0.870	0.498
13458.000000	102	83	0.862	0.498
13464.000000	102	83	0.855	0.501
13470.000000	102	83	0.849	0.509
13476.000000	102	83	0.844	0.521
13482.000000	102	83	0.837	0.532
13488.000000	102	83	0.834	0.540
13494.000000	102	83	0.826	0.552
13500.000000	102	83	0.815	0.563
13506.000000	102	83	0.803	0.584
13512.000000	102	83	0.788	0.608
13518.000000	102	83	0.769	0.624
13524.000000	102	83	0.754	0.637
13530.000000	102	83	0.733	0.643
13536.000000	102	83	0.706	0.654
13542.000000	102	83	0.680	0.663
13548.000000	83	102	0.678	0.635
13554.000000	83	82	0.698	0.594
13560.000000	83	82	0.714	0.624
13566.000000	83	82	0.745	0.674
13572.000000	83	82	0.780	0.736
13578.000000	83	82	0.804	0.780
13584.000000	83	82	0.829	0.798
13590.000000	83	82	0.834	0.811
13596.000000	83	82	0.833	0.822
13602.000000	83	82	0.834	0.827
13608.000000	83	82	0.831	0.831
13614.000000	82	83	0.831	0.827
13620.000000	82	83	0.830	0.823
13626.000000	82	83	0.833	0.821
13632.000000	82	83	0.835	0.819
13638.000000	82	83	0.832	0.822
13644.000000	82	83	0.831	0.823
13650.000000	82	83	0.829	0.827
13656.000000	82	83	0.830	0.829
13662.000000	82	83	0.833	0.829
13668.000000	82	83	0.834	0.831
13674.000000	83	82	0.835	0.829
13680.000000	83	82	0.839	0.824
13686.000000	83	82	0.842	0.820
13692.000000	83	82	0.844	0.817
13698.000000	83	82	0.843	0.817
13704.000000	83	82	0.842	0.817
13710.000000	83	82	0.841	0.818
13716.000000	83	82	0.838	0.820
13722.000000	83	82	0.834	0.823
13728.000000	83	82	0.832	0.823
13734.000000	82	83	0.826	0.826
13740.000000	82	83	0.826	0.823
13746.000000	82	83	0.825	0.824
13752.000000	83	82	0.824	0.824
13758.000000	82	83	0.822	0.822
13764.000000	82	83	0.824	0.818
13770.000000	82	83	0.826	0.815
13776.000000	82	83	0.826	0.814
13782.000000	82	83	0.832	0.805
13788.000000	82	83	0.831	0.802
13794.000000	82	83	0.829	0.800
13800.000000	82	83	0.828	0.797
13806.000000	82	83	0.827	0.791
13812.000000	82	83	0.825	0.783
13818.000000	82	83	0.823	0.772
13824.000000	82	83	0.826	0.758
13830.000000	82	83	0.827	0.744
13836.000000	82	83	0.827	0.734
13842.000000	82	83	0.825	0.718
13848.000000	82	83	0.825	0.689
13854.000000	82	83	0.821	0.653
13860.000000	82	83	0.823	0.612
13866.000000	82	83	0.826	0.553
13872.000000	82	83	0.831	0.454
13878.000000	82	83	0.844	0.302
13884.000000	82	83	0.863	0.134
13890.000000	82	18	0.877	0.102
13896.000000	82	18	0.899	0.106
13902.000000	82	18	0.907	0.112
13908.000000	82	18	0.910	0.116
13914.000000	82	18	0.915	0.123
13920.000000	82	18	0.919	0.133
13926.000000	82	18	0.922	0.140
13932.000000	82	18	0.923	0.147
13938.000000	82	18	0.924	0.154
13944.000000	82	18	0.921	0.161
13950.000000	82	18	0.919	0.167
13956.000000	82	18	0.917	0.171
13962.000000	82	18	0.916	0.174
13968.000000	82	18	0.913	0.178
13974.000000	82	18	0.909	0.181
13980.000000	82	165	0.904	0.184
13986.000000	82	165	0.899	0.193
13992.000000	82	165	0.890	0.202
13998.000000	82	165	0.880	0.211
14004.000000	82	165	0.869	0.223
14010.000000	82	165	0.858	0.239
14016.000000	82	165	0.843	0.255
14022.000000	82	165	0.825	0.275
14028.000000	82	165	0.804	0.301
14034.000000	82	165	0.776	0.318
14040.000000	82	165	0.736	0.333
14046.000000	82	165	0.691	0.348
14052.000000	82	165	0.635	0.365
14058.000000	82	165	0.562	0.389
14064.000000	82	165	0.470	0.413
14070.000000	165	82	0.449	0.366
14076.000000	165	167	0.478	0.396
14082.000000	165	167	0.498	0.426
14088.000000	165	167	0.527	0.441
14094.000000	165	167	0.550	0.468
14100.000000	165	167	0.561	0.490
14106.000000	165	167	0.566	0.504
14112.000000	165	167	0.574	0.511
14118.000000	165	167	0.581	0.518
14124.000000	165	167	0.586	0.528
14130.000000	165	167	0.587	0.538
14136.000000	165	167	0.583	0.549
14142.000000	165	167	0.583	0.557
14148.000000	165	167	0.586	0.565
14154.000000	165	167	0.591	0.572
14160.000000	165	167	0.592	0.572
14166.000000	165	167	0.596	0.571
14172.000000	165	167	0.605	0.569
14178.000000	165	167	0.606	0.577
14184.000000	165	167	0.606	0.584
14190.000000	165	167	0.606	0.587
14196.000000	165	167	0.607	0.591
14202.000000	165	167	0.606	0.600
14208.000000	165	167	0.609	0.601
14214.000000	165	167	0.615	0.608
14220.000000	165	167	0.618	0.615
14226.000000	165	167	0.624	0.621
14232.000000	165	167	0.632	0.624
14238.000000	165	167	0.633	0.628
14244.000000	165	167	0.638	0.634
14250.000000	165	167	0.641	0.637
14256.000000	165	167	0.649	0.638
14262.000000	165	167	0.642	0.642
14268.000000	167	165	0.648	0.635
14274.000000	167	165	0.654	0.637
14280.000000	167	165	0.661	0.633
14286.000000	167	165	0.665	0.631
14292.000000	167	165	0.669	0.630
14298.000000	167	165	0.672	0.632
14304.000000	167	165	0.672	0.631
14310.000000	167	165	0.676	0.623
14316.000000	167	165	0.693	0.615
14322.000000	167	165	0.702	0.607
14328.000000	167	165	0.711	0.592
14334.000000	167	165	0.722	0.568
14340.000000	167	165	0.732	0.540
14346.000000	167	165	0.738	0.504
14352.000000	167	165	0.743	0.464
14358.000000	167	165	0.750	0.401
14364.000000	167	165	0.765	0.339
14370.000000	167	165	0.782	0.276
14376.000000	167	165	0.796	0.200
14382.000000	167	165	0.812	0.141
14388.000000	167	20	0.828	0.141
14394.000000	167	20	0.844	0.145
14400.000000	167	20	0.862	0.149
14406.000000	167	20	0.876	0.150
14412.000000	167	20	0.886	0.148
14418.000000	167	20	0.895	0.149
14424.000000	167	20	0.900	0.150
14430.000000	167	20	0.903	0.152
14436.000000	167	20	0.907	0.158
14442.000000	167	20	0.909	0.166
14448.000000	167	20	0.914	0.176
14454.000000	167	20	0.919	0.186
14460.000000	167	20	0.924	0.191
14466.000000	167	20	0.929	0.195
14472.000000	167	20	0.930	0.196
14478.000000	167	20	0.930	0.200
14484.000000	167	20	0.930	0.206
14490.000000	167	20	0.931	0.213
14496.000000	167	20	0.929	0.217
14502.000000	167	20	0.928	0.223
14508.000000	167	20	0.926	0.232
14514.000000	167	20	0.925	0.241
14520.000000	167	20	0.925	0.248
14526.000000	167	20	0.923	0.258
14532.000000	167	20	0.920	0.268
14538.000000	167	20	0.920	0.280
14544.000000	167	20	0.918	0.294
14550.000000	167	20	0.917	0.306
14556.000000	167	20	0.916	0.320
14562.000000	167	20	0.908	0.338
14568.000000	167	20	0.901	0.354
14574.000000	167	20	0.897	0.375
14580.000000	167	20	0.893	0.405
14586.000000	167	20	0.889	0.436
14592.000000	167	20	0.883	0.466
14598.000000	167	20	0.874	0.504
14604.000000	167	20	0.865	0.542
14610.000000	167	20	0.853	0.574
14616.000000	167	20	0.840	0.600
14622.000000	167	20	0.828	0.630
14628.000000	167	20	0.806	0.653
14634.000000	167	20	0.765	0.699
14640.000000	20	167	0.736	0.732
14646.000000	20	167	0.766	0.692
14652.000000	20	167	0.812	0.625
14658.000000	20	167	0.853	0.543
14664.000000	20	167	0.896	0.421
14670.000000	20	167	0.929	0.256
14676.000000	20	187	0.956	0.122
14682.000000	20	187	0.963	0.110
14688.000000	20	187	0.964	0.106
14694.000000	20	187	0.970	0.094
14700.000000	20	187	0.974	0.087
14706.000000	20	187	0.974	0.084
14712.000000	20	187	0.976	0.079
14718.000000	20	187	0.976	0.075
14724.000000	20	86	0.975	0.077
14730.000000	20	86	0.974	0.080
14736.000000	20	86	0.974	0.080
14742.000000	20	86	0.973	0.079
14748.000000	20	86	0.973	0.077
14754.000000	20	86	0.972	0.075
14760.000000	20	86	0.972	0.072
14766.000000	20	86	0.972	0.070
14772.000000	20	86	0.971	0.069
14778.000000	20	86	0.970	0.068
14784.000000	20	46	0.970	0.068
14790.000000	20	86	0.970	0.067
14796.000000	20	177	0.969	0.068
14802.000000	20	177	0.968	0.072
14808.000000	20	177	0.968	0.073
14814.000000	20	177	0.968	0.073
14820.000000	20	114	0.968	0.075
14826.000000	20	114	0.967	0.077
14832.000000	20	114	0.966	0.079
14838.000000	20	114	0.966	0.080
14844.000000	20	114	0.965	0.083
14850.000000	20	114	0.965	0.085
14856.000000	20	114	0.964	0.088
14862.000000	20	114	0.963	0.089
14868.000000	20	114	0.962	0.089
14874.000000	20	114	0.961	0.089
14880.000000	20	114	0.961	0.089
14886.000000	20	114	0.961	0.088
14892.000000	20	114	0.961	0.088
14898.000000	20	114	0.961	0.086
14904.000000	20	114	0.961	0.087
14910.000000	20	114	0.960	0.085
14916.000000	20	86	0.959	0.084
14922.000000	20	114	0.959	0.083
14928.000000	20	114	0.959	0.082
14934.000000	20	114	0.960	0.079
14940.000000	20	114	0.960	0.077
14946.000000	20	13	0.960	0.074
14952.000000	20	13	0.959	0.076
14958.000000	20	13	0.960	0.076
14964.000000	20	13	0.960	0.074
14970.000000	20	13	0.960	0.073
14976.000000	20	13	0.959	0.070
14982.000000	20	86	0.958	0.068
14988.000000	20	86	0.957	0.068
14994.000000	20	86	0.956	0.068
15000.000000	20	86	0.952	0.068
15006.000000	20	86	0.949	0.070
15012.000000	20	86	0.947	0.069
15018.000000	20	86	0.946	0.067
15024.000000	20	86	0.943	0.064
15030.000000	20	86	0.943	0.062
15036.000000	20	13	0.943	0.060
15042.000000	20	13	0.943	0.060
15048.000000	20	13	0.941	0.058
15054.000000	20	13	0.939	0.055
15060.000000	20	13	0.936	0.054
15066.000000	20	13	0.936	0.054
15072.000000	20	86	0.937	0.053
15078.000000	20	86	0.938	0.053
15084.000000	20	94	0.935	0.054
15090.000000	20	94	0.932	0.057
15096.000000	20	94	0.928	0.061
15102.000000	20	94	0.923	0.066
15108.000000	20	94	0.919	0.068
15114.000000	20	94	0.914	0.069
15120.000000	20	94	0.908	0.069
15126.000000	20	94	0.900	0.070
15132.000000	20	94	0.892	0.072
15138.000000	20	94	0.886	0.073
15144.000000	20	94	0.880	0.072
15150.000000	20	94	0.874	0.072
15156.000000	20	94	0.871	0.074
15162.000000	20	94	0.865	0.076
15168.000000	20	94	0.858	0.077
15174.000000	20	94	0.849	0.079
15180.000000	20	94	0.839	0.080
15186.000000	20	94	0.827	0.083
15192.000000	20	94	0.807	0.085
15198.000000	20	94	0.779	0.087
15204.000000	20	94	0.744	0.086
15210.000000	20	94	0.697	0.082
15216.000000	20	94	0.621	0.077
15222.000000	20	94	0.497	0.074
15228.000000	20	94	0.280	0.073
15234.000000	94	20	0.053	0.045
15240.000000	94	19	0.043	0.026
15246.000000	94	19	0.038	0.026
15252.000000	94	19	0.037	0.024
15258.000000	94	89	0.033	0.022
15264.000000	94	156	0.029	0.020
15270.000000	94	156	0.023	0.019
15276.000000	94	156	0.021	0.019
15282.000000	156	94	0.018	0.018
15288.000000	156	94	0.017	0.015
15294.000000	156	94	0.015	0.011
15300.000000	156	53	0.013	0.008
15306.000000	156	38	0.009	0.008
