0.000000	125	102	0.000	0.000
6.000000	96	105	0.992	0.030
12.000000	96	105	0.992	0.031
18.000000	96	105	0.992	0.031
24.000000	96	105	0.992	0.032
30.000000	96	55	0.990	0.035
36.000000	96	55	0.989	0.038
42.000000	96	55	0.988	0.040
48.000000	96	55	0.986	0.042
54.000000	96	184	0.984	0.047
60.000000	96	184	0.982	0.054
66.000000	96	141	0.979	0.060
72.000000	96	141	0.977	0.067
78.000000	96	141	0.975	0.071
84.000000	96	141	0.972	0.074
90.000000	96	141	0.970	0.080
96.000000	96	141	0.968	0.086
102.000000	96	141	0.965	0.096
108.000000	96	141	0.963	0.104
114.000000	96	141	0.960	0.111
120.000000	96	141	0.958	0.121
126.000000	96	141	0.955	0.128
132.000000	96	141	0.952	0.138
138.000000	96	141	0.950	0.152
144.000000	96	141	0.947	0.169
150.000000	96	141	0.945	0.183
156.000000	96	141	0.942	0.195
162.000000	96	141	0.939	0.207
168.000000	96	141	0.937	0.215
174.000000	96	141	0.934	0.221
180.000000	96	141	0.932	0.225
186.000000	96	141	0.930	0.228
192.000000	96	141	0.927	0.229
198.000000	96	141	0.924	0.230
204.000000	96	141	0.921	0.230
210.000000	96	141	0.920	0.229
216.000000	96	141	0.919	0.227
222.000000	96	141	0.918	0.230
228.000000	96	141	0.917	0.234
234.000000	96	141	0.917	0.239
240.000000	96	141	0.915	0.243
246.000000	96	141	0.914	0.246
252.000000	96	141	0.910	0.247
258.000000	96	162	0.908	0.259
264.000000	96	162	0.906	0.270
270.000000	96	162	0.903	0.280
276.000000	96	162	0.899	0.294
282.000000	96	162	0.898	0.308
288.000000	96	162	0.895	0.320
294.000000	96	162	0.892	0.337
300.000000	96	162	0.888	0.350
306.000000	96	162	0.884	0.366
312.000000	96	162	0.877	0.388
318.000000	96	162	0.873	0.404
324.000000	96	162	0.865	0.424
330.000000	96	162	0.848	0.440
336.000000	96	162	0.833	0.459
342.000000	96	162	0.815	0.477
348.000000	96	162	0.788	0.498
354.000000	96	162	0.756	0.516
360.000000	96	162	0.729	0.533
366.000000	96	162	0.702	0.552
372.000000	96	162	0.666	0.566
378.000000	96	162	0.627	0.594
384.000000	162	96	0.625	0.571
390.000000	162	96	0.663	0.492
396.000000	162	141	0.685	0.411
402.000000	162	141	0.714	0.433
408.000000	162	141	0.743	0.451
414.000000	162	141	0.771	0.476
420.000000	162	141	0.792	0.476
426.000000	162	141	0.804	0.466
432.000000	162	141	0.807	0.463
438.000000	162	141	0.807	0.461
444.000000	162	141	0.814	0.466
450.000000	162	141	0.816	0.464
456.000000	162	141	0.813	0.465
462.000000	162	141	0.810	0.469
468.000000	162	141	0.807	0.468
474.000000	162	141	0.808	0.465
480.000000	162	141	0.809	0.459
486.000000	162	141	0.812	0.452
492.000000	162	141	0.814	0.447
498.000000	162	141	0.813	0.435
504.000000	162	141	0.819	0.421
510.000000	162	141	0.826	0.407
516.000000	162	141	0.828	0.394
522.000000	162	141	0.835	0.376
528.000000	162	141	0.838	0.359
534.000000	162	141	0.839	0.342
540.000000	162	141	0.833	0.324
546.000000	162	141	0.833	0.301
552.000000	162	141	0.833	0.278
558.000000	162	141	0.831	0.263
564.000000	162	164	0.830	0.257
570.000000	162	164	0.829	0.272
576.000000	162	164	0.832	0.289
582.000000	162	164	0.833	0.306
588.000000	162	164	0.832	0.331
594.000000	162	164	0.834	0.351
600.000000	162	164	0.838	0.364
606.000000	162	164	0.833	0.388
612.000000	162	164	0.829	0.407
618.000000	162	164	0.833	0.434
624.000000	162	164	0.833	0.469
630.000000	162	164	0.833	0.493
636.000000	162	164	0.835	0.522
642.000000	162	164	0.834	0.537
648.000000	162	164	0.831	0.546
654.000000	162	164	0.824	0.554
660.000000	162	164	0.821	0.563
666.000000	162	164	0.810	0.581
672.000000	162	164	0.792	0.598
678.000000	162	164	0.776	0.628
684.000000	162	164	0.760	0.656
690.000000	162	164	0.738	0.680
696.000000	162	164	0.721	0.696
702.000000	164	162	0.710	0.701
708.000000	164	162	0.731	0.683
714.000000	164	162	0.755	0.662
720.000000	164	162	0.788	0.622
726.000000	164	162	0.814	0.568
732.000000	164	162	0.831	0.511
738.000000	164	162	0.852	0.440
744.000000	164	162	0.872	0.356
750.000000	164	162	0.881	0.254
756.000000	164	76	0.889	0.224
762.000000	164	76	0.898	0.214
768.000000	164	76	0.901	0.204
774.000000	164	76	0.903	0.205
780.000000	164	76	0.904	0.210
786.000000	164	76	0.909	0.214
792.000000	164	76	0.914	0.208
798.000000	164	76	0.914	0.198
804.000000	164	193	0.913	0.191
810.000000	164	193	0.909	0.195
816.000000	164	193	0.905	0.201
822.000000	164	193	0.900	0.204
828.000000	164	193	0.897	0.207
834.000000	164	193	0.894	0.216
840.000000	164	193	0.893	0.220
846.000000	164	193	0.892	0.222
852.000000	164	193	0.891	0.224
858.000000	164	193	0.891	0.230
864.000000	164	193	0.891	0.242
870.000000	164	193	0.892	0.255
876.000000	164	193	0.891	0.269
882.000000	164	193	0.890	0.280
888.000000	164	193	0.888	0.293
894.000000	164	193	0.887	0.303
900.000000	164	193	0.886	0.316
906.000000	164	193	0.881	0.325
912.000000	164	193	0.879	0.337
918.000000	164	193	0.880	0.349
924.000000	164	193	0.875	0.360
930.000000	164	193	0.872	0.371
936.000000	164	193	0.871	0.381
942.000000	164	193	0.869	0.385
948.000000	164	193	0.865	0.398
954.000000	164	193	0.861	0.410
960.000000	164	193	0.858	0.424
966.000000	164	193	0.853	0.441
972.000000	164	193	0.847	0.454
978.000000	164	193	0.841	0.461
984.000000	164	193	0.838	0.471
990.000000	164	193	0.834	0.484
996.000000	164	193	0.830	0.497
1002.000000	164	193	0.829	0.516
1008.000000	164	193	0.826	0.531
1014.000000	164	193	0.821	0.552
1020.000000	164	193	0.815	0.570
1026.000000	164	193	0.806	0.596
1032.000000	164	193	0.793	0.640
1038.000000	164	193	0.784	0.670
1044.000000	164	193	0.771	0.700
1050.000000	164	193	0.760	0.721
1056.000000	164	193	0.740	0.738
1062.000000	193	164	0.763	0.717
1068.000000	193	164	0.781	0.684
1074.000000	193	164	0.809	0.635
1080.000000	193	164	0.856	0.565
1086.000000	193	164	0.887	0.467
1092.000000	193	164	0.916	0.334
1098.000000	193	164	0.933	0.186
1104.000000	193	84	0.946	0.150
1110.000000	193	84	0.957	0.137
1116.000000	193	84	0.959	0.134
1122.000000	193	84	0.958	0.134
1128.000000	193	84	0.957	0.131
1134.000000	193	84	0.955	0.127
1140.000000	193	84	0.953	0.119
1146.000000	193	84	0.950	0.113
1152.000000	193	94	0.947	0.109
1158.000000	193	166	0.942	0.117
1164.000000	193	166	0.934	0.122
1170.000000	193	94	0.929	0.124
1176.000000	193	94	0.927	0.133
1182.000000	193	94	0.924	0.144
1188.000000	193	94	0.921	0.152
1194.000000	193	94	0.918	0.158
1200.000000	193	94	0.914	0.165
1206.000000	193	140	0.908	0.177
1212.000000	193	140	0.901	0.195
1218.000000	193	140	0.897	0.207
1224.000000	193	140	0.886	0.216
1230.000000	193	140	0.876	0.225
1236.000000	193	140	0.868	0.241
1242.000000	193	140	0.862	0.256
1248.000000	193	140	0.860	0.272
1254.000000	193	140	0.858	0.289
1260.000000	193	140	0.854	0.307
1266.000000	193	140	0.848	0.324
1272.000000	193	140	0.839	0.343
1278.000000	193	140	0.832	0.362
1284.000000	193	140	0.821	0.377
1290.000000	193	140	0.810	0.390
1296.000000	193	140	0.794	0.404
1302.000000	193	140	0.773	0.422
1308.000000	193	140	0.754	0.435
1314.000000	193	140	0.736	0.445
1320.000000	193	140	0.704	0.456
1326.000000	193	140	0.673	0.457
1332.000000	193	140	0.628	0.465
1338.000000	193	140	0.576	0.478
1344.000000	140	193	0.500	0.485
1350.000000	140	166	0.537	0.430
1356.000000	140	166	0.572	0.455
1362.000000	140	166	0.603	0.476
1368.000000	140	166	0.621	0.490
1374.000000	140	166	0.627	0.509
1380.000000	140	166	0.633	0.509
1386.000000	140	166	0.642	0.506
1392.000000	140	166	0.647	0.505
1398.000000	140	166	0.657	0.515
1404.000000	140	166	0.662	0.522
1410.000000	140	166	0.664	0.524
1416.000000	140	166	0.664	0.528
1422.000000	140	166	0.665	0.531
1428.000000	140	166	0.672	0.532
1434.000000	140	166	0.680	0.532
1440.000000	140	166	0.691	0.528
1446.000000	140	166	0.699	0.524
1452.000000	140	166	0.707	0.519
1458.000000	140	166	0.706	0.519
1464.000000	140	166	0.711	0.513
1470.000000	140	166	0.712	0.511
1476.000000	140	166	0.712	0.508
1482.000000	140	166	0.711	0.503
1488.000000	140	166	0.709	0.501
1494.000000	140	166	0.713	0.495
1500.000000	140	166	0.713	0.499
1506.000000	140	73	0.716	0.506
1512.000000	140	73	0.718	0.514
1518.000000	140	73	0.725	0.517
1524.000000	140	73	0.730	0.523
1530.000000	140	73	0.731	0.531
1536.000000	140	73	0.728	0.542
1542.000000	140	73	0.730	0.553
1548.000000	140	73	0.729	0.568
1554.000000	140	73	0.732	0.579
1560.000000	140	73	0.733	0.584
1566.000000	140	73	0.734	0.588
1572.000000	140	73	0.736	0.592
1578.000000	140	73	0.740	0.594
1584.000000	140	73	0.745	0.605
1590.000000	140	73	0.748	0.618
1596.000000	140	73	0.748	0.638
1602.000000	140	73	0.747	0.662
1608.000000	140	73	0.750	0.681
1614.000000	140	73	0.740	0.708
1620.000000	140	73	0.739	0.729
1626.000000	73	140	0.748	0.728
1632.000000	73	140	0.777	0.707
1638.000000	73	140	0.791	0.697
1644.000000	73	140	0.801	0.690
1650.000000	73	140	0.812	0.678
1656.000000	73	140	0.822	0.659
1662.000000	73	140	0.834	0.639
1668.000000	73	140	0.849	0.616
1674.000000	73	140	0.858	0.580
1680.000000	73	140	0.867	0.539
1686.000000	73	140	0.876	0.496
1692.000000	73	140	0.892	0.437
1698.000000	73	140	0.902	0.361
1704.000000	73	140	0.909	0.274
1710.000000	73	140	0.919	0.171
1716.000000	73	71	0.922	0.187
1722.000000	73	71	0.921	0.214
1728.000000	73	71	0.920	0.234
1734.000000	73	71	0.921	0.258
1740.000000	73	71	0.920	0.283
1746.000000	73	71	0.917	0.312
1752.000000	73	71	0.910	0.334
1758.000000	73	71	0.903	0.361
1764.000000	73	71	0.897	0.392
1770.000000	73	71	0.890	0.420
1776.000000	73	71	0.882	0.451
1782.000000	73	71	0.876	0.486
1788.000000	73	71	0.874	0.502
1794.000000	73	71	0.869	0.514
1800.000000	73	71	0.863	0.528
1806.000000	73	71	0.848	0.546
1812.000000	73	71	0.833	0.558
1818.000000	73	71	0.825	0.574
1824.000000	73	71	0.814	0.585
1830.000000	73	71	0.796	0.603
1836.000000	73	71	0.775	0.619
1842.000000	73	71	0.745	0.655
1848.000000	73	71	0.720	0.672
1854.000000	73	71	0.692	0.687
1860.000000	71	73	0.725	0.652
1866.000000	71	73	0.762	0.606
1872.000000	71	73	0.789	0.557
1878.000000	71	73	0.805	0.509
1884.000000	71	73	0.838	0.424
1890.000000	71	73	0.872	0.324
1896.000000	71	73	0.893	0.210
1902.000000	71	175	0.900	0.176
1908.000000	71	175	0.903	0.189
1914.000000	71	175	0.909	0.191
1920.000000	71	175	0.913	0.192
1926.000000	71	175	0.912	0.202
1932.000000	71	175	0.910	0.213
1938.000000	71	175	0.906	0.228
1944.000000	71	175	0.906	0.240
1950.000000	71	175	0.902	0.250
1956.000000	71	175	0.903	0.260
1962.000000	71	175	0.903	0.266
1968.000000	71	175	0.902	0.269
1974.000000	71	175	0.905	0.271
1980.000000	71	175	0.903	0.276
1986.000000	71	175	0.901	0.281
1992.000000	71	175	0.898	0.288
1998.000000	71	175	0.896	0.298
2004.000000	71	175	0.896	0.306
2010.000000	71	175	0.895	0.310
2016.000000	71	175	0.894	0.314
2022.000000	71	175	0.892	0.319
2028.000000	71	175	0.889	0.323
2034.000000	71	175	0.889	0.327
2040.000000	71	175	0.889	0.330
2046.000000	71	175	0.889	0.338
2052.000000	71	175	0.891	0.347
2058.000000	71	175	0.893	0.356
2064.000000	71	175	0.896	0.367
2070.000000	71	175	0.897	0.376
2076.000000	71	175	0.897	0.384
2082.000000	71	175	0.899	0.394
2088.000000	71	175	0.900	0.412
2094.000000	71	175	0.896	0.437
2100.000000	71	175	0.895	0.455
2106.000000	71	175	0.892	0.473
2112.000000	71	175	0.888	0.490
2118.000000	71	175	0.888	0.504
2124.000000	71	175	0.886	0.520
2130.000000	71	175	0.884	0.532
2136.000000	71	175	0.883	0.549
2142.000000	71	175	0.881	0.570
2148.000000	71	175	0.875	0.591
2154.000000	71	175	0.873	0.606
2160.000000	71	175	0.871	0.618
2166.000000	71	175	0.864	0.633
2172.000000	71	175	0.858	0.648
2178.000000	71	175	0.851	0.664
2184.000000	71	175	0.846	0.676
2190.000000	71	175	0.845	0.683
2196.000000	71	175	0.838	0.696
2202.000000	71	175	0.830	0.707
2208.000000	71	175	0.820	0.716
2214.000000	71	175	0.809	0.724
2220.000000	71	175	0.797	0.737
2226.000000	71	175	0.788	0.741
2232.000000	71	175	0.771	0.753
2238.000000	175	71	0.772	0.751
2244.000000	175	71	0.784	0.729
2250.000000	175	71	0.798	0.691
2256.000000	175	71	0.823	0.636
2262.000000	175	71	0.837	0.579
2268.000000	175	71	0.859	0.465
2274.000000	175	71	0.889	0.323
2280.000000	175	71	0.924	0.150
2286.000000	175	51	0.944	0.129
2292.000000	175	51	0.952	0.131
2298.000000	175	51	0.955	0.139
2304.000000	175	51	0.952	0.150
2310.000000	175	51	0.949	0.164
2316.000000	175	51	0.946	0.176
2322.000000	175	51	0.941	0.188
2328.000000	175	51	0.939	0.200
2334.000000	175	51	0.934	0.207
2340.000000	175	51	0.930	0.213
2346.000000	175	51	0.928	0.223
2352.000000	175	51	0.925	0.231
2358.000000	175	51	0.921	0.236
2364.000000	175	51	0.916	0.241
2370.000000	175	51	0.913	0.247
2376.000000	175	51	0.909	0.249
2382.000000	175	51	0.906	0.250
2388.000000	175	51	0.903	0.258
2394.000000	175	51	0.902	0.263
2400.000000	175	51	0.900	0.269
2406.000000	175	51	0.898	0.276
2412.000000	175	51	0.896	0.282
2418.000000	175	51	0.891	0.291
2424.000000	175	51	0.887	0.296
2430.000000	175	51	0.884	0.306
2436.000000	175	51	0.876	0.321
2442.000000	175	51	0.870	0.337
2448.000000	175	51	0.866	0.352
2454.000000	175	51	0.861	0.357
2460.000000	175	51	0.852	0.362
2466.000000	175	51	0.840	0.369
2472.000000	175	51	0.828	0.372
2478.000000	175	51	0.816	0.375
2484.000000	175	51	0.801	0.385
2490.000000	175	51	0.783	0.399
2496.000000	175	51	0.765	0.409
2502.000000	175	51	0.744	0.416
2508.000000	175	51	0.722	0.435
2514.000000	175	51	0.698	0.458
2520.000000	175	51	0.651	0.489
2526.000000	175	51	0.587	0.517
2532.000000	51	175	0.547	0.509
2538.000000	51	13	0.580	0.426
2544.000000	51	13	0.621	0.450
2550.000000	51	13	0.658	0.477
2556.000000	51	13	0.687	0.502
2562.000000	51	13	0.721	0.520
2568.000000	51	13	0.746	0.533
2574.000000	51	13	0.766	0.545
2580.000000	51	13	0.772	0.561
2586.000000	51	13	0.777	0.572
2592.000000	51	13	0.782	0.580
2598.000000	51	13	0.783	0.589
2604.000000	51	13	0.779	0.603
2610.000000	51	13	0.775	0.615
2616.000000	51	13	0.776	0.619
2622.000000	51	13	0.781	0.623
2628.000000	51	13	0.782	0.638
2634.000000	51	13	0.790	0.644
2640.000000	51	13	0.792	0.650
2646.000000	51	13	0.790	0.651
2652.000000	51	13	0.791	0.653
2658.000000	51	13	0.796	0.655
2664.000000	51	13	0.800	0.658
2670.000000	51	13	0.802	0.662
2676.000000	51	13	0.804	0.664
2682.000000	51	13	0.807	0.666
2688.000000	51	13	0.810	0.668
2694.000000	51	13	0.815	0.668
2700.000000	51	13	0.815	0.669
2706.000000	51	13	0.815	0.668
2712.000000	51	13	0.815	0.665
2718.000000	51	13	0.814	0.663
2724.000000	51	13	0.810	0.664
2730.000000	51	13	0.810	0.668
2736.000000	51	13	0.809	0.671
2742.000000	51	13	0.807	0.670
2748.000000	51	13	0.807	0.672
2754.000000	51	13	0.808	0.673
2760.000000	51	13	0.807	0.672
2766.000000	51	13	0.805	0.670
2772.000000	51	13	0.799	0.672
2778.000000	51	13	0.797	0.672
2784.000000	51	13	0.795	0.671
2790.000000	51	13	0.788	0.668
2796.000000	51	13	0.783	0.668
2802.000000	51	13	0.776	0.677
2808.000000	51	13	0.766	0.685
2814.000000	51	13	0.754	0.690
2820.000000	51	13	0.741	0.695
2826.000000	51	13	0.727	0.705
2832.000000	13	51	0.717	0.702
2838.000000	13	51	0.727	0.680
2844.000000	13	51	0.736	0.652
2850.000000	13	51	0.740	0.619
2856.000000	13	51	0.750	0.583
2862.000000	13	51	0.761	0.535
2868.000000	13	51	0.773	0.456
2874.000000	13	51	0.797	0.341
2880.000000	13	51	0.816	0.233
2886.000000	13	105	0.844	0.133
2892.000000	13	105	0.865	0.130
2898.000000	13	105	0.880	0.128
2904.000000	13	44	0.890	0.130
2910.000000	13	44	0.899	0.138
2916.000000	13	44	0.900	0.145
2922.000000	13	44	0.896	0.152
2928.000000	13	44	0.898	0.157
2934.000000	13	44	0.898	0.160
2940.000000	13	44	0.896	0.163
2946.000000	13	139	0.890	0.175
2952.000000	13	139	0.880	0.194
2958.000000	13	139	0.873	0.203
2964.000000	13	139	0.868	0.206
2970.000000	13	139	0.862	0.209
2976.000000	13	139	0.854	0.213
2982.000000	13	139	0.844	0.213
2988.000000	13	139	0.836	0.213
2994.000000	13	139	0.827	0.217
3000.000000	13	139	0.816	0.225
3006.000000	13	139	0.802	0.232
3012.000000	13	139	0.793	0.236
3018.000000	13	139	0.784	0.235
3024.000000	13	139	0.776	0.234
3030.000000	13	139	0.757	0.238
3036.000000	13	139	0.742	0.241
3042.000000	13	139	0.727	0.241
3048.000000	13	139	0.714	0.244
3054.000000	13	139	0.698	0.246
3060.000000	13	139	0.670	0.250
3066.000000	13	139	0.642	0.253
3072.000000	13	139	0.595	0.257
3078.000000	13	139	0.535	0.257
3084.000000	13	139	0.467	0.261
3090.000000	13	139	0.384	0.265
3096.000000	13	139	0.273	0.270
3102.000000	139	135	0.289	0.255
3108.000000	139	135	0.292	0.260
3114.000000	139	135	0.288	0.262
3120.000000	139	135	0.287	0.272
3126.000000	139	135	0.290	0.287
3132.000000	135	139	0.300	0.297
3138.000000	135	139	0.307	0.304
3144.000000	135	139	0.310	0.304
3150.000000	135	139	0.313	0.300
3156.000000	135	139	0.313	0.298
3162.000000	135	81	0.310	0.309
3168.000000	81	135	0.319	0.305
3174.000000	81	135	0.324	0.301
3180.000000	81	135	0.330	0.301
3186.000000	81	135	0.340	0.299
3192.000000	81	135	0.346	0.298
3198.000000	81	135	0.350	0.299
3204.000000	81	135	0.353	0.298
3210.000000	81	135	0.368	0.298
3216.000000	81	135	0.378	0.290
3222.000000	81	135	0.387	0.288
3228.000000	81	135	0.397	0.285
3234.000000	81	135	0.411	0.282
3240.000000	81	135	0.428	0.267
3246.000000	81	17	0.450	0.264
3252.000000	81	17	0.489	0.259
3258.000000	81	17	0.517	0.255
3264.000000	81	17	0.544	0.258
3270.000000	81	17	0.569	0.256
3276.000000	81	17	0.592	0.251
3282.000000	81	17	0.611	0.239
3288.000000	81	17	0.635	0.231
3294.000000	81	17	0.659	0.216
3300.000000	81	78	0.690	0.201
3306.000000	81	78	0.729	0.213
3312.000000	81	78	0.758	0.226
3318.000000	81	78	0.769	0.233
3324.000000	81	78	0.783	0.233
3330.000000	81	78	0.798	0.233
3336.000000	81	41	0.803	0.234
3342.000000	81	41	0.812	0.247
3348.000000	81	41	0.815	0.251
3354.000000	81	169	0.821	0.256
3360.000000	81	169	0.829	0.268
3366.000000	81	169	0.839	0.272
3372.000000	81	169	0.841	0.273
3378.000000	81	169	0.847	0.278
3384.000000	81	169	0.847	0.285
3390.000000	81	169	0.846	0.294
3396.000000	81	169	0.848	0.296
3402.000000	81	169	0.847	0.299
3408.000000	81	169	0.848	0.305
3414.000000	81	169	0.848	0.311
3420.000000	81	169	0.847	0.318
3426.000000	81	169	0.845	0.324
3432.000000	81	169	0.845	0.321
3438.000000	81	169	0.849	0.321
3444.000000	81	169	0.856	0.321
3450.000000	81	122	0.857	0.322
3456.000000	81	122	0.857	0.322
3462.000000	81	122	0.858	0.329
3468.000000	81	122	0.860	0.341
3474.000000	81	122	0.860	0.346
3480.000000	81	122	0.858	0.352
3486.000000	81	122	0.856	0.354
3492.000000	81	122	0.860	0.353
3498.000000	81	122	0.863	0.355
3504.000000	81	122	0.867	0.355
3510.000000	81	122	0.869	0.358
3516.000000	81	122	0.869	0.362
3522.000000	81	122	0.865	0.369
3528.000000	81	122	0.858	0.373
3534.000000	81	122	0.853	0.381
3540.000000	81	122	0.851	0.391
3546.000000	81	122	0.851	0.396
3552.000000	81	122	0.853	0.395
3558.000000	81	122	0.850	0.398
3564.000000	81	122	0.841	0.407
3570.000000	81	122	0.833	0.416
3576.000000	81	122	0.830	0.423
3582.000000	81	122	0.829	0.421
3588.000000	81	122	0.826	0.425
3594.000000	81	122	0.818	0.431
3600.000000	81	122	0.810	0.436
3606.000000	81	122	0.803	0.441
3612.000000	81	122	0.795	0.445
3618.000000	81	122	0.784	0.446
3624.000000	81	122	0.778	0.438
3630.000000	81	122	0.768	0.433
3636.000000	81	122	0.752	0.439
3642.000000	81	122	0.728	0.441
3648.000000	81	122	0.700	0.440
3654.000000	81	122	0.672	0.437
3660.000000	81	83	0.641	0.441
3666.000000	81	83	0.596	0.469
3672.000000	81	83	0.521	0.515
3678.000000	83	122	0.566	0.430
3684.000000	83	122	0.611	0.439
3690.000000	83	122	0.654	0.450
3696.000000	83	122	0.704	0.456
3702.000000	83	122	0.745	0.459
3708.000000	83	122	0.767	0.454
3714.000000	83	122	0.796	0.450
3720.000000	83	122	0.817	0.435
3726.000000	83	122	0.836	0.436
3732.000000	83	122	0.844	0.434
3738.000000	83	122	0.848	0.427
3744.000000	83	122	0.856	0.415
3750.000000	83	122	0.857	0.409
3756.000000	83	122	0.860	0.404
3762.000000	83	122	0.863	0.394
3768.000000	83	122	0.870	0.379
3774.000000	83	90	0.873	0.376
3780.000000	83	90	0.876	0.382
3786.000000	83	90	0.877	0.394
3792.000000	83	90	0.878	0.407
3798.000000	83	90	0.876	0.414
3804.000000	83	90	0.878	0.419
3810.000000	83	90	0.877	0.432
3816.000000	83	90	0.874	0.437
3822.000000	83	90	0.874	0.441
3828.000000	83	90	0.875	0.442
3834.000000	83	90	0.880	0.447
3840.000000	83	90	0.883	0.449
3846.000000	83	90	0.884	0.453
3852.000000	83	90	0.883	0.458
3858.000000	83	90	0.881	0.461
3864.000000	83	90	0.884	0.462
3870.000000	83	90	0.885	0.461
3876.000000	83	90	0.885	0.458
3882.000000	83	90	0.884	0.454
3888.000000	83	90	0.885	0.450
3894.000000	83	90	0.886	0.444
3900.000000	83	82	0.890	0.457
3906.000000	83	82	0.890	0.465
3912.000000	83	82	0.893	0.475
3918.000000	83	82	0.892	0.486
3924.000000	83	82	0.882	0.500
3930.000000	83	82	0.880	0.511
3936.000000	83	82	0.878	0.519
3942.000000	83	82	0.876	0.525
3948.000000	83	82	0.875	0.535
3954.000000	83	82	0.873	0.545
3960.000000	83	82	0.871	0.556
3966.000000	83	82	0.866	0.570
3972.000000	83	82	0.857	0.599
3978.000000	83	82	0.841	0.636
3984.000000	83	82	0.832	0.657
3990.000000	83	82	0.822	0.680
3996.000000	83	82	0.811	0.691
4002.000000	83	82	0.797	0.708
4008.000000	83	82	0.786	0.721
4014.000000	83	82	0.777	0.729
4020.000000	83	82	0.763	0.736
4026.000000	82	83	0.745	0.740
4032.000000	82	83	0.759	0.711
4038.000000	82	83	0.771	0.686
4044.000000	82	83	0.782	0.656
4050.000000	82	83	0.806	0.610
4056.000000	82	83	0.823	0.558
4062.000000	82	83	0.840	0.482
4068.000000	82	83	0.858	0.380
4074.000000	82	63	0.885	0.295
4080.000000	82	63	0.903	0.294
4086.000000	82	63	0.918	0.287
4092.000000	82	63	0.923	0.280
4098.000000	82	63	0.925	0.274
4104.000000	82	63	0.923	0.272
4110.000000	82	63	0.923	0.266
4116.000000	82	63	0.925	0.258
4122.000000	82	63	0.922	0.253
4128.000000	82	63	0.919	0.244
4134.000000	82	63	0.917	0.233
4140.000000	82	63	0.913	0.219
4146.000000	82	63	0.909	0.205
4152.000000	82	63	0.906	0.188
4158.000000	82	63	0.903	0.178
4164.000000	82	117	0.901	0.180
4170.000000	82	117	0.898	0.184
4176.000000	82	117	0.896	0.187
4182.000000	82	117	0.894	0.194
4188.000000	82	117	0.891	0.203
4194.000000	82	117	0.889	0.217
4200.000000	82	117	0.886	0.227
4206.000000	82	117	0.885	0.231
4212.000000	82	117	0.884	0.234
4218.000000	82	117	0.885	0.236
4224.000000	82	117	0.883	0.242
4230.000000	82	117	0.875	0.251
4236.000000	82	117	0.867	0.255
4242.000000	82	117	0.861	0.254
4248.000000	82	117	0.852	0.248
4254.000000	82	117	0.843	0.248
4260.000000	82	117	0.832	0.251
4266.000000	82	117	0.817	0.252
4272.000000	82	117	0.802	0.251
4278.000000	82	117	0.779	0.256
4284.000000	82	117	0.756	0.256
4290.000000	82	117	0.729	0.257
4296.000000	82	117	0.697	0.257
4302.000000	82	117	0.667	0.259
4308.000000	82	117	0.639	0.263
4314.000000	82	117	0.612	0.267
4320.000000	82	117	0.584	0.266
4326.000000	82	117	0.550	0.268
4332.000000	82	117	0.500	0.271
4338.000000	82	117	0.446	0.276
4344.000000	82	117	0.388	0.278
4350.000000	82	117	0.318	0.278
4356.000000	117	157	0.275	0.264
4362.000000	117	157	0.278	0.274
4368.000000	157	117	0.284	0.273
4374.000000	157	117	0.294	0.271
4380.000000	157	117	0.300	0.271
4386.000000	157	117	0.307	0.273
4392.000000	157	117	0.316	0.270
4398.000000	157	117	0.321	0.259
4404.000000	157	117	0.329	0.254
4410.000000	157	4	0.339	0.249
4416.000000	157	4	0.345	0.248
4422.000000	157	4	0.358	0.245
4428.000000	157	4	0.372	0.245
4434.000000	157	4	0.382	0.245
4440.000000	157	4	0.390	0.245
4446.000000	157	4	0.397	0.250
4452.000000	157	4	0.402	0.251
4458.000000	157	4	0.408	0.252
4464.000000	157	4	0.414	0.256
4470.000000	157	4	0.421	0.264
4476.000000	157	4	0.430	0.267
4482.000000	157	4	0.433	0.274
4488.000000	157	4	0.436	0.282
4494.000000	157	4	0.446	0.286
4500.000000	157	4	0.458	0.287
4506.000000	157	4	0.466	0.286
4512.000000	157	4	0.483	0.286
4518.000000	157	4	0.497	0.287
4524.000000	157	4	0.520	0.289
4530.000000	157	4	0.539	0.289
4536.000000	157	4	0.552	0.289
4542.000000	157	4	0.571	0.284
4548.000000	157	4	0.589	0.280
4554.000000	157	4	0.596	0.275
4560.000000	157	4	0.618	0.261
4566.000000	157	4	0.640	0.250
4572.000000	157	4	0.653	0.248
4578.000000	157	4	0.669	0.242
4584.000000	157	4	0.689	0.225
4590.000000	157	4	0.716	0.213
4596.000000	157	4	0.740	0.194
4602.000000	157	100	0.762	0.187
4608.000000	157	100	0.777	0.185
4614.000000	157	180	0.799	0.181
4620.000000	157	147	0.821	0.178
4626.000000	157	147	0.831	0.182
4632.000000	157	100	0.842	0.184
4638.000000	157	100	0.852	0.182
4644.000000	157	147	0.861	0.182
4650.000000	157	147	0.872	0.182
4656.000000	157	147	0.883	0.183
4662.000000	157	147	0.891	0.182
4668.000000	157	147	0.891	0.188
4674.000000	157	147	0.890	0.189
4680.000000	157	147	0.889	0.194
4686.000000	157	147	0.892	0.200
4692.000000	157	147	0.890	0.203
4698.000000	157	147	0.887	0.208
4704.000000	157	147	0.885	0.218
4710.000000	157	147	0.888	0.223
4716.000000	157	147	0.891	0.220
4722.000000	157	147	0.891	0.219
4728.000000	157	147	0.892	0.217
4734.000000	157	189	0.892	0.213
4740.000000	157	189	0.892	0.219
4746.000000	157	189	0.890	0.225
4752.000000	157	189	0.889	0.233
4758.000000	157	189	0.887	0.243
4764.000000	157	189	0.885	0.252
4770.000000	157	189	0.882	0.253
4776.000000	157	189	0.881	0.255
4782.000000	157	189	0.878	0.261
4788.000000	157	189	0.874	0.278
4794.000000	157	189	0.868	0.291
4800.000000	157	189	0.860	0.309
4806.000000	157	189	0.841	0.331
4812.000000	157	189	0.832	0.350
4818.000000	157	189	0.826	0.371
4824.000000	157	189	0.820	0.390
4830.000000	157	189	0.813	0.409
4836.000000	157	189	0.802	0.432
4842.000000	157	189	0.788	0.449
4848.000000	157	189	0.773	0.469
4854.000000	157	189	0.757	0.496
4860.000000	157	189	0.733	0.531
4866.000000	157	189	0.708	0.562
4872.000000	157	189	0.679	0.601
4878.000000	157	189	0.642	0.638
4884.000000	189	157	0.665	0.593
4890.000000	189	157	0.696	0.529
4896.000000	189	157	0.728	0.455
4902.000000	189	157	0.768	0.337
4908.000000	189	88	0.814	0.320
4914.000000	189	88	0.862	0.332
4920.000000	189	88	0.882	0.351
4926.000000	189	88	0.895	0.370
4932.000000	189	88	0.906	0.383
4938.000000	189	88	0.910	0.393
4944.000000	189	88	0.917	0.398
4950.000000	189	88	0.922	0.411
4956.000000	189	88	0.926	0.427
4962.000000	189	88	0.924	0.442
4968.000000	189	88	0.920	0.460
4974.000000	189	88	0.918	0.471
4980.000000	189	88	0.916	0.481
4986.000000	189	88	0.918	0.489
4992.000000	189	88	0.917	0.497
4998.000000	189	88	0.916	0.499
5004.000000	189	88	0.915	0.501
5010.000000	189	88	0.915	0.503
5016.000000	189	88	0.914	0.508
5022.000000	189	88	0.914	0.515
5028.000000	189	88	0.913	0.521
5034.000000	189	88	0.912	0.523
5040.000000	189	88	0.909	0.522
5046.000000	189	88	0.907	0.523
5052.000000	189	88	0.908	0.520
5058.000000	189	88	0.910	0.516
5064.000000	189	88	0.911	0.516
5070.000000	189	88	0.906	0.519
5076.000000	189	88	0.903	0.520
5082.000000	189	88	0.899	0.522
5088.000000	189	88	0.896	0.520
5094.000000	189	88	0.891	0.521
5100.000000	189	88	0.885	0.520
5106.000000	189	88	0.882	0.517
5112.000000	189	88	0.881	0.515
5118.000000	189	88	0.879	0.509
5124.000000	189	88	0.876	0.503
5130.000000	189	88	0.875	0.493
5136.000000	189	88	0.872	0.478
5142.000000	189	88	0.870	0.467
5148.000000	189	88	0.866	0.453
5154.000000	189	88	0.865	0.437
5160.000000	189	88	0.862	0.420
5166.000000	189	88	0.857	0.401
5172.000000	189	88	0.857	0.371
5178.000000	189	88	0.859	0.343
5184.000000	189	88	0.857	0.318
5190.000000	189	129	0.854	0.289
5196.000000	189	129	0.852	0.291
5202.000000	189	129	0.849	0.295
5208.000000	189	129	0.844	0.301
5214.000000	189	129	0.836	0.320
5220.000000	189	129	0.832	0.344
5226.000000	189	129	0.824	0.362
5232.000000	189	129	0.812	0.390
5238.000000	189	129	0.794	0.417
5244.000000	189	129	0.773	0.436
5250.000000	189	129	0.746	0.458
5256.000000	189	129	0.712	0.489
5262.000000	189	129	0.676	0.520
5268.000000	189	129	0.630	0.547
5274.000000	129	189	0.575	0.557
5280.000000	129	189	0.613	0.461
5286.000000	129	189	0.658	0.344
5292.000000	129	80	0.702	0.313
5298.000000	129	80	0.757	0.329
5304.000000	129	80	0.787	0.338
5310.000000	129	80	0.802	0.357
5316.000000	129	80	0.806	0.373
5322.000000	129	80	0.806	0.387
5328.000000	129	80	0.806	0.401
5334.000000	129	80	0.812	0.403
5340.000000	129	80	0.817	0.404
5346.000000	129	80	0.817	0.410
5352.000000	129	80	0.814	0.417
5358.000000	129	80	0.810	0.414
5364.000000	129	80	0.805	0.414
5370.000000	129	80	0.801	0.410
5376.000000	129	100	0.801	0.405
5382.000000	129	100	0.798	0.407
5388.000000	129	100	0.795	0.412
5394.000000	129	100	0.786	0.417
5400.000000	129	100	0.781	0.417
5406.000000	129	100	0.773	0.423
5412.000000	129	100	0.769	0.424
5418.000000	129	100	0.762	0.426
5424.000000	129	100	0.753	0.430
5430.000000	129	100	0.744	0.432
5436.000000	129	100	0.737	0.440
5442.000000	129	100	0.734	0.443
5448.000000	129	100	0.734	0.443
5454.000000	129	100	0.730	0.446
5460.000000	129	100	0.725	0.459
5466.000000	129	100	0.723	0.465
5472.000000	129	100	0.723	0.477
5478.000000	129	100	0.719	0.482
5484.000000	129	100	0.715	0.483
5490.000000	129	100	0.710	0.483
5496.000000	129	100	0.708	0.478
5502.000000	129	100	0.700	0.474
5508.000000	129	100	0.692	0.470
5514.000000	129	100	0.686	0.464
5520.000000	129	100	0.666	0.463
5526.000000	129	100	0.650	0.459
5532.000000	129	100	0.632	0.457
5538.000000	129	100	0.605	0.459
5544.000000	129	100	0.574	0.460
5550.000000	129	100	0.538	0.473
5556.000000	129	100	0.498	0.483
5562.000000	100	129	0.484	0.441
5568.000000	100	129	0.482	0.375
5574.000000	100	129	0.493	0.281
5580.000000	100	140	0.518	0.239
5586.000000	100	140	0.540	0.261
5592.000000	100	140	0.561	0.277
5598.000000	100	140	0.576	0.297
5604.000000	100	140	0.581	0.324
5610.000000	100	140	0.581	0.348
5616.000000	100	140	0.582	0.364
5622.000000	100	140	0.585	0.380
5628.000000	100	140	0.583	0.397
5634.000000	100	140	0.583	0.409
5640.000000	100	140	0.576	0.422
5646.000000	100	140	0.561	0.436
5652.000000	100	140	0.549	0.446
5658.000000	100	140	0.541	0.453
5664.000000	100	140	0.532	0.461
5670.000000	100	140	0.525	0.466
5676.000000	100	140	0.519	0.478
5682.000000	100	140	0.512	0.488
5688.000000	100	140	0.507	0.504
5694.000000	140	100	0.517	0.505
5700.000000	140	100	0.529	0.506
5706.000000	140	100	0.541	0.509
5712.000000	140	100	0.553	0.503
5718.000000	140	100	0.564	0.488
5724.000000	140	100	0.582	0.473
5730.000000	140	100	0.601	0.459
5736.000000	140	100	0.615	0.441
5742.000000	140	100	0.621	0.425
5748.000000	140	100	0.626	0.411
5754.000000	140	100	0.633	0.383
5760.000000	140	100	0.642	0.360
5766.000000	140	100	0.654	0.340
5772.000000	140	105	0.672	0.328
5778.000000	140	105	0.688	0.333
5784.000000	140	105	0.705	0.339
5790.000000	140	105	0.725	0.351
5796.000000	140	105	0.751	0.350
5802.000000	140	105	0.773	0.347
5808.000000	140	105	0.784	0.342
5814.000000	140	105	0.795	0.333
5820.000000	140	105	0.810	0.326
5826.000000	140	105	0.822	0.314
5832.000000	140	105	0.826	0.301
5838.000000	140	105	0.826	0.293
5844.000000	140	105	0.832	0.284
5850.000000	140	105	0.838	0.266
5856.000000	140	105	0.841	0.248
5862.000000	140	105	0.842	0.234
5868.000000	140	105	0.841	0.224
5874.000000	140	105	0.842	0.211
5880.000000	140	105	0.848	0.198
5886.000000	140	52	0.850	0.196
5892.000000	140	52	0.851	0.195
5898.000000	140	52	0.851	0.194
5904.000000	140	52	0.851	0.194
5910.000000	140	52	0.855	0.196
5916.000000	140	52	0.860	0.191
5922.000000	140	52	0.867	0.181
5928.000000	140	56	0.870	0.179
5934.000000	140	56	0.872	0.187
5940.000000	140	56	0.872	0.199
5946.000000	140	56	0.871	0.211
5952.000000	140	56	0.875	0.222
5958.000000	140	56	0.879	0.236
5964.000000	140	56	0.879	0.250
5970.000000	140	56	0.877	0.265
5976.000000	140	56	0.875	0.285
5982.000000	140	56	0.874	0.307
5988.000000	140	56	0.873	0.323
5994.000000	140	56	0.873	0.334
6000.000000	140	56	0.872	0.349
6006.000000	140	56	0.872	0.362
6012.000000	140	56	0.870	0.374
6018.000000	140	56	0.865	0.384
6024.000000	140	56	0.859	0.398
6030.000000	140	56	0.854	0.413
6036.000000	140	56	0.849	0.429
6042.000000	140	56	0.842	0.454
6048.000000	140	56	0.836	0.474
6054.000000	140	56	0.830	0.496
6060.000000	140	56	0.823	0.528
6066.000000	140	56	0.811	0.559
6072.000000	140	56	0.793	0.585
6078.000000	140	56	0.773	0.611
6084.000000	140	56	0.755	0.634
6090.000000	140	56	0.734	0.659
6096.000000	140	56	0.707	0.679
6102.000000	56	140	0.699	0.678
6108.000000	56	140	0.724	0.638
6114.000000	56	140	0.755	0.570
6120.000000	56	140	0.790	0.474
6126.000000	56	140	0.824	0.345
6132.000000	56	143	0.871	0.194
6138.000000	56	143	0.907	0.192
6144.000000	56	143	0.921	0.177
6150.000000	56	143	0.938	0.169
6156.000000	56	143	0.939	0.164
6162.000000	56	143	0.941	0.158
6168.000000	56	143	0.940	0.157
6174.000000	56	143	0.941	0.157
6180.000000	56	143	0.941	0.162
6186.000000	56	170	0.941	0.175
6192.000000	56	170	0.939	0.187
6198.000000	56	170	0.937	0.195
6204.000000	56	198	0.938	0.198
6210.000000	56	198	0.934	0.210
6216.000000	56	198	0.931	0.219
6222.000000	56	198	0.928	0.231
6228.000000	56	198	0.926	0.246
6234.000000	56	198	0.923	0.255
6240.000000	56	198	0.920	0.260
6246.000000	56	198	0.918	0.271
6252.000000	56	198	0.914	0.282
6258.000000	56	198	0.911	0.296
6264.000000	56	198	0.906	0.307
6270.000000	56	198	0.901	0.317
6276.000000	56	198	0.894	0.330
6282.000000	56	198	0.890	0.343
6288.000000	56	198	0.887	0.350
6294.000000	56	198	0.886	0.357
6300.000000	56	198	0.884	0.364
6306.000000	56	198	0.881	0.370
6312.000000	56	198	0.879	0.375
6318.000000	56	198	0.879	0.380
6324.000000	56	198	0.878	0.391
6330.000000	56	198	0.877	0.403
6336.000000	56	198	0.877	0.415
6342.000000	56	198	0.874	0.427
6348.000000	56	198	0.871	0.435
6354.000000	56	198	0.870	0.445
6360.000000	56	198	0.868	0.467
6366.000000	56	198	0.865	0.489
6372.000000	56	198	0.861	0.506
6378.000000	56	198	0.856	0.525
6384.000000	56	198	0.850	0.541
6390.000000	56	198	0.842	0.551
6396.000000	56	198	0.835	0.565
6402.000000	56	198	0.826	0.592
6408.000000	56	198	0.816	0.610
6414.000000	56	198	0.807	0.620
6420.000000	56	198	0.790	0.629
6426.000000	56	198	0.768	0.642
6432.000000	56	198	0.744	0.656
6438.000000	56	198	0.714	0.679
6444.000000	198	56	0.703	0.680
6450.000000	198	56	0.737	0.617
6456.000000	198	56	0.779	0.524
6462.000000	198	56	0.816	0.402
6468.000000	198	56	0.856	0.246
6474.000000	198	95	0.879	0.269
6480.000000	198	95	0.899	0.291
6486.000000	198	95	0.908	0.316
6492.000000	198	95	0.909	0.351
6498.000000	198	95	0.910	0.381
6504.000000	198	95	0.907	0.395
6510.000000	198	95	0.905	0.408
6516.000000	198	95	0.901	0.420
6522.000000	198	95	0.894	0.430
6528.000000	198	95	0.891	0.441
6534.000000	198	95	0.888	0.459
6540.000000	198	95	0.889	0.476
6546.000000	198	95	0.885	0.487
6552.000000	198	95	0.882	0.492
6558.000000	198	95	0.882	0.492
6564.000000	198	95	0.884	0.494
6570.000000	198	95	0.882	0.498
6576.000000	198	95	0.875	0.509
6582.000000	198	95	0.868	0.523
6588.000000	198	95	0.868	0.528
6594.000000	198	95	0.866	0.536
6600.000000	198	95	0.862	0.552
6606.000000	198	95	0.854	0.563
6612.000000	198	95	0.847	0.576
6618.000000	198	95	0.843	0.584
6624.000000	198	95	0.836	0.592
6630.000000	198	95	0.830	0.595
6636.000000	198	95	0.824	0.601
6642.000000	198	95	0.816	0.609
6648.000000	198	95	0.806	0.629
6654.000000	198	95	0.794	0.649
6660.000000	198	95	0.781	0.661
6666.000000	198	95	0.768	0.676
6672.000000	198	95	0.749	0.694
6678.000000	198	95	0.732	0.712
6684.000000	95	198	0.725	0.713
6690.000000	95	198	0.744	0.685
6696.000000	95	198	0.756	0.654
6702.000000	95	198	0.780	0.617
6708.000000	95	198	0.800	0.566
6714.000000	95	198	0.842	0.488
6720.000000	95	198	0.874	0.385
6726.000000	95	198	0.897	0.260
6732.000000	95	180	0.907	0.162
6738.000000	95	180	0.914	0.152
6744.000000	95	104	0.919	0.150
6750.000000	95	104	0.928	0.151
6756.000000	95	104	0.930	0.149
6762.000000	95	157	0.930	0.155
6768.000000	95	76	0.934	0.163
6774.000000	95	76	0.932	0.170
6780.000000	95	76	0.929	0.177
6786.000000	95	76	0.926	0.181
6792.000000	95	76	0.924	0.190
6798.000000	95	76	0.925	0.200
6804.000000	95	76	0.921	0.211
6810.000000	95	76	0.918	0.220
6816.000000	95	76	0.915	0.226
6822.000000	95	76	0.909	0.235
6828.000000	95	76	0.902	0.252
6834.000000	95	76	0.893	0.265
6840.000000	95	76	0.886	0.274
6846.000000	95	76	0.882	0.280
6852.000000	95	76	0.880	0.283
6858.000000	95	76	0.874	0.294
6864.000000	95	76	0.869	0.311
6870.000000	95	76	0.863	0.324
6876.000000	95	76	0.858	0.341
6882.000000	95	76	0.849	0.352
6888.000000	95	76	0.844	0.364
6894.000000	95	76	0.840	0.375
6900.000000	95	76	0.832	0.385
6906.000000	95	76	0.824	0.400
6912.000000	95	76	0.814	0.407
6918.000000	95	76	0.800	0.415
6924.000000	95	76	0.787	0.422
6930.000000	95	76	0.778	0.427
6936.000000	95	76	0.767	0.437
6942.000000	95	76	0.743	0.446
6948.000000	95	76	0.712	0.457
6954.000000	95	76	0.678	0.469
6960.000000	95	76	0.632	0.489
6966.000000	95	76	0.568	0.504
6972.000000	76	95	0.520	0.504
6978.000000	76	95	0.546	0.424
6984.000000	76	39	0.573	0.336
6990.000000	76	39	0.601	0.351
6996.000000	76	39	0.628	0.356
7002.000000	76	39	0.648	0.364
7008.000000	76	39	0.669	0.359
7014.000000	76	39	0.677	0.359
7020.000000	76	39	0.683	0.363
7026.000000	76	39	0.695	0.374
7032.000000	76	39	0.709	0.382
7038.000000	76	39	0.711	0.390
7044.000000	76	39	0.714	0.396
7050.000000	76	39	0.717	0.399
7056.000000	76	39	0.714	0.403
7062.000000	76	39	0.724	0.407
7068.000000	76	39	0.729	0.414
7074.000000	76	39	0.728	0.413
7080.000000	76	39	0.735	0.414
7086.000000	76	39	0.742	0.413
7092.000000	76	39	0.753	0.414
7098.000000	76	39	0.765	0.410
7104.000000	76	39	0.771	0.414
7110.000000	76	39	0.781	0.417
7116.000000	76	39	0.787	0.421
7122.000000	76	39	0.791	0.425
7128.000000	76	39	0.801	0.428
7134.000000	76	39	0.809	0.431
7140.000000	76	39	0.809	0.433
7146.000000	76	39	0.810	0.438
7152.000000	76	39	0.813	0.434
7158.000000	76	39	0.822	0.430
7164.000000	76	39	0.824	0.429
7170.000000	76	39	0.827	0.428
7176.000000	76	39	0.835	0.419
7182.000000	76	39	0.840	0.408
7188.000000	76	39	0.845	0.398
7194.000000	76	39	0.850	0.388
7200.000000	76	99	0.855	0.370
7206.000000	76	99	0.865	0.369
7212.000000	76	99	0.868	0.376
7218.000000	76	99	0.870	0.382
7224.000000	76	99	0.872	0.390
7230.000000	76	99	0.875	0.398
7236.000000	76	99	0.881	0.403
7242.000000	76	99	0.885	0.406
7248.000000	76	99	0.887	0.409
7254.000000	76	99	0.888	0.415
7260.000000	76	99	0.889	0.419
7266.000000	76	99	0.892	0.421
7272.000000	76	99	0.893	0.421
7278.000000	76	99	0.892	0.421
7284.000000	76	99	0.890	0.420
7290.000000	76	99	0.888	0.420
7296.000000	76	99	0.887	0.418
7302.000000	76	99	0.884	0.413
7308.000000	76	99	0.882	0.401
7314.000000	76	99	0.881	0.390
7320.000000	76	99	0.881	0.381
7326.000000	76	99	0.878	0.380
7332.000000	76	99	0.872	0.374
7338.000000	76	99	0.867	0.366
7344.000000	76	99	0.862	0.358
7350.000000	76	99	0.858	0.349
7356.000000	76	99	0.858	0.334
7362.000000	76	99	0.853	0.315
7368.000000	76	99	0.843	0.298
7374.000000	76	99	0.839	0.278
7380.000000	76	99	0.836	0.257
7386.000000	76	99	0.830	0.227
7392.000000	76	14	0.821	0.221
7398.000000	76	14	0.809	0.227
7404.000000	76	14	0.802	0.241
7410.000000	76	14	0.796	0.258
7416.000000	76	14	0.786	0.281
7422.000000	76	14	0.776	0.305
7428.000000	76	14	0.761	0.329
7434.000000	76	14	0.741	0.354
7440.000000	76	14	0.717	0.391
7446.000000	76	14	0.690	0.443
7452.000000	76	14	0.659	0.475
7458.000000	76	14	0.612	0.511
7464.000000	14	76	0.550	0.540
7470.000000	14	76	0.596	0.437
7476.000000	14	76	0.650	0.304
7482.000000	14	13	0.718	0.244
7488.000000	14	13	0.774	0.239
7494.000000	14	13	0.797	0.242
7500.000000	14	13	0.821	0.248
7506.000000	14	13	0.831	0.252
7512.000000	14	13	0.841	0.254
7518.000000	14	13	0.852	0.250
7524.000000	14	13	0.858	0.247
7530.000000	14	13	0.857	0.244
7536.000000	14	37	0.858	0.242
7542.000000	14	37	0.862	0.251
7548.000000	14	37	0.867	0.270
7554.000000	14	37	0.868	0.290
7560.000000	14	37	0.873	0.303
7566.000000	14	37	0.877	0.318
7572.000000	14	37	0.882	0.335
7578.000000	14	37	0.881	0.351
7584.000000	14	37	0.882	0.363
7590.000000	14	37	0.883	0.374
7596.000000	14	37	0.883	0.383
7602.000000	14	37	0.884	0.395
7608.000000	14	37	0.884	0.408
7614.000000	14	37	0.886	0.422
7620.000000	14	37	0.885	0.436
7626.000000	14	37	0.885	0.457
7632.000000	14	37	0.886	0.475
7638.000000	14	37	0.887	0.488
7644.000000	14	37	0.886	0.506
7650.000000	14	37	0.886	0.527
7656.000000	14	37	0.886	0.541
7662.000000	14	37	0.887	0.559
7668.000000	14	37	0.886	0.580
7674.000000	14	37	0.886	0.592
7680.000000	14	37	0.883	0.611
7686.000000	14	37	0.880	0.628
7692.000000	14	37	0.879	0.646
7698.000000	14	37	0.878	0.660
7704.000000	14	37	0.874	0.680
7710.000000	14	37	0.875	0.696
7716.000000	14	37	0.878	0.709
7722.000000	14	37	0.880	0.715
7728.000000	14	37	0.880	0.723
7734.000000	14	37	0.877	0.732
7740.000000	14	37	0.874	0.743
7746.000000	14	37	0.865	0.759
7752.000000	14	37	0.861	0.768
7758.000000	14	37	0.856	0.777
7764.000000	14	37	0.844	0.789
7770.000000	14	37	0.832	0.796
7776.000000	14	37	0.823	0.801
7782.000000	37	14	0.820	0.799
7788.000000	37	14	0.834	0.775
7794.000000	37	14	0.849	0.753
7800.000000	37	14	0.866	0.720
7806.000000	37	14	0.889	0.667
7812.000000	37	14	0.907	0.617
7818.000000	37	14	0.920	0.563
7824.000000	37	14	0.933	0.486
7830.000000	37	14	0.946	0.363
7836.000000	37	14	0.960	0.193
7842.000000	37	90	0.965	0.076
7848.000000	37	90	0.970	0.081
7854.000000	37	90	0.970	0.084
7860.000000	37	90	0.970	0.086
7866.000000	37	90	0.969	0.087
7872.000000	37	90	0.968	0.087
7878.000000	37	90	0.967	0.089
7884.000000	37	90	0.966	0.091
7890.000000	37	90	0.965	0.092
7896.000000	37	90	0.963	0.093
7902.000000	37	90	0.962	0.096
7908.000000	37	197	0.961	0.099
7914.000000	37	197	0.960	0.107
7920.000000	37	197	0.959	0.113
7926.000000	37	197	0.957	0.117
7932.000000	37	197	0.956	0.123
7938.000000	37	197	0.952	0.130
7944.000000	37	197	0.949	0.138
7950.000000	37	197	0.947	0.146
7956.000000	37	197	0.945	0.154
7962.000000	37	197	0.944	0.165
7968.000000	37	197	0.939	0.177
7974.000000	37	197	0.934	0.191
7980.000000	37	197	0.930	0.211
7986.000000	37	197	0.927	0.232
7992.000000	37	197	0.920	0.249
7998.000000	37	197	0.913	0.268
8004.000000	37	197	0.905	0.296
8010.000000	37	197	0.895	0.318
8016.000000	37	197	0.885	0.337
8022.000000	37	197	0.873	0.357
8028.000000	37	197	0.860	0.371
8034.000000	37	197	0.846	0.384
8040.000000	37	197	0.830	0.401
8046.000000	37	197	0.810	0.421
8052.000000	37	197	0.786	0.441
8058.000000	37	197	0.762	0.469
8064.000000	37	197	0.732	0.492
8070.000000	37	197	0.689	0.517
8076.000000	37	197	0.633	0.541
8082.000000	197	37	0.576	0.553
8088.000000	197	37	0.611	0.457
8094.000000	197	37	0.655	0.336
8100.000000	197	90	0.706	0.343
8106.000000	197	90	0.758	0.372
8112.000000	197	90	0.789	0.391
8118.000000	197	90	0.794	0.407
8124.000000	197	90	0.807	0.413
8130.000000	197	90	0.818	0.421
8136.000000	197	90	0.821	0.439
8142.000000	197	90	0.827	0.445
8148.000000	197	90	0.834	0.446
8154.000000	197	90	0.847	0.450
8160.000000	197	90	0.852	0.455
8166.000000	197	90	0.856	0.459
8172.000000	197	90	0.862	0.461
8178.000000	197	90	0.864	0.463
8184.000000	197	90	0.863	0.466
8190.000000	197	90	0.864	0.467
8196.000000	197	90	0.863	0.464
8202.000000	197	90	0.862	0.462
8208.000000	197	90	0.860	0.459
8214.000000	197	90	0.860	0.455
8220.000000	197	90	0.863	0.454
8226.000000	197	90	0.865	0.457
8232.000000	197	90	0.863	0.461
8238.000000	197	90	0.859	0.458
8244.000000	197	90	0.860	0.458
8250.000000	197	90	0.865	0.458
8256.000000	197	90	0.865	0.458
8262.000000	197	90	0.864	0.464
8268.000000	197	90	0.864	0.466
8274.000000	197	90	0.868	0.463
8280.000000	197	90	0.869	0.460
8286.000000	197	90	0.869	0.455
8292.000000	197	90	0.868	0.446
8298.000000	197	90	0.869	0.435
8304.000000	197	90	0.873	0.426
8310.000000	197	90	0.877	0.412
8316.000000	197	90	0.877	0.405
8322.000000	197	90	0.877	0.390
8328.000000	197	90	0.878	0.369
8334.000000	197	90	0.880	0.349
8340.000000	197	90	0.880	0.324
8346.000000	197	90	0.881	0.293
8352.000000	197	90	0.887	0.249
8358.000000	197	83	0.895	0.237
8364.000000	197	83	0.900	0.245
8370.000000	197	83	0.904	0.252
8376.000000	197	83	0.905	0.253
8382.000000	197	83	0.903	0.258
8388.000000	197	83	0.901	0.265
8394.000000	197	83	0.899	0.267
8400.000000	197	83	0.898	0.268
8406.000000	197	91	0.897	0.279
8412.000000	197	91	0.898	0.305
8418.000000	197	91	0.899	0.328
8424.000000	197	91	0.896	0.348
8430.000000	197	91	0.892	0.371
8436.000000	197	91	0.884	0.387
8442.000000	197	91	0.875	0.401
8448.000000	197	91	0.865	0.424
8454.000000	197	91	0.849	0.459
8460.000000	197	91	0.837	0.483
8466.000000	197	91	0.821	0.504
8472.000000	197	91	0.805	0.520
8478.000000	197	91	0.786	0.536
8484.000000	197	91	0.766	0.556
8490.000000	197	91	0.739	0.571
8496.000000	197	91	0.703	0.590
8502.000000	197	91	0.649	0.619
8508.000000	91	197	0.651	0.583
8514.000000	91	197	0.675	0.479
8520.000000	91	113	0.714	0.430
8526.000000	91	113	0.753	0.457
8532.000000	91	113	0.796	0.495
8538.000000	91	113	0.833	0.528
8544.000000	91	113	0.847	0.555
8550.000000	91	113	0.854	0.583
8556.000000	91	113	0.862	0.605
8562.000000	91	113	0.866	0.618
8568.000000	91	113	0.869	0.623
8574.000000	91	113	0.868	0.631
8580.000000	91	113	0.868	0.641
8586.000000	91	113	0.869	0.655
8592.000000	91	113	0.870	0.676
8598.000000	91	113	0.869	0.693
8604.000000	91	113	0.871	0.694
8610.000000	91	113	0.874	0.694
8616.000000	91	113	0.874	0.697
8622.000000	91	113	0.873	0.702
8628.000000	91	113	0.870	0.708
8634.000000	91	113	0.870	0.714
8640.000000	91	113	0.869	0.719
8646.000000	91	113	0.869	0.721
8652.000000	91	113	0.868	0.726
8658.000000	91	113	0.863	0.734
8664.000000	91	113	0.860	0.737
8670.000000	91	113	0.862	0.735
8676.000000	91	113	0.863	0.736
8682.000000	91	113	0.864	0.735
8688.000000	91	113	0.865	0.735
8694.000000	91	113	0.867	0.735
8700.000000	91	113	0.863	0.739
8706.000000	91	113	0.860	0.741
8712.000000	91	113	0.859	0.738
8718.000000	91	113	0.860	0.737
8724.000000	91	113	0.859	0.737
8730.000000	91	113	0.861	0.733
8736.000000	91	113	0.862	0.729
8742.000000	91	113	0.859	0.728
8748.000000	91	113	0.858	0.725
8754.000000	91	113	0.857	0.721
8760.000000	91	113	0.858	0.722
8766.000000	91	113	0.858	0.720
8772.000000	91	113	0.856	0.717
8778.000000	91	113	0.856	0.712
8784.000000	91	113	0.853	0.709
8790.000000	91	113	0.851	0.706
8796.000000	91	113	0.849	0.698
8802.000000	91	113	0.846	0.688
8808.000000	91	113	0.843	0.674
8814.000000	91	113	0.842	0.661
8820.000000	91	113	0.843	0.646
8826.000000	91	113	0.843	0.630
8832.000000	91	113	0.842	0.606
8838.000000	91	113	0.844	0.585
8844.000000	91	113	0.844	0.556
8850.000000	91	113	0.847	0.509
8856.000000	91	113	0.854	0.436
8862.000000	91	113	0.859	0.335
8868.000000	91	113	0.872	0.209
8874.000000	91	113	0.894	0.084
8880.000000	91	44	0.910	0.036
8886.000000	91	44	0.927	0.038
8892.000000	91	44	0.932	0.039
8898.000000	91	44	0.939	0.039
8904.000000	91	44	0.948	0.041
8910.000000	91	105	0.952	0.046
8916.000000	91	105	0.951	0.053
8922.000000	91	105	0.951	0.058
8928.000000	91	105	0.950	0.062
8934.000000	91	105	0.950	0.067
8940.000000	91	105	0.952	0.072
8946.000000	91	105	0.954	0.078
8952.000000	91	105	0.954	0.085
8958.000000	91	105	0.953	0.090
8964.000000	91	105	0.951	0.095
8970.000000	91	105	0.949	0.102
8976.000000	91	105	0.948	0.113
8982.000000	91	105	0.947	0.122
8988.000000	91	105	0.946	0.131
8994.000000	91	105	0.946	0.141
9000.000000	91	105	0.948	0.148
9006.000000	91	105	0.947	0.157
9012.000000	91	105	0.946	0.177
9018.000000	91	105	0.945	0.199
9024.000000	91	105	0.941	0.222
9030.000000	91	105	0.938	0.247
9036.000000	91	105	0.933	0.280
9042.000000	91	105	0.925	0.326
9048.000000	91	105	0.915	0.382
9054.000000	91	105	0.903	0.446
9060.000000	91	105	0.890	0.519
9066.000000	91	105	0.871	0.607
9072.000000	91	105	0.844	0.672
9078.000000	91	105	0.804	0.712
9084.000000	91	105	0.752	0.741
9090.000000	105	91	0.773	0.683
9096.000000	105	91	0.814	0.579
9102.000000	105	91	0.869	0.438
9108.000000	105	91	0.919	0.255
9114.000000	105	166	0.938	0.239
9120.000000	105	166	0.939	0.250
9126.000000	105	173	0.933	0.266
9132.000000	105	173	0.927	0.289
9138.000000	105	173	0.923	0.309
9144.000000	105	173	0.919	0.329
9150.000000	105	173	0.916	0.349
9156.000000	105	173	0.911	0.367
9162.000000	105	173	0.907	0.384
9168.000000	105	173	0.904	0.403
9174.000000	105	173	0.899	0.422
9180.000000	105	173	0.896	0.436
9186.000000	105	173	0.893	0.444
9192.000000	105	173	0.889	0.450
9198.000000	105	173	0.882	0.465
9204.000000	105	173	0.879	0.473
9210.000000	105	173	0.878	0.478
9216.000000	105	173	0.877	0.486
9222.000000	105	173	0.876	0.492
9228.000000	105	173	0.875	0.499
9234.000000	105	173	0.871	0.502
9240.000000	105	173	0.870	0.504
9246.000000	105	173	0.869	0.506
9252.000000	105	173	0.866	0.513
9258.000000	105	173	0.866	0.519
9264.000000	105	173	0.866	0.523
9270.000000	105	173	0.866	0.536
9276.000000	105	173	0.867	0.547
9282.000000	105	173	0.866	0.558
9288.000000	105	173	0.863	0.567
9294.000000	105	173	0.859	0.578
9300.000000	105	173	0.858	0.592
9306.000000	105	173	0.858	0.604
9312.000000	105	173	0.858	0.613
9318.000000	105	173	0.855	0.623
9324.000000	105	173	0.852	0.630
9330.000000	105	173	0.852	0.640
9336.000000	105	173	0.852	0.651
9342.000000	105	173	0.851	0.668
9348.000000	105	173	0.848	0.687
9354.000000	105	173	0.851	0.698
9360.000000	105	173	0.855	0.708
9366.000000	105	173	0.856	0.716
9372.000000	105	173	0.846	0.735
9378.000000	105	173	0.838	0.748
9384.000000	105	173	0.830	0.753
9390.000000	105	173	0.823	0.758
9396.000000	105	173	0.817	0.762
9402.000000	105	173	0.810	0.771
9408.000000	105	173	0.796	0.780
9414.000000	173	105	0.797	0.776
9420.000000	173	105	0.821	0.747
9426.000000	173	105	0.856	0.704
9432.000000	173	105	0.874	0.666
9438.000000	173	105	0.884	0.627
9444.000000	173	105	0.897	0.567
9450.000000	173	105	0.924	0.470
9456.000000	173	105	0.937	0.344
9462.000000	173	105	0.950	0.180
9468.000000	173	96	0.956	0.111
9474.000000	173	96	0.958	0.100
9480.000000	173	96	0.960	0.101
9486.000000	173	96	0.965	0.106
9492.000000	173	96	0.965	0.111
9498.000000	173	96	0.964	0.116
9504.000000	173	96	0.964	0.121
9510.000000	173	96	0.965	0.122
9516.000000	173	96	0.964	0.124
9522.000000	173	96	0.962	0.127
9528.000000	173	96	0.961	0.128
9534.000000	173	96	0.960	0.130
9540.000000	173	96	0.958	0.133
9546.000000	173	96	0.956	0.136
9552.000000	173	96	0.952	0.137
9558.000000	173	96	0.951	0.138
9564.000000	173	96	0.950	0.139
9570.000000	173	96	0.949	0.139
9576.000000	173	96	0.947	0.141
9582.000000	173	96	0.945	0.145
9588.000000	173	96	0.942	0.145
9594.000000	173	96	0.937	0.143
9600.000000	173	152	0.934	0.141
9606.000000	173	152	0.931	0.147
9612.000000	173	152	0.925	0.155
9618.000000	173	152	0.919	0.166
9624.000000	173	152	0.914	0.175
9630.000000	173	152	0.908	0.181
9636.000000	173	152	0.906	0.184
9642.000000	173	152	0.904	0.187
9648.000000	173	152	0.901	0.189
9654.000000	173	152	0.896	0.191
9660.000000	173	152	0.888	0.196
9666.000000	173	152	0.884	0.201
9672.000000	173	152	0.879	0.203
9678.000000	173	152	0.872	0.206
9684.000000	173	152	0.861	0.215
9690.000000	173	152	0.852	0.227
9696.000000	173	152	0.845	0.238
9702.000000	173	152	0.839	0.254
9708.000000	173	152	0.829	0.274
9714.000000	173	152	0.818	0.295
9720.000000	173	152	0.800	0.317
9726.000000	173	152	0.776	0.345
9732.000000	173	152	0.754	0.382
9738.000000	173	152	0.729	0.430
9744.000000	173	152	0.689	0.488
9750.000000	173	152	0.620	0.552
9756.000000	152	173	0.626	0.510
9762.000000	152	173	0.717	0.332
9768.000000	152	195	0.811	0.202
9774.000000	152	195	0.866	0.210
9780.000000	152	195	0.891	0.211
9786.000000	152	195	0.897	0.223
9792.000000	152	195	0.908	0.247
9798.000000	152	195	0.912	0.272
9804.000000	152	195	0.911	0.293
9810.000000	152	195	0.911	0.316
9816.000000	152	195	0.909	0.345
9822.000000	152	195	0.902	0.367
9828.000000	152	195	0.898	0.387
9834.000000	152	195	0.902	0.409
9840.000000	152	195	0.901	0.438
9846.000000	152	195	0.897	0.470
9852.000000	152	195	0.897	0.496
9858.000000	152	195	0.898	0.506
9864.000000	152	195	0.896	0.514
9870.000000	152	195	0.897	0.522
9876.000000	152	195	0.897	0.527
9882.000000	152	195	0.897	0.530
9888.000000	152	195	0.894	0.540
9894.000000	152	195	0.891	0.545
9900.000000	152	195	0.888	0.552
9906.000000	152	195	0.885	0.562
9912.000000	152	195	0.887	0.567
9918.000000	152	195	0.887	0.571
9924.000000	152	195	0.887	0.574
9930.000000	152	195	0.887	0.571
9936.000000	152	195	0.887	0.570
9942.000000	152	195	0.886	0.573
9948.000000	152	195	0.885	0.574
9954.000000	152	195	0.882	0.576
9960.000000	152	195	0.880	0.583
9966.000000	152	195	0.879	0.589
9972.000000	152	195	0.881	0.595
9978.000000	152	195	0.879	0.599
9984.000000	152	195	0.876	0.604
9990.000000	152	195	0.872	0.614
9996.000000	152	195	0.867	0.628
10002.000000	152	195	0.864	0.633
10008.000000	152	195	0.855	0.638
10014.000000	152	195	0.843	0.644
10020.000000	152	195	0.832	0.656
10026.000000	152	195	0.823	0.660
10032.000000	152	195	0.813	0.669
10038.000000	152	195	0.802	0.678
10044.000000	152	195	0.789	0.690
10050.000000	152	195	0.777	0.697
10056.000000	152	195	0.760	0.706
10062.000000	152	195	0.739	0.715
10068.000000	195	152	0.725	0.709
10074.000000	195	152	0.737	0.676
10080.000000	195	152	0.756	0.642
10086.000000	195	152	0.771	0.603
10092.000000	195	152	0.796	0.539
10098.000000	195	152	0.827	0.437
10104.000000	195	152	0.848	0.319
10110.000000	195	152	0.872	0.195
10116.000000	195	181	0.893	0.170
10122.000000	195	181	0.904	0.147
10128.000000	195	181	0.907	0.132
10134.000000	195	180	0.909	0.134
10140.000000	195	180	0.909	0.139
10146.000000	195	180	0.911	0.142
10152.000000	195	180	0.911	0.138
10158.000000	195	180	0.916	0.133
10164.000000	195	32	0.915	0.138
10170.000000	195	32	0.912	0.142
10176.000000	195	32	0.913	0.148
10182.000000	195	32	0.912	0.153
10188.000000	195	32	0.914	0.154
10194.000000	195	32	0.919	0.151
10200.000000	195	32	0.917	0.150
10206.000000	195	32	0.915	0.154
10212.000000	195	32	0.912	0.153
10218.000000	195	32	0.910	0.152
10224.000000	195	32	0.908	0.151
10230.000000	195	32	0.907	0.149
10236.000000	195	32	0.906	0.144
10242.000000	195	32	0.905	0.141
10248.000000	195	32	0.904	0.137
10254.000000	195	22	0.902	0.138
10260.000000	195	22	0.898	0.136
10266.000000	195	22	0.893	0.136
10272.000000	195	22	0.888	0.142
10278.000000	195	22	0.885	0.147
10284.000000	195	22	0.883	0.148
10290.000000	195	22	0.880	0.152
10296.000000	195	22	0.875	0.157
10302.000000	195	22	0.870	0.159
10308.000000	195	22	0.866	0.161
10314.000000	195	22	0.866	0.163
10320.000000	195	22	0.863	0.162
10326.000000	195	22	0.857	0.167
10332.000000	195	22	0.850	0.171
10338.000000	195	22	0.845	0.175
10344.000000	195	22	0.837	0.179
10350.000000	195	22	0.827	0.177
10356.000000	195	78	0.816	0.172
10362.000000	195	78	0.800	0.180
10368.000000	195	78	0.779	0.189
10374.000000	195	78	0.766	0.199
10380.000000	195	78	0.749	0.207
10386.000000	195	78	0.727	0.219
10392.000000	195	78	0.698	0.233
10398.000000	195	78	0.652	0.254
10404.000000	195	78	0.591	0.273
10410.000000	195	78	0.527	0.302
10416.000000	195	78	0.450	0.330
10422.000000	78	195	0.360	0.334
10428.000000	78	14	0.406	0.246
10434.000000	78	14	0.467	0.270
10440.000000	78	14	0.538	0.305
10446.000000	78	14	0.591	0.333
10452.000000	78	14	0.640	0.358
10458.000000	78	14	0.669	0.377
10464.000000	78	14	0.689	0.399
10470.000000	78	14	0.701	0.414
10476.000000	78	14	0.708	0.433
10482.000000	78	14	0.713	0.452
10488.000000	78	14	0.720	0.463
10494.000000	78	14	0.722	0.471
10500.000000	78	14	0.723	0.475
10506.000000	78	14	0.729	0.475
10512.000000	78	14	0.736	0.479
10518.000000	78	14	0.734	0.485
10524.000000	78	14	0.736	0.490
10530.000000	78	14	0.743	0.494
10536.000000	78	14	0.752	0.499
10542.000000	78	14	0.761	0.504
10548.000000	78	14	0.764	0.507
10554.000000	78	14	0.772	0.506
10560.000000	78	14	0.776	0.509
10566.000000	78	14	0.782	0.515
10572.000000	78	14	0.788	0.523
10578.000000	78	14	0.788	0.531
10584.000000	78	14	0.794	0.538
10590.000000	78	14	0.803	0.541
10596.000000	78	14	0.807	0.543
10602.000000	78	14	0.811	0.547
10608.000000	78	14	0.820	0.555
10614.000000	78	14	0.822	0.576
10620.000000	78	14	0.827	0.582
10626.000000	78	14	0.832	0.596
10632.000000	78	14	0.834	0.607
10638.000000	78	14	0.840	0.611
10644.000000	78	14	0.851	0.617
10650.000000	78	14	0.858	0.624
10656.000000	78	14	0.862	0.631
10662.000000	78	14	0.860	0.641
10668.000000	78	14	0.864	0.645
10674.000000	78	14	0.868	0.648
10680.000000	78	14	0.874	0.653
10686.000000	78	14	0.875	0.659
10692.000000	78	14	0.876	0.667
10698.000000	78	14	0.876	0.675
10704.000000	78	14	0.876	0.683
10710.000000	78	14	0.875	0.686
10716.000000	78	14	0.873	0.688
10722.000000	78	14	0.873	0.694
10728.000000	78	14	0.875	0.701
10734.000000	78	14	0.875	0.703
10740.000000	78	14	0.876	0.703
10746.000000	78	14	0.879	0.702
10752.000000	78	14	0.881	0.698
10758.000000	78	14	0.879	0.694
10764.000000	78	14	0.878	0.689
10770.000000	78	14	0.878	0.679
10776.000000	78	14	0.878	0.666
10782.000000	78	14	0.875	0.656
10788.000000	78	14	0.872	0.646
10794.000000	78	14	0.868	0.632
10800.000000	78	14	0.867	0.611
10806.000000	78	14	0.865	0.591
10812.000000	78	14	0.861	0.564
10818.000000	78	14	0.855	0.538
10824.000000	78	14	0.851	0.496
10830.000000	78	14	0.848	0.439
10836.000000	78	14	0.846	0.380
10842.000000	78	14	0.847	0.297
10848.000000	78	14	0.859	0.189
10854.000000	78	14	0.866	0.101
10860.000000	78	142	0.869	0.081
10866.000000	78	155	0.872	0.080
10872.000000	78	155	0.875	0.083
10878.000000	78	155	0.874	0.083
10884.000000	78	155	0.872	0.085
10890.000000	78	155	0.869	0.089
10896.000000	78	155	0.870	0.094
10902.000000	78	155	0.875	0.103
10908.000000	78	155	0.877	0.114
10914.000000	78	155	0.881	0.120
10920.000000	78	155	0.889	0.124
10926.000000	78	155	0.895	0.128
10932.000000	78	155	0.898	0.130
10938.000000	78	155	0.899	0.130
10944.000000	78	155	0.899	0.128
10950.000000	78	155	0.901	0.130
10956.000000	78	155	0.903	0.138
10962.000000	78	155	0.904	0.146
10968.000000	78	155	0.906	0.147
10974.000000	78	155	0.906	0.145
10980.000000	78	155	0.907	0.141
10986.000000	78	155	0.911	0.139
10992.000000	78	155	0.913	0.138
10998.000000	78	155	0.914	0.138
11004.000000	78	155	0.919	0.139
11010.000000	78	155	0.921	0.141
11016.000000	78	155	0.920	0.144
11022.000000	78	155	0.920	0.146
11028.000000	78	26	0.922	0.156
11034.000000	78	26	0.922	0.166
11040.000000	78	26	0.920	0.176
11046.000000	78	26	0.918	0.185
11052.000000	78	26	0.914	0.198
11058.000000	78	26	0.908	0.208
11064.000000	78	26	0.904	0.217
11070.000000	78	26	0.901	0.225
11076.000000	78	26	0.901	0.236
11082.000000	78	26	0.899	0.249
11088.000000	78	26	0.895	0.266
11094.000000	78	26	0.891	0.289
11100.000000	78	26	0.886	0.320
11106.000000	78	26	0.880	0.347
11112.000000	78	26	0.871	0.375
11118.000000	78	26	0.859	0.408
11124.000000	78	26	0.843	0.445
11130.000000	78	26	0.823	0.487
11136.000000	78	26	0.798	0.529
11142.000000	78	26	0.763	0.565
11148.000000	78	26	0.708	0.615
11154.000000	26	78	0.667	0.629
11160.000000	26	78	0.731	0.506
11166.000000	26	78	0.788	0.340
11172.000000	26	29	0.835	0.279
11178.000000	26	29	0.867	0.284
11184.000000	26	29	0.878	0.292
11190.000000	26	29	0.886	0.301
11196.000000	26	29	0.891	0.312
11202.000000	26	29	0.895	0.320
11208.000000	26	29	0.900	0.336
11214.000000	26	29	0.900	0.359
11220.000000	26	29	0.897	0.383
11226.000000	26	29	0.894	0.409
11232.000000	26	29	0.897	0.428
11238.000000	26	29	0.897	0.446
11244.000000	26	29	0.900	0.460
11250.000000	26	29	0.898	0.484
11256.000000	26	29	0.894	0.507
11262.000000	26	29	0.893	0.524
11268.000000	26	29	0.894	0.541
11274.000000	26	29	0.896	0.552
11280.000000	26	29	0.896	0.565
11286.000000	26	29	0.897	0.576
11292.000000	26	29	0.898	0.583
11298.000000	26	29	0.897	0.593
11304.000000	26	29	0.897	0.600
11310.000000	26	29	0.898	0.608
11316.000000	26	29	0.897	0.615
11322.000000	26	29	0.896	0.621
11328.000000	26	29	0.895	0.630
11334.000000	26	29	0.892	0.635
11340.000000	26	29	0.892	0.638
11346.000000	26	29	0.891	0.640
11352.000000	26	29	0.890	0.641
11358.000000	26	29	0.887	0.643
11364.000000	26	29	0.880	0.649
11370.000000	26	29	0.873	0.657
11376.000000	26	29	0.870	0.662
11382.000000	26	29	0.870	0.669
11388.000000	26	29	0.869	0.676
11394.000000	26	29	0.868	0.685
11400.000000	26	29	0.867	0.691
11406.000000	26	29	0.861	0.696
11412.000000	26	29	0.857	0.699
11418.000000	26	29	0.854	0.704
11424.000000	26	29	0.851	0.709
11430.000000	26	29	0.848	0.714
11436.000000	26	29	0.845	0.721
11442.000000	26	29	0.845	0.725
11448.000000	26	29	0.843	0.730
11454.000000	26	29	0.840	0.734
11460.000000	26	29	0.834	0.731
11466.000000	26	29	0.825	0.732
11472.000000	26	29	0.815	0.736
11478.000000	26	29	0.801	0.741
11484.000000	26	29	0.780	0.752
11490.000000	29	26	0.761	0.761
11496.000000	29	26	0.767	0.741
11502.000000	29	26	0.772	0.714
11508.000000	29	26	0.784	0.663
11514.000000	29	26	0.800	0.597
11520.000000	29	26	0.819	0.508
11526.000000	29	26	0.839	0.369
11532.000000	29	26	0.858	0.185
11538.000000	29	95	0.877	0.104
11544.000000	29	95	0.894	0.108
11550.000000	29	95	0.900	0.110
11556.000000	29	95	0.901	0.109
11562.000000	29	95	0.905	0.106
11568.000000	29	95	0.907	0.100
11574.000000	29	95	0.910	0.093
11580.000000	29	95	0.922	0.087
11586.000000	29	95	0.927	0.085
11592.000000	29	76	0.932	0.091
11598.000000	29	76	0.940	0.098
11604.000000	29	76	0.943	0.100
11610.000000	29	76	0.942	0.100
11616.000000	29	76	0.942	0.103
11622.000000	29	76	0.942	0.107
11628.000000	29	76	0.942	0.114
11634.000000	29	76	0.942	0.119
11640.000000	29	76	0.940	0.127
11646.000000	29	76	0.937	0.136
11652.000000	29	76	0.935	0.142
11658.000000	29	76	0.933	0.146
11664.000000	29	76	0.931	0.153
11670.000000	29	4	0.928	0.159
11676.000000	29	167	0.923	0.169
11682.000000	29	167	0.918	0.191
11688.000000	29	167	0.914	0.208
11694.000000	29	167	0.909	0.226
11700.000000	29	167	0.903	0.249
11706.000000	29	167	0.898	0.274
11712.000000	29	167	0.892	0.302
11718.000000	29	167	0.886	0.324
11724.000000	29	167	0.872	0.345
11730.000000	29	167	0.855	0.361
11736.000000	29	167	0.838	0.378
11742.000000	29	167	0.820	0.400
11748.000000	29	167	0.796	0.434
11754.000000	29	167	0.766	0.461
11760.000000	29	167	0.730	0.491
11766.000000	29	167	0.692	0.534
11772.000000	29	167	0.635	0.574
11778.000000	167	29	0.614	0.573
11784.000000	167	29	0.636	0.505
11790.000000	167	29	0.660	0.421
11796.000000	167	29	0.689	0.304
11802.000000	167	76	0.730	0.294
11808.000000	167	4	0.772	0.292
11814.000000	167	107	0.789	0.303
11820.000000	167	107	0.808	0.318
11826.000000	167	107	0.810	0.327
11832.000000	167	107	0.814	0.331
11838.000000	167	107	0.819	0.336
11844.000000	167	107	0.826	0.341
11850.000000	167	107	0.830	0.343
11856.000000	167	107	0.828	0.345
11862.000000	167	107	0.833	0.347
11868.000000	167	107	0.835	0.347
11874.000000	167	107	0.836	0.346
11880.000000	167	107	0.835	0.347
11886.000000	167	107	0.837	0.350
11892.000000	167	107	0.836	0.350
11898.000000	167	107	0.836	0.346
11904.000000	167	107	0.839	0.340
11910.000000	167	107	0.842	0.337
11916.000000	167	107	0.848	0.335
11922.000000	167	107	0.857	0.333
11928.000000	167	107	0.863	0.332
11934.000000	167	107	0.868	0.327
11940.000000	167	107	0.875	0.319
11946.000000	167	107	0.878	0.312
11952.000000	167	107	0.881	0.306
11958.000000	167	107	0.886	0.293
11964.000000	167	107	0.891	0.273
11970.000000	167	107	0.893	0.255
11976.000000	167	107	0.896	0.244
11982.000000	167	107	0.904	0.225
11988.000000	167	107	0.910	0.203
11994.000000	167	107	0.915	0.175
12000.000000	167	107	0.918	0.154
12006.000000	167	69	0.919	0.145
12012.000000	167	36	0.920	0.143
12018.000000	167	36	0.921	0.149
12024.000000	167	36	0.923	0.152
12030.000000	167	36	0.923	0.152
12036.000000	167	42	0.922	0.154
12042.000000	167	42	0.921	0.158
12048.000000	167	42	0.920	0.165
12054.000000	167	42	0.918	0.181
12060.000000	167	42	0.917	0.189
12066.000000	167	42	0.915	0.193
12072.000000	167	42	0.913	0.199
12078.000000	167	42	0.912	0.205
12084.000000	167	42	0.908	0.214
12090.000000	167	42	0.904	0.223
12096.000000	167	42	0.900	0.236
12102.000000	167	42	0.894	0.254
12108.000000	167	42	0.891	0.268
12114.000000	167	42	0.887	0.283
12120.000000	167	42	0.881	0.298
12126.000000	167	42	0.873	0.319
12132.000000	167	42	0.869	0.345
12138.000000	167	42	0.866	0.383
12144.000000	167	42	0.860	0.408
12150.000000	167	42	0.850	0.432
12156.000000	167	42	0.841	0.461
12162.000000	167	42	0.825	0.503
12168.000000	167	42	0.807	0.539
12174.000000	167	42	0.783	0.582
12180.000000	167	42	0.743	0.632
12186.000000	167	42	0.703	0.684
12192.000000	42	167	0.734	0.654
12198.000000	42	167	0.777	0.577
12204.000000	42	167	0.808	0.460
12210.000000	42	167	0.847	0.323
12216.000000	42	167	0.906	0.144
12222.000000	42	157	0.923	0.140
12228.000000	42	157	0.929	0.140
12234.000000	42	157	0.934	0.138
12240.000000	42	157	0.941	0.143
12246.000000	42	157	0.943	0.152
12252.000000	42	157	0.941	0.159
12258.000000	42	157	0.940	0.163
12264.000000	42	157	0.940	0.166
12270.000000	42	157	0.941	0.165
12276.000000	42	157	0.945	0.164
12282.000000	42	157	0.945	0.165
12288.000000	42	157	0.944	0.164
12294.000000	42	157	0.943	0.160
12300.000000	42	157	0.942	0.156
12306.000000	42	157	0.940	0.154
12312.000000	42	157	0.938	0.150
12318.000000	42	10	0.936	0.147
12324.000000	42	10	0.935	0.160
12330.000000	42	10	0.934	0.172
12336.000000	42	10	0.933	0.183
12342.000000	42	10	0.935	0.195
12348.000000	42	10	0.934	0.207
12354.000000	42	10	0.932	0.218
12360.000000	42	10	0.930	0.233
12366.000000	42	10	0.929	0.244
12372.000000	42	10	0.928	0.251
12378.000000	42	10	0.927	0.260
12384.000000	42	10	0.924	0.274
12390.000000	42	10	0.922	0.286
12396.000000	42	10	0.920	0.303
12402.000000	42	10	0.916	0.325
12408.000000	42	10	0.912	0.343
12414.000000	42	10	0.910	0.366
12420.000000	42	10	0.906	0.393
12426.000000	42	10	0.898	0.422
12432.000000	42	10	0.892	0.451
12438.000000	42	10	0.886	0.479
12444.000000	42	10	0.878	0.502
12450.000000	42	10	0.871	0.527
12456.000000	42	10	0.865	0.549
12462.000000	42	10	0.859	0.571
12468.000000	42	10	0.854	0.587
12474.000000	42	10	0.848	0.604
12480.000000	42	10	0.836	0.634
12486.000000	42	10	0.826	0.654
12492.000000	42	10	0.817	0.671
12498.000000	42	10	0.801	0.688
12504.000000	42	10	0.788	0.703
12510.000000	42	10	0.766	0.719
12516.000000	42	10	0.745	0.744
12522.000000	10	42	0.764	0.720
12528.000000	10	42	0.790	0.678
12534.000000	10	42	0.828	0.615
12540.000000	10	42	0.873	0.526
12546.000000	10	42	0.917	0.425
12552.000000	10	42	0.938	0.298
12558.000000	10	175	0.950	0.248
12564.000000	10	175	0.960	0.252
12570.000000	10	175	0.960	0.261
12576.000000	10	175	0.960	0.272
12582.000000	10	175	0.959	0.278
12588.000000	10	175	0.957	0.282
12594.000000	10	175	0.954	0.294
12600.000000	10	175	0.951	0.312
12606.000000	10	175	0.949	0.332
12612.000000	10	175	0.946	0.350
12618.000000	10	175	0.943	0.369
12624.000000	10	175	0.939	0.388
12630.000000	10	175	0.936	0.403
12636.000000	10	175	0.934	0.414
12642.000000	10	175	0.932	0.424
12648.000000	10	175	0.930	0.443
12654.000000	10	175	0.929	0.459
12660.000000	10	175	0.928	0.464
12666.000000	10	175	0.925	0.470
12672.000000	10	175	0.923	0.475
12678.000000	10	175	0.920	0.480
12684.000000	10	175	0.915	0.485
12690.000000	10	175	0.910	0.490
12696.000000	10	175	0.905	0.495
12702.000000	10	175	0.901	0.498
12708.000000	10	175	0.897	0.506
12714.000000	10	175	0.895	0.512
12720.000000	10	175	0.892	0.517
12726.000000	10	175	0.885	0.523
12732.000000	10	175	0.879	0.525
12738.000000	10	175	0.875	0.527
12744.000000	10	175	0.869	0.535
12750.000000	10	175	0.866	0.537
12756.000000	10	175	0.866	0.533
12762.000000	10	175	0.864	0.530
12768.000000	10	175	0.857	0.534
12774.000000	10	175	0.846	0.540
12780.000000	10	175	0.842	0.542
12786.000000	10	175	0.833	0.542
12792.000000	10	175	0.814	0.543
12798.000000	10	175	0.793	0.551
12804.000000	10	175	0.772	0.557
12810.000000	10	175	0.751	0.554
12816.000000	10	175	0.719	0.559
12822.000000	10	175	0.672	0.561
12828.000000	10	123	0.619	0.583
12834.000000	123	175	0.606	0.578
12840.000000	123	175	0.643	0.600
12846.000000	123	175	0.688	0.632
12852.000000	123	175	0.728	0.651
12858.000000	123	175	0.747	0.660
12864.000000	123	175	0.769	0.668
12870.000000	123	175	0.791	0.672
12876.000000	123	175	0.808	0.673
12882.000000	123	175	0.818	0.670
12888.000000	123	175	0.826	0.666
12894.000000	123	175	0.834	0.659
12900.000000	123	175	0.834	0.662
12906.000000	123	175	0.836	0.663
12912.000000	123	175	0.840	0.662
12918.000000	123	175	0.843	0.655
12924.000000	123	175	0.843	0.651
12930.000000	123	175	0.843	0.643
12936.000000	123	175	0.848	0.628
12942.000000	123	175	0.852	0.617
12948.000000	123	175	0.857	0.606
12954.000000	123	175	0.860	0.596
12960.000000	123	175	0.865	0.579
12966.000000	123	175	0.866	0.557
12972.000000	123	175	0.866	0.530
12978.000000	123	175	0.865	0.514
12984.000000	123	175	0.867	0.498
12990.000000	123	175	0.866	0.472
12996.000000	123	175	0.868	0.442
13002.000000	123	175	0.873	0.410
13008.000000	123	175	0.880	0.359
13014.000000	123	175	0.885	0.304
13020.000000	123	175	0.889	0.241
13026.000000	123	13	0.896	0.242
13032.000000	123	13	0.907	0.251
13038.000000	123	13	0.918	0.254
13044.000000	123	13	0.919	0.261
13050.000000	123	13	0.918	0.264
13056.000000	123	59	0.914	0.266
13062.000000	123	59	0.912	0.280
13068.000000	123	59	0.907	0.292
13074.000000	123	59	0.903	0.308
13080.000000	123	59	0.901	0.322
13086.000000	123	59	0.901	0.347
13092.000000	123	59	0.896	0.374
13098.000000	123	59	0.894	0.391
13104.000000	123	59	0.891	0.418
13110.000000	123	59	0.886	0.444
13116.000000	123	59	0.874	0.470
13122.000000	123	59	0.863	0.496
13128.000000	123	59	0.853	0.514
13134.000000	123	59	0.849	0.532
13140.000000	123	59	0.842	0.550
13146.000000	123	59	0.833	0.566
13152.000000	123	59	0.821	0.589
13158.000000	123	59	0.800	0.614
13164.000000	123	59	0.778	0.639
13170.000000	123	59	0.755	0.664
13176.000000	123	59	0.725	0.693
13182.000000	59	123	0.718	0.687
13188.000000	59	123	0.756	0.637
13194.000000	59	123	0.802	0.561
13200.000000	59	123	0.841	0.460
13206.000000	59	123	0.875	0.347
13212.000000	59	13	0.916	0.197
13218.000000	59	13	0.936	0.171
13224.000000	59	13	0.944	0.135
13230.000000	59	13	0.957	0.112
13236.000000	59	13	0.969	0.099
13242.000000	59	11	0.970	0.098
13248.000000	59	11	0.969	0.105
13254.000000	59	11	0.968	0.114
13260.000000	59	11	0.967	0.127
13266.000000	59	11	0.966	0.139
13272.000000	59	11	0.968	0.151
13278.000000	59	11	0.967	0.164
13284.000000	59	11	0.965	0.179
13290.000000	59	11	0.963	0.194
13296.000000	59	11	0.960	0.207
13302.000000	59	11	0.957	0.217
13308.000000	59	11	0.954	0.230
13314.000000	59	11	0.952	0.245
13320.000000	59	11	0.948	0.257
13326.000000	59	11	0.944	0.276
13332.000000	59	11	0.938	0.290
13338.000000	59	11	0.931	0.301
13344.000000	59	11	0.928	0.308
13350.000000	59	11	0.924	0.317
13356.000000	59	11	0.920	0.324
13362.000000	59	11	0.915	0.328
13368.000000	59	11	0.909	0.337
13374.000000	59	11	0.902	0.349
13380.000000	59	11	0.899	0.356
13386.000000	59	11	0.895	0.363
13392.000000	59	11	0.889	0.369
13398.000000	59	11	0.886	0.376
13404.000000	59	11	0.883	0.384
13410.000000	59	11	0.876	0.393
13416.000000	59	11	0.867	0.403
13422.000000	59	11	0.857	0.412
13428.000000	59	11	0.848	0.419
13434.000000	59	11	0.842	0.426
13440.000000	59	11	0.834	0.431
13446.000000	59	11	0.822	0.436
13452.000000	59	11	0.807	0.437
13458.000000	59	11	0.791	0.445
13464.000000	59	11	0.774	0.447
13470.000000	59	113	0.756	0.465
13476.000000	59	113	0.733	0.486
13482.000000	59	113	0.703	0.506
13488.000000	59	113	0.661	0.535
13494.000000	59	113	0.593	0.573
13500.000000	113	11	0.630	0.536
13506.000000	113	11	0.676	0.551
13512.000000	113	11	0.724	0.578
13518.000000	113	11	0.778	0.617
13524.000000	113	11	0.817	0.639
13530.000000	113	11	0.848	0.648
13536.000000	113	11	0.854	0.662
13542.000000	113	11	0.859	0.680
13548.000000	113	11	0.857	0.695
13554.000000	113	11	0.854	0.704
13560.000000	113	11	0.850	0.711
13566.000000	113	11	0.848	0.713
13572.000000	113	11	0.850	0.715
13578.000000	113	11	0.851	0.715
13584.000000	113	11	0.852	0.717
13590.000000	113	11	0.853	0.722
13596.000000	113	11	0.851	0.724
13602.000000	113	11	0.851	0.731
13608.000000	113	11	0.851	0.737
13614.000000	113	11	0.853	0.740
13620.000000	113	11	0.852	0.743
13626.000000	113	11	0.851	0.749
13632.000000	113	11	0.850	0.752
13638.000000	113	11	0.849	0.755
13644.000000	113	11	0.848	0.752
13650.000000	113	11	0.845	0.747
13656.000000	113	11	0.842	0.745
13662.000000	113	11	0.841	0.741
13668.000000	113	11	0.842	0.737
13674.000000	113	11	0.841	0.736
13680.000000	113	11	0.843	0.731
13686.000000	113	11	0.844	0.724
13692.000000	113	11	0.844	0.714
13698.000000	113	11	0.845	0.705
13704.000000	113	11	0.847	0.695
13710.000000	113	11	0.852	0.683
13716.000000	113	11	0.854	0.671
13722.000000	113	11	0.858	0.653
13728.000000	113	11	0.858	0.628
13734.000000	113	11	0.855	0.600
13740.000000	113	11	0.858	0.562
13746.000000	113	11	0.861	0.515
13752.000000	113	11	0.868	0.445
13758.000000	113	11	0.868	0.346
13764.000000	113	82	0.877	0.331
13770.000000	113	82	0.883	0.343
13776.000000	113	82	0.887	0.358
13782.000000	113	82	0.888	0.374
13788.000000	113	82	0.887	0.407
13794.000000	113	82	0.885	0.445
13800.000000	113	82	0.883	0.479
13806.000000	113	82	0.882	0.509
13812.000000	113	82	0.879	0.537
13818.000000	113	82	0.875	0.560
13824.000000	113	82	0.872	0.576
13830.000000	113	82	0.864	0.596
13836.000000	113	82	0.854	0.615
13842.000000	113	82	0.844	0.629
13848.000000	113	82	0.836	0.637
13854.000000	113	82	0.828	0.648
13860.000000	113	82	0.812	0.667
13866.000000	113	82	0.795	0.687
13872.000000	113	82	0.776	0.703
13878.000000	113	82	0.744	0.729
13884.000000	82	113	0.750	0.715
13890.000000	82	113	0.772	0.670
13896.000000	82	113	0.800	0.607
13902.000000	82	113	0.830	0.519
13908.000000	82	113	0.860	0.383
13914.000000	82	113	0.892	0.234
13920.000000	82	89	0.913	0.128
13926.000000	82	89	0.925	0.128
13932.000000	82	89	0.935	0.120
13938.000000	82	167	0.940	0.111
13944.000000	82	41	0.945	0.122
13950.000000	82	41	0.946	0.135
13956.000000	82	41	0.947	0.146
13962.000000	82	41	0.946	0.151
13968.000000	82	41	0.944	0.159
13974.000000	82	41	0.944	0.168
13980.000000	82	41	0.945	0.176
13986.000000	82	41	0.947	0.179
13992.000000	82	42	0.945	0.187
13998.000000	82	42	0.942	0.200
14004.000000	82	42	0.941	0.211
14010.000000	82	42	0.939	0.222
14016.000000	82	42	0.933	0.233
14022.000000	82	42	0.930	0.240
14028.000000	82	42	0.926	0.244
14034.000000	82	42	0.923	0.250
14040.000000	82	42	0.921	0.256
14046.000000	82	42	0.917	0.257
14052.000000	82	42	0.907	0.262
14058.000000	82	42	0.903	0.266
14064.000000	82	42	0.899	0.268
14070.000000	82	42	0.895	0.268
14076.000000	82	42	0.889	0.270
14082.000000	82	42	0.883	0.272
14088.000000	82	42	0.876	0.277
14094.000000	82	42	0.873	0.278
14100.000000	82	42	0.871	0.278
14106.000000	82	42	0.867	0.277
14112.000000	82	42	0.861	0.274
14118.000000	82	42	0.855	0.274
14124.000000	82	42	0.851	0.272
14130.000000	82	42	0.844	0.272
14136.000000	82	42	0.834	0.274
14142.000000	82	42	0.829	0.272
14148.000000	82	42	0.825	0.269
14154.000000	82	42	0.820	0.265
14160.000000	82	42	0.815	0.263
14166.000000	82	42	0.809	0.259
14172.000000	82	42	0.800	0.256
14178.000000	82	42	0.789	0.250
14184.000000	82	87	0.784	0.245
14190.000000	82	87	0.778	0.256
14196.000000	82	87	0.770	0.272
14202.000000	82	87	0.753	0.293
14208.000000	82	87	0.731	0.313
14214.000000	82	87	0.713	0.330
14220.000000	82	87	0.692	0.347
14226.000000	82	87	0.656	0.370
14232.000000	82	87	0.604	0.406
14238.000000	82	87	0.540	0.445
14244.000000	87	82	0.496	0.436
14250.000000	87	82	0.563	0.298
14256.000000	87	35	0.634	0.187
14262.000000	87	35	0.698	0.177
14268.000000	87	5	0.747	0.172
14274.000000	87	5	0.785	0.186
14280.000000	87	5	0.811	0.197
14286.000000	87	5	0.830	0.197
14292.000000	87	5	0.849	0.195
14298.000000	87	35	0.859	0.204
14304.000000	87	35	0.865	0.222
14310.000000	87	35	0.874	0.236
14316.000000	87	35	0.886	0.244
14322.000000	87	35	0.895	0.252
14328.000000	87	35	0.897	0.259
14334.000000	87	35	0.901	0.264
14340.000000	87	35	0.905	0.270
14346.000000	87	35	0.906	0.274
14352.000000	87	35	0.906	0.276
14358.000000	87	35	0.905	0.281
14364.000000	87	35	0.906	0.284
14370.000000	87	35	0.906	0.289
14376.000000	87	35	0.907	0.287
14382.000000	87	35	0.908	0.290
14388.000000	87	35	0.908	0.294
14394.000000	87	35	0.907	0.297
14400.000000	87	35	0.907	0.306
14406.000000	87	35	0.906	0.309
14412.000000	87	35	0.903	0.315
14418.000000	87	35	0.905	0.324
14424.000000	87	35	0.907	0.334
14430.000000	87	35	0.910	0.339
14436.000000	87	35	0.911	0.343
14442.000000	87	35	0.912	0.346
14448.000000	87	35	0.913	0.348
14454.000000	87	35	0.913	0.346
14460.000000	87	35	0.912	0.343
14466.000000	87	35	0.911	0.343
14472.000000	87	35	0.909	0.343
14478.000000	87	35	0.909	0.339
14484.000000	87	35	0.909	0.334
14490.000000	87	35	0.910	0.328
14496.000000	87	35	0.910	0.319
14502.000000	87	35	0.910	0.313
14508.000000	87	5	0.910	0.308
14514.000000	87	5	0.910	0.305
14520.000000	87	5	0.909	0.302
14526.000000	87	5	0.907	0.302
14532.000000	87	5	0.904	0.303
14538.000000	87	5	0.901	0.303
14544.000000	87	5	0.899	0.304
14550.000000	87	5	0.900	0.302
14556.000000	87	5	0.905	0.294
14562.000000	87	5	0.909	0.288
14568.000000	87	5	0.909	0.280
14574.000000	87	5	0.909	0.271
14580.000000	87	5	0.913	0.257
14586.000000	87	5	0.917	0.246
14592.000000	87	5	0.920	0.229
14598.000000	87	164	0.920	0.220
14604.000000	87	164	0.922	0.221
14610.000000	87	164	0.922	0.220
14616.000000	87	164	0.920	0.218
14622.000000	87	164	0.916	0.220
14628.000000	87	164	0.912	0.228
14634.000000	87	164	0.907	0.237
14640.000000	87	164	0.904	0.247
14646.000000	87	164	0.902	0.257
14652.000000	87	164	0.900	0.270
14658.000000	87	164	0.898	0.288
14664.000000	87	164	0.895	0.308
14670.000000	87	164	0.891	0.333
14676.000000	87	164	0.885	0.357
14682.000000	87	164	0.873	0.390
14688.000000	87	164	0.859	0.429
14694.000000	87	164	0.842	0.463
14700.000000	87	164	0.821	0.489
14706.000000	87	164	0.800	0.511
14712.000000	87	164	0.771	0.536
14718.000000	87	164	0.736	0.576
14724.000000	87	164	0.690	0.614
14730.000000	164	87	0.680	0.610
14736.000000	164	87	0.760	0.465
14742.000000	164	87	0.839	0.265
14748.000000	164	146	0.900	0.101
14754.000000	164	146	0.937	0.103
14760.000000	164	146	0.945	0.110
14766.000000	164	146	0.948	0.122
14772.000000	164	146	0.953	0.136
14778.000000	164	146	0.957	0.151
14784.000000	164	146	0.956	0.163
14790.000000	164	146	0.952	0.170
14796.000000	164	146	0.949	0.184
14802.000000	164	146	0.944	0.212
14808.000000	164	146	0.942	0.232
14814.000000	164	146	0.941	0.252
14820.000000	164	146	0.942	0.274
14826.000000	164	146	0.940	0.299
14832.000000	164	146	0.938	0.320
14838.000000	164	146	0.936	0.346
14844.000000	164	146	0.934	0.379
14850.000000	164	146	0.931	0.411
14856.000000	164	146	0.929	0.447
14862.000000	164	146	0.926	0.481
14868.000000	164	146	0.923	0.512
14874.000000	164	146	0.919	0.545
14880.000000	164	146	0.914	0.567
14886.000000	164	146	0.912	0.584
14892.000000	164	146	0.909	0.597
14898.000000	164	146	0.905	0.608
14904.000000	164	146	0.897	0.620
14910.000000	164	146	0.888	0.631
14916.000000	164	146	0.875	0.651
14922.000000	164	146	0.871	0.662
14928.000000	164	146	0.867	0.671
14934.000000	164	146	0.859	0.679
14940.000000	164	146	0.852	0.685
14946.000000	164	146	0.843	0.694
14952.000000	164	146	0.837	0.702
14958.000000	164	146	0.826	0.707
14964.000000	164	146	0.815	0.710
14970.000000	164	146	0.806	0.719
14976.000000	164	146	0.797	0.728
14982.000000	164	146	0.789	0.732
14988.000000	164	146	0.775	0.742
14994.000000	164	146	0.757	0.754
15000.000000	146	164	0.767	0.741
15006.000000	146	164	0.777	0.726
15012.000000	146	164	0.789	0.705
15018.000000	146	164	0.799	0.673
15024.000000	146	164	0.810	0.630
15030.000000	146	164	0.820	0.586
15036.000000	146	164	0.836	0.532
15042.000000	146	193	0.839	0.535
15048.000000	146	193	0.863	0.573
15054.000000	146	193	0.884	0.609
15060.000000	146	193	0.894	0.647
15066.000000	146	193	0.895	0.664
15072.000000	146	193	0.893	0.667
15078.000000	146	193	0.901	0.660
15084.000000	146	193	0.904	0.660
15090.000000	146	193	0.905	0.662
15096.000000	146	193	0.904	0.667
15102.000000	146	193	0.902	0.666
15108.000000	146	193	0.903	0.662
15114.000000	146	193	0.901	0.656
15120.000000	146	193	0.898	0.651
15126.000000	146	193	0.896	0.645
15132.000000	146	193	0.891	0.639
15138.000000	146	193	0.889	0.631
15144.000000	146	193	0.886	0.621
15150.000000	146	193	0.882	0.613
15156.000000	146	193	0.879	0.606
15162.000000	146	193	0.873	0.590
15168.000000	146	193	0.867	0.571
15174.000000	146	193	0.863	0.551
15180.000000	146	193	0.857	0.531
15186.000000	146	193	0.849	0.509
15192.000000	146	193	0.843	0.482
15198.000000	146	193	0.838	0.458
15204.000000	146	193	0.833	0.435
15210.000000	146	193	0.826	0.406
15216.000000	146	193	0.819	0.364
15222.000000	146	193	0.807	0.322
15228.000000	146	193	0.801	0.268
15234.000000	146	193	0.805	0.196
15240.000000	146	101	0.807	0.199
15246.000000	146	101	0.802	0.207
15252.000000	146	101	0.795	0.203
15258.000000	146	101	0.784	0.212
15264.000000	146	101	0.776	0.223
15270.000000	146	101	0.765	0.234
15276.000000	146	101	0.753	0.247
15282.000000	146	101	0.741	0.264
15288.000000	146	101	0.724	0.284
15294.000000	146	101	0.702	0.307
15300.000000	146	101	0.677	0.324
15306.000000	146	101	0.643	0.348
15312.000000	146	101	0.596	0.379
15318.000000	146	101	0.535	0.417
15324.000000	101	146	0.467	0.448
15330.000000	101	146	0.524	0.355
15336.000000	101	163	0.596	0.239
15342.000000	101	163	0.666	0.255
15348.000000	101	163	0.735	0.269
15354.000000	101	163	0.776	0.300
15360.000000	101	163	0.801	0.347
15366.000000	101	163	0.826	0.382
15372.000000	101	163	0.839	0.422
15378.000000	101	163	0.847	0.462
15384.000000	101	163	0.855	0.492
15390.000000	101	163	0.855	0.520
15396.000000	101	163	0.854	0.536
15402.000000	101	163	0.854	0.549
15408.000000	101	163	0.857	0.559
15414.000000	101	163	0.861	0.566
15420.000000	101	163	0.858	0.574
15426.000000	101	163	0.852	0.586
15432.000000	101	163	0.855	0.589
15438.000000	101	163	0.857	0.597
15444.000000	101	163	0.860	0.605
15450.000000	101	163	0.860	0.608
15456.000000	101	163	0.864	0.612
15462.000000	101	163	0.869	0.611
15468.000000	101	163	0.870	0.613
15474.000000	101	163	0.878	0.610
15480.000000	101	163	0.885	0.610
15486.000000	101	163	0.885	0.610
15492.000000	101	163	0.886	0.610
15498.000000	101	163	0.885	0.611
15504.000000	101	163	0.884	0.614
15510.000000	101	163	0.880	0.619
15516.000000	101	163	0.879	0.624
15522.000000	101	163	0.880	0.634
15528.000000	101	163	0.880	0.642
15534.000000	101	163	0.881	0.646
15540.000000	101	163	0.881	0.650
15546.000000	101	163	0.882	0.651
15552.000000	101	163	0.881	0.654
15558.000000	101	163	0.882	0.651
15564.000000	101	163	0.882	0.648
15570.000000	101	163	0.885	0.645
15576.000000	101	163	0.885	0.646
15582.000000	101	163	0.884	0.653
15588.000000	101	163	0.888	0.656
15594.000000	101	163	0.889	0.658
15600.000000	101	163	0.889	0.659
15606.000000	101	163	0.889	0.656
15612.000000	101	163	0.885	0.656
15618.000000	101	163	0.885	0.650
15624.000000	101	163	0.888	0.636
15630.000000	101	163	0.886	0.627
15636.000000	101	163	0.885	0.622
15642.000000	101	163	0.879	0.616
15648.000000	101	163	0.877	0.607
15654.000000	101	163	0.877	0.592
15660.000000	101	163	0.876	0.579
15666.000000	101	163	0.877	0.557
15672.000000	101	163	0.874	0.535
15678.000000	101	163	0.874	0.516
15684.000000	101	163	0.875	0.487
15690.000000	101	163	0.878	0.433
15696.000000	101	163	0.887	0.350
15702.000000	101	163	0.890	0.254
15708.000000	101	163	0.893	0.172
15714.000000	101	163	0.897	0.107
15720.000000	101	163	0.907	0.063
15726.000000	101	10	0.916	0.049
15732.000000	101	10	0.926	0.053
15738.000000	101	10	0.936	0.056
15744.000000	101	10	0.943	0.056
15750.000000	101	10	0.948	0.055
15756.000000	101	10	0.951	0.055
15762.000000	101	10	0.953	0.054
15768.000000	101	10	0.956	0.055
15774.000000	101	10	0.958	0.058
15780.000000	101	10	0.959	0.059
15786.000000	101	10	0.959	0.060
15792.000000	101	10	0.959	0.062
15798.000000	101	10	0.959	0.063
15804.000000	101	10	0.961	0.064
15810.000000	101	10	0.964	0.064
15816.000000	101	10	0.964	0.066
15822.000000	101	10	0.962	0.068
15828.000000	101	10	0.962	0.069
15834.000000	101	10	0.962	0.069
15840.000000	101	10	0.963	0.068
15846.000000	101	10	0.965	0.065
15852.000000	101	10	0.965	0.064
15858.000000	101	10	0.965	0.062
15864.000000	101	10	0.965	0.061
15870.000000	101	10	0.965	0.061
15876.000000	101	10	0.966	0.061
15882.000000	101	10	0.968	0.060
15888.000000	101	10	0.970	0.059
15894.000000	101	10	0.972	0.058
15900.000000	101	10	0.972	0.055
15906.000000	101	10	0.972	0.053
15912.000000	101	10	0.972	0.050
15918.000000	101	10	0.972	0.046
15924.000000	101	10	0.972	0.042
15930.000000	101	10	0.972	0.036
15936.000000	101	48	0.973	0.033
15942.000000	101	48	0.973	0.033
15948.000000	101	48	0.975	0.033
15954.000000	101	48	0.975	0.033
15960.000000	101	48	0.976	0.033
15966.000000	101	48	0.978	0.033
15972.000000	101	48	0.979	0.031
15978.000000	101	48	0.981	0.030
15984.000000	101	48	0.982	0.030
15990.000000	101	48	0.982	0.031
15996.000000	101	48	0.982	0.031
16002.000000	101	48	0.981	0.031
16008.000000	101	48	0.981	0.031
16014.000000	101	48	0.981	0.031
16020.000000	101	48	0.981	0.031
16026.000000	101	48	0.981	0.032
16032.000000	101	48	0.980	0.032
16038.000000	101	48	0.980	0.033
16044.000000	101	48	0.978	0.034
16050.000000	101	48	0.976	0.035
16056.000000	101	48	0.975	0.036
16062.000000	101	48	0.974	0.036
16068.000000	101	48	0.973	0.037
16074.000000	101	48	0.973	0.039
16080.000000	101	48	0.974	0.040
16086.000000	101	48	0.974	0.040
16092.000000	101	48	0.973	0.040
16098.000000	101	48	0.972	0.040
16104.000000	101	48	0.971	0.040
16110.000000	101	48	0.969	0.040
16116.000000	101	48	0.967	0.040
16122.000000	101	48	0.965	0.040
16128.000000	101	48	0.963	0.040
16134.000000	101	48	0.961	0.040
16140.000000	101	48	0.959	0.040
16146.000000	101	48	0.958	0.040
16152.000000	101	48	0.957	0.040
16158.000000	101	48	0.954	0.040
16164.000000	101	48	0.950	0.040
16170.000000	101	48	0.945	0.040
16176.000000	101	48	0.941	0.040
16182.000000	101	48	0.937	0.040
16188.000000	101	48	0.933	0.040
16194.000000	101	48	0.930	0.040
16200.000000	101	48	0.925	0.038
16206.000000	101	118	0.921	0.038
16212.000000	101	118	0.918	0.039
16218.000000	101	118	0.913	0.038
16224.000000	101	48	0.908	0.037
16230.000000	101	48	0.901	0.037
16236.000000	101	48	0.891	0.036
16242.000000	101	86	0.882	0.033
16248.000000	101	86	0.873	0.036
16254.000000	101	86	0.861	0.037
16260.000000	101	86	0.849	0.038
16266.000000	101	86	0.834	0.038
16272.000000	101	86	0.814	0.039
16278.000000	101	86	0.791	0.040
16284.000000	101	86	0.756	0.042
16290.000000	101	86	0.694	0.043
16296.000000	101	86	0.611	0.045
16302.000000	101	86	0.450	0.046
16308.000000	101	86	0.141	0.032
16314.000000	18	86	0.013	0.013
16320.000000	13	18	0.012	0.012
16326.000000	160	13	0.012	0.012
16332.000000	160	13	0.012	0.012
16338.000000	160	13	0.012	0.012
16344.000000	160	13	0.012	0.012
16350.000000	160	13	0.012	0.011
16356.000000	160	13	0.012	0.009
16362.000000	160	34	0.012	0.008
16368.000000	160	34	0.012	0.008
16374.000000	160	34	0.011	0.008
16380.000000	160	34	0.008	0.008
