0.000000	125	102	0.000	0.000
6.000000	28	162	0.992	0.043
12.000000	28	162	0.992	0.045
18.000000	28	162	0.992	0.047
24.000000	28	162	0.991	0.050
30.000000	28	162	0.989	0.056
36.000000	28	162	0.987	0.060
42.000000	28	162	0.985	0.064
48.000000	28	162	0.983	0.072
54.000000	28	162	0.980	0.083
60.000000	28	162	0.978	0.098
66.000000	28	162	0.976	0.111
72.000000	28	162	0.973	0.122
78.000000	28	162	0.970	0.129
84.000000	28	162	0.967	0.140
90.000000	28	162	0.964	0.153
96.000000	28	162	0.960	0.170
102.000000	28	162	0.956	0.189
108.000000	28	162	0.952	0.198
114.000000	28	162	0.948	0.205
120.000000	28	162	0.945	0.215
126.000000	28	162	0.942	0.222
132.000000	28	162	0.939	0.229
138.000000	28	162	0.936	0.234
144.000000	28	162	0.934	0.239
150.000000	28	162	0.932	0.241
156.000000	28	162	0.930	0.241
162.000000	28	162	0.928	0.245
168.000000	28	162	0.926	0.246
174.000000	28	162	0.925	0.251
180.000000	28	162	0.923	0.253
186.000000	28	162	0.922	0.253
192.000000	28	162	0.921	0.253
198.000000	28	162	0.920	0.253
204.000000	28	162	0.919	0.254
210.000000	28	162	0.918	0.253
216.000000	28	162	0.918	0.253
222.000000	28	162	0.917	0.253
228.000000	28	162	0.915	0.254
234.000000	28	162	0.915	0.255
240.000000	28	162	0.915	0.254
246.000000	28	162	0.915	0.251
252.000000	28	162	0.915	0.245
258.000000	28	162	0.915	0.242
264.000000	28	162	0.915	0.237
270.000000	28	54	0.916	0.232
276.000000	28	54	0.915	0.231
282.000000	28	183	0.915	0.237
288.000000	28	183	0.916	0.234
294.000000	28	183	0.917	0.229
300.000000	28	183	0.918	0.215
306.000000	28	54	0.917	0.204
312.000000	28	54	0.918	0.199
318.000000	28	54	0.919	0.194
324.000000	28	54	0.919	0.190
330.000000	28	54	0.919	0.184
336.000000	28	155	0.918	0.179
342.000000	28	155	0.918	0.190
348.000000	28	155	0.916	0.199
354.000000	28	155	0.914	0.209
360.000000	28	155	0.910	0.227
366.000000	28	155	0.908	0.244
372.000000	28	155	0.905	0.262
378.000000	28	155	0.903	0.273
384.000000	28	155	0.899	0.284
390.000000	28	155	0.896	0.300
396.000000	28	155	0.890	0.321
402.000000	28	155	0.886	0.341
408.000000	28	155	0.879	0.355
414.000000	28	155	0.873	0.368
420.000000	28	155	0.863	0.378
426.000000	28	155	0.852	0.396
432.000000	28	155	0.836	0.423
438.000000	28	155	0.819	0.440
444.000000	28	155	0.800	0.456
450.000000	28	155	0.775	0.488
456.000000	28	155	0.752	0.526
462.000000	28	155	0.723	0.563
468.000000	28	155	0.684	0.593
474.000000	28	155	0.636	0.621
480.000000	155	28	0.665	0.564
486.000000	155	28	0.696	0.483
492.000000	155	106	0.732	0.373
498.000000	155	106	0.767	0.422
504.000000	155	106	0.795	0.470
510.000000	155	106	0.813	0.504
516.000000	155	106	0.825	0.522
522.000000	155	106	0.824	0.540
528.000000	155	106	0.821	0.558
534.000000	155	106	0.823	0.569
540.000000	155	106	0.823	0.577
546.000000	155	106	0.822	0.581
552.000000	155	106	0.822	0.585
558.000000	155	106	0.824	0.589
564.000000	155	106	0.820	0.594
570.000000	155	106	0.819	0.600
576.000000	155	106	0.819	0.604
582.000000	155	106	0.820	0.606
588.000000	155	106	0.819	0.609
594.000000	155	106	0.823	0.612
600.000000	155	106	0.826	0.615
606.000000	155	106	0.827	0.622
612.000000	155	106	0.827	0.626
618.000000	155	106	0.823	0.631
624.000000	155	106	0.824	0.631
630.000000	155	106	0.824	0.635
636.000000	155	106	0.824	0.642
642.000000	155	106	0.824	0.650
648.000000	155	106	0.827	0.653
654.000000	155	106	0.827	0.660
660.000000	155	106	0.823	0.667
666.000000	155	106	0.822	0.673
672.000000	155	106	0.822	0.678
678.000000	155	106	0.818	0.684
684.000000	155	106	0.817	0.685
690.000000	155	106	0.817	0.682
696.000000	155	106	0.817	0.685
702.000000	155	106	0.816	0.692
708.000000	155	106	0.816	0.701
714.000000	155	106	0.819	0.705
720.000000	155	106	0.819	0.712
726.000000	155	106	0.815	0.712
732.000000	155	106	0.811	0.714
738.000000	155	106	0.807	0.717
744.000000	155	106	0.805	0.712
750.000000	155	106	0.797	0.703
756.000000	155	106	0.788	0.696
762.000000	155	106	0.776	0.691
768.000000	155	106	0.761	0.686
774.000000	155	106	0.741	0.681
780.000000	155	106	0.722	0.675
786.000000	155	106	0.693	0.672
792.000000	155	106	0.671	0.662
798.000000	106	155	0.656	0.645
804.000000	106	155	0.648	0.610
810.000000	106	155	0.625	0.569
816.000000	106	155	0.606	0.518
822.000000	106	190	0.583	0.511
828.000000	106	190	0.573	0.546
834.000000	190	106	0.599	0.556
840.000000	190	106	0.657	0.528
846.000000	190	106	0.702	0.498
852.000000	190	106	0.728	0.455
858.000000	190	106	0.767	0.387
864.000000	190	175	0.790	0.331
870.000000	190	175	0.800	0.336
876.000000	190	175	0.805	0.346
882.000000	190	175	0.813	0.367
888.000000	190	175	0.828	0.376
894.000000	190	175	0.833	0.384
900.000000	190	175	0.836	0.386
906.000000	190	175	0.834	0.393
912.000000	190	175	0.829	0.398
918.000000	190	175	0.826	0.408
924.000000	190	175	0.821	0.425
930.000000	190	175	0.826	0.432
936.000000	190	175	0.833	0.435
942.000000	190	175	0.835	0.433
948.000000	190	175	0.836	0.435
954.000000	190	175	0.835	0.436
960.000000	190	175	0.840	0.437
966.000000	190	175	0.840	0.441
972.000000	190	175	0.839	0.445
978.000000	190	175	0.838	0.446
984.000000	190	175	0.837	0.447
990.000000	190	175	0.837	0.443
996.000000	190	175	0.837	0.437
1002.000000	190	175	0.839	0.433
1008.000000	190	175	0.840	0.429
1014.000000	190	175	0.841	0.426
1020.000000	190	175	0.843	0.421
1026.000000	190	175	0.845	0.414
1032.000000	190	175	0.848	0.403
1038.000000	190	175	0.851	0.397
1044.000000	190	175	0.851	0.390
1050.000000	190	175	0.855	0.378
1056.000000	190	175	0.860	0.364
1062.000000	190	175	0.865	0.348
1068.000000	190	175	0.866	0.332
1074.000000	190	175	0.866	0.312
1080.000000	190	175	0.867	0.291
1086.000000	190	175	0.872	0.255
1092.000000	190	118	0.874	0.237
1098.000000	190	118	0.875	0.235
1104.000000	190	118	0.879	0.228
1110.000000	190	118	0.886	0.221
1116.000000	190	118	0.889	0.213
1122.000000	190	118	0.892	0.206
1128.000000	190	118	0.891	0.200
1134.000000	190	118	0.892	0.190
1140.000000	190	40	0.897	0.185
1146.000000	190	40	0.899	0.188
1152.000000	190	40	0.898	0.186
1158.000000	190	40	0.896	0.185
1164.000000	190	40	0.895	0.185
1170.000000	190	40	0.897	0.185
1176.000000	190	40	0.895	0.188
1182.000000	190	40	0.892	0.192
1188.000000	190	40	0.891	0.197
1194.000000	190	40	0.890	0.189
1200.000000	190	40	0.889	0.184
1206.000000	190	40	0.889	0.183
1212.000000	190	40	0.890	0.181
1218.000000	190	40	0.891	0.181
1224.000000	190	40	0.892	0.179
1230.000000	190	40	0.891	0.175
1236.000000	190	90	0.890	0.180
1242.000000	190	90	0.888	0.185
1248.000000	190	90	0.886	0.185
1254.000000	190	90	0.887	0.183
1260.000000	190	90	0.886	0.181
1266.000000	190	90	0.882	0.175
1272.000000	190	90	0.873	0.174
1278.000000	190	90	0.858	0.170
1284.000000	190	90	0.842	0.170
1290.000000	190	90	0.828	0.165
1296.000000	190	70	0.815	0.166
1302.000000	190	70	0.804	0.174
1308.000000	190	70	0.798	0.176
1314.000000	190	70	0.785	0.175
1320.000000	190	70	0.770	0.174
1326.000000	190	70	0.747	0.178
1332.000000	190	95	0.722	0.179
1338.000000	190	95	0.684	0.195
1344.000000	190	95	0.639	0.214
1350.000000	190	95	0.588	0.236
1356.000000	190	95	0.513	0.260
1362.000000	190	95	0.414	0.288
1368.000000	95	190	0.317	0.270
1374.000000	95	18	0.350	0.224
1380.000000	95	18	0.376	0.226
1386.000000	95	18	0.411	0.228
1392.000000	95	18	0.446	0.234
1398.000000	95	18	0.470	0.240
1404.000000	95	18	0.488	0.246
1410.000000	95	18	0.500	0.248
1416.000000	95	18	0.517	0.256
1422.000000	95	156	0.530	0.269
1428.000000	95	156	0.540	0.279
1434.000000	95	156	0.550	0.290
1440.000000	95	156	0.569	0.298
1446.000000	95	156	0.582	0.303
1452.000000	95	156	0.590	0.309
1458.000000	95	156	0.594	0.315
1464.000000	95	156	0.600	0.318
1470.000000	95	156	0.611	0.323
1476.000000	95	156	0.618	0.335
1482.000000	95	156	0.627	0.345
1488.000000	95	156	0.630	0.349
1494.000000	95	156	0.635	0.357
1500.000000	95	156	0.642	0.366
1506.000000	95	156	0.650	0.376
1512.000000	95	156	0.655	0.381
1518.000000	95	156	0.665	0.387
1524.000000	95	156	0.673	0.393
1530.000000	95	156	0.684	0.385
1536.000000	95	156	0.689	0.382
1542.000000	95	156	0.700	0.377
1548.000000	95	156	0.708	0.376
1554.000000	95	156	0.717	0.373
1560.000000	95	46	0.726	0.362
1566.000000	95	46	0.734	0.370
1572.000000	95	46	0.741	0.371
1578.000000	95	46	0.751	0.377
1584.000000	95	46	0.755	0.381
1590.000000	95	46	0.761	0.384
1596.000000	95	46	0.763	0.386
1602.000000	95	46	0.764	0.397
1608.000000	95	46	0.769	0.404
1614.000000	95	46	0.772	0.407
1620.000000	95	46	0.776	0.409
1626.000000	95	46	0.781	0.408
1632.000000	95	46	0.789	0.398
1638.000000	95	46	0.795	0.392
1644.000000	95	46	0.799	0.392
1650.000000	95	46	0.798	0.391
1656.000000	95	46	0.796	0.386
1662.000000	95	46	0.796	0.374
1668.000000	95	46	0.795	0.362
1674.000000	95	46	0.796	0.353
1680.000000	95	46	0.804	0.342
1686.000000	95	39	0.809	0.333
1692.000000	95	39	0.809	0.342
1698.000000	95	39	0.808	0.348
1704.000000	95	39	0.811	0.353
1710.000000	95	39	0.817	0.357
1716.000000	95	39	0.820	0.366
1722.000000	95	39	0.819	0.372
1728.000000	95	39	0.815	0.387
1734.000000	95	39	0.810	0.394
1740.000000	95	39	0.807	0.397
1746.000000	95	39	0.807	0.397
1752.000000	95	39	0.804	0.405
1758.000000	95	39	0.799	0.414
1764.000000	95	39	0.792	0.424
1770.000000	95	39	0.784	0.442
1776.000000	95	39	0.772	0.456
1782.000000	95	39	0.757	0.471
1788.000000	95	39	0.746	0.487
1794.000000	95	39	0.736	0.500
1800.000000	95	39	0.721	0.522
1806.000000	95	39	0.697	0.555
1812.000000	95	39	0.678	0.580
1818.000000	95	39	0.654	0.597
1824.000000	95	39	0.625	0.617
1830.000000	39	95	0.635	0.590
1836.000000	39	95	0.655	0.540
1842.000000	39	95	0.679	0.483
1848.000000	39	95	0.696	0.416
1854.000000	39	95	0.728	0.323
1860.000000	39	82	0.758	0.246
1866.000000	39	82	0.793	0.241
1872.000000	39	82	0.819	0.239
1878.000000	39	82	0.834	0.237
1884.000000	39	82	0.842	0.224
1890.000000	39	87	0.854	0.212
1896.000000	39	87	0.857	0.213
1902.000000	39	87	0.864	0.212
1908.000000	39	87	0.874	0.208
1914.000000	39	87	0.876	0.202
1920.000000	39	87	0.880	0.197
1926.000000	39	139	0.882	0.192
1932.000000	39	139	0.880	0.199
1938.000000	39	139	0.878	0.209
1944.000000	39	139	0.877	0.221
1950.000000	39	139	0.878	0.228
1956.000000	39	139	0.877	0.239
1962.000000	39	139	0.873	0.254
1968.000000	39	139	0.875	0.262
1974.000000	39	139	0.877	0.271
1980.000000	39	139	0.875	0.281
1986.000000	39	139	0.874	0.288
1992.000000	39	139	0.875	0.297
1998.000000	39	139	0.876	0.309
2004.000000	39	139	0.880	0.320
2010.000000	39	139	0.880	0.331
2016.000000	39	139	0.874	0.346
2022.000000	39	139	0.870	0.349
2028.000000	39	139	0.867	0.352
2034.000000	39	139	0.865	0.361
2040.000000	39	139	0.865	0.377
2046.000000	39	139	0.866	0.386
2052.000000	39	139	0.865	0.394
2058.000000	39	139	0.863	0.412
2064.000000	39	139	0.860	0.424
2070.000000	39	139	0.859	0.432
2076.000000	39	139	0.860	0.440
2082.000000	39	139	0.859	0.445
2088.000000	39	139	0.861	0.453
2094.000000	39	139	0.857	0.469
2100.000000	39	139	0.854	0.485
2106.000000	39	139	0.853	0.501
2112.000000	39	139	0.850	0.515
2118.000000	39	139	0.849	0.525
2124.000000	39	139	0.845	0.534
2130.000000	39	139	0.841	0.546
2136.000000	39	139	0.840	0.556
2142.000000	39	139	0.836	0.570
2148.000000	39	139	0.831	0.588
2154.000000	39	139	0.824	0.606
2160.000000	39	139	0.820	0.613
2166.000000	39	139	0.813	0.629
2172.000000	39	139	0.796	0.657
2178.000000	39	139	0.779	0.678
2184.000000	39	139	0.762	0.695
2190.000000	39	139	0.733	0.721
2196.000000	139	39	0.755	0.698
2202.000000	139	39	0.781	0.658
2208.000000	139	39	0.814	0.606
2214.000000	139	39	0.845	0.546
2220.000000	139	39	0.868	0.493
2226.000000	139	39	0.897	0.407
2232.000000	139	39	0.911	0.303
2238.000000	139	39	0.925	0.168
2244.000000	139	41	0.933	0.148
2250.000000	139	41	0.935	0.134
2256.000000	139	19	0.940	0.134
2262.000000	139	19	0.942	0.142
2268.000000	139	19	0.943	0.148
2274.000000	139	19	0.941	0.149
2280.000000	139	19	0.939	0.154
2286.000000	139	19	0.937	0.160
2292.000000	139	19	0.936	0.165
2298.000000	139	19	0.932	0.166
2304.000000	139	19	0.926	0.166
2310.000000	139	58	0.925	0.173
2316.000000	139	58	0.924	0.179
2322.000000	139	58	0.922	0.185
2328.000000	139	58	0.919	0.191
2334.000000	139	58	0.915	0.197
2340.000000	139	58	0.908	0.204
2346.000000	139	58	0.904	0.210
2352.000000	139	58	0.901	0.220
2358.000000	139	58	0.898	0.229
2364.000000	139	58	0.893	0.236
2370.000000	139	58	0.889	0.242
2376.000000	139	58	0.885	0.248
2382.000000	139	58	0.882	0.254
2388.000000	139	58	0.878	0.256
2394.000000	139	58	0.875	0.263
2400.000000	139	58	0.869	0.274
2406.000000	139	58	0.863	0.283
2412.000000	139	58	0.857	0.288
2418.000000	139	58	0.850	0.296
2424.000000	139	58	0.842	0.307
2430.000000	139	58	0.834	0.320
2436.000000	139	58	0.826	0.334
2442.000000	139	58	0.817	0.357
2448.000000	139	58	0.807	0.386
2454.000000	139	58	0.793	0.410
2460.000000	139	58	0.783	0.424
2466.000000	139	58	0.769	0.438
2472.000000	139	58	0.745	0.459
2478.000000	139	58	0.722	0.485
2484.000000	139	58	0.697	0.512
2490.000000	139	58	0.657	0.545
2496.000000	139	58	0.611	0.568
2502.000000	58	139	0.605	0.539
2508.000000	58	139	0.636	0.458
2514.000000	58	129	0.693	0.487
2520.000000	58	129	0.740	0.551
2526.000000	58	129	0.774	0.594
2532.000000	58	129	0.789	0.642
2538.000000	58	129	0.794	0.668
2544.000000	58	129	0.794	0.687
2550.000000	58	129	0.796	0.701
2556.000000	58	129	0.799	0.706
2562.000000	58	129	0.804	0.711
2568.000000	58	129	0.807	0.714
2574.000000	58	129	0.816	0.710
2580.000000	58	129	0.820	0.707
2586.000000	58	129	0.819	0.709
2592.000000	58	129	0.820	0.709
2598.000000	58	129	0.814	0.714
2604.000000	58	129	0.812	0.713
2610.000000	58	129	0.809	0.715
2616.000000	58	129	0.806	0.718
2622.000000	58	129	0.803	0.719
2628.000000	58	129	0.796	0.727
2634.000000	58	129	0.790	0.733
2640.000000	58	129	0.783	0.738
2646.000000	58	129	0.778	0.741
2652.000000	58	129	0.773	0.741
2658.000000	58	129	0.766	0.740
2664.000000	58	129	0.760	0.742
2670.000000	58	129	0.754	0.742
2676.000000	58	129	0.745	0.744
2682.000000	129	58	0.743	0.743
2688.000000	129	58	0.742	0.734
2694.000000	129	58	0.744	0.726
2700.000000	129	58	0.750	0.708
2706.000000	129	58	0.757	0.695
2712.000000	129	58	0.757	0.684
2718.000000	129	58	0.758	0.667
2724.000000	129	58	0.764	0.645
2730.000000	129	58	0.766	0.619
2736.000000	129	58	0.773	0.587
2742.000000	129	58	0.776	0.539
2748.000000	129	58	0.778	0.482
2754.000000	129	47	0.779	0.475
2760.000000	129	47	0.784	0.505
2766.000000	129	47	0.788	0.526
2772.000000	129	47	0.800	0.553
2778.000000	129	47	0.799	0.584
2784.000000	129	47	0.802	0.607
2790.000000	129	47	0.801	0.628
2796.000000	129	47	0.797	0.634
2802.000000	129	47	0.793	0.634
2808.000000	129	47	0.785	0.638
2814.000000	129	47	0.772	0.641
2820.000000	129	47	0.758	0.652
2826.000000	129	47	0.746	0.662
2832.000000	129	47	0.727	0.677
2838.000000	129	47	0.714	0.689
2844.000000	47	129	0.707	0.695
2850.000000	47	129	0.722	0.669
2856.000000	47	129	0.739	0.634
2862.000000	47	129	0.757	0.592
2868.000000	47	129	0.769	0.549
2874.000000	47	129	0.780	0.494
2880.000000	47	129	0.793	0.432
2886.000000	47	129	0.808	0.362
2892.000000	47	135	0.838	0.289
2898.000000	47	135	0.861	0.281
2904.000000	47	135	0.877	0.271
2910.000000	47	135	0.885	0.262
2916.000000	47	135	0.889	0.246
2922.000000	47	135	0.894	0.238
2928.000000	47	135	0.900	0.220
2934.000000	47	135	0.904	0.196
2940.000000	47	135	0.905	0.180
2946.000000	47	135	0.904	0.167
2952.000000	47	146	0.901	0.164
2958.000000	47	146	0.898	0.175
2964.000000	47	146	0.896	0.185
2970.000000	47	146	0.897	0.187
2976.000000	47	15	0.894	0.191
2982.000000	47	15	0.897	0.203
2988.000000	47	15	0.896	0.209
2994.000000	47	15	0.897	0.211
3000.000000	47	15	0.896	0.214
3006.000000	47	15	0.895	0.219
3012.000000	47	15	0.899	0.227
3018.000000	47	15	0.897	0.233
3024.000000	47	15	0.893	0.236
3030.000000	47	15	0.886	0.245
3036.000000	47	15	0.877	0.251
3042.000000	47	15	0.867	0.253
3048.000000	47	15	0.863	0.255
3054.000000	47	15	0.853	0.262
3060.000000	47	15	0.844	0.262
3066.000000	47	15	0.836	0.261
3072.000000	47	15	0.829	0.262
3078.000000	47	15	0.825	0.260
3084.000000	47	15	0.817	0.261
3090.000000	47	15	0.801	0.262
3096.000000	47	15	0.787	0.261
3102.000000	47	72	0.781	0.275
3108.000000	47	72	0.773	0.285
3114.000000	47	72	0.763	0.299
3120.000000	47	72	0.750	0.321
3126.000000	47	72	0.733	0.339
3132.000000	47	72	0.706	0.355
3138.000000	47	72	0.681	0.371
3144.000000	47	72	0.654	0.390
3150.000000	47	72	0.624	0.401
3156.000000	47	72	0.592	0.418
3162.000000	47	72	0.552	0.435
3168.000000	47	72	0.487	0.458
3174.000000	72	47	0.489	0.398
3180.000000	72	13	0.523	0.309
3186.000000	72	13	0.562	0.324
3192.000000	72	13	0.597	0.347
3198.000000	72	13	0.628	0.361
3204.000000	72	13	0.662	0.366
3210.000000	72	13	0.688	0.383
3216.000000	72	13	0.705	0.394
3222.000000	72	13	0.716	0.401
3228.000000	72	13	0.728	0.409
3234.000000	72	13	0.736	0.418
3240.000000	72	13	0.743	0.423
3246.000000	72	13	0.759	0.432
3252.000000	72	13	0.778	0.432
3258.000000	72	13	0.784	0.440
3264.000000	72	13	0.791	0.451
3270.000000	72	13	0.800	0.462
3276.000000	72	13	0.816	0.466
3282.000000	72	13	0.823	0.471
3288.000000	72	13	0.821	0.481
3294.000000	72	13	0.821	0.490
3300.000000	72	13	0.830	0.498
3306.000000	72	13	0.836	0.510
3312.000000	72	13	0.842	0.521
3318.000000	72	13	0.848	0.535
3324.000000	72	13	0.849	0.546
3330.000000	72	13	0.851	0.548
3336.000000	72	13	0.854	0.550
3342.000000	72	13	0.858	0.557
3348.000000	72	13	0.859	0.564
3354.000000	72	13	0.861	0.566
3360.000000	72	13	0.868	0.569
3366.000000	72	13	0.871	0.573
3372.000000	72	13	0.871	0.571
3378.000000	72	13	0.869	0.569
3384.000000	72	13	0.868	0.571
3390.000000	72	13	0.861	0.578
3396.000000	72	13	0.861	0.577
3402.000000	72	13	0.860	0.573
3408.000000	72	13	0.858	0.574
3414.000000	72	13	0.854	0.578
3420.000000	72	13	0.852	0.583
3426.000000	72	13	0.850	0.585
3432.000000	72	13	0.847	0.591
3438.000000	72	13	0.845	0.593
3444.000000	72	13	0.840	0.596
3450.000000	72	13	0.837	0.591
3456.000000	72	13	0.836	0.591
3462.000000	72	13	0.836	0.591
3468.000000	72	13	0.832	0.591
3474.000000	72	13	0.827	0.586
3480.000000	72	13	0.823	0.582
3486.000000	72	13	0.818	0.576
3492.000000	72	13	0.814	0.569
3498.000000	72	13	0.807	0.564
3504.000000	72	13	0.797	0.563
3510.000000	72	13	0.791	0.557
3516.000000	72	13	0.791	0.543
3522.000000	72	13	0.789	0.531
3528.000000	72	13	0.786	0.512
3534.000000	72	13	0.784	0.485
3540.000000	72	13	0.778	0.457
3546.000000	72	13	0.772	0.425
3552.000000	72	13	0.770	0.392
3558.000000	72	13	0.771	0.355
3564.000000	72	86	0.771	0.331
3570.000000	72	86	0.770	0.355
3576.000000	72	86	0.766	0.383
3582.000000	72	86	0.760	0.418
3588.000000	72	86	0.752	0.453
3594.000000	72	86	0.742	0.497
3600.000000	72	86	0.729	0.538
3606.000000	72	86	0.706	0.584
3612.000000	72	86	0.666	0.626
3618.000000	86	72	0.658	0.616
3624.000000	86	72	0.709	0.546
3630.000000	86	72	0.758	0.449
3636.000000	86	72	0.805	0.330
3642.000000	86	72	0.841	0.194
3648.000000	86	187	0.867	0.150
3654.000000	86	107	0.881	0.150
3660.000000	86	187	0.897	0.161
3666.000000	86	107	0.902	0.171
3672.000000	86	107	0.902	0.190
3678.000000	86	107	0.902	0.209
3684.000000	86	107	0.902	0.218
3690.000000	86	107	0.901	0.232
3696.000000	86	107	0.900	0.246
3702.000000	86	107	0.902	0.254
3708.000000	86	107	0.902	0.260
3714.000000	86	107	0.900	0.270
3720.000000	86	107	0.898	0.277
3726.000000	86	107	0.896	0.282
3732.000000	86	107	0.894	0.289
3738.000000	86	107	0.894	0.300
3744.000000	86	107	0.893	0.311
3750.000000	86	107	0.891	0.321
3756.000000	86	107	0.890	0.329
3762.000000	86	107	0.890	0.332
3768.000000	86	107	0.889	0.340
3774.000000	86	107	0.888	0.349
3780.000000	86	107	0.886	0.357
3786.000000	86	107	0.885	0.365
3792.000000	86	107	0.885	0.371
3798.000000	86	107	0.887	0.374
3804.000000	86	107	0.885	0.381
3810.000000	86	107	0.886	0.395
3816.000000	86	107	0.886	0.409
3822.000000	86	107	0.882	0.423
3828.000000	86	107	0.881	0.437
3834.000000	86	107	0.881	0.455
3840.000000	86	107	0.878	0.465
3846.000000	86	107	0.871	0.482
3852.000000	86	107	0.866	0.498
3858.000000	86	107	0.863	0.513
3864.000000	86	107	0.858	0.530
3870.000000	86	107	0.852	0.542
3876.000000	86	107	0.846	0.558
3882.000000	86	107	0.836	0.575
3888.000000	86	107	0.830	0.591
3894.000000	86	107	0.826	0.601
3900.000000	86	107	0.815	0.617
3906.000000	86	107	0.808	0.637
3912.000000	86	107	0.800	0.656
3918.000000	86	107	0.794	0.663
3924.000000	86	107	0.788	0.674
3930.000000	86	107	0.777	0.689
3936.000000	86	107	0.758	0.705
3942.000000	86	107	0.745	0.718
3948.000000	107	86	0.735	0.721
3954.000000	107	86	0.750	0.694
3960.000000	107	86	0.767	0.657
3966.000000	107	86	0.779	0.615
3972.000000	107	86	0.796	0.551
3978.000000	107	86	0.817	0.461
3984.000000	107	86	0.831	0.326
3990.000000	107	187	0.858	0.192
3996.000000	107	187	0.894	0.190
4002.000000	107	187	0.903	0.190
4008.000000	107	167	0.913	0.203
4014.000000	107	167	0.917	0.222
4020.000000	107	167	0.913	0.242
4026.000000	107	167	0.911	0.259
4032.000000	107	167	0.911	0.286
4038.000000	107	167	0.907	0.321
4044.000000	107	167	0.904	0.358
4050.000000	107	167	0.904	0.391
4056.000000	107	167	0.902	0.422
4062.000000	107	167	0.898	0.450
4068.000000	107	167	0.890	0.476
4074.000000	107	167	0.881	0.509
4080.000000	107	167	0.880	0.525
4086.000000	107	167	0.874	0.534
4092.000000	107	167	0.866	0.547
4098.000000	107	167	0.857	0.558
4104.000000	107	167	0.849	0.574
4110.000000	107	167	0.843	0.588
4116.000000	107	167	0.838	0.601
4122.000000	107	167	0.830	0.611
4128.000000	107	167	0.825	0.618
4134.000000	107	167	0.819	0.632
4140.000000	107	167	0.810	0.643
4146.000000	107	167	0.802	0.649
4152.000000	107	167	0.788	0.660
4158.000000	107	167	0.779	0.680
4164.000000	107	167	0.768	0.696
4170.000000	107	167	0.758	0.706
4176.000000	107	167	0.740	0.714
4182.000000	167	107	0.725	0.717
4188.000000	167	107	0.737	0.695
4194.000000	167	107	0.749	0.667
4200.000000	167	107	0.767	0.627
4206.000000	167	107	0.785	0.587
4212.000000	167	107	0.806	0.529
4218.000000	167	107	0.826	0.460
4224.000000	167	107	0.849	0.373
4230.000000	167	107	0.873	0.256
4236.000000	167	82	0.892	0.266
4242.000000	167	82	0.904	0.279
4248.000000	167	82	0.914	0.294
4254.000000	167	82	0.922	0.308
4260.000000	167	82	0.925	0.318
4266.000000	167	82	0.930	0.329
4272.000000	167	82	0.928	0.344
4278.000000	167	82	0.923	0.353
4284.000000	167	82	0.917	0.367
4290.000000	167	82	0.913	0.386
4296.000000	167	82	0.912	0.396
4302.000000	167	82	0.910	0.404
4308.000000	167	82	0.909	0.414
4314.000000	167	82	0.906	0.422
4320.000000	167	82	0.902	0.430
4326.000000	167	82	0.893	0.441
4332.000000	167	82	0.885	0.444
4338.000000	167	82	0.879	0.443
4344.000000	167	82	0.875	0.442
4350.000000	167	82	0.871	0.438
4356.000000	167	82	0.868	0.433
4362.000000	167	82	0.865	0.431
4368.000000	167	82	0.862	0.430
4374.000000	167	82	0.858	0.432
4380.000000	167	82	0.855	0.434
4386.000000	167	82	0.850	0.437
4392.000000	167	82	0.844	0.440
4398.000000	167	82	0.836	0.439
4404.000000	167	82	0.824	0.441
4410.000000	167	82	0.817	0.444
4416.000000	167	82	0.810	0.441
4422.000000	167	82	0.800	0.441
4428.000000	167	82	0.787	0.441
4434.000000	167	82	0.781	0.439
4440.000000	167	82	0.775	0.443
4446.000000	167	82	0.764	0.448
4452.000000	167	82	0.753	0.442
4458.000000	167	82	0.743	0.432
4464.000000	167	82	0.727	0.428
4470.000000	167	82	0.710	0.422
4476.000000	167	82	0.693	0.414
4482.000000	167	82	0.671	0.397
4488.000000	167	82	0.646	0.378
4494.000000	167	81	0.623	0.361
4500.000000	167	81	0.591	0.382
4506.000000	167	81	0.554	0.394
4512.000000	167	81	0.515	0.413
4518.000000	167	81	0.442	0.436
4524.000000	81	167	0.479	0.343
4530.000000	81	47	0.528	0.257
4536.000000	81	47	0.562	0.262
4542.000000	81	47	0.599	0.266
4548.000000	81	47	0.621	0.271
4554.000000	81	47	0.632	0.283
4560.000000	81	47	0.637	0.305
4566.000000	81	47	0.647	0.304
4572.000000	81	47	0.660	0.301
4578.000000	81	47	0.666	0.307
4584.000000	81	47	0.675	0.315
4590.000000	81	47	0.689	0.316
4596.000000	81	47	0.692	0.317
4602.000000	81	27	0.702	0.325
4608.000000	81	27	0.705	0.335
4614.000000	81	27	0.710	0.346
4620.000000	81	27	0.715	0.354
4626.000000	81	27	0.720	0.359
4632.000000	81	27	0.729	0.369
4638.000000	81	27	0.740	0.378
4644.000000	81	27	0.743	0.385
4650.000000	81	27	0.756	0.388
4656.000000	81	27	0.760	0.392
4662.000000	81	27	0.774	0.395
4668.000000	81	27	0.785	0.402
4674.000000	81	27	0.787	0.419
4680.000000	81	27	0.790	0.436
4686.000000	81	27	0.797	0.443
4692.000000	81	27	0.801	0.455
4698.000000	81	27	0.803	0.466
4704.000000	81	27	0.804	0.476
4710.000000	81	27	0.805	0.489
4716.000000	81	27	0.804	0.502
4722.000000	81	27	0.806	0.512
4728.000000	81	27	0.811	0.523
4734.000000	81	27	0.812	0.539
4740.000000	81	27	0.813	0.548
4746.000000	81	27	0.810	0.562
4752.000000	81	27	0.807	0.569
4758.000000	81	27	0.806	0.576
4764.000000	81	27	0.811	0.589
4770.000000	81	27	0.809	0.605
4776.000000	81	27	0.802	0.630
4782.000000	81	27	0.799	0.640
4788.000000	81	27	0.795	0.646
4794.000000	81	27	0.789	0.655
4800.000000	81	27	0.782	0.666
4806.000000	81	27	0.778	0.678
4812.000000	81	27	0.775	0.683
4818.000000	81	27	0.770	0.693
4824.000000	81	27	0.767	0.696
4830.000000	81	27	0.760	0.701
4836.000000	81	27	0.749	0.704
4842.000000	81	27	0.736	0.712
4848.000000	81	27	0.723	0.721
4854.000000	27	81	0.728	0.712
4860.000000	27	81	0.737	0.693
4866.000000	27	81	0.746	0.672
4872.000000	27	81	0.756	0.642
4878.000000	27	81	0.760	0.611
4884.000000	27	81	0.766	0.580
4890.000000	27	81	0.775	0.542
4896.000000	27	81	0.792	0.490
4902.000000	27	81	0.811	0.432
4908.000000	27	81	0.829	0.353
4914.000000	27	81	0.847	0.263
4920.000000	27	81	0.863	0.159
4926.000000	27	12	0.879	0.145
4932.000000	27	12	0.888	0.147
4938.000000	27	155	0.893	0.153
4944.000000	27	155	0.897	0.167
4950.000000	27	155	0.901	0.174
4956.000000	27	155	0.906	0.182
4962.000000	27	155	0.913	0.195
4968.000000	27	155	0.912	0.209
4974.000000	27	155	0.910	0.216
4980.000000	27	199	0.911	0.226
4986.000000	27	199	0.910	0.234
4992.000000	27	199	0.909	0.244
4998.000000	27	199	0.909	0.257
5004.000000	27	199	0.905	0.262
5010.000000	27	199	0.900	0.268
5016.000000	27	199	0.897	0.275
5022.000000	27	199	0.894	0.285
5028.000000	27	199	0.891	0.292
5034.000000	27	199	0.891	0.298
5040.000000	27	199	0.891	0.305
5046.000000	27	199	0.888	0.312
5052.000000	27	199	0.884	0.322
5058.000000	27	199	0.876	0.335
5064.000000	27	199	0.865	0.343
5070.000000	27	199	0.856	0.352
5076.000000	27	199	0.849	0.366
5082.000000	27	199	0.845	0.384
5088.000000	27	199	0.839	0.404
5094.000000	27	199	0.826	0.421
5100.000000	27	199	0.814	0.440
5106.000000	27	199	0.799	0.457
5112.000000	27	199	0.775	0.481
5118.000000	27	199	0.753	0.505
5124.000000	27	199	0.727	0.538
5130.000000	27	199	0.696	0.565
5136.000000	27	199	0.644	0.592
5142.000000	199	27	0.611	0.590
5148.000000	199	27	0.635	0.516
5154.000000	199	155	0.673	0.470
5160.000000	199	155	0.705	0.490
5166.000000	199	155	0.738	0.510
5172.000000	199	155	0.765	0.540
5178.000000	199	155	0.784	0.568
5184.000000	199	155	0.793	0.580
5190.000000	199	155	0.794	0.587
5196.000000	199	155	0.797	0.590
5202.000000	199	155	0.799	0.598
5208.000000	199	155	0.802	0.608
5214.000000	199	155	0.801	0.617
5220.000000	199	155	0.804	0.619
5226.000000	199	155	0.807	0.624
5232.000000	199	155	0.812	0.626
5238.000000	199	155	0.812	0.627
5244.000000	199	155	0.810	0.631
5250.000000	199	155	0.805	0.636
5256.000000	199	155	0.809	0.635
5262.000000	199	155	0.818	0.636
5268.000000	199	155	0.820	0.635
5274.000000	199	155	0.819	0.640
5280.000000	199	155	0.824	0.636
5286.000000	199	155	0.825	0.631
5292.000000	199	155	0.822	0.631
5298.000000	199	155	0.822	0.627
5304.000000	199	155	0.822	0.621
5310.000000	199	155	0.822	0.618
5316.000000	199	155	0.825	0.614
5322.000000	199	155	0.824	0.612
5328.000000	199	155	0.822	0.606
5334.000000	199	155	0.821	0.595
5340.000000	199	155	0.822	0.584
5346.000000	199	155	0.819	0.574
5352.000000	199	155	0.815	0.565
5358.000000	199	155	0.817	0.549
5364.000000	199	155	0.818	0.534
5370.000000	199	155	0.817	0.526
5376.000000	199	155	0.819	0.508
5382.000000	199	155	0.821	0.486
5388.000000	199	155	0.825	0.460
5394.000000	199	155	0.825	0.435
5400.000000	199	155	0.826	0.404
5406.000000	199	155	0.826	0.366
5412.000000	199	155	0.829	0.325
5418.000000	199	155	0.826	0.276
5424.000000	199	167	0.823	0.242
5430.000000	199	167	0.827	0.250
5436.000000	199	167	0.832	0.263
5442.000000	199	167	0.834	0.278
5448.000000	199	167	0.838	0.295
5454.000000	199	167	0.844	0.309
5460.000000	199	167	0.846	0.321
5466.000000	199	167	0.845	0.334
5472.000000	199	167	0.841	0.346
5478.000000	199	167	0.827	0.358
5484.000000	199	167	0.817	0.367
5490.000000	199	167	0.811	0.375
5496.000000	199	167	0.804	0.385
5502.000000	199	167	0.794	0.396
5508.000000	199	167	0.781	0.406
5514.000000	199	167	0.767	0.417
5520.000000	199	167	0.755	0.423
5526.000000	199	167	0.743	0.437
5532.000000	199	167	0.727	0.453
5538.000000	199	167	0.701	0.463
5544.000000	199	167	0.668	0.474
5550.000000	199	167	0.628	0.489
5556.000000	199	167	0.572	0.510
5562.000000	167	199	0.532	0.503
5568.000000	167	199	0.558	0.409
5574.000000	167	66	0.587	0.379
5580.000000	167	66	0.618	0.399
5586.000000	167	66	0.645	0.414
5592.000000	167	66	0.667	0.427
5598.000000	167	66	0.690	0.444
5604.000000	167	66	0.712	0.459
5610.000000	167	66	0.719	0.473
5616.000000	167	66	0.724	0.473
5622.000000	167	66	0.724	0.478
5628.000000	167	66	0.726	0.481
5634.000000	167	66	0.725	0.487
5640.000000	167	66	0.732	0.486
5646.000000	167	66	0.745	0.482
5652.000000	167	66	0.754	0.476
5658.000000	167	66	0.760	0.472
5664.000000	167	66	0.763	0.468
5670.000000	167	66	0.766	0.466
5676.000000	167	66	0.771	0.462
5682.000000	167	66	0.782	0.458
5688.000000	167	66	0.788	0.455
5694.000000	167	66	0.794	0.449
5700.000000	167	66	0.797	0.443
5706.000000	167	66	0.802	0.438
5712.000000	167	157	0.805	0.433
5718.000000	167	157	0.808	0.442
5724.000000	167	157	0.809	0.447
5730.000000	167	157	0.809	0.452
5736.000000	167	157	0.813	0.460
5742.000000	167	157	0.821	0.464
5748.000000	167	157	0.824	0.472
5754.000000	167	157	0.829	0.480
5760.000000	167	157	0.834	0.484
5766.000000	167	157	0.835	0.493
5772.000000	167	157	0.838	0.494
5778.000000	167	157	0.842	0.497
5784.000000	167	157	0.851	0.504
5790.000000	167	157	0.861	0.513
5796.000000	167	157	0.869	0.523
5802.000000	167	157	0.876	0.540
5808.000000	167	157	0.887	0.546
5814.000000	167	157	0.889	0.558
5820.000000	167	157	0.887	0.567
5826.000000	167	157	0.887	0.574
5832.000000	167	157	0.885	0.591
5838.000000	167	157	0.884	0.603
5844.000000	167	157	0.882	0.611
5850.000000	167	157	0.881	0.613
5856.000000	167	157	0.881	0.609
5862.000000	167	157	0.881	0.605
5868.000000	167	157	0.880	0.603
5874.000000	167	157	0.873	0.607
5880.000000	167	157	0.870	0.606
5886.000000	167	157	0.866	0.603
5892.000000	167	157	0.868	0.598
5898.000000	167	157	0.870	0.589
5904.000000	167	157	0.867	0.579
5910.000000	167	157	0.860	0.572
5916.000000	167	157	0.849	0.563
5922.000000	167	157	0.842	0.552
5928.000000	167	157	0.840	0.536
5934.000000	167	157	0.836	0.520
5940.000000	167	157	0.833	0.501
5946.000000	167	157	0.825	0.478
5952.000000	167	157	0.813	0.455
5958.000000	167	157	0.802	0.428
5964.000000	167	157	0.790	0.393
5970.000000	167	157	0.768	0.362
5976.000000	167	157	0.744	0.329
5982.000000	167	157	0.717	0.302
5988.000000	167	157	0.693	0.274
5994.000000	167	157	0.667	0.233
6000.000000	167	95	0.636	0.227
6006.000000	167	95	0.593	0.251
6012.000000	167	95	0.528	0.273
6018.000000	167	95	0.440	0.295
6024.000000	95	167	0.331	0.315
6030.000000	95	12	0.354	0.230
6036.000000	95	12	0.380	0.253
6042.000000	95	12	0.423	0.283
6048.000000	95	12	0.449	0.310
6054.000000	95	12	0.471	0.327
6060.000000	95	12	0.490	0.347
6066.000000	95	12	0.508	0.371
6072.000000	95	12	0.512	0.395
6078.000000	95	12	0.522	0.406
6084.000000	95	12	0.535	0.412
6090.000000	95	12	0.542	0.413
6096.000000	95	12	0.551	0.419
6102.000000	95	12	0.553	0.425
6108.000000	95	12	0.554	0.430
6114.000000	95	12	0.556	0.435
6120.000000	95	12	0.557	0.439
6126.000000	95	12	0.559	0.439
6132.000000	95	12	0.562	0.440
6138.000000	95	12	0.563	0.442
6144.000000	95	12	0.567	0.446
6150.000000	95	12	0.571	0.448
6156.000000	95	12	0.576	0.449
6162.000000	95	12	0.581	0.457
6168.000000	95	12	0.588	0.469
6174.000000	95	12	0.602	0.474
6180.000000	95	12	0.615	0.480
6186.000000	95	12	0.617	0.496
6192.000000	95	12	0.619	0.511
6198.000000	95	12	0.630	0.526
6204.000000	95	12	0.636	0.551
6210.000000	95	12	0.642	0.563
6216.000000	95	12	0.652	0.574
6222.000000	95	12	0.660	0.589
6228.000000	95	12	0.673	0.601
6234.000000	95	12	0.690	0.610
6240.000000	95	12	0.703	0.633
6246.000000	95	12	0.711	0.648
6252.000000	95	12	0.718	0.661
6258.000000	95	12	0.723	0.679
6264.000000	95	12	0.728	0.694
6270.000000	95	12	0.726	0.705
6276.000000	95	12	0.727	0.726
6282.000000	12	95	0.744	0.729
6288.000000	12	95	0.749	0.731
6294.000000	12	95	0.755	0.734
6300.000000	12	95	0.766	0.734
6306.000000	12	95	0.778	0.732
6312.000000	12	95	0.784	0.734
6318.000000	12	95	0.787	0.733
6324.000000	12	95	0.792	0.731
6330.000000	12	95	0.805	0.727
6336.000000	12	95	0.823	0.723
6342.000000	12	95	0.834	0.718
6348.000000	12	95	0.837	0.710
6354.000000	12	95	0.838	0.699
6360.000000	12	95	0.843	0.682
6366.000000	12	95	0.848	0.664
6372.000000	12	95	0.850	0.647
6378.000000	12	95	0.859	0.619
6384.000000	12	95	0.868	0.584
6390.000000	12	95	0.877	0.539
6396.000000	12	95	0.876	0.500
6402.000000	12	95	0.875	0.451
6408.000000	12	98	0.882	0.411
6414.000000	12	98	0.893	0.432
6420.000000	12	98	0.899	0.449
6426.000000	12	98	0.899	0.470
6432.000000	12	98	0.903	0.499
6438.000000	12	98	0.904	0.527
6444.000000	12	98	0.907	0.546
6450.000000	12	98	0.907	0.560
6456.000000	12	98	0.903	0.572
6462.000000	12	98	0.897	0.585
6468.000000	12	98	0.891	0.595
6474.000000	12	98	0.886	0.601
6480.000000	12	98	0.881	0.607
6486.000000	12	98	0.878	0.613
6492.000000	12	98	0.870	0.624
6498.000000	12	98	0.862	0.634
6504.000000	12	98	0.853	0.642
6510.000000	12	98	0.846	0.650
6516.000000	12	98	0.839	0.655
6522.000000	12	98	0.832	0.658
6528.000000	12	98	0.822	0.661
6534.000000	12	98	0.812	0.666
6540.000000	12	98	0.794	0.671
6546.000000	12	98	0.777	0.682
6552.000000	12	98	0.762	0.696
6558.000000	12	98	0.744	0.707
6564.000000	98	12	0.728	0.713
6570.000000	98	12	0.740	0.681
6576.000000	98	12	0.754	0.641
6582.000000	98	12	0.769	0.587
6588.000000	98	12	0.778	0.528
6594.000000	98	12	0.804	0.445
6600.000000	98	12	0.831	0.340
6606.000000	98	178	0.858	0.236
6612.000000	98	178	0.880	0.251
6618.000000	98	178	0.900	0.264
6624.000000	98	178	0.902	0.283
6630.000000	98	178	0.904	0.312
6636.000000	98	153	0.910	0.340
6642.000000	98	153	0.913	0.381
6648.000000	98	153	0.911	0.411
6654.000000	98	153	0.908	0.442
6660.000000	98	153	0.903	0.476
6666.000000	98	153	0.896	0.495
6672.000000	98	153	0.892	0.509
6678.000000	98	153	0.890	0.517
6684.000000	98	153	0.888	0.525
6690.000000	98	153	0.883	0.533
6696.000000	98	153	0.877	0.537
6702.000000	98	153	0.866	0.550
6708.000000	98	153	0.863	0.565
6714.000000	98	153	0.858	0.572
6720.000000	98	153	0.856	0.575
6726.000000	98	153	0.854	0.577
6732.000000	98	153	0.850	0.580
6738.000000	98	153	0.846	0.588
6744.000000	98	153	0.840	0.599
6750.000000	98	153	0.833	0.609
6756.000000	98	153	0.821	0.620
6762.000000	98	153	0.806	0.635
6768.000000	98	153	0.790	0.650
6774.000000	98	153	0.768	0.673
6780.000000	98	153	0.752	0.683
6786.000000	98	153	0.734	0.693
6792.000000	153	98	0.710	0.702
6798.000000	153	98	0.734	0.657
6804.000000	153	98	0.751	0.607
6810.000000	153	98	0.783	0.533
6816.000000	153	98	0.812	0.452
6822.000000	153	98	0.821	0.351
6828.000000	153	178	0.844	0.306
6834.000000	153	178	0.881	0.287
6840.000000	153	178	0.899	0.268
6846.000000	153	178	0.905	0.253
6852.000000	153	178	0.910	0.233
6858.000000	153	110	0.907	0.219
6864.000000	153	110	0.903	0.216
6870.000000	153	110	0.898	0.213
6876.000000	153	110	0.898	0.208
6882.000000	153	110	0.894	0.206
6888.000000	153	135	0.891	0.209
6894.000000	153	135	0.888	0.222
6900.000000	153	135	0.884	0.236
6906.000000	153	135	0.879	0.240
6912.000000	153	135	0.875	0.246
6918.000000	153	135	0.867	0.250
6924.000000	153	135	0.861	0.257
6930.000000	153	135	0.859	0.262
6936.000000	153	135	0.857	0.265
6942.000000	153	135	0.854	0.266
6948.000000	153	135	0.850	0.266
6954.000000	153	135	0.848	0.276
6960.000000	153	135	0.842	0.283
6966.000000	153	135	0.838	0.297
6972.000000	153	135	0.832	0.316
6978.000000	153	135	0.826	0.337
6984.000000	153	135	0.819	0.352
6990.000000	153	135	0.813	0.364
6996.000000	153	135	0.811	0.379
7002.000000	153	135	0.807	0.404
7008.000000	153	135	0.802	0.426
7014.000000	153	135	0.800	0.436
7020.000000	153	135	0.798	0.445
7026.000000	153	135	0.794	0.456
7032.000000	153	135	0.786	0.468
7038.000000	153	135	0.777	0.472
7044.000000	153	135	0.765	0.481
7050.000000	153	135	0.754	0.491
7056.000000	153	135	0.745	0.504
7062.000000	153	135	0.734	0.518
7068.000000	153	135	0.720	0.537
7074.000000	153	135	0.706	0.554
7080.000000	153	135	0.685	0.570
7086.000000	153	135	0.668	0.588
7092.000000	153	135	0.644	0.610
7098.000000	135	153	0.626	0.611
7104.000000	135	153	0.640	0.573
7110.000000	135	153	0.663	0.518
7116.000000	135	153	0.712	0.419
7122.000000	135	153	0.754	0.303
7128.000000	135	142	0.805	0.215
7134.000000	135	167	0.842	0.200
7140.000000	135	167	0.872	0.196
7146.000000	135	167	0.888	0.193
7152.000000	135	142	0.894	0.195
7158.000000	135	142	0.898	0.192
7164.000000	135	167	0.899	0.191
7170.000000	135	167	0.898	0.194
7176.000000	135	167	0.899	0.196
7182.000000	135	167	0.904	0.205
7188.000000	135	167	0.904	0.218
7194.000000	135	167	0.905	0.224
7200.000000	135	167	0.905	0.223
7206.000000	135	167	0.904	0.223
7212.000000	135	167	0.904	0.224
7218.000000	135	167	0.904	0.232
7224.000000	135	167	0.904	0.238
7230.000000	135	167	0.908	0.244
7236.000000	135	167	0.909	0.253
7242.000000	135	167	0.909	0.258
7248.000000	135	167	0.907	0.257
7254.000000	135	167	0.908	0.254
7260.000000	135	167	0.909	0.253
7266.000000	135	167	0.911	0.253
7272.000000	135	167	0.914	0.252
7278.000000	135	167	0.914	0.251
7284.000000	135	167	0.915	0.251
7290.000000	135	167	0.915	0.247
7296.000000	135	167	0.915	0.242
7302.000000	135	167	0.915	0.234
7308.000000	135	167	0.914	0.222
7314.000000	135	167	0.913	0.203
7320.000000	135	167	0.912	0.186
7326.000000	135	167	0.909	0.175
7332.000000	135	177	0.909	0.171
7338.000000	135	17	0.908	0.178
7344.000000	135	17	0.906	0.186
7350.000000	135	17	0.906	0.190
7356.000000	135	17	0.906	0.191
7362.000000	135	17	0.907	0.194
7368.000000	135	17	0.907	0.198
7374.000000	135	17	0.905	0.204
7380.000000	135	17	0.906	0.208
7386.000000	135	17	0.910	0.211
7392.000000	135	17	0.911	0.211
7398.000000	135	17	0.911	0.210
7404.000000	135	17	0.911	0.206
7410.000000	135	17	0.910	0.201
7416.000000	135	17	0.908	0.196
7422.000000	135	17	0.907	0.184
7428.000000	135	17	0.907	0.179
7434.000000	135	17	0.907	0.178
7440.000000	135	17	0.908	0.175
7446.000000	135	17	0.908	0.173
7452.000000	135	17	0.907	0.171
7458.000000	135	17	0.906	0.167
7464.000000	135	17	0.905	0.164
7470.000000	135	17	0.900	0.162
7476.000000	135	17	0.897	0.163
7482.000000	135	17	0.893	0.165
7488.000000	135	17	0.889	0.163
7494.000000	135	17	0.885	0.160
7500.000000	135	131	0.880	0.156
7506.000000	135	131	0.878	0.167
7512.000000	135	131	0.875	0.182
7518.000000	135	131	0.870	0.194
7524.000000	135	131	0.864	0.205
7530.000000	135	131	0.858	0.220
7536.000000	135	131	0.850	0.237
7542.000000	135	131	0.841	0.262
7548.000000	135	131	0.835	0.291
7554.000000	135	131	0.831	0.320
7560.000000	135	131	0.823	0.357
7566.000000	135	131	0.809	0.400
7572.000000	135	131	0.792	0.460
7578.000000	135	131	0.773	0.519
7584.000000	135	131	0.750	0.564
7590.000000	135	131	0.702	0.622
7596.000000	131	135	0.683	0.631
7602.000000	131	135	0.751	0.527
7608.000000	131	135	0.808	0.358
7614.000000	131	135	0.883	0.149
7620.000000	131	151	0.931	0.099
7626.000000	131	151	0.940	0.093
7632.000000	131	172	0.940	0.102
7638.000000	131	172	0.938	0.108
7644.000000	131	172	0.937	0.108
7650.000000	131	172	0.938	0.112
7656.000000	131	172	0.940	0.116
7662.000000	131	172	0.940	0.118
7668.000000	131	172	0.942	0.119
7674.000000	131	172	0.941	0.120
7680.000000	131	124	0.943	0.123
7686.000000	131	124	0.942	0.137
7692.000000	131	124	0.940	0.146
7698.000000	131	124	0.939	0.156
7704.000000	131	124	0.938	0.166
7710.000000	131	124	0.937	0.177
7716.000000	131	124	0.936	0.185
7722.000000	131	124	0.935	0.196
7728.000000	131	124	0.936	0.209
7734.000000	131	124	0.934	0.220
7740.000000	131	124	0.932	0.231
7746.000000	131	124	0.929	0.248
7752.000000	131	124	0.928	0.264
7758.000000	131	124	0.926	0.283
7764.000000	131	124	0.924	0.306
7770.000000	131	124	0.922	0.325
7776.000000	131	124	0.921	0.342
7782.000000	131	124	0.920	0.359
7788.000000	131	124	0.922	0.370
7794.000000	131	124	0.921	0.374
7800.000000	131	124	0.920	0.382
7806.000000	131	124	0.918	0.388
7812.000000	131	124	0.916	0.396
7818.000000	131	124	0.915	0.411
7824.000000	131	124	0.912	0.427
7830.000000	131	124	0.910	0.435
7836.000000	131	124	0.909	0.444
7842.000000	131	124	0.908	0.456
7848.000000	131	124	0.906	0.468
7854.000000	131	124	0.904	0.484
7860.000000	131	124	0.902	0.498
7866.000000	131	124	0.896	0.510
7872.000000	131	124	0.891	0.529
7878.000000	131	124	0.884	0.548
7884.000000	131	124	0.869	0.568
7890.000000	131	124	0.859	0.580
7896.000000	131	124	0.848	0.596
7902.000000	131	124	0.836	0.612
7908.000000	131	124	0.818	0.636
7914.000000	131	124	0.808	0.650
7920.000000	131	124	0.791	0.671
7926.000000	131	124	0.770	0.688
7932.000000	131	124	0.744	0.705
7938.000000	124	131	0.730	0.704
7944.000000	124	131	0.759	0.651
7950.000000	124	131	0.788	0.578
7956.000000	124	131	0.810	0.480
7962.000000	124	131	0.840	0.347
7968.000000	124	65	0.865	0.327
7974.000000	124	65	0.872	0.342
7980.000000	124	65	0.889	0.351
7986.000000	124	65	0.895	0.367
7992.000000	124	65	0.896	0.390
7998.000000	124	65	0.894	0.415
8004.000000	124	65	0.890	0.438
8010.000000	124	65	0.887	0.466
8016.000000	124	65	0.887	0.482
8022.000000	124	65	0.884	0.501
8028.000000	124	65	0.882	0.512
8034.000000	124	65	0.880	0.526
8040.000000	124	65	0.882	0.532
8046.000000	124	65	0.882	0.544
8052.000000	124	65	0.883	0.549
8058.000000	124	65	0.877	0.567
8064.000000	124	65	0.874	0.582
8070.000000	124	65	0.874	0.588
8076.000000	124	65	0.873	0.601
8082.000000	124	65	0.872	0.607
8088.000000	124	65	0.872	0.610
8094.000000	124	65	0.871	0.613
8100.000000	124	65	0.868	0.618
8106.000000	124	65	0.861	0.622
8112.000000	124	65	0.854	0.629
8118.000000	124	65	0.845	0.642
8124.000000	124	65	0.837	0.652
8130.000000	124	65	0.828	0.662
8136.000000	124	65	0.813	0.680
8142.000000	124	65	0.802	0.692
8148.000000	124	65	0.790	0.706
8154.000000	124	65	0.776	0.727
8160.000000	124	65	0.758	0.745
8166.000000	65	124	0.764	0.741
8172.000000	65	124	0.784	0.719
8178.000000	65	124	0.799	0.695
8184.000000	65	124	0.813	0.659
8190.000000	65	124	0.835	0.620
8196.000000	65	124	0.854	0.576
8202.000000	65	124	0.884	0.509
8208.000000	65	124	0.910	0.430
8214.000000	65	124	0.931	0.304
8220.000000	65	124	0.952	0.170
8226.000000	65	150	0.965	0.094
8232.000000	65	150	0.968	0.095
8238.000000	65	150	0.970	0.093
8244.000000	65	150	0.971	0.095
8250.000000	65	150	0.971	0.098
8256.000000	65	150	0.970	0.098
8262.000000	65	150	0.969	0.100
8268.000000	65	150	0.969	0.101
8274.000000	65	150	0.968	0.106
8280.000000	65	150	0.967	0.109
8286.000000	65	150	0.966	0.113
8292.000000	65	150	0.965	0.120
8298.000000	65	150	0.964	0.128
8304.000000	65	150	0.963	0.136
8310.000000	65	150	0.961	0.141
8316.000000	65	150	0.959	0.147
8322.000000	65	150	0.955	0.152
8328.000000	65	150	0.952	0.156
8334.000000	65	150	0.949	0.161
8340.000000	65	150	0.946	0.165
8346.000000	65	150	0.943	0.168
8352.000000	65	150	0.938	0.174
8358.000000	65	150	0.935	0.180
8364.000000	65	150	0.931	0.184
8370.000000	65	150	0.927	0.187
8376.000000	65	150	0.923	0.192
8382.000000	65	150	0.918	0.198
8388.000000	65	150	0.913	0.202
8394.000000	65	150	0.909	0.203
8400.000000	65	150	0.906	0.204
8406.000000	65	150	0.903	0.208
8412.000000	65	2	0.900	0.211
8418.000000	65	2	0.894	0.220
8424.000000	65	2	0.887	0.229
8430.000000	65	2	0.883	0.245
8436.000000	65	2	0.877	0.257
8442.000000	65	2	0.873	0.265
8448.000000	65	2	0.868	0.273
8454.000000	65	2	0.859	0.284
8460.000000	65	2	0.849	0.294
8466.000000	65	2	0.837	0.302
8472.000000	65	2	0.823	0.316
8478.000000	65	2	0.814	0.329
8484.000000	65	2	0.804	0.337
8490.000000	65	2	0.791	0.349
8496.000000	65	2	0.772	0.365
8502.000000	65	2	0.748	0.387
8508.000000	65	2	0.720	0.402
8514.000000	65	2	0.683	0.425
8520.000000	65	2	0.636	0.446
8526.000000	65	2	0.575	0.472
8532.000000	2	65	0.501	0.499
8538.000000	2	65	0.551	0.382
8544.000000	2	96	0.600	0.312
8550.000000	2	96	0.662	0.321
8556.000000	2	96	0.732	0.329
8562.000000	2	96	0.781	0.340
8568.000000	2	96	0.812	0.342
8574.000000	2	96	0.820	0.351
8580.000000	2	96	0.832	0.360
8586.000000	2	96	0.838	0.372
8592.000000	2	96	0.840	0.374
8598.000000	2	96	0.854	0.373
8604.000000	2	96	0.855	0.376
8610.000000	2	96	0.855	0.382
8616.000000	2	96	0.857	0.391
8622.000000	2	96	0.861	0.395
8628.000000	2	96	0.866	0.402
8634.000000	2	96	0.872	0.408
8640.000000	2	96	0.873	0.410
8646.000000	2	96	0.877	0.414
8652.000000	2	96	0.881	0.409
8658.000000	2	96	0.878	0.408
8664.000000	2	96	0.877	0.407
8670.000000	2	96	0.882	0.406
8676.000000	2	96	0.884	0.408
8682.000000	2	96	0.883	0.411
8688.000000	2	96	0.882	0.411
8694.000000	2	96	0.882	0.413
8700.000000	2	96	0.883	0.414
8706.000000	2	96	0.885	0.409
8712.000000	2	96	0.885	0.400
8718.000000	2	96	0.886	0.395
8724.000000	2	96	0.888	0.389
8730.000000	2	96	0.891	0.385
8736.000000	2	96	0.894	0.371
8742.000000	2	96	0.899	0.362
8748.000000	2	96	0.903	0.353
8754.000000	2	96	0.906	0.342
8760.000000	2	96	0.911	0.324
8766.000000	2	96	0.911	0.315
8772.000000	2	96	0.907	0.311
8778.000000	2	96	0.906	0.300
8784.000000	2	96	0.904	0.276
8790.000000	2	96	0.905	0.249
8796.000000	2	174	0.907	0.235
8802.000000	2	174	0.906	0.256
8808.000000	2	174	0.906	0.278
8814.000000	2	174	0.908	0.307
8820.000000	2	174	0.911	0.340
8826.000000	2	174	0.911	0.374
8832.000000	2	174	0.908	0.415
8838.000000	2	174	0.904	0.445
8844.000000	2	174	0.900	0.482
8850.000000	2	174	0.897	0.529
8856.000000	2	174	0.894	0.566
8862.000000	2	174	0.888	0.592
8868.000000	2	174	0.883	0.615
8874.000000	2	174	0.875	0.640
8880.000000	2	174	0.864	0.666
8886.000000	2	174	0.858	0.680
8892.000000	2	174	0.850	0.693
8898.000000	2	174	0.840	0.707
8904.000000	2	174	0.827	0.722
8910.000000	2	174	0.813	0.735
8916.000000	2	174	0.800	0.741
8922.000000	2	174	0.783	0.749
8928.000000	174	2	0.762	0.756
8934.000000	174	2	0.776	0.731
8940.000000	174	2	0.788	0.694
8946.000000	174	2	0.798	0.649
8952.000000	174	2	0.816	0.590
8958.000000	174	2	0.844	0.507
8964.000000	174	2	0.861	0.399
8970.000000	174	2	0.892	0.227
8976.000000	174	59	0.919	0.211
8982.000000	174	59	0.932	0.207
8988.000000	174	59	0.937	0.210
8994.000000	174	59	0.938	0.213
9000.000000	174	59	0.937	0.222
9006.000000	174	59	0.935	0.230
9012.000000	174	59	0.934	0.235
9018.000000	174	59	0.933	0.243
9024.000000	174	59	0.932	0.244
9030.000000	174	59	0.931	0.245
9036.000000	174	59	0.930	0.248
9042.000000	174	59	0.930	0.248
9048.000000	174	59	0.928	0.249
9054.000000	174	59	0.926	0.253
9060.000000	174	59	0.925	0.257
9066.000000	174	59	0.927	0.255
9072.000000	174	59	0.927	0.253
9078.000000	174	59	0.927	0.254
9084.000000	174	59	0.925	0.251
9090.000000	174	59	0.925	0.248
9096.000000	174	59	0.924	0.246
9102.000000	174	59	0.924	0.247
9108.000000	174	59	0.924	0.253
9114.000000	174	59	0.920	0.257
9120.000000	174	59	0.919	0.255
9126.000000	174	59	0.919	0.252
9132.000000	174	59	0.919	0.247
9138.000000	174	59	0.919	0.238
9144.000000	174	59	0.917	0.235
9150.000000	174	59	0.916	0.230
9156.000000	174	59	0.915	0.224
9162.000000	174	59	0.915	0.218
9168.000000	174	59	0.917	0.210
9174.000000	174	59	0.918	0.196
9180.000000	174	109	0.917	0.189
9186.000000	174	109	0.914	0.213
9192.000000	174	109	0.912	0.239
9198.000000	174	109	0.910	0.253
9204.000000	174	109	0.908	0.263
9210.000000	174	109	0.903	0.274
9216.000000	174	109	0.896	0.288
9222.000000	174	109	0.892	0.306
9228.000000	174	109	0.887	0.323
9234.000000	174	109	0.881	0.341
9240.000000	174	109	0.877	0.360
9246.000000	174	109	0.873	0.380
9252.000000	174	109	0.868	0.402
9258.000000	174	109	0.862	0.423
9264.000000	174	109	0.858	0.448
9270.000000	174	109	0.855	0.473
9276.000000	174	109	0.843	0.501
9282.000000	174	109	0.826	0.536
9288.000000	174	109	0.814	0.561
9294.000000	174	109	0.803	0.589
9300.000000	174	109	0.785	0.619
9306.000000	174	109	0.757	0.652
9312.000000	174	109	0.714	0.690
9318.000000	109	174	0.728	0.656
9324.000000	109	174	0.762	0.571
9330.000000	109	174	0.794	0.454
9336.000000	109	174	0.833	0.301
9342.000000	109	24	0.869	0.232
9348.000000	109	24	0.890	0.238
9354.000000	109	24	0.904	0.237
9360.000000	109	24	0.902	0.248
9366.000000	109	24	0.900	0.258
9372.000000	109	24	0.908	0.267
9378.000000	109	24	0.909	0.280
9384.000000	109	24	0.909	0.289
9390.000000	109	24	0.907	0.294
9396.000000	109	24	0.908	0.302
9402.000000	109	24	0.906	0.312
9408.000000	109	24	0.904	0.319
9414.000000	109	24	0.903	0.324
9420.000000	109	24	0.901	0.326
9426.000000	109	24	0.899	0.327
9432.000000	109	24	0.897	0.326
9438.000000	109	24	0.895	0.329
9444.000000	109	24	0.893	0.328
9450.000000	109	24	0.891	0.329
9456.000000	109	24	0.891	0.325
9462.000000	109	24	0.889	0.322
9468.000000	109	42	0.887	0.319
9474.000000	109	42	0.886	0.322
9480.000000	109	42	0.885	0.325
9486.000000	109	42	0.882	0.331
9492.000000	109	42	0.883	0.333
9498.000000	109	42	0.883	0.340
9504.000000	109	42	0.883	0.342
9510.000000	109	42	0.881	0.344
9516.000000	109	42	0.878	0.349
9522.000000	109	42	0.877	0.357
9528.000000	109	42	0.876	0.367
9534.000000	109	42	0.875	0.377
9540.000000	109	42	0.875	0.382
9546.000000	109	42	0.876	0.385
9552.000000	109	42	0.882	0.384
9558.000000	109	42	0.883	0.387
9564.000000	109	42	0.882	0.399
9570.000000	109	42	0.884	0.414
9576.000000	109	42	0.885	0.429
9582.000000	109	42	0.885	0.439
9588.000000	109	42	0.887	0.446
9594.000000	109	42	0.888	0.456
9600.000000	109	42	0.885	0.470
9606.000000	109	42	0.880	0.483
9612.000000	109	42	0.871	0.503
9618.000000	109	42	0.868	0.525
9624.000000	109	42	0.863	0.540
9630.000000	109	42	0.858	0.550
9636.000000	109	42	0.854	0.561
9642.000000	109	42	0.846	0.576
9648.000000	109	42	0.838	0.587
9654.000000	109	42	0.824	0.601
9660.000000	109	42	0.813	0.609
9666.000000	109	42	0.799	0.622
9672.000000	109	42	0.789	0.637
9678.000000	109	42	0.777	0.652
9684.000000	109	42	0.757	0.670
9690.000000	109	42	0.733	0.687
9696.000000	109	42	0.697	0.697
9702.000000	42	109	0.720	0.630
9708.000000	42	109	0.742	0.544
9714.000000	42	109	0.761	0.443
9720.000000	42	109	0.786	0.292
9726.000000	42	36	0.834	0.153
9732.000000	42	132	0.865	0.150
9738.000000	42	132	0.881	0.154
9744.000000	42	132	0.893	0.161
9750.000000	42	132	0.897	0.169
9756.000000	42	132	0.903	0.171
9762.000000	42	132	0.910	0.175
9768.000000	42	132	0.912	0.182
9774.000000	42	132	0.911	0.195
9780.000000	42	132	0.909	0.214
9786.000000	42	132	0.908	0.240
9792.000000	42	132	0.909	0.265
9798.000000	42	132	0.908	0.283
9804.000000	42	132	0.907	0.296
9810.000000	42	132	0.905	0.305
9816.000000	42	132	0.903	0.323
9822.000000	42	132	0.900	0.346
9828.000000	42	132	0.900	0.365
9834.000000	42	132	0.899	0.380
9840.000000	42	132	0.899	0.393
9846.000000	42	132	0.897	0.410
9852.000000	42	132	0.898	0.432
9858.000000	42	132	0.896	0.450
9864.000000	42	132	0.889	0.460
9870.000000	42	132	0.882	0.470
9876.000000	42	132	0.877	0.484
9882.000000	42	132	0.870	0.501
9888.000000	42	132	0.863	0.514
9894.000000	42	132	0.857	0.527
9900.000000	42	132	0.851	0.539
9906.000000	42	132	0.846	0.558
9912.000000	42	132	0.841	0.571
9918.000000	42	132	0.832	0.578
9924.000000	42	132	0.817	0.597
9930.000000	42	132	0.801	0.622
9936.000000	42	132	0.787	0.645
9942.000000	42	132	0.777	0.664
9948.000000	42	132	0.764	0.685
9954.000000	42	132	0.748	0.705
9960.000000	42	132	0.722	0.719
9966.000000	132	42	0.728	0.700
9972.000000	132	42	0.739	0.678
9978.000000	132	42	0.751	0.648
9984.000000	132	42	0.773	0.606
9990.000000	132	42	0.805	0.550
9996.000000	132	42	0.837	0.471
10002.000000	132	42	0.856	0.366
10008.000000	132	42	0.883	0.240
10014.000000	132	27	0.899	0.179
10020.000000	132	102	0.911	0.159
10026.000000	132	102	0.923	0.166
10032.000000	132	102	0.929	0.172
10038.000000	132	102	0.937	0.177
10044.000000	132	102	0.939	0.186
10050.000000	132	102	0.938	0.196
10056.000000	132	102	0.936	0.205
10062.000000	132	102	0.939	0.218
10068.000000	132	102	0.938	0.233
10074.000000	132	102	0.938	0.244
10080.000000	132	102	0.938	0.256
10086.000000	132	102	0.934	0.266
10092.000000	132	102	0.933	0.274
10098.000000	132	102	0.932	0.288
10104.000000	132	102	0.930	0.305
10110.000000	132	102	0.929	0.320
10116.000000	132	102	0.931	0.342
10122.000000	132	102	0.928	0.371
10128.000000	132	102	0.926	0.404
10134.000000	132	102	0.924	0.433
10140.000000	132	102	0.921	0.459
10146.000000	132	102	0.918	0.481
10152.000000	132	102	0.914	0.501
10158.000000	132	102	0.906	0.523
10164.000000	132	102	0.893	0.554
10170.000000	132	102	0.884	0.574
10176.000000	132	102	0.878	0.591
10182.000000	132	102	0.872	0.597
10188.000000	132	102	0.867	0.604
10194.000000	132	102	0.855	0.620
10200.000000	132	102	0.843	0.636
10206.000000	132	102	0.831	0.659
10212.000000	132	102	0.817	0.689
10218.000000	132	102	0.807	0.705
10224.000000	132	102	0.793	0.731
10230.000000	132	102	0.772	0.764
10236.000000	102	132	0.787	0.752
10242.000000	102	132	0.817	0.721
10248.000000	102	132	0.836	0.693
10254.000000	102	132	0.858	0.653
10260.000000	102	132	0.876	0.601
10266.000000	102	132	0.897	0.533
10272.000000	102	132	0.910	0.432
10278.000000	102	132	0.926	0.290
10284.000000	102	34	0.941	0.122
10290.000000	102	34	0.950	0.116
10296.000000	102	122	0.954	0.125
10302.000000	102	122	0.955	0.138
10308.000000	102	122	0.956	0.153
10314.000000	102	122	0.954	0.166
10320.000000	102	122	0.953	0.174
10326.000000	102	122	0.952	0.183
10332.000000	102	122	0.954	0.188
10338.000000	102	122	0.953	0.194
10344.000000	102	122	0.952	0.195
10350.000000	102	122	0.950	0.199
10356.000000	102	122	0.949	0.204
10362.000000	102	122	0.948	0.212
10368.000000	102	122	0.946	0.218
10374.000000	102	122	0.943	0.225
10380.000000	102	122	0.938	0.234
10386.000000	102	122	0.931	0.244
10392.000000	102	122	0.929	0.252
10398.000000	102	122	0.926	0.261
10404.000000	102	122	0.922	0.269
10410.000000	102	122	0.921	0.278
10416.000000	102	122	0.919	0.287
10422.000000	102	122	0.917	0.299
10428.000000	102	122	0.914	0.312
10434.000000	102	122	0.912	0.330
10440.000000	102	122	0.910	0.343
10446.000000	102	122	0.908	0.350
10452.000000	102	122	0.906	0.354
10458.000000	102	122	0.904	0.355
10464.000000	102	122	0.902	0.360
10470.000000	102	122	0.900	0.367
10476.000000	102	122	0.898	0.375
10482.000000	102	122	0.895	0.379
10488.000000	102	122	0.888	0.388
10494.000000	102	122	0.880	0.398
10500.000000	102	122	0.868	0.418
10506.000000	102	122	0.859	0.436
10512.000000	102	122	0.848	0.455
10518.000000	102	122	0.836	0.477
10524.000000	102	122	0.825	0.498
10530.000000	102	122	0.809	0.520
10536.000000	102	122	0.790	0.548
10542.000000	102	122	0.768	0.584
10548.000000	102	122	0.739	0.622
10554.000000	102	122	0.705	0.663
10560.000000	122	102	0.708	0.653
10566.000000	122	102	0.752	0.571
10572.000000	122	102	0.789	0.474
10578.000000	122	102	0.863	0.316
10584.000000	122	113	0.920	0.223
10590.000000	122	113	0.937	0.219
10596.000000	122	113	0.944	0.210
10602.000000	122	113	0.950	0.210
10608.000000	122	113	0.951	0.212
10614.000000	122	113	0.952	0.218
10620.000000	122	113	0.951	0.216
10626.000000	122	113	0.949	0.212
10632.000000	122	113	0.947	0.208
10638.000000	122	113	0.945	0.202
10644.000000	122	113	0.942	0.198
10650.000000	122	113	0.939	0.199
10656.000000	122	113	0.937	0.202
10662.000000	122	113	0.935	0.203
10668.000000	122	113	0.932	0.201
10674.000000	122	113	0.930	0.198
10680.000000	122	64	0.928	0.196
10686.000000	122	64	0.928	0.195
10692.000000	122	64	0.930	0.200
10698.000000	122	64	0.930	0.202
10704.000000	122	64	0.929	0.203
10710.000000	122	64	0.926	0.209
10716.000000	122	64	0.923	0.212
10722.000000	122	64	0.923	0.211
10728.000000	122	64	0.923	0.210
10734.000000	122	11	0.923	0.212
10740.000000	122	11	0.922	0.221
10746.000000	122	11	0.922	0.235
10752.000000	122	11	0.921	0.250
10758.000000	122	11	0.921	0.261
10764.000000	122	11	0.921	0.265
10770.000000	122	11	0.922	0.267
10776.000000	122	11	0.920	0.269
10782.000000	122	11	0.917	0.276
10788.000000	122	11	0.915	0.286
10794.000000	122	11	0.914	0.298
10800.000000	122	11	0.912	0.315
10806.000000	122	11	0.909	0.334
10812.000000	122	11	0.904	0.357
10818.000000	122	11	0.898	0.378
10824.000000	122	11	0.890	0.401
10830.000000	122	11	0.884	0.414
10836.000000	122	11	0.880	0.424
10842.000000	122	11	0.874	0.442
10848.000000	122	11	0.868	0.461
10854.000000	122	83	0.849	0.477
10860.000000	122	83	0.839	0.504
10866.000000	122	83	0.825	0.527
10872.000000	122	83	0.808	0.547
10878.000000	122	83	0.788	0.567
10884.000000	122	83	0.766	0.592
10890.000000	122	83	0.746	0.616
10896.000000	122	83	0.713	0.640
10902.000000	122	83	0.683	0.659
10908.000000	83	122	0.682	0.638
10914.000000	83	11	0.708	0.588
10920.000000	83	11	0.733	0.614
10926.000000	83	11	0.758	0.646
10932.000000	83	11	0.795	0.678
10938.000000	83	11	0.817	0.711
10944.000000	83	11	0.827	0.737
10950.000000	83	11	0.835	0.745
10956.000000	83	11	0.843	0.746
10962.000000	83	11	0.847	0.749
10968.000000	83	11	0.851	0.750
10974.000000	83	11	0.856	0.743
10980.000000	83	11	0.858	0.743
10986.000000	83	11	0.862	0.739
10992.000000	83	11	0.863	0.738
10998.000000	83	11	0.863	0.737
11004.000000	83	11	0.869	0.731
11010.000000	83	11	0.881	0.722
11016.000000	83	11	0.881	0.719
11022.000000	83	11	0.880	0.718
11028.000000	83	11	0.878	0.718
11034.000000	83	11	0.878	0.718
11040.000000	83	11	0.877	0.718
11046.000000	83	11	0.877	0.719
11052.000000	83	11	0.874	0.719
11058.000000	83	11	0.874	0.715
11064.000000	83	11	0.874	0.710
11070.000000	83	11	0.871	0.709
11076.000000	83	11	0.874	0.701
11082.000000	83	11	0.875	0.693
11088.000000	83	11	0.875	0.685
11094.000000	83	11	0.875	0.674
11100.000000	83	11	0.876	0.661
11106.000000	83	11	0.878	0.648
11112.000000	83	11	0.877	0.637
11118.000000	83	11	0.882	0.618
11124.000000	83	11	0.892	0.590
11130.000000	83	11	0.901	0.553
11136.000000	83	11	0.911	0.505
11142.000000	83	11	0.921	0.444
11148.000000	83	11	0.927	0.379
11154.000000	83	11	0.938	0.298
11160.000000	83	11	0.949	0.205
11166.000000	83	82	0.955	0.147
11172.000000	83	82	0.959	0.150
11178.000000	83	82	0.960	0.155
11184.000000	83	82	0.960	0.161
11190.000000	83	82	0.963	0.163
11196.000000	83	82	0.967	0.168
11202.000000	83	82	0.970	0.177
11208.000000	83	82	0.970	0.191
11214.000000	83	82	0.970	0.203
11220.000000	83	82	0.970	0.214
11226.000000	83	82	0.969	0.228
11232.000000	83	82	0.966	0.250
11238.000000	83	82	0.963	0.280
11244.000000	83	82	0.960	0.315
11250.000000	83	82	0.957	0.358
11256.000000	83	82	0.953	0.395
11262.000000	83	82	0.947	0.437
11268.000000	83	82	0.941	0.484
11274.000000	83	82	0.933	0.530
11280.000000	83	82	0.928	0.566
11286.000000	83	82	0.919	0.596
11292.000000	83	82	0.894	0.647
11298.000000	83	82	0.875	0.688
11304.000000	83	82	0.856	0.718
11310.000000	83	82	0.835	0.742
11316.000000	83	82	0.815	0.757
11322.000000	83	82	0.782	0.780
11328.000000	82	83	0.801	0.745
11334.000000	82	83	0.825	0.697
11340.000000	82	83	0.842	0.645
11346.000000	82	83	0.863	0.558
11352.000000	82	83	0.890	0.428
11358.000000	82	63	0.920	0.301
11364.000000	82	63	0.931	0.333
11370.000000	82	63	0.939	0.379
11376.000000	82	63	0.946	0.415
11382.000000	82	63	0.948	0.454
11388.000000	82	63	0.946	0.497
11394.000000	82	63	0.943	0.531
11400.000000	82	63	0.940	0.556
11406.000000	82	63	0.937	0.570
11412.000000	82	63	0.934	0.574
11418.000000	82	63	0.930	0.580
11424.000000	82	63	0.929	0.584
11430.000000	82	63	0.927	0.585
11436.000000	82	63	0.924	0.587
11442.000000	82	63	0.921	0.593
11448.000000	82	63	0.916	0.599
11454.000000	82	63	0.910	0.606
11460.000000	82	63	0.904	0.614
11466.000000	82	63	0.903	0.619
11472.000000	82	63	0.902	0.632
11478.000000	82	63	0.901	0.632
11484.000000	82	63	0.896	0.636
11490.000000	82	63	0.888	0.647
11496.000000	82	63	0.886	0.655
11502.000000	82	63	0.882	0.658
11508.000000	82	63	0.881	0.662
11514.000000	82	63	0.880	0.665
11520.000000	82	63	0.879	0.675
11526.000000	82	63	0.877	0.684
11532.000000	82	63	0.873	0.687
11538.000000	82	63	0.866	0.694
11544.000000	82	63	0.861	0.698
11550.000000	82	63	0.857	0.702
11556.000000	82	63	0.852	0.707
11562.000000	82	63	0.846	0.714
11568.000000	82	63	0.836	0.722
11574.000000	82	63	0.830	0.728
11580.000000	82	63	0.826	0.731
11586.000000	82	63	0.821	0.736
11592.000000	82	63	0.810	0.748
11598.000000	82	63	0.799	0.761
11604.000000	82	63	0.788	0.767
11610.000000	63	82	0.776	0.771
11616.000000	63	82	0.785	0.756
11622.000000	63	82	0.801	0.731
11628.000000	63	82	0.815	0.702
11634.000000	63	82	0.829	0.662
11640.000000	63	82	0.859	0.582
11646.000000	63	82	0.873	0.499
11652.000000	63	82	0.897	0.393
11658.000000	63	82	0.921	0.250
11664.000000	63	39	0.936	0.168
11670.000000	63	39	0.943	0.172
11676.000000	63	39	0.946	0.183
11682.000000	63	39	0.950	0.196
11688.000000	63	39	0.956	0.209
11694.000000	63	39	0.957	0.222
11700.000000	63	39	0.955	0.239
11706.000000	63	39	0.953	0.261
11712.000000	63	39	0.951	0.288
11718.000000	63	39	0.949	0.316
11724.000000	63	39	0.946	0.345
11730.000000	63	39	0.943	0.376
11736.000000	63	39	0.940	0.401
11742.000000	63	39	0.935	0.419
11748.000000	63	39	0.933	0.430
11754.000000	63	39	0.930	0.447
11760.000000	63	39	0.929	0.467
11766.000000	63	39	0.927	0.489
11772.000000	63	39	0.924	0.508
11778.000000	63	39	0.919	0.528
11784.000000	63	39	0.916	0.542
11790.000000	63	39	0.912	0.557
11796.000000	63	39	0.898	0.577
11802.000000	63	39	0.882	0.598
11808.000000	63	39	0.872	0.619
11814.000000	63	39	0.861	0.645
11820.000000	63	39	0.847	0.671
11826.000000	63	39	0.838	0.687
11832.000000	63	39	0.821	0.705
11838.000000	63	39	0.805	0.724
11844.000000	63	39	0.793	0.742
11850.000000	63	39	0.771	0.763
11856.000000	39	63	0.779	0.749
11862.000000	39	63	0.802	0.715
11868.000000	39	63	0.836	0.668
11874.000000	39	63	0.867	0.606
11880.000000	39	63	0.890	0.537
11886.000000	39	63	0.914	0.433
11892.000000	39	63	0.944	0.286
11898.000000	39	63	0.965	0.115
11904.000000	39	124	0.976	0.077
11910.000000	39	124	0.979	0.079
11916.000000	39	124	0.979	0.080
11922.000000	39	124	0.978	0.080
11928.000000	39	124	0.977	0.082
11934.000000	39	124	0.976	0.087
11940.000000	39	124	0.975	0.089
11946.000000	39	124	0.974	0.092
11952.000000	39	124	0.973	0.093
11958.000000	39	124	0.973	0.092
11964.000000	39	124	0.972	0.091
11970.000000	39	124	0.972	0.089
11976.000000	39	124	0.971	0.089
11982.000000	39	124	0.970	0.087
11988.000000	39	85	0.969	0.088
11994.000000	39	85	0.968	0.089
12000.000000	39	85	0.967	0.091
12006.000000	39	85	0.967	0.094
12012.000000	39	85	0.967	0.099
12018.000000	39	85	0.966	0.103
12024.000000	39	85	0.965	0.107
12030.000000	39	85	0.965	0.109
12036.000000	39	85	0.964	0.112
12042.000000	39	85	0.963	0.114
12048.000000	39	85	0.961	0.119
12054.000000	39	85	0.960	0.123
12060.000000	39	85	0.958	0.126
12066.000000	39	194	0.956	0.132
12072.000000	39	194	0.955	0.136
12078.000000	39	194	0.954	0.138
12084.000000	39	85	0.953	0.140
12090.000000	39	85	0.952	0.140
12096.000000	39	85	0.951	0.139
12102.000000	39	85	0.950	0.139
12108.000000	39	85	0.950	0.138
12114.000000	39	85	0.949	0.137
12120.000000	39	66	0.948	0.136
12126.000000	39	66	0.947	0.144
12132.000000	39	66	0.944	0.155
12138.000000	39	66	0.941	0.166
12144.000000	39	66	0.937	0.178
12150.000000	39	66	0.934	0.190
12156.000000	39	66	0.929	0.199
12162.000000	39	66	0.921	0.203
12168.000000	39	66	0.917	0.208
12174.000000	39	66	0.911	0.217
12180.000000	39	66	0.906	0.228
12186.000000	39	66	0.899	0.241
12192.000000	39	66	0.889	0.254
12198.000000	39	66	0.881	0.266
12204.000000	39	66	0.875	0.278
12210.000000	39	66	0.866	0.291
12216.000000	39	66	0.858	0.303
12222.000000	39	66	0.845	0.317
12228.000000	39	66	0.826	0.343
12234.000000	39	66	0.813	0.364
12240.000000	39	66	0.796	0.383
12246.000000	39	66	0.766	0.400
12252.000000	39	66	0.726	0.420
12258.000000	39	66	0.677	0.445
12264.000000	39	66	0.611	0.475
12270.000000	66	39	0.515	0.507
12276.000000	66	95	0.571	0.522
12282.000000	66	95	0.639	0.565
12288.000000	66	95	0.677	0.604
12294.000000	66	95	0.702	0.637
12300.000000	66	95	0.730	0.656
12306.000000	66	95	0.744	0.664
12312.000000	66	95	0.757	0.675
12318.000000	66	95	0.754	0.695
12324.000000	66	95	0.751	0.712
12330.000000	66	95	0.753	0.717
12336.000000	66	95	0.755	0.726
12342.000000	66	95	0.752	0.732
12348.000000	66	95	0.753	0.735
12354.000000	66	95	0.752	0.740
12360.000000	66	95	0.753	0.745
12366.000000	66	95	0.754	0.749
12372.000000	95	66	0.755	0.755
12378.000000	95	66	0.759	0.756
12384.000000	95	66	0.761	0.757
12390.000000	95	66	0.757	0.756
12396.000000	66	95	0.757	0.755
12402.000000	95	66	0.757	0.753
12408.000000	95	66	0.758	0.750
12414.000000	95	66	0.759	0.747
12420.000000	95	66	0.758	0.746
12426.000000	95	66	0.759	0.743
12432.000000	95	66	0.758	0.743
12438.000000	95	66	0.759	0.741
12444.000000	95	66	0.761	0.740
12450.000000	95	66	0.761	0.742
12456.000000	95	66	0.760	0.740
12462.000000	95	66	0.761	0.740
12468.000000	95	66	0.764	0.739
12474.000000	95	66	0.768	0.735
12480.000000	95	66	0.774	0.731
12486.000000	95	66	0.778	0.726
12492.000000	95	66	0.781	0.719
12498.000000	95	66	0.782	0.715
12504.000000	95	66	0.783	0.713
12510.000000	95	66	0.791	0.705
12516.000000	95	66	0.798	0.702
12522.000000	95	66	0.810	0.698
12528.000000	95	66	0.814	0.697
12534.000000	95	66	0.821	0.684
12540.000000	95	66	0.828	0.672
12546.000000	95	66	0.836	0.657
12552.000000	95	66	0.840	0.642
12558.000000	95	66	0.848	0.620
12564.000000	95	66	0.861	0.587
12570.000000	95	66	0.867	0.557
12576.000000	95	66	0.877	0.517
12582.000000	95	66	0.881	0.465
12588.000000	95	66	0.893	0.382
12594.000000	95	66	0.907	0.274
12600.000000	95	66	0.913	0.171
12606.000000	95	165	0.922	0.126
12612.000000	95	165	0.926	0.128
12618.000000	95	165	0.927	0.133
12624.000000	95	165	0.925	0.135
12630.000000	95	165	0.925	0.138
12636.000000	95	165	0.926	0.140
12642.000000	95	165	0.926	0.142
12648.000000	95	165	0.927	0.145
12654.000000	95	165	0.929	0.148
12660.000000	95	165	0.931	0.152
12666.000000	95	165	0.932	0.155
12672.000000	95	165	0.935	0.159
12678.000000	95	165	0.936	0.159
12684.000000	95	165	0.935	0.158
12690.000000	95	165	0.932	0.154
12696.000000	95	165	0.930	0.153
12702.000000	95	165	0.928	0.158
12708.000000	95	165	0.926	0.164
12714.000000	95	165	0.924	0.164
12720.000000	95	165	0.924	0.161
12726.000000	95	165	0.926	0.159
12732.000000	95	165	0.925	0.156
12738.000000	95	165	0.920	0.154
12744.000000	95	56	0.917	0.154
12750.000000	95	56	0.914	0.163
12756.000000	95	56	0.910	0.172
12762.000000	95	56	0.906	0.186
12768.000000	95	56	0.903	0.201
12774.000000	95	56	0.898	0.213
12780.000000	95	56	0.894	0.223
12786.000000	95	56	0.890	0.234
12792.000000	95	56	0.888	0.251
12798.000000	95	56	0.885	0.264
12804.000000	95	56	0.878	0.277
12810.000000	95	56	0.870	0.295
12816.000000	95	56	0.863	0.308
12822.000000	95	56	0.856	0.321
12828.000000	95	56	0.847	0.340
12834.000000	95	56	0.839	0.368
12840.000000	95	56	0.834	0.397
12846.000000	95	56	0.824	0.434
12852.000000	95	56	0.807	0.475
12858.000000	95	56	0.788	0.519
12864.000000	95	56	0.760	0.568
12870.000000	95	56	0.706	0.629
12876.000000	56	95	0.685	0.631
12882.000000	56	95	0.746	0.517
12888.000000	56	95	0.803	0.351
12894.000000	56	95	0.868	0.134
12900.000000	56	162	0.909	0.083
12906.000000	56	162	0.932	0.077
12912.000000	56	162	0.939	0.074
12918.000000	56	162	0.944	0.076
12924.000000	56	162	0.946	0.077
12930.000000	56	128	0.951	0.080
12936.000000	56	128	0.952	0.089
12942.000000	56	128	0.955	0.093
12948.000000	56	128	0.957	0.097
12954.000000	56	128	0.960	0.101
12960.000000	56	128	0.959	0.106
12966.000000	56	128	0.959	0.111
12972.000000	56	128	0.958	0.115
12978.000000	56	128	0.958	0.119
12984.000000	56	128	0.957	0.125
12990.000000	56	128	0.956	0.129
12996.000000	56	128	0.956	0.134
13002.000000	56	128	0.958	0.139
13008.000000	56	128	0.957	0.144
13014.000000	56	128	0.956	0.147
13020.000000	56	128	0.955	0.145
13026.000000	56	128	0.955	0.146
13032.000000	56	128	0.954	0.149
13038.000000	56	128	0.954	0.151
13044.000000	56	128	0.953	0.151
13050.000000	56	128	0.952	0.156
13056.000000	56	128	0.950	0.162
13062.000000	56	128	0.949	0.167
13068.000000	56	128	0.947	0.170
13074.000000	56	128	0.943	0.173
13080.000000	56	128	0.941	0.177
13086.000000	56	128	0.939	0.180
13092.000000	56	128	0.938	0.182
13098.000000	56	128	0.936	0.179
13104.000000	56	96	0.934	0.173
13110.000000	56	96	0.930	0.177
13116.000000	56	96	0.925	0.177
13122.000000	56	96	0.921	0.180
13128.000000	56	96	0.919	0.185
13134.000000	56	96	0.917	0.190
13140.000000	56	96	0.914	0.194
13146.000000	56	197	0.911	0.199
13152.000000	56	141	0.907	0.211
13158.000000	56	141	0.903	0.233
13164.000000	56	141	0.899	0.255
13170.000000	56	141	0.895	0.280
13176.000000	56	141	0.889	0.307
13182.000000	56	141	0.881	0.336
13188.000000	56	141	0.879	0.369
13194.000000	56	141	0.876	0.399
13200.000000	56	141	0.870	0.442
13206.000000	56	141	0.865	0.484
13212.000000	56	141	0.855	0.519
13218.000000	56	141	0.838	0.551
13224.000000	56	141	0.819	0.580
13230.000000	56	141	0.800	0.601
13236.000000	56	141	0.778	0.624
13242.000000	56	141	0.749	0.652
13248.000000	56	141	0.706	0.680
13254.000000	141	56	0.719	0.651
13260.000000	141	56	0.758	0.582
13266.000000	141	56	0.806	0.433
13272.000000	141	197	0.858	0.320
13278.000000	141	197	0.900	0.322
13284.000000	141	197	0.924	0.315
13290.000000	141	197	0.940	0.307
13296.000000	141	197	0.954	0.309
13302.000000	141	197	0.954	0.321
13308.000000	141	197	0.952	0.340
13314.000000	141	197	0.950	0.358
13320.000000	141	197	0.949	0.371
13326.000000	141	197	0.947	0.378
13332.000000	141	197	0.946	0.385
13338.000000	141	197	0.945	0.395
13344.000000	141	197	0.949	0.406
13350.000000	141	197	0.949	0.412
13356.000000	141	197	0.948	0.414
13362.000000	141	197	0.947	0.418
13368.000000	141	197	0.946	0.420
13374.000000	141	197	0.944	0.421
13380.000000	141	197	0.944	0.418
13386.000000	141	197	0.942	0.416
13392.000000	141	197	0.941	0.415
13398.000000	141	197	0.937	0.414
13404.000000	141	197	0.936	0.416
13410.000000	141	197	0.935	0.417
13416.000000	141	197	0.934	0.416
13422.000000	141	197	0.933	0.415
13428.000000	141	197	0.928	0.413
13434.000000	141	197	0.926	0.411
13440.000000	141	197	0.925	0.409
13446.000000	141	197	0.924	0.405
13452.000000	141	197	0.924	0.393
13458.000000	141	197	0.924	0.383
13464.000000	141	197	0.925	0.371
13470.000000	141	197	0.929	0.352
13476.000000	141	197	0.929	0.335
13482.000000	141	197	0.928	0.314
13488.000000	141	197	0.929	0.273
13494.000000	141	175	0.930	0.254
13500.000000	141	175	0.931	0.266
13506.000000	141	175	0.930	0.273
13512.000000	141	175	0.929	0.278
13518.000000	141	175	0.926	0.286
13524.000000	141	175	0.921	0.294
13530.000000	141	175	0.916	0.305
13536.000000	141	175	0.911	0.331
13542.000000	141	175	0.908	0.367
13548.000000	141	175	0.906	0.391
13554.000000	141	175	0.903	0.416
13560.000000	141	175	0.897	0.447
13566.000000	141	175	0.890	0.475
13572.000000	141	175	0.877	0.494
13578.000000	141	175	0.863	0.511
13584.000000	141	175	0.846	0.539
13590.000000	141	175	0.826	0.568
13596.000000	141	175	0.802	0.591
13602.000000	141	175	0.767	0.619
13608.000000	141	175	0.725	0.651
13614.000000	175	141	0.678	0.674
13620.000000	175	141	0.707	0.604
13626.000000	175	141	0.737	0.503
13632.000000	175	141	0.771	0.353
13638.000000	175	141	0.821	0.185
13644.000000	175	86	0.869	0.156
13650.000000	175	86	0.886	0.159
13656.000000	175	86	0.903	0.161
13662.000000	175	86	0.914	0.167
13668.000000	175	86	0.917	0.170
13674.000000	175	86	0.920	0.169
13680.000000	175	86	0.919	0.171
13686.000000	175	86	0.918	0.174
13692.000000	175	86	0.918	0.167
13698.000000	175	86	0.917	0.164
13704.000000	175	86	0.916	0.164
13710.000000	175	86	0.915	0.162
13716.000000	175	86	0.914	0.163
13722.000000	175	86	0.913	0.162
13728.000000	175	86	0.916	0.160
13734.000000	175	86	0.915	0.160
13740.000000	175	86	0.913	0.156
13746.000000	175	86	0.915	0.152
13752.000000	175	133	0.914	0.150
13758.000000	175	133	0.913	0.156
13764.000000	175	133	0.913	0.162
13770.000000	175	133	0.916	0.162
13776.000000	175	42	0.918	0.168
13782.000000	175	42	0.923	0.170
13788.000000	175	133	0.924	0.172
13794.000000	175	133	0.924	0.173
13800.000000	175	133	0.924	0.175
13806.000000	175	133	0.924	0.177
13812.000000	175	51	0.924	0.179
13818.000000	175	51	0.923	0.190
13824.000000	175	51	0.923	0.199
13830.000000	175	51	0.921	0.207
13836.000000	175	51	0.918	0.215
13842.000000	175	51	0.916	0.221
13848.000000	175	51	0.913	0.229
13854.000000	175	51	0.908	0.235
13860.000000	175	51	0.904	0.241
13866.000000	175	51	0.901	0.247
13872.000000	175	51	0.900	0.257
13878.000000	175	51	0.900	0.273
13884.000000	175	51	0.900	0.284
13890.000000	175	51	0.900	0.293
13896.000000	175	51	0.899	0.309
13902.000000	175	51	0.897	0.321
13908.000000	175	51	0.894	0.332
13914.000000	175	51	0.890	0.343
13920.000000	175	51	0.885	0.364
13926.000000	175	51	0.879	0.390
13932.000000	175	51	0.872	0.412
13938.000000	175	51	0.861	0.433
13944.000000	175	51	0.846	0.455
13950.000000	175	51	0.829	0.483
13956.000000	175	51	0.809	0.511
13962.000000	175	51	0.785	0.547
13968.000000	175	51	0.752	0.579
13974.000000	175	51	0.707	0.612
13980.000000	51	175	0.663	0.646
13986.000000	51	175	0.706	0.573
13992.000000	51	175	0.769	0.448
13998.000000	51	13	0.820	0.379
14004.000000	51	13	0.867	0.398
14010.000000	51	13	0.898	0.411
14016.000000	51	13	0.919	0.414
14022.000000	51	13	0.925	0.430
14028.000000	51	13	0.929	0.446
14034.000000	51	13	0.929	0.460
14040.000000	51	13	0.929	0.465
14046.000000	51	13	0.928	0.467
14052.000000	51	13	0.931	0.470
14058.000000	51	13	0.930	0.480
14064.000000	51	13	0.928	0.488
14070.000000	51	13	0.924	0.498
14076.000000	51	13	0.925	0.504
14082.000000	51	13	0.928	0.508
14088.000000	51	13	0.929	0.513
14094.000000	51	13	0.929	0.518
14100.000000	51	13	0.929	0.525
14106.000000	51	13	0.928	0.532
14112.000000	51	13	0.925	0.544
14118.000000	51	13	0.924	0.550
14124.000000	51	13	0.923	0.554
14130.000000	51	13	0.922	0.554
14136.000000	51	13	0.920	0.554
14142.000000	51	13	0.918	0.554
14148.000000	51	13	0.915	0.554
14154.000000	51	13	0.912	0.556
14160.000000	51	13	0.908	0.558
14166.000000	51	13	0.906	0.559
14172.000000	51	13	0.906	0.563
14178.000000	51	13	0.905	0.565
14184.000000	51	13	0.904	0.560
14190.000000	51	13	0.903	0.561
14196.000000	51	13	0.902	0.560
14202.000000	51	13	0.900	0.558
14208.000000	51	13	0.894	0.558
14214.000000	51	13	0.892	0.559
14220.000000	51	13	0.892	0.553
14226.000000	51	13	0.890	0.539
14232.000000	51	13	0.887	0.519
14238.000000	51	13	0.886	0.494
14244.000000	51	13	0.887	0.470
14250.000000	51	13	0.890	0.436
14256.000000	51	13	0.890	0.393
14262.000000	51	13	0.892	0.348
14268.000000	51	13	0.893	0.303
14274.000000	51	13	0.896	0.239
14280.000000	51	94	0.898	0.180
14286.000000	51	94	0.899	0.178
14292.000000	51	94	0.899	0.172
14298.000000	51	94	0.900	0.166
14304.000000	51	94	0.903	0.162
14310.000000	51	94	0.903	0.163
14316.000000	51	94	0.903	0.162
14322.000000	51	94	0.907	0.157
14328.000000	51	94	0.912	0.152
14334.000000	51	94	0.918	0.144
14340.000000	51	94	0.921	0.138
14346.000000	51	94	0.924	0.135
14352.000000	51	94	0.928	0.133
14358.000000	51	94	0.936	0.132
14364.000000	51	94	0.939	0.129
14370.000000	51	94	0.939	0.128
14376.000000	51	94	0.941	0.121
14382.000000	51	94	0.943	0.108
14388.000000	51	94	0.942	0.102
14394.000000	51	94	0.942	0.097
14400.000000	51	94	0.943	0.097
14406.000000	51	94	0.948	0.097
14412.000000	51	94	0.949	0.098
14418.000000	51	94	0.952	0.098
14424.000000	51	94	0.953	0.094
14430.000000	51	94	0.954	0.091
14436.000000	51	94	0.955	0.087
14442.000000	51	94	0.958	0.080
14448.000000	51	94	0.960	0.074
14454.000000	51	94	0.962	0.068
14460.000000	51	55	0.963	0.062
14466.000000	51	55	0.963	0.062
14472.000000	51	90	0.964	0.065
14478.000000	51	90	0.964	0.069
14484.000000	51	90	0.965	0.072
14490.000000	51	90	0.966	0.076
14496.000000	51	90	0.967	0.078
14502.000000	51	90	0.967	0.079
14508.000000	51	90	0.967	0.079
14514.000000	51	90	0.966	0.077
14520.000000	51	90	0.963	0.075
14526.000000	51	90	0.961	0.074
14532.000000	51	90	0.958	0.074
14538.000000	51	90	0.958	0.072
14544.000000	51	90	0.958	0.070
14550.000000	51	90	0.959	0.065
14556.000000	51	90	0.962	0.061
14562.000000	51	90	0.962	0.058
14568.000000	51	90	0.962	0.055
14574.000000	51	175	0.961	0.051
14580.000000	51	175	0.960	0.051
14586.000000	51	175	0.957	0.052
14592.000000	51	175	0.954	0.052
14598.000000	51	175	0.950	0.052
14604.000000	51	175	0.947	0.052
14610.000000	51	175	0.943	0.052
14616.000000	51	175	0.941	0.051
14622.000000	51	175	0.940	0.050
14628.000000	51	175	0.938	0.051
14634.000000	51	175	0.937	0.051
14640.000000	51	175	0.937	0.051
14646.000000	51	175	0.937	0.051
14652.000000	51	175	0.936	0.051
14658.000000	51	175	0.934	0.051
14664.000000	51	175	0.934	0.051
14670.000000	51	175	0.935	0.051
14676.000000	51	175	0.935	0.049
14682.000000	51	175	0.934	0.047
14688.000000	51	175	0.934	0.046
14694.000000	51	175	0.932	0.044
14700.000000	51	175	0.930	0.043
14706.000000	51	175	0.928	0.043
14712.000000	51	175	0.925	0.043
14718.000000	51	175	0.925	0.043
14724.000000	51	175	0.927	0.042
14730.000000	51	175	0.928	0.041
14736.000000	51	175	0.931	0.039
14742.000000	51	175	0.932	0.039
14748.000000	51	175	0.934	0.038
14754.000000	51	175	0.935	0.036
14760.000000	51	175	0.936	0.035
14766.000000	51	175	0.937	0.035
14772.000000	51	175	0.938	0.035
14778.000000	51	175	0.939	0.035
14784.000000	51	175	0.941	0.035
14790.000000	51	175	0.943	0.035
14796.000000	51	175	0.944	0.035
14802.000000	51	175	0.945	0.036
14808.000000	51	175	0.949	0.038
14814.000000	51	175	0.951	0.039
14820.000000	51	175	0.952	0.039
14826.000000	51	175	0.954	0.039
14832.000000	51	175	0.956	0.039
14838.000000	51	175	0.959	0.039
14844.000000	51	175	0.962	0.040
14850.000000	51	175	0.964	0.040
14856.000000	51	175	0.966	0.040
14862.000000	51	175	0.966	0.041
14868.000000	51	175	0.966	0.042
14874.000000	51	175	0.965	0.045
14880.000000	51	175	0.965	0.047
14886.000000	51	175	0.965	0.048
14892.000000	51	175	0.965	0.049
14898.000000	51	175	0.963	0.051
14904.000000	51	175	0.962	0.051
14910.000000	51	175	0.962	0.051
14916.000000	51	175	0.963	0.051
14922.000000	51	175	0.964	0.051
14928.000000	51	175	0.965	0.051
14934.000000	51	175	0.966	0.050
14940.000000	51	175	0.967	0.050
14946.000000	51	6	0.967	0.050
14952.000000	51	94	0.967	0.050
14958.000000	51	94	0.967	0.051
14964.000000	51	94	0.967	0.051
14970.000000	51	94	0.967	0.051
14976.000000	51	94	0.967	0.050
14982.000000	51	94	0.968	0.050
14988.000000	51	94	0.970	0.050
14994.000000	51	94	0.969	0.050
15000.000000	51	94	0.969	0.050
15006.000000	51	94	0.967	0.050
15012.000000	51	94	0.967	0.049
15018.000000	51	94	0.967	0.048
15024.000000	51	94	0.967	0.047
15030.000000	51	94	0.968	0.046
15036.000000	51	94	0.968	0.046
15042.000000	51	94	0.971	0.045
15048.000000	51	94	0.973	0.045
15054.000000	51	94	0.974	0.045
15060.000000	51	94	0.974	0.044
15066.000000	51	94	0.974	0.042
15072.000000	51	94	0.973	0.041
15078.000000	51	175	0.971	0.041
15084.000000	51	175	0.969	0.041
15090.000000	51	175	0.968	0.041
15096.000000	51	175	0.966	0.041
15102.000000	51	175	0.965	0.042
15108.000000	51	175	0.965	0.042
15114.000000	51	175	0.963	0.042
15120.000000	51	175	0.960	0.042
15126.000000	51	175	0.957	0.042
15132.000000	51	163	0.956	0.043
15138.000000	51	163	0.955	0.045
15144.000000	51	163	0.954	0.045
15150.000000	51	163	0.954	0.045
15156.000000	51	175	0.953	0.045
15162.000000	51	175	0.952	0.047
15168.000000	51	175	0.950	0.049
15174.000000	51	175	0.948	0.051
15180.000000	51	175	0.945	0.052
15186.000000	51	175	0.943	0.054
15192.000000	51	175	0.940	0.057
15198.000000	51	175	0.935	0.062
15204.000000	51	175	0.930	0.066
15210.000000	51	175	0.924	0.069
15216.000000	51	175	0.917	0.070
15222.000000	51	175	0.910	0.069
15228.000000	51	175	0.903	0.068
15234.000000	51	175	0.897	0.067
15240.000000	51	175	0.891	0.066
15246.000000	51	175	0.884	0.065
15252.000000	51	175	0.872	0.066
15258.000000	51	175	0.860	0.068
15264.000000	51	175	0.850	0.071
15270.000000	51	175	0.829	0.075
15276.000000	51	175	0.794	0.078
15282.000000	51	175	0.754	0.079
15288.000000	51	175	0.694	0.077
15294.000000	51	175	0.588	0.073
15300.000000	51	175	0.372	0.066
15306.000000	51	143	0.082	0.051
15312.000000	143	123	0.050	0.037
15318.000000	143	123	0.050	0.039
15324.000000	143	123	0.050	0.039
15330.000000	143	123	0.047	0.039
15336.000000	143	123	0.046	0.036
15342.000000	143	123	0.045	0.032
15348.000000	143	123	0.043	0.029
15354.000000	143	123	0.043	0.028
15360.000000	143	123	0.043	0.028
15366.000000	143	123	0.040	0.027
15372.000000	143	123	0.038	0.026
15378.000000	143	123	0.035	0.023
15384.000000	143	123	0.030	0.021
15390.000000	143	123	0.024	0.018
15396.000000	143	123	0.020	0.014
15402.000000	143	136	0.016	0.009
15408.000000	143	155	0.013	0.007
15414.000000	143	155	0.008	0.007
