0.000000	125	102	0.000	0.000
6.000000	125	27	0.992	0.047
12.000000	125	27	0.993	0.049
18.000000	125	27	0.992	0.052
24.000000	125	27	0.992	0.056
30.000000	125	27	0.990	0.063
36.000000	125	27	0.989	0.070
42.000000	125	27	0.987	0.076
48.000000	125	27	0.985	0.081
54.000000	125	27	0.983	0.084
60.000000	125	27	0.981	0.089
66.000000	125	27	0.979	0.097
72.000000	125	27	0.977	0.105
78.000000	125	27	0.974	0.115
84.000000	125	27	0.971	0.129
90.000000	125	27	0.968	0.142
96.000000	125	52	0.965	0.163
102.000000	125	52	0.961	0.187
108.000000	125	52	0.957	0.215
114.000000	125	52	0.953	0.240
120.000000	125	52	0.949	0.261
126.000000	125	52	0.945	0.288
132.000000	125	52	0.941	0.312
138.000000	125	52	0.938	0.332
144.000000	125	52	0.935	0.348
150.000000	125	52	0.931	0.359
156.000000	125	52	0.927	0.365
162.000000	125	52	0.925	0.368
168.000000	125	52	0.923	0.375
174.000000	125	52	0.920	0.382
180.000000	125	52	0.917	0.384
186.000000	125	52	0.914	0.389
192.000000	125	52	0.911	0.393
198.000000	125	52	0.909	0.399
204.000000	125	52	0.908	0.405
210.000000	125	52	0.907	0.411
216.000000	125	52	0.906	0.416
222.000000	125	52	0.901	0.425
228.000000	125	52	0.899	0.433
234.000000	125	52	0.897	0.438
240.000000	125	52	0.896	0.444
246.000000	125	52	0.896	0.451
252.000000	125	52	0.895	0.460
258.000000	125	52	0.895	0.471
264.000000	125	52	0.894	0.484
270.000000	125	52	0.887	0.499
276.000000	125	52	0.878	0.520
282.000000	125	52	0.876	0.541
288.000000	125	52	0.874	0.560
294.000000	125	52	0.872	0.579
300.000000	125	52	0.869	0.598
306.000000	125	52	0.861	0.626
312.000000	125	52	0.843	0.659
318.000000	125	52	0.833	0.679
324.000000	125	52	0.828	0.693
330.000000	125	52	0.814	0.718
336.000000	125	52	0.801	0.733
342.000000	125	52	0.777	0.759
348.000000	52	125	0.785	0.745
354.000000	52	125	0.797	0.727
360.000000	52	125	0.813	0.699
366.000000	52	125	0.833	0.672
372.000000	52	125	0.856	0.624
378.000000	52	125	0.873	0.563
384.000000	52	125	0.894	0.463
390.000000	52	125	0.904	0.340
396.000000	52	67	0.915	0.243
402.000000	52	67	0.923	0.243
408.000000	52	45	0.926	0.240
414.000000	52	45	0.928	0.238
420.000000	52	45	0.929	0.236
426.000000	52	45	0.930	0.233
432.000000	52	45	0.927	0.230
438.000000	52	45	0.921	0.229
444.000000	52	45	0.916	0.229
450.000000	52	45	0.911	0.229
456.000000	52	45	0.907	0.231
462.000000	52	45	0.905	0.226
468.000000	52	45	0.903	0.222
474.000000	52	45	0.900	0.220
480.000000	52	45	0.898	0.214
486.000000	52	45	0.895	0.208
492.000000	52	63	0.891	0.209
498.000000	52	63	0.884	0.213
504.000000	52	63	0.876	0.219
510.000000	52	63	0.866	0.222
516.000000	52	63	0.854	0.226
522.000000	52	63	0.845	0.235
528.000000	52	63	0.835	0.243
534.000000	52	63	0.826	0.250
540.000000	52	63	0.818	0.250
546.000000	52	63	0.804	0.249
552.000000	52	63	0.795	0.254
558.000000	52	63	0.789	0.258
564.000000	52	63	0.781	0.260
570.000000	52	63	0.773	0.262
576.000000	52	63	0.761	0.268
582.000000	52	63	0.750	0.278
588.000000	52	63	0.734	0.286
594.000000	52	63	0.720	0.290
600.000000	52	63	0.695	0.296
606.000000	52	63	0.673	0.302
612.000000	52	63	0.653	0.308
618.000000	52	63	0.631	0.316
624.000000	52	63	0.609	0.321
630.000000	52	63	0.580	0.333
636.000000	52	63	0.540	0.345
642.000000	52	63	0.482	0.356
648.000000	52	63	0.407	0.370
654.000000	63	52	0.391	0.330
660.000000	63	190	0.413	0.319
666.000000	63	190	0.426	0.322
672.000000	63	190	0.444	0.329
678.000000	63	190	0.472	0.336
684.000000	63	190	0.502	0.340
690.000000	63	190	0.524	0.343
696.000000	63	190	0.533	0.353
702.000000	63	190	0.538	0.352
708.000000	63	190	0.545	0.357
714.000000	63	190	0.558	0.364
720.000000	63	190	0.572	0.366
726.000000	63	190	0.585	0.361
732.000000	63	190	0.589	0.361
738.000000	63	190	0.593	0.358
744.000000	63	190	0.599	0.356
750.000000	63	190	0.604	0.354
756.000000	63	190	0.613	0.349
762.000000	63	190	0.620	0.341
768.000000	63	190	0.634	0.331
774.000000	63	190	0.648	0.323
780.000000	63	190	0.658	0.315
786.000000	63	190	0.666	0.308
792.000000	63	190	0.670	0.302
798.000000	63	190	0.678	0.296
804.000000	63	190	0.687	0.290
810.000000	63	190	0.695	0.283
816.000000	63	190	0.715	0.272
822.000000	63	190	0.734	0.254
828.000000	63	89	0.741	0.257
834.000000	63	89	0.747	0.274
840.000000	63	89	0.758	0.298
846.000000	63	89	0.763	0.314
852.000000	63	89	0.775	0.332
858.000000	63	89	0.777	0.351
864.000000	63	89	0.781	0.370
870.000000	63	89	0.795	0.392
876.000000	63	89	0.807	0.409
882.000000	63	89	0.812	0.433
888.000000	63	89	0.819	0.451
894.000000	63	89	0.822	0.465
900.000000	63	89	0.823	0.478
906.000000	63	89	0.823	0.486
912.000000	63	89	0.816	0.500
918.000000	63	89	0.815	0.519
924.000000	63	89	0.813	0.536
930.000000	63	89	0.813	0.547
936.000000	63	89	0.816	0.552
942.000000	63	89	0.817	0.561
948.000000	63	89	0.815	0.565
954.000000	63	89	0.813	0.570
960.000000	63	89	0.812	0.580
966.000000	63	89	0.810	0.591
972.000000	63	89	0.808	0.599
978.000000	63	89	0.805	0.605
984.000000	63	89	0.802	0.613
990.000000	63	89	0.800	0.624
996.000000	63	89	0.795	0.634
1002.000000	63	89	0.790	0.641
1008.000000	63	89	0.785	0.647
1014.000000	63	89	0.783	0.659
1020.000000	63	89	0.784	0.665
1026.000000	63	89	0.787	0.673
1032.000000	63	89	0.786	0.688
1038.000000	63	89	0.782	0.708
1044.000000	63	89	0.778	0.726
1050.000000	63	89	0.772	0.735
1056.000000	63	89	0.763	0.744
1062.000000	63	89	0.756	0.750
1068.000000	89	63	0.754	0.750
1074.000000	89	63	0.764	0.740
1080.000000	89	63	0.770	0.734
1086.000000	89	63	0.774	0.727
1092.000000	89	63	0.778	0.717
1098.000000	89	63	0.781	0.701
1104.000000	89	63	0.787	0.677
1110.000000	89	63	0.800	0.647
1116.000000	89	63	0.813	0.607
1122.000000	89	63	0.833	0.560
1128.000000	89	63	0.859	0.485
1134.000000	89	63	0.876	0.397
1140.000000	89	63	0.890	0.292
1146.000000	89	63	0.910	0.167
1152.000000	89	98	0.917	0.160
1158.000000	89	98	0.919	0.174
1164.000000	89	98	0.919	0.186
1170.000000	89	98	0.918	0.207
1176.000000	89	98	0.915	0.229
1182.000000	89	98	0.911	0.252
1188.000000	89	98	0.907	0.283
1194.000000	89	98	0.902	0.312
1200.000000	89	98	0.897	0.343
1206.000000	89	98	0.894	0.368
1212.000000	89	98	0.890	0.389
1218.000000	89	98	0.883	0.413
1224.000000	89	98	0.878	0.436
1230.000000	89	98	0.870	0.457
1236.000000	89	98	0.863	0.472
1242.000000	89	98	0.852	0.488
1248.000000	89	98	0.839	0.498
1254.000000	89	98	0.830	0.507
1260.000000	89	98	0.819	0.517
1266.000000	89	98	0.803	0.524
1272.000000	89	98	0.779	0.532
1278.000000	89	98	0.756	0.545
1284.000000	89	98	0.724	0.558
1290.000000	89	98	0.688	0.579
1296.000000	89	98	0.629	0.605
1302.000000	98	89	0.623	0.568
1308.000000	98	89	0.652	0.485
1314.000000	98	91	0.686	0.490
1320.000000	98	91	0.717	0.524
1326.000000	98	91	0.749	0.550
1332.000000	98	91	0.780	0.557
1338.000000	98	91	0.802	0.563
1344.000000	98	91	0.809	0.569
1350.000000	98	91	0.815	0.572
1356.000000	98	91	0.826	0.570
1362.000000	98	91	0.828	0.578
1368.000000	98	91	0.833	0.590
1374.000000	98	91	0.834	0.592
1380.000000	98	91	0.836	0.595
1386.000000	98	91	0.839	0.595
1392.000000	98	91	0.843	0.592
1398.000000	98	91	0.844	0.591
1404.000000	98	91	0.842	0.592
1410.000000	98	91	0.843	0.590
1416.000000	98	91	0.848	0.586
1422.000000	98	91	0.845	0.586
1428.000000	98	91	0.844	0.587
1434.000000	98	91	0.843	0.582
1440.000000	98	91	0.843	0.577
1446.000000	98	91	0.842	0.570
1452.000000	98	91	0.842	0.566
1458.000000	98	91	0.844	0.562
1464.000000	98	91	0.846	0.557
1470.000000	98	91	0.847	0.549
1476.000000	98	91	0.841	0.546
1482.000000	98	91	0.838	0.544
1488.000000	98	91	0.832	0.537
1494.000000	98	91	0.830	0.528
1500.000000	98	91	0.831	0.509
1506.000000	98	91	0.834	0.480
1512.000000	98	91	0.831	0.456
1518.000000	98	91	0.829	0.428
1524.000000	98	91	0.831	0.391
1530.000000	98	91	0.833	0.352
1536.000000	98	91	0.834	0.316
1542.000000	98	91	0.836	0.265
1548.000000	98	5	0.839	0.266
1554.000000	98	5	0.841	0.272
1560.000000	98	5	0.842	0.276
1566.000000	98	5	0.841	0.280
1572.000000	98	5	0.839	0.289
1578.000000	98	5	0.834	0.297
1584.000000	98	5	0.827	0.311
1590.000000	98	5	0.826	0.328
1596.000000	98	5	0.821	0.350
1602.000000	98	5	0.818	0.368
1608.000000	98	5	0.812	0.380
1614.000000	98	5	0.808	0.396
1620.000000	98	5	0.799	0.419
1626.000000	98	5	0.791	0.439
1632.000000	98	5	0.775	0.454
1638.000000	98	5	0.761	0.472
1644.000000	98	5	0.748	0.487
1650.000000	98	5	0.733	0.498
1656.000000	98	5	0.719	0.512
1662.000000	98	5	0.702	0.524
1668.000000	98	5	0.683	0.535
1674.000000	98	5	0.652	0.543
1680.000000	98	5	0.604	0.558
1686.000000	5	98	0.570	0.565
1692.000000	5	98	0.586	0.500
1698.000000	5	98	0.609	0.391
1704.000000	5	107	0.642	0.299
1710.000000	5	107	0.688	0.312
1716.000000	5	107	0.722	0.319
1722.000000	5	107	0.745	0.325
1728.000000	5	107	0.755	0.325
1734.000000	5	107	0.780	0.323
1740.000000	5	107	0.794	0.329
1746.000000	5	107	0.802	0.334
1752.000000	5	107	0.800	0.341
1758.000000	5	107	0.801	0.342
1764.000000	5	107	0.804	0.339
1770.000000	5	107	0.803	0.343
1776.000000	5	107	0.806	0.350
1782.000000	5	107	0.807	0.354
1788.000000	5	107	0.811	0.354
1794.000000	5	107	0.814	0.349
1800.000000	5	107	0.813	0.347
1806.000000	5	107	0.814	0.340
1812.000000	5	107	0.810	0.335
1818.000000	5	107	0.805	0.330
1824.000000	5	107	0.802	0.324
1830.000000	5	199	0.800	0.316
1836.000000	5	199	0.800	0.321
1842.000000	5	199	0.797	0.320
1848.000000	5	199	0.794	0.325
1854.000000	5	199	0.791	0.332
1860.000000	5	199	0.791	0.338
1866.000000	5	199	0.793	0.344
1872.000000	5	199	0.800	0.349
1878.000000	5	199	0.807	0.347
1884.000000	5	199	0.812	0.345
1890.000000	5	199	0.813	0.344
1896.000000	5	199	0.814	0.339
1902.000000	5	199	0.810	0.337
1908.000000	5	199	0.811	0.331
1914.000000	5	155	0.811	0.338
1920.000000	5	155	0.804	0.349
1926.000000	5	155	0.799	0.360
1932.000000	5	155	0.793	0.365
1938.000000	5	155	0.785	0.369
1944.000000	5	155	0.777	0.376
1950.000000	5	155	0.773	0.382
1956.000000	5	155	0.767	0.388
1962.000000	5	155	0.764	0.387
1968.000000	5	155	0.760	0.386
1974.000000	5	155	0.755	0.388
1980.000000	5	155	0.750	0.392
1986.000000	5	155	0.743	0.406
1992.000000	5	155	0.737	0.419
1998.000000	5	155	0.727	0.437
2004.000000	5	155	0.716	0.447
2010.000000	5	155	0.703	0.452
2016.000000	5	155	0.691	0.459
2022.000000	5	155	0.674	0.466
2028.000000	5	155	0.640	0.488
2034.000000	5	155	0.593	0.507
2040.000000	5	155	0.551	0.532
2046.000000	155	5	0.571	0.490
2052.000000	155	5	0.619	0.386
2058.000000	155	165	0.661	0.305
2064.000000	155	165	0.708	0.323
2070.000000	155	165	0.739	0.338
2076.000000	155	165	0.762	0.348
2082.000000	155	165	0.791	0.349
2088.000000	155	165	0.801	0.352
2094.000000	155	27	0.805	0.358
2100.000000	155	27	0.808	0.374
2106.000000	155	27	0.818	0.386
2112.000000	155	27	0.825	0.397
2118.000000	155	27	0.835	0.408
2124.000000	155	27	0.840	0.415
2130.000000	155	27	0.839	0.426
2136.000000	155	27	0.843	0.431
2142.000000	155	27	0.846	0.436
2148.000000	155	27	0.847	0.439
2154.000000	155	27	0.847	0.443
2160.000000	155	27	0.848	0.452
2166.000000	155	27	0.848	0.455
2172.000000	155	27	0.848	0.457
2178.000000	155	27	0.850	0.467
2184.000000	155	27	0.854	0.480
2190.000000	155	27	0.861	0.486
2196.000000	155	27	0.864	0.490
2202.000000	155	27	0.869	0.491
2208.000000	155	27	0.872	0.490
2214.000000	155	27	0.872	0.487
2220.000000	155	27	0.875	0.485
2226.000000	155	27	0.878	0.483
2232.000000	155	27	0.881	0.483
2238.000000	155	27	0.880	0.485
2244.000000	155	27	0.878	0.488
2250.000000	155	27	0.877	0.497
2256.000000	155	27	0.875	0.509
2262.000000	155	27	0.872	0.519
2268.000000	155	27	0.865	0.529
2274.000000	155	27	0.863	0.535
2280.000000	155	196	0.860	0.544
2286.000000	155	196	0.858	0.554
2292.000000	155	196	0.851	0.566
2298.000000	155	196	0.848	0.576
2304.000000	155	196	0.843	0.582
2310.000000	155	196	0.834	0.600
2316.000000	155	196	0.828	0.604
2322.000000	155	196	0.816	0.614
2328.000000	155	196	0.806	0.629
2334.000000	155	196	0.797	0.638
2340.000000	155	196	0.784	0.646
2346.000000	155	196	0.765	0.656
2352.000000	155	196	0.747	0.667
2358.000000	155	196	0.737	0.674
2364.000000	155	196	0.721	0.684
2370.000000	196	155	0.704	0.700
2376.000000	196	155	0.710	0.683
2382.000000	196	155	0.720	0.656
2388.000000	196	155	0.737	0.615
2394.000000	196	155	0.758	0.568
2400.000000	196	155	0.786	0.516
2406.000000	196	155	0.817	0.440
2412.000000	196	155	0.858	0.312
2418.000000	196	27	0.880	0.215
2424.000000	196	27	0.896	0.173
2430.000000	196	164	0.900	0.161
2436.000000	196	164	0.905	0.176
2442.000000	196	164	0.914	0.199
2448.000000	196	164	0.916	0.219
2454.000000	196	164	0.920	0.238
2460.000000	196	164	0.919	0.258
2466.000000	196	164	0.915	0.278
2472.000000	196	164	0.910	0.298
2478.000000	196	164	0.909	0.317
2484.000000	196	164	0.906	0.335
2490.000000	196	164	0.903	0.352
2496.000000	196	164	0.901	0.364
2502.000000	196	164	0.898	0.373
2508.000000	196	164	0.891	0.384
2514.000000	196	164	0.886	0.397
2520.000000	196	164	0.879	0.411
2526.000000	196	164	0.872	0.423
2532.000000	196	164	0.863	0.444
2538.000000	196	164	0.856	0.457
2544.000000	196	164	0.850	0.466
2550.000000	196	164	0.839	0.477
2556.000000	196	164	0.829	0.485
2562.000000	196	164	0.819	0.498
2568.000000	196	164	0.807	0.505
2574.000000	196	164	0.791	0.510
2580.000000	196	164	0.780	0.517
2586.000000	196	164	0.770	0.525
2592.000000	196	164	0.758	0.531
2598.000000	196	164	0.740	0.538
2604.000000	196	164	0.712	0.566
2610.000000	196	164	0.688	0.582
2616.000000	196	164	0.660	0.600
2622.000000	196	164	0.628	0.614
2628.000000	164	196	0.635	0.581
2634.000000	164	196	0.662	0.509
2640.000000	164	63	0.683	0.461
2646.000000	164	63	0.701	0.472
2652.000000	164	63	0.720	0.494
2658.000000	164	63	0.752	0.514
2664.000000	164	63	0.787	0.522
2670.000000	164	63	0.816	0.537
2676.000000	164	63	0.828	0.552
2682.000000	164	63	0.838	0.565
2688.000000	164	63	0.844	0.582
2694.000000	164	63	0.859	0.593
2700.000000	164	63	0.866	0.600
2706.000000	164	63	0.869	0.606
2712.000000	164	63	0.873	0.614
2718.000000	164	63	0.873	0.614
2724.000000	164	63	0.870	0.617
2730.000000	164	63	0.869	0.622
2736.000000	164	63	0.868	0.631
2742.000000	164	63	0.867	0.636
2748.000000	164	63	0.872	0.637
2754.000000	164	63	0.874	0.636
2760.000000	164	63	0.874	0.633
2766.000000	164	63	0.875	0.637
2772.000000	164	63	0.876	0.642
2778.000000	164	63	0.877	0.644
2784.000000	164	63	0.878	0.654
2790.000000	164	63	0.881	0.654
2796.000000	164	63	0.881	0.654
2802.000000	164	63	0.878	0.660
2808.000000	164	63	0.877	0.665
2814.000000	164	63	0.876	0.666
2820.000000	164	63	0.876	0.664
2826.000000	164	63	0.877	0.662
2832.000000	164	63	0.877	0.665
2838.000000	164	63	0.880	0.669
2844.000000	164	63	0.880	0.669
2850.000000	164	63	0.880	0.670
2856.000000	164	63	0.879	0.674
2862.000000	164	63	0.880	0.677
2868.000000	164	63	0.881	0.679
2874.000000	164	63	0.879	0.680
2880.000000	164	63	0.874	0.687
2886.000000	164	63	0.876	0.689
2892.000000	164	63	0.874	0.692
2898.000000	164	63	0.873	0.694
2904.000000	164	63	0.872	0.696
2910.000000	164	63	0.870	0.699
2916.000000	164	63	0.863	0.697
2922.000000	164	63	0.852	0.696
2928.000000	164	63	0.843	0.695
2934.000000	164	63	0.838	0.695
2940.000000	164	63	0.831	0.695
2946.000000	164	63	0.825	0.693
2952.000000	164	63	0.817	0.689
2958.000000	164	63	0.807	0.684
2964.000000	164	63	0.788	0.686
2970.000000	164	63	0.767	0.692
2976.000000	164	63	0.749	0.691
2982.000000	164	63	0.727	0.683
2988.000000	164	63	0.695	0.670
2994.000000	63	164	0.669	0.647
3000.000000	63	164	0.669	0.601
3006.000000	63	164	0.668	0.540
3012.000000	63	164	0.674	0.437
3018.000000	63	164	0.679	0.286
3024.000000	63	24	0.694	0.239
3030.000000	63	24	0.707	0.258
3036.000000	63	24	0.702	0.273
3042.000000	63	24	0.696	0.284
3048.000000	63	24	0.684	0.303
3054.000000	63	24	0.674	0.319
3060.000000	63	24	0.662	0.333
3066.000000	63	24	0.651	0.347
3072.000000	63	24	0.633	0.363
3078.000000	63	24	0.618	0.367
3084.000000	63	24	0.599	0.371
3090.000000	63	24	0.571	0.373
3096.000000	63	24	0.537	0.378
3102.000000	63	24	0.504	0.385
3108.000000	63	24	0.462	0.395
3114.000000	63	24	0.417	0.405
3120.000000	24	63	0.419	0.366
3126.000000	24	192	0.432	0.341
3132.000000	24	192	0.441	0.357
3138.000000	24	192	0.449	0.368
3144.000000	24	192	0.464	0.385
3150.000000	24	192	0.468	0.407
3156.000000	24	192	0.469	0.421
3162.000000	24	192	0.469	0.438
3168.000000	24	192	0.467	0.445
3174.000000	24	192	0.474	0.450
3180.000000	24	192	0.477	0.455
3186.000000	24	192	0.476	0.458
3192.000000	24	192	0.472	0.464
3198.000000	192	24	0.468	0.464
3204.000000	192	24	0.474	0.459
3210.000000	192	24	0.491	0.457
3216.000000	192	24	0.498	0.455
3222.000000	192	24	0.502	0.450
3228.000000	192	24	0.510	0.443
3234.000000	192	24	0.523	0.436
3240.000000	192	24	0.529	0.433
3246.000000	192	24	0.530	0.431
3252.000000	192	24	0.531	0.429
3258.000000	192	24	0.534	0.432
3264.000000	192	24	0.543	0.430
3270.000000	192	24	0.552	0.426
3276.000000	192	24	0.570	0.411
3282.000000	192	136	0.598	0.417
3288.000000	192	136	0.624	0.420
3294.000000	192	136	0.652	0.421
3300.000000	192	136	0.681	0.428
3306.000000	192	136	0.700	0.425
3312.000000	192	136	0.720	0.423
3318.000000	192	136	0.734	0.427
3324.000000	192	136	0.746	0.432
3330.000000	192	136	0.766	0.440
3336.000000	192	136	0.782	0.447
3342.000000	192	136	0.800	0.451
3348.000000	192	136	0.811	0.453
3354.000000	192	136	0.821	0.453
3360.000000	192	136	0.839	0.447
3366.000000	192	136	0.849	0.437
3372.000000	192	136	0.860	0.421
3378.000000	192	136	0.863	0.412
3384.000000	192	136	0.867	0.394
3390.000000	192	136	0.871	0.374
3396.000000	192	136	0.875	0.354
3402.000000	192	136	0.880	0.331
3408.000000	192	136	0.889	0.302
3414.000000	192	136	0.896	0.269
3420.000000	192	137	0.895	0.264
3426.000000	192	137	0.894	0.267
3432.000000	192	137	0.892	0.264
3438.000000	192	137	0.893	0.263
3444.000000	192	137	0.896	0.260
3450.000000	192	137	0.896	0.260
3456.000000	192	137	0.899	0.262
3462.000000	192	137	0.901	0.261
3468.000000	192	137	0.899	0.262
3474.000000	192	137	0.896	0.268
3480.000000	192	137	0.892	0.277
3486.000000	192	137	0.888	0.287
3492.000000	192	137	0.885	0.287
3498.000000	192	137	0.884	0.283
3504.000000	192	137	0.885	0.281
3510.000000	192	137	0.885	0.273
3516.000000	192	51	0.881	0.270
3522.000000	192	51	0.873	0.282
3528.000000	192	51	0.863	0.298
3534.000000	192	51	0.858	0.313
3540.000000	192	51	0.854	0.321
3546.000000	192	51	0.848	0.330
3552.000000	192	51	0.842	0.337
3558.000000	192	51	0.836	0.344
3564.000000	192	51	0.828	0.348
3570.000000	192	51	0.819	0.356
3576.000000	192	51	0.808	0.373
3582.000000	192	51	0.798	0.387
3588.000000	192	51	0.790	0.401
3594.000000	192	51	0.781	0.417
3600.000000	192	51	0.770	0.435
3606.000000	192	51	0.756	0.454
3612.000000	192	51	0.733	0.474
3618.000000	192	51	0.713	0.492
3624.000000	192	51	0.689	0.509
3630.000000	192	51	0.659	0.524
3636.000000	192	51	0.622	0.540
3642.000000	192	51	0.576	0.560
3648.000000	51	192	0.580	0.511
3654.000000	51	192	0.597	0.426
3660.000000	51	175	0.625	0.385
3666.000000	51	175	0.659	0.408
3672.000000	51	175	0.686	0.425
3678.000000	51	175	0.726	0.437
3684.000000	51	175	0.763	0.447
3690.000000	51	175	0.785	0.456
3696.000000	51	175	0.801	0.457
3702.000000	51	175	0.826	0.466
3708.000000	51	175	0.839	0.482
3714.000000	51	175	0.850	0.503
3720.000000	51	175	0.858	0.517
3726.000000	51	175	0.865	0.525
3732.000000	51	175	0.866	0.531
3738.000000	51	175	0.866	0.547
3744.000000	51	175	0.867	0.557
3750.000000	51	175	0.864	0.568
3756.000000	51	175	0.861	0.582
3762.000000	51	175	0.854	0.594
3768.000000	51	175	0.852	0.605
3774.000000	51	175	0.849	0.611
3780.000000	51	175	0.842	0.623
3786.000000	51	175	0.840	0.637
3792.000000	51	175	0.840	0.652
3798.000000	51	175	0.840	0.663
3804.000000	51	175	0.841	0.671
3810.000000	51	175	0.844	0.678
3816.000000	51	175	0.850	0.687
3822.000000	51	175	0.845	0.696
3828.000000	51	175	0.841	0.705
3834.000000	51	175	0.833	0.720
3840.000000	51	175	0.825	0.729
3846.000000	51	175	0.820	0.735
3852.000000	51	175	0.815	0.741
3858.000000	51	175	0.804	0.750
3864.000000	51	175	0.801	0.750
3870.000000	51	175	0.800	0.751
3876.000000	51	175	0.799	0.750
3882.000000	51	175	0.797	0.750
3888.000000	51	175	0.792	0.752
3894.000000	51	175	0.786	0.755
3900.000000	51	175	0.782	0.758
3906.000000	51	175	0.774	0.762
3912.000000	51	175	0.765	0.764
3918.000000	175	51	0.765	0.755
3924.000000	175	51	0.767	0.746
3930.000000	175	51	0.769	0.738
3936.000000	175	51	0.769	0.729
3942.000000	175	51	0.766	0.723
3948.000000	175	51	0.764	0.716
3954.000000	175	51	0.767	0.704
3960.000000	175	51	0.771	0.688
3966.000000	175	51	0.772	0.667
3972.000000	175	51	0.776	0.641
3978.000000	175	51	0.785	0.602
3984.000000	175	51	0.795	0.555
3990.000000	175	51	0.802	0.503
3996.000000	175	51	0.822	0.425
4002.000000	175	51	0.842	0.316
4008.000000	175	182	0.858	0.229
4014.000000	175	182	0.874	0.225
4020.000000	175	182	0.885	0.212
4026.000000	175	182	0.894	0.209
4032.000000	175	182	0.897	0.206
4038.000000	175	182	0.900	0.202
4044.000000	175	182	0.896	0.195
4050.000000	175	182	0.894	0.191
4056.000000	175	182	0.891	0.186
4062.000000	175	182	0.888	0.182
4068.000000	175	182	0.887	0.177
4074.000000	175	182	0.885	0.170
4080.000000	175	197	0.880	0.165
4086.000000	175	197	0.877	0.173
4092.000000	175	197	0.875	0.178
4098.000000	175	197	0.875	0.180
4104.000000	175	197	0.873	0.181
4110.000000	175	197	0.873	0.184
4116.000000	175	197	0.871	0.188
4122.000000	175	197	0.869	0.190
4128.000000	175	197	0.866	0.194
4134.000000	175	197	0.863	0.200
4140.000000	175	197	0.861	0.204
4146.000000	175	197	0.856	0.210
4152.000000	175	197	0.851	0.215
4158.000000	175	39	0.845	0.222
4164.000000	175	39	0.836	0.230
4170.000000	175	39	0.824	0.236
4176.000000	175	39	0.811	0.244
4182.000000	175	39	0.801	0.256
4188.000000	175	39	0.792	0.260
4194.000000	175	39	0.780	0.266
4200.000000	175	39	0.763	0.271
4206.000000	175	39	0.732	0.279
4212.000000	175	39	0.704	0.286
4218.000000	175	39	0.667	0.296
4224.000000	175	39	0.621	0.308
4230.000000	175	39	0.558	0.327
4236.000000	175	39	0.474	0.348
4242.000000	175	39	0.382	0.381
4248.000000	39	197	0.417	0.323
4254.000000	39	197	0.454	0.330
4260.000000	39	197	0.476	0.343
4266.000000	39	197	0.499	0.353
4272.000000	39	197	0.507	0.373
4278.000000	39	197	0.515	0.392
4284.000000	39	197	0.520	0.406
4290.000000	39	197	0.530	0.423
4296.000000	39	197	0.533	0.430
4302.000000	39	197	0.539	0.433
4308.000000	39	197	0.545	0.431
4314.000000	39	197	0.549	0.435
4320.000000	39	197	0.554	0.441
4326.000000	39	197	0.567	0.434
4332.000000	39	197	0.576	0.429
4338.000000	39	197	0.580	0.425
4344.000000	39	197	0.589	0.422
4350.000000	39	197	0.596	0.421
4356.000000	39	197	0.602	0.416
4362.000000	39	197	0.613	0.414
4368.000000	39	57	0.620	0.421
4374.000000	39	57	0.632	0.429
4380.000000	39	57	0.641	0.436
4386.000000	39	57	0.652	0.438
4392.000000	39	57	0.660	0.440
4398.000000	39	57	0.677	0.445
4404.000000	39	57	0.692	0.454
4410.000000	39	57	0.709	0.463
4416.000000	39	57	0.713	0.478
4422.000000	39	57	0.717	0.484
4428.000000	39	57	0.730	0.483
4434.000000	39	57	0.743	0.486
4440.000000	39	57	0.759	0.494
4446.000000	39	57	0.767	0.507
4452.000000	39	57	0.772	0.517
4458.000000	39	57	0.785	0.535
4464.000000	39	57	0.791	0.555
4470.000000	39	57	0.795	0.569
4476.000000	39	57	0.801	0.587
4482.000000	39	57	0.805	0.600
4488.000000	39	57	0.808	0.623
4494.000000	39	57	0.822	0.641
4500.000000	39	57	0.827	0.657
4506.000000	39	57	0.830	0.678
4512.000000	39	57	0.836	0.693
4518.000000	39	57	0.836	0.706
4524.000000	39	57	0.840	0.711
4530.000000	39	57	0.840	0.712
4536.000000	39	57	0.833	0.721
4542.000000	39	57	0.824	0.737
4548.000000	39	57	0.822	0.741
4554.000000	39	57	0.819	0.739
4560.000000	39	57	0.816	0.740
4566.000000	39	57	0.810	0.735
4572.000000	39	57	0.804	0.732
4578.000000	39	57	0.798	0.730
4584.000000	39	57	0.793	0.728
4590.000000	39	57	0.786	0.726
4596.000000	39	57	0.776	0.726
4602.000000	39	57	0.765	0.728
4608.000000	39	57	0.758	0.727
4614.000000	39	57	0.746	0.729
4620.000000	39	57	0.732	0.732
4626.000000	57	39	0.736	0.717
4632.000000	57	39	0.745	0.696
4638.000000	57	39	0.747	0.673
4644.000000	57	39	0.751	0.647
4650.000000	57	39	0.754	0.621
4656.000000	57	39	0.752	0.594
4662.000000	57	39	0.752	0.557
4668.000000	57	39	0.754	0.494
4674.000000	57	39	0.761	0.435
4680.000000	57	39	0.770	0.355
4686.000000	57	29	0.785	0.382
4692.000000	57	29	0.801	0.430
4698.000000	57	29	0.809	0.479
4704.000000	57	29	0.815	0.512
4710.000000	57	29	0.811	0.538
4716.000000	57	29	0.809	0.557
4722.000000	57	29	0.802	0.579
4728.000000	57	29	0.791	0.598
4734.000000	57	29	0.775	0.619
4740.000000	57	29	0.758	0.643
4746.000000	57	29	0.742	0.660
4752.000000	57	29	0.727	0.671
4758.000000	57	29	0.712	0.682
4764.000000	29	57	0.695	0.688
4770.000000	29	57	0.708	0.662
4776.000000	29	57	0.730	0.625
4782.000000	29	57	0.741	0.594
4788.000000	29	57	0.754	0.564
4794.000000	29	57	0.777	0.523
4800.000000	29	57	0.790	0.474
4806.000000	29	57	0.808	0.414
4812.000000	29	57	0.833	0.333
4818.000000	29	57	0.846	0.266
4824.000000	29	107	0.859	0.240
4830.000000	29	107	0.883	0.237
4836.000000	29	107	0.902	0.232
4842.000000	29	107	0.907	0.229
4848.000000	29	107	0.909	0.230
4854.000000	29	107	0.909	0.233
4860.000000	29	107	0.913	0.233
4866.000000	29	107	0.916	0.232
4872.000000	29	112	0.915	0.234
4878.000000	29	112	0.914	0.239
4884.000000	29	112	0.913	0.244
4890.000000	29	112	0.912	0.251
4896.000000	29	112	0.912	0.255
4902.000000	29	112	0.910	0.262
4908.000000	29	112	0.908	0.271
4914.000000	29	112	0.904	0.281
4920.000000	29	112	0.902	0.290
4926.000000	29	112	0.897	0.300
4932.000000	29	112	0.894	0.303
4938.000000	29	112	0.888	0.307
4944.000000	29	112	0.881	0.314
4950.000000	29	112	0.876	0.325
4956.000000	29	112	0.875	0.338
4962.000000	29	112	0.873	0.350
4968.000000	29	112	0.871	0.353
4974.000000	29	112	0.866	0.353
4980.000000	29	112	0.860	0.359
4986.000000	29	112	0.855	0.372
4992.000000	29	112	0.854	0.378
4998.000000	29	112	0.852	0.383
5004.000000	29	112	0.850	0.391
5010.000000	29	112	0.849	0.403
5016.000000	29	112	0.845	0.411
5022.000000	29	112	0.839	0.414
5028.000000	29	112	0.836	0.414
5034.000000	29	112	0.835	0.420
5040.000000	29	112	0.834	0.427
5046.000000	29	112	0.829	0.427
5052.000000	29	112	0.823	0.429
5058.000000	29	112	0.817	0.431
5064.000000	29	112	0.810	0.435
5070.000000	29	112	0.805	0.436
5076.000000	29	112	0.801	0.434
5082.000000	29	112	0.799	0.432
5088.000000	29	112	0.796	0.429
5094.000000	29	112	0.792	0.425
5100.000000	29	112	0.782	0.423
5106.000000	29	112	0.767	0.420
5112.000000	29	112	0.749	0.421
5118.000000	29	112	0.727	0.421
5124.000000	29	112	0.700	0.424
5130.000000	29	112	0.670	0.435
5136.000000	29	180	0.636	0.445
5142.000000	29	180	0.596	0.460
5148.000000	29	180	0.550	0.484
5154.000000	180	29	0.505	0.489
5160.000000	180	112	0.537	0.452
5166.000000	180	112	0.574	0.461
5172.000000	180	112	0.620	0.476
5178.000000	180	112	0.650	0.490
5184.000000	180	112	0.680	0.499
5190.000000	180	112	0.699	0.502
5196.000000	180	112	0.704	0.498
5202.000000	180	112	0.704	0.490
5208.000000	180	112	0.711	0.486
5214.000000	180	112	0.719	0.487
5220.000000	180	112	0.728	0.484
5226.000000	180	112	0.741	0.488
5232.000000	180	112	0.750	0.488
5238.000000	180	112	0.757	0.484
5244.000000	180	112	0.767	0.479
5250.000000	180	112	0.776	0.477
5256.000000	180	112	0.779	0.480
5262.000000	180	112	0.782	0.482
5268.000000	180	112	0.785	0.482
5274.000000	180	112	0.789	0.480
5280.000000	180	112	0.789	0.483
5286.000000	180	112	0.793	0.480
5292.000000	180	112	0.796	0.476
5298.000000	180	112	0.802	0.462
5304.000000	180	112	0.808	0.450
5310.000000	180	112	0.814	0.438
5316.000000	180	112	0.822	0.427
5322.000000	180	108	0.826	0.413
5328.000000	180	108	0.837	0.421
5334.000000	180	108	0.844	0.426
5340.000000	180	108	0.852	0.424
5346.000000	180	108	0.858	0.421
5352.000000	180	108	0.858	0.411
5358.000000	180	108	0.859	0.406
5364.000000	180	108	0.865	0.402
5370.000000	180	108	0.874	0.398
5376.000000	180	108	0.884	0.397
5382.000000	180	108	0.888	0.400
5388.000000	180	108	0.890	0.402
5394.000000	180	108	0.894	0.403
5400.000000	180	108	0.900	0.404
5406.000000	180	108	0.905	0.400
5412.000000	180	108	0.905	0.397
5418.000000	180	108	0.907	0.390
5424.000000	180	108	0.910	0.383
5430.000000	180	108	0.911	0.381
5436.000000	180	108	0.911	0.377
5442.000000	180	108	0.912	0.365
5448.000000	180	108	0.910	0.344
5454.000000	180	108	0.906	0.319
5460.000000	180	108	0.905	0.302
5466.000000	180	108	0.905	0.283
5472.000000	180	108	0.903	0.264
5478.000000	180	108	0.900	0.248
5484.000000	180	188	0.896	0.258
5490.000000	180	188	0.892	0.275
5496.000000	180	188	0.889	0.294
5502.000000	180	188	0.886	0.309
5508.000000	180	188	0.883	0.336
5514.000000	180	188	0.883	0.357
5520.000000	180	188	0.884	0.377
5526.000000	180	188	0.885	0.391
5532.000000	180	188	0.890	0.407
5538.000000	180	188	0.889	0.431
5544.000000	180	188	0.887	0.461
5550.000000	180	188	0.882	0.497
5556.000000	180	188	0.871	0.540
5562.000000	180	188	0.859	0.575
5568.000000	180	188	0.844	0.619
5574.000000	180	188	0.826	0.654
5580.000000	180	188	0.806	0.698
5586.000000	180	188	0.772	0.736
5592.000000	188	180	0.765	0.727
5598.000000	188	180	0.797	0.652
5604.000000	188	180	0.820	0.595
5610.000000	188	180	0.842	0.524
5616.000000	188	180	0.872	0.400
5622.000000	188	180	0.898	0.237
5628.000000	188	185	0.921	0.114
5634.000000	188	185	0.937	0.109
5640.000000	188	185	0.948	0.108
5646.000000	188	185	0.952	0.102
5652.000000	188	113	0.951	0.103
5658.000000	188	113	0.951	0.109
5664.000000	188	113	0.949	0.112
5670.000000	188	113	0.949	0.116
5676.000000	188	113	0.949	0.121
5682.000000	188	113	0.954	0.122
5688.000000	188	113	0.954	0.126
5694.000000	188	113	0.952	0.131
5700.000000	188	113	0.950	0.138
5706.000000	188	113	0.947	0.145
5712.000000	188	113	0.945	0.149
5718.000000	188	82	0.943	0.153
5724.000000	188	82	0.941	0.162
5730.000000	188	82	0.938	0.170
5736.000000	188	82	0.934	0.183
5742.000000	188	82	0.931	0.192
5748.000000	188	82	0.928	0.200
5754.000000	188	82	0.923	0.212
5760.000000	188	82	0.918	0.227
5766.000000	188	82	0.916	0.237
5772.000000	188	82	0.914	0.247
5778.000000	188	82	0.911	0.257
5784.000000	188	82	0.908	0.264
5790.000000	188	82	0.904	0.270
5796.000000	188	82	0.900	0.276
5802.000000	188	82	0.898	0.281
5808.000000	188	82	0.897	0.280
5814.000000	188	82	0.895	0.288
5820.000000	188	82	0.892	0.297
5826.000000	188	82	0.889	0.302
5832.000000	188	82	0.889	0.303
5838.000000	188	82	0.888	0.308
5844.000000	188	82	0.887	0.317
5850.000000	188	82	0.885	0.320
5856.000000	188	82	0.882	0.324
5862.000000	188	82	0.879	0.332
5868.000000	188	82	0.876	0.339
5874.000000	188	82	0.872	0.348
5880.000000	188	82	0.868	0.355
5886.000000	188	82	0.862	0.360
5892.000000	188	82	0.856	0.365
5898.000000	188	82	0.849	0.370
5904.000000	188	82	0.842	0.375
5910.000000	188	82	0.830	0.378
5916.000000	188	82	0.811	0.379
5922.000000	188	82	0.790	0.378
5928.000000	188	82	0.773	0.383
5934.000000	188	82	0.757	0.393
5940.000000	188	82	0.740	0.404
5946.000000	188	82	0.712	0.420
5952.000000	188	82	0.679	0.437
5958.000000	188	82	0.640	0.456
5964.000000	188	82	0.581	0.477
5970.000000	188	82	0.502	0.495
5976.000000	82	75	0.528	0.443
5982.000000	82	75	0.561	0.477
5988.000000	82	75	0.591	0.528
5994.000000	82	75	0.624	0.559
6000.000000	82	75	0.653	0.584
6006.000000	82	75	0.673	0.612
6012.000000	82	75	0.696	0.625
6018.000000	82	75	0.709	0.640
6024.000000	82	75	0.721	0.657
6030.000000	82	75	0.729	0.673
6036.000000	82	75	0.739	0.676
6042.000000	82	75	0.747	0.679
6048.000000	82	75	0.760	0.680
6054.000000	82	75	0.772	0.683
6060.000000	82	75	0.772	0.686
6066.000000	82	75	0.770	0.692
6072.000000	82	75	0.766	0.699
6078.000000	82	75	0.765	0.701
6084.000000	82	75	0.767	0.704
6090.000000	82	75	0.767	0.708
6096.000000	82	75	0.764	0.712
6102.000000	82	75	0.754	0.722
6108.000000	82	75	0.744	0.728
6114.000000	82	75	0.740	0.731
6120.000000	82	75	0.740	0.733
6126.000000	82	75	0.741	0.733
6132.000000	82	75	0.739	0.736
6138.000000	75	82	0.739	0.738
6144.000000	75	82	0.744	0.738
6150.000000	75	82	0.750	0.737
6156.000000	75	82	0.755	0.740
6162.000000	75	82	0.760	0.740
6168.000000	75	82	0.770	0.740
6174.000000	75	82	0.777	0.737
6180.000000	75	82	0.783	0.735
6186.000000	75	82	0.792	0.731
6192.000000	75	82	0.804	0.729
6198.000000	75	82	0.811	0.734
6204.000000	75	82	0.818	0.735
6210.000000	75	82	0.830	0.729
6216.000000	75	82	0.840	0.720
6222.000000	75	82	0.850	0.712
6228.000000	75	82	0.862	0.703
6234.000000	75	82	0.875	0.690
6240.000000	75	82	0.881	0.675
6246.000000	75	82	0.887	0.655
6252.000000	75	82	0.892	0.630
6258.000000	75	82	0.895	0.597
6264.000000	75	82	0.895	0.560
6270.000000	75	82	0.898	0.518
6276.000000	75	82	0.904	0.466
6282.000000	75	82	0.908	0.393
6288.000000	75	82	0.916	0.288
6294.000000	75	82	0.922	0.185
6300.000000	75	99	0.923	0.143
6306.000000	75	99	0.923	0.149
6312.000000	75	99	0.925	0.159
6318.000000	75	99	0.926	0.164
6324.000000	75	99	0.924	0.172
6330.000000	75	99	0.923	0.178
6336.000000	75	99	0.921	0.182
6342.000000	75	99	0.918	0.183
6348.000000	75	99	0.916	0.184
6354.000000	75	99	0.912	0.189
6360.000000	75	99	0.911	0.191
6366.000000	75	99	0.909	0.196
6372.000000	75	99	0.904	0.199
6378.000000	75	37	0.898	0.200
6384.000000	75	37	0.893	0.202
6390.000000	75	37	0.888	0.201
6396.000000	75	37	0.882	0.201
6402.000000	75	81	0.877	0.204
6408.000000	75	81	0.872	0.221
6414.000000	75	81	0.867	0.233
6420.000000	75	81	0.862	0.241
6426.000000	75	81	0.854	0.248
6432.000000	75	81	0.847	0.253
6438.000000	75	81	0.838	0.258
6444.000000	75	81	0.824	0.270
6450.000000	75	81	0.808	0.282
6456.000000	75	81	0.792	0.294
6462.000000	75	81	0.768	0.314
6468.000000	75	81	0.743	0.341
6474.000000	75	81	0.718	0.361
6480.000000	75	81	0.690	0.378
6486.000000	75	81	0.655	0.407
6492.000000	75	81	0.612	0.428
6498.000000	75	81	0.555	0.452
6504.000000	81	75	0.481	0.472
6510.000000	81	75	0.517	0.365
6516.000000	81	54	0.577	0.330
6522.000000	81	54	0.632	0.349
6528.000000	81	54	0.672	0.358
6534.000000	81	54	0.705	0.374
6540.000000	81	54	0.731	0.411
6546.000000	81	54	0.750	0.434
6552.000000	81	54	0.761	0.442
6558.000000	81	54	0.767	0.451
6564.000000	81	54	0.775	0.460
6570.000000	81	54	0.783	0.466
6576.000000	81	54	0.790	0.475
6582.000000	81	54	0.800	0.477
6588.000000	81	54	0.803	0.479
6594.000000	81	54	0.809	0.481
6600.000000	81	54	0.816	0.487
6606.000000	81	54	0.818	0.494
6612.000000	81	54	0.822	0.500
6618.000000	81	54	0.829	0.503
6624.000000	81	54	0.836	0.509
6630.000000	81	54	0.837	0.514
6636.000000	81	54	0.841	0.519
6642.000000	81	54	0.847	0.519
6648.000000	81	54	0.850	0.529
6654.000000	81	54	0.851	0.544
6660.000000	81	54	0.853	0.553
6666.000000	81	54	0.855	0.560
6672.000000	81	54	0.856	0.566
6678.000000	81	54	0.857	0.575
6684.000000	81	54	0.859	0.583
6690.000000	81	54	0.864	0.588
6696.000000	81	54	0.873	0.592
6702.000000	81	54	0.874	0.600
6708.000000	81	54	0.874	0.605
6714.000000	81	54	0.876	0.606
6720.000000	81	54	0.879	0.606
6726.000000	81	54	0.878	0.609
6732.000000	81	54	0.877	0.613
6738.000000	81	54	0.877	0.608
6744.000000	81	54	0.876	0.606
6750.000000	81	54	0.876	0.603
6756.000000	81	54	0.879	0.600
6762.000000	81	54	0.883	0.600
6768.000000	81	54	0.885	0.598
6774.000000	81	54	0.886	0.591
6780.000000	81	54	0.888	0.579
6786.000000	81	54	0.890	0.571
6792.000000	81	54	0.890	0.565
6798.000000	81	54	0.889	0.555
6804.000000	81	54	0.890	0.536
6810.000000	81	54	0.893	0.512
6816.000000	81	54	0.900	0.471
6822.000000	81	54	0.901	0.424
6828.000000	81	54	0.899	0.380
6834.000000	81	54	0.897	0.335
6840.000000	81	54	0.898	0.279
6846.000000	81	41	0.897	0.228
6852.000000	81	41	0.897	0.243
6858.000000	81	41	0.895	0.262
6864.000000	81	41	0.893	0.278
6870.000000	81	41	0.900	0.288
6876.000000	81	41	0.901	0.295
6882.000000	81	41	0.896	0.304
6888.000000	81	41	0.891	0.318
6894.000000	81	41	0.887	0.328
6900.000000	81	41	0.879	0.331
6906.000000	81	41	0.872	0.333
6912.000000	81	41	0.866	0.340
6918.000000	81	41	0.857	0.347
6924.000000	81	41	0.843	0.356
6930.000000	81	41	0.829	0.364
6936.000000	81	41	0.812	0.373
6942.000000	81	41	0.791	0.376
6948.000000	81	41	0.775	0.377
6954.000000	81	41	0.757	0.382
6960.000000	81	41	0.720	0.392
6966.000000	81	41	0.668	0.404
6972.000000	81	41	0.598	0.420
6978.000000	81	41	0.520	0.441
6984.000000	41	81	0.466	0.435
6990.000000	41	44	0.497	0.408
6996.000000	41	44	0.534	0.448
7002.000000	41	44	0.578	0.476
7008.000000	41	44	0.605	0.501
7014.000000	41	44	0.624	0.530
7020.000000	41	44	0.636	0.557
7026.000000	41	44	0.652	0.584
7032.000000	41	44	0.664	0.601
7038.000000	41	44	0.664	0.619
7044.000000	41	44	0.672	0.629
7050.000000	41	44	0.677	0.643
7056.000000	41	44	0.675	0.646
7062.000000	41	44	0.675	0.649
7068.000000	41	44	0.676	0.660
7074.000000	41	44	0.674	0.669
7080.000000	44	41	0.685	0.670
7086.000000	44	41	0.700	0.670
7092.000000	44	41	0.711	0.669
7098.000000	44	41	0.724	0.667
7104.000000	44	41	0.735	0.661
7110.000000	44	41	0.752	0.654
7116.000000	44	41	0.764	0.642
7122.000000	44	41	0.773	0.633
7128.000000	44	41	0.782	0.626
7134.000000	44	41	0.787	0.623
7140.000000	44	41	0.790	0.610
7146.000000	44	41	0.799	0.596
7152.000000	44	41	0.811	0.582
7158.000000	44	41	0.823	0.566
7164.000000	44	41	0.828	0.555
7170.000000	44	41	0.834	0.545
7176.000000	44	41	0.844	0.526
7182.000000	44	41	0.856	0.497
7188.000000	44	159	0.867	0.498
7194.000000	44	159	0.871	0.513
7200.000000	44	159	0.878	0.535
7206.000000	44	159	0.889	0.557
7212.000000	44	159	0.893	0.582
7218.000000	44	159	0.901	0.601
7224.000000	44	159	0.910	0.623
7230.000000	44	159	0.915	0.646
7236.000000	44	159	0.916	0.661
7242.000000	44	159	0.915	0.674
7248.000000	44	159	0.915	0.685
7254.000000	44	159	0.909	0.698
7260.000000	44	159	0.906	0.713
7266.000000	44	159	0.893	0.730
7272.000000	44	159	0.889	0.741
7278.000000	44	159	0.884	0.756
7284.000000	44	159	0.875	0.772
7290.000000	44	159	0.867	0.778
7296.000000	44	159	0.860	0.782
7302.000000	44	159	0.855	0.785
7308.000000	44	159	0.850	0.786
7314.000000	44	159	0.846	0.786
7320.000000	44	159	0.838	0.788
7326.000000	44	159	0.831	0.788
7332.000000	44	159	0.815	0.797
7338.000000	44	159	0.802	0.802
7344.000000	159	44	0.812	0.785
7350.000000	159	44	0.819	0.770
7356.000000	159	44	0.822	0.756
7362.000000	159	44	0.827	0.738
7368.000000	159	44	0.833	0.720
7374.000000	159	44	0.841	0.704
7380.000000	159	44	0.844	0.693
7386.000000	159	44	0.846	0.681
7392.000000	159	44	0.854	0.658
7398.000000	159	44	0.857	0.631
7404.000000	159	44	0.866	0.593
7410.000000	159	44	0.877	0.535
7416.000000	159	44	0.889	0.454
7422.000000	159	44	0.906	0.341
7428.000000	159	44	0.934	0.194
7434.000000	159	7	0.943	0.090
7440.000000	159	7	0.952	0.084
7446.000000	159	7	0.957	0.083
7452.000000	159	7	0.959	0.082
7458.000000	159	7	0.960	0.085
7464.000000	159	7	0.962	0.087
7470.000000	159	122	0.964	0.093
7476.000000	159	122	0.970	0.099
7482.000000	159	122	0.971	0.103
7488.000000	159	122	0.971	0.109
7494.000000	159	122	0.970	0.114
7500.000000	159	122	0.968	0.122
7506.000000	159	122	0.966	0.132
7512.000000	159	122	0.963	0.140
7518.000000	159	122	0.962	0.144
7524.000000	159	122	0.960	0.146
7530.000000	159	122	0.958	0.148
7536.000000	159	122	0.957	0.153
7542.000000	159	122	0.955	0.157
7548.000000	159	122	0.953	0.161
7554.000000	159	122	0.950	0.165
7560.000000	159	122	0.946	0.169
7566.000000	159	145	0.942	0.179
7572.000000	159	145	0.936	0.194
7578.000000	159	145	0.932	0.212
7584.000000	159	145	0.928	0.231
7590.000000	159	145	0.924	0.249
7596.000000	159	145	0.917	0.261
7602.000000	159	145	0.908	0.271
7608.000000	159	145	0.899	0.285
7614.000000	159	145	0.890	0.299
7620.000000	159	145	0.884	0.312
7626.000000	159	145	0.876	0.322
7632.000000	159	145	0.863	0.333
7638.000000	159	145	0.845	0.348
7644.000000	159	145	0.822	0.360
7650.000000	159	145	0.802	0.376
7656.000000	159	145	0.784	0.393
7662.000000	159	145	0.756	0.406
7668.000000	159	145	0.716	0.416
7674.000000	159	145	0.672	0.424
7680.000000	159	145	0.620	0.439
7686.000000	159	145	0.558	0.451
7692.000000	159	145	0.469	0.463
7698.000000	145	122	0.478	0.453
7704.000000	145	122	0.503	0.491
7710.000000	122	145	0.550	0.526
7716.000000	122	145	0.588	0.555
7722.000000	122	145	0.625	0.571
7728.000000	122	145	0.655	0.590
7734.000000	122	145	0.667	0.616
7740.000000	122	145	0.677	0.641
7746.000000	122	145	0.690	0.659
7752.000000	122	145	0.694	0.666
7758.000000	122	145	0.695	0.672
7764.000000	122	145	0.701	0.676
7770.000000	122	145	0.702	0.686
7776.000000	122	145	0.711	0.684
7782.000000	122	145	0.723	0.684
7788.000000	122	145	0.724	0.684
7794.000000	122	145	0.727	0.683
7800.000000	122	145	0.725	0.684
7806.000000	122	145	0.725	0.686
7812.000000	122	145	0.725	0.692
7818.000000	122	145	0.726	0.700
7824.000000	122	145	0.726	0.704
7830.000000	122	145	0.730	0.700
7836.000000	122	145	0.731	0.708
7842.000000	122	145	0.734	0.712
7848.000000	122	145	0.742	0.716
7854.000000	122	145	0.749	0.716
7860.000000	122	145	0.751	0.722
7866.000000	122	145	0.754	0.723
7872.000000	122	145	0.754	0.728
7878.000000	122	145	0.753	0.736
7884.000000	122	145	0.756	0.734
7890.000000	122	145	0.766	0.731
7896.000000	122	145	0.773	0.734
7902.000000	122	145	0.775	0.738
7908.000000	122	145	0.773	0.741
7914.000000	122	145	0.771	0.749
7920.000000	122	145	0.772	0.757
7926.000000	122	145	0.777	0.759
7932.000000	122	145	0.779	0.758
7938.000000	122	145	0.780	0.755
7944.000000	122	145	0.780	0.755
7950.000000	122	145	0.781	0.757
7956.000000	122	145	0.780	0.758
7962.000000	122	145	0.776	0.756
7968.000000	122	145	0.774	0.753
7974.000000	122	145	0.768	0.754
7980.000000	122	145	0.763	0.754
7986.000000	122	145	0.761	0.751
7992.000000	122	145	0.761	0.749
7998.000000	122	145	0.757	0.752
8004.000000	122	145	0.753	0.749
8010.000000	145	122	0.746	0.745
8016.000000	122	145	0.739	0.737
8022.000000	122	145	0.736	0.726
8028.000000	122	145	0.727	0.712
8034.000000	122	145	0.720	0.695
8040.000000	122	145	0.712	0.679
8046.000000	122	145	0.704	0.660
8052.000000	122	145	0.693	0.635
8058.000000	122	145	0.677	0.602
8064.000000	122	145	0.662	0.564
8070.000000	122	145	0.648	0.520
8076.000000	122	145	0.629	0.469
8082.000000	122	145	0.609	0.408
8088.000000	122	145	0.597	0.328
8094.000000	122	145	0.582	0.224
8100.000000	122	38	0.560	0.204
8106.000000	122	38	0.530	0.216
8112.000000	122	38	0.489	0.236
8118.000000	122	38	0.435	0.252
8124.000000	122	38	0.353	0.271
8130.000000	100	38	0.307	0.288
8136.000000	100	80	0.356	0.312
8142.000000	100	80	0.422	0.342
8148.000000	100	80	0.478	0.371
8154.000000	100	80	0.529	0.405
8160.000000	100	80	0.579	0.437
8166.000000	100	80	0.609	0.473
8172.000000	100	80	0.632	0.508
8178.000000	100	80	0.648	0.536
8184.000000	100	80	0.656	0.552
8190.000000	100	80	0.667	0.561
8196.000000	100	80	0.676	0.568
8202.000000	100	80	0.679	0.575
8208.000000	100	80	0.686	0.585
8214.000000	100	80	0.694	0.592
8220.000000	100	80	0.705	0.599
8226.000000	100	80	0.711	0.607
8232.000000	100	80	0.713	0.613
8238.000000	100	80	0.720	0.618
8244.000000	100	80	0.725	0.619
8250.000000	100	80	0.730	0.620
8256.000000	100	80	0.737	0.626
8262.000000	100	80	0.743	0.627
8268.000000	100	80	0.751	0.629
8274.000000	100	80	0.755	0.634
8280.000000	100	80	0.757	0.638
8286.000000	100	80	0.760	0.641
8292.000000	100	80	0.763	0.643
8298.000000	100	80	0.771	0.645
8304.000000	100	80	0.775	0.647
8310.000000	100	80	0.778	0.654
8316.000000	100	80	0.781	0.665
8322.000000	100	80	0.781	0.670
8328.000000	100	80	0.780	0.679
8334.000000	100	80	0.776	0.701
8340.000000	100	80	0.775	0.723
8346.000000	100	80	0.783	0.734
8352.000000	100	80	0.785	0.743
8358.000000	100	80	0.788	0.751
8364.000000	100	80	0.794	0.757
8370.000000	100	80	0.793	0.772
8376.000000	100	80	0.799	0.785
8382.000000	100	80	0.809	0.794
8388.000000	100	80	0.809	0.805
8394.000000	80	100	0.812	0.807
8400.000000	80	100	0.816	0.804
8406.000000	80	100	0.821	0.801
8412.000000	80	100	0.821	0.801
8418.000000	80	100	0.824	0.798
8424.000000	80	100	0.827	0.791
8430.000000	80	100	0.830	0.790
8436.000000	80	100	0.833	0.789
8442.000000	80	100	0.831	0.787
8448.000000	80	100	0.829	0.782
8454.000000	80	100	0.832	0.771
8460.000000	80	100	0.835	0.758
8466.000000	80	100	0.837	0.748
8472.000000	80	100	0.835	0.735
8478.000000	80	100	0.835	0.724
8484.000000	80	100	0.834	0.714
8490.000000	80	100	0.837	0.696
8496.000000	80	100	0.840	0.678
8502.000000	80	100	0.840	0.662
8508.000000	80	100	0.841	0.641
8514.000000	80	100	0.842	0.612
8520.000000	80	100	0.846	0.572
8526.000000	80	100	0.852	0.518
8532.000000	80	100	0.860	0.440
8538.000000	80	100	0.874	0.328
8544.000000	80	100	0.882	0.191
8550.000000	80	165	0.891	0.178
8556.000000	80	165	0.900	0.175
8562.000000	80	165	0.910	0.174
8568.000000	80	165	0.914	0.173
8574.000000	80	165	0.916	0.174
8580.000000	80	165	0.916	0.173
8586.000000	80	165	0.914	0.175
8592.000000	80	165	0.912	0.180
8598.000000	80	165	0.909	0.188
8604.000000	80	165	0.907	0.197
8610.000000	80	165	0.904	0.200
8616.000000	80	165	0.902	0.201
8622.000000	80	165	0.901	0.203
8628.000000	80	165	0.899	0.203
8634.000000	80	165	0.898	0.201
8640.000000	80	165	0.897	0.200
8646.000000	80	165	0.892	0.202
8652.000000	80	165	0.888	0.203
8658.000000	80	165	0.883	0.196
8664.000000	80	165	0.876	0.192
8670.000000	80	165	0.868	0.195
8676.000000	80	165	0.862	0.199
8682.000000	80	165	0.858	0.198
8688.000000	80	165	0.847	0.198
8694.000000	80	165	0.838	0.193
8700.000000	80	165	0.826	0.185
8706.000000	80	165	0.808	0.179
8712.000000	80	165	0.784	0.172
8718.000000	80	103	0.755	0.176
8724.000000	80	103	0.729	0.191
8730.000000	80	103	0.692	0.206
8736.000000	80	103	0.644	0.223
8742.000000	80	103	0.591	0.237
8748.000000	80	103	0.505	0.256
8754.000000	80	103	0.406	0.277
8760.000000	103	80	0.305	0.272
8766.000000	103	148	0.339	0.171
8772.000000	103	5	0.373	0.179
8778.000000	103	148	0.406	0.191
8784.000000	103	148	0.434	0.206
8790.000000	103	148	0.450	0.220
8796.000000	103	148	0.468	0.229
8802.000000	103	148	0.478	0.238
8808.000000	103	148	0.478	0.245
8814.000000	103	148	0.486	0.245
8820.000000	103	148	0.492	0.243
8826.000000	103	5	0.499	0.244
8832.000000	103	148	0.508	0.250
8838.000000	103	148	0.519	0.256
8844.000000	103	5	0.527	0.259
8850.000000	103	5	0.533	0.268
8856.000000	103	5	0.541	0.268
8862.000000	103	5	0.559	0.268
8868.000000	103	5	0.572	0.270
8874.000000	103	5	0.590	0.263
8880.000000	103	5	0.609	0.260
8886.000000	103	111	0.628	0.263
8892.000000	103	111	0.643	0.270
8898.000000	103	111	0.655	0.269
8904.000000	103	111	0.678	0.268
8910.000000	103	111	0.696	0.266
8916.000000	103	111	0.710	0.274
8922.000000	103	111	0.719	0.272
8928.000000	103	111	0.731	0.271
8934.000000	103	111	0.746	0.272
8940.000000	103	111	0.754	0.271
8946.000000	103	111	0.763	0.275
8952.000000	103	111	0.778	0.275
8958.000000	103	111	0.807	0.273
8964.000000	103	111	0.825	0.266
8970.000000	103	111	0.840	0.262
8976.000000	103	111	0.849	0.266
8982.000000	103	111	0.857	0.268
8988.000000	103	111	0.864	0.265
8994.000000	103	111	0.877	0.262
9000.000000	103	111	0.884	0.257
9006.000000	103	111	0.899	0.253
9012.000000	103	111	0.909	0.251
9018.000000	103	111	0.913	0.255
9024.000000	103	111	0.917	0.261
9030.000000	103	111	0.920	0.262
9036.000000	103	111	0.920	0.269
9042.000000	103	111	0.920	0.274
9048.000000	103	111	0.920	0.269
9054.000000	103	111	0.920	0.265
9060.000000	103	111	0.920	0.265
9066.000000	103	111	0.920	0.262
9072.000000	103	111	0.923	0.257
9078.000000	103	111	0.925	0.250
9084.000000	103	111	0.926	0.245
9090.000000	103	111	0.929	0.244
9096.000000	103	167	0.932	0.248
9102.000000	103	167	0.932	0.254
9108.000000	103	167	0.931	0.263
9114.000000	103	167	0.931	0.275
9120.000000	103	167	0.933	0.282
9126.000000	103	167	0.933	0.289
9132.000000	103	167	0.930	0.300
9138.000000	103	167	0.926	0.314
9144.000000	103	167	0.921	0.328
9150.000000	103	167	0.917	0.346
9156.000000	103	167	0.915	0.373
9162.000000	103	167	0.914	0.391
9168.000000	103	167	0.911	0.412
9174.000000	103	167	0.907	0.435
9180.000000	103	167	0.905	0.455
9186.000000	103	167	0.902	0.472
9192.000000	103	167	0.896	0.499
9198.000000	103	167	0.888	0.526
9204.000000	103	167	0.883	0.552
9210.000000	103	167	0.874	0.585
9216.000000	103	167	0.860	0.619
9222.000000	103	167	0.853	0.648
9228.000000	103	167	0.843	0.671
9234.000000	103	167	0.820	0.704
9240.000000	103	167	0.796	0.728
9246.000000	103	167	0.772	0.749
9252.000000	167	103	0.765	0.740
9258.000000	167	103	0.792	0.688
9264.000000	167	103	0.834	0.618
9270.000000	167	103	0.876	0.507
9276.000000	167	103	0.917	0.348
9282.000000	167	103	0.938	0.181
9288.000000	167	149	0.955	0.085
9294.000000	167	35	0.963	0.077
9300.000000	167	35	0.966	0.086
9306.000000	167	35	0.966	0.097
9312.000000	167	35	0.968	0.105
9318.000000	167	35	0.968	0.117
9324.000000	167	35	0.967	0.132
9330.000000	167	35	0.965	0.145
9336.000000	167	35	0.963	0.156
9342.000000	167	35	0.961	0.166
9348.000000	167	35	0.959	0.179
9354.000000	167	35	0.957	0.189
9360.000000	167	35	0.956	0.194
9366.000000	167	35	0.954	0.202
9372.000000	167	35	0.952	0.211
9378.000000	167	35	0.949	0.219
9384.000000	167	35	0.945	0.229
9390.000000	167	35	0.943	0.245
9396.000000	167	35	0.940	0.256
9402.000000	167	35	0.937	0.265
9408.000000	167	35	0.933	0.278
9414.000000	167	35	0.927	0.291
9420.000000	167	35	0.925	0.304
9426.000000	167	35	0.921	0.314
9432.000000	167	35	0.916	0.328
9438.000000	167	35	0.911	0.346
9444.000000	167	35	0.906	0.362
9450.000000	167	35	0.898	0.368
9456.000000	167	35	0.889	0.377
9462.000000	167	35	0.882	0.385
9468.000000	167	35	0.877	0.389
9474.000000	167	35	0.868	0.396
9480.000000	167	35	0.858	0.397
9486.000000	167	35	0.842	0.402
9492.000000	167	35	0.826	0.408
9498.000000	167	35	0.816	0.413
9504.000000	167	35	0.807	0.416
9510.000000	167	35	0.789	0.419
9516.000000	167	35	0.765	0.425
9522.000000	167	35	0.742	0.432
9528.000000	167	35	0.721	0.433
9534.000000	167	35	0.695	0.438
9540.000000	167	35	0.658	0.446
9546.000000	167	35	0.607	0.458
9552.000000	167	35	0.562	0.470
9558.000000	167	35	0.506	0.489
9564.000000	35	167	0.510	0.442
9570.000000	35	169	0.533	0.399
9576.000000	35	169	0.556	0.422
9582.000000	35	169	0.578	0.445
9588.000000	35	169	0.594	0.459
9594.000000	35	169	0.613	0.485
9600.000000	35	169	0.620	0.511
9606.000000	35	169	0.625	0.537
9612.000000	35	169	0.620	0.553
9618.000000	35	169	0.613	0.574
9624.000000	35	169	0.614	0.582
9630.000000	35	169	0.619	0.588
9636.000000	35	169	0.624	0.598
9642.000000	35	169	0.623	0.603
9648.000000	35	169	0.618	0.610
9654.000000	35	169	0.620	0.612
9660.000000	35	169	0.622	0.615
9666.000000	35	169	0.620	0.617
9672.000000	169	35	0.621	0.620
9678.000000	169	35	0.622	0.616
9684.000000	169	35	0.622	0.615
9690.000000	169	35	0.623	0.617
9696.000000	169	35	0.623	0.618
9702.000000	169	35	0.624	0.619
9708.000000	169	35	0.628	0.618
9714.000000	169	35	0.629	0.620
9720.000000	169	35	0.626	0.621
9726.000000	169	35	0.631	0.620
9732.000000	169	35	0.635	0.619
9738.000000	169	35	0.640	0.620
9744.000000	169	35	0.642	0.616
9750.000000	169	47	0.645	0.617
9756.000000	169	47	0.651	0.625
9762.000000	169	47	0.652	0.634
9768.000000	169	47	0.653	0.638
9774.000000	169	47	0.654	0.640
9780.000000	169	47	0.659	0.639
9786.000000	169	47	0.661	0.637
9792.000000	169	47	0.668	0.646
9798.000000	169	47	0.682	0.657
9804.000000	169	47	0.700	0.665
9810.000000	169	47	0.715	0.677
9816.000000	169	47	0.724	0.683
9822.000000	169	47	0.739	0.687
9828.000000	169	47	0.743	0.692
9834.000000	169	47	0.748	0.702
9840.000000	169	47	0.753	0.712
9846.000000	169	47	0.760	0.710
9852.000000	169	47	0.769	0.702
9858.000000	169	47	0.781	0.693
9864.000000	169	47	0.788	0.689
9870.000000	169	47	0.791	0.693
9876.000000	169	47	0.796	0.691
9882.000000	169	47	0.805	0.689
9888.000000	169	47	0.812	0.684
9894.000000	169	47	0.813	0.681
9900.000000	169	47	0.811	0.682
9906.000000	169	47	0.809	0.681
9912.000000	169	47	0.808	0.676
9918.000000	169	47	0.810	0.671
9924.000000	169	47	0.809	0.667
9930.000000	169	47	0.810	0.661
9936.000000	169	47	0.815	0.649
9942.000000	169	47	0.813	0.630
9948.000000	169	47	0.814	0.608
9954.000000	169	47	0.813	0.594
9960.000000	169	47	0.812	0.578
9966.000000	169	47	0.815	0.553
9972.000000	169	47	0.820	0.523
9978.000000	169	47	0.824	0.483
9984.000000	169	47	0.830	0.436
9990.000000	169	47	0.834	0.376
9996.000000	169	47	0.841	0.304
10002.000000	169	47	0.849	0.219
10008.000000	169	101	0.854	0.184
10014.000000	169	101	0.858	0.200
10020.000000	169	101	0.869	0.213
10026.000000	169	101	0.878	0.224
10032.000000	169	101	0.878	0.238
10038.000000	169	101	0.876	0.254
10044.000000	169	101	0.872	0.276
10050.000000	169	101	0.865	0.304
10056.000000	169	101	0.860	0.331
10062.000000	169	101	0.856	0.351
10068.000000	169	101	0.852	0.375
10074.000000	169	101	0.847	0.402
10080.000000	169	101	0.844	0.429
10086.000000	169	101	0.838	0.453
10092.000000	169	101	0.826	0.482
10098.000000	169	101	0.818	0.511
10104.000000	169	101	0.807	0.529
10110.000000	169	101	0.791	0.555
10116.000000	169	101	0.776	0.577
10122.000000	169	101	0.754	0.605
10128.000000	169	101	0.725	0.638
10134.000000	169	101	0.698	0.667
10140.000000	101	169	0.681	0.659
10146.000000	101	169	0.702	0.607
10152.000000	101	169	0.732	0.541
10158.000000	101	169	0.764	0.461
10164.000000	101	169	0.797	0.347
10170.000000	101	169	0.847	0.172
10176.000000	101	142	0.878	0.151
10182.000000	101	142	0.893	0.161
10188.000000	101	142	0.906	0.171
10194.000000	101	142	0.911	0.179
10200.000000	101	142	0.910	0.179
10206.000000	101	142	0.908	0.184
10212.000000	101	142	0.907	0.190
10218.000000	101	142	0.909	0.199
10224.000000	101	142	0.912	0.206
10230.000000	101	142	0.912	0.210
10236.000000	101	142	0.911	0.214
10242.000000	101	142	0.910	0.216
10248.000000	101	142	0.909	0.221
10254.000000	101	142	0.907	0.227
10260.000000	101	142	0.906	0.237
10266.000000	101	142	0.905	0.247
10272.000000	101	142	0.904	0.252
10278.000000	101	142	0.905	0.259
10284.000000	101	142	0.906	0.266
10290.000000	101	142	0.905	0.273
10296.000000	101	142	0.903	0.280
10302.000000	101	142	0.903	0.283
10308.000000	101	142	0.904	0.288
10314.000000	101	142	0.902	0.293
10320.000000	101	142	0.898	0.298
10326.000000	101	142	0.896	0.301
10332.000000	101	142	0.896	0.305
10338.000000	101	142	0.897	0.305
10344.000000	101	142	0.898	0.295
10350.000000	101	142	0.902	0.285
10356.000000	101	142	0.903	0.278
10362.000000	101	142	0.905	0.266
10368.000000	101	142	0.906	0.255
10374.000000	101	142	0.906	0.245
10380.000000	101	142	0.908	0.236
10386.000000	101	142	0.907	0.228
10392.000000	101	142	0.906	0.214
10398.000000	101	13	0.905	0.214
10404.000000	101	13	0.903	0.222
10410.000000	101	13	0.901	0.232
10416.000000	101	13	0.898	0.241
10422.000000	101	13	0.893	0.254
10428.000000	101	13	0.888	0.268
10434.000000	101	13	0.884	0.293
10440.000000	101	13	0.882	0.315
10446.000000	101	13	0.879	0.339
10452.000000	101	13	0.877	0.369
10458.000000	101	13	0.876	0.404
10464.000000	101	13	0.876	0.428
10470.000000	101	13	0.874	0.450
10476.000000	101	13	0.872	0.470
10482.000000	101	13	0.868	0.489
10488.000000	101	13	0.861	0.505
10494.000000	101	13	0.853	0.519
10500.000000	101	13	0.842	0.540
10506.000000	101	13	0.827	0.558
10512.000000	101	13	0.808	0.578
10518.000000	101	13	0.792	0.597
10524.000000	101	13	0.770	0.612
10530.000000	101	48	0.744	0.635
10536.000000	101	48	0.707	0.662
10542.000000	48	13	0.685	0.661
10548.000000	48	13	0.718	0.681
10554.000000	48	13	0.753	0.712
10560.000000	48	13	0.792	0.742
10566.000000	48	13	0.829	0.779
10572.000000	48	13	0.846	0.804
10578.000000	48	13	0.845	0.823
10584.000000	48	13	0.846	0.839
10590.000000	48	13	0.849	0.845
10596.000000	13	48	0.849	0.844
10602.000000	13	48	0.850	0.843
10608.000000	13	48	0.849	0.844
10614.000000	13	48	0.851	0.840
10620.000000	13	48	0.851	0.838
10626.000000	13	48	0.852	0.834
10632.000000	13	48	0.851	0.831
10638.000000	13	48	0.848	0.829
10644.000000	13	48	0.846	0.828
10650.000000	13	48	0.843	0.828
10656.000000	13	48	0.841	0.828
10662.000000	13	48	0.840	0.828
10668.000000	13	48	0.838	0.829
10674.000000	13	48	0.840	0.825
10680.000000	13	48	0.840	0.823
10686.000000	13	48	0.841	0.819
10692.000000	13	48	0.842	0.813
10698.000000	13	48	0.843	0.808
10704.000000	13	48	0.844	0.803
10710.000000	13	48	0.842	0.801
10716.000000	13	48	0.839	0.801
10722.000000	13	48	0.839	0.798
10728.000000	13	48	0.839	0.795
10734.000000	13	48	0.842	0.791
10740.000000	13	48	0.842	0.790
10746.000000	13	48	0.842	0.788
10752.000000	13	48	0.841	0.788
10758.000000	13	48	0.840	0.786
10764.000000	13	48	0.840	0.784
10770.000000	13	48	0.840	0.783
10776.000000	13	48	0.839	0.782
10782.000000	13	48	0.838	0.784
10788.000000	13	48	0.836	0.782
10794.000000	13	48	0.834	0.779
10800.000000	13	48	0.833	0.779
10806.000000	13	48	0.829	0.780
10812.000000	13	48	0.825	0.777
10818.000000	13	48	0.820	0.772
10824.000000	13	48	0.817	0.766
10830.000000	13	48	0.818	0.756
10836.000000	13	48	0.820	0.746
10842.000000	13	48	0.821	0.729
10848.000000	13	48	0.817	0.716
10854.000000	13	48	0.809	0.702
10860.000000	13	48	0.805	0.677
10866.000000	13	48	0.802	0.647
10872.000000	13	48	0.805	0.597
10878.000000	13	48	0.807	0.513
10884.000000	13	48	0.809	0.398
10890.000000	13	48	0.812	0.226
10896.000000	13	160	0.823	0.134
10902.000000	13	160	0.830	0.113
10908.000000	13	114	0.826	0.100
10914.000000	13	114	0.821	0.104
10920.000000	13	114	0.815	0.108
10926.000000	13	114	0.812	0.113
10932.000000	13	114	0.809	0.117
10938.000000	13	114	0.807	0.124
10944.000000	13	114	0.803	0.129
10950.000000	13	188	0.799	0.138
10956.000000	13	188	0.790	0.147
10962.000000	13	188	0.779	0.158
10968.000000	13	188	0.769	0.167
10974.000000	13	188	0.758	0.175
10980.000000	13	188	0.741	0.184
10986.000000	13	188	0.714	0.196
10992.000000	13	188	0.682	0.217
10998.000000	13	188	0.649	0.238
11004.000000	13	188	0.600	0.260
11010.000000	13	188	0.524	0.290
11016.000000	13	188	0.438	0.334
11022.000000	188	13	0.391	0.338
11028.000000	188	171	0.448	0.370
11034.000000	188	171	0.502	0.406
11040.000000	188	171	0.541	0.432
11046.000000	188	133	0.574	0.473
11052.000000	188	133	0.590	0.506
11058.000000	188	133	0.608	0.537
11064.000000	188	133	0.613	0.557
11070.000000	188	133	0.621	0.570
11076.000000	188	133	0.631	0.581
11082.000000	188	133	0.634	0.593
11088.000000	188	133	0.637	0.599
11094.000000	188	133	0.641	0.604
11100.000000	188	133	0.645	0.611
11106.000000	188	133	0.650	0.619
11112.000000	188	133	0.667	0.623
11118.000000	188	133	0.674	0.627
11124.000000	188	133	0.684	0.635
11130.000000	188	133	0.689	0.643
11136.000000	188	133	0.693	0.649
11142.000000	188	133	0.693	0.660
11148.000000	188	133	0.700	0.664
11154.000000	188	133	0.705	0.665
11160.000000	188	133	0.709	0.667
11166.000000	188	133	0.712	0.668
11172.000000	188	133	0.713	0.670
11178.000000	188	133	0.715	0.673
11184.000000	188	133	0.717	0.678
11190.000000	188	133	0.719	0.687
11196.000000	188	133	0.716	0.692
11202.000000	188	133	0.719	0.697
11208.000000	188	133	0.721	0.705
11214.000000	188	133	0.721	0.711
11220.000000	188	133	0.724	0.714
11226.000000	188	133	0.731	0.716
11232.000000	188	133	0.736	0.726
11238.000000	133	188	0.738	0.734
11244.000000	133	188	0.743	0.735
11250.000000	133	188	0.752	0.730
11256.000000	133	188	0.761	0.724
11262.000000	133	188	0.764	0.720
11268.000000	133	188	0.764	0.721
11274.000000	133	188	0.761	0.728
11280.000000	133	188	0.764	0.728
11286.000000	133	188	0.762	0.729
11292.000000	133	188	0.760	0.727
11298.000000	133	188	0.759	0.721
11304.000000	133	188	0.757	0.716
11310.000000	133	188	0.757	0.709
11316.000000	133	188	0.757	0.710
11322.000000	133	188	0.759	0.710
11328.000000	133	188	0.764	0.700
11334.000000	133	188	0.766	0.690
11340.000000	133	188	0.774	0.677
11346.000000	133	188	0.788	0.660
11352.000000	133	188	0.793	0.644
11358.000000	133	188	0.794	0.631
11364.000000	133	188	0.800	0.611
11370.000000	133	188	0.808	0.591
11376.000000	133	188	0.811	0.566
11382.000000	133	188	0.825	0.532
11388.000000	133	188	0.844	0.488
11394.000000	133	188	0.858	0.425
11400.000000	133	188	0.871	0.346
11406.000000	133	188	0.891	0.256
11412.000000	133	188	0.899	0.166
11418.000000	133	188	0.907	0.096
11424.000000	133	188	0.911	0.063
11430.000000	133	139	0.916	0.068
11436.000000	133	139	0.921	0.068
11442.000000	133	139	0.923	0.071
11448.000000	133	139	0.922	0.081
11454.000000	133	139	0.922	0.092
11460.000000	133	139	0.924	0.096
11466.000000	133	139	0.926	0.102
11472.000000	133	139	0.927	0.110
11478.000000	133	139	0.930	0.116
11484.000000	133	139	0.935	0.120
11490.000000	133	139	0.937	0.126
11496.000000	133	139	0.936	0.134
11502.000000	133	139	0.935	0.145
11508.000000	133	139	0.934	0.156
11514.000000	133	139	0.933	0.162
11520.000000	133	139	0.932	0.165
11526.000000	133	139	0.930	0.166
11532.000000	133	139	0.928	0.168
11538.000000	133	139	0.926	0.173
11544.000000	133	139	0.925	0.177
11550.000000	133	139	0.924	0.181
11556.000000	133	139	0.923	0.188
11562.000000	133	139	0.922	0.195
11568.000000	133	139	0.923	0.200
11574.000000	133	139	0.922	0.204
11580.000000	133	139	0.921	0.208
11586.000000	133	139	0.919	0.213
11592.000000	133	139	0.915	0.221
11598.000000	133	139	0.914	0.226
11604.000000	133	139	0.911	0.233
11610.000000	133	139	0.907	0.240
11616.000000	133	139	0.902	0.248
11622.000000	133	139	0.897	0.251
11628.000000	133	139	0.894	0.253
11634.000000	133	139	0.887	0.262
11640.000000	133	139	0.880	0.268
11646.000000	133	139	0.872	0.275
11652.000000	133	139	0.860	0.283
11658.000000	133	139	0.849	0.291
11664.000000	133	139	0.838	0.297
11670.000000	133	139	0.828	0.309
11676.000000	133	139	0.815	0.324
11682.000000	133	139	0.796	0.342
11688.000000	133	139	0.774	0.355
11694.000000	133	139	0.746	0.367
11700.000000	133	139	0.704	0.379
11706.000000	133	139	0.646	0.407
11712.000000	133	139	0.567	0.437
11718.000000	139	133	0.479	0.449
11724.000000	139	133	0.531	0.275
11730.000000	139	164	0.623	0.270
11736.000000	139	164	0.719	0.270
11742.000000	139	164	0.764	0.283
11748.000000	139	164	0.785	0.294
11754.000000	139	164	0.800	0.302
11760.000000	139	164	0.809	0.312
11766.000000	139	164	0.812	0.320
11772.000000	139	164	0.816	0.328
11778.000000	139	164	0.819	0.339
11784.000000	139	164	0.821	0.352
11790.000000	139	164	0.819	0.363
11796.000000	139	164	0.820	0.371
11802.000000	139	164	0.819	0.374
11808.000000	139	164	0.817	0.380
11814.000000	139	164	0.813	0.387
11820.000000	139	164	0.811	0.392
11826.000000	139	164	0.810	0.394
11832.000000	139	164	0.810	0.395
11838.000000	139	164	0.807	0.396
11844.000000	139	164	0.805	0.396
11850.000000	139	164	0.805	0.392
11856.000000	139	164	0.810	0.390
11862.000000	139	164	0.813	0.388
11868.000000	139	164	0.820	0.385
11874.000000	139	164	0.824	0.373
11880.000000	139	164	0.827	0.367
11886.000000	139	164	0.832	0.363
11892.000000	139	164	0.837	0.359
11898.000000	139	164	0.843	0.355
11904.000000	139	164	0.853	0.349
11910.000000	139	164	0.855	0.340
11916.000000	139	164	0.857	0.326
11922.000000	139	164	0.860	0.315
11928.000000	139	164	0.865	0.301
11934.000000	139	164	0.869	0.280
11940.000000	139	31	0.876	0.263
11946.000000	139	146	0.884	0.257
11952.000000	139	146	0.893	0.260
11958.000000	139	146	0.907	0.260
11964.000000	139	146	0.916	0.268
11970.000000	139	146	0.922	0.259
11976.000000	139	146	0.925	0.253
11982.000000	139	146	0.930	0.241
11988.000000	139	146	0.935	0.231
11994.000000	139	146	0.938	0.234
12000.000000	139	146	0.938	0.236
12006.000000	139	146	0.937	0.239
12012.000000	139	146	0.936	0.240
12018.000000	139	146	0.935	0.238
12024.000000	139	146	0.934	0.235
12030.000000	139	146	0.931	0.229
12036.000000	139	146	0.928	0.219
12042.000000	139	146	0.927	0.211
12048.000000	139	146	0.924	0.202
12054.000000	139	146	0.922	0.193
12060.000000	139	146	0.919	0.189
12066.000000	139	146	0.916	0.184
12072.000000	139	146	0.914	0.174
12078.000000	139	146	0.913	0.160
12084.000000	139	146	0.912	0.147
12090.000000	139	146	0.913	0.134
12096.000000	139	39	0.915	0.131
12102.000000	139	39	0.913	0.134
12108.000000	139	39	0.909	0.132
12114.000000	139	39	0.907	0.130
12120.000000	139	39	0.904	0.131
12126.000000	139	39	0.901	0.133
12132.000000	139	39	0.897	0.136
12138.000000	139	39	0.894	0.137
12144.000000	139	39	0.890	0.140
12150.000000	139	39	0.886	0.144
12156.000000	139	39	0.880	0.147
12162.000000	139	39	0.874	0.152
12168.000000	139	39	0.869	0.155
12174.000000	139	39	0.862	0.152
12180.000000	139	39	0.848	0.147
12186.000000	139	39	0.830	0.147
12192.000000	139	39	0.817	0.149
12198.000000	139	39	0.808	0.151
12204.000000	139	39	0.797	0.153
12210.000000	139	39	0.785	0.154
12216.000000	139	39	0.768	0.154
12222.000000	139	39	0.747	0.159
12228.000000	139	39	0.725	0.163
12234.000000	139	39	0.693	0.166
12240.000000	139	39	0.640	0.166
12246.000000	139	39	0.569	0.164
12252.000000	139	39	0.483	0.160
12258.000000	139	12	0.373	0.163
12264.000000	139	188	0.221	0.168
12270.000000	188	37	0.181	0.169
12276.000000	188	3	0.184	0.178
12282.000000	3	188	0.202	0.194
12288.000000	3	37	0.230	0.209
12294.000000	3	37	0.258	0.224
12300.000000	3	37	0.276	0.233
12306.000000	3	37	0.290	0.241
12312.000000	3	37	0.309	0.243
12318.000000	3	188	0.324	0.251
12324.000000	3	37	0.341	0.259
12330.000000	3	37	0.354	0.263
12336.000000	3	37	0.369	0.263
12342.000000	3	188	0.382	0.270
12348.000000	3	188	0.397	0.275
12354.000000	3	188	0.410	0.288
12360.000000	3	12	0.414	0.297
12366.000000	3	12	0.425	0.302
12372.000000	3	12	0.434	0.301
12378.000000	3	12	0.448	0.301
12384.000000	3	12	0.453	0.304
12390.000000	3	12	0.461	0.309
12396.000000	3	12	0.471	0.313
12402.000000	3	12	0.482	0.316
12408.000000	3	12	0.492	0.317
12414.000000	3	12	0.499	0.317
12420.000000	3	12	0.509	0.324
12426.000000	3	12	0.520	0.327
12432.000000	3	12	0.539	0.331
12438.000000	3	12	0.549	0.335
12444.000000	3	12	0.557	0.334
12450.000000	3	12	0.573	0.336
12456.000000	3	192	0.590	0.349
12462.000000	3	192	0.605	0.367
12468.000000	3	192	0.621	0.387
12474.000000	3	192	0.639	0.401
12480.000000	3	192	0.652	0.410
12486.000000	3	192	0.669	0.422
12492.000000	3	192	0.687	0.431
12498.000000	3	192	0.695	0.440
12504.000000	3	192	0.702	0.448
12510.000000	3	192	0.711	0.467
12516.000000	3	192	0.725	0.489
12522.000000	3	192	0.738	0.517
12528.000000	3	192	0.744	0.538
12534.000000	3	192	0.744	0.554
12540.000000	3	192	0.751	0.572
12546.000000	3	192	0.754	0.581
12552.000000	3	192	0.752	0.585
12558.000000	3	192	0.745	0.594
12564.000000	3	192	0.744	0.608
12570.000000	3	192	0.751	0.611
12576.000000	3	192	0.755	0.616
12582.000000	3	192	0.759	0.625
12588.000000	3	192	0.761	0.629
12594.000000	3	192	0.760	0.636
12600.000000	3	192	0.760	0.646
12606.000000	3	192	0.760	0.649
12612.000000	3	192	0.762	0.650
12618.000000	3	192	0.764	0.652
12624.000000	3	192	0.765	0.663
12630.000000	3	192	0.762	0.675
12636.000000	3	192	0.758	0.689
12642.000000	3	192	0.756	0.701
12648.000000	3	192	0.753	0.714
12654.000000	3	192	0.744	0.728
12660.000000	3	192	0.742	0.739
12666.000000	192	3	0.752	0.731
12672.000000	192	3	0.768	0.716
12678.000000	192	3	0.777	0.707
12684.000000	192	3	0.794	0.691
12690.000000	192	3	0.806	0.675
12696.000000	192	3	0.816	0.657
12702.000000	192	3	0.826	0.633
12708.000000	192	3	0.846	0.600
12714.000000	192	3	0.864	0.569
12720.000000	192	3	0.874	0.532
12726.000000	192	3	0.884	0.489
12732.000000	192	3	0.893	0.428
12738.000000	192	3	0.907	0.319
12744.000000	192	3	0.916	0.218
12750.000000	192	3	0.927	0.129
12756.000000	192	176	0.933	0.085
12762.000000	192	176	0.940	0.092
12768.000000	192	176	0.951	0.096
12774.000000	192	176	0.954	0.099
12780.000000	192	176	0.959	0.104
12786.000000	192	176	0.965	0.109
12792.000000	192	176	0.967	0.112
12798.000000	192	176	0.968	0.115
12804.000000	192	176	0.971	0.117
12810.000000	192	176	0.973	0.121
12816.000000	192	176	0.973	0.126
12822.000000	192	176	0.972	0.130
12828.000000	192	176	0.972	0.131
12834.000000	192	176	0.972	0.132
12840.000000	192	176	0.973	0.134
12846.000000	192	176	0.977	0.137
12852.000000	192	176	0.978	0.141
12858.000000	192	176	0.979	0.144
12864.000000	192	176	0.979	0.146
12870.000000	192	176	0.979	0.145
12876.000000	192	176	0.978	0.147
12882.000000	192	176	0.978	0.153
12888.000000	192	176	0.978	0.159
12894.000000	192	176	0.978	0.164
12900.000000	192	176	0.978	0.168
12906.000000	192	176	0.977	0.173
12912.000000	192	176	0.977	0.175
12918.000000	192	176	0.976	0.176
12924.000000	192	176	0.975	0.179
12930.000000	192	176	0.974	0.182
12936.000000	192	176	0.973	0.185
12942.000000	192	176	0.973	0.183
12948.000000	192	176	0.973	0.181
12954.000000	192	176	0.972	0.179
12960.000000	192	176	0.971	0.178
12966.000000	192	176	0.970	0.173
12972.000000	192	176	0.969	0.166
12978.000000	192	176	0.967	0.158
12984.000000	192	176	0.967	0.150
12990.000000	192	176	0.966	0.141
12996.000000	192	176	0.965	0.135
13002.000000	192	176	0.965	0.131
13008.000000	192	176	0.965	0.126
13014.000000	192	176	0.965	0.120
13020.000000	192	176	0.966	0.116
13026.000000	192	176	0.966	0.105
13032.000000	192	176	0.966	0.095
13038.000000	192	176	0.967	0.091
13044.000000	192	176	0.967	0.086
13050.000000	192	176	0.969	0.079
13056.000000	192	176	0.970	0.070
13062.000000	192	176	0.970	0.060
13068.000000	192	123	0.971	0.055
13074.000000	192	123	0.971	0.052
13080.000000	192	123	0.973	0.048
13086.000000	192	12	0.974	0.047
13092.000000	192	12	0.973	0.048
13098.000000	192	12	0.972	0.049
13104.000000	192	12	0.972	0.049
13110.000000	192	12	0.972	0.049
13116.000000	192	12	0.972	0.049
13122.000000	192	12	0.972	0.047
13128.000000	192	12	0.971	0.044
13134.000000	192	12	0.971	0.042
13140.000000	192	12	0.970	0.040
13146.000000	192	12	0.969	0.039
13152.000000	192	12	0.969	0.039
13158.000000	192	12	0.970	0.039
13164.000000	192	12	0.971	0.038
13170.000000	192	12	0.970	0.038
13176.000000	192	12	0.970	0.039
13182.000000	192	12	0.970	0.039
13188.000000	192	12	0.969	0.040
13194.000000	192	12	0.969	0.039
13200.000000	192	12	0.968	0.039
13206.000000	192	12	0.966	0.039
13212.000000	192	12	0.965	0.038
13218.000000	192	12	0.964	0.038
13224.000000	192	12	0.962	0.037
13230.000000	192	175	0.961	0.038
13236.000000	192	175	0.962	0.038
13242.000000	192	77	0.963	0.037
13248.000000	192	77	0.962	0.037
13254.000000	192	77	0.961	0.037
13260.000000	192	77	0.959	0.037
13266.000000	192	77	0.958	0.036
13272.000000	192	175	0.956	0.036
13278.000000	192	175	0.957	0.036
13284.000000	192	175	0.958	0.036
13290.000000	192	175	0.958	0.035
13296.000000	192	175	0.958	0.035
13302.000000	192	187	0.956	0.034
13308.000000	192	187	0.954	0.033
13314.000000	192	187	0.950	0.032
13320.000000	192	187	0.947	0.031
13326.000000	192	187	0.946	0.031
13332.000000	192	187	0.944	0.031
13338.000000	192	175	0.941	0.031
13344.000000	192	175	0.936	0.031
13350.000000	192	175	0.930	0.031
13356.000000	192	175	0.928	0.031
13362.000000	192	77	0.926	0.031
13368.000000	192	77	0.924	0.031
13374.000000	192	77	0.921	0.031
13380.000000	192	77	0.915	0.031
13386.000000	192	77	0.909	0.031
13392.000000	192	77	0.904	0.031
13398.000000	192	77	0.900	0.032
13404.000000	192	77	0.895	0.031
13410.000000	192	176	0.893	0.032
13416.000000	192	176	0.889	0.032
13422.000000	192	176	0.884	0.033
13428.000000	192	176	0.877	0.033
13434.000000	192	176	0.868	0.035
13440.000000	192	176	0.858	0.036
13446.000000	192	176	0.847	0.037
13452.000000	192	176	0.837	0.037
13458.000000	192	176	0.826	0.037
13464.000000	192	176	0.813	0.037
13470.000000	192	176	0.793	0.037
13476.000000	192	77	0.763	0.036
13482.000000	192	77	0.723	0.036
13488.000000	192	77	0.657	0.034
13494.000000	192	77	0.512	0.029
13500.000000	192	68	0.231	0.020
13506.000000	192	68	0.018	0.012
13512.000000	68	36	0.008	0.006
