0.000000	125	102	0.000	0.000
6.000000	99	75	0.992	0.030
12.000000	99	50	0.992	0.031
18.000000	99	50	0.992	0.033
24.000000	99	50	0.991	0.035
30.000000	99	50	0.990	0.041
36.000000	99	50	0.989	0.044
42.000000	99	50	0.988	0.044
48.000000	99	50	0.986	0.044
54.000000	99	133	0.984	0.048
60.000000	99	22	0.981	0.054
66.000000	99	22	0.979	0.059
72.000000	99	75	0.976	0.064
78.000000	99	75	0.974	0.069
84.000000	99	185	0.971	0.075
90.000000	99	50	0.969	0.079
96.000000	99	84	0.966	0.090
102.000000	99	84	0.962	0.105
108.000000	99	84	0.958	0.121
114.000000	99	84	0.954	0.134
120.000000	99	84	0.950	0.149
126.000000	99	84	0.946	0.164
132.000000	99	84	0.942	0.176
138.000000	99	84	0.939	0.186
144.000000	99	84	0.935	0.203
150.000000	99	84	0.932	0.217
156.000000	99	84	0.928	0.230
162.000000	99	84	0.925	0.243
168.000000	99	84	0.923	0.251
174.000000	99	84	0.921	0.255
180.000000	99	84	0.919	0.257
186.000000	99	84	0.917	0.263
192.000000	99	84	0.915	0.267
198.000000	99	84	0.913	0.271
204.000000	99	84	0.911	0.277
210.000000	99	84	0.906	0.283
216.000000	99	84	0.903	0.289
222.000000	99	84	0.901	0.292
228.000000	99	84	0.897	0.295
234.000000	99	84	0.894	0.300
240.000000	99	84	0.893	0.304
246.000000	99	84	0.892	0.305
252.000000	99	84	0.890	0.304
258.000000	99	84	0.888	0.306
264.000000	99	84	0.886	0.306
270.000000	99	84	0.885	0.308
276.000000	99	84	0.885	0.311
282.000000	99	84	0.885	0.314
288.000000	99	84	0.882	0.319
294.000000	99	84	0.879	0.327
300.000000	99	84	0.878	0.335
306.000000	99	84	0.877	0.338
312.000000	99	84	0.876	0.343
318.000000	99	84	0.874	0.353
324.000000	99	84	0.869	0.371
330.000000	99	84	0.866	0.391
336.000000	99	84	0.864	0.397
342.000000	99	84	0.860	0.401
348.000000	99	84	0.850	0.407
354.000000	99	84	0.843	0.421
360.000000	99	84	0.836	0.431
366.000000	99	84	0.826	0.446
372.000000	99	84	0.817	0.457
378.000000	99	84	0.803	0.466
384.000000	99	84	0.790	0.468
390.000000	99	84	0.769	0.472
396.000000	99	84	0.736	0.476
402.000000	99	84	0.694	0.494
408.000000	99	84	0.644	0.511
414.000000	99	185	0.578	0.527
420.000000	185	84	0.545	0.543
426.000000	185	84	0.575	0.552
432.000000	185	84	0.619	0.570
438.000000	185	84	0.659	0.589
444.000000	185	84	0.692	0.595
450.000000	185	84	0.718	0.600
456.000000	185	84	0.739	0.595
462.000000	185	84	0.747	0.590
468.000000	185	84	0.752	0.588
474.000000	185	84	0.758	0.596
480.000000	185	84	0.768	0.592
486.000000	185	84	0.774	0.592
492.000000	185	84	0.779	0.592
498.000000	185	84	0.780	0.593
504.000000	185	84	0.782	0.595
510.000000	185	84	0.785	0.597
516.000000	185	84	0.791	0.599
522.000000	185	84	0.799	0.601
528.000000	185	84	0.798	0.603
534.000000	185	84	0.801	0.597
540.000000	185	84	0.806	0.592
546.000000	185	84	0.815	0.587
552.000000	185	84	0.822	0.579
558.000000	185	84	0.834	0.566
564.000000	185	84	0.840	0.552
570.000000	185	84	0.844	0.536
576.000000	185	84	0.851	0.508
582.000000	185	84	0.858	0.489
588.000000	185	84	0.860	0.479
594.000000	185	84	0.870	0.458
600.000000	185	84	0.873	0.425
606.000000	185	84	0.874	0.394
612.000000	185	84	0.876	0.365
618.000000	185	84	0.884	0.329
624.000000	185	84	0.888	0.300
630.000000	185	84	0.894	0.262
636.000000	185	36	0.907	0.269
642.000000	185	36	0.913	0.279
648.000000	185	36	0.919	0.289
654.000000	185	36	0.919	0.297
660.000000	185	36	0.919	0.307
666.000000	185	36	0.920	0.315
672.000000	185	36	0.921	0.332
678.000000	185	36	0.920	0.352
684.000000	185	36	0.920	0.368
690.000000	185	36	0.915	0.379
696.000000	185	36	0.912	0.385
702.000000	185	36	0.911	0.385
708.000000	185	36	0.908	0.387
714.000000	185	36	0.904	0.389
720.000000	185	36	0.898	0.392
726.000000	185	36	0.891	0.400
732.000000	185	36	0.887	0.404
738.000000	185	36	0.884	0.406
744.000000	185	128	0.877	0.412
750.000000	185	128	0.871	0.426
756.000000	185	128	0.864	0.442
762.000000	185	128	0.857	0.461
768.000000	185	128	0.847	0.477
774.000000	185	128	0.839	0.489
780.000000	185	128	0.829	0.500
786.000000	185	128	0.811	0.522
792.000000	185	128	0.792	0.544
798.000000	185	128	0.765	0.572
804.000000	185	128	0.739	0.599
810.000000	185	128	0.701	0.629
816.000000	185	128	0.662	0.648
822.000000	128	185	0.666	0.609
828.000000	128	36	0.691	0.570
834.000000	128	36	0.714	0.602
840.000000	128	36	0.741	0.629
846.000000	128	36	0.760	0.662
852.000000	128	36	0.778	0.688
858.000000	128	36	0.795	0.704
864.000000	128	36	0.804	0.710
870.000000	128	36	0.810	0.710
876.000000	128	36	0.815	0.703
882.000000	128	36	0.817	0.709
888.000000	128	36	0.814	0.710
894.000000	128	36	0.812	0.716
900.000000	128	36	0.814	0.719
906.000000	128	36	0.816	0.720
912.000000	128	36	0.814	0.725
918.000000	128	36	0.814	0.726
924.000000	128	36	0.814	0.725
930.000000	128	36	0.812	0.723
936.000000	128	36	0.808	0.722
942.000000	128	36	0.806	0.721
948.000000	128	36	0.805	0.720
954.000000	128	36	0.807	0.717
960.000000	128	36	0.805	0.711
966.000000	128	36	0.804	0.707
972.000000	128	36	0.802	0.710
978.000000	128	36	0.803	0.707
984.000000	128	36	0.799	0.707
990.000000	128	36	0.796	0.705
996.000000	128	36	0.795	0.700
1002.000000	128	36	0.791	0.699
1008.000000	128	36	0.784	0.695
1014.000000	128	36	0.780	0.689
1020.000000	128	36	0.770	0.690
1026.000000	128	36	0.761	0.682
1032.000000	128	36	0.752	0.669
1038.000000	128	36	0.742	0.656
1044.000000	128	36	0.730	0.641
1050.000000	128	36	0.714	0.620
1056.000000	128	36	0.691	0.602
1062.000000	128	36	0.665	0.585
1068.000000	128	36	0.633	0.552
1074.000000	128	36	0.604	0.507
1080.000000	128	36	0.575	0.461
1086.000000	128	36	0.537	0.417
1092.000000	128	36	0.496	0.359
1098.000000	128	36	0.445	0.297
1104.000000	128	139	0.393	0.312
1110.000000	139	128	0.328	0.323
1116.000000	189	139	0.362	0.352
1122.000000	189	139	0.416	0.375
1128.000000	189	139	0.449	0.397
1134.000000	189	139	0.479	0.417
1140.000000	189	139	0.496	0.433
1146.000000	189	139	0.515	0.447
1152.000000	189	139	0.538	0.456
1158.000000	189	139	0.557	0.460
1164.000000	189	139	0.572	0.466
1170.000000	189	139	0.585	0.475
1176.000000	189	139	0.606	0.483
1182.000000	189	139	0.613	0.478
1188.000000	189	139	0.619	0.477
1194.000000	189	139	0.621	0.476
1200.000000	189	139	0.628	0.475
1206.000000	189	139	0.638	0.470
1212.000000	189	139	0.646	0.467
1218.000000	189	139	0.651	0.468
1224.000000	189	139	0.660	0.462
1230.000000	189	139	0.666	0.460
1236.000000	189	139	0.675	0.456
1242.000000	189	139	0.681	0.454
1248.000000	189	139	0.684	0.458
1254.000000	189	139	0.696	0.454
1260.000000	189	139	0.709	0.444
1266.000000	189	139	0.722	0.432
1272.000000	189	139	0.736	0.423
1278.000000	189	130	0.740	0.420
1284.000000	189	130	0.744	0.422
1290.000000	189	130	0.746	0.422
1296.000000	189	130	0.751	0.428
1302.000000	189	130	0.756	0.431
1308.000000	189	130	0.757	0.438
1314.000000	189	130	0.755	0.446
1320.000000	189	130	0.757	0.444
1326.000000	189	130	0.763	0.445
1332.000000	189	130	0.771	0.457
1338.000000	189	130	0.770	0.468
1344.000000	189	130	0.770	0.469
1350.000000	189	130	0.776	0.469
1356.000000	189	130	0.783	0.470
1362.000000	189	130	0.796	0.463
1368.000000	189	130	0.798	0.466
1374.000000	189	130	0.804	0.465
1380.000000	189	130	0.810	0.463
1386.000000	189	130	0.815	0.465
1392.000000	189	130	0.823	0.467
1398.000000	189	130	0.824	0.468
1404.000000	189	130	0.826	0.464
1410.000000	189	130	0.825	0.457
1416.000000	189	130	0.820	0.448
1422.000000	189	130	0.813	0.447
1428.000000	189	130	0.811	0.447
1434.000000	189	130	0.806	0.447
1440.000000	189	130	0.802	0.448
1446.000000	189	130	0.801	0.444
1452.000000	189	130	0.800	0.438
1458.000000	189	130	0.799	0.435
1464.000000	189	130	0.798	0.431
1470.000000	189	130	0.792	0.422
1476.000000	189	130	0.781	0.424
1482.000000	189	130	0.777	0.418
1488.000000	189	130	0.776	0.412
1494.000000	189	130	0.780	0.406
1500.000000	189	130	0.779	0.399
1506.000000	189	130	0.779	0.386
1512.000000	189	130	0.779	0.361
1518.000000	189	130	0.774	0.330
1524.000000	189	129	0.772	0.337
1530.000000	189	129	0.769	0.351
1536.000000	189	129	0.773	0.378
1542.000000	189	129	0.767	0.403
1548.000000	189	129	0.760	0.427
1554.000000	189	129	0.754	0.460
1560.000000	189	129	0.746	0.487
1566.000000	189	129	0.736	0.515
1572.000000	189	129	0.730	0.548
1578.000000	189	129	0.720	0.576
1584.000000	189	129	0.710	0.602
1590.000000	189	129	0.696	0.617
1596.000000	189	129	0.671	0.636
1602.000000	129	189	0.669	0.637
1608.000000	129	189	0.699	0.596
1614.000000	129	189	0.733	0.552
1620.000000	129	189	0.773	0.482
1626.000000	129	189	0.800	0.387
1632.000000	129	189	0.822	0.283
1638.000000	129	26	0.844	0.287
1644.000000	129	26	0.859	0.287
1650.000000	129	26	0.874	0.290
1656.000000	129	26	0.879	0.304
1662.000000	129	26	0.878	0.308
1668.000000	129	26	0.879	0.312
1674.000000	129	26	0.881	0.316
1680.000000	129	26	0.884	0.318
1686.000000	129	26	0.883	0.319
1692.000000	129	26	0.887	0.320
1698.000000	129	26	0.890	0.318
1704.000000	129	26	0.893	0.314
1710.000000	129	26	0.896	0.315
1716.000000	129	26	0.896	0.322
1722.000000	129	26	0.896	0.324
1728.000000	129	26	0.895	0.320
1734.000000	129	26	0.895	0.318
1740.000000	129	26	0.894	0.319
1746.000000	129	26	0.894	0.315
1752.000000	129	26	0.895	0.305
1758.000000	129	26	0.898	0.298
1764.000000	129	26	0.901	0.294
1770.000000	129	26	0.902	0.283
1776.000000	129	17	0.902	0.280
1782.000000	129	17	0.902	0.288
1788.000000	129	17	0.903	0.296
1794.000000	129	17	0.907	0.309
1800.000000	129	17	0.909	0.320
1806.000000	129	17	0.911	0.334
1812.000000	129	17	0.911	0.346
1818.000000	129	17	0.912	0.355
1824.000000	129	17	0.912	0.372
1830.000000	129	17	0.912	0.399
1836.000000	129	17	0.912	0.416
1842.000000	129	17	0.911	0.437
1848.000000	129	17	0.908	0.454
1854.000000	129	17	0.907	0.466
1860.000000	129	17	0.907	0.477
1866.000000	129	17	0.904	0.495
1872.000000	129	17	0.897	0.521
1878.000000	129	17	0.886	0.546
1884.000000	129	17	0.877	0.568
1890.000000	129	17	0.862	0.587
1896.000000	129	17	0.842	0.608
1902.000000	129	17	0.824	0.624
1908.000000	129	17	0.807	0.634
1914.000000	129	17	0.781	0.652
1920.000000	129	17	0.754	0.663
1926.000000	129	17	0.717	0.679
1932.000000	17	129	0.700	0.673
1938.000000	17	129	0.725	0.621
1944.000000	17	129	0.752	0.544
1950.000000	17	129	0.778	0.445
1956.000000	17	129	0.816	0.317
1962.000000	17	135	0.846	0.242
1968.000000	17	135	0.864	0.245
1974.000000	17	135	0.865	0.255
1980.000000	17	135	0.869	0.267
1986.000000	17	135	0.870	0.267
1992.000000	17	135	0.869	0.266
1998.000000	17	135	0.870	0.260
2004.000000	17	178	0.868	0.268
2010.000000	17	178	0.867	0.286
2016.000000	17	178	0.871	0.309
2022.000000	17	178	0.876	0.324
2028.000000	17	178	0.878	0.335
2034.000000	17	178	0.877	0.349
2040.000000	17	178	0.880	0.362
2046.000000	17	178	0.880	0.377
2052.000000	17	178	0.879	0.394
2058.000000	17	178	0.878	0.406
2064.000000	17	178	0.877	0.426
2070.000000	17	178	0.874	0.437
2076.000000	17	178	0.870	0.444
2082.000000	17	178	0.864	0.456
2088.000000	17	178	0.860	0.462
2094.000000	17	178	0.857	0.469
2100.000000	17	178	0.852	0.478
2106.000000	17	178	0.849	0.492
2112.000000	17	178	0.847	0.507
2118.000000	17	178	0.842	0.532
2124.000000	17	178	0.836	0.556
2130.000000	17	178	0.828	0.578
2136.000000	17	178	0.824	0.595
2142.000000	17	178	0.821	0.612
2148.000000	17	178	0.816	0.628
2154.000000	17	178	0.811	0.644
2160.000000	17	178	0.806	0.659
2166.000000	17	178	0.796	0.677
2172.000000	17	178	0.785	0.694
2178.000000	17	178	0.772	0.707
2184.000000	17	178	0.756	0.726
2190.000000	17	178	0.747	0.732
2196.000000	178	17	0.741	0.735
2202.000000	178	17	0.762	0.715
2208.000000	178	17	0.778	0.698
2214.000000	178	17	0.789	0.681
2220.000000	178	17	0.807	0.653
2226.000000	178	17	0.826	0.619
2232.000000	178	17	0.843	0.575
2238.000000	178	17	0.860	0.518
2244.000000	178	17	0.879	0.441
2250.000000	178	17	0.905	0.331
2256.000000	178	17	0.926	0.208
2262.000000	178	169	0.937	0.133
2268.000000	178	169	0.938	0.130
2274.000000	178	72	0.938	0.133
2280.000000	178	72	0.940	0.139
2286.000000	178	72	0.938	0.144
2292.000000	178	72	0.937	0.151
2298.000000	178	72	0.935	0.154
2304.000000	178	72	0.935	0.152
2310.000000	178	72	0.939	0.152
2316.000000	178	72	0.938	0.154
2322.000000	178	72	0.937	0.157
2328.000000	178	72	0.936	0.162
2334.000000	178	72	0.935	0.164
2340.000000	178	172	0.934	0.170
2346.000000	178	172	0.934	0.178
2352.000000	178	172	0.936	0.182
2358.000000	178	172	0.936	0.186
2364.000000	178	172	0.935	0.190
2370.000000	178	172	0.934	0.194
2376.000000	178	172	0.933	0.202
2382.000000	178	172	0.933	0.213
2388.000000	178	172	0.932	0.219
2394.000000	178	172	0.931	0.228
2400.000000	178	172	0.929	0.238
2406.000000	178	172	0.928	0.248
2412.000000	178	172	0.927	0.259
2418.000000	178	172	0.926	0.271
2424.000000	178	172	0.924	0.283
2430.000000	178	172	0.922	0.291
2436.000000	178	172	0.916	0.299
2442.000000	178	172	0.911	0.315
2448.000000	178	172	0.909	0.333
2454.000000	178	172	0.905	0.349
2460.000000	178	172	0.898	0.367
2466.000000	178	172	0.895	0.386
2472.000000	178	172	0.891	0.403
2478.000000	178	172	0.889	0.415
2484.000000	178	172	0.885	0.433
2490.000000	178	172	0.877	0.445
2496.000000	178	172	0.869	0.455
2502.000000	178	172	0.857	0.469
2508.000000	178	172	0.848	0.484
2514.000000	178	172	0.837	0.498
2520.000000	178	172	0.825	0.510
2526.000000	178	172	0.811	0.528
2532.000000	178	172	0.794	0.547
2538.000000	178	172	0.778	0.564
2544.000000	178	172	0.755	0.591
2550.000000	178	172	0.726	0.612
2556.000000	178	172	0.695	0.630
2562.000000	178	172	0.653	0.649
2568.000000	172	178	0.682	0.583
2574.000000	172	178	0.709	0.483
2580.000000	172	178	0.745	0.366
2586.000000	172	156	0.793	0.242
2592.000000	172	156	0.851	0.251
2598.000000	172	156	0.874	0.260
2604.000000	172	156	0.887	0.270
2610.000000	172	156	0.899	0.281
2616.000000	172	156	0.904	0.292
2622.000000	172	156	0.903	0.301
2628.000000	172	156	0.900	0.308
2634.000000	172	156	0.899	0.308
2640.000000	172	156	0.897	0.311
2646.000000	172	156	0.895	0.316
2652.000000	172	156	0.897	0.323
2658.000000	172	156	0.900	0.327
2664.000000	172	156	0.905	0.330
2670.000000	172	156	0.905	0.331
2676.000000	172	156	0.904	0.329
2682.000000	172	156	0.905	0.331
2688.000000	172	156	0.903	0.334
2694.000000	172	156	0.902	0.338
2700.000000	172	156	0.901	0.340
2706.000000	172	156	0.900	0.346
2712.000000	172	156	0.899	0.349
2718.000000	172	156	0.898	0.347
2724.000000	172	156	0.900	0.340
2730.000000	172	156	0.900	0.331
2736.000000	172	156	0.899	0.325
2742.000000	172	156	0.898	0.319
2748.000000	172	156	0.896	0.315
2754.000000	172	156	0.893	0.313
2760.000000	172	156	0.891	0.310
2766.000000	172	156	0.890	0.304
2772.000000	172	156	0.889	0.294
2778.000000	172	156	0.890	0.281
2784.000000	172	156	0.891	0.270
2790.000000	172	156	0.889	0.260
2796.000000	172	156	0.886	0.247
2802.000000	172	156	0.887	0.224
2808.000000	172	156	0.889	0.197
2814.000000	172	43	0.889	0.196
2820.000000	172	43	0.890	0.197
2826.000000	172	100	0.889	0.196
2832.000000	172	100	0.885	0.198
2838.000000	172	100	0.883	0.196
2844.000000	172	100	0.880	0.195
2850.000000	172	43	0.878	0.202
2856.000000	172	43	0.874	0.212
2862.000000	172	43	0.871	0.222
2868.000000	172	43	0.869	0.229
2874.000000	172	43	0.869	0.235
2880.000000	172	43	0.869	0.241
2886.000000	172	43	0.866	0.241
2892.000000	172	43	0.860	0.241
2898.000000	172	43	0.854	0.242
2904.000000	172	43	0.846	0.239
2910.000000	172	43	0.839	0.240
2916.000000	172	43	0.831	0.240
2922.000000	172	43	0.819	0.237
2928.000000	172	43	0.807	0.227
2934.000000	172	43	0.789	0.222
2940.000000	172	43	0.776	0.217
2946.000000	172	43	0.768	0.206
2952.000000	172	59	0.756	0.199
2958.000000	172	59	0.742	0.193
2964.000000	172	59	0.722	0.189
2970.000000	172	164	0.697	0.200
2976.000000	172	164	0.671	0.219
2982.000000	172	164	0.640	0.236
2988.000000	172	164	0.597	0.255
2994.000000	172	164	0.544	0.274
3000.000000	172	164	0.460	0.301
3006.000000	172	164	0.350	0.344
3012.000000	164	59	0.384	0.227
3018.000000	164	59	0.436	0.238
3024.000000	164	59	0.512	0.249
3030.000000	164	59	0.564	0.260
3036.000000	164	59	0.599	0.264
3042.000000	164	59	0.631	0.271
3048.000000	164	59	0.668	0.271
3054.000000	164	59	0.696	0.264
3060.000000	164	59	0.715	0.260
3066.000000	164	59	0.730	0.253
3072.000000	164	59	0.740	0.254
3078.000000	164	59	0.745	0.255
3084.000000	164	59	0.752	0.253
3090.000000	164	59	0.761	0.252
3096.000000	164	59	0.770	0.247
3102.000000	164	59	0.782	0.238
3108.000000	164	59	0.799	0.234
3114.000000	164	59	0.806	0.225
3120.000000	164	17	0.813	0.217
3126.000000	164	17	0.820	0.220
3132.000000	164	17	0.832	0.220
3138.000000	164	17	0.846	0.218
3144.000000	164	17	0.857	0.218
3150.000000	164	17	0.865	0.220
3156.000000	164	17	0.868	0.224
3162.000000	164	17	0.871	0.223
3168.000000	164	17	0.878	0.219
3174.000000	164	17	0.884	0.216
3180.000000	164	17	0.889	0.209
3186.000000	164	17	0.895	0.205
3192.000000	164	17	0.903	0.199
3198.000000	164	17	0.908	0.193
3204.000000	164	17	0.916	0.178
3210.000000	164	17	0.921	0.169
3216.000000	164	17	0.922	0.160
3222.000000	164	17	0.925	0.156
3228.000000	164	27	0.927	0.159
3234.000000	164	27	0.930	0.156
3240.000000	164	27	0.929	0.157
3246.000000	164	27	0.929	0.153
3252.000000	164	27	0.931	0.149
3258.000000	164	196	0.929	0.149
3264.000000	164	196	0.928	0.154
3270.000000	164	196	0.926	0.165
3276.000000	164	196	0.923	0.180
3282.000000	164	196	0.919	0.197
3288.000000	164	196	0.917	0.213
3294.000000	164	196	0.915	0.225
3300.000000	164	196	0.914	0.236
3306.000000	164	196	0.913	0.247
3312.000000	164	196	0.910	0.257
3318.000000	164	196	0.909	0.271
3324.000000	164	196	0.909	0.288
3330.000000	164	196	0.908	0.304
3336.000000	164	196	0.907	0.321
3342.000000	164	196	0.907	0.337
3348.000000	164	196	0.910	0.348
3354.000000	164	196	0.911	0.355
3360.000000	164	196	0.909	0.369
3366.000000	164	196	0.902	0.387
3372.000000	164	196	0.898	0.412
3378.000000	164	196	0.895	0.423
3384.000000	164	196	0.890	0.433
3390.000000	164	196	0.882	0.447
3396.000000	164	196	0.869	0.475
3402.000000	164	196	0.860	0.497
3408.000000	164	196	0.857	0.515
3414.000000	164	196	0.854	0.530
3420.000000	164	196	0.844	0.541
3426.000000	164	196	0.828	0.554
3432.000000	164	196	0.817	0.570
3438.000000	164	196	0.802	0.593
3444.000000	164	196	0.781	0.609
3450.000000	164	196	0.755	0.633
3456.000000	164	196	0.729	0.663
3462.000000	164	196	0.706	0.686
3468.000000	196	164	0.716	0.663
3474.000000	196	164	0.753	0.601
3480.000000	196	164	0.798	0.521
3486.000000	196	164	0.836	0.434
3492.000000	196	164	0.861	0.335
3498.000000	196	95	0.883	0.301
3504.000000	196	95	0.892	0.314
3510.000000	196	95	0.902	0.333
3516.000000	196	95	0.903	0.356
3522.000000	196	95	0.900	0.376
3528.000000	196	95	0.895	0.395
3534.000000	196	95	0.894	0.416
3540.000000	196	95	0.894	0.431
3546.000000	196	95	0.893	0.441
3552.000000	196	95	0.892	0.448
3558.000000	196	95	0.892	0.453
3564.000000	196	95	0.894	0.453
3570.000000	196	95	0.891	0.457
3576.000000	196	95	0.890	0.458
3582.000000	196	95	0.889	0.460
3588.000000	196	95	0.888	0.466
3594.000000	196	95	0.887	0.468
3600.000000	196	95	0.887	0.469
3606.000000	196	95	0.888	0.469
3612.000000	196	95	0.889	0.472
3618.000000	196	95	0.888	0.479
3624.000000	196	95	0.885	0.489
3630.000000	196	95	0.883	0.498
3636.000000	196	95	0.880	0.500
3642.000000	196	95	0.876	0.502
3648.000000	196	95	0.872	0.511
3654.000000	196	95	0.869	0.519
3660.000000	196	95	0.866	0.518
3666.000000	196	95	0.863	0.523
3672.000000	196	95	0.857	0.532
3678.000000	196	95	0.854	0.535
3684.000000	196	95	0.853	0.538
3690.000000	196	95	0.848	0.546
3696.000000	196	95	0.844	0.552
3702.000000	196	95	0.842	0.560
3708.000000	196	95	0.837	0.565
3714.000000	196	95	0.832	0.569
3720.000000	196	95	0.833	0.570
3726.000000	196	95	0.831	0.570
3732.000000	196	95	0.827	0.567
3738.000000	196	95	0.819	0.568
3744.000000	196	95	0.811	0.574
3750.000000	196	95	0.803	0.580
3756.000000	196	95	0.795	0.585
3762.000000	196	95	0.788	0.586
3768.000000	196	95	0.779	0.587
3774.000000	196	95	0.764	0.585
3780.000000	196	95	0.749	0.589
3786.000000	196	95	0.738	0.590
3792.000000	196	95	0.723	0.587
3798.000000	196	95	0.696	0.592
3804.000000	196	95	0.668	0.591
3810.000000	196	95	0.628	0.590
3816.000000	95	196	0.591	0.586
3822.000000	95	196	0.596	0.528
3828.000000	95	196	0.605	0.444
3834.000000	95	196	0.620	0.355
3840.000000	95	82	0.636	0.323
3846.000000	95	82	0.647	0.372
3852.000000	95	82	0.652	0.408
3858.000000	95	82	0.658	0.439
3864.000000	95	82	0.651	0.485
3870.000000	95	82	0.643	0.522
3876.000000	95	82	0.634	0.561
3882.000000	95	82	0.623	0.590
3888.000000	82	95	0.612	0.610
3894.000000	82	95	0.628	0.589
3900.000000	82	95	0.646	0.571
3906.000000	82	95	0.662	0.556
3912.000000	82	95	0.674	0.543
3918.000000	82	95	0.691	0.521
3924.000000	82	95	0.711	0.496
3930.000000	82	95	0.732	0.461
3936.000000	82	95	0.750	0.431
3942.000000	82	95	0.771	0.403
3948.000000	82	95	0.785	0.367
3954.000000	82	95	0.799	0.330
3960.000000	82	95	0.808	0.276
3966.000000	82	95	0.823	0.214
3972.000000	82	95	0.832	0.160
3978.000000	82	62	0.846	0.139
3984.000000	82	62	0.851	0.136
3990.000000	82	99	0.859	0.133
3996.000000	82	99	0.869	0.137
4002.000000	82	99	0.872	0.137
4008.000000	82	99	0.874	0.136
4014.000000	82	99	0.876	0.137
4020.000000	82	99	0.879	0.138
4026.000000	82	18	0.881	0.142
4032.000000	82	18	0.883	0.149
4038.000000	82	18	0.889	0.156
4044.000000	82	18	0.889	0.159
4050.000000	82	18	0.890	0.162
4056.000000	82	10	0.892	0.167
4062.000000	82	10	0.895	0.182
4068.000000	82	10	0.898	0.202
4074.000000	82	10	0.898	0.218
4080.000000	82	10	0.898	0.231
4086.000000	82	10	0.898	0.250
4092.000000	82	10	0.897	0.263
4098.000000	82	10	0.895	0.272
4104.000000	82	10	0.895	0.279
4110.000000	82	10	0.895	0.285
4116.000000	82	10	0.897	0.298
4122.000000	82	10	0.900	0.307
4128.000000	82	10	0.901	0.315
4134.000000	82	10	0.902	0.328
4140.000000	82	10	0.901	0.340
4146.000000	82	10	0.894	0.361
4152.000000	82	10	0.891	0.378
4158.000000	82	10	0.887	0.407
4164.000000	82	10	0.884	0.436
4170.000000	82	10	0.882	0.458
4176.000000	82	10	0.879	0.481
4182.000000	82	10	0.872	0.504
4188.000000	82	10	0.869	0.526
4194.000000	82	10	0.866	0.554
4200.000000	82	10	0.861	0.588
4206.000000	82	10	0.853	0.619
4212.000000	82	10	0.844	0.634
4218.000000	82	10	0.834	0.647
4224.000000	82	10	0.821	0.666
4230.000000	82	10	0.807	0.678
4236.000000	82	10	0.796	0.686
4242.000000	82	10	0.775	0.698
4248.000000	82	10	0.748	0.712
4254.000000	10	82	0.722	0.718
4260.000000	10	82	0.741	0.680
4266.000000	10	82	0.759	0.625
4272.000000	10	82	0.778	0.552
4278.000000	10	82	0.808	0.460
4284.000000	10	82	0.841	0.340
4290.000000	10	174	0.884	0.307
4296.000000	10	174	0.912	0.308
4302.000000	10	174	0.922	0.314
4308.000000	10	174	0.927	0.322
4314.000000	10	174	0.927	0.338
4320.000000	10	174	0.924	0.350
4326.000000	10	174	0.926	0.361
4332.000000	10	174	0.927	0.371
4338.000000	10	174	0.925	0.377
4344.000000	10	174	0.923	0.379
4350.000000	10	174	0.921	0.378
4356.000000	10	174	0.920	0.380
4362.000000	10	174	0.918	0.379
4368.000000	10	174	0.913	0.377
4374.000000	10	174	0.912	0.369
4380.000000	10	174	0.910	0.364
4386.000000	10	174	0.910	0.360
4392.000000	10	174	0.909	0.358
4398.000000	10	174	0.908	0.357
4404.000000	10	174	0.907	0.354
4410.000000	10	174	0.906	0.351
4416.000000	10	174	0.905	0.346
4422.000000	10	174	0.904	0.337
4428.000000	10	174	0.903	0.328
4434.000000	10	174	0.902	0.315
4440.000000	10	174	0.900	0.297
4446.000000	10	174	0.896	0.281
4452.000000	10	174	0.893	0.266
4458.000000	10	174	0.888	0.249
4464.000000	10	2	0.886	0.252
4470.000000	10	2	0.884	0.268
4476.000000	10	2	0.882	0.280
4482.000000	10	2	0.878	0.292
4488.000000	10	2	0.870	0.305
4494.000000	10	2	0.863	0.313
4500.000000	10	2	0.857	0.322
4506.000000	10	2	0.852	0.328
4512.000000	10	2	0.847	0.336
4518.000000	10	2	0.842	0.351
4524.000000	10	2	0.837	0.376
4530.000000	10	2	0.825	0.404
4536.000000	10	2	0.815	0.433
4542.000000	10	2	0.803	0.462
4548.000000	10	2	0.794	0.488
4554.000000	10	2	0.782	0.502
4560.000000	10	2	0.764	0.513
4566.000000	10	2	0.742	0.535
4572.000000	10	2	0.718	0.560
4578.000000	10	2	0.688	0.582
4584.000000	10	2	0.647	0.610
4590.000000	2	10	0.632	0.602
4596.000000	2	10	0.656	0.547
4602.000000	2	10	0.692	0.457
4608.000000	2	10	0.731	0.323
4614.000000	2	26	0.774	0.276
4620.000000	2	26	0.806	0.272
4626.000000	2	26	0.831	0.268
4632.000000	2	26	0.847	0.261
4638.000000	2	26	0.857	0.253
4644.000000	2	26	0.865	0.250
4650.000000	2	26	0.870	0.247
4656.000000	2	26	0.879	0.238
4662.000000	2	26	0.886	0.227
4668.000000	2	26	0.891	0.219
4674.000000	2	26	0.891	0.217
4680.000000	2	26	0.890	0.206
4686.000000	2	26	0.888	0.195
4692.000000	2	26	0.887	0.179
4698.000000	2	178	0.886	0.179
4704.000000	2	178	0.889	0.180
4710.000000	2	178	0.888	0.180
4716.000000	2	178	0.889	0.177
4722.000000	2	153	0.891	0.178
4728.000000	2	153	0.895	0.182
4734.000000	2	153	0.896	0.185
4740.000000	2	153	0.901	0.188
4746.000000	2	153	0.905	0.191
4752.000000	2	153	0.906	0.195
4758.000000	2	153	0.907	0.196
4764.000000	2	153	0.907	0.203
4770.000000	2	153	0.909	0.208
4776.000000	2	153	0.911	0.208
4782.000000	2	153	0.913	0.206
4788.000000	2	153	0.915	0.204
4794.000000	2	153	0.916	0.202
4800.000000	2	153	0.917	0.200
4806.000000	2	153	0.919	0.195
4812.000000	2	153	0.922	0.194
4818.000000	2	95	0.921	0.192
4824.000000	2	95	0.920	0.212
4830.000000	2	95	0.918	0.228
4836.000000	2	95	0.918	0.239
4842.000000	2	95	0.917	0.249
4848.000000	2	95	0.915	0.261
4854.000000	2	95	0.914	0.278
4860.000000	2	95	0.912	0.293
4866.000000	2	95	0.911	0.309
4872.000000	2	95	0.909	0.331
4878.000000	2	95	0.907	0.346
4884.000000	2	95	0.904	0.362
4890.000000	2	95	0.901	0.387
4896.000000	2	95	0.898	0.408
4902.000000	2	95	0.893	0.433
4908.000000	2	95	0.881	0.461
4914.000000	2	95	0.866	0.480
4920.000000	2	29	0.855	0.493
4926.000000	2	29	0.850	0.509
4932.000000	2	29	0.836	0.527
4938.000000	2	29	0.817	0.542
4944.000000	2	95	0.802	0.558
4950.000000	2	95	0.779	0.582
4956.000000	2	95	0.754	0.596
4962.000000	2	95	0.714	0.609
4968.000000	2	95	0.653	0.633
4974.000000	95	29	0.658	0.623
4980.000000	95	29	0.698	0.670
4986.000000	95	29	0.732	0.716
4992.000000	29	95	0.759	0.754
4998.000000	29	95	0.784	0.770
5004.000000	29	95	0.802	0.775
5010.000000	29	95	0.818	0.781
5016.000000	29	95	0.824	0.787
5022.000000	29	95	0.827	0.785
5028.000000	29	95	0.827	0.787
5034.000000	29	95	0.828	0.788
5040.000000	29	95	0.824	0.793
5046.000000	29	95	0.818	0.796
5052.000000	29	95	0.815	0.797
5058.000000	29	95	0.816	0.794
5064.000000	29	95	0.815	0.792
5070.000000	29	95	0.813	0.790
5076.000000	29	95	0.812	0.788
5082.000000	29	95	0.809	0.788
5088.000000	29	95	0.808	0.789
5094.000000	29	95	0.805	0.790
5100.000000	29	95	0.804	0.787
5106.000000	29	95	0.801	0.784
5112.000000	29	95	0.795	0.783
5118.000000	95	29	0.793	0.781
5124.000000	95	29	0.794	0.770
5130.000000	95	29	0.794	0.764
5136.000000	95	29	0.793	0.759
5142.000000	95	29	0.791	0.754
5148.000000	95	29	0.793	0.748
5154.000000	95	29	0.796	0.744
5160.000000	95	29	0.795	0.741
5166.000000	95	29	0.796	0.732
5172.000000	95	29	0.798	0.719
5178.000000	95	29	0.795	0.705
5184.000000	95	29	0.794	0.694
5190.000000	95	29	0.790	0.683
5196.000000	95	29	0.787	0.672
5202.000000	95	29	0.780	0.657
5208.000000	95	29	0.781	0.634
5214.000000	95	29	0.781	0.608
5220.000000	95	29	0.784	0.567
5226.000000	95	29	0.783	0.524
5232.000000	95	29	0.779	0.472
5238.000000	95	29	0.774	0.419
5244.000000	95	57	0.783	0.402
5250.000000	95	57	0.791	0.433
5256.000000	95	57	0.791	0.455
5262.000000	95	57	0.789	0.465
5268.000000	95	57	0.784	0.478
5274.000000	95	57	0.776	0.487
5280.000000	95	57	0.769	0.495
5286.000000	95	39	0.763	0.524
5292.000000	95	39	0.750	0.570
5298.000000	95	39	0.733	0.601
5304.000000	95	39	0.709	0.622
5310.000000	95	39	0.675	0.638
5316.000000	39	95	0.656	0.629
5322.000000	39	57	0.676	0.611
5328.000000	39	57	0.700	0.629
5334.000000	39	57	0.733	0.642
5340.000000	39	57	0.751	0.667
5346.000000	39	57	0.759	0.691
5352.000000	39	57	0.763	0.702
5358.000000	39	57	0.774	0.713
5364.000000	39	57	0.782	0.715
5370.000000	39	57	0.793	0.713
5376.000000	39	57	0.798	0.709
5382.000000	39	57	0.797	0.711
5388.000000	39	57	0.798	0.707
5394.000000	39	57	0.798	0.707
5400.000000	39	57	0.798	0.704
5406.000000	39	57	0.799	0.698
5412.000000	39	57	0.803	0.688
5418.000000	39	57	0.803	0.686
5424.000000	39	57	0.802	0.685
5430.000000	39	57	0.803	0.683
5436.000000	39	57	0.803	0.679
5442.000000	39	57	0.807	0.676
5448.000000	39	57	0.809	0.675
5454.000000	39	57	0.809	0.674
5460.000000	39	57	0.808	0.672
5466.000000	39	57	0.806	0.673
5472.000000	39	57	0.802	0.684
5478.000000	39	57	0.798	0.688
5484.000000	39	57	0.795	0.689
5490.000000	39	57	0.794	0.688
5496.000000	39	57	0.792	0.684
5502.000000	39	57	0.787	0.682
5508.000000	39	57	0.781	0.679
5514.000000	39	57	0.773	0.679
5520.000000	39	57	0.768	0.676
5526.000000	39	57	0.767	0.672
5532.000000	39	57	0.765	0.667
5538.000000	39	57	0.762	0.663
5544.000000	39	57	0.757	0.660
5550.000000	39	57	0.753	0.652
5556.000000	39	57	0.752	0.642
5562.000000	39	57	0.749	0.629
5568.000000	39	57	0.748	0.613
5574.000000	39	57	0.742	0.601
5580.000000	39	57	0.741	0.582
5586.000000	39	57	0.741	0.552
5592.000000	39	57	0.740	0.513
5598.000000	39	57	0.748	0.468
5604.000000	39	57	0.756	0.408
5610.000000	39	57	0.763	0.328
5616.000000	39	57	0.773	0.229
5622.000000	39	151	0.788	0.165
5628.000000	39	151	0.797	0.173
5634.000000	39	151	0.800	0.189
5640.000000	39	151	0.803	0.202
5646.000000	39	151	0.804	0.222
5652.000000	39	151	0.811	0.238
5658.000000	39	151	0.815	0.250
5664.000000	39	151	0.816	0.265
5670.000000	39	151	0.814	0.284
5676.000000	39	151	0.815	0.296
5682.000000	39	151	0.812	0.311
5688.000000	39	151	0.813	0.333
5694.000000	39	151	0.815	0.350
5700.000000	39	151	0.815	0.371
5706.000000	39	151	0.814	0.383
5712.000000	39	151	0.808	0.395
5718.000000	39	151	0.798	0.407
5724.000000	39	151	0.790	0.420
5730.000000	39	151	0.778	0.434
5736.000000	39	151	0.753	0.448
5742.000000	39	151	0.735	0.464
5748.000000	39	151	0.715	0.482
5754.000000	39	139	0.686	0.511
5760.000000	39	139	0.651	0.541
5766.000000	39	139	0.604	0.571
5772.000000	139	151	0.610	0.565
5778.000000	139	151	0.643	0.579
5784.000000	139	151	0.668	0.598
5790.000000	139	151	0.688	0.625
5796.000000	139	151	0.712	0.659
5802.000000	139	151	0.733	0.690
5808.000000	139	151	0.746	0.721
5814.000000	139	151	0.760	0.742
5820.000000	139	151	0.771	0.755
5826.000000	139	151	0.777	0.755
5832.000000	139	151	0.784	0.755
5838.000000	139	151	0.793	0.754
5844.000000	139	151	0.800	0.751
5850.000000	139	151	0.800	0.751
5856.000000	139	151	0.800	0.753
5862.000000	139	151	0.800	0.753
5868.000000	139	151	0.804	0.755
5874.000000	139	151	0.809	0.757
5880.000000	139	151	0.807	0.761
5886.000000	139	151	0.808	0.762
5892.000000	139	151	0.807	0.764
5898.000000	139	151	0.807	0.767
5904.000000	139	151	0.811	0.771
5910.000000	139	151	0.812	0.778
5916.000000	139	151	0.811	0.781
5922.000000	139	151	0.810	0.780
5928.000000	139	151	0.810	0.779
5934.000000	139	151	0.809	0.778
5940.000000	139	151	0.806	0.776
5946.000000	139	151	0.803	0.772
5952.000000	139	151	0.798	0.772
5958.000000	139	151	0.791	0.775
5964.000000	139	151	0.784	0.779
5970.000000	139	151	0.780	0.780
5976.000000	151	139	0.782	0.777
5982.000000	151	139	0.784	0.775
5988.000000	151	139	0.779	0.777
5994.000000	139	151	0.776	0.776
6000.000000	139	151	0.776	0.772
6006.000000	139	151	0.774	0.772
6012.000000	151	139	0.773	0.767
6018.000000	151	139	0.772	0.761
6024.000000	151	139	0.768	0.758
6030.000000	151	139	0.763	0.754
6036.000000	151	139	0.761	0.749
6042.000000	151	139	0.761	0.741
6048.000000	151	139	0.754	0.737
6054.000000	151	139	0.752	0.726
6060.000000	151	139	0.742	0.721
6066.000000	151	139	0.733	0.709
6072.000000	151	139	0.723	0.697
6078.000000	151	139	0.714	0.687
6084.000000	151	139	0.703	0.674
6090.000000	151	139	0.688	0.659
6096.000000	151	139	0.668	0.635
6102.000000	151	139	0.647	0.604
6108.000000	151	139	0.631	0.566
6114.000000	151	139	0.609	0.514
6120.000000	151	139	0.584	0.447
6126.000000	151	139	0.538	0.349
6132.000000	151	113	0.485	0.347
6138.000000	151	113	0.423	0.405
6144.000000	113	49	0.467	0.371
6150.000000	113	49	0.531	0.416
6156.000000	113	49	0.612	0.455
6162.000000	113	49	0.671	0.479
6168.000000	113	49	0.709	0.501
6174.000000	113	49	0.731	0.523
6180.000000	113	49	0.743	0.540
6186.000000	113	49	0.758	0.557
6192.000000	113	49	0.765	0.564
6198.000000	113	49	0.766	0.569
6204.000000	113	49	0.764	0.570
6210.000000	113	49	0.769	0.569
6216.000000	113	49	0.776	0.573
6222.000000	113	49	0.778	0.579
6228.000000	113	49	0.782	0.576
6234.000000	113	49	0.783	0.572
6240.000000	113	49	0.782	0.568
6246.000000	113	49	0.783	0.564
6252.000000	113	49	0.783	0.562
6258.000000	113	49	0.785	0.563
6264.000000	113	49	0.787	0.560
6270.000000	113	49	0.791	0.557
6276.000000	113	49	0.793	0.557
6282.000000	113	49	0.793	0.558
6288.000000	113	49	0.794	0.562
6294.000000	113	49	0.790	0.562
6300.000000	113	49	0.796	0.556
6306.000000	113	49	0.797	0.555
6312.000000	113	49	0.799	0.549
6318.000000	113	49	0.802	0.541
6324.000000	113	49	0.810	0.532
6330.000000	113	49	0.814	0.525
6336.000000	113	49	0.820	0.516
6342.000000	113	49	0.832	0.497
6348.000000	113	49	0.834	0.481
6354.000000	113	49	0.837	0.456
6360.000000	113	49	0.844	0.436
6366.000000	113	49	0.854	0.408
6372.000000	113	49	0.859	0.379
6378.000000	113	49	0.862	0.344
6384.000000	113	49	0.864	0.305
6390.000000	113	190	0.868	0.285
6396.000000	113	190	0.869	0.295
6402.000000	113	190	0.873	0.296
6408.000000	113	190	0.877	0.299
6414.000000	113	190	0.874	0.300
6420.000000	113	190	0.876	0.299
6426.000000	113	190	0.877	0.302
6432.000000	113	190	0.877	0.303
6438.000000	113	190	0.877	0.303
6444.000000	113	190	0.873	0.305
6450.000000	113	190	0.866	0.304
6456.000000	113	190	0.860	0.302
6462.000000	113	190	0.855	0.304
6468.000000	113	190	0.851	0.301
6474.000000	113	190	0.846	0.294
6480.000000	113	190	0.836	0.300
6486.000000	113	190	0.828	0.307
6492.000000	113	190	0.820	0.310
6498.000000	113	190	0.815	0.308
6504.000000	113	190	0.808	0.308
6510.000000	113	190	0.802	0.307
6516.000000	113	90	0.797	0.309
6522.000000	113	90	0.794	0.314
6528.000000	113	90	0.791	0.316
6534.000000	113	90	0.787	0.323
6540.000000	113	90	0.784	0.327
6546.000000	113	90	0.778	0.331
6552.000000	113	90	0.769	0.338
6558.000000	113	90	0.755	0.344
6564.000000	113	90	0.744	0.349
6570.000000	113	90	0.734	0.363
6576.000000	113	90	0.723	0.388
6582.000000	113	90	0.706	0.406
6588.000000	113	90	0.676	0.439
6594.000000	113	90	0.646	0.473
6600.000000	113	90	0.612	0.502
6606.000000	113	90	0.568	0.535
6612.000000	90	113	0.567	0.496
6618.000000	90	113	0.616	0.390
6624.000000	90	113	0.674	0.256
6630.000000	90	80	0.722	0.207
6636.000000	90	80	0.775	0.218
6642.000000	90	80	0.809	0.227
6648.000000	90	80	0.835	0.224
6654.000000	90	80	0.850	0.223
6660.000000	90	80	0.864	0.219
6666.000000	90	165	0.880	0.217
6672.000000	90	165	0.880	0.227
6678.000000	90	165	0.881	0.234
6684.000000	90	165	0.887	0.237
6690.000000	90	165	0.891	0.244
6696.000000	90	165	0.896	0.244
6702.000000	90	165	0.895	0.246
6708.000000	90	165	0.895	0.240
6714.000000	90	165	0.900	0.234
6720.000000	90	165	0.902	0.234
6726.000000	90	165	0.904	0.239
6732.000000	90	165	0.904	0.237
6738.000000	90	165	0.904	0.237
6744.000000	90	165	0.905	0.241
6750.000000	90	165	0.905	0.241
6756.000000	90	165	0.906	0.235
6762.000000	90	165	0.912	0.223
6768.000000	90	165	0.913	0.221
6774.000000	90	165	0.914	0.223
6780.000000	90	165	0.915	0.228
6786.000000	90	165	0.917	0.232
6792.000000	90	165	0.920	0.225
6798.000000	90	165	0.921	0.213
6804.000000	90	165	0.922	0.203
6810.000000	90	165	0.923	0.189
6816.000000	90	165	0.923	0.182
6822.000000	90	165	0.923	0.176
6828.000000	90	165	0.923	0.170
6834.000000	90	105	0.923	0.166
6840.000000	90	105	0.922	0.172
6846.000000	90	105	0.924	0.176
6852.000000	90	105	0.920	0.188
6858.000000	90	105	0.918	0.194
6864.000000	90	105	0.918	0.197
6870.000000	90	105	0.919	0.201
6876.000000	90	105	0.919	0.208
6882.000000	90	105	0.920	0.215
6888.000000	90	105	0.919	0.219
6894.000000	90	105	0.917	0.225
6900.000000	90	105	0.915	0.235
6906.000000	90	105	0.914	0.242
6912.000000	90	105	0.911	0.252
6918.000000	90	105	0.908	0.262
6924.000000	90	105	0.904	0.270
6930.000000	90	105	0.900	0.280
6936.000000	90	105	0.894	0.290
6942.000000	90	105	0.888	0.297
6948.000000	90	105	0.879	0.296
6954.000000	90	105	0.870	0.302
6960.000000	90	105	0.864	0.310
6966.000000	90	105	0.857	0.320
6972.000000	90	105	0.848	0.333
6978.000000	90	105	0.834	0.349
6984.000000	90	105	0.814	0.368
6990.000000	90	105	0.791	0.396
6996.000000	90	105	0.765	0.423
7002.000000	90	105	0.749	0.441
7008.000000	90	105	0.726	0.460
7014.000000	90	105	0.694	0.476
7020.000000	90	105	0.647	0.499
7026.000000	90	105	0.579	0.525
7032.000000	105	90	0.546	0.489
7038.000000	105	90	0.572	0.370
7044.000000	105	166	0.612	0.335
7050.000000	105	166	0.652	0.354
7056.000000	105	196	0.676	0.373
7062.000000	105	196	0.700	0.383
7068.000000	105	196	0.721	0.393
7074.000000	105	196	0.735	0.403
7080.000000	105	196	0.738	0.416
7086.000000	105	196	0.742	0.426
7092.000000	105	196	0.742	0.444
7098.000000	105	196	0.745	0.450
7104.000000	105	196	0.743	0.455
7110.000000	105	196	0.743	0.463
7116.000000	105	196	0.746	0.468
7122.000000	105	196	0.752	0.464
7128.000000	105	196	0.756	0.462
7134.000000	105	196	0.760	0.457
7140.000000	105	196	0.769	0.456
7146.000000	105	196	0.778	0.460
7152.000000	105	196	0.791	0.462
7158.000000	105	196	0.802	0.466
7164.000000	105	196	0.807	0.466
7170.000000	105	196	0.813	0.465
7176.000000	105	196	0.819	0.467
7182.000000	105	196	0.821	0.474
7188.000000	105	196	0.819	0.482
7194.000000	105	196	0.818	0.490
7200.000000	105	196	0.817	0.502
7206.000000	105	196	0.819	0.514
7212.000000	105	196	0.824	0.515
7218.000000	105	196	0.831	0.518
7224.000000	105	196	0.839	0.522
7230.000000	105	196	0.850	0.530
7236.000000	105	196	0.862	0.543
7242.000000	105	196	0.869	0.550
7248.000000	105	196	0.871	0.553
7254.000000	105	196	0.874	0.555
7260.000000	105	196	0.878	0.548
7266.000000	105	196	0.877	0.547
7272.000000	105	196	0.876	0.553
7278.000000	105	196	0.873	0.554
7284.000000	105	196	0.867	0.563
7290.000000	105	196	0.862	0.566
7296.000000	105	196	0.859	0.564
7302.000000	105	196	0.853	0.561
7308.000000	105	196	0.853	0.552
7314.000000	105	196	0.846	0.548
7320.000000	105	196	0.844	0.545
7326.000000	105	196	0.845	0.536
7332.000000	105	196	0.847	0.524
7338.000000	105	196	0.843	0.511
7344.000000	105	196	0.839	0.499
7350.000000	105	196	0.832	0.480
7356.000000	105	196	0.826	0.459
7362.000000	105	196	0.816	0.442
7368.000000	105	196	0.805	0.414
7374.000000	105	196	0.792	0.381
7380.000000	105	196	0.777	0.353
7386.000000	105	167	0.763	0.354
7392.000000	105	167	0.746	0.376
7398.000000	105	167	0.726	0.395
7404.000000	105	167	0.707	0.412
7410.000000	105	167	0.687	0.440
7416.000000	105	167	0.657	0.475
7422.000000	105	167	0.613	0.516
7428.000000	105	167	0.558	0.546
7434.000000	167	105	0.579	0.471
7440.000000	167	72	0.631	0.370
7446.000000	167	72	0.685	0.392
7452.000000	167	72	0.737	0.414
7458.000000	167	72	0.781	0.433
7464.000000	167	72	0.815	0.451
7470.000000	167	72	0.826	0.460
7476.000000	167	72	0.826	0.464
7482.000000	167	72	0.830	0.464
7488.000000	167	72	0.842	0.456
7494.000000	167	72	0.852	0.455
7500.000000	167	72	0.855	0.457
7506.000000	167	72	0.854	0.460
7512.000000	167	72	0.864	0.463
7518.000000	167	72	0.872	0.471
7524.000000	167	72	0.872	0.470
7530.000000	167	72	0.874	0.471
7536.000000	167	72	0.878	0.474
7542.000000	167	72	0.877	0.476
7548.000000	167	72	0.879	0.469
7554.000000	167	72	0.878	0.460
7560.000000	167	72	0.881	0.455
7566.000000	167	72	0.886	0.455
7572.000000	167	72	0.887	0.452
7578.000000	167	72	0.888	0.449
7584.000000	167	72	0.890	0.447
7590.000000	167	72	0.892	0.438
7596.000000	167	72	0.896	0.434
7602.000000	167	72	0.896	0.439
7608.000000	167	72	0.895	0.439
7614.000000	167	72	0.893	0.437
7620.000000	167	72	0.895	0.436
7626.000000	167	72	0.895	0.433
7632.000000	167	72	0.894	0.425
7638.000000	167	72	0.893	0.418
7644.000000	167	72	0.893	0.410
7650.000000	167	72	0.894	0.401
7656.000000	167	72	0.892	0.389
7662.000000	167	72	0.892	0.371
7668.000000	167	72	0.894	0.346
7674.000000	167	72	0.900	0.321
7680.000000	167	72	0.904	0.284
7686.000000	167	72	0.908	0.250
7692.000000	167	72	0.910	0.209
7698.000000	167	187	0.911	0.177
7704.000000	167	187	0.911	0.172
7710.000000	167	187	0.911	0.167
7716.000000	167	187	0.913	0.166
7722.000000	167	187	0.916	0.168
7728.000000	167	187	0.919	0.166
7734.000000	167	187	0.916	0.159
7740.000000	167	187	0.913	0.158
7746.000000	167	187	0.910	0.159
7752.000000	167	187	0.905	0.161
7758.000000	167	187	0.904	0.163
7764.000000	167	187	0.903	0.163
7770.000000	167	64	0.903	0.165
7776.000000	167	64	0.902	0.170
7782.000000	167	64	0.899	0.174
7788.000000	167	64	0.892	0.179
7794.000000	167	64	0.886	0.187
7800.000000	167	64	0.879	0.194
7806.000000	167	64	0.869	0.199
7812.000000	167	64	0.859	0.203
7818.000000	167	64	0.847	0.208
7824.000000	167	64	0.836	0.215
7830.000000	167	64	0.826	0.224
7836.000000	167	64	0.812	0.234
7842.000000	167	64	0.790	0.240
7848.000000	167	64	0.766	0.247
7854.000000	167	74	0.745	0.257
7860.000000	167	74	0.719	0.276
7866.000000	167	74	0.684	0.294
7872.000000	167	74	0.631	0.309
7878.000000	167	74	0.559	0.324
7884.000000	167	74	0.458	0.333
7890.000000	30	74	0.372	0.352
7896.000000	30	74	0.413	0.386
7902.000000	30	74	0.449	0.415
7908.000000	30	74	0.486	0.439
7914.000000	30	74	0.512	0.455
7920.000000	30	74	0.536	0.470
7926.000000	30	74	0.556	0.479
7932.000000	30	74	0.581	0.483
7938.000000	30	74	0.602	0.490
7944.000000	30	74	0.617	0.492
7950.000000	30	74	0.625	0.495
7956.000000	30	74	0.637	0.499
7962.000000	30	74	0.641	0.502
7968.000000	30	74	0.647	0.506
7974.000000	30	74	0.655	0.510
7980.000000	30	74	0.659	0.511
7986.000000	30	74	0.666	0.510
7992.000000	30	74	0.673	0.511
7998.000000	30	74	0.676	0.515
8004.000000	30	74	0.677	0.516
8010.000000	30	74	0.680	0.519
8016.000000	30	74	0.680	0.522
8022.000000	30	74	0.681	0.523
8028.000000	30	74	0.683	0.524
8034.000000	30	74	0.685	0.521
8040.000000	30	74	0.688	0.511
8046.000000	30	74	0.693	0.498
8052.000000	30	68	0.692	0.490
8058.000000	30	68	0.703	0.482
8064.000000	30	68	0.716	0.480
8070.000000	30	68	0.719	0.481
8076.000000	30	68	0.730	0.483
8082.000000	30	68	0.741	0.484
8088.000000	30	68	0.755	0.478
8094.000000	30	68	0.776	0.473
8100.000000	30	68	0.792	0.474
8106.000000	30	68	0.805	0.472
8112.000000	30	68	0.825	0.472
8118.000000	30	68	0.841	0.475
8124.000000	30	68	0.850	0.475
8130.000000	30	68	0.858	0.472
8136.000000	30	68	0.862	0.468
8142.000000	30	68	0.864	0.465
8148.000000	30	68	0.868	0.456
8154.000000	30	68	0.872	0.453
8160.000000	30	68	0.878	0.443
8166.000000	30	68	0.879	0.429
8172.000000	30	68	0.880	0.414
8178.000000	30	68	0.887	0.392
8184.000000	30	68	0.892	0.363
8190.000000	30	68	0.896	0.323
8196.000000	30	68	0.897	0.283
8202.000000	30	28	0.898	0.261
8208.000000	30	28	0.904	0.269
8214.000000	30	28	0.905	0.273
8220.000000	30	28	0.904	0.270
8226.000000	30	28	0.903	0.273
8232.000000	30	28	0.902	0.279
8238.000000	30	28	0.898	0.283
8244.000000	30	28	0.894	0.285
8250.000000	30	28	0.891	0.285
8256.000000	30	28	0.888	0.284
8262.000000	30	28	0.883	0.286
8268.000000	30	163	0.880	0.298
8274.000000	30	163	0.874	0.312
8280.000000	30	163	0.866	0.323
8286.000000	30	101	0.859	0.337
8292.000000	30	101	0.852	0.349
8298.000000	30	101	0.840	0.376
8304.000000	30	101	0.829	0.400
8310.000000	30	101	0.809	0.423
8316.000000	30	101	0.796	0.435
8322.000000	30	163	0.778	0.461
8328.000000	30	163	0.758	0.487
8334.000000	30	163	0.732	0.513
8340.000000	30	163	0.696	0.543
8346.000000	30	163	0.652	0.573
8352.000000	163	30	0.601	0.586
8358.000000	163	101	0.628	0.546
8364.000000	163	101	0.650	0.583
8370.000000	163	101	0.685	0.630
8376.000000	163	101	0.716	0.676
8382.000000	163	101	0.739	0.724
8388.000000	101	163	0.751	0.750
8394.000000	101	163	0.772	0.755
8400.000000	101	163	0.786	0.753
8406.000000	101	163	0.791	0.751
8412.000000	101	163	0.796	0.747
8418.000000	101	163	0.801	0.748
8424.000000	101	163	0.809	0.745
8430.000000	101	163	0.814	0.743
8436.000000	101	163	0.823	0.737
8442.000000	101	163	0.824	0.737
8448.000000	101	163	0.822	0.739
8454.000000	101	163	0.823	0.736
8460.000000	101	163	0.826	0.736
8466.000000	101	163	0.826	0.737
8472.000000	101	163	0.826	0.737
8478.000000	101	163	0.830	0.726
8484.000000	101	163	0.836	0.718
8490.000000	101	163	0.837	0.715
8496.000000	101	163	0.837	0.711
8502.000000	101	163	0.837	0.704
8508.000000	101	163	0.836	0.700
8514.000000	101	163	0.834	0.701
8520.000000	101	163	0.837	0.696
8526.000000	101	163	0.837	0.690
8532.000000	101	163	0.837	0.684
8538.000000	101	163	0.838	0.680
8544.000000	101	163	0.841	0.672
8550.000000	101	163	0.843	0.658
8556.000000	101	163	0.849	0.640
8562.000000	101	163	0.853	0.620
8568.000000	101	163	0.857	0.600
8574.000000	101	163	0.857	0.575
8580.000000	101	163	0.862	0.542
8586.000000	101	163	0.869	0.492
8592.000000	101	163	0.882	0.423
8598.000000	101	163	0.902	0.342
8604.000000	101	163	0.912	0.251
8610.000000	101	163	0.927	0.152
8616.000000	101	2	0.942	0.135
8622.000000	101	2	0.951	0.131
8628.000000	101	2	0.953	0.129
8634.000000	101	2	0.954	0.133
8640.000000	101	2	0.954	0.135
8646.000000	101	2	0.955	0.136
8652.000000	101	2	0.957	0.142
8658.000000	101	2	0.960	0.148
8664.000000	101	2	0.960	0.156
8670.000000	101	2	0.959	0.161
8676.000000	101	2	0.958	0.165
8682.000000	101	2	0.956	0.172
8688.000000	101	2	0.955	0.182
8694.000000	101	2	0.954	0.190
8700.000000	101	2	0.953	0.199
8706.000000	101	2	0.951	0.203
8712.000000	101	2	0.949	0.210
8718.000000	101	2	0.946	0.225
8724.000000	101	2	0.944	0.236
8730.000000	101	2	0.942	0.247
8736.000000	101	2	0.941	0.255
8742.000000	101	2	0.936	0.267
8748.000000	101	2	0.932	0.279
8754.000000	101	2	0.927	0.289
8760.000000	101	2	0.918	0.303
8766.000000	101	2	0.910	0.312
8772.000000	101	2	0.902	0.320
8778.000000	101	2	0.893	0.336
8784.000000	101	2	0.886	0.354
8790.000000	101	2	0.875	0.370
8796.000000	101	2	0.863	0.383
8802.000000	101	2	0.855	0.395
8808.000000	101	2	0.845	0.420
8814.000000	101	2	0.837	0.439
8820.000000	101	2	0.827	0.457
8826.000000	101	2	0.811	0.482
8832.000000	101	2	0.789	0.508
8838.000000	101	2	0.766	0.533
8844.000000	101	2	0.729	0.562
8850.000000	101	2	0.678	0.592
8856.000000	2	101	0.623	0.614
8862.000000	2	101	0.679	0.508
8868.000000	2	101	0.724	0.392
8874.000000	2	101	0.789	0.215
8880.000000	2	164	0.840	0.205
8886.000000	2	164	0.865	0.218
8892.000000	2	164	0.873	0.229
8898.000000	2	164	0.881	0.242
8904.000000	2	164	0.893	0.256
8910.000000	2	164	0.898	0.268
8916.000000	2	164	0.900	0.273
8922.000000	2	164	0.903	0.279
8928.000000	2	164	0.906	0.282
8934.000000	2	164	0.911	0.283
8940.000000	2	164	0.911	0.289
8946.000000	2	164	0.916	0.296
8952.000000	2	164	0.916	0.299
8958.000000	2	164	0.915	0.300
8964.000000	2	164	0.914	0.301
8970.000000	2	164	0.915	0.303
8976.000000	2	164	0.914	0.303
8982.000000	2	164	0.912	0.302
8988.000000	2	164	0.911	0.303
8994.000000	2	164	0.910	0.302
9000.000000	2	164	0.908	0.298
9006.000000	2	164	0.907	0.289
9012.000000	2	164	0.908	0.285
9018.000000	2	164	0.911	0.276
9024.000000	2	164	0.911	0.270
9030.000000	2	164	0.911	0.266
9036.000000	2	164	0.913	0.265
9042.000000	2	164	0.915	0.258
9048.000000	2	164	0.915	0.244
9054.000000	2	164	0.917	0.220
9060.000000	2	164	0.917	0.197
9066.000000	2	59	0.917	0.185
9072.000000	2	59	0.918	0.188
9078.000000	2	59	0.919	0.193
9084.000000	2	59	0.921	0.189
9090.000000	2	59	0.924	0.181
9096.000000	2	59	0.927	0.176
9102.000000	2	59	0.929	0.176
9108.000000	2	59	0.928	0.177
9114.000000	2	59	0.928	0.178
9120.000000	2	59	0.929	0.174
9126.000000	2	59	0.929	0.169
9132.000000	2	59	0.929	0.168
9138.000000	2	59	0.929	0.171
9144.000000	2	59	0.929	0.171
9150.000000	2	59	0.930	0.166
9156.000000	2	59	0.930	0.159
9162.000000	2	59	0.930	0.155
9168.000000	2	59	0.929	0.153
9174.000000	2	59	0.929	0.150
9180.000000	2	102	0.930	0.155
9186.000000	2	102	0.928	0.161
9192.000000	2	102	0.927	0.164
9198.000000	2	102	0.929	0.169
9204.000000	2	102	0.926	0.179
9210.000000	2	102	0.925	0.190
9216.000000	2	102	0.926	0.196
9222.000000	2	102	0.925	0.200
9228.000000	2	102	0.923	0.199
9234.000000	2	102	0.920	0.203
9240.000000	2	183	0.916	0.214
9246.000000	2	183	0.911	0.232
9252.000000	2	183	0.905	0.256
9258.000000	2	183	0.897	0.289
9264.000000	2	183	0.882	0.334
9270.000000	2	183	0.865	0.367
9276.000000	2	183	0.850	0.411
9282.000000	2	183	0.832	0.453
9288.000000	2	183	0.810	0.496
9294.000000	2	183	0.773	0.552
9300.000000	2	183	0.722	0.609
9306.000000	183	2	0.667	0.667
9312.000000	183	2	0.717	0.573
9318.000000	183	2	0.787	0.420
9324.000000	183	102	0.841	0.342
9330.000000	183	102	0.880	0.367
9336.000000	183	102	0.904	0.399
9342.000000	183	102	0.915	0.446
9348.000000	183	102	0.923	0.483
9354.000000	183	102	0.924	0.500
9360.000000	183	102	0.922	0.513
9366.000000	183	102	0.920	0.525
9372.000000	183	102	0.918	0.531
9378.000000	183	102	0.916	0.536
9384.000000	183	102	0.913	0.540
9390.000000	183	102	0.914	0.544
9396.000000	183	102	0.914	0.551
9402.000000	183	102	0.913	0.559
9408.000000	183	102	0.912	0.564
9414.000000	183	102	0.912	0.568
9420.000000	183	102	0.911	0.574
9426.000000	183	102	0.910	0.576
9432.000000	183	102	0.909	0.582
9438.000000	183	102	0.907	0.587
9444.000000	183	102	0.906	0.593
9450.000000	183	102	0.903	0.600
9456.000000	183	102	0.902	0.604
9462.000000	183	102	0.902	0.601
9468.000000	183	102	0.902	0.601
9474.000000	183	102	0.903	0.600
9480.000000	183	102	0.905	0.599
9486.000000	183	102	0.905	0.600
9492.000000	183	102	0.903	0.602
9498.000000	183	102	0.902	0.600
9504.000000	183	102	0.902	0.596
9510.000000	183	102	0.902	0.592
9516.000000	183	102	0.903	0.591
9522.000000	183	102	0.902	0.595
9528.000000	183	102	0.901	0.605
9534.000000	183	102	0.901	0.608
9540.000000	183	102	0.900	0.611
9546.000000	183	102	0.903	0.607
9552.000000	183	102	0.907	0.605
9558.000000	183	102	0.907	0.606
9564.000000	183	102	0.907	0.605
9570.000000	183	102	0.906	0.608
9576.000000	183	102	0.904	0.609
9582.000000	183	102	0.899	0.605
9588.000000	183	102	0.897	0.595
9594.000000	183	102	0.895	0.590
9600.000000	183	102	0.895	0.580
9606.000000	183	102	0.896	0.561
9612.000000	183	102	0.898	0.540
9618.000000	183	102	0.899	0.522
9624.000000	183	102	0.898	0.491
9630.000000	183	102	0.896	0.439
9636.000000	183	102	0.898	0.366
9642.000000	183	102	0.900	0.280
9648.000000	183	102	0.902	0.195
9654.000000	183	102	0.903	0.139
9660.000000	183	102	0.903	0.091
9666.000000	183	75	0.903	0.074
9672.000000	183	75	0.902	0.073
9678.000000	183	75	0.903	0.078
9684.000000	183	75	0.904	0.084
9690.000000	183	75	0.906	0.087
9696.000000	183	75	0.906	0.088
9702.000000	183	75	0.907	0.088
9708.000000	183	75	0.907	0.085
9714.000000	183	75	0.909	0.085
9720.000000	183	185	0.911	0.086
9726.000000	183	185	0.910	0.087
9732.000000	183	185	0.908	0.089
9738.000000	183	124	0.905	0.092
9744.000000	183	124	0.901	0.099
9750.000000	183	124	0.897	0.107
9756.000000	183	124	0.894	0.112
9762.000000	183	124	0.891	0.118
9768.000000	183	124	0.888	0.124
9774.000000	183	124	0.882	0.131
9780.000000	183	124	0.875	0.135
9786.000000	183	124	0.868	0.145
9792.000000	183	124	0.861	0.160
9798.000000	183	124	0.858	0.172
9804.000000	183	124	0.853	0.181
9810.000000	183	124	0.844	0.192
9816.000000	183	124	0.832	0.206
9822.000000	183	124	0.816	0.215
9828.000000	183	124	0.792	0.228
9834.000000	183	124	0.762	0.243
9840.000000	183	124	0.722	0.268
9846.000000	183	124	0.673	0.294
9852.000000	183	124	0.623	0.325
9858.000000	183	124	0.558	0.358
9864.000000	183	124	0.463	0.389
9870.000000	124	183	0.437	0.310
9876.000000	124	87	0.493	0.214
9882.000000	124	87	0.550	0.231
9888.000000	124	87	0.591	0.254
9894.000000	124	87	0.617	0.275
9900.000000	124	87	0.642	0.297
9906.000000	124	87	0.653	0.314
9912.000000	124	87	0.666	0.333
9918.000000	124	87	0.674	0.356
9924.000000	124	87	0.681	0.381
9930.000000	124	87	0.682	0.402
9936.000000	124	87	0.686	0.416
9942.000000	124	87	0.693	0.430
9948.000000	124	87	0.696	0.439
9954.000000	124	87	0.697	0.454
9960.000000	124	87	0.701	0.467
9966.000000	124	87	0.709	0.475
9972.000000	124	87	0.710	0.482
9978.000000	124	87	0.713	0.486
9984.000000	124	87	0.717	0.489
9990.000000	124	87	0.724	0.496
9996.000000	124	87	0.730	0.509
10002.000000	124	87	0.729	0.527
10008.000000	124	87	0.732	0.541
10014.000000	124	87	0.739	0.550
10020.000000	124	87	0.745	0.557
10026.000000	124	87	0.750	0.560
10032.000000	124	87	0.751	0.571
10038.000000	124	87	0.755	0.582
10044.000000	124	87	0.759	0.600
10050.000000	124	87	0.758	0.616
10056.000000	124	87	0.759	0.629
10062.000000	124	87	0.768	0.641
10068.000000	124	87	0.776	0.647
10074.000000	124	87	0.783	0.656
10080.000000	124	87	0.784	0.679
10086.000000	124	87	0.788	0.694
10092.000000	124	87	0.790	0.704
10098.000000	124	87	0.792	0.715
10104.000000	124	87	0.797	0.727
10110.000000	124	87	0.801	0.737
10116.000000	124	87	0.802	0.741
10122.000000	124	87	0.806	0.744
10128.000000	124	87	0.802	0.760
10134.000000	124	87	0.801	0.773
10140.000000	124	87	0.799	0.775
10146.000000	124	87	0.804	0.778
10152.000000	124	87	0.806	0.782
10158.000000	124	87	0.807	0.786
10164.000000	124	87	0.806	0.790
10170.000000	124	87	0.806	0.796
10176.000000	124	87	0.807	0.802
10182.000000	124	87	0.808	0.805
10188.000000	87	124	0.813	0.807
10194.000000	87	124	0.814	0.801
10200.000000	87	124	0.823	0.790
10206.000000	87	124	0.831	0.784
10212.000000	87	124	0.838	0.774
10218.000000	87	124	0.849	0.762
10224.000000	87	124	0.852	0.751
10230.000000	87	124	0.854	0.736
10236.000000	87	124	0.854	0.724
10242.000000	87	124	0.856	0.709
10248.000000	87	124	0.866	0.691
10254.000000	87	124	0.869	0.679
10260.000000	87	124	0.871	0.662
10266.000000	87	124	0.879	0.622
10272.000000	87	124	0.886	0.573
10278.000000	87	124	0.895	0.507
10284.000000	87	124	0.909	0.433
10290.000000	87	124	0.919	0.321
10296.000000	87	124	0.937	0.172
10302.000000	87	40	0.942	0.087
10308.000000	87	40	0.948	0.083
10314.000000	87	21	0.952	0.079
10320.000000	87	21	0.950	0.082
10326.000000	87	21	0.948	0.084
10332.000000	87	21	0.949	0.085
10338.000000	87	21	0.950	0.086
10344.000000	87	21	0.949	0.091
10350.000000	87	21	0.949	0.093
10356.000000	87	21	0.948	0.092
10362.000000	87	126	0.948	0.092
10368.000000	87	126	0.948	0.096
10374.000000	87	126	0.946	0.099
10380.000000	87	126	0.945	0.099
10386.000000	87	126	0.944	0.099
10392.000000	87	126	0.942	0.101
10398.000000	87	126	0.940	0.099
10404.000000	87	126	0.938	0.101
10410.000000	87	104	0.934	0.106
10416.000000	87	104	0.931	0.113
10422.000000	87	104	0.929	0.121
10428.000000	87	104	0.928	0.126
10434.000000	87	104	0.927	0.129
10440.000000	87	104	0.928	0.134
10446.000000	87	104	0.925	0.146
10452.000000	87	104	0.921	0.161
10458.000000	87	104	0.916	0.177
10464.000000	87	104	0.911	0.191
10470.000000	87	104	0.906	0.203
10476.000000	87	104	0.899	0.216
10482.000000	87	104	0.888	0.231
10488.000000	87	104	0.876	0.241
10494.000000	87	104	0.863	0.260
10500.000000	87	104	0.852	0.278
10506.000000	87	104	0.840	0.298
10512.000000	87	104	0.826	0.318
10518.000000	87	104	0.807	0.339
10524.000000	87	104	0.775	0.366
10530.000000	87	104	0.731	0.397
10536.000000	87	104	0.674	0.426
10542.000000	87	104	0.604	0.457
10548.000000	87	104	0.521	0.496
10554.000000	104	87	0.528	0.394
10560.000000	104	5	0.578	0.316
10566.000000	104	5	0.636	0.323
10572.000000	104	5	0.671	0.325
10578.000000	104	5	0.695	0.345
10584.000000	104	5	0.712	0.354
10590.000000	104	5	0.722	0.359
10596.000000	104	5	0.730	0.370
10602.000000	104	5	0.738	0.383
10608.000000	104	5	0.745	0.396
10614.000000	104	5	0.757	0.401
10620.000000	104	5	0.759	0.411
10626.000000	104	5	0.764	0.422
10632.000000	104	5	0.770	0.427
10638.000000	104	5	0.776	0.431
10644.000000	104	5	0.789	0.437
10650.000000	104	5	0.795	0.447
10656.000000	104	5	0.802	0.455
10662.000000	104	5	0.805	0.458
10668.000000	104	5	0.807	0.456
10674.000000	104	5	0.806	0.455
10680.000000	104	5	0.813	0.455
10686.000000	104	5	0.817	0.453
10692.000000	104	5	0.820	0.443
10698.000000	104	5	0.825	0.434
10704.000000	104	5	0.826	0.432
10710.000000	104	5	0.824	0.433
10716.000000	104	5	0.828	0.435
10722.000000	104	5	0.831	0.439
10728.000000	104	5	0.835	0.437
10734.000000	104	5	0.839	0.432
10740.000000	104	5	0.844	0.425
10746.000000	104	5	0.856	0.407
10752.000000	104	5	0.867	0.396
10758.000000	104	160	0.870	0.400
10764.000000	104	160	0.873	0.408
10770.000000	104	160	0.879	0.414
10776.000000	104	160	0.880	0.418
10782.000000	104	160	0.882	0.424
10788.000000	104	160	0.885	0.423
10794.000000	104	160	0.888	0.427
10800.000000	104	160	0.894	0.435
10806.000000	104	160	0.899	0.441
10812.000000	104	160	0.901	0.447
10818.000000	104	160	0.901	0.452
10824.000000	104	160	0.903	0.448
10830.000000	104	160	0.904	0.441
10836.000000	104	160	0.908	0.440
10842.000000	104	160	0.910	0.437
10848.000000	104	160	0.908	0.424
10854.000000	104	160	0.909	0.413
10860.000000	104	160	0.906	0.403
10866.000000	104	160	0.904	0.389
10872.000000	104	160	0.902	0.373
10878.000000	104	160	0.902	0.361
10884.000000	104	160	0.902	0.345
10890.000000	104	160	0.901	0.325
10896.000000	104	160	0.901	0.298
10902.000000	104	160	0.900	0.268
10908.000000	104	160	0.900	0.241
10914.000000	104	160	0.903	0.216
10920.000000	104	160	0.904	0.192
10926.000000	104	160	0.905	0.166
10932.000000	104	160	0.906	0.144
10938.000000	104	4	0.907	0.127
10944.000000	104	4	0.909	0.129
10950.000000	104	4	0.908	0.137
10956.000000	104	4	0.906	0.146
10962.000000	104	4	0.905	0.152
10968.000000	104	4	0.902	0.157
10974.000000	104	4	0.898	0.163
10980.000000	104	4	0.893	0.172
10986.000000	104	4	0.890	0.182
10992.000000	104	4	0.887	0.191
10998.000000	104	4	0.885	0.203
11004.000000	104	4	0.884	0.213
11010.000000	104	4	0.882	0.219
11016.000000	104	4	0.878	0.227
11022.000000	104	4	0.874	0.243
11028.000000	104	4	0.868	0.261
11034.000000	104	4	0.861	0.285
11040.000000	104	4	0.855	0.318
11046.000000	104	4	0.848	0.353
11052.000000	104	4	0.834	0.392
11058.000000	104	4	0.817	0.438
11064.000000	104	4	0.800	0.488
11070.000000	104	4	0.773	0.539
11076.000000	104	4	0.740	0.590
11082.000000	104	4	0.703	0.634
11088.000000	4	104	0.696	0.642
11094.000000	4	104	0.773	0.548
11100.000000	4	104	0.849	0.397
11106.000000	4	104	0.901	0.220
11112.000000	4	100	0.939	0.215
11118.000000	4	100	0.945	0.229
11124.000000	4	100	0.948	0.246
11130.000000	4	100	0.950	0.271
11136.000000	4	100	0.947	0.304
11142.000000	4	100	0.947	0.331
11148.000000	4	100	0.949	0.348
11154.000000	4	100	0.951	0.361
11160.000000	4	100	0.950	0.381
11166.000000	4	100	0.948	0.412
11172.000000	4	100	0.946	0.435
11178.000000	4	100	0.944	0.458
11184.000000	4	100	0.942	0.483
11190.000000	4	100	0.939	0.506
11196.000000	4	100	0.937	0.517
11202.000000	4	100	0.933	0.525
11208.000000	4	100	0.931	0.532
11214.000000	4	100	0.931	0.538
11220.000000	4	100	0.930	0.545
11226.000000	4	100	0.929	0.548
11232.000000	4	100	0.928	0.551
11238.000000	4	100	0.928	0.557
11244.000000	4	100	0.927	0.561
11250.000000	4	100	0.927	0.566
11256.000000	4	100	0.926	0.570
11262.000000	4	100	0.924	0.574
11268.000000	4	100	0.921	0.582
11274.000000	4	100	0.918	0.590
11280.000000	4	100	0.917	0.599
11286.000000	4	100	0.915	0.604
11292.000000	4	100	0.913	0.611
11298.000000	4	100	0.910	0.621
11304.000000	4	100	0.912	0.625
11310.000000	4	100	0.908	0.638
11316.000000	4	100	0.904	0.650
11322.000000	4	100	0.899	0.664
11328.000000	4	100	0.898	0.672
11334.000000	4	100	0.896	0.677
11340.000000	4	100	0.895	0.685
11346.000000	4	100	0.891	0.691
11352.000000	4	100	0.885	0.706
11358.000000	4	100	0.879	0.721
11364.000000	4	100	0.877	0.726
11370.000000	4	100	0.876	0.728
11376.000000	4	100	0.875	0.730
11382.000000	4	100	0.873	0.734
11388.000000	4	100	0.867	0.742
11394.000000	4	100	0.856	0.751
11400.000000	4	100	0.846	0.758
11406.000000	4	100	0.836	0.760
11412.000000	4	100	0.820	0.767
11418.000000	4	100	0.809	0.771
11424.000000	4	100	0.790	0.784
11430.000000	100	4	0.792	0.771
11436.000000	100	4	0.807	0.742
11442.000000	100	4	0.818	0.716
11448.000000	100	4	0.835	0.669
11454.000000	100	4	0.853	0.604
11460.000000	100	4	0.875	0.509
11466.000000	100	4	0.902	0.369
11472.000000	100	4	0.941	0.185
11478.000000	100	128	0.953	0.160
11484.000000	100	128	0.957	0.150
11490.000000	100	128	0.957	0.150
11496.000000	100	128	0.955	0.151
11502.000000	100	128	0.954	0.147
11508.000000	100	128	0.953	0.143
11514.000000	100	128	0.952	0.137
11520.000000	100	128	0.952	0.132
11526.000000	100	128	0.951	0.123
11532.000000	100	128	0.951	0.109
11538.000000	100	128	0.950	0.100
11544.000000	100	89	0.950	0.102
11550.000000	100	89	0.949	0.109
11556.000000	100	89	0.948	0.113
11562.000000	100	89	0.948	0.114
11568.000000	100	89	0.947	0.114
11574.000000	100	89	0.947	0.112
11580.000000	100	89	0.947	0.110
11586.000000	100	89	0.948	0.105
11592.000000	100	89	0.948	0.104
11598.000000	100	89	0.949	0.104
11604.000000	100	89	0.951	0.103
11610.000000	100	89	0.950	0.105
11616.000000	100	89	0.950	0.109
11622.000000	100	122	0.949	0.113
11628.000000	100	122	0.948	0.120
11634.000000	100	122	0.948	0.128
11640.000000	100	122	0.948	0.132
11646.000000	100	122	0.946	0.137
11652.000000	100	122	0.943	0.144
11658.000000	100	122	0.941	0.150
11664.000000	100	122	0.939	0.156
11670.000000	100	122	0.936	0.162
11676.000000	100	122	0.933	0.168
11682.000000	100	122	0.930	0.176
11688.000000	100	122	0.927	0.189
11694.000000	100	122	0.925	0.208
11700.000000	100	122	0.920	0.223
11706.000000	100	122	0.915	0.238
11712.000000	100	122	0.907	0.259
11718.000000	100	122	0.898	0.285
11724.000000	100	122	0.887	0.315
11730.000000	100	122	0.877	0.355
11736.000000	100	122	0.869	0.394
11742.000000	100	122	0.862	0.431
11748.000000	100	122	0.854	0.469
11754.000000	100	122	0.841	0.504
11760.000000	100	122	0.822	0.549
11766.000000	100	122	0.800	0.593
11772.000000	100	122	0.764	0.632
11778.000000	100	122	0.711	0.672
11784.000000	122	100	0.711	0.631
11790.000000	122	100	0.759	0.503
11796.000000	122	100	0.801	0.358
11802.000000	122	86	0.837	0.247
11808.000000	122	86	0.864	0.240
11814.000000	122	86	0.881	0.243
11820.000000	122	86	0.895	0.253
11826.000000	122	86	0.900	0.268
11832.000000	122	86	0.904	0.277
11838.000000	122	86	0.909	0.279
11844.000000	122	86	0.907	0.283
11850.000000	122	86	0.907	0.285
11856.000000	122	86	0.909	0.291
11862.000000	122	86	0.907	0.294
11868.000000	122	86	0.905	0.295
11874.000000	122	86	0.907	0.293
11880.000000	122	86	0.907	0.289
11886.000000	122	86	0.905	0.282
11892.000000	122	86	0.903	0.282
11898.000000	122	86	0.903	0.282
11904.000000	122	86	0.902	0.284
11910.000000	122	86	0.901	0.286
11916.000000	122	86	0.901	0.283
11922.000000	122	86	0.901	0.277
11928.000000	122	86	0.900	0.275
11934.000000	122	86	0.900	0.271
11940.000000	122	86	0.900	0.266
11946.000000	122	86	0.900	0.260
11952.000000	122	86	0.900	0.254
11958.000000	122	86	0.900	0.247
11964.000000	122	86	0.900	0.239
11970.000000	122	187	0.900	0.233
11976.000000	122	187	0.903	0.238
11982.000000	122	187	0.902	0.247
11988.000000	122	187	0.899	0.258
11994.000000	122	187	0.899	0.266
12000.000000	122	187	0.898	0.268
12006.000000	122	187	0.895	0.277
12012.000000	122	187	0.894	0.290
12018.000000	122	187	0.892	0.300
12024.000000	122	187	0.889	0.305
12030.000000	122	187	0.887	0.307
12036.000000	122	187	0.888	0.309
12042.000000	122	187	0.885	0.314
12048.000000	122	187	0.882	0.322
12054.000000	122	187	0.881	0.334
12060.000000	122	187	0.882	0.345
12066.000000	122	187	0.882	0.351
12072.000000	122	187	0.881	0.360
12078.000000	122	187	0.881	0.363
12084.000000	122	187	0.877	0.365
12090.000000	122	187	0.869	0.365
12096.000000	122	187	0.860	0.368
12102.000000	122	187	0.853	0.372
12108.000000	122	187	0.848	0.373
12114.000000	122	187	0.843	0.367
12120.000000	122	187	0.835	0.364
12126.000000	122	73	0.821	0.373
12132.000000	122	73	0.809	0.392
12138.000000	122	73	0.797	0.406
12144.000000	122	73	0.770	0.428
12150.000000	122	73	0.739	0.444
12156.000000	122	73	0.713	0.457
12162.000000	122	73	0.688	0.476
12168.000000	122	73	0.654	0.498
12174.000000	122	73	0.602	0.525
12180.000000	73	122	0.564	0.523
12186.000000	73	187	0.608	0.496
12192.000000	73	187	0.667	0.533
12198.000000	73	187	0.714	0.566
12204.000000	73	187	0.737	0.597
12210.000000	73	187	0.763	0.633
12216.000000	73	187	0.781	0.663
12222.000000	73	187	0.791	0.682
12228.000000	73	187	0.799	0.694
12234.000000	73	187	0.809	0.700
12240.000000	73	187	0.820	0.699
12246.000000	73	187	0.824	0.701
12252.000000	73	187	0.828	0.701
12258.000000	73	187	0.835	0.703
12264.000000	73	187	0.839	0.704
12270.000000	73	187	0.844	0.705
12276.000000	73	187	0.846	0.710
12282.000000	73	187	0.850	0.713
12288.000000	73	187	0.851	0.715
12294.000000	73	187	0.854	0.718
12300.000000	73	187	0.853	0.726
12306.000000	73	187	0.861	0.725
12312.000000	73	187	0.860	0.722
12318.000000	73	187	0.862	0.720
12324.000000	73	187	0.862	0.719
12330.000000	73	187	0.863	0.717
12336.000000	73	187	0.868	0.714
12342.000000	73	187	0.868	0.714
12348.000000	73	187	0.871	0.710
12354.000000	73	187	0.875	0.705
12360.000000	73	187	0.880	0.698
12366.000000	73	187	0.881	0.697
12372.000000	73	187	0.882	0.695
12378.000000	73	187	0.886	0.690
12384.000000	73	187	0.890	0.683
12390.000000	73	187	0.892	0.675
12396.000000	73	187	0.895	0.665
12402.000000	73	187	0.900	0.652
12408.000000	73	187	0.900	0.640
12414.000000	73	187	0.901	0.623
12420.000000	73	187	0.906	0.594
12426.000000	73	187	0.907	0.562
12432.000000	73	187	0.913	0.519
12438.000000	73	187	0.918	0.466
12444.000000	73	187	0.924	0.396
12450.000000	73	71	0.929	0.361
12456.000000	73	71	0.934	0.398
12462.000000	73	71	0.936	0.457
12468.000000	73	71	0.940	0.515
12474.000000	73	71	0.942	0.583
12480.000000	73	71	0.938	0.640
12486.000000	73	71	0.932	0.674
12492.000000	73	71	0.915	0.704
12498.000000	73	71	0.901	0.727
12504.000000	73	71	0.888	0.756
12510.000000	73	71	0.876	0.778
12516.000000	73	71	0.863	0.786
12522.000000	73	71	0.848	0.799
12528.000000	73	71	0.835	0.807
12534.000000	73	71	0.820	0.814
12540.000000	71	73	0.826	0.797
12546.000000	71	73	0.837	0.773
12552.000000	71	73	0.851	0.730
12558.000000	71	73	0.867	0.676
12564.000000	71	73	0.878	0.617
12570.000000	71	73	0.896	0.529
12576.000000	71	73	0.915	0.406
12582.000000	71	73	0.931	0.249
12588.000000	71	73	0.948	0.095
12594.000000	71	155	0.960	0.087
12600.000000	71	155	0.962	0.089
12606.000000	71	155	0.962	0.088
12612.000000	71	126	0.962	0.092
12618.000000	71	126	0.959	0.103
12624.000000	71	126	0.955	0.111
12630.000000	71	126	0.952	0.118
12636.000000	71	126	0.950	0.121
12642.000000	71	126	0.947	0.124
12648.000000	71	126	0.944	0.132
12654.000000	71	126	0.940	0.142
12660.000000	71	126	0.937	0.151
12666.000000	71	126	0.935	0.156
12672.000000	71	126	0.931	0.167
12678.000000	71	126	0.927	0.178
12684.000000	71	126	0.922	0.186
12690.000000	71	126	0.918	0.199
12696.000000	71	126	0.915	0.218
12702.000000	71	126	0.913	0.226
12708.000000	71	126	0.911	0.231
12714.000000	71	126	0.908	0.240
12720.000000	71	126	0.905	0.250
12726.000000	71	126	0.901	0.262
12732.000000	71	126	0.898	0.275
12738.000000	71	126	0.896	0.289
12744.000000	71	126	0.891	0.306
12750.000000	71	126	0.888	0.322
12756.000000	71	126	0.884	0.342
12762.000000	71	126	0.878	0.361
12768.000000	71	126	0.874	0.383
12774.000000	71	126	0.869	0.407
12780.000000	71	126	0.864	0.437
12786.000000	71	126	0.862	0.459
12792.000000	71	126	0.859	0.476
12798.000000	71	126	0.854	0.509
12804.000000	71	126	0.851	0.540
12810.000000	71	126	0.847	0.566
12816.000000	71	126	0.840	0.593
12822.000000	71	126	0.834	0.621
12828.000000	71	126	0.824	0.648
12834.000000	71	126	0.810	0.677
12840.000000	71	126	0.783	0.715
12846.000000	71	126	0.752	0.749
12852.000000	126	71	0.781	0.717
12858.000000	126	71	0.815	0.674
12864.000000	126	71	0.847	0.628
12870.000000	126	71	0.871	0.569
12876.000000	126	71	0.898	0.489
12882.000000	126	71	0.915	0.371
12888.000000	126	71	0.939	0.206
12894.000000	126	164	0.959	0.194
12900.000000	126	164	0.965	0.193
12906.000000	126	164	0.966	0.196
12912.000000	126	164	0.971	0.194
12918.000000	126	164	0.972	0.198
12924.000000	126	164	0.970	0.207
12930.000000	126	164	0.969	0.217
12936.000000	126	164	0.967	0.227
12942.000000	126	164	0.965	0.237
12948.000000	126	164	0.962	0.247
12954.000000	126	164	0.961	0.255
12960.000000	126	164	0.960	0.263
12966.000000	126	164	0.959	0.269
12972.000000	126	164	0.957	0.274
12978.000000	126	164	0.956	0.278
12984.000000	126	164	0.954	0.282
12990.000000	126	164	0.951	0.285
12996.000000	126	164	0.951	0.293
13002.000000	126	164	0.950	0.303
13008.000000	126	164	0.949	0.313
13014.000000	126	164	0.947	0.323
13020.000000	126	164	0.943	0.333
13026.000000	126	164	0.941	0.345
13032.000000	126	164	0.939	0.362
13038.000000	126	164	0.937	0.375
13044.000000	126	164	0.935	0.387
13050.000000	126	164	0.931	0.395
13056.000000	126	164	0.927	0.407
13062.000000	126	164	0.920	0.420
13068.000000	126	164	0.915	0.428
13074.000000	126	164	0.909	0.439
13080.000000	126	164	0.904	0.452
13086.000000	126	164	0.896	0.466
13092.000000	126	164	0.887	0.479
13098.000000	126	164	0.879	0.489
13104.000000	126	164	0.870	0.500
13110.000000	126	164	0.856	0.513
13116.000000	126	164	0.840	0.525
13122.000000	126	164	0.827	0.538
13128.000000	126	164	0.811	0.558
13134.000000	126	164	0.782	0.572
13140.000000	126	164	0.749	0.582
13146.000000	126	164	0.713	0.606
13152.000000	126	164	0.667	0.626
13158.000000	164	126	0.647	0.613
13164.000000	164	126	0.681	0.530
13170.000000	164	126	0.717	0.414
13176.000000	164	79	0.757	0.271
13182.000000	164	79	0.798	0.287
13188.000000	164	79	0.828	0.297
13194.000000	164	79	0.846	0.297
13200.000000	164	79	0.859	0.292
13206.000000	164	79	0.870	0.292
13212.000000	164	79	0.875	0.298
13218.000000	164	79	0.880	0.297
13224.000000	164	79	0.882	0.292
13230.000000	164	79	0.886	0.291
13236.000000	164	79	0.891	0.285
13242.000000	164	79	0.891	0.279
13248.000000	164	79	0.887	0.276
13254.000000	164	79	0.884	0.270
13260.000000	164	79	0.882	0.264
13266.000000	164	79	0.885	0.258
13272.000000	164	79	0.888	0.253
13278.000000	164	79	0.885	0.243
13284.000000	164	79	0.883	0.236
13290.000000	164	79	0.881	0.226
13296.000000	164	79	0.880	0.216
13302.000000	164	193	0.880	0.226
13308.000000	164	193	0.880	0.235
13314.000000	164	193	0.881	0.238
13320.000000	164	193	0.883	0.242
13326.000000	164	193	0.886	0.246
13332.000000	164	193	0.885	0.251
13338.000000	164	193	0.882	0.256
13344.000000	164	5	0.878	0.269
13350.000000	164	5	0.875	0.275
13356.000000	164	5	0.870	0.283
13362.000000	164	193	0.867	0.289
13368.000000	164	5	0.866	0.297
13374.000000	164	193	0.865	0.307
13380.000000	164	193	0.862	0.319
13386.000000	164	193	0.858	0.331
13392.000000	164	193	0.854	0.341
13398.000000	164	193	0.850	0.347
13404.000000	164	193	0.845	0.353
13410.000000	164	193	0.843	0.362
13416.000000	164	193	0.843	0.371
13422.000000	164	193	0.841	0.380
13428.000000	164	193	0.838	0.388
13434.000000	164	193	0.836	0.396
13440.000000	164	193	0.834	0.403
13446.000000	164	193	0.828	0.410
13452.000000	164	193	0.820	0.416
13458.000000	164	193	0.816	0.428
13464.000000	164	193	0.813	0.447
13470.000000	164	193	0.806	0.466
13476.000000	164	193	0.793	0.484
13482.000000	164	193	0.778	0.497
13488.000000	164	193	0.761	0.508
13494.000000	164	193	0.741	0.529
13500.000000	164	193	0.705	0.559
13506.000000	164	193	0.658	0.590
13512.000000	193	164	0.609	0.608
13518.000000	193	110	0.636	0.603
13524.000000	193	110	0.661	0.648
13530.000000	110	193	0.707	0.684
13536.000000	110	193	0.744	0.710
13542.000000	110	193	0.778	0.732
13548.000000	110	193	0.805	0.748
13554.000000	110	193	0.826	0.758
13560.000000	110	193	0.842	0.753
13566.000000	110	193	0.846	0.756
13572.000000	110	193	0.844	0.758
13578.000000	110	193	0.842	0.761
13584.000000	110	193	0.842	0.756
13590.000000	110	193	0.847	0.746
13596.000000	110	193	0.851	0.738
13602.000000	110	193	0.853	0.730
13608.000000	110	193	0.853	0.728
13614.000000	110	193	0.855	0.725
13620.000000	110	193	0.856	0.723
13626.000000	110	193	0.858	0.720
13632.000000	110	193	0.859	0.717
13638.000000	110	193	0.862	0.716
13644.000000	110	193	0.869	0.707
13650.000000	110	193	0.876	0.702
13656.000000	110	193	0.878	0.697
13662.000000	110	193	0.878	0.694
13668.000000	110	193	0.878	0.690
13674.000000	110	193	0.880	0.684
13680.000000	110	193	0.881	0.676
13686.000000	110	193	0.881	0.667
13692.000000	110	193	0.882	0.656
13698.000000	110	193	0.884	0.642
13704.000000	110	193	0.889	0.625
13710.000000	110	193	0.890	0.611
13716.000000	110	193	0.891	0.597
13722.000000	110	193	0.896	0.573
13728.000000	110	193	0.902	0.538
13734.000000	110	193	0.906	0.492
13740.000000	110	193	0.915	0.424
13746.000000	110	193	0.923	0.330
13752.000000	110	193	0.933	0.215
13758.000000	110	170	0.943	0.172
13764.000000	110	140	0.946	0.184
13770.000000	110	140	0.949	0.202
13776.000000	110	140	0.952	0.224
13782.000000	110	140	0.955	0.242
13788.000000	110	140	0.953	0.267
13794.000000	110	140	0.950	0.300
13800.000000	110	140	0.946	0.340
13806.000000	110	140	0.943	0.386
13812.000000	110	140	0.942	0.436
13818.000000	110	140	0.940	0.479
13824.000000	110	140	0.937	0.515
13830.000000	110	140	0.930	0.549
13836.000000	110	140	0.922	0.581
13842.000000	110	140	0.917	0.604
13848.000000	110	140	0.913	0.620
13854.000000	110	140	0.903	0.639
13860.000000	110	140	0.888	0.661
13866.000000	110	140	0.878	0.674
13872.000000	110	140	0.864	0.691
13878.000000	110	140	0.849	0.714
13884.000000	110	140	0.832	0.738
13890.000000	110	140	0.811	0.765
13896.000000	140	110	0.793	0.783
13902.000000	140	110	0.824	0.743
13908.000000	140	110	0.858	0.694
13914.000000	140	110	0.880	0.632
13920.000000	140	110	0.901	0.527
13926.000000	140	110	0.933	0.385
13932.000000	140	110	0.963	0.192
13938.000000	140	41	0.973	0.111
13944.000000	140	41	0.978	0.112
13950.000000	140	41	0.980	0.121
13956.000000	140	41	0.979	0.130
13962.000000	140	41	0.978	0.140
13968.000000	140	41	0.977	0.153
13974.000000	140	41	0.975	0.167
13980.000000	140	41	0.972	0.175
13986.000000	140	41	0.971	0.187
13992.000000	140	41	0.970	0.203
13998.000000	140	41	0.968	0.221
14004.000000	140	41	0.967	0.241
14010.000000	140	41	0.965	0.264
14016.000000	140	41	0.963	0.295
14022.000000	140	41	0.961	0.329
14028.000000	140	41	0.959	0.366
14034.000000	140	41	0.956	0.416
14040.000000	140	41	0.953	0.473
14046.000000	140	41	0.950	0.521
14052.000000	140	41	0.948	0.561
14058.000000	140	41	0.945	0.585
14064.000000	140	41	0.942	0.597
14070.000000	140	41	0.938	0.604
14076.000000	140	41	0.934	0.615
14082.000000	140	41	0.931	0.624
14088.000000	140	41	0.927	0.632
14094.000000	140	41	0.922	0.637
14100.000000	140	41	0.917	0.642
14106.000000	140	41	0.909	0.652
14112.000000	140	41	0.903	0.656
14118.000000	140	41	0.899	0.661
14124.000000	140	41	0.892	0.674
14130.000000	140	41	0.888	0.686
14136.000000	140	41	0.879	0.708
14142.000000	140	41	0.869	0.725
14148.000000	140	41	0.857	0.743
14154.000000	140	41	0.831	0.773
14160.000000	140	41	0.813	0.787
14166.000000	41	140	0.804	0.789
14172.000000	41	140	0.819	0.762
14178.000000	41	140	0.835	0.727
14184.000000	41	140	0.851	0.686
14190.000000	41	140	0.876	0.631
14196.000000	41	140	0.906	0.553
14202.000000	41	140	0.923	0.462
14208.000000	41	140	0.941	0.344
14214.000000	41	140	0.954	0.198
14220.000000	41	156	0.966	0.100
14226.000000	41	156	0.971	0.085
14232.000000	41	182	0.971	0.084
14238.000000	41	182	0.970	0.087
14244.000000	41	182	0.970	0.086
14250.000000	41	182	0.970	0.084
14256.000000	41	182	0.970	0.088
14262.000000	41	182	0.969	0.093
14268.000000	41	182	0.968	0.096
14274.000000	41	182	0.970	0.095
14280.000000	41	175	0.970	0.100
14286.000000	41	175	0.969	0.106
14292.000000	41	181	0.968	0.110
14298.000000	41	181	0.967	0.124
14304.000000	41	181	0.966	0.137
14310.000000	41	181	0.965	0.151
14316.000000	41	181	0.963	0.159
14322.000000	41	181	0.961	0.166
14328.000000	41	181	0.960	0.176
14334.000000	41	181	0.958	0.180
14340.000000	41	181	0.957	0.185
14346.000000	41	181	0.956	0.189
14352.000000	41	181	0.955	0.194
14358.000000	41	181	0.954	0.199
14364.000000	41	181	0.953	0.203
14370.000000	41	181	0.952	0.205
14376.000000	41	181	0.949	0.208
14382.000000	41	181	0.947	0.210
14388.000000	41	181	0.947	0.212
14394.000000	41	181	0.946	0.213
14400.000000	41	181	0.944	0.218
14406.000000	41	181	0.939	0.227
14412.000000	41	181	0.930	0.239
14418.000000	41	181	0.922	0.247
14424.000000	41	181	0.919	0.255
14430.000000	41	181	0.915	0.265
14436.000000	41	181	0.910	0.276
14442.000000	41	181	0.905	0.285
14448.000000	41	181	0.900	0.295
14454.000000	41	181	0.889	0.308
14460.000000	41	181	0.875	0.321
14466.000000	41	181	0.865	0.340
14472.000000	41	181	0.855	0.361
14478.000000	41	181	0.844	0.390
14484.000000	41	181	0.830	0.424
14490.000000	41	181	0.817	0.463
14496.000000	41	181	0.801	0.499
14502.000000	41	181	0.777	0.542
14508.000000	41	181	0.736	0.594
14514.000000	41	181	0.691	0.628
14520.000000	181	41	0.665	0.625
14526.000000	181	41	0.704	0.519
14532.000000	181	41	0.761	0.349
14538.000000	181	13	0.843	0.197
14544.000000	181	13	0.878	0.206
14550.000000	181	13	0.899	0.206
14556.000000	181	13	0.903	0.212
14562.000000	181	13	0.904	0.222
14568.000000	181	13	0.907	0.229
14574.000000	181	13	0.909	0.243
14580.000000	181	13	0.915	0.263
14586.000000	181	13	0.918	0.289
14592.000000	181	13	0.918	0.303
14598.000000	181	13	0.921	0.314
14604.000000	181	13	0.920	0.325
14610.000000	181	13	0.917	0.334
14616.000000	181	13	0.916	0.346
14622.000000	181	13	0.914	0.359
14628.000000	181	13	0.913	0.371
14634.000000	181	13	0.912	0.382
14640.000000	181	13	0.913	0.393
14646.000000	181	13	0.911	0.399
14652.000000	181	13	0.908	0.404
14658.000000	181	13	0.905	0.410
14664.000000	181	13	0.904	0.412
14670.000000	181	13	0.902	0.414
14676.000000	181	13	0.899	0.421
14682.000000	181	13	0.897	0.432
14688.000000	181	13	0.896	0.444
14694.000000	181	13	0.896	0.459
14700.000000	181	13	0.896	0.472
14706.000000	181	13	0.898	0.488
14712.000000	181	13	0.898	0.511
14718.000000	181	13	0.893	0.533
14724.000000	181	13	0.890	0.546
14730.000000	181	13	0.889	0.555
14736.000000	181	13	0.884	0.572
14742.000000	181	13	0.876	0.592
14748.000000	181	13	0.873	0.603
14754.000000	181	13	0.871	0.614
14760.000000	181	13	0.870	0.630
14766.000000	181	13	0.866	0.650
14772.000000	181	13	0.864	0.668
14778.000000	181	13	0.856	0.684
14784.000000	181	13	0.846	0.707
14790.000000	181	13	0.833	0.728
14796.000000	181	13	0.823	0.741
14802.000000	181	13	0.812	0.758
14808.000000	181	13	0.795	0.774
14814.000000	13	181	0.789	0.773
14820.000000	13	181	0.807	0.740
14826.000000	13	181	0.829	0.699
14832.000000	13	181	0.854	0.646
14838.000000	13	181	0.879	0.592
14844.000000	13	181	0.903	0.516
14850.000000	13	181	0.931	0.400
14856.000000	13	181	0.956	0.238
14862.000000	13	181	0.967	0.089
14868.000000	13	76	0.974	0.069
14874.000000	13	76	0.975	0.071
14880.000000	13	76	0.976	0.072
14886.000000	13	76	0.977	0.074
14892.000000	13	76	0.979	0.075
14898.000000	13	76	0.979	0.077
14904.000000	13	76	0.979	0.081
14910.000000	13	76	0.978	0.087
14916.000000	13	76	0.977	0.093
14922.000000	13	76	0.976	0.099
14928.000000	13	76	0.975	0.101
14934.000000	13	76	0.974	0.102
14940.000000	13	76	0.974	0.103
14946.000000	13	76	0.973	0.103
14952.000000	13	76	0.973	0.104
14958.000000	13	76	0.972	0.106
14964.000000	13	76	0.972	0.107
14970.000000	13	76	0.971	0.105
14976.000000	13	76	0.971	0.105
14982.000000	13	76	0.970	0.104
14988.000000	13	76	0.970	0.104
14994.000000	13	76	0.969	0.107
15000.000000	13	76	0.967	0.107
15006.000000	13	76	0.965	0.107
15012.000000	13	76	0.964	0.105
15018.000000	13	76	0.961	0.104
15024.000000	13	76	0.958	0.102
15030.000000	13	72	0.957	0.102
15036.000000	13	72	0.957	0.102
15042.000000	13	72	0.957	0.100
15048.000000	13	72	0.957	0.100
15054.000000	13	72	0.957	0.099
15060.000000	13	72	0.957	0.101
15066.000000	13	72	0.956	0.105
15072.000000	13	72	0.955	0.107
15078.000000	13	72	0.952	0.107
15084.000000	13	72	0.948	0.106
15090.000000	13	72	0.944	0.107
15096.000000	13	72	0.942	0.107
15102.000000	13	72	0.942	0.106
15108.000000	13	72	0.941	0.105
15114.000000	13	72	0.940	0.102
15120.000000	13	72	0.936	0.099
15126.000000	13	72	0.933	0.094
15132.000000	13	72	0.930	0.090
15138.000000	13	72	0.929	0.085
15144.000000	13	72	0.926	0.079
15150.000000	13	72	0.922	0.075
15156.000000	13	72	0.919	0.071
15162.000000	13	137	0.917	0.067
15168.000000	13	137	0.916	0.069
15174.000000	13	137	0.914	0.070
15180.000000	13	137	0.912	0.071
15186.000000	13	137	0.911	0.072
15192.000000	13	137	0.911	0.071
15198.000000	13	137	0.911	0.070
15204.000000	13	137	0.912	0.069
15210.000000	13	137	0.911	0.068
15216.000000	13	137	0.908	0.068
15222.000000	13	137	0.906	0.070
15228.000000	13	137	0.906	0.068
15234.000000	13	137	0.910	0.066
15240.000000	13	137	0.915	0.065
15246.000000	13	137	0.918	0.065
15252.000000	13	137	0.920	0.063
15258.000000	13	137	0.924	0.062
15264.000000	13	137	0.926	0.059
15270.000000	13	137	0.927	0.054
15276.000000	13	137	0.929	0.046
15282.000000	13	160	0.930	0.045
15288.000000	13	160	0.932	0.045
15294.000000	13	160	0.935	0.046
15300.000000	13	160	0.936	0.046
15306.000000	13	160	0.936	0.046
15312.000000	13	160	0.937	0.047
15318.000000	13	160	0.939	0.050
15324.000000	13	160	0.943	0.052
15330.000000	13	160	0.948	0.054
15336.000000	13	160	0.952	0.054
15342.000000	13	160	0.956	0.054
15348.000000	13	160	0.959	0.054
15354.000000	13	160	0.961	0.054
15360.000000	13	160	0.963	0.054
15366.000000	13	160	0.967	0.053
15372.000000	13	160	0.972	0.051
15378.000000	13	160	0.976	0.051
15384.000000	13	160	0.976	0.051
15390.000000	13	160	0.976	0.051
15396.000000	13	160	0.976	0.051
15402.000000	13	160	0.976	0.051
15408.000000	13	160	0.976	0.051
15414.000000	13	160	0.976	0.052
15420.000000	13	160	0.976	0.052
15426.000000	13	160	0.976	0.054
15432.000000	13	160	0.976	0.055
15438.000000	13	160	0.977	0.055
15444.000000	13	160	0.978	0.055
15450.000000	13	160	0.982	0.054
15456.000000	13	160	0.982	0.056
15462.000000	13	160	0.981	0.057
15468.000000	13	160	0.979	0.057
15474.000000	13	160	0.979	0.057
15480.000000	13	160	0.978	0.058
15486.000000	13	160	0.978	0.058
15492.000000	13	160	0.978	0.059
15498.000000	13	160	0.977	0.061
15504.000000	13	160	0.975	0.062
15510.000000	13	160	0.974	0.062
15516.000000	13	160	0.973	0.064
15522.000000	13	160	0.973	0.066
15528.000000	13	160	0.973	0.069
15534.000000	13	160	0.972	0.070
15540.000000	13	160	0.972	0.072
15546.000000	13	160	0.972	0.073
15552.000000	13	160	0.971	0.074
15558.000000	13	160	0.970	0.074
15564.000000	13	160	0.969	0.074
15570.000000	13	160	0.968	0.073
15576.000000	13	160	0.967	0.071
15582.000000	13	160	0.966	0.071
15588.000000	13	160	0.966	0.071
15594.000000	13	160	0.965	0.071
15600.000000	13	160	0.965	0.072
15606.000000	13	160	0.964	0.072
15612.000000	13	160	0.963	0.071
15618.000000	13	160	0.961	0.070
15624.000000	13	160	0.960	0.069
15630.000000	13	160	0.960	0.068
15636.000000	13	160	0.959	0.068
15642.000000	13	160	0.959	0.068
15648.000000	13	160	0.960	0.069
15654.000000	13	160	0.959	0.066
15660.000000	13	160	0.959	0.063
15666.000000	13	160	0.960	0.061
15672.000000	13	160	0.961	0.059
15678.000000	13	160	0.963	0.057
15684.000000	13	76	0.963	0.058
15690.000000	13	76	0.964	0.059
15696.000000	13	76	0.965	0.059
15702.000000	13	76	0.963	0.057
15708.000000	13	76	0.961	0.055
15714.000000	13	76	0.959	0.053
15720.000000	13	160	0.957	0.053
15726.000000	13	160	0.955	0.053
15732.000000	13	160	0.953	0.051
15738.000000	13	160	0.951	0.051
15744.000000	13	160	0.950	0.051
15750.000000	13	160	0.949	0.051
15756.000000	13	160	0.946	0.051
15762.000000	13	160	0.940	0.052
15768.000000	13	160	0.936	0.052
15774.000000	13	160	0.933	0.052
15780.000000	13	160	0.930	0.052
15786.000000	13	160	0.927	0.052
15792.000000	13	160	0.923	0.052
15798.000000	13	160	0.920	0.052
15804.000000	13	160	0.915	0.051
15810.000000	13	160	0.909	0.050
15816.000000	13	160	0.904	0.049
15822.000000	13	160	0.900	0.049
15828.000000	13	160	0.896	0.049
15834.000000	13	160	0.888	0.049
15840.000000	13	160	0.880	0.049
15846.000000	13	160	0.873	0.047
15852.000000	13	160	0.867	0.046
15858.000000	13	160	0.859	0.046
15864.000000	13	160	0.849	0.046
15870.000000	13	160	0.832	0.045
15876.000000	13	160	0.808	0.044
15882.000000	13	160	0.782	0.045
15888.000000	13	160	0.742	0.046
15894.000000	13	160	0.670	0.047
15900.000000	13	160	0.534	0.046
15906.000000	13	160	0.278	0.026
15912.000000	13	82	0.028	0.018
15918.000000	102	82	0.012	0.010
15924.000000	102	96	0.009	0.008
