0.000000	125	102	0.000	0.000
6.000000	126	87	0.992	0.047
12.000000	126	87	0.992	0.049
18.000000	126	87	0.992	0.051
24.000000	126	87	0.991	0.057
30.000000	126	87	0.989	0.061
36.000000	126	87	0.987	0.063
42.000000	126	87	0.985	0.068
48.000000	126	87	0.983	0.072
54.000000	126	87	0.981	0.076
60.000000	126	87	0.979	0.082
66.000000	126	87	0.976	0.091
72.000000	126	87	0.973	0.096
78.000000	126	87	0.970	0.102
84.000000	126	87	0.966	0.105
90.000000	126	71	0.963	0.112
96.000000	126	71	0.959	0.125
102.000000	126	71	0.955	0.140
108.000000	126	71	0.951	0.157
114.000000	126	71	0.947	0.173
120.000000	126	71	0.944	0.192
126.000000	126	71	0.939	0.211
132.000000	126	71	0.935	0.226
138.000000	126	71	0.932	0.241
144.000000	126	71	0.929	0.255
150.000000	126	71	0.926	0.263
156.000000	126	71	0.924	0.271
162.000000	126	71	0.921	0.279
168.000000	126	71	0.919	0.286
174.000000	126	71	0.917	0.291
180.000000	126	71	0.914	0.298
186.000000	126	71	0.912	0.304
192.000000	126	71	0.910	0.311
198.000000	126	71	0.909	0.320
204.000000	126	71	0.908	0.326
210.000000	126	71	0.906	0.334
216.000000	126	71	0.900	0.346
222.000000	126	71	0.896	0.355
228.000000	126	71	0.896	0.363
234.000000	126	71	0.896	0.382
240.000000	126	71	0.895	0.396
246.000000	126	71	0.893	0.410
252.000000	126	71	0.892	0.421
258.000000	126	71	0.891	0.429
264.000000	126	71	0.890	0.437
270.000000	126	71	0.890	0.442
276.000000	126	71	0.890	0.456
282.000000	126	71	0.889	0.474
288.000000	126	71	0.887	0.499
294.000000	126	71	0.886	0.521
300.000000	126	71	0.886	0.542
306.000000	126	71	0.884	0.561
312.000000	126	71	0.885	0.580
318.000000	126	71	0.884	0.601
324.000000	126	71	0.879	0.626
330.000000	126	71	0.876	0.648
336.000000	126	71	0.870	0.679
342.000000	126	71	0.867	0.700
348.000000	126	71	0.858	0.727
354.000000	126	71	0.838	0.748
360.000000	126	71	0.808	0.778
366.000000	71	126	0.791	0.785
372.000000	71	126	0.802	0.765
378.000000	71	126	0.824	0.729
384.000000	71	126	0.830	0.700
390.000000	71	126	0.848	0.662
396.000000	71	126	0.866	0.611
402.000000	71	126	0.888	0.529
408.000000	71	126	0.910	0.423
414.000000	71	126	0.922	0.275
420.000000	71	147	0.939	0.175
426.000000	71	198	0.945	0.177
432.000000	71	198	0.944	0.186
438.000000	71	198	0.943	0.196
444.000000	71	147	0.946	0.210
450.000000	71	147	0.942	0.227
456.000000	71	147	0.938	0.243
462.000000	71	147	0.935	0.261
468.000000	71	147	0.933	0.277
474.000000	71	147	0.931	0.288
480.000000	71	147	0.929	0.297
486.000000	71	147	0.925	0.305
492.000000	71	147	0.922	0.312
498.000000	71	147	0.921	0.316
504.000000	71	147	0.918	0.315
510.000000	71	147	0.912	0.314
516.000000	71	147	0.908	0.314
522.000000	71	198	0.905	0.322
528.000000	71	198	0.904	0.324
534.000000	71	198	0.903	0.326
540.000000	71	198	0.902	0.327
546.000000	71	198	0.899	0.330
552.000000	71	198	0.896	0.333
558.000000	71	198	0.891	0.338
564.000000	71	198	0.882	0.341
570.000000	71	198	0.876	0.348
576.000000	71	198	0.871	0.349
582.000000	71	198	0.864	0.347
588.000000	71	198	0.856	0.341
594.000000	71	198	0.846	0.332
600.000000	71	198	0.835	0.322
606.000000	71	198	0.819	0.321
612.000000	71	198	0.803	0.319
618.000000	71	198	0.785	0.314
624.000000	71	198	0.757	0.311
630.000000	71	13	0.731	0.316
636.000000	71	13	0.715	0.328
642.000000	71	13	0.689	0.345
648.000000	71	13	0.652	0.357
654.000000	71	13	0.591	0.373
660.000000	71	13	0.522	0.386
666.000000	71	13	0.464	0.400
672.000000	13	71	0.415	0.379
678.000000	13	82	0.427	0.372
684.000000	13	82	0.437	0.402
690.000000	13	82	0.444	0.431
696.000000	13	82	0.455	0.441
702.000000	13	82	0.467	0.464
708.000000	82	13	0.482	0.471
714.000000	82	13	0.503	0.464
720.000000	82	13	0.528	0.451
726.000000	82	13	0.548	0.448
732.000000	82	13	0.563	0.451
738.000000	82	13	0.572	0.457
744.000000	82	13	0.587	0.458
750.000000	82	13	0.604	0.459
756.000000	82	13	0.618	0.456
762.000000	82	13	0.634	0.450
768.000000	82	112	0.644	0.444
774.000000	82	112	0.647	0.448
780.000000	82	112	0.651	0.454
786.000000	82	112	0.657	0.460
792.000000	82	112	0.665	0.468
798.000000	82	112	0.675	0.482
804.000000	82	112	0.680	0.492
810.000000	82	112	0.688	0.500
816.000000	82	112	0.698	0.510
822.000000	82	112	0.710	0.517
828.000000	82	112	0.719	0.526
834.000000	82	112	0.724	0.538
840.000000	82	112	0.729	0.548
846.000000	82	112	0.736	0.551
852.000000	82	112	0.746	0.556
858.000000	82	112	0.759	0.574
864.000000	82	112	0.775	0.589
870.000000	82	112	0.786	0.600
876.000000	82	112	0.788	0.605
882.000000	82	112	0.792	0.610
888.000000	82	112	0.800	0.616
894.000000	82	112	0.804	0.622
900.000000	82	112	0.807	0.626
906.000000	82	112	0.813	0.631
912.000000	82	112	0.809	0.640
918.000000	82	112	0.805	0.642
924.000000	82	112	0.801	0.649
930.000000	82	112	0.799	0.657
936.000000	82	112	0.799	0.665
942.000000	82	112	0.797	0.670
948.000000	82	112	0.793	0.676
954.000000	82	112	0.787	0.684
960.000000	82	112	0.785	0.685
966.000000	82	112	0.785	0.683
972.000000	82	112	0.787	0.682
978.000000	82	112	0.777	0.682
984.000000	82	112	0.766	0.679
990.000000	82	112	0.755	0.680
996.000000	82	112	0.746	0.685
1002.000000	82	112	0.741	0.692
1008.000000	82	112	0.733	0.698
1014.000000	82	112	0.725	0.701
1020.000000	82	112	0.715	0.707
1026.000000	112	82	0.708	0.707
1032.000000	112	82	0.708	0.699
1038.000000	112	82	0.700	0.691
1044.000000	112	82	0.694	0.678
1050.000000	112	82	0.691	0.665
1056.000000	112	82	0.692	0.646
1062.000000	112	82	0.693	0.626
1068.000000	112	82	0.685	0.602
1074.000000	112	82	0.685	0.573
1080.000000	112	82	0.680	0.543
1086.000000	112	82	0.672	0.504
1092.000000	112	47	0.665	0.523
1098.000000	112	47	0.663	0.552
1104.000000	112	47	0.651	0.582
1110.000000	112	47	0.632	0.614
1116.000000	47	112	0.654	0.615
1122.000000	47	112	0.687	0.593
1128.000000	47	112	0.724	0.569
1134.000000	47	112	0.742	0.541
1140.000000	47	112	0.763	0.490
1146.000000	47	112	0.782	0.438
1152.000000	47	112	0.805	0.373
1158.000000	47	112	0.829	0.293
1164.000000	47	112	0.837	0.211
1170.000000	47	169	0.845	0.203
1176.000000	47	169	0.844	0.219
1182.000000	47	169	0.843	0.238
1188.000000	47	169	0.841	0.258
1194.000000	47	169	0.840	0.282
1200.000000	47	169	0.839	0.293
1206.000000	47	169	0.845	0.314
1212.000000	47	169	0.842	0.348
1218.000000	47	169	0.840	0.374
1224.000000	47	169	0.839	0.388
1230.000000	47	169	0.839	0.398
1236.000000	47	169	0.839	0.411
1242.000000	47	169	0.838	0.419
1248.000000	47	169	0.837	0.432
1254.000000	47	169	0.841	0.444
1260.000000	47	169	0.841	0.455
1266.000000	47	169	0.843	0.465
1272.000000	47	169	0.844	0.477
1278.000000	47	169	0.843	0.491
1284.000000	47	169	0.840	0.501
1290.000000	47	169	0.836	0.512
1296.000000	47	169	0.829	0.519
1302.000000	47	169	0.826	0.532
1308.000000	47	169	0.823	0.549
1314.000000	47	169	0.823	0.561
1320.000000	47	169	0.819	0.580
1326.000000	47	169	0.813	0.601
1332.000000	47	169	0.807	0.617
1338.000000	47	169	0.807	0.631
1344.000000	47	169	0.811	0.646
1350.000000	47	169	0.811	0.659
1356.000000	47	169	0.809	0.678
1362.000000	47	169	0.805	0.691
1368.000000	47	169	0.797	0.702
1374.000000	47	169	0.789	0.708
1380.000000	47	169	0.773	0.719
1386.000000	47	169	0.756	0.733
1392.000000	169	47	0.741	0.739
1398.000000	169	47	0.759	0.719
1404.000000	169	47	0.782	0.697
1410.000000	169	47	0.801	0.671
1416.000000	169	47	0.814	0.638
1422.000000	169	47	0.832	0.602
1428.000000	169	47	0.845	0.559
1434.000000	169	47	0.862	0.482
1440.000000	169	47	0.873	0.386
1446.000000	169	47	0.883	0.266
1452.000000	169	146	0.900	0.163
1458.000000	169	146	0.915	0.157
1464.000000	169	146	0.919	0.162
1470.000000	169	146	0.922	0.165
1476.000000	169	146	0.923	0.168
1482.000000	169	146	0.922	0.174
1488.000000	169	146	0.922	0.184
1494.000000	169	146	0.925	0.190
1500.000000	169	146	0.923	0.201
1506.000000	169	146	0.921	0.207
1512.000000	169	146	0.920	0.208
1518.000000	169	146	0.919	0.207
1524.000000	169	146	0.917	0.205
1530.000000	169	146	0.915	0.207
1536.000000	169	146	0.914	0.209
1542.000000	169	146	0.912	0.215
1548.000000	169	146	0.908	0.217
1554.000000	169	146	0.906	0.216
1560.000000	169	146	0.904	0.213
1566.000000	169	101	0.901	0.214
1572.000000	169	101	0.899	0.219
1578.000000	169	101	0.896	0.225
1584.000000	169	101	0.892	0.232
1590.000000	169	101	0.887	0.233
1596.000000	169	101	0.877	0.233
1602.000000	169	101	0.866	0.234
1608.000000	169	101	0.858	0.238
1614.000000	169	101	0.852	0.243
1620.000000	169	101	0.843	0.248
1626.000000	169	101	0.836	0.254
1632.000000	169	101	0.829	0.263
1638.000000	169	101	0.826	0.267
1644.000000	169	101	0.823	0.275
1650.000000	169	101	0.816	0.290
1656.000000	169	101	0.807	0.303
1662.000000	169	101	0.797	0.319
1668.000000	169	101	0.792	0.337
1674.000000	169	101	0.786	0.363
1680.000000	169	101	0.779	0.380
1686.000000	169	101	0.769	0.406
1692.000000	169	101	0.750	0.421
1698.000000	169	101	0.727	0.434
1704.000000	169	101	0.703	0.454
1710.000000	169	101	0.669	0.489
1716.000000	169	101	0.632	0.522
1722.000000	169	101	0.585	0.543
1728.000000	101	169	0.563	0.526
1734.000000	101	169	0.594	0.440
1740.000000	101	169	0.636	0.320
1746.000000	101	26	0.683	0.303
1752.000000	101	26	0.709	0.309
1758.000000	101	26	0.730	0.321
1764.000000	101	26	0.744	0.346
1770.000000	101	26	0.749	0.357
1776.000000	101	26	0.760	0.357
1782.000000	101	26	0.774	0.351
1788.000000	101	26	0.778	0.353
1794.000000	101	26	0.777	0.357
1800.000000	101	26	0.774	0.358
1806.000000	101	26	0.775	0.359
1812.000000	101	26	0.778	0.356
1818.000000	101	26	0.788	0.350
1824.000000	101	26	0.802	0.345
1830.000000	101	26	0.812	0.339
1836.000000	101	26	0.812	0.334
1842.000000	101	26	0.816	0.326
1848.000000	101	26	0.824	0.312
1854.000000	101	26	0.828	0.306
1860.000000	101	26	0.831	0.300
1866.000000	101	26	0.838	0.292
1872.000000	101	26	0.842	0.283
1878.000000	101	26	0.843	0.269
1884.000000	101	72	0.845	0.275
1890.000000	101	72	0.846	0.276
1896.000000	101	72	0.852	0.284
1902.000000	101	72	0.855	0.292
1908.000000	101	72	0.853	0.302
1914.000000	101	72	0.852	0.315
1920.000000	101	72	0.854	0.326
1926.000000	101	72	0.856	0.338
1932.000000	101	72	0.858	0.348
1938.000000	101	72	0.859	0.355
1944.000000	101	72	0.862	0.367
1950.000000	101	72	0.866	0.380
1956.000000	101	72	0.866	0.394
1962.000000	101	72	0.866	0.408
1968.000000	101	72	0.864	0.421
1974.000000	101	72	0.860	0.434
1980.000000	101	72	0.858	0.443
1986.000000	101	72	0.858	0.459
1992.000000	101	72	0.858	0.474
1998.000000	101	72	0.855	0.489
2004.000000	101	72	0.846	0.504
2010.000000	101	72	0.846	0.513
2016.000000	101	72	0.850	0.519
2022.000000	101	72	0.851	0.522
2028.000000	101	72	0.848	0.530
2034.000000	101	72	0.844	0.534
2040.000000	101	72	0.841	0.538
2046.000000	101	72	0.838	0.545
2052.000000	101	72	0.834	0.554
2058.000000	101	72	0.832	0.565
2064.000000	101	72	0.830	0.575
2070.000000	101	72	0.828	0.580
2076.000000	101	72	0.823	0.584
2082.000000	101	72	0.818	0.587
2088.000000	101	72	0.807	0.601
2094.000000	101	72	0.793	0.616
2100.000000	101	72	0.785	0.625
2106.000000	101	72	0.774	0.637
2112.000000	101	72	0.759	0.641
2118.000000	101	72	0.736	0.651
2124.000000	101	72	0.703	0.672
2130.000000	72	101	0.690	0.671
2136.000000	72	101	0.705	0.625
2142.000000	72	101	0.719	0.564
2148.000000	72	101	0.741	0.491
2154.000000	72	106	0.770	0.458
2160.000000	72	106	0.798	0.484
2166.000000	72	106	0.825	0.530
2172.000000	72	106	0.849	0.568
2178.000000	72	106	0.862	0.597
2184.000000	72	106	0.862	0.612
2190.000000	72	106	0.857	0.628
2196.000000	72	106	0.856	0.636
2202.000000	72	106	0.856	0.642
2208.000000	72	106	0.856	0.651
2214.000000	72	106	0.854	0.662
2220.000000	72	106	0.847	0.669
2226.000000	72	106	0.839	0.673
2232.000000	72	106	0.837	0.673
2238.000000	72	106	0.834	0.670
2244.000000	72	106	0.830	0.673
2250.000000	72	106	0.824	0.680
2256.000000	72	106	0.820	0.678
2262.000000	72	106	0.817	0.672
2268.000000	72	106	0.810	0.671
2274.000000	72	106	0.802	0.670
2280.000000	72	106	0.794	0.671
2286.000000	72	106	0.785	0.673
2292.000000	72	106	0.772	0.677
2298.000000	72	106	0.759	0.685
2304.000000	72	106	0.741	0.693
2310.000000	72	106	0.731	0.695
2316.000000	72	106	0.721	0.699
2322.000000	106	72	0.710	0.709
2328.000000	106	72	0.714	0.698
2334.000000	106	72	0.716	0.684
2340.000000	106	72	0.718	0.668
2346.000000	106	72	0.721	0.646
2352.000000	106	72	0.732	0.616
2358.000000	106	72	0.741	0.570
2364.000000	106	72	0.753	0.516
2370.000000	106	72	0.761	0.459
2376.000000	106	72	0.776	0.402
2382.000000	106	72	0.781	0.336
2388.000000	106	72	0.796	0.249
2394.000000	106	105	0.819	0.243
2400.000000	106	105	0.848	0.257
2406.000000	106	105	0.858	0.272
2412.000000	106	105	0.871	0.279
2418.000000	106	105	0.879	0.290
2424.000000	106	105	0.883	0.310
2430.000000	106	105	0.883	0.333
2436.000000	106	105	0.877	0.349
2442.000000	106	105	0.874	0.369
2448.000000	106	105	0.873	0.384
2454.000000	106	105	0.873	0.397
2460.000000	106	105	0.872	0.409
2466.000000	106	105	0.870	0.428
2472.000000	106	105	0.869	0.451
2478.000000	106	105	0.868	0.461
2484.000000	106	105	0.866	0.472
2490.000000	106	105	0.865	0.481
2496.000000	106	105	0.863	0.487
2502.000000	106	105	0.855	0.497
2508.000000	106	105	0.847	0.512
2514.000000	106	105	0.840	0.524
2520.000000	106	105	0.833	0.538
2526.000000	106	105	0.825	0.558
2532.000000	106	105	0.822	0.578
2538.000000	106	105	0.814	0.596
2544.000000	106	105	0.804	0.616
2550.000000	106	105	0.797	0.636
2556.000000	106	105	0.786	0.652
2562.000000	106	105	0.773	0.668
2568.000000	106	105	0.757	0.684
2574.000000	106	105	0.745	0.700
2580.000000	106	105	0.737	0.712
2586.000000	106	105	0.726	0.722
2592.000000	105	106	0.732	0.706
2598.000000	105	106	0.742	0.681
2604.000000	105	106	0.759	0.648
2610.000000	105	106	0.777	0.610
2616.000000	105	106	0.806	0.546
2622.000000	105	106	0.827	0.477
2628.000000	105	106	0.844	0.387
2634.000000	105	173	0.870	0.280
2640.000000	105	173	0.893	0.299
2646.000000	105	173	0.903	0.324
2652.000000	105	173	0.904	0.347
2658.000000	105	173	0.905	0.369
2664.000000	105	173	0.904	0.390
2670.000000	105	173	0.906	0.408
2676.000000	105	173	0.901	0.418
2682.000000	105	173	0.898	0.429
2688.000000	105	173	0.894	0.441
2694.000000	105	173	0.891	0.453
2700.000000	105	173	0.889	0.459
2706.000000	105	173	0.886	0.466
2712.000000	105	173	0.881	0.470
2718.000000	105	173	0.875	0.473
2724.000000	105	173	0.871	0.472
2730.000000	105	173	0.869	0.476
2736.000000	105	173	0.864	0.488
2742.000000	105	173	0.860	0.493
2748.000000	105	173	0.852	0.502
2754.000000	105	173	0.846	0.510
2760.000000	105	173	0.835	0.520
2766.000000	105	173	0.830	0.524
2772.000000	105	173	0.825	0.527
2778.000000	105	173	0.820	0.532
2784.000000	105	173	0.815	0.543
2790.000000	105	173	0.809	0.553
2796.000000	105	173	0.804	0.561
2802.000000	105	173	0.796	0.576
2808.000000	105	173	0.783	0.594
2814.000000	105	173	0.771	0.611
2820.000000	105	173	0.758	0.622
2826.000000	105	173	0.743	0.638
2832.000000	105	173	0.728	0.657
2838.000000	105	173	0.701	0.677
2844.000000	173	105	0.690	0.678
2850.000000	173	105	0.701	0.652
2856.000000	173	105	0.717	0.609
2862.000000	173	105	0.734	0.567
2868.000000	173	105	0.763	0.523
2874.000000	173	105	0.796	0.468
2880.000000	173	105	0.834	0.372
2886.000000	173	105	0.862	0.263
2892.000000	173	105	0.877	0.159
2898.000000	173	91	0.889	0.146
2904.000000	173	91	0.896	0.144
2910.000000	173	115	0.905	0.153
2916.000000	173	115	0.905	0.164
2922.000000	173	115	0.906	0.175
2928.000000	173	115	0.908	0.185
2934.000000	173	115	0.908	0.193
2940.000000	173	115	0.913	0.196
2946.000000	173	86	0.913	0.204
2952.000000	173	86	0.912	0.214
2958.000000	173	86	0.909	0.223
2964.000000	173	86	0.907	0.234
2970.000000	173	86	0.904	0.240
2976.000000	173	86	0.900	0.245
2982.000000	173	86	0.899	0.251
2988.000000	173	86	0.896	0.252
2994.000000	173	86	0.897	0.251
3000.000000	173	86	0.896	0.249
3006.000000	173	86	0.893	0.250
3012.000000	173	86	0.889	0.251
3018.000000	173	86	0.884	0.253
3024.000000	173	86	0.878	0.259
3030.000000	173	86	0.873	0.264
3036.000000	173	86	0.868	0.267
3042.000000	173	86	0.860	0.274
3048.000000	173	86	0.854	0.279
3054.000000	173	86	0.851	0.281
3060.000000	173	86	0.849	0.285
3066.000000	173	86	0.845	0.292
3072.000000	173	86	0.840	0.303
3078.000000	173	86	0.831	0.320
3084.000000	173	86	0.822	0.332
3090.000000	173	86	0.815	0.351
3096.000000	173	86	0.807	0.370
3102.000000	173	86	0.802	0.386
3108.000000	173	86	0.795	0.402
3114.000000	173	86	0.782	0.425
3120.000000	173	86	0.771	0.448
3126.000000	173	86	0.753	0.471
3132.000000	173	86	0.726	0.498
3138.000000	173	86	0.708	0.516
3144.000000	173	86	0.673	0.540
3150.000000	173	86	0.610	0.579
3156.000000	86	173	0.610	0.557
3162.000000	86	173	0.656	0.467
3168.000000	86	173	0.722	0.333
3174.000000	86	81	0.765	0.330
3180.000000	86	81	0.795	0.349
3186.000000	86	81	0.825	0.360
3192.000000	86	81	0.849	0.370
3198.000000	86	81	0.857	0.380
3204.000000	86	81	0.860	0.390
3210.000000	86	81	0.864	0.404
3216.000000	86	81	0.871	0.415
3222.000000	86	81	0.867	0.428
3228.000000	86	81	0.866	0.444
3234.000000	86	81	0.864	0.450
3240.000000	86	81	0.862	0.454
3246.000000	86	81	0.861	0.453
3252.000000	86	81	0.862	0.445
3258.000000	86	81	0.861	0.439
3264.000000	86	81	0.862	0.436
3270.000000	86	81	0.863	0.431
3276.000000	86	81	0.865	0.427
3282.000000	86	81	0.864	0.423
3288.000000	86	81	0.863	0.420
3294.000000	86	81	0.863	0.417
3300.000000	86	81	0.864	0.413
3306.000000	86	81	0.863	0.402
3312.000000	86	164	0.865	0.399
3318.000000	86	164	0.869	0.423
3324.000000	86	164	0.870	0.444
3330.000000	86	164	0.865	0.464
3336.000000	86	164	0.861	0.488
3342.000000	86	164	0.860	0.513
3348.000000	86	164	0.859	0.528
3354.000000	86	164	0.861	0.553
3360.000000	86	164	0.862	0.569
3366.000000	86	164	0.863	0.584
3372.000000	86	164	0.860	0.601
3378.000000	86	164	0.856	0.621
3384.000000	86	164	0.850	0.649
3390.000000	86	164	0.847	0.673
3396.000000	86	164	0.844	0.688
3402.000000	86	164	0.843	0.703
3408.000000	86	164	0.843	0.713
3414.000000	86	164	0.833	0.729
3420.000000	86	164	0.826	0.739
3426.000000	86	164	0.824	0.748
3432.000000	86	164	0.817	0.756
3438.000000	86	164	0.804	0.767
3444.000000	86	164	0.792	0.774
3450.000000	164	86	0.784	0.776
3456.000000	164	86	0.808	0.747
3462.000000	164	86	0.827	0.715
3468.000000	164	86	0.838	0.685
3474.000000	164	86	0.850	0.643
3480.000000	164	86	0.867	0.602
3486.000000	164	86	0.883	0.549
3492.000000	164	86	0.902	0.468
3498.000000	164	86	0.911	0.382
3504.000000	164	86	0.919	0.256
3510.000000	164	60	0.926	0.218
3516.000000	164	60	0.937	0.226
3522.000000	164	60	0.941	0.236
3528.000000	164	60	0.942	0.246
3534.000000	164	60	0.940	0.260
3540.000000	164	60	0.939	0.271
3546.000000	164	60	0.937	0.283
3552.000000	164	60	0.936	0.291
3558.000000	164	60	0.935	0.296
3564.000000	164	60	0.934	0.301
3570.000000	164	60	0.932	0.304
3576.000000	164	60	0.930	0.310
3582.000000	164	60	0.927	0.310
3588.000000	164	60	0.924	0.309
3594.000000	164	60	0.922	0.310
3600.000000	164	60	0.914	0.319
3606.000000	164	60	0.911	0.327
3612.000000	164	60	0.909	0.336
3618.000000	164	60	0.904	0.343
3624.000000	164	60	0.897	0.350
3630.000000	164	60	0.889	0.351
3636.000000	164	60	0.886	0.352
3642.000000	164	60	0.883	0.349
3648.000000	164	60	0.880	0.345
3654.000000	164	60	0.877	0.344
3660.000000	164	60	0.869	0.347
3666.000000	164	60	0.862	0.347
3672.000000	164	60	0.855	0.352
3678.000000	164	60	0.849	0.356
3684.000000	164	60	0.844	0.353
3690.000000	164	193	0.838	0.361
3696.000000	164	193	0.832	0.376
3702.000000	164	193	0.822	0.389
3708.000000	164	193	0.817	0.403
3714.000000	164	193	0.808	0.418
3720.000000	164	193	0.793	0.434
3726.000000	164	193	0.779	0.453
3732.000000	164	193	0.764	0.475
3738.000000	164	193	0.749	0.496
3744.000000	164	193	0.734	0.515
3750.000000	164	193	0.712	0.543
3756.000000	164	193	0.681	0.590
3762.000000	193	164	0.646	0.645
3768.000000	193	164	0.686	0.614
3774.000000	193	164	0.732	0.566
3780.000000	193	164	0.782	0.481
3786.000000	193	164	0.823	0.375
3792.000000	193	164	0.863	0.241
3798.000000	193	133	0.891	0.171
3804.000000	193	133	0.904	0.167
3810.000000	193	133	0.907	0.175
3816.000000	193	133	0.909	0.180
3822.000000	193	133	0.910	0.181
3828.000000	193	133	0.909	0.182
3834.000000	193	133	0.911	0.180
3840.000000	193	133	0.911	0.181
3846.000000	193	133	0.913	0.181
3852.000000	193	133	0.912	0.176
3858.000000	193	133	0.910	0.172
3864.000000	193	133	0.906	0.171
3870.000000	193	133	0.904	0.171
3876.000000	193	133	0.903	0.175
3882.000000	193	133	0.901	0.180
3888.000000	193	133	0.899	0.185
3894.000000	193	133	0.898	0.188
3900.000000	193	133	0.896	0.191
3906.000000	193	133	0.895	0.193
3912.000000	193	13	0.894	0.195
3918.000000	193	13	0.891	0.204
3924.000000	193	13	0.887	0.213
3930.000000	193	13	0.884	0.221
3936.000000	193	13	0.882	0.230
3942.000000	193	13	0.880	0.241
3948.000000	193	13	0.880	0.247
3954.000000	193	13	0.877	0.254
3960.000000	193	13	0.873	0.259
3966.000000	193	13	0.870	0.265
3972.000000	193	13	0.868	0.274
3978.000000	193	13	0.864	0.279
3984.000000	193	13	0.861	0.282
3990.000000	193	13	0.859	0.278
3996.000000	193	13	0.852	0.278
4002.000000	193	13	0.846	0.279
4008.000000	193	13	0.844	0.280
4014.000000	193	13	0.840	0.282
4020.000000	193	13	0.832	0.286
4026.000000	193	13	0.825	0.289
4032.000000	193	13	0.819	0.293
4038.000000	193	13	0.810	0.288
4044.000000	193	13	0.790	0.282
4050.000000	193	13	0.774	0.282
4056.000000	193	13	0.760	0.284
4062.000000	193	13	0.741	0.289
4068.000000	193	94	0.714	0.304
4074.000000	193	94	0.682	0.324
4080.000000	193	94	0.646	0.348
4086.000000	193	94	0.602	0.378
4092.000000	193	94	0.555	0.408
4098.000000	193	94	0.495	0.438
4104.000000	94	193	0.465	0.407
4110.000000	94	13	0.501	0.393
4116.000000	94	13	0.541	0.412
4122.000000	94	13	0.585	0.415
4128.000000	94	13	0.622	0.420
4134.000000	94	13	0.646	0.428
4140.000000	94	13	0.655	0.431
4146.000000	94	13	0.661	0.436
4152.000000	94	13	0.674	0.431
4158.000000	94	13	0.688	0.427
4164.000000	94	13	0.693	0.423
4170.000000	94	13	0.701	0.419
4176.000000	94	13	0.705	0.408
4182.000000	94	13	0.708	0.403
4188.000000	94	13	0.717	0.401
4194.000000	94	13	0.726	0.394
4200.000000	94	13	0.734	0.389
4206.000000	94	13	0.747	0.376
4212.000000	94	54	0.752	0.374
4218.000000	94	54	0.756	0.382
4224.000000	94	54	0.762	0.389
4230.000000	94	54	0.772	0.396
4236.000000	94	54	0.789	0.405
4242.000000	94	54	0.796	0.423
4248.000000	94	54	0.802	0.436
4254.000000	94	54	0.807	0.445
4260.000000	94	54	0.818	0.459
4266.000000	94	54	0.829	0.476
4272.000000	94	54	0.840	0.487
4278.000000	94	54	0.843	0.507
4284.000000	94	54	0.850	0.538
4290.000000	94	54	0.854	0.550
4296.000000	94	54	0.860	0.556
4302.000000	94	54	0.868	0.565
4308.000000	94	54	0.871	0.575
4314.000000	94	54	0.871	0.586
4320.000000	94	54	0.868	0.596
4326.000000	94	54	0.860	0.605
4332.000000	94	54	0.856	0.608
4338.000000	94	54	0.852	0.610
4344.000000	94	54	0.848	0.617
4350.000000	94	54	0.849	0.623
4356.000000	94	54	0.847	0.630
4362.000000	94	54	0.839	0.642
4368.000000	94	54	0.836	0.648
4374.000000	94	54	0.836	0.658
4380.000000	94	54	0.841	0.671
4386.000000	94	54	0.839	0.678
4392.000000	94	54	0.835	0.685
4398.000000	94	54	0.828	0.692
4404.000000	94	54	0.819	0.704
4410.000000	94	54	0.809	0.716
4416.000000	94	54	0.799	0.723
4422.000000	94	54	0.789	0.734
4428.000000	94	54	0.778	0.738
4434.000000	94	54	0.759	0.745
4440.000000	54	94	0.764	0.727
4446.000000	54	94	0.770	0.707
4452.000000	54	94	0.782	0.685
4458.000000	54	94	0.792	0.656
4464.000000	54	94	0.797	0.620
4470.000000	54	94	0.808	0.567
4476.000000	54	94	0.820	0.499
4482.000000	54	94	0.835	0.408
4488.000000	54	94	0.843	0.298
4494.000000	54	153	0.852	0.220
4500.000000	54	153	0.865	0.224
4506.000000	54	153	0.870	0.229
4512.000000	54	153	0.878	0.230
4518.000000	54	153	0.882	0.233
4524.000000	54	153	0.879	0.239
4530.000000	54	153	0.873	0.244
4536.000000	54	153	0.867	0.251
4542.000000	54	153	0.865	0.257
4548.000000	54	153	0.862	0.257
4554.000000	54	153	0.857	0.259
4560.000000	54	153	0.852	0.264
4566.000000	54	153	0.847	0.268
4572.000000	54	153	0.840	0.269
4578.000000	54	153	0.833	0.267
4584.000000	54	153	0.830	0.263
4590.000000	54	153	0.824	0.261
4596.000000	54	153	0.814	0.258
4602.000000	54	153	0.804	0.257
4608.000000	54	153	0.800	0.257
4614.000000	54	153	0.793	0.259
4620.000000	54	153	0.788	0.258
4626.000000	54	153	0.786	0.257
4632.000000	54	153	0.782	0.259
4638.000000	54	153	0.773	0.262
4644.000000	54	153	0.767	0.260
4650.000000	54	153	0.760	0.258
4656.000000	54	153	0.751	0.254
4662.000000	54	153	0.745	0.253
4668.000000	54	153	0.738	0.249
4674.000000	54	153	0.731	0.245
4680.000000	54	153	0.720	0.241
4686.000000	54	153	0.709	0.237
4692.000000	54	153	0.697	0.228
4698.000000	54	153	0.673	0.221
4704.000000	54	153	0.639	0.213
4710.000000	54	153	0.609	0.198
4716.000000	54	46	0.574	0.192
4722.000000	54	46	0.528	0.202
4728.000000	54	46	0.474	0.208
4734.000000	54	46	0.400	0.216
4740.000000	54	46	0.312	0.226
4746.000000	46	54	0.242	0.197
4752.000000	46	195	0.258	0.198
4758.000000	46	114	0.269	0.208
4764.000000	46	114	0.273	0.231
4770.000000	46	114	0.275	0.243
4776.000000	46	195	0.280	0.253
4782.000000	46	195	0.289	0.266
4788.000000	46	114	0.299	0.272
4794.000000	46	114	0.312	0.278
4800.000000	46	114	0.326	0.294
4806.000000	46	114	0.333	0.306
4812.000000	46	114	0.340	0.315
4818.000000	46	114	0.354	0.326
4824.000000	46	114	0.366	0.335
4830.000000	46	114	0.376	0.341
4836.000000	46	114	0.381	0.343
4842.000000	46	114	0.390	0.347
4848.000000	46	114	0.403	0.345
4854.000000	46	114	0.413	0.348
4860.000000	46	114	0.415	0.349
4866.000000	46	114	0.418	0.347
4872.000000	46	114	0.420	0.343
4878.000000	46	114	0.429	0.341
4884.000000	46	114	0.435	0.350
4890.000000	46	114	0.445	0.359
4896.000000	46	114	0.452	0.376
4902.000000	46	114	0.461	0.379
4908.000000	46	114	0.464	0.383
4914.000000	46	114	0.474	0.396
4920.000000	46	114	0.482	0.407
4926.000000	46	114	0.485	0.422
4932.000000	46	114	0.490	0.435
4938.000000	46	114	0.492	0.451
4944.000000	46	114	0.497	0.471
4950.000000	46	114	0.503	0.480
4956.000000	46	114	0.507	0.489
4962.000000	46	114	0.513	0.498
4968.000000	46	114	0.523	0.504
4974.000000	46	114	0.529	0.513
4980.000000	46	114	0.531	0.520
4986.000000	46	114	0.529	0.525
4992.000000	46	114	0.528	0.521
4998.000000	46	114	0.541	0.515
5004.000000	46	114	0.554	0.514
5010.000000	46	114	0.559	0.521
5016.000000	46	114	0.569	0.527
5022.000000	46	114	0.583	0.542
5028.000000	46	114	0.591	0.553
5034.000000	46	114	0.594	0.565
5040.000000	46	114	0.600	0.575
5046.000000	46	114	0.609	0.586
5052.000000	46	114	0.626	0.601
5058.000000	46	114	0.637	0.610
5064.000000	46	114	0.642	0.620
5070.000000	46	114	0.638	0.632
5076.000000	114	46	0.637	0.635
5082.000000	114	46	0.647	0.633
5088.000000	114	46	0.655	0.632
5094.000000	114	46	0.656	0.633
5100.000000	114	46	0.658	0.632
5106.000000	114	46	0.658	0.632
5112.000000	114	46	0.657	0.633
5118.000000	114	46	0.656	0.638
5124.000000	114	46	0.660	0.647
5130.000000	114	46	0.662	0.657
5136.000000	114	46	0.665	0.661
5142.000000	114	46	0.667	0.659
5148.000000	114	46	0.668	0.657
5154.000000	114	46	0.676	0.657
5160.000000	114	46	0.683	0.659
5166.000000	114	46	0.683	0.658
5172.000000	114	46	0.680	0.655
5178.000000	114	46	0.684	0.652
5184.000000	114	46	0.686	0.647
5190.000000	114	46	0.687	0.640
5196.000000	114	46	0.688	0.632
5202.000000	114	46	0.686	0.616
5208.000000	114	46	0.683	0.596
5214.000000	114	46	0.676	0.579
5220.000000	114	46	0.672	0.559
5226.000000	114	46	0.669	0.537
5232.000000	114	46	0.664	0.507
5238.000000	114	46	0.658	0.474
5244.000000	114	46	0.656	0.434
5250.000000	114	46	0.660	0.393
5256.000000	114	46	0.664	0.341
5262.000000	114	46	0.671	0.280
5268.000000	114	105	0.675	0.242
5274.000000	114	105	0.675	0.265
5280.000000	114	105	0.677	0.289
5286.000000	114	105	0.675	0.314
5292.000000	114	105	0.678	0.340
5298.000000	114	105	0.673	0.356
5304.000000	114	105	0.665	0.370
5310.000000	114	105	0.653	0.386
5316.000000	114	105	0.642	0.402
5322.000000	114	105	0.631	0.420
5328.000000	114	105	0.610	0.442
5334.000000	114	105	0.576	0.473
5340.000000	114	105	0.536	0.507
5346.000000	105	114	0.535	0.494
5352.000000	105	114	0.558	0.450
5358.000000	105	122	0.591	0.433
5364.000000	105	122	0.621	0.455
5370.000000	105	122	0.641	0.482
5376.000000	105	122	0.673	0.497
5382.000000	105	122	0.697	0.510
5388.000000	105	122	0.722	0.520
5394.000000	105	122	0.743	0.530
5400.000000	105	122	0.755	0.552
5406.000000	105	122	0.770	0.562
5412.000000	105	122	0.781	0.572
5418.000000	105	122	0.785	0.578
5424.000000	105	122	0.789	0.588
5430.000000	105	122	0.795	0.594
5436.000000	105	122	0.797	0.594
5442.000000	105	122	0.803	0.595
5448.000000	105	122	0.812	0.602
5454.000000	105	122	0.821	0.605
5460.000000	105	122	0.828	0.608
5466.000000	105	122	0.835	0.611
5472.000000	105	122	0.838	0.618
5478.000000	105	122	0.834	0.628
5484.000000	105	122	0.836	0.633
5490.000000	105	122	0.843	0.637
5496.000000	105	122	0.849	0.637
5502.000000	105	122	0.850	0.643
5508.000000	105	122	0.852	0.655
5514.000000	105	122	0.855	0.659
5520.000000	105	122	0.857	0.657
5526.000000	105	122	0.863	0.659
5532.000000	105	122	0.865	0.663
5538.000000	105	122	0.871	0.660
5544.000000	105	122	0.872	0.656
5550.000000	105	122	0.876	0.652
5556.000000	105	122	0.882	0.641
5562.000000	105	122	0.883	0.637
5568.000000	105	122	0.885	0.627
5574.000000	105	122	0.885	0.615
5580.000000	105	122	0.885	0.601
5586.000000	105	122	0.884	0.590
5592.000000	105	122	0.882	0.583
5598.000000	105	122	0.875	0.581
5604.000000	105	122	0.875	0.576
5610.000000	105	122	0.877	0.565
5616.000000	105	122	0.879	0.550
5622.000000	105	122	0.881	0.531
5628.000000	105	122	0.886	0.508
5634.000000	105	122	0.885	0.480
5640.000000	105	122	0.886	0.448
5646.000000	105	122	0.889	0.404
5652.000000	105	122	0.892	0.354
5658.000000	105	122	0.890	0.301
5664.000000	105	122	0.889	0.240
5670.000000	105	96	0.889	0.181
5676.000000	105	96	0.890	0.188
5682.000000	105	96	0.893	0.193
5688.000000	105	96	0.894	0.201
5694.000000	105	96	0.889	0.212
5700.000000	105	96	0.884	0.228
5706.000000	105	96	0.882	0.240
5712.000000	105	96	0.882	0.247
5718.000000	105	96	0.883	0.255
5724.000000	105	96	0.873	0.259
5730.000000	105	96	0.866	0.266
5736.000000	105	96	0.856	0.281
5742.000000	105	96	0.848	0.295
5748.000000	105	96	0.838	0.308
5754.000000	105	96	0.820	0.324
5760.000000	105	96	0.799	0.342
5766.000000	105	96	0.780	0.352
5772.000000	105	96	0.760	0.364
5778.000000	105	96	0.736	0.385
5784.000000	105	96	0.707	0.412
5790.000000	105	96	0.668	0.445
5796.000000	105	96	0.617	0.471
5802.000000	105	96	0.528	0.491
5808.000000	96	105	0.533	0.407
5814.000000	96	105	0.591	0.281
5820.000000	96	55	0.633	0.253
5826.000000	96	55	0.668	0.241
5832.000000	96	55	0.695	0.243
5838.000000	96	55	0.720	0.254
5844.000000	96	55	0.729	0.257
5850.000000	96	55	0.740	0.256
5856.000000	96	55	0.739	0.257
5862.000000	96	55	0.738	0.256
5868.000000	96	55	0.737	0.253
5874.000000	96	55	0.736	0.243
5880.000000	96	53	0.737	0.243
5886.000000	96	53	0.739	0.255
5892.000000	96	53	0.739	0.265
5898.000000	96	53	0.742	0.273
5904.000000	96	53	0.745	0.279
5910.000000	96	53	0.746	0.291
5916.000000	96	53	0.749	0.300
5922.000000	96	53	0.754	0.307
5928.000000	96	53	0.763	0.319
5934.000000	96	53	0.767	0.338
5940.000000	96	53	0.767	0.345
5946.000000	96	53	0.773	0.351
5952.000000	96	53	0.773	0.361
5958.000000	96	53	0.780	0.375
5964.000000	96	53	0.784	0.391
5970.000000	96	53	0.790	0.404
5976.000000	96	53	0.796	0.410
5982.000000	96	53	0.804	0.422
5988.000000	96	53	0.813	0.438
5994.000000	96	53	0.815	0.455
6000.000000	96	53	0.821	0.473
6006.000000	96	53	0.829	0.491
6012.000000	96	53	0.835	0.509
6018.000000	96	53	0.839	0.521
6024.000000	96	53	0.837	0.530
6030.000000	96	53	0.838	0.552
6036.000000	96	53	0.844	0.563
6042.000000	96	53	0.846	0.576
6048.000000	96	53	0.850	0.594
6054.000000	96	53	0.851	0.607
6060.000000	96	53	0.856	0.618
6066.000000	96	53	0.856	0.625
6072.000000	96	53	0.851	0.636
6078.000000	96	53	0.845	0.649
6084.000000	96	53	0.841	0.659
6090.000000	96	53	0.840	0.675
6096.000000	96	53	0.836	0.688
6102.000000	96	53	0.830	0.702
6108.000000	96	53	0.823	0.715
6114.000000	96	53	0.808	0.727
6120.000000	96	53	0.805	0.738
6126.000000	96	53	0.791	0.754
6132.000000	96	53	0.772	0.766
6138.000000	53	96	0.783	0.757
6144.000000	53	96	0.796	0.739
6150.000000	53	96	0.808	0.720
6156.000000	53	96	0.816	0.703
6162.000000	53	96	0.827	0.674
6168.000000	53	96	0.841	0.641
6174.000000	53	96	0.856	0.604
6180.000000	53	96	0.865	0.562
6186.000000	53	96	0.885	0.491
6192.000000	53	96	0.907	0.399
6198.000000	53	96	0.919	0.286
6204.000000	53	96	0.928	0.160
6210.000000	53	189	0.933	0.129
6216.000000	53	189	0.938	0.129
6222.000000	53	189	0.942	0.134
6228.000000	53	189	0.942	0.143
6234.000000	53	189	0.941	0.150
6240.000000	53	189	0.942	0.150
6246.000000	53	189	0.941	0.149
6252.000000	53	4	0.939	0.154
6258.000000	53	4	0.936	0.161
6264.000000	53	4	0.934	0.166
6270.000000	53	4	0.931	0.170
6276.000000	53	4	0.928	0.172
6282.000000	53	4	0.926	0.174
6288.000000	53	4	0.924	0.173
6294.000000	53	4	0.922	0.173
6300.000000	53	4	0.918	0.173
6306.000000	53	4	0.912	0.173
6312.000000	53	4	0.908	0.174
6318.000000	53	4	0.904	0.174
6324.000000	53	4	0.902	0.173
6330.000000	53	4	0.899	0.169
6336.000000	53	4	0.896	0.164
6342.000000	53	78	0.894	0.164
6348.000000	53	78	0.893	0.169
6354.000000	53	78	0.890	0.173
6360.000000	53	78	0.883	0.181
6366.000000	53	78	0.877	0.190
6372.000000	53	78	0.873	0.197
6378.000000	53	78	0.869	0.206
6384.000000	53	78	0.863	0.218
6390.000000	53	78	0.854	0.230
6396.000000	53	78	0.842	0.239
6402.000000	53	78	0.835	0.248
6408.000000	53	78	0.827	0.261
6414.000000	53	78	0.818	0.269
6420.000000	53	78	0.807	0.278
6426.000000	53	78	0.796	0.289
6432.000000	53	78	0.782	0.301
6438.000000	53	78	0.762	0.320
6444.000000	53	78	0.737	0.347
6450.000000	53	78	0.709	0.368
6456.000000	53	78	0.678	0.394
6462.000000	53	78	0.643	0.429
6468.000000	53	78	0.588	0.458
6474.000000	53	78	0.502	0.497
6480.000000	78	53	0.542	0.383
6486.000000	78	190	0.599	0.290
6492.000000	78	190	0.660	0.303
6498.000000	78	190	0.704	0.321
6504.000000	78	190	0.724	0.338
6510.000000	78	190	0.745	0.353
6516.000000	78	190	0.768	0.363
6522.000000	78	190	0.780	0.375
6528.000000	78	190	0.786	0.393
6534.000000	78	190	0.794	0.406
6540.000000	78	190	0.798	0.422
6546.000000	78	190	0.800	0.435
6552.000000	78	190	0.799	0.444
6558.000000	78	190	0.797	0.446
6564.000000	78	190	0.796	0.444
6570.000000	78	190	0.800	0.445
6576.000000	78	190	0.809	0.453
6582.000000	78	190	0.815	0.461
6588.000000	78	190	0.819	0.466
6594.000000	78	190	0.823	0.473
6600.000000	78	190	0.828	0.485
6606.000000	78	190	0.832	0.494
6612.000000	78	190	0.835	0.500
6618.000000	78	190	0.835	0.511
6624.000000	78	190	0.838	0.520
6630.000000	78	190	0.834	0.536
6636.000000	78	190	0.837	0.550
6642.000000	78	190	0.838	0.555
6648.000000	78	190	0.838	0.561
6654.000000	78	190	0.836	0.571
6660.000000	78	190	0.832	0.581
6666.000000	78	190	0.829	0.589
6672.000000	78	190	0.827	0.591
6678.000000	78	190	0.826	0.592
6684.000000	78	190	0.828	0.593
6690.000000	78	190	0.828	0.596
6696.000000	78	190	0.826	0.602
6702.000000	78	190	0.828	0.607
6708.000000	78	190	0.830	0.618
6714.000000	78	190	0.828	0.626
6720.000000	78	190	0.824	0.628
6726.000000	78	190	0.822	0.633
6732.000000	78	190	0.823	0.635
6738.000000	78	190	0.824	0.637
6744.000000	78	190	0.821	0.643
6750.000000	78	190	0.822	0.642
6756.000000	78	190	0.819	0.641
6762.000000	78	190	0.815	0.641
6768.000000	78	190	0.807	0.641
6774.000000	78	190	0.804	0.639
6780.000000	78	190	0.802	0.641
6786.000000	78	190	0.798	0.640
6792.000000	78	190	0.798	0.636
6798.000000	78	190	0.796	0.632
6804.000000	78	190	0.788	0.629
6810.000000	78	190	0.775	0.635
6816.000000	78	190	0.762	0.637
6822.000000	78	190	0.748	0.638
6828.000000	78	190	0.735	0.635
6834.000000	78	190	0.715	0.639
6840.000000	78	190	0.696	0.635
6846.000000	78	190	0.670	0.633
6852.000000	190	78	0.634	0.630
6858.000000	190	78	0.640	0.582
6864.000000	190	78	0.650	0.523
6870.000000	190	78	0.654	0.454
6876.000000	190	78	0.673	0.335
6882.000000	190	40	0.693	0.313
6888.000000	190	40	0.700	0.346
6894.000000	190	40	0.711	0.386
6900.000000	190	40	0.714	0.438
6906.000000	190	40	0.708	0.474
6912.000000	190	40	0.693	0.509
6918.000000	190	40	0.675	0.541
6924.000000	190	40	0.659	0.571
6930.000000	190	40	0.646	0.596
6936.000000	190	40	0.636	0.610
6942.000000	40	190	0.624	0.614
6948.000000	40	190	0.635	0.594
6954.000000	40	190	0.647	0.575
6960.000000	40	190	0.658	0.564
6966.000000	40	190	0.672	0.544
6972.000000	40	190	0.698	0.505
6978.000000	40	190	0.722	0.461
6984.000000	40	190	0.758	0.419
6990.000000	40	190	0.776	0.364
6996.000000	40	190	0.813	0.294
7002.000000	40	190	0.830	0.244
7008.000000	40	190	0.843	0.188
7014.000000	40	86	0.858	0.145
7020.000000	40	86	0.873	0.140
7026.000000	40	86	0.889	0.134
7032.000000	40	118	0.892	0.129
7038.000000	40	118	0.895	0.125
7044.000000	40	118	0.899	0.121
7050.000000	40	118	0.908	0.119
7056.000000	40	118	0.920	0.113
7062.000000	40	8	0.928	0.116
7068.000000	40	8	0.931	0.120
7074.000000	40	8	0.932	0.121
7080.000000	40	8	0.932	0.118
7086.000000	40	132	0.930	0.121
7092.000000	40	132	0.928	0.123
7098.000000	40	132	0.928	0.126
7104.000000	40	65	0.928	0.127
7110.000000	40	65	0.927	0.134
7116.000000	40	65	0.926	0.140
7122.000000	40	65	0.924	0.147
7128.000000	40	65	0.922	0.149
7134.000000	40	65	0.918	0.148
7140.000000	40	65	0.915	0.151
7146.000000	40	65	0.915	0.153
7152.000000	40	65	0.914	0.152
7158.000000	40	65	0.914	0.150
7164.000000	40	65	0.913	0.149
7170.000000	40	65	0.912	0.149
7176.000000	40	65	0.910	0.148
7182.000000	40	65	0.906	0.147
7188.000000	40	183	0.903	0.153
7194.000000	40	183	0.902	0.160
7200.000000	40	183	0.900	0.170
7206.000000	40	183	0.898	0.178
7212.000000	40	183	0.897	0.182
7218.000000	40	183	0.896	0.182
7224.000000	40	183	0.895	0.185
7230.000000	40	183	0.892	0.191
7236.000000	40	183	0.890	0.200
7242.000000	40	183	0.888	0.209
7248.000000	40	183	0.886	0.220
7254.000000	40	183	0.882	0.230
7260.000000	40	183	0.877	0.246
7266.000000	40	183	0.869	0.264
7272.000000	40	183	0.867	0.285
7278.000000	40	183	0.866	0.311
7284.000000	40	183	0.862	0.331
7290.000000	40	183	0.855	0.360
7296.000000	40	183	0.848	0.402
7302.000000	40	183	0.838	0.438
7308.000000	40	183	0.824	0.466
7314.000000	40	183	0.814	0.494
7320.000000	40	183	0.801	0.520
7326.000000	40	183	0.781	0.538
7332.000000	40	183	0.757	0.559
7338.000000	40	183	0.728	0.591
7344.000000	40	183	0.692	0.622
7350.000000	183	40	0.653	0.639
7356.000000	183	40	0.699	0.567
7362.000000	183	40	0.746	0.455
7368.000000	183	40	0.795	0.260
7374.000000	183	174	0.847	0.171
7380.000000	183	174	0.889	0.165
7386.000000	183	27	0.901	0.165
7392.000000	183	27	0.907	0.173
7398.000000	183	27	0.916	0.183
7404.000000	183	27	0.918	0.190
7410.000000	183	27	0.919	0.201
7416.000000	183	27	0.923	0.214
7422.000000	183	27	0.924	0.228
7428.000000	183	27	0.923	0.237
7434.000000	183	27	0.923	0.247
7440.000000	183	27	0.924	0.262
7446.000000	183	27	0.926	0.274
7452.000000	183	27	0.928	0.275
7458.000000	183	27	0.926	0.273
7464.000000	183	27	0.927	0.272
7470.000000	183	27	0.927	0.277
7476.000000	183	27	0.927	0.287
7482.000000	183	27	0.928	0.295
7488.000000	183	27	0.927	0.300
7494.000000	183	27	0.926	0.304
7500.000000	183	27	0.924	0.314
7506.000000	183	27	0.923	0.318
7512.000000	183	27	0.922	0.320
7518.000000	183	27	0.922	0.322
7524.000000	183	27	0.922	0.327
7530.000000	183	27	0.921	0.334
7536.000000	183	27	0.921	0.341
7542.000000	183	27	0.921	0.343
7548.000000	183	27	0.919	0.347
7554.000000	183	27	0.916	0.351
7560.000000	183	27	0.915	0.357
7566.000000	183	27	0.914	0.362
7572.000000	183	27	0.919	0.361
7578.000000	183	27	0.919	0.357
7584.000000	183	27	0.919	0.355
7590.000000	183	27	0.919	0.350
7596.000000	183	27	0.920	0.347
7602.000000	183	27	0.920	0.342
7608.000000	183	27	0.919	0.332
7614.000000	183	27	0.919	0.313
7620.000000	183	27	0.918	0.297
7626.000000	183	27	0.916	0.279
7632.000000	183	27	0.912	0.259
7638.000000	183	27	0.910	0.243
7644.000000	183	27	0.905	0.227
7650.000000	183	35	0.896	0.209
7656.000000	183	35	0.891	0.219
7662.000000	183	35	0.884	0.231
7668.000000	183	35	0.879	0.240
7674.000000	183	35	0.873	0.249
7680.000000	183	35	0.866	0.264
7686.000000	183	35	0.861	0.285
7692.000000	183	35	0.854	0.312
7698.000000	183	35	0.849	0.342
7704.000000	183	35	0.845	0.370
7710.000000	183	35	0.839	0.391
7716.000000	183	35	0.829	0.420
7722.000000	183	35	0.818	0.450
7728.000000	183	35	0.794	0.489
7734.000000	183	35	0.764	0.538
7740.000000	183	35	0.733	0.579
7746.000000	183	35	0.690	0.622
7752.000000	35	183	0.681	0.616
7758.000000	35	183	0.719	0.545
7764.000000	35	183	0.758	0.431
7770.000000	35	183	0.802	0.270
7776.000000	35	20	0.856	0.191
7782.000000	35	20	0.888	0.173
7788.000000	35	170	0.906	0.161
7794.000000	35	170	0.911	0.160
7800.000000	35	170	0.912	0.168
7806.000000	35	170	0.908	0.177
7812.000000	35	164	0.905	0.184
7818.000000	35	164	0.906	0.200
7824.000000	35	164	0.903	0.222
7830.000000	35	164	0.900	0.235
7836.000000	35	164	0.900	0.242
7842.000000	35	164	0.898	0.252
7848.000000	35	164	0.895	0.263
7854.000000	35	164	0.893	0.268
7860.000000	35	164	0.890	0.272
7866.000000	35	164	0.884	0.275
7872.000000	35	164	0.882	0.277
7878.000000	35	164	0.880	0.281
7884.000000	35	164	0.878	0.286
7890.000000	35	164	0.875	0.289
7896.000000	35	164	0.872	0.294
7902.000000	35	164	0.871	0.298
7908.000000	35	164	0.869	0.300
7914.000000	35	164	0.867	0.299
7920.000000	35	164	0.865	0.298
7926.000000	35	164	0.864	0.295
7932.000000	35	164	0.860	0.299
7938.000000	35	164	0.856	0.302
7944.000000	35	164	0.856	0.298
7950.000000	35	164	0.862	0.295
7956.000000	35	164	0.863	0.289
7962.000000	35	164	0.863	0.279
7968.000000	35	164	0.862	0.278
7974.000000	35	164	0.860	0.282
7980.000000	35	164	0.859	0.277
7986.000000	35	164	0.859	0.268
7992.000000	35	164	0.861	0.258
7998.000000	35	164	0.857	0.253
8004.000000	35	164	0.855	0.250
8010.000000	35	164	0.851	0.247
8016.000000	35	164	0.844	0.246
8022.000000	35	164	0.839	0.243
8028.000000	35	164	0.833	0.239
8034.000000	35	164	0.829	0.231
8040.000000	35	164	0.821	0.224
8046.000000	35	164	0.810	0.215
8052.000000	35	157	0.800	0.216
8058.000000	35	157	0.791	0.216
8064.000000	35	157	0.780	0.211
8070.000000	35	157	0.763	0.207
8076.000000	35	157	0.748	0.204
8082.000000	35	157	0.736	0.201
8088.000000	35	157	0.722	0.193
8094.000000	35	157	0.701	0.189
8100.000000	35	157	0.687	0.186
8106.000000	35	121	0.674	0.187
8112.000000	35	121	0.656	0.190
8118.000000	35	121	0.627	0.191
8124.000000	35	121	0.603	0.188
8130.000000	35	121	0.575	0.190
8136.000000	35	121	0.537	0.195
8142.000000	35	121	0.481	0.198
8148.000000	35	121	0.419	0.201
8154.000000	35	120	0.320	0.209
8160.000000	120	35	0.231	0.197
8166.000000	120	86	0.258	0.184
8172.000000	120	86	0.281	0.187
8178.000000	120	168	0.307	0.199
8184.000000	120	168	0.352	0.218
8190.000000	120	168	0.386	0.240
8196.000000	120	168	0.408	0.254
8202.000000	120	168	0.431	0.269
8208.000000	120	168	0.457	0.280
8214.000000	120	168	0.478	0.293
8220.000000	120	168	0.497	0.309
8226.000000	120	168	0.520	0.319
8232.000000	120	168	0.535	0.328
8238.000000	120	168	0.546	0.339
8244.000000	120	168	0.562	0.356
8250.000000	120	168	0.568	0.371
8256.000000	120	168	0.578	0.377
8262.000000	120	168	0.586	0.381
8268.000000	120	168	0.598	0.388
8274.000000	120	168	0.603	0.402
8280.000000	120	168	0.611	0.409
8286.000000	120	168	0.617	0.413
8292.000000	120	168	0.617	0.416
8298.000000	120	168	0.612	0.422
8304.000000	120	168	0.609	0.429
8310.000000	120	168	0.612	0.435
8316.000000	120	168	0.617	0.441
8322.000000	120	168	0.630	0.448
8328.000000	120	168	0.634	0.453
8334.000000	120	168	0.638	0.459
8340.000000	120	168	0.642	0.461
8346.000000	120	168	0.646	0.463
8352.000000	120	168	0.648	0.467
8358.000000	120	168	0.650	0.475
8364.000000	120	168	0.653	0.474
8370.000000	120	168	0.658	0.472
8376.000000	120	168	0.659	0.477
8382.000000	120	168	0.665	0.478
8388.000000	120	168	0.669	0.477
8394.000000	120	168	0.668	0.472
8400.000000	120	168	0.666	0.465
8406.000000	120	168	0.659	0.464
8412.000000	120	168	0.657	0.460
8418.000000	120	168	0.665	0.452
8424.000000	120	168	0.673	0.448
8430.000000	120	168	0.679	0.440
8436.000000	120	168	0.686	0.429
8442.000000	120	168	0.701	0.412
8448.000000	120	168	0.711	0.403
8454.000000	120	168	0.726	0.391
8460.000000	120	168	0.745	0.373
8466.000000	120	168	0.759	0.355
8472.000000	120	19	0.768	0.341
8478.000000	120	19	0.780	0.343
8484.000000	120	19	0.798	0.339
8490.000000	120	19	0.807	0.330
8496.000000	120	19	0.818	0.311
8502.000000	120	19	0.822	0.303
8508.000000	120	19	0.833	0.290
8514.000000	120	19	0.844	0.268
8520.000000	120	19	0.855	0.255
8526.000000	120	19	0.864	0.235
8532.000000	120	19	0.886	0.211
8538.000000	120	19	0.904	0.190
8544.000000	120	19	0.913	0.172
8550.000000	120	20	0.923	0.178
8556.000000	120	20	0.930	0.188
8562.000000	120	20	0.931	0.200
8568.000000	120	20	0.931	0.211
8574.000000	120	20	0.931	0.226
8580.000000	120	20	0.927	0.244
8586.000000	120	20	0.928	0.262
8592.000000	120	20	0.925	0.278
8598.000000	120	20	0.921	0.294
8604.000000	120	20	0.916	0.308
8610.000000	120	20	0.912	0.322
8616.000000	120	20	0.909	0.331
8622.000000	120	20	0.905	0.337
8628.000000	120	20	0.899	0.342
8634.000000	120	20	0.896	0.348
8640.000000	120	20	0.891	0.355
8646.000000	120	20	0.885	0.362
8652.000000	120	20	0.877	0.365
8658.000000	120	20	0.868	0.372
8664.000000	120	20	0.862	0.382
8670.000000	120	20	0.857	0.393
8676.000000	120	20	0.847	0.403
8682.000000	120	20	0.835	0.413
8688.000000	120	20	0.824	0.426
8694.000000	120	20	0.806	0.444
8700.000000	120	20	0.791	0.462
8706.000000	120	20	0.777	0.476
8712.000000	120	20	0.749	0.496
8718.000000	120	20	0.707	0.507
8724.000000	120	20	0.658	0.530
8730.000000	120	20	0.577	0.553
8736.000000	20	120	0.586	0.489
8742.000000	20	120	0.615	0.389
8748.000000	20	120	0.648	0.270
8754.000000	20	42	0.702	0.192
8760.000000	20	42	0.749	0.197
8766.000000	20	42	0.769	0.208
8772.000000	20	42	0.786	0.231
8778.000000	20	42	0.807	0.239
8784.000000	20	42	0.833	0.247
8790.000000	20	42	0.846	0.258
8796.000000	20	42	0.854	0.271
8802.000000	20	42	0.853	0.285
8808.000000	20	42	0.861	0.290
8814.000000	20	42	0.862	0.299
8820.000000	20	42	0.868	0.306
8826.000000	20	42	0.867	0.311
8832.000000	20	42	0.864	0.318
8838.000000	20	42	0.866	0.328
8844.000000	20	42	0.866	0.337
8850.000000	20	42	0.864	0.340
8856.000000	20	42	0.868	0.341
8862.000000	20	42	0.870	0.345
8868.000000	20	42	0.870	0.347
8874.000000	20	42	0.873	0.348
8880.000000	20	42	0.877	0.353
8886.000000	20	42	0.876	0.356
8892.000000	20	42	0.876	0.358
8898.000000	20	42	0.876	0.362
8904.000000	20	42	0.876	0.375
8910.000000	20	42	0.875	0.387
8916.000000	20	42	0.873	0.392
8922.000000	20	42	0.870	0.399
8928.000000	20	42	0.872	0.408
8934.000000	20	42	0.872	0.420
8940.000000	20	42	0.872	0.426
8946.000000	20	42	0.874	0.432
8952.000000	20	42	0.873	0.441
8958.000000	20	42	0.871	0.453
8964.000000	20	42	0.870	0.465
8970.000000	20	42	0.872	0.480
8976.000000	20	42	0.874	0.496
8982.000000	20	42	0.874	0.510
8988.000000	20	42	0.873	0.520
8994.000000	20	42	0.871	0.529
9000.000000	20	42	0.868	0.547
9006.000000	20	42	0.863	0.564
9012.000000	20	42	0.855	0.579
9018.000000	20	42	0.851	0.585
9024.000000	20	42	0.844	0.600
9030.000000	20	42	0.829	0.616
9036.000000	20	42	0.817	0.621
9042.000000	20	42	0.803	0.629
9048.000000	20	42	0.794	0.635
9054.000000	20	42	0.778	0.643
9060.000000	20	42	0.749	0.658
9066.000000	20	42	0.719	0.678
9072.000000	42	20	0.693	0.688
9078.000000	42	20	0.704	0.658
9084.000000	42	20	0.717	0.614
9090.000000	42	20	0.742	0.541
9096.000000	42	20	0.767	0.452
9102.000000	42	20	0.801	0.323
9108.000000	42	20	0.841	0.172
9114.000000	42	167	0.865	0.149
9120.000000	42	167	0.884	0.148
9126.000000	42	167	0.891	0.150
9132.000000	42	167	0.903	0.151
9138.000000	42	167	0.911	0.145
9144.000000	42	167	0.916	0.134
9150.000000	42	44	0.917	0.128
9156.000000	42	174	0.914	0.129
9162.000000	42	174	0.913	0.131
9168.000000	42	91	0.914	0.141
9174.000000	42	91	0.916	0.150
9180.000000	42	91	0.917	0.155
9186.000000	42	91	0.918	0.159
9192.000000	42	91	0.917	0.165
9198.000000	42	91	0.919	0.168
9204.000000	42	84	0.919	0.179
9210.000000	42	84	0.918	0.186
9216.000000	42	84	0.917	0.197
9222.000000	42	84	0.917	0.206
9228.000000	42	84	0.917	0.215
9234.000000	42	84	0.919	0.221
9240.000000	42	84	0.919	0.227
9246.000000	42	84	0.916	0.238
9252.000000	42	84	0.914	0.247
9258.000000	42	84	0.911	0.261
9264.000000	42	84	0.908	0.279
9270.000000	42	84	0.905	0.295
9276.000000	42	84	0.903	0.310
9282.000000	42	84	0.899	0.324
9288.000000	42	84	0.899	0.339
9294.000000	42	84	0.896	0.356
9300.000000	42	84	0.892	0.373
9306.000000	42	84	0.887	0.388
9312.000000	42	84	0.875	0.404
9318.000000	42	84	0.863	0.424
9324.000000	42	84	0.853	0.443
9330.000000	42	84	0.846	0.463
9336.000000	42	84	0.839	0.490
9342.000000	42	84	0.829	0.520
9348.000000	42	84	0.822	0.539
9354.000000	42	84	0.810	0.560
9360.000000	42	84	0.796	0.577
9366.000000	42	84	0.783	0.596
9372.000000	42	84	0.769	0.611
9378.000000	42	84	0.752	0.626
9384.000000	42	84	0.732	0.646
9390.000000	42	84	0.692	0.680
9396.000000	84	42	0.715	0.638
9402.000000	84	42	0.756	0.566
9408.000000	84	91	0.797	0.468
9414.000000	84	91	0.840	0.493
9420.000000	84	91	0.882	0.525
9426.000000	84	91	0.911	0.557
9432.000000	84	91	0.920	0.568
9438.000000	84	91	0.923	0.566
9444.000000	84	91	0.929	0.557
9450.000000	84	91	0.931	0.558
9456.000000	84	91	0.929	0.562
9462.000000	84	91	0.931	0.560
9468.000000	84	91	0.932	0.560
9474.000000	84	91	0.932	0.566
9480.000000	84	91	0.929	0.573
9486.000000	84	91	0.927	0.573
9492.000000	84	91	0.925	0.574
9498.000000	84	91	0.924	0.574
9504.000000	84	91	0.923	0.573
9510.000000	84	91	0.921	0.568
9516.000000	84	91	0.918	0.561
9522.000000	84	91	0.916	0.557
9528.000000	84	91	0.915	0.552
9534.000000	84	91	0.915	0.547
9540.000000	84	91	0.915	0.542
9546.000000	84	91	0.915	0.537
9552.000000	84	91	0.915	0.529
9558.000000	84	91	0.914	0.521
9564.000000	84	91	0.912	0.508
9570.000000	84	91	0.911	0.493
9576.000000	84	91	0.910	0.478
9582.000000	84	91	0.910	0.461
9588.000000	84	91	0.911	0.443
9594.000000	84	91	0.910	0.419
9600.000000	84	91	0.911	0.390
9606.000000	84	91	0.912	0.363
9612.000000	84	91	0.913	0.316
9618.000000	84	91	0.917	0.244
9624.000000	84	137	0.921	0.193
9630.000000	84	137	0.926	0.198
9636.000000	84	137	0.928	0.206
9642.000000	84	137	0.930	0.219
9648.000000	84	137	0.932	0.234
9654.000000	84	137	0.932	0.251
9660.000000	84	137	0.932	0.268
9666.000000	84	140	0.931	0.292
9672.000000	84	140	0.931	0.313
9678.000000	84	137	0.929	0.332
9684.000000	84	137	0.925	0.363
9690.000000	84	137	0.919	0.397
9696.000000	84	137	0.914	0.426
9702.000000	84	137	0.902	0.454
9708.000000	84	137	0.889	0.481
9714.000000	84	137	0.880	0.500
9720.000000	84	137	0.870	0.523
9726.000000	84	137	0.852	0.543
9732.000000	84	137	0.831	0.554
9738.000000	84	137	0.811	0.561
9744.000000	84	137	0.779	0.584
9750.000000	84	137	0.736	0.603
9756.000000	84	137	0.695	0.619
9762.000000	140	137	0.641	0.638
9768.000000	137	140	0.676	0.673
9774.000000	140	137	0.718	0.713
9780.000000	140	137	0.772	0.754
9786.000000	140	137	0.808	0.784
9792.000000	140	137	0.823	0.810
9798.000000	140	137	0.829	0.822
9804.000000	140	137	0.833	0.826
9810.000000	140	137	0.835	0.826
9816.000000	140	137	0.845	0.819
9822.000000	140	137	0.854	0.810
9828.000000	140	137	0.853	0.808
9834.000000	140	137	0.852	0.809
9840.000000	140	137	0.851	0.811
9846.000000	140	137	0.852	0.810
9852.000000	140	137	0.852	0.810
9858.000000	140	137	0.851	0.808
9864.000000	140	137	0.854	0.805
9870.000000	140	137	0.854	0.804
9876.000000	140	137	0.854	0.803
9882.000000	140	137	0.855	0.802
9888.000000	140	137	0.856	0.800
9894.000000	140	137	0.855	0.798
9900.000000	140	137	0.853	0.799
9906.000000	140	137	0.856	0.797
9912.000000	140	137	0.858	0.795
9918.000000	140	137	0.860	0.791
9924.000000	140	137	0.859	0.789
9930.000000	140	137	0.856	0.789
9936.000000	140	137	0.856	0.788
9942.000000	140	137	0.856	0.785
9948.000000	140	137	0.856	0.781
9954.000000	140	137	0.857	0.776
9960.000000	140	137	0.860	0.767
9966.000000	140	137	0.860	0.757
9972.000000	140	137	0.857	0.748
9978.000000	140	137	0.850	0.737
9984.000000	140	137	0.847	0.724
9990.000000	140	137	0.847	0.713
9996.000000	140	137	0.850	0.698
10002.000000	140	137	0.855	0.674
10008.000000	140	137	0.857	0.648
10014.000000	140	137	0.856	0.619
10020.000000	140	137	0.856	0.577
10026.000000	140	137	0.866	0.514
10032.000000	140	137	0.878	0.427
10038.000000	140	137	0.887	0.320
10044.000000	140	137	0.893	0.212
10050.000000	140	59	0.905	0.171
10056.000000	140	59	0.911	0.181
10062.000000	140	59	0.908	0.189
10068.000000	140	59	0.904	0.197
10074.000000	140	59	0.903	0.208
10080.000000	140	59	0.907	0.216
10086.000000	140	59	0.907	0.222
10092.000000	140	59	0.905	0.229
10098.000000	140	59	0.902	0.241
10104.000000	140	59	0.899	0.245
10110.000000	140	59	0.895	0.243
10116.000000	140	59	0.892	0.244
10122.000000	140	59	0.891	0.246
10128.000000	140	66	0.885	0.250
10134.000000	140	66	0.879	0.256
10140.000000	140	66	0.872	0.262
10146.000000	140	66	0.861	0.269
10152.000000	140	66	0.853	0.278
10158.000000	140	66	0.847	0.284
10164.000000	140	66	0.840	0.284
10170.000000	140	66	0.833	0.283
10176.000000	140	66	0.828	0.285
10182.000000	140	66	0.819	0.287
10188.000000	140	66	0.808	0.291
10194.000000	140	66	0.794	0.296
10200.000000	140	66	0.773	0.306
10206.000000	140	66	0.751	0.312
10212.000000	140	66	0.727	0.320
10218.000000	140	66	0.697	0.332
10224.000000	140	118	0.646	0.352
10230.000000	140	118	0.582	0.376
10236.000000	140	118	0.485	0.407
10242.000000	118	66	0.443	0.377
10248.000000	118	66	0.496	0.398
10254.000000	118	66	0.559	0.420
10260.000000	118	66	0.626	0.441
10266.000000	118	66	0.665	0.451
10272.000000	118	66	0.700	0.463
10278.000000	118	66	0.715	0.471
10284.000000	118	66	0.744	0.481
10290.000000	118	66	0.761	0.492
10296.000000	118	66	0.776	0.497
10302.000000	118	66	0.792	0.504
10308.000000	118	66	0.811	0.503
10314.000000	118	66	0.830	0.502
10320.000000	118	66	0.845	0.502
10326.000000	118	66	0.852	0.515
10332.000000	118	66	0.856	0.524
10338.000000	118	66	0.861	0.523
10344.000000	118	66	0.864	0.522
10350.000000	118	66	0.868	0.523
10356.000000	118	66	0.868	0.524
10362.000000	118	66	0.870	0.523
10368.000000	118	66	0.873	0.521
10374.000000	118	66	0.879	0.515
10380.000000	118	66	0.880	0.512
10386.000000	118	66	0.880	0.509
10392.000000	118	66	0.880	0.505
10398.000000	118	66	0.880	0.502
10404.000000	118	66	0.878	0.499
10410.000000	118	66	0.882	0.487
10416.000000	118	66	0.886	0.472
10422.000000	118	66	0.889	0.457
10428.000000	118	66	0.898	0.433
10434.000000	118	66	0.901	0.412
10440.000000	118	66	0.899	0.398
10446.000000	118	66	0.899	0.377
10452.000000	118	66	0.907	0.348
10458.000000	118	66	0.911	0.317
10464.000000	118	66	0.916	0.284
10470.000000	118	66	0.921	0.241
10476.000000	118	168	0.926	0.255
10482.000000	118	168	0.929	0.283
10488.000000	118	168	0.931	0.300
10494.000000	118	168	0.931	0.321
10500.000000	118	168	0.930	0.349
10506.000000	118	168	0.926	0.378
10512.000000	118	168	0.922	0.409
10518.000000	118	168	0.918	0.443
10524.000000	118	168	0.916	0.469
10530.000000	118	168	0.911	0.494
10536.000000	118	168	0.904	0.518
10542.000000	118	168	0.897	0.546
10548.000000	118	168	0.887	0.577
10554.000000	118	168	0.883	0.592
10560.000000	118	168	0.879	0.607
10566.000000	118	168	0.872	0.624
10572.000000	118	168	0.865	0.635
10578.000000	118	168	0.857	0.649
10584.000000	118	168	0.846	0.664
10590.000000	118	168	0.835	0.678
10596.000000	118	168	0.811	0.696
10602.000000	118	168	0.787	0.712
10608.000000	118	168	0.762	0.724
10614.000000	168	118	0.738	0.732
10620.000000	168	118	0.762	0.684
10626.000000	168	118	0.784	0.632
10632.000000	168	118	0.821	0.551
10638.000000	168	118	0.845	0.458
10644.000000	168	118	0.871	0.306
10650.000000	168	118	0.903	0.148
10656.000000	168	194	0.924	0.121
10662.000000	168	194	0.938	0.119
10668.000000	168	125	0.938	0.128
10674.000000	168	125	0.939	0.131
10680.000000	168	194	0.935	0.139
10686.000000	168	128	0.932	0.149
10692.000000	168	128	0.930	0.166
10698.000000	168	128	0.927	0.179
10704.000000	168	128	0.923	0.203
10710.000000	168	128	0.918	0.220
10716.000000	168	128	0.916	0.231
10722.000000	168	128	0.913	0.250
10728.000000	168	128	0.911	0.270
10734.000000	168	128	0.907	0.281
10740.000000	168	128	0.902	0.292
10746.000000	168	128	0.899	0.305
10752.000000	168	128	0.895	0.315
10758.000000	168	128	0.891	0.326
10764.000000	168	128	0.888	0.336
10770.000000	168	128	0.884	0.341
10776.000000	168	128	0.882	0.344
10782.000000	168	128	0.880	0.343
10788.000000	168	128	0.874	0.344
10794.000000	168	128	0.868	0.345
10800.000000	168	128	0.867	0.349
10806.000000	168	128	0.868	0.353
10812.000000	168	128	0.866	0.358
10818.000000	168	128	0.865	0.365
10824.000000	168	128	0.866	0.373
10830.000000	168	128	0.864	0.377
10836.000000	168	128	0.862	0.379
10842.000000	168	128	0.861	0.382
10848.000000	168	128	0.857	0.391
10854.000000	168	128	0.851	0.401
10860.000000	168	128	0.847	0.407
10866.000000	168	128	0.843	0.416
10872.000000	168	128	0.838	0.423
10878.000000	168	128	0.832	0.426
10884.000000	168	128	0.821	0.441
10890.000000	168	128	0.806	0.453
10896.000000	168	128	0.797	0.463
10902.000000	168	128	0.788	0.476
10908.000000	168	128	0.769	0.505
10914.000000	168	128	0.753	0.530
10920.000000	168	128	0.737	0.551
10926.000000	168	128	0.707	0.576
10932.000000	168	128	0.668	0.600
10938.000000	128	168	0.630	0.605
10944.000000	128	168	0.672	0.515
10950.000000	128	168	0.706	0.401
10956.000000	128	168	0.754	0.252
10962.000000	128	169	0.802	0.244
10968.000000	128	169	0.838	0.240
10974.000000	128	169	0.861	0.242
10980.000000	128	169	0.865	0.234
10986.000000	128	169	0.867	0.228
10992.000000	128	169	0.879	0.220
10998.000000	128	169	0.886	0.214
11004.000000	128	108	0.888	0.215
11010.000000	128	108	0.888	0.226
11016.000000	128	108	0.888	0.241
11022.000000	128	108	0.891	0.251
11028.000000	128	108	0.893	0.270
11034.000000	128	108	0.894	0.291
11040.000000	128	108	0.895	0.304
11046.000000	128	108	0.896	0.315
11052.000000	128	108	0.896	0.325
11058.000000	128	108	0.896	0.335
11064.000000	128	108	0.898	0.345
11070.000000	128	108	0.899	0.354
11076.000000	128	108	0.902	0.362
11082.000000	128	108	0.903	0.370
11088.000000	128	108	0.904	0.376
11094.000000	128	108	0.903	0.383
11100.000000	128	108	0.902	0.385
11106.000000	128	108	0.900	0.387
11112.000000	128	108	0.895	0.392
11118.000000	128	108	0.889	0.400
11124.000000	128	108	0.887	0.402
11130.000000	128	108	0.886	0.404
11136.000000	128	108	0.882	0.409
11142.000000	128	108	0.878	0.411
11148.000000	128	108	0.876	0.413
11154.000000	128	108	0.874	0.416
11160.000000	128	108	0.871	0.415
11166.000000	128	108	0.866	0.417
11172.000000	128	108	0.859	0.421
11178.000000	128	108	0.852	0.425
11184.000000	128	108	0.849	0.427
11190.000000	128	108	0.848	0.423
11196.000000	128	108	0.847	0.417
11202.000000	128	108	0.844	0.406
11208.000000	128	108	0.838	0.393
11214.000000	128	108	0.833	0.384
11220.000000	128	108	0.825	0.378
11226.000000	128	108	0.816	0.375
11232.000000	128	114	0.803	0.397
11238.000000	128	114	0.788	0.418
11244.000000	128	114	0.772	0.432
11250.000000	128	114	0.757	0.452
11256.000000	128	114	0.740	0.476
11262.000000	128	114	0.714	0.502
11268.000000	128	114	0.674	0.532
11274.000000	128	114	0.629	0.555
11280.000000	114	128	0.576	0.559
11286.000000	114	128	0.606	0.471
11292.000000	114	128	0.647	0.364
11298.000000	114	9	0.712	0.226
11304.000000	114	9	0.782	0.235
11310.000000	114	9	0.831	0.243
11316.000000	114	9	0.860	0.259
11322.000000	114	9	0.874	0.272
11328.000000	114	9	0.883	0.289
11334.000000	114	9	0.892	0.314
11340.000000	114	9	0.904	0.333
11346.000000	114	9	0.906	0.347
11352.000000	114	9	0.903	0.364
11358.000000	114	9	0.899	0.374
11364.000000	114	9	0.897	0.386
11370.000000	114	9	0.897	0.398
11376.000000	114	9	0.896	0.409
11382.000000	114	9	0.894	0.418
11388.000000	114	9	0.891	0.424
11394.000000	114	9	0.888	0.429
11400.000000	114	9	0.886	0.435
11406.000000	114	9	0.884	0.440
11412.000000	114	9	0.881	0.439
11418.000000	114	9	0.880	0.438
11424.000000	114	9	0.880	0.442
11430.000000	114	9	0.880	0.444
11436.000000	114	9	0.879	0.446
11442.000000	114	9	0.876	0.446
11448.000000	114	9	0.875	0.446
11454.000000	114	9	0.874	0.451
11460.000000	114	9	0.872	0.453
11466.000000	114	9	0.870	0.455
11472.000000	114	9	0.869	0.453
11478.000000	114	9	0.870	0.451
11484.000000	114	9	0.869	0.453
11490.000000	114	9	0.867	0.453
11496.000000	114	9	0.862	0.451
11502.000000	114	9	0.863	0.444
11508.000000	114	9	0.863	0.437
11514.000000	114	9	0.861	0.431
11520.000000	114	9	0.862	0.430
11526.000000	114	9	0.861	0.425
11532.000000	114	9	0.862	0.410
11538.000000	114	9	0.864	0.396
11544.000000	114	9	0.865	0.379
11550.000000	114	9	0.864	0.363
11556.000000	114	9	0.864	0.346
11562.000000	114	9	0.865	0.326
11568.000000	114	9	0.866	0.298
11574.000000	114	9	0.862	0.263
11580.000000	114	9	0.858	0.222
11586.000000	114	75	0.858	0.178
11592.000000	114	75	0.861	0.176
11598.000000	114	75	0.864	0.171
11604.000000	114	159	0.869	0.172
11610.000000	114	159	0.870	0.176
11616.000000	114	159	0.872	0.177
11622.000000	114	159	0.876	0.178
11628.000000	114	159	0.878	0.182
11634.000000	114	159	0.877	0.182
11640.000000	114	159	0.876	0.182
11646.000000	114	159	0.876	0.181
11652.000000	114	159	0.876	0.176
11658.000000	114	159	0.875	0.169
11664.000000	114	159	0.872	0.170
11670.000000	114	159	0.868	0.177
11676.000000	114	159	0.866	0.186
11682.000000	114	159	0.866	0.188
11688.000000	114	159	0.863	0.189
11694.000000	114	159	0.856	0.189
11700.000000	114	159	0.846	0.184
11706.000000	114	132	0.838	0.188
11712.000000	114	132	0.834	0.201
11718.000000	114	132	0.829	0.212
11724.000000	114	132	0.820	0.224
11730.000000	114	132	0.815	0.236
11736.000000	114	132	0.810	0.249
11742.000000	114	132	0.800	0.266
11748.000000	114	132	0.786	0.294
11754.000000	114	132	0.767	0.326
11760.000000	114	132	0.745	0.368
11766.000000	114	132	0.707	0.409
11772.000000	114	132	0.664	0.455
11778.000000	114	132	0.594	0.509
11784.000000	132	114	0.578	0.488
11790.000000	132	114	0.652	0.350
11796.000000	132	52	0.716	0.302
11802.000000	132	52	0.769	0.328
11808.000000	132	52	0.805	0.359
11814.000000	132	52	0.829	0.385
11820.000000	132	52	0.845	0.421
11826.000000	132	52	0.863	0.448
11832.000000	132	52	0.880	0.472
11838.000000	132	52	0.885	0.494
11844.000000	132	52	0.895	0.514
11850.000000	132	52	0.895	0.528
11856.000000	132	52	0.892	0.533
11862.000000	132	52	0.890	0.535
11868.000000	132	52	0.896	0.540
11874.000000	132	52	0.899	0.542
11880.000000	132	52	0.901	0.550
11886.000000	132	52	0.898	0.558
11892.000000	132	52	0.896	0.564
11898.000000	132	52	0.897	0.568
11904.000000	132	52	0.898	0.579
11910.000000	132	52	0.897	0.584
11916.000000	132	52	0.898	0.583
11922.000000	132	52	0.895	0.583
11928.000000	132	52	0.893	0.586
11934.000000	132	52	0.897	0.586
11940.000000	132	52	0.896	0.592
11946.000000	132	52	0.890	0.597
11952.000000	132	52	0.887	0.598
11958.000000	132	52	0.884	0.595
11964.000000	132	52	0.882	0.593
11970.000000	132	52	0.881	0.591
11976.000000	132	52	0.881	0.588
11982.000000	132	52	0.878	0.592
11988.000000	132	52	0.877	0.592
11994.000000	132	52	0.876	0.594
12000.000000	132	52	0.872	0.599
12006.000000	132	52	0.870	0.598
12012.000000	132	52	0.867	0.603
12018.000000	132	52	0.867	0.609
12024.000000	132	52	0.865	0.611
12030.000000	132	52	0.860	0.612
12036.000000	132	52	0.858	0.612
12042.000000	132	52	0.856	0.612
12048.000000	132	52	0.855	0.615
12054.000000	132	52	0.854	0.614
12060.000000	132	52	0.853	0.605
12066.000000	132	52	0.852	0.593
12072.000000	132	52	0.847	0.589
12078.000000	132	52	0.844	0.582
12084.000000	132	52	0.838	0.572
12090.000000	132	52	0.832	0.559
12096.000000	132	52	0.821	0.540
12102.000000	132	52	0.811	0.512
12108.000000	132	52	0.803	0.480
12114.000000	132	52	0.796	0.446
12120.000000	132	125	0.789	0.439
12126.000000	132	125	0.775	0.483
12132.000000	132	125	0.755	0.540
12138.000000	132	125	0.733	0.609
12144.000000	132	125	0.710	0.671
12150.000000	125	132	0.734	0.679
12156.000000	125	132	0.781	0.624
12162.000000	125	132	0.844	0.521
12168.000000	125	132	0.886	0.405
12174.000000	125	132	0.924	0.259
12180.000000	125	152	0.947	0.115
12186.000000	125	152	0.965	0.109
12192.000000	125	152	0.969	0.106
12198.000000	125	152	0.968	0.107
12204.000000	125	152	0.968	0.112
12210.000000	125	152	0.966	0.120
12216.000000	125	152	0.965	0.127
12222.000000	125	152	0.964	0.131
12228.000000	125	152	0.962	0.137
12234.000000	125	152	0.961	0.144
12240.000000	125	152	0.960	0.150
12246.000000	125	152	0.961	0.154
12252.000000	125	152	0.959	0.160
12258.000000	125	152	0.956	0.167
12264.000000	125	152	0.955	0.170
12270.000000	125	152	0.952	0.176
12276.000000	125	152	0.949	0.180
12282.000000	125	152	0.948	0.180
12288.000000	125	152	0.945	0.181
12294.000000	125	152	0.942	0.182
12300.000000	125	152	0.940	0.185
12306.000000	125	152	0.937	0.190
12312.000000	125	152	0.934	0.194
12318.000000	125	152	0.930	0.197
12324.000000	125	152	0.928	0.195
12330.000000	125	15	0.926	0.198
12336.000000	125	15	0.923	0.209
12342.000000	125	15	0.918	0.221
12348.000000	125	15	0.915	0.230
12354.000000	125	15	0.911	0.237
12360.000000	125	15	0.907	0.245
12366.000000	125	15	0.903	0.255
12372.000000	125	15	0.900	0.261
12378.000000	125	15	0.898	0.268
12384.000000	125	15	0.894	0.276
12390.000000	125	15	0.892	0.288
12396.000000	125	15	0.889	0.303
12402.000000	125	15	0.886	0.317
12408.000000	125	15	0.884	0.328
12414.000000	125	15	0.882	0.340
12420.000000	125	15	0.878	0.358
12426.000000	125	15	0.875	0.377
12432.000000	125	15	0.873	0.401
12438.000000	125	15	0.870	0.423
12444.000000	125	15	0.867	0.450
12450.000000	125	15	0.861	0.477
12456.000000	125	15	0.854	0.503
12462.000000	125	15	0.844	0.540
12468.000000	125	15	0.833	0.572
12474.000000	125	15	0.824	0.608
12480.000000	125	15	0.811	0.637
12486.000000	125	15	0.798	0.665
12492.000000	125	15	0.775	0.702
12498.000000	125	15	0.748	0.736
12504.000000	15	125	0.764	0.710
12510.000000	15	125	0.795	0.654
12516.000000	15	125	0.824	0.583
12522.000000	15	125	0.844	0.476
12528.000000	15	125	0.890	0.303
12534.000000	15	85	0.926	0.186
12540.000000	15	85	0.941	0.187
12546.000000	15	85	0.943	0.191
12552.000000	15	85	0.947	0.199
12558.000000	15	85	0.952	0.203
12564.000000	15	85	0.951	0.206
12570.000000	15	85	0.949	0.213
12576.000000	15	85	0.948	0.230
12582.000000	15	85	0.947	0.247
12588.000000	15	85	0.947	0.265
12594.000000	15	85	0.944	0.282
12600.000000	15	85	0.942	0.299
12606.000000	15	85	0.941	0.316
12612.000000	15	85	0.940	0.325
12618.000000	15	85	0.938	0.336
12624.000000	15	85	0.935	0.348
12630.000000	15	85	0.930	0.358
12636.000000	15	85	0.924	0.369
12642.000000	15	85	0.922	0.381
12648.000000	15	85	0.923	0.395
12654.000000	15	85	0.925	0.417
12660.000000	15	85	0.923	0.435
12666.000000	15	85	0.922	0.446
12672.000000	15	85	0.919	0.461
12678.000000	15	85	0.915	0.473
12684.000000	15	85	0.911	0.485
12690.000000	15	85	0.909	0.498
12696.000000	15	85	0.908	0.511
12702.000000	15	85	0.906	0.519
12708.000000	15	85	0.900	0.526
12714.000000	15	85	0.890	0.537
12720.000000	15	85	0.883	0.553
12726.000000	15	85	0.866	0.584
12732.000000	15	85	0.861	0.604
12738.000000	15	85	0.854	0.622
12744.000000	15	85	0.845	0.643
12750.000000	15	85	0.840	0.660
12756.000000	15	85	0.826	0.688
12762.000000	15	85	0.810	0.715
12768.000000	15	85	0.783	0.741
12774.000000	15	85	0.764	0.756
12780.000000	85	15	0.772	0.742
12786.000000	85	15	0.792	0.708
12792.000000	85	15	0.809	0.671
12798.000000	85	15	0.829	0.639
12804.000000	85	15	0.848	0.596
12810.000000	85	15	0.874	0.531
12816.000000	85	15	0.891	0.439
12822.000000	85	15	0.908	0.314
12828.000000	85	15	0.932	0.160
12834.000000	85	117	0.956	0.090
12840.000000	85	117	0.961	0.094
12846.000000	85	117	0.962	0.101
12852.000000	85	117	0.966	0.103
12858.000000	85	117	0.968	0.106
12864.000000	85	117	0.968	0.113
12870.000000	85	117	0.967	0.117
12876.000000	85	117	0.965	0.118
12882.000000	85	117	0.965	0.119
12888.000000	85	117	0.964	0.118
12894.000000	85	117	0.963	0.119
12900.000000	85	117	0.963	0.125
12906.000000	85	117	0.962	0.128
12912.000000	85	117	0.961	0.130
12918.000000	85	117	0.961	0.131
12924.000000	85	117	0.959	0.132
12930.000000	85	117	0.957	0.131
12936.000000	85	117	0.956	0.132
12942.000000	85	117	0.954	0.134
12948.000000	85	117	0.953	0.135
12954.000000	85	117	0.950	0.136
12960.000000	85	117	0.946	0.136
12966.000000	85	117	0.943	0.135
12972.000000	85	117	0.942	0.133
12978.000000	85	117	0.942	0.131
12984.000000	85	117	0.942	0.125
12990.000000	85	117	0.942	0.123
12996.000000	85	117	0.942	0.122
13002.000000	85	117	0.942	0.122
13008.000000	85	117	0.941	0.121
13014.000000	85	117	0.941	0.120
13020.000000	85	117	0.942	0.119
13026.000000	85	117	0.945	0.118
13032.000000	85	117	0.946	0.112
13038.000000	85	117	0.947	0.106
13044.000000	85	117	0.947	0.099
13050.000000	85	46	0.948	0.088
13056.000000	85	94	0.948	0.087
13062.000000	85	94	0.948	0.091
13068.000000	85	94	0.947	0.095
13074.000000	85	94	0.946	0.099
13080.000000	85	94	0.945	0.101
13086.000000	85	94	0.943	0.099
13092.000000	85	94	0.942	0.099
13098.000000	85	94	0.941	0.098
13104.000000	85	94	0.940	0.096
13110.000000	85	94	0.940	0.091
13116.000000	85	94	0.943	0.085
13122.000000	85	94	0.947	0.080
13128.000000	85	94	0.952	0.080
13134.000000	85	94	0.952	0.079
13140.000000	85	94	0.950	0.078
13146.000000	85	94	0.948	0.076
13152.000000	85	94	0.948	0.070
13158.000000	85	94	0.948	0.066
13164.000000	85	127	0.948	0.063
13170.000000	85	127	0.949	0.066
13176.000000	85	127	0.952	0.069
13182.000000	85	127	0.956	0.069
13188.000000	85	127	0.959	0.070
13194.000000	85	127	0.961	0.070
13200.000000	85	127	0.963	0.070
13206.000000	85	127	0.966	0.070
13212.000000	85	127	0.969	0.068
13218.000000	85	127	0.970	0.066
13224.000000	85	127	0.970	0.065
13230.000000	85	127	0.970	0.065
13236.000000	85	127	0.969	0.066
13242.000000	85	127	0.969	0.066
13248.000000	85	127	0.971	0.067
13254.000000	85	127	0.972	0.066
13260.000000	85	127	0.973	0.065
13266.000000	85	127	0.976	0.065
13272.000000	85	127	0.978	0.064
13278.000000	85	127	0.978	0.063
13284.000000	85	127	0.977	0.061
13290.000000	85	127	0.975	0.057
13296.000000	85	127	0.975	0.053
13302.000000	85	110	0.975	0.050
13308.000000	85	110	0.975	0.050
13314.000000	85	110	0.975	0.050
13320.000000	85	110	0.975	0.049
13326.000000	85	110	0.975	0.048
13332.000000	85	110	0.975	0.048
13338.000000	85	110	0.975	0.048
13344.000000	85	110	0.974	0.047
13350.000000	85	110	0.974	0.047
13356.000000	85	15	0.974	0.045
13362.000000	85	15	0.974	0.047
13368.000000	85	15	0.974	0.048
13374.000000	85	15	0.975	0.048
13380.000000	85	15	0.976	0.047
13386.000000	85	15	0.976	0.047
13392.000000	85	117	0.975	0.045
13398.000000	85	117	0.973	0.045
13404.000000	85	117	0.972	0.046
13410.000000	85	117	0.972	0.046
13416.000000	85	117	0.970	0.046
13422.000000	85	117	0.968	0.046
13428.000000	85	117	0.966	0.045
13434.000000	85	117	0.965	0.044
13440.000000	85	117	0.964	0.042
13446.000000	85	15	0.963	0.041
13452.000000	85	15	0.962	0.041
13458.000000	85	15	0.960	0.041
13464.000000	85	15	0.958	0.041
13470.000000	85	15	0.957	0.041
13476.000000	85	15	0.955	0.041
13482.000000	85	15	0.953	0.039
13488.000000	85	117	0.949	0.039
13494.000000	85	117	0.945	0.039
13500.000000	85	117	0.943	0.039
13506.000000	85	117	0.942	0.039
13512.000000	85	117	0.941	0.039
13518.000000	85	110	0.940	0.039
13524.000000	85	110	0.939	0.039
13530.000000	85	110	0.936	0.040
13536.000000	85	110	0.932	0.040
13542.000000	85	110	0.930	0.040
13548.000000	85	110	0.929	0.040
13554.000000	85	110	0.928	0.040
13560.000000	85	110	0.927	0.040
13566.000000	85	110	0.928	0.040
13572.000000	85	110	0.929	0.040
13578.000000	85	110	0.930	0.040
13584.000000	85	110	0.931	0.040
13590.000000	85	15	0.932	0.041
13596.000000	85	15	0.934	0.042
13602.000000	85	15	0.935	0.043
13608.000000	85	15	0.935	0.044
13614.000000	85	15	0.933	0.044
13620.000000	85	15	0.929	0.044
13626.000000	85	15	0.927	0.044
13632.000000	85	15	0.926	0.044
13638.000000	85	15	0.925	0.044
13644.000000	85	15	0.924	0.044
13650.000000	85	15	0.922	0.044
13656.000000	85	15	0.919	0.045
13662.000000	85	15	0.915	0.045
13668.000000	85	15	0.913	0.045
13674.000000	85	15	0.911	0.045
13680.000000	85	15	0.909	0.045
13686.000000	85	15	0.906	0.044
13692.000000	85	15	0.903	0.042
13698.000000	85	15	0.902	0.042
13704.000000	85	15	0.900	0.043
13710.000000	85	15	0.896	0.044
13716.000000	85	15	0.885	0.044
13722.000000	85	15	0.874	0.043
13728.000000	85	15	0.862	0.042
13734.000000	85	66	0.845	0.041
13740.000000	85	66	0.826	0.041
13746.000000	85	66	0.804	0.040
13752.000000	85	66	0.769	0.038
13758.000000	85	66	0.718	0.036
13764.000000	85	66	0.637	0.032
13770.000000	85	66	0.479	0.028
13776.000000	85	98	0.189	0.019
13782.000000	85	98	0.017	0.009
13788.000000	24	179	0.004	0.003
