0.000000	125	102	0.000	0.000
6.000000	51	175	0.992	0.039
12.000000	51	175	0.992	0.041
18.000000	51	175	0.992	0.043
24.000000	51	175	0.991	0.047
30.000000	51	175	0.989	0.052
36.000000	51	175	0.987	0.058
42.000000	51	175	0.985	0.066
48.000000	51	175	0.983	0.072
54.000000	51	175	0.980	0.075
60.000000	51	73	0.977	0.079
66.000000	51	73	0.974	0.087
72.000000	51	73	0.970	0.095
78.000000	51	175	0.966	0.109
84.000000	51	175	0.962	0.127
90.000000	51	175	0.958	0.142
96.000000	51	175	0.954	0.157
102.000000	51	175	0.949	0.181
108.000000	51	175	0.944	0.204
114.000000	51	175	0.940	0.212
120.000000	51	175	0.936	0.220
126.000000	51	175	0.933	0.230
132.000000	51	175	0.930	0.232
138.000000	51	175	0.928	0.234
144.000000	51	175	0.926	0.235
150.000000	51	175	0.924	0.238
156.000000	51	175	0.923	0.240
162.000000	51	175	0.921	0.240
168.000000	51	175	0.918	0.242
174.000000	51	175	0.915	0.245
180.000000	51	175	0.914	0.245
186.000000	51	175	0.910	0.248
192.000000	51	175	0.909	0.251
198.000000	51	175	0.908	0.251
204.000000	51	175	0.905	0.253
210.000000	51	175	0.901	0.253
216.000000	51	73	0.898	0.260
222.000000	51	73	0.895	0.267
228.000000	51	73	0.896	0.266
234.000000	51	73	0.896	0.266
240.000000	51	73	0.896	0.269
246.000000	51	73	0.896	0.274
252.000000	51	73	0.893	0.282
258.000000	51	73	0.893	0.298
264.000000	51	73	0.892	0.314
270.000000	51	73	0.887	0.324
276.000000	51	73	0.886	0.335
282.000000	51	73	0.882	0.348
288.000000	51	73	0.878	0.366
294.000000	51	73	0.874	0.387
300.000000	51	73	0.866	0.412
306.000000	51	73	0.860	0.426
312.000000	51	73	0.853	0.439
318.000000	51	73	0.848	0.450
324.000000	51	73	0.842	0.461
330.000000	51	73	0.831	0.472
336.000000	51	73	0.820	0.485
342.000000	51	73	0.804	0.499
348.000000	51	73	0.794	0.505
354.000000	51	73	0.785	0.515
360.000000	51	73	0.777	0.529
366.000000	51	73	0.763	0.542
372.000000	51	73	0.740	0.553
378.000000	51	73	0.721	0.563
384.000000	51	73	0.692	0.573
390.000000	51	73	0.663	0.590
396.000000	51	73	0.615	0.608
402.000000	73	51	0.640	0.557
408.000000	73	51	0.666	0.487
414.000000	73	51	0.692	0.393
420.000000	73	157	0.722	0.413
426.000000	73	157	0.748	0.447
432.000000	73	157	0.785	0.478
438.000000	73	157	0.796	0.503
444.000000	73	157	0.798	0.522
450.000000	73	157	0.798	0.535
456.000000	73	157	0.797	0.544
462.000000	73	157	0.790	0.568
468.000000	73	157	0.795	0.580
474.000000	73	157	0.798	0.584
480.000000	73	157	0.801	0.587
486.000000	73	157	0.803	0.595
492.000000	73	157	0.798	0.602
498.000000	73	157	0.794	0.609
504.000000	73	157	0.792	0.622
510.000000	73	157	0.789	0.636
516.000000	73	157	0.781	0.643
522.000000	73	157	0.777	0.646
528.000000	73	157	0.775	0.651
534.000000	73	157	0.775	0.653
540.000000	73	157	0.772	0.654
546.000000	73	157	0.771	0.655
552.000000	73	157	0.772	0.658
558.000000	73	157	0.772	0.659
564.000000	73	157	0.772	0.664
570.000000	73	157	0.773	0.670
576.000000	73	157	0.771	0.675
582.000000	73	157	0.768	0.681
588.000000	73	157	0.759	0.693
594.000000	73	157	0.757	0.698
600.000000	73	157	0.753	0.704
606.000000	73	157	0.747	0.708
612.000000	73	157	0.740	0.709
618.000000	73	157	0.729	0.717
624.000000	157	73	0.722	0.721
630.000000	157	73	0.725	0.710
636.000000	157	73	0.735	0.698
642.000000	157	73	0.737	0.689
648.000000	157	73	0.738	0.673
654.000000	157	73	0.739	0.654
660.000000	157	73	0.747	0.633
666.000000	157	73	0.764	0.605
672.000000	157	73	0.771	0.573
678.000000	157	73	0.773	0.535
684.000000	157	73	0.777	0.491
690.000000	157	73	0.777	0.451
696.000000	157	73	0.780	0.401
702.000000	157	71	0.788	0.398
708.000000	157	71	0.807	0.412
714.000000	157	71	0.829	0.421
720.000000	157	71	0.840	0.427
726.000000	157	71	0.844	0.434
732.000000	157	71	0.850	0.434
738.000000	157	71	0.851	0.429
744.000000	157	71	0.846	0.427
750.000000	157	71	0.839	0.428
756.000000	157	71	0.832	0.429
762.000000	157	71	0.829	0.434
768.000000	157	71	0.826	0.436
774.000000	157	71	0.822	0.428
780.000000	157	71	0.820	0.415
786.000000	157	71	0.813	0.412
792.000000	157	71	0.804	0.415
798.000000	157	71	0.792	0.416
804.000000	157	71	0.779	0.419
810.000000	157	71	0.767	0.417
816.000000	157	71	0.757	0.413
822.000000	157	71	0.749	0.407
828.000000	157	71	0.739	0.397
834.000000	157	71	0.720	0.393
840.000000	157	71	0.694	0.392
846.000000	157	71	0.666	0.384
852.000000	157	71	0.632	0.384
858.000000	157	71	0.597	0.383
864.000000	157	71	0.568	0.369
870.000000	157	71	0.529	0.357
876.000000	157	71	0.484	0.348
882.000000	157	71	0.431	0.331
888.000000	157	168	0.358	0.343
894.000000	168	71	0.376	0.310
900.000000	168	71	0.411	0.300
906.000000	168	132	0.431	0.285
912.000000	168	132	0.453	0.297
918.000000	168	132	0.473	0.303
924.000000	168	132	0.495	0.307
930.000000	168	132	0.514	0.315
936.000000	168	132	0.523	0.312
942.000000	168	132	0.537	0.309
948.000000	168	132	0.549	0.309
954.000000	168	132	0.562	0.311
960.000000	168	132	0.568	0.315
966.000000	168	132	0.579	0.322
972.000000	168	132	0.589	0.334
978.000000	168	132	0.590	0.341
984.000000	168	132	0.596	0.348
990.000000	168	132	0.600	0.352
996.000000	168	132	0.601	0.352
1002.000000	168	132	0.609	0.349
1008.000000	168	132	0.621	0.345
1014.000000	168	18	0.636	0.337
1020.000000	168	18	0.648	0.338
1026.000000	168	18	0.650	0.343
1032.000000	168	18	0.654	0.342
1038.000000	168	18	0.659	0.338
1044.000000	168	64	0.669	0.343
1050.000000	168	64	0.675	0.345
1056.000000	168	64	0.679	0.345
1062.000000	168	64	0.686	0.348
1068.000000	168	64	0.692	0.352
1074.000000	168	64	0.698	0.361
1080.000000	168	64	0.706	0.370
1086.000000	168	64	0.714	0.379
1092.000000	168	64	0.721	0.387
1098.000000	168	64	0.729	0.395
1104.000000	168	64	0.746	0.405
1110.000000	168	64	0.759	0.409
1116.000000	168	64	0.764	0.413
1122.000000	168	64	0.770	0.421
1128.000000	168	64	0.777	0.425
1134.000000	168	64	0.783	0.438
1140.000000	168	64	0.790	0.454
1146.000000	168	64	0.793	0.458
1152.000000	168	64	0.790	0.466
1158.000000	168	64	0.789	0.471
1164.000000	168	64	0.791	0.474
1170.000000	168	64	0.792	0.483
1176.000000	168	64	0.790	0.493
1182.000000	168	64	0.790	0.503
1188.000000	168	64	0.795	0.503
1194.000000	168	64	0.802	0.505
1200.000000	168	64	0.810	0.504
1206.000000	168	64	0.816	0.501
1212.000000	168	64	0.822	0.502
1218.000000	168	64	0.827	0.500
1224.000000	168	64	0.828	0.498
1230.000000	168	64	0.829	0.500
1236.000000	168	64	0.831	0.500
1242.000000	168	64	0.830	0.506
1248.000000	168	64	0.828	0.500
1254.000000	168	64	0.830	0.495
1260.000000	168	64	0.830	0.498
1266.000000	168	64	0.832	0.495
1272.000000	168	64	0.834	0.490
1278.000000	168	64	0.833	0.490
1284.000000	168	64	0.833	0.487
1290.000000	168	64	0.831	0.480
1296.000000	168	64	0.828	0.477
1302.000000	168	64	0.823	0.476
1308.000000	168	64	0.824	0.469
1314.000000	168	64	0.827	0.464
1320.000000	168	64	0.828	0.452
1326.000000	168	64	0.826	0.436
1332.000000	168	64	0.824	0.412
1338.000000	168	64	0.827	0.380
1344.000000	168	64	0.831	0.346
1350.000000	168	64	0.836	0.314
1356.000000	168	64	0.838	0.274
1362.000000	168	167	0.840	0.256
1368.000000	168	167	0.843	0.260
1374.000000	168	167	0.843	0.270
1380.000000	168	167	0.847	0.280
1386.000000	168	167	0.848	0.282
1392.000000	168	167	0.849	0.287
1398.000000	168	167	0.849	0.294
1404.000000	168	167	0.848	0.303
1410.000000	168	167	0.844	0.309
1416.000000	168	167	0.840	0.312
1422.000000	168	167	0.835	0.312
1428.000000	168	167	0.828	0.314
1434.000000	168	167	0.821	0.321
1440.000000	168	167	0.809	0.330
1446.000000	168	167	0.793	0.335
1452.000000	168	167	0.777	0.339
1458.000000	168	167	0.758	0.347
1464.000000	168	167	0.735	0.356
1470.000000	168	167	0.706	0.362
1476.000000	168	167	0.669	0.367
1482.000000	168	167	0.630	0.380
1488.000000	168	167	0.566	0.397
1494.000000	168	167	0.505	0.412
1500.000000	167	168	0.426	0.416
1506.000000	167	168	0.454	0.300
1512.000000	167	180	0.485	0.195
1518.000000	167	180	0.516	0.201
1524.000000	167	180	0.541	0.195
1530.000000	167	180	0.561	0.202
1536.000000	167	180	0.573	0.207
1542.000000	167	150	0.583	0.209
1548.000000	167	150	0.596	0.215
1554.000000	167	150	0.604	0.222
1560.000000	167	150	0.613	0.225
1566.000000	167	150	0.626	0.231
1572.000000	167	150	0.633	0.231
1578.000000	167	150	0.641	0.233
1584.000000	167	150	0.645	0.233
1590.000000	167	150	0.651	0.234
1596.000000	167	150	0.653	0.235
1602.000000	167	150	0.656	0.236
1608.000000	167	150	0.658	0.240
1614.000000	167	150	0.660	0.249
1620.000000	167	150	0.659	0.252
1626.000000	167	150	0.658	0.253
1632.000000	167	150	0.659	0.256
1638.000000	167	150	0.660	0.258
1644.000000	167	150	0.663	0.258
1650.000000	167	150	0.667	0.258
1656.000000	167	150	0.672	0.256
1662.000000	167	150	0.680	0.258
1668.000000	167	150	0.690	0.258
1674.000000	167	150	0.706	0.260
1680.000000	167	150	0.711	0.263
1686.000000	167	150	0.711	0.266
1692.000000	167	150	0.715	0.270
1698.000000	167	150	0.723	0.272
1704.000000	167	150	0.728	0.269
1710.000000	167	107	0.733	0.262
1716.000000	167	107	0.739	0.264
1722.000000	167	107	0.748	0.268
1728.000000	167	107	0.760	0.273
1734.000000	167	107	0.767	0.277
1740.000000	167	107	0.779	0.277
1746.000000	167	107	0.781	0.280
1752.000000	167	107	0.782	0.278
1758.000000	167	107	0.788	0.283
1764.000000	167	107	0.791	0.297
1770.000000	167	107	0.795	0.301
1776.000000	167	107	0.795	0.298
1782.000000	167	107	0.800	0.292
1788.000000	167	107	0.806	0.281
1794.000000	167	107	0.815	0.274
1800.000000	167	107	0.822	0.269
1806.000000	167	107	0.826	0.268
1812.000000	167	107	0.830	0.260
1818.000000	167	107	0.832	0.254
1824.000000	167	107	0.838	0.251
1830.000000	167	107	0.845	0.253
1836.000000	167	107	0.847	0.263
1842.000000	167	107	0.850	0.269
1848.000000	167	107	0.851	0.262
1854.000000	167	107	0.849	0.254
1860.000000	167	107	0.848	0.245
1866.000000	167	107	0.851	0.232
1872.000000	167	107	0.847	0.224
1878.000000	167	107	0.840	0.217
1884.000000	167	107	0.840	0.207
1890.000000	167	107	0.840	0.196
1896.000000	167	46	0.841	0.205
1902.000000	167	46	0.839	0.218
1908.000000	167	46	0.834	0.226
1914.000000	167	46	0.824	0.236
1920.000000	167	46	0.814	0.247
1926.000000	167	46	0.805	0.256
1932.000000	167	46	0.798	0.268
1938.000000	167	46	0.792	0.288
1944.000000	167	46	0.784	0.308
1950.000000	167	46	0.770	0.322
1956.000000	167	46	0.756	0.339
1962.000000	167	46	0.737	0.364
1968.000000	167	46	0.717	0.379
1974.000000	167	46	0.688	0.395
1980.000000	167	46	0.652	0.415
1986.000000	167	46	0.613	0.439
1992.000000	167	46	0.561	0.469
1998.000000	46	167	0.496	0.492
2004.000000	46	167	0.525	0.391
2010.000000	46	167	0.547	0.305
2016.000000	46	167	0.576	0.219
2022.000000	46	139	0.609	0.229
2028.000000	46	139	0.648	0.260
2034.000000	46	139	0.689	0.283
2040.000000	46	139	0.714	0.311
2046.000000	46	139	0.737	0.353
2052.000000	46	139	0.757	0.380
2058.000000	46	139	0.774	0.414
2064.000000	46	139	0.780	0.447
2070.000000	46	139	0.788	0.477
2076.000000	46	139	0.789	0.506
2082.000000	46	139	0.791	0.519
2088.000000	46	139	0.791	0.535
2094.000000	46	139	0.793	0.550
2100.000000	46	139	0.801	0.561
2106.000000	46	139	0.800	0.576
2112.000000	46	139	0.796	0.599
2118.000000	46	139	0.792	0.621
2124.000000	46	139	0.788	0.628
2130.000000	46	139	0.786	0.632
2136.000000	46	139	0.788	0.631
2142.000000	46	139	0.790	0.633
2148.000000	46	139	0.787	0.639
2154.000000	46	139	0.786	0.647
2160.000000	46	139	0.780	0.655
2166.000000	46	139	0.785	0.658
2172.000000	46	139	0.784	0.663
2178.000000	46	139	0.779	0.675
2184.000000	46	139	0.774	0.685
2190.000000	46	139	0.771	0.690
2196.000000	46	139	0.771	0.695
2202.000000	46	139	0.772	0.699
2208.000000	46	139	0.774	0.700
2214.000000	46	139	0.774	0.708
2220.000000	46	139	0.775	0.710
2226.000000	46	139	0.767	0.716
2232.000000	46	139	0.761	0.720
2238.000000	46	139	0.755	0.724
2244.000000	46	139	0.758	0.729
2250.000000	46	139	0.753	0.738
2256.000000	46	139	0.747	0.742
2262.000000	139	46	0.749	0.740
2268.000000	139	46	0.757	0.738
2274.000000	139	46	0.766	0.733
2280.000000	139	46	0.779	0.722
2286.000000	139	46	0.785	0.715
2292.000000	139	46	0.791	0.705
2298.000000	139	46	0.796	0.694
2304.000000	139	46	0.801	0.686
2310.000000	139	46	0.812	0.670
2316.000000	139	46	0.824	0.649
2322.000000	139	46	0.837	0.625
2328.000000	139	46	0.850	0.589
2334.000000	139	46	0.860	0.546
2340.000000	139	46	0.873	0.488
2346.000000	139	46	0.897	0.399
2352.000000	139	46	0.907	0.281
2358.000000	139	46	0.918	0.156
2364.000000	139	37	0.923	0.084
2370.000000	139	155	0.928	0.082
2376.000000	139	155	0.933	0.084
2382.000000	139	155	0.940	0.087
2388.000000	139	155	0.941	0.089
2394.000000	139	155	0.942	0.090
2400.000000	139	41	0.943	0.090
2406.000000	139	162	0.944	0.102
2412.000000	139	124	0.940	0.112
2418.000000	139	124	0.936	0.126
2424.000000	139	124	0.929	0.137
2430.000000	139	124	0.923	0.148
2436.000000	139	124	0.919	0.160
2442.000000	139	124	0.914	0.169
2448.000000	139	124	0.909	0.181
2454.000000	139	124	0.902	0.193
2460.000000	139	124	0.893	0.202
2466.000000	139	124	0.890	0.215
2472.000000	139	124	0.888	0.227
2478.000000	139	124	0.884	0.236
2484.000000	139	124	0.880	0.244
2490.000000	139	124	0.875	0.256
2496.000000	139	124	0.869	0.271
2502.000000	139	124	0.858	0.287
2508.000000	139	124	0.844	0.302
2514.000000	139	124	0.836	0.318
2520.000000	139	124	0.829	0.328
2526.000000	139	124	0.824	0.338
2532.000000	139	124	0.817	0.352
2538.000000	139	124	0.807	0.366
2544.000000	139	124	0.795	0.386
2550.000000	139	124	0.784	0.399
2556.000000	139	124	0.772	0.423
2562.000000	139	124	0.760	0.436
2568.000000	139	124	0.743	0.448
2574.000000	139	124	0.720	0.456
2580.000000	139	124	0.688	0.458
2586.000000	139	124	0.647	0.462
2592.000000	139	124	0.590	0.478
2598.000000	139	124	0.522	0.504
2604.000000	124	139	0.538	0.424
2610.000000	124	162	0.594	0.306
2616.000000	124	162	0.622	0.307
2622.000000	124	162	0.653	0.292
2628.000000	124	162	0.687	0.279
2634.000000	124	162	0.705	0.270
2640.000000	124	162	0.720	0.267
2646.000000	124	162	0.740	0.262
2652.000000	124	162	0.750	0.257
2658.000000	124	162	0.766	0.244
2664.000000	124	162	0.775	0.236
2670.000000	124	39	0.782	0.237
2676.000000	124	39	0.785	0.243
2682.000000	124	39	0.787	0.246
2688.000000	124	39	0.794	0.245
2694.000000	124	39	0.804	0.247
2700.000000	124	39	0.819	0.254
2706.000000	124	39	0.827	0.262
2712.000000	124	39	0.839	0.268
2718.000000	124	39	0.845	0.279
2724.000000	124	39	0.849	0.290
2730.000000	124	39	0.856	0.300
2736.000000	124	39	0.860	0.305
2742.000000	124	39	0.862	0.311
2748.000000	124	39	0.871	0.317
2754.000000	124	39	0.873	0.324
2760.000000	124	39	0.874	0.327
2766.000000	124	39	0.878	0.331
2772.000000	124	39	0.882	0.338
2778.000000	124	39	0.887	0.347
2784.000000	124	39	0.890	0.355
2790.000000	124	39	0.893	0.369
2796.000000	124	39	0.892	0.382
2802.000000	124	39	0.891	0.395
2808.000000	124	39	0.891	0.404
2814.000000	124	39	0.890	0.412
2820.000000	124	39	0.888	0.421
2826.000000	124	39	0.885	0.427
2832.000000	124	39	0.884	0.433
2838.000000	124	39	0.883	0.448
2844.000000	124	39	0.883	0.453
2850.000000	124	39	0.885	0.460
2856.000000	124	39	0.881	0.467
2862.000000	124	39	0.882	0.472
2868.000000	124	39	0.882	0.476
2874.000000	124	39	0.882	0.481
2880.000000	124	39	0.883	0.488
2886.000000	124	39	0.882	0.491
2892.000000	124	39	0.882	0.493
2898.000000	124	39	0.883	0.499
2904.000000	124	39	0.883	0.502
2910.000000	124	39	0.881	0.500
2916.000000	124	39	0.879	0.500
2922.000000	124	39	0.871	0.500
2928.000000	124	39	0.866	0.493
2934.000000	124	39	0.862	0.489
2940.000000	124	39	0.858	0.489
2946.000000	124	39	0.855	0.485
2952.000000	124	39	0.851	0.484
2958.000000	124	39	0.846	0.485
2964.000000	124	39	0.842	0.482
2970.000000	124	39	0.837	0.481
2976.000000	124	39	0.828	0.483
2982.000000	124	39	0.817	0.480
2988.000000	124	39	0.800	0.482
2994.000000	124	39	0.775	0.484
3000.000000	124	39	0.744	0.483
3006.000000	124	39	0.720	0.480
3012.000000	124	39	0.693	0.480
3018.000000	124	39	0.652	0.480
3024.000000	124	39	0.604	0.481
3030.000000	124	57	0.530	0.488
3036.000000	57	39	0.526	0.497
3042.000000	57	39	0.564	0.503
3048.000000	57	39	0.630	0.513
3054.000000	57	39	0.694	0.502
3060.000000	57	39	0.732	0.487
3066.000000	57	39	0.761	0.453
3072.000000	57	39	0.791	0.407
3078.000000	57	39	0.812	0.372
3084.000000	57	39	0.817	0.351
3090.000000	57	39	0.823	0.337
3096.000000	57	39	0.836	0.316
3102.000000	57	39	0.849	0.295
3108.000000	57	39	0.854	0.276
3114.000000	57	39	0.855	0.256
3120.000000	57	22	0.859	0.257
3126.000000	57	22	0.862	0.259
3132.000000	57	22	0.866	0.262
3138.000000	57	22	0.873	0.264
3144.000000	57	22	0.874	0.268
3150.000000	57	22	0.876	0.281
3156.000000	57	22	0.875	0.297
3162.000000	57	22	0.875	0.305
3168.000000	57	22	0.882	0.309
3174.000000	57	22	0.887	0.308
3180.000000	57	22	0.890	0.312
3186.000000	57	22	0.892	0.315
3192.000000	57	22	0.895	0.314
3198.000000	57	22	0.898	0.311
3204.000000	57	22	0.899	0.313
3210.000000	57	22	0.901	0.317
3216.000000	57	22	0.902	0.315
3222.000000	57	22	0.903	0.313
3228.000000	57	22	0.904	0.312
3234.000000	57	22	0.907	0.311
3240.000000	57	22	0.907	0.309
3246.000000	57	22	0.905	0.308
3252.000000	57	22	0.905	0.308
3258.000000	57	22	0.906	0.308
3264.000000	57	22	0.904	0.309
3270.000000	57	22	0.902	0.309
3276.000000	57	22	0.901	0.310
3282.000000	57	22	0.900	0.317
3288.000000	57	22	0.899	0.317
3294.000000	57	22	0.899	0.314
3300.000000	57	22	0.900	0.316
3306.000000	57	22	0.901	0.318
3312.000000	57	22	0.900	0.315
3318.000000	57	22	0.899	0.313
3324.000000	57	22	0.896	0.314
3330.000000	57	22	0.900	0.314
3336.000000	57	22	0.897	0.317
3342.000000	57	22	0.895	0.324
3348.000000	57	22	0.892	0.328
3354.000000	57	22	0.891	0.328
3360.000000	57	22	0.889	0.325
3366.000000	57	22	0.888	0.322
3372.000000	57	22	0.886	0.314
3378.000000	57	22	0.882	0.303
3384.000000	57	22	0.878	0.286
3390.000000	57	22	0.876	0.268
3396.000000	57	22	0.873	0.258
3402.000000	57	22	0.870	0.240
3408.000000	57	22	0.865	0.222
3414.000000	57	22	0.859	0.207
3420.000000	57	68	0.847	0.204
3426.000000	57	68	0.836	0.224
3432.000000	57	68	0.824	0.246
3438.000000	57	68	0.807	0.282
3444.000000	57	68	0.791	0.327
3450.000000	57	68	0.770	0.371
3456.000000	57	68	0.746	0.424
3462.000000	57	68	0.717	0.475
3468.000000	57	68	0.678	0.517
3474.000000	57	68	0.621	0.570
3480.000000	68	57	0.633	0.548
3486.000000	68	57	0.682	0.464
3492.000000	68	57	0.743	0.318
3498.000000	68	18	0.805	0.206
3504.000000	68	18	0.844	0.204
3510.000000	68	18	0.862	0.214
3516.000000	68	18	0.872	0.230
3522.000000	68	18	0.884	0.242
3528.000000	68	18	0.884	0.260
3534.000000	68	18	0.879	0.282
3540.000000	68	18	0.876	0.301
3546.000000	68	18	0.881	0.312
3552.000000	68	18	0.881	0.318
3558.000000	68	18	0.887	0.320
3564.000000	68	18	0.892	0.322
3570.000000	68	18	0.891	0.326
3576.000000	68	18	0.889	0.330
3582.000000	68	18	0.888	0.333
3588.000000	68	18	0.888	0.338
3594.000000	68	18	0.887	0.341
3600.000000	68	18	0.887	0.346
3606.000000	68	18	0.890	0.347
3612.000000	68	18	0.894	0.347
3618.000000	68	18	0.899	0.347
3624.000000	68	18	0.902	0.349
3630.000000	68	18	0.904	0.343
3636.000000	68	18	0.906	0.341
3642.000000	68	18	0.906	0.339
3648.000000	68	18	0.907	0.337
3654.000000	68	18	0.907	0.336
3660.000000	68	18	0.907	0.334
3666.000000	68	18	0.908	0.334
3672.000000	68	18	0.910	0.327
3678.000000	68	18	0.911	0.319
3684.000000	68	18	0.910	0.316
3690.000000	68	18	0.911	0.309
3696.000000	68	18	0.911	0.301
3702.000000	68	18	0.910	0.287
3708.000000	68	18	0.911	0.272
3714.000000	68	9	0.911	0.258
3720.000000	68	9	0.913	0.256
3726.000000	68	9	0.914	0.255
3732.000000	68	9	0.915	0.251
3738.000000	68	9	0.915	0.251
3744.000000	68	9	0.915	0.250
3750.000000	68	9	0.915	0.246
3756.000000	68	9	0.916	0.244
3762.000000	68	9	0.916	0.240
3768.000000	68	9	0.916	0.234
3774.000000	68	9	0.916	0.226
3780.000000	68	9	0.915	0.223
3786.000000	68	9	0.910	0.221
3792.000000	68	9	0.903	0.219
3798.000000	68	9	0.897	0.212
3804.000000	68	64	0.895	0.213
3810.000000	68	64	0.892	0.216
3816.000000	68	64	0.889	0.218
3822.000000	68	64	0.883	0.218
3828.000000	68	64	0.874	0.219
3834.000000	68	64	0.861	0.219
3840.000000	68	64	0.848	0.217
3846.000000	68	64	0.828	0.219
3852.000000	68	64	0.810	0.222
3858.000000	68	64	0.788	0.228
3864.000000	68	64	0.764	0.239
3870.000000	68	64	0.735	0.247
3876.000000	68	64	0.699	0.262
3882.000000	68	64	0.660	0.275
3888.000000	68	64	0.614	0.295
3894.000000	68	64	0.555	0.309
3900.000000	68	64	0.478	0.321
3906.000000	68	64	0.373	0.335
3912.000000	64	41	0.352	0.337
3918.000000	64	41	0.372	0.363
3924.000000	41	64	0.399	0.391
3930.000000	41	64	0.431	0.421
3936.000000	64	41	0.456	0.456
3942.000000	64	41	0.476	0.468
3948.000000	64	41	0.498	0.480
3954.000000	64	41	0.515	0.490
3960.000000	64	41	0.530	0.495
3966.000000	64	41	0.539	0.499
3972.000000	64	41	0.551	0.507
3978.000000	64	41	0.568	0.517
3984.000000	64	41	0.586	0.533
3990.000000	64	41	0.592	0.548
3996.000000	64	41	0.595	0.554
4002.000000	64	41	0.601	0.554
4008.000000	64	41	0.608	0.555
4014.000000	64	41	0.616	0.554
4020.000000	64	41	0.627	0.558
4026.000000	64	41	0.634	0.572
4032.000000	64	41	0.641	0.578
4038.000000	64	41	0.653	0.579
4044.000000	64	41	0.660	0.583
4050.000000	64	41	0.673	0.590
4056.000000	64	41	0.687	0.590
4062.000000	64	41	0.694	0.593
4068.000000	64	41	0.699	0.596
4074.000000	64	41	0.704	0.599
4080.000000	64	41	0.713	0.612
4086.000000	64	41	0.719	0.631
4092.000000	64	41	0.721	0.641
4098.000000	64	41	0.723	0.647
4104.000000	64	41	0.726	0.652
4110.000000	64	41	0.730	0.649
4116.000000	64	41	0.727	0.660
4122.000000	64	41	0.738	0.665
4128.000000	64	41	0.744	0.665
4134.000000	64	41	0.755	0.663
4140.000000	64	41	0.760	0.660
4146.000000	64	41	0.761	0.662
4152.000000	64	41	0.771	0.650
4158.000000	64	41	0.774	0.639
4164.000000	64	41	0.775	0.633
4170.000000	64	41	0.773	0.623
4176.000000	64	41	0.776	0.616
4182.000000	64	41	0.778	0.610
4188.000000	64	41	0.782	0.608
4194.000000	64	41	0.785	0.598
4200.000000	64	41	0.787	0.583
4206.000000	64	41	0.787	0.564
4212.000000	64	41	0.790	0.537
4218.000000	64	41	0.789	0.513
4224.000000	64	41	0.792	0.469
4230.000000	64	41	0.798	0.422
4236.000000	64	27	0.801	0.393
4242.000000	64	27	0.801	0.405
4248.000000	64	27	0.804	0.420
4254.000000	64	27	0.819	0.436
4260.000000	64	27	0.821	0.449
4266.000000	64	27	0.821	0.476
4272.000000	64	27	0.822	0.503
4278.000000	64	27	0.830	0.529
4284.000000	64	27	0.829	0.550
4290.000000	64	27	0.824	0.572
4296.000000	64	27	0.821	0.583
4302.000000	64	27	0.815	0.591
4308.000000	64	27	0.811	0.598
4314.000000	64	27	0.802	0.607
4320.000000	64	27	0.789	0.622
4326.000000	64	27	0.770	0.644
4332.000000	64	27	0.756	0.657
4338.000000	64	27	0.745	0.672
4344.000000	64	27	0.731	0.687
4350.000000	64	27	0.719	0.703
4356.000000	27	64	0.713	0.699
4362.000000	27	64	0.729	0.662
4368.000000	27	64	0.740	0.625
4374.000000	27	64	0.756	0.586
4380.000000	27	64	0.775	0.525
4386.000000	27	64	0.801	0.443
4392.000000	27	64	0.822	0.342
4398.000000	27	64	0.844	0.229
4404.000000	27	64	0.862	0.131
4410.000000	27	71	0.873	0.133
4416.000000	27	71	0.885	0.126
4422.000000	27	71	0.895	0.123
4428.000000	27	71	0.903	0.126
4434.000000	27	71	0.915	0.125
4440.000000	27	42	0.921	0.132
4446.000000	27	121	0.925	0.139
4452.000000	27	121	0.929	0.154
4458.000000	27	121	0.931	0.171
4464.000000	27	121	0.935	0.180
4470.000000	27	121	0.935	0.186
4476.000000	27	121	0.934	0.187
4482.000000	27	121	0.932	0.195
4488.000000	27	42	0.931	0.207
4494.000000	27	42	0.930	0.227
4500.000000	27	42	0.929	0.246
4506.000000	27	42	0.928	0.262
4512.000000	27	42	0.926	0.282
4518.000000	27	42	0.925	0.296
4524.000000	27	42	0.925	0.307
4530.000000	27	42	0.924	0.322
4536.000000	27	42	0.923	0.335
4542.000000	27	42	0.922	0.348
4548.000000	27	42	0.920	0.368
4554.000000	27	42	0.915	0.383
4560.000000	27	42	0.910	0.399
4566.000000	27	42	0.903	0.421
4572.000000	27	42	0.897	0.436
4578.000000	27	42	0.893	0.453
4584.000000	27	42	0.886	0.467
4590.000000	27	42	0.880	0.484
4596.000000	27	42	0.875	0.498
4602.000000	27	42	0.868	0.509
4608.000000	27	42	0.859	0.524
4614.000000	27	42	0.848	0.543
4620.000000	27	42	0.828	0.574
4626.000000	27	42	0.804	0.608
4632.000000	27	42	0.783	0.632
4638.000000	27	42	0.759	0.648
4644.000000	27	42	0.739	0.665
4650.000000	27	42	0.716	0.685
4656.000000	42	27	0.710	0.685
4662.000000	42	27	0.741	0.627
4668.000000	42	27	0.774	0.559
4674.000000	42	27	0.806	0.477
4680.000000	42	27	0.855	0.344
4686.000000	42	121	0.874	0.277
4692.000000	42	121	0.891	0.268
4698.000000	42	121	0.901	0.267
4704.000000	42	121	0.901	0.262
4710.000000	42	121	0.904	0.257
4716.000000	42	121	0.905	0.251
4722.000000	42	121	0.906	0.248
4728.000000	42	121	0.915	0.244
4734.000000	42	121	0.915	0.242
4740.000000	42	2	0.916	0.250
4746.000000	42	2	0.920	0.260
4752.000000	42	2	0.919	0.271
4758.000000	42	2	0.918	0.283
4764.000000	42	2	0.922	0.296
4770.000000	42	2	0.925	0.305
4776.000000	42	2	0.925	0.316
4782.000000	42	2	0.924	0.318
4788.000000	42	2	0.923	0.325
4794.000000	42	2	0.921	0.337
4800.000000	42	2	0.920	0.355
4806.000000	42	2	0.919	0.367
4812.000000	42	2	0.919	0.374
4818.000000	42	2	0.918	0.387
4824.000000	42	2	0.917	0.398
4830.000000	42	2	0.916	0.410
4836.000000	42	2	0.915	0.418
4842.000000	42	2	0.913	0.421
4848.000000	42	2	0.911	0.422
4854.000000	42	2	0.906	0.419
4860.000000	42	2	0.898	0.420
4866.000000	42	2	0.896	0.415
4872.000000	42	2	0.894	0.407
4878.000000	42	2	0.889	0.404
4884.000000	42	2	0.886	0.403
4890.000000	42	2	0.882	0.401
4896.000000	42	2	0.872	0.401
4902.000000	42	2	0.862	0.404
4908.000000	42	2	0.854	0.402
4914.000000	42	2	0.845	0.406
4920.000000	42	2	0.837	0.403
4926.000000	42	2	0.831	0.402
4932.000000	42	2	0.823	0.394
4938.000000	42	2	0.808	0.393
4944.000000	42	2	0.796	0.386
4950.000000	42	44	0.791	0.391
4956.000000	42	44	0.786	0.412
4962.000000	42	44	0.773	0.443
4968.000000	42	44	0.755	0.471
4974.000000	42	44	0.739	0.494
4980.000000	42	44	0.716	0.525
4986.000000	42	44	0.685	0.557
4992.000000	42	44	0.650	0.598
4998.000000	44	42	0.644	0.615
5004.000000	44	42	0.685	0.559
5010.000000	44	42	0.738	0.482
5016.000000	44	42	0.793	0.371
5022.000000	44	42	0.844	0.223
5028.000000	44	87	0.877	0.173
5034.000000	44	87	0.902	0.167
5040.000000	44	87	0.921	0.155
5046.000000	44	87	0.928	0.149
5052.000000	44	87	0.935	0.144
5058.000000	44	195	0.941	0.144
5064.000000	44	195	0.948	0.145
5070.000000	44	195	0.948	0.146
5076.000000	44	195	0.947	0.153
5082.000000	44	195	0.945	0.156
5088.000000	44	195	0.944	0.160
5094.000000	44	195	0.942	0.165
5100.000000	44	195	0.941	0.168
5106.000000	44	195	0.939	0.168
5112.000000	44	195	0.937	0.167
5118.000000	44	195	0.936	0.168
5124.000000	44	195	0.935	0.169
5130.000000	44	195	0.934	0.171
5136.000000	44	195	0.933	0.171
5142.000000	44	195	0.931	0.173
5148.000000	44	195	0.929	0.177
5154.000000	44	195	0.928	0.183
5160.000000	44	195	0.927	0.188
5166.000000	44	195	0.926	0.191
5172.000000	44	56	0.925	0.201
5178.000000	44	56	0.923	0.209
5184.000000	44	56	0.921	0.214
5190.000000	44	56	0.919	0.218
5196.000000	44	56	0.916	0.225
5202.000000	44	56	0.910	0.234
5208.000000	44	56	0.905	0.241
5214.000000	44	56	0.900	0.246
5220.000000	44	56	0.894	0.249
5226.000000	44	56	0.889	0.257
5232.000000	44	56	0.886	0.261
5238.000000	44	56	0.885	0.258
5244.000000	44	56	0.882	0.256
5250.000000	44	56	0.881	0.260
5256.000000	44	56	0.883	0.265
5262.000000	44	56	0.884	0.266
5268.000000	44	56	0.884	0.267
5274.000000	44	56	0.884	0.271
5280.000000	44	56	0.881	0.272
5286.000000	44	56	0.879	0.273
5292.000000	44	56	0.879	0.268
5298.000000	44	56	0.880	0.270
5304.000000	44	56	0.880	0.273
5310.000000	44	56	0.879	0.275
5316.000000	44	56	0.878	0.282
5322.000000	44	56	0.875	0.289
5328.000000	44	56	0.872	0.288
5334.000000	44	56	0.867	0.286
5340.000000	44	56	0.866	0.287
5346.000000	44	56	0.863	0.290
5352.000000	44	56	0.862	0.291
5358.000000	44	56	0.862	0.291
5364.000000	44	56	0.864	0.290
5370.000000	44	56	0.866	0.285
5376.000000	44	56	0.862	0.282
5382.000000	44	56	0.857	0.278
5388.000000	44	56	0.858	0.271
5394.000000	44	56	0.861	0.263
5400.000000	44	56	0.861	0.254
5406.000000	44	56	0.859	0.240
5412.000000	44	56	0.857	0.228
5418.000000	44	56	0.856	0.216
5424.000000	44	56	0.855	0.209
5430.000000	44	56	0.853	0.202
5436.000000	44	56	0.848	0.199
5442.000000	44	56	0.844	0.196
5448.000000	44	137	0.841	0.208
5454.000000	44	137	0.839	0.218
5460.000000	44	137	0.835	0.230
5466.000000	44	137	0.827	0.239
5472.000000	44	137	0.820	0.248
5478.000000	44	137	0.810	0.261
5484.000000	44	137	0.801	0.284
5490.000000	44	137	0.794	0.296
5496.000000	44	137	0.780	0.309
5502.000000	44	137	0.758	0.326
5508.000000	44	137	0.734	0.347
5514.000000	44	137	0.704	0.373
5520.000000	44	137	0.664	0.396
5526.000000	44	137	0.593	0.430
5532.000000	44	137	0.496	0.471
5538.000000	137	44	0.538	0.343
5544.000000	137	115	0.637	0.140
5550.000000	137	9	0.736	0.140
5556.000000	137	9	0.775	0.150
5562.000000	137	9	0.802	0.158
5568.000000	137	9	0.824	0.170
5574.000000	137	9	0.839	0.184
5580.000000	137	9	0.846	0.194
5586.000000	137	9	0.854	0.204
5592.000000	137	9	0.860	0.207
5598.000000	137	9	0.866	0.205
5604.000000	137	9	0.868	0.207
5610.000000	137	9	0.870	0.207
5616.000000	137	9	0.870	0.206
5622.000000	137	9	0.869	0.209
5628.000000	137	9	0.871	0.213
5634.000000	137	9	0.874	0.218
5640.000000	137	9	0.880	0.219
5646.000000	137	9	0.886	0.219
5652.000000	137	9	0.889	0.216
5658.000000	137	9	0.890	0.215
5664.000000	137	9	0.894	0.211
5670.000000	137	9	0.897	0.206
5676.000000	137	9	0.898	0.201
5682.000000	137	9	0.899	0.193
5688.000000	137	9	0.901	0.187
5694.000000	137	9	0.909	0.183
5700.000000	137	149	0.912	0.181
5706.000000	137	149	0.913	0.184
5712.000000	137	149	0.914	0.186
5718.000000	137	149	0.915	0.185
5724.000000	137	149	0.916	0.182
5730.000000	137	149	0.917	0.183
5736.000000	137	149	0.919	0.184
5742.000000	137	149	0.924	0.181
5748.000000	137	149	0.925	0.179
5754.000000	137	149	0.927	0.173
5760.000000	137	149	0.928	0.164
5766.000000	137	149	0.930	0.156
5772.000000	137	149	0.930	0.146
5778.000000	137	156	0.930	0.141
5784.000000	137	156	0.931	0.136
5790.000000	137	156	0.936	0.126
5796.000000	137	1	0.936	0.119
5802.000000	137	1	0.934	0.125
5808.000000	137	1	0.935	0.136
5814.000000	137	1	0.934	0.144
5820.000000	137	1	0.933	0.151
5826.000000	137	1	0.930	0.164
5832.000000	137	1	0.927	0.173
5838.000000	137	1	0.925	0.185
5844.000000	137	1	0.925	0.198
5850.000000	137	1	0.926	0.214
5856.000000	137	1	0.924	0.231
5862.000000	137	1	0.919	0.254
5868.000000	137	1	0.911	0.277
5874.000000	137	1	0.907	0.300
5880.000000	137	1	0.905	0.331
5886.000000	137	1	0.900	0.379
5892.000000	137	1	0.893	0.420
5898.000000	137	1	0.887	0.451
5904.000000	137	1	0.883	0.486
5910.000000	137	1	0.874	0.529
5916.000000	137	1	0.864	0.569
5922.000000	137	1	0.852	0.612
5928.000000	137	1	0.841	0.638
5934.000000	137	1	0.827	0.656
5940.000000	137	1	0.804	0.674
5946.000000	137	1	0.769	0.701
5952.000000	1	137	0.737	0.728
5958.000000	1	137	0.759	0.689
5964.000000	1	137	0.782	0.638
5970.000000	1	137	0.811	0.562
5976.000000	1	137	0.847	0.443
5982.000000	1	137	0.864	0.309
5988.000000	1	183	0.895	0.202
5994.000000	1	183	0.911	0.204
6000.000000	1	183	0.923	0.210
6006.000000	1	183	0.928	0.215
6012.000000	1	183	0.933	0.217
6018.000000	1	183	0.932	0.219
6024.000000	1	183	0.935	0.224
6030.000000	1	183	0.931	0.227
6036.000000	1	183	0.928	0.226
6042.000000	1	183	0.929	0.228
6048.000000	1	183	0.927	0.233
6054.000000	1	183	0.923	0.242
6060.000000	1	183	0.919	0.248
6066.000000	1	183	0.917	0.254
6072.000000	1	183	0.913	0.255
6078.000000	1	183	0.910	0.258
6084.000000	1	183	0.908	0.257
6090.000000	1	183	0.907	0.250
6096.000000	1	183	0.906	0.248
6102.000000	1	183	0.905	0.246
6108.000000	1	183	0.904	0.247
6114.000000	1	183	0.903	0.254
6120.000000	1	183	0.901	0.262
6126.000000	1	183	0.900	0.265
6132.000000	1	183	0.897	0.268
6138.000000	1	183	0.895	0.269
6144.000000	1	183	0.892	0.265
6150.000000	1	183	0.891	0.257
6156.000000	1	183	0.890	0.253
6162.000000	1	183	0.887	0.249
6168.000000	1	183	0.886	0.247
6174.000000	1	183	0.883	0.244
6180.000000	1	183	0.880	0.244
6186.000000	1	183	0.876	0.242
6192.000000	1	183	0.871	0.239
6198.000000	1	183	0.866	0.234
6204.000000	1	124	0.859	0.231
6210.000000	1	187	0.855	0.231
6216.000000	1	187	0.850	0.229
6222.000000	1	171	0.839	0.231
6228.000000	1	171	0.831	0.244
6234.000000	1	171	0.825	0.258
6240.000000	1	171	0.821	0.270
6246.000000	1	171	0.815	0.286
6252.000000	1	171	0.811	0.303
6258.000000	1	171	0.806	0.321
6264.000000	1	171	0.795	0.341
6270.000000	1	171	0.786	0.359
6276.000000	1	171	0.775	0.376
6282.000000	1	171	0.759	0.403
6288.000000	1	171	0.735	0.426
6294.000000	1	171	0.703	0.451
6300.000000	1	171	0.666	0.481
6306.000000	1	171	0.621	0.517
6312.000000	1	171	0.559	0.555
6318.000000	171	1	0.610	0.451
6324.000000	171	1	0.662	0.315
6330.000000	171	86	0.712	0.233
6336.000000	171	86	0.751	0.229
6342.000000	171	86	0.783	0.223
6348.000000	171	131	0.801	0.218
6354.000000	171	131	0.809	0.227
6360.000000	171	131	0.819	0.234
6366.000000	171	131	0.828	0.236
6372.000000	171	133	0.831	0.250
6378.000000	171	133	0.839	0.261
6384.000000	171	133	0.846	0.267
6390.000000	171	133	0.857	0.278
6396.000000	171	133	0.865	0.295
6402.000000	171	133	0.871	0.311
6408.000000	171	133	0.877	0.323
6414.000000	171	133	0.879	0.332
6420.000000	171	133	0.881	0.338
6426.000000	171	133	0.881	0.343
6432.000000	171	133	0.883	0.348
6438.000000	171	133	0.882	0.355
6444.000000	171	133	0.881	0.363
6450.000000	171	133	0.880	0.375
6456.000000	171	133	0.879	0.394
6462.000000	171	133	0.878	0.404
6468.000000	171	133	0.878	0.411
6474.000000	171	133	0.877	0.420
6480.000000	171	133	0.876	0.423
6486.000000	171	133	0.877	0.434
6492.000000	171	133	0.878	0.444
6498.000000	171	133	0.877	0.455
6504.000000	171	133	0.876	0.463
6510.000000	171	133	0.876	0.467
6516.000000	171	133	0.876	0.468
6522.000000	171	133	0.874	0.473
6528.000000	171	133	0.874	0.480
6534.000000	171	133	0.874	0.489
6540.000000	171	133	0.874	0.495
6546.000000	171	133	0.876	0.506
6552.000000	171	133	0.877	0.516
6558.000000	171	133	0.881	0.530
6564.000000	171	133	0.880	0.547
6570.000000	171	133	0.877	0.563
6576.000000	171	133	0.872	0.575
6582.000000	171	133	0.868	0.586
6588.000000	171	133	0.861	0.600
6594.000000	171	133	0.853	0.616
6600.000000	171	133	0.848	0.639
6606.000000	171	133	0.838	0.660
6612.000000	171	133	0.830	0.673
6618.000000	171	133	0.821	0.683
6624.000000	171	133	0.814	0.691
6630.000000	171	133	0.804	0.711
6636.000000	171	133	0.780	0.747
6642.000000	133	171	0.767	0.763
6648.000000	133	171	0.789	0.744
6654.000000	133	171	0.809	0.721
6660.000000	133	171	0.825	0.694
6666.000000	133	171	0.842	0.657
6672.000000	133	171	0.856	0.617
6678.000000	133	171	0.865	0.564
6684.000000	133	171	0.886	0.487
6690.000000	133	171	0.902	0.398
6696.000000	133	171	0.932	0.254
6702.000000	133	164	0.943	0.204
6708.000000	133	164	0.950	0.198
6714.000000	133	164	0.954	0.200
6720.000000	133	164	0.954	0.208
6726.000000	133	164	0.952	0.217
6732.000000	133	164	0.950	0.225
6738.000000	133	164	0.947	0.235
6744.000000	133	164	0.945	0.245
6750.000000	133	164	0.944	0.255
6756.000000	133	164	0.942	0.260
6762.000000	133	164	0.938	0.269
6768.000000	133	164	0.931	0.283
6774.000000	133	164	0.927	0.299
6780.000000	133	164	0.923	0.317
6786.000000	133	164	0.916	0.336
6792.000000	133	164	0.911	0.345
6798.000000	133	164	0.905	0.347
6804.000000	133	164	0.900	0.349
6810.000000	133	164	0.897	0.354
6816.000000	133	164	0.892	0.358
6822.000000	133	164	0.887	0.362
6828.000000	133	164	0.880	0.368
6834.000000	133	164	0.873	0.375
6840.000000	133	164	0.864	0.378
6846.000000	133	15	0.859	0.379
6852.000000	133	15	0.853	0.386
6858.000000	133	15	0.844	0.396
6864.000000	133	15	0.834	0.408
6870.000000	133	15	0.820	0.419
6876.000000	133	15	0.810	0.432
6882.000000	133	15	0.789	0.454
6888.000000	133	15	0.774	0.482
6894.000000	133	15	0.761	0.504
6900.000000	133	15	0.750	0.517
6906.000000	133	15	0.732	0.538
6912.000000	133	15	0.698	0.558
6918.000000	133	15	0.655	0.582
6924.000000	15	133	0.615	0.607
6930.000000	15	133	0.664	0.529
6936.000000	15	133	0.711	0.431
6942.000000	15	164	0.761	0.365
6948.000000	15	164	0.817	0.373
6954.000000	15	164	0.853	0.383
6960.000000	15	164	0.862	0.389
6966.000000	15	164	0.866	0.388
6972.000000	15	164	0.864	0.384
6978.000000	15	164	0.865	0.375
6984.000000	15	164	0.866	0.366
6990.000000	15	164	0.869	0.358
6996.000000	15	164	0.873	0.345
7002.000000	15	164	0.873	0.334
7008.000000	15	164	0.875	0.314
7014.000000	15	164	0.873	0.298
7020.000000	15	164	0.871	0.284
7026.000000	15	164	0.872	0.256
7032.000000	15	164	0.872	0.226
7038.000000	15	153	0.877	0.207
7044.000000	15	153	0.879	0.208
7050.000000	15	153	0.881	0.208
7056.000000	15	153	0.882	0.209
7062.000000	15	153	0.883	0.212
7068.000000	15	85	0.884	0.216
7074.000000	15	85	0.884	0.224
7080.000000	15	85	0.884	0.229
7086.000000	15	85	0.885	0.240
7092.000000	15	85	0.882	0.255
7098.000000	15	85	0.880	0.263
7104.000000	15	85	0.878	0.265
7110.000000	15	85	0.879	0.273
7116.000000	15	85	0.880	0.286
7122.000000	15	85	0.877	0.297
7128.000000	15	85	0.876	0.307
7134.000000	15	85	0.875	0.315
7140.000000	15	85	0.872	0.316
7146.000000	15	85	0.869	0.316
7152.000000	15	85	0.866	0.328
7158.000000	15	85	0.862	0.346
7164.000000	15	85	0.855	0.359
7170.000000	15	85	0.849	0.372
7176.000000	15	85	0.844	0.387
7182.000000	15	85	0.835	0.399
7188.000000	15	85	0.827	0.416
7194.000000	15	85	0.825	0.424
7200.000000	15	85	0.825	0.435
7206.000000	15	85	0.821	0.451
7212.000000	15	85	0.815	0.472
7218.000000	15	85	0.806	0.499
7224.000000	15	85	0.794	0.533
7230.000000	15	85	0.778	0.569
7236.000000	15	85	0.759	0.604
7242.000000	15	85	0.740	0.638
7248.000000	15	85	0.713	0.676
7254.000000	85	15	0.713	0.682
7260.000000	85	15	0.744	0.635
7266.000000	85	15	0.791	0.575
7272.000000	85	15	0.826	0.514
7278.000000	85	15	0.867	0.416
7284.000000	85	15	0.902	0.286
7290.000000	85	57	0.922	0.162
7296.000000	85	57	0.942	0.170
7302.000000	85	57	0.952	0.176
7308.000000	85	57	0.952	0.188
7314.000000	85	57	0.953	0.202
7320.000000	85	57	0.952	0.217
7326.000000	85	57	0.950	0.235
7332.000000	85	57	0.949	0.254
7338.000000	85	57	0.947	0.268
7344.000000	85	57	0.944	0.280
7350.000000	85	57	0.941	0.295
7356.000000	85	57	0.937	0.311
7362.000000	85	57	0.935	0.330
7368.000000	85	57	0.931	0.352
7374.000000	85	57	0.927	0.373
7380.000000	85	57	0.923	0.395
7386.000000	85	57	0.919	0.420
7392.000000	85	57	0.917	0.437
7398.000000	85	57	0.915	0.444
7404.000000	85	57	0.912	0.452
7410.000000	85	57	0.906	0.471
7416.000000	85	57	0.902	0.483
7422.000000	85	57	0.900	0.491
7428.000000	85	57	0.895	0.500
7434.000000	85	57	0.886	0.512
7440.000000	85	57	0.878	0.520
7446.000000	85	57	0.869	0.530
7452.000000	85	57	0.856	0.549
7458.000000	85	57	0.846	0.566
7464.000000	85	57	0.842	0.579
7470.000000	85	57	0.838	0.594
7476.000000	85	57	0.834	0.605
7482.000000	85	57	0.829	0.614
7488.000000	85	57	0.821	0.627
7494.000000	85	57	0.807	0.648
7500.000000	85	57	0.796	0.665
7506.000000	85	57	0.780	0.696
7512.000000	85	57	0.765	0.723
7518.000000	85	57	0.745	0.736
7524.000000	57	85	0.760	0.717
7530.000000	57	85	0.775	0.687
7536.000000	57	85	0.803	0.631
7542.000000	57	85	0.826	0.563
7548.000000	57	85	0.852	0.474
7554.000000	57	85	0.877	0.374
7560.000000	57	85	0.909	0.223
7566.000000	57	107	0.929	0.219
7572.000000	57	107	0.937	0.240
7578.000000	57	107	0.942	0.253
7584.000000	57	107	0.944	0.264
7590.000000	57	107	0.942	0.283
7596.000000	57	107	0.944	0.302
7602.000000	57	107	0.942	0.323
7608.000000	57	107	0.940	0.347
7614.000000	57	107	0.938	0.365
7620.000000	57	107	0.935	0.383
7626.000000	57	107	0.932	0.400
7632.000000	57	107	0.928	0.416
7638.000000	57	107	0.924	0.428
7644.000000	57	107	0.921	0.435
7650.000000	57	107	0.920	0.447
7656.000000	57	107	0.918	0.460
7662.000000	57	107	0.915	0.471
7668.000000	57	107	0.910	0.480
7674.000000	57	107	0.905	0.489
7680.000000	57	107	0.901	0.504
7686.000000	57	107	0.900	0.518
7692.000000	57	107	0.894	0.531
7698.000000	57	107	0.888	0.540
7704.000000	57	107	0.887	0.546
7710.000000	57	107	0.884	0.557
7716.000000	57	107	0.878	0.567
7722.000000	57	107	0.871	0.578
7728.000000	57	107	0.857	0.596
7734.000000	57	107	0.847	0.607
7740.000000	57	107	0.834	0.621
7746.000000	57	107	0.814	0.651
7752.000000	57	107	0.795	0.683
7758.000000	57	107	0.777	0.712
7764.000000	57	107	0.759	0.725
7770.000000	107	57	0.741	0.732
7776.000000	107	57	0.755	0.700
7782.000000	107	57	0.778	0.663
7788.000000	107	57	0.793	0.621
7794.000000	107	57	0.815	0.566
7800.000000	107	57	0.844	0.495
7806.000000	107	57	0.872	0.417
7812.000000	107	57	0.900	0.304
7818.000000	107	63	0.915	0.221
7824.000000	107	63	0.925	0.227
7830.000000	107	63	0.940	0.234
7836.000000	107	63	0.939	0.235
7842.000000	107	63	0.938	0.233
7848.000000	107	63	0.938	0.233
7854.000000	107	63	0.940	0.234
7860.000000	107	63	0.940	0.239
7866.000000	107	63	0.942	0.245
7872.000000	107	63	0.941	0.251
7878.000000	107	63	0.938	0.254
7884.000000	107	63	0.935	0.253
7890.000000	107	63	0.933	0.248
7896.000000	107	63	0.932	0.248
7902.000000	107	63	0.930	0.248
7908.000000	107	63	0.926	0.243
7914.000000	107	112	0.920	0.252
7920.000000	107	112	0.915	0.263
7926.000000	107	112	0.916	0.277
7932.000000	107	112	0.912	0.290
7938.000000	107	112	0.909	0.308
7944.000000	107	112	0.907	0.318
7950.000000	107	112	0.906	0.330
7956.000000	107	112	0.905	0.340
7962.000000	107	112	0.904	0.354
7968.000000	107	112	0.901	0.371
7974.000000	107	112	0.896	0.385
7980.000000	107	112	0.890	0.395
7986.000000	107	112	0.884	0.407
7992.000000	107	112	0.879	0.426
7998.000000	107	112	0.870	0.457
8004.000000	107	112	0.857	0.488
8010.000000	107	112	0.845	0.525
8016.000000	107	112	0.830	0.564
8022.000000	107	112	0.812	0.598
8028.000000	107	112	0.792	0.622
8034.000000	107	112	0.770	0.651
8040.000000	107	112	0.745	0.673
8046.000000	107	112	0.712	0.699
8052.000000	112	107	0.714	0.674
8058.000000	112	107	0.743	0.617
8064.000000	112	107	0.776	0.550
8070.000000	112	107	0.808	0.461
8076.000000	112	107	0.832	0.340
8082.000000	112	107	0.860	0.218
8088.000000	112	140	0.884	0.154
8094.000000	112	140	0.895	0.155
8100.000000	112	140	0.910	0.156
8106.000000	112	140	0.921	0.162
8112.000000	112	140	0.930	0.177
8118.000000	112	140	0.935	0.193
8124.000000	112	140	0.937	0.205
8130.000000	112	140	0.935	0.219
8136.000000	112	140	0.935	0.233
8142.000000	112	140	0.935	0.248
8148.000000	112	140	0.936	0.261
8154.000000	112	140	0.936	0.272
8160.000000	112	140	0.935	0.285
8166.000000	112	140	0.934	0.298
8172.000000	112	140	0.933	0.307
8178.000000	112	140	0.932	0.320
8184.000000	112	140	0.929	0.330
8190.000000	112	140	0.927	0.344
8196.000000	112	140	0.925	0.367
8202.000000	112	140	0.924	0.387
8208.000000	112	140	0.922	0.408
8214.000000	112	140	0.920	0.434
8220.000000	112	140	0.915	0.458
8226.000000	112	140	0.913	0.482
8232.000000	112	140	0.908	0.504
8238.000000	112	140	0.904	0.525
8244.000000	112	140	0.902	0.538
8250.000000	112	140	0.901	0.555
8256.000000	112	140	0.899	0.565
8262.000000	112	140	0.899	0.579
8268.000000	112	140	0.897	0.589
8274.000000	112	140	0.895	0.604
8280.000000	112	140	0.887	0.622
8286.000000	112	140	0.882	0.639
8292.000000	112	140	0.875	0.664
8298.000000	112	140	0.866	0.699
8304.000000	112	140	0.854	0.722
8310.000000	112	140	0.837	0.744
8316.000000	112	140	0.820	0.767
8322.000000	112	140	0.799	0.796
8328.000000	140	112	0.821	0.785
8334.000000	140	112	0.837	0.767
8340.000000	140	112	0.852	0.746
8346.000000	140	112	0.867	0.720
8352.000000	140	112	0.880	0.690
8358.000000	140	112	0.896	0.636
8364.000000	140	112	0.918	0.568
8370.000000	140	112	0.930	0.505
8376.000000	140	112	0.940	0.413
8382.000000	140	112	0.950	0.286
8388.000000	140	112	0.960	0.153
8394.000000	140	22	0.969	0.130
8400.000000	140	22	0.969	0.129
8406.000000	140	100	0.969	0.127
8412.000000	140	100	0.968	0.142
8418.000000	140	100	0.967	0.147
8424.000000	140	100	0.965	0.155
8430.000000	140	100	0.964	0.166
8436.000000	140	100	0.963	0.180
8442.000000	140	100	0.961	0.192
8448.000000	140	100	0.961	0.201
8454.000000	140	100	0.960	0.211
8460.000000	140	100	0.958	0.222
8466.000000	140	100	0.957	0.237
8472.000000	140	100	0.955	0.253
8478.000000	140	100	0.954	0.266
8484.000000	140	100	0.953	0.284
8490.000000	140	100	0.951	0.303
8496.000000	140	100	0.949	0.324
8502.000000	140	100	0.947	0.349
8508.000000	140	100	0.944	0.373
8514.000000	140	100	0.942	0.392
8520.000000	140	100	0.939	0.414
8526.000000	140	100	0.935	0.439
8532.000000	140	100	0.930	0.464
8538.000000	140	100	0.926	0.483
8544.000000	140	100	0.922	0.504
8550.000000	140	100	0.916	0.527
8556.000000	140	100	0.908	0.548
8562.000000	140	100	0.902	0.561
8568.000000	140	100	0.894	0.575
8574.000000	140	100	0.883	0.587
8580.000000	140	100	0.868	0.603
8586.000000	140	100	0.850	0.622
8592.000000	140	100	0.821	0.648
8598.000000	140	100	0.794	0.674
8604.000000	140	100	0.762	0.689
8610.000000	100	140	0.714	0.708
8616.000000	100	140	0.740	0.656
8622.000000	100	140	0.778	0.591
8628.000000	100	140	0.814	0.502
8634.000000	100	140	0.838	0.409
8640.000000	100	43	0.862	0.401
8646.000000	100	43	0.885	0.419
8652.000000	100	43	0.897	0.434
8658.000000	100	43	0.902	0.435
8664.000000	100	43	0.904	0.438
8670.000000	100	43	0.902	0.443
8676.000000	100	43	0.899	0.450
8682.000000	100	43	0.894	0.456
8688.000000	100	43	0.889	0.450
8694.000000	100	43	0.888	0.445
8700.000000	100	43	0.886	0.442
8706.000000	100	43	0.883	0.435
8712.000000	100	43	0.884	0.426
8718.000000	100	43	0.884	0.417
8724.000000	100	43	0.884	0.410
8730.000000	100	43	0.884	0.399
8736.000000	100	43	0.882	0.386
8742.000000	100	43	0.883	0.370
8748.000000	100	43	0.882	0.353
8754.000000	100	156	0.881	0.344
8760.000000	100	156	0.881	0.347
8766.000000	100	156	0.883	0.346
8772.000000	100	156	0.888	0.345
8778.000000	100	156	0.889	0.348
8784.000000	100	156	0.888	0.342
8790.000000	100	156	0.887	0.333
8796.000000	100	156	0.887	0.329
8802.000000	100	156	0.888	0.325
8808.000000	100	156	0.889	0.314
8814.000000	100	156	0.893	0.303
8820.000000	100	156	0.895	0.290
8826.000000	100	156	0.896	0.276
8832.000000	100	156	0.896	0.257
8838.000000	100	156	0.897	0.234
8844.000000	100	189	0.899	0.242
8850.000000	100	189	0.899	0.267
8856.000000	100	189	0.898	0.296
8862.000000	100	189	0.897	0.325
8868.000000	100	189	0.895	0.352
8874.000000	100	189	0.893	0.382
8880.000000	100	189	0.891	0.425
8886.000000	100	189	0.884	0.465
8892.000000	100	189	0.880	0.500
8898.000000	100	189	0.875	0.541
8904.000000	100	189	0.868	0.577
8910.000000	100	189	0.860	0.618
8916.000000	100	189	0.847	0.645
8922.000000	100	189	0.829	0.670
8928.000000	100	189	0.813	0.695
8934.000000	100	189	0.796	0.721
8940.000000	100	189	0.772	0.736
8946.000000	189	100	0.767	0.734
8952.000000	189	100	0.782	0.701
8958.000000	189	100	0.807	0.654
8964.000000	189	100	0.825	0.595
8970.000000	189	100	0.850	0.527
8976.000000	189	100	0.877	0.449
8982.000000	189	100	0.908	0.319
8988.000000	189	100	0.928	0.175
8994.000000	189	169	0.938	0.131
9000.000000	189	130	0.943	0.128
9006.000000	189	130	0.945	0.142
9012.000000	189	130	0.948	0.153
9018.000000	189	130	0.949	0.166
9024.000000	189	130	0.952	0.178
9030.000000	189	130	0.951	0.183
9036.000000	189	130	0.953	0.187
9042.000000	189	130	0.950	0.194
9048.000000	189	130	0.948	0.203
9054.000000	189	130	0.946	0.208
9060.000000	189	130	0.943	0.213
9066.000000	189	130	0.941	0.215
9072.000000	189	130	0.940	0.217
9078.000000	189	130	0.940	0.218
9084.000000	189	130	0.939	0.218
9090.000000	189	130	0.939	0.221
9096.000000	189	130	0.937	0.227
9102.000000	189	130	0.936	0.230
9108.000000	189	130	0.934	0.235
9114.000000	189	130	0.931	0.238
9120.000000	189	130	0.930	0.243
9126.000000	189	130	0.928	0.249
9132.000000	189	130	0.924	0.253
9138.000000	189	130	0.921	0.256
9144.000000	189	130	0.918	0.257
9150.000000	189	130	0.915	0.260
9156.000000	189	130	0.914	0.270
9162.000000	189	130	0.913	0.275
9168.000000	189	130	0.911	0.282
9174.000000	189	130	0.907	0.289
9180.000000	189	130	0.905	0.292
9186.000000	189	130	0.904	0.294
9192.000000	189	130	0.903	0.293
9198.000000	189	130	0.902	0.294
9204.000000	189	130	0.900	0.292
9210.000000	189	130	0.895	0.290
9216.000000	189	130	0.888	0.290
9222.000000	189	130	0.882	0.291
9228.000000	189	130	0.879	0.288
9234.000000	189	130	0.876	0.289
9240.000000	189	130	0.871	0.287
9246.000000	189	130	0.868	0.281
9252.000000	189	130	0.866	0.282
9258.000000	189	130	0.864	0.283
9264.000000	189	130	0.859	0.283
9270.000000	189	130	0.850	0.283
9276.000000	189	130	0.839	0.283
9282.000000	189	130	0.828	0.282
9288.000000	189	130	0.819	0.281
9294.000000	189	130	0.808	0.276
9300.000000	189	130	0.798	0.276
9306.000000	189	130	0.785	0.273
9312.000000	189	130	0.761	0.273
9318.000000	189	130	0.729	0.275
9324.000000	189	130	0.691	0.274
9330.000000	189	118	0.657	0.277
9336.000000	189	118	0.615	0.303
9342.000000	189	118	0.553	0.324
9348.000000	189	118	0.468	0.354
9354.000000	118	189	0.406	0.354
9360.000000	118	130	0.468	0.293
9366.000000	118	19	0.543	0.327
9372.000000	118	19	0.621	0.363
9378.000000	118	19	0.690	0.400
9384.000000	118	19	0.731	0.441
9390.000000	118	19	0.753	0.467
9396.000000	118	19	0.759	0.492
9402.000000	118	19	0.770	0.523
9408.000000	118	19	0.781	0.542
9414.000000	118	19	0.789	0.560
9420.000000	118	19	0.800	0.579
9426.000000	118	19	0.811	0.592
9432.000000	118	19	0.819	0.603
9438.000000	118	19	0.829	0.611
9444.000000	118	19	0.835	0.618
9450.000000	118	19	0.841	0.630
9456.000000	118	19	0.841	0.636
9462.000000	118	19	0.841	0.635
9468.000000	118	19	0.842	0.634
9474.000000	118	19	0.841	0.635
9480.000000	118	19	0.841	0.638
9486.000000	118	19	0.842	0.638
9492.000000	118	19	0.842	0.641
9498.000000	118	19	0.843	0.644
9504.000000	118	19	0.846	0.645
9510.000000	118	19	0.846	0.648
9516.000000	118	19	0.846	0.653
9522.000000	118	19	0.845	0.662
9528.000000	118	19	0.844	0.672
9534.000000	118	19	0.844	0.675
9540.000000	118	19	0.840	0.680
9546.000000	118	19	0.835	0.688
9552.000000	118	19	0.837	0.688
9558.000000	118	19	0.836	0.688
9564.000000	118	19	0.836	0.689
9570.000000	118	19	0.834	0.691
9576.000000	118	19	0.831	0.696
9582.000000	118	19	0.828	0.699
9588.000000	118	19	0.824	0.703
9594.000000	118	19	0.818	0.706
9600.000000	118	19	0.820	0.700
9606.000000	118	19	0.817	0.696
9612.000000	118	19	0.819	0.693
9618.000000	118	19	0.820	0.687
9624.000000	118	19	0.822	0.682
9630.000000	118	19	0.822	0.684
9636.000000	118	19	0.815	0.687
9642.000000	118	19	0.807	0.685
9648.000000	118	19	0.798	0.675
9654.000000	118	19	0.786	0.665
9660.000000	118	172	0.778	0.647
9666.000000	118	172	0.769	0.661
9672.000000	118	172	0.752	0.684
9678.000000	118	172	0.727	0.701
9684.000000	172	118	0.726	0.699
9690.000000	172	118	0.746	0.671
9696.000000	172	118	0.780	0.631
9702.000000	172	118	0.827	0.583
9708.000000	172	118	0.867	0.519
9714.000000	172	118	0.891	0.444
9720.000000	172	118	0.922	0.331
9726.000000	172	118	0.948	0.187
9732.000000	172	113	0.962	0.100
9738.000000	172	113	0.964	0.102
9744.000000	172	113	0.970	0.103
9750.000000	172	113	0.974	0.110
9756.000000	172	113	0.974	0.123
9762.000000	172	113	0.974	0.136
9768.000000	172	113	0.973	0.143
9774.000000	172	113	0.972	0.151
9780.000000	172	113	0.970	0.165
9786.000000	172	113	0.969	0.184
9792.000000	172	113	0.967	0.199
9798.000000	172	113	0.966	0.214
9804.000000	172	113	0.964	0.236
9810.000000	172	113	0.961	0.263
9816.000000	172	113	0.959	0.291
9822.000000	172	113	0.956	0.326
9828.000000	172	113	0.952	0.356
9834.000000	172	113	0.948	0.381
9840.000000	172	113	0.944	0.402
9846.000000	172	113	0.940	0.424
9852.000000	172	113	0.933	0.457
9858.000000	172	113	0.929	0.487
9864.000000	172	113	0.925	0.515
9870.000000	172	113	0.920	0.544
9876.000000	172	113	0.916	0.565
9882.000000	172	113	0.913	0.585
9888.000000	172	113	0.908	0.598
9894.000000	172	113	0.898	0.610
9900.000000	172	113	0.891	0.624
9906.000000	172	113	0.887	0.640
9912.000000	172	113	0.881	0.656
9918.000000	172	113	0.869	0.671
9924.000000	172	113	0.862	0.684
9930.000000	172	113	0.852	0.697
9936.000000	172	113	0.843	0.707
9942.000000	172	113	0.824	0.726
9948.000000	172	113	0.807	0.737
9954.000000	172	113	0.790	0.749
9960.000000	172	113	0.768	0.762
9966.000000	113	172	0.782	0.735
9972.000000	113	172	0.801	0.699
9978.000000	113	172	0.818	0.649
9984.000000	113	172	0.829	0.596
9990.000000	113	172	0.843	0.518
9996.000000	113	172	0.870	0.393
10002.000000	113	83	0.894	0.410
10008.000000	113	83	0.910	0.460
10014.000000	113	83	0.921	0.502
10020.000000	113	83	0.926	0.527
10026.000000	113	83	0.931	0.546
10032.000000	113	83	0.932	0.568
10038.000000	113	83	0.931	0.592
10044.000000	113	83	0.930	0.613
10050.000000	113	83	0.929	0.621
10056.000000	113	83	0.929	0.622
10062.000000	113	83	0.930	0.626
10068.000000	113	83	0.927	0.633
10074.000000	113	83	0.928	0.641
10080.000000	113	83	0.925	0.652
10086.000000	113	83	0.924	0.659
10092.000000	113	83	0.923	0.667
10098.000000	113	83	0.922	0.672
10104.000000	113	83	0.920	0.684
10110.000000	113	83	0.918	0.686
10116.000000	113	83	0.915	0.690
10122.000000	113	83	0.907	0.697
10128.000000	113	83	0.898	0.704
10134.000000	113	83	0.893	0.706
10140.000000	113	83	0.887	0.712
10146.000000	113	83	0.879	0.715
10152.000000	113	83	0.866	0.725
10158.000000	113	83	0.856	0.736
10164.000000	113	83	0.850	0.741
10170.000000	113	83	0.837	0.753
10176.000000	113	83	0.824	0.762
10182.000000	113	83	0.811	0.768
10188.000000	113	83	0.800	0.774
10194.000000	113	83	0.791	0.778
10200.000000	83	113	0.783	0.780
10206.000000	83	113	0.792	0.764
10212.000000	83	113	0.798	0.745
10218.000000	83	113	0.805	0.718
10224.000000	83	113	0.816	0.687
10230.000000	83	113	0.838	0.644
10236.000000	83	113	0.856	0.599
10242.000000	83	113	0.888	0.518
10248.000000	83	113	0.902	0.430
10254.000000	83	113	0.917	0.321
10260.000000	83	11	0.938	0.214
10266.000000	83	11	0.951	0.219
10272.000000	83	11	0.957	0.229
10278.000000	83	11	0.959	0.237
10284.000000	83	11	0.958	0.260
10290.000000	83	11	0.956	0.289
10296.000000	83	11	0.955	0.314
10302.000000	83	11	0.954	0.338
10308.000000	83	11	0.952	0.366
10314.000000	83	11	0.951	0.391
10320.000000	83	11	0.949	0.415
10326.000000	83	11	0.947	0.440
10332.000000	83	11	0.945	0.462
10338.000000	83	11	0.942	0.483
10344.000000	83	11	0.938	0.500
10350.000000	83	11	0.934	0.516
10356.000000	83	11	0.931	0.528
10362.000000	83	11	0.926	0.545
10368.000000	83	11	0.919	0.562
10374.000000	83	11	0.907	0.579
10380.000000	83	11	0.899	0.589
10386.000000	83	11	0.891	0.598
10392.000000	83	11	0.882	0.604
10398.000000	83	11	0.873	0.609
10404.000000	83	11	0.864	0.618
10410.000000	83	11	0.853	0.628
10416.000000	83	11	0.833	0.646
10422.000000	83	11	0.808	0.665
10428.000000	83	11	0.786	0.683
10434.000000	83	11	0.763	0.696
10440.000000	83	11	0.733	0.710
10446.000000	11	83	0.719	0.712
10452.000000	11	83	0.729	0.687
10458.000000	11	83	0.751	0.649
10464.000000	11	83	0.778	0.594
10470.000000	11	83	0.807	0.526
10476.000000	11	83	0.846	0.420
10482.000000	11	83	0.882	0.295
10488.000000	11	122	0.901	0.212
10494.000000	11	122	0.915	0.221
10500.000000	11	122	0.928	0.228
10506.000000	11	122	0.933	0.238
10512.000000	11	122	0.939	0.248
10518.000000	11	122	0.942	0.261
10524.000000	11	122	0.942	0.277
10530.000000	11	122	0.943	0.297
10536.000000	11	122	0.942	0.315
10542.000000	11	122	0.938	0.331
10548.000000	11	122	0.937	0.351
10554.000000	11	122	0.936	0.380
10560.000000	11	122	0.932	0.409
10566.000000	11	122	0.928	0.438
10572.000000	11	122	0.922	0.461
10578.000000	11	122	0.914	0.485
10584.000000	11	122	0.906	0.502
10590.000000	11	122	0.900	0.518
10596.000000	11	122	0.895	0.535
10602.000000	11	122	0.888	0.547
10608.000000	11	122	0.882	0.559
10614.000000	11	122	0.875	0.576
10620.000000	11	122	0.865	0.597
10626.000000	11	122	0.856	0.608
10632.000000	11	122	0.843	0.617
10638.000000	11	122	0.833	0.625
10644.000000	11	122	0.826	0.632
10650.000000	11	122	0.816	0.645
10656.000000	11	122	0.807	0.648
10662.000000	11	122	0.796	0.656
10668.000000	11	122	0.782	0.671
10674.000000	11	122	0.768	0.686
10680.000000	11	122	0.753	0.697
10686.000000	11	122	0.729	0.714
10692.000000	122	11	0.738	0.693
10698.000000	122	11	0.751	0.655
10704.000000	122	11	0.773	0.607
10710.000000	122	11	0.810	0.546
10716.000000	122	11	0.836	0.481
10722.000000	122	11	0.859	0.389
10728.000000	122	11	0.875	0.277
10734.000000	122	73	0.900	0.274
10740.000000	122	73	0.918	0.277
10746.000000	122	73	0.930	0.279
10752.000000	122	73	0.937	0.285
10758.000000	122	73	0.942	0.296
10764.000000	122	73	0.942	0.305
10770.000000	122	73	0.942	0.309
10776.000000	122	73	0.941	0.319
10782.000000	122	73	0.940	0.336
10788.000000	122	73	0.940	0.341
10794.000000	122	73	0.941	0.352
10800.000000	122	73	0.942	0.363
10806.000000	122	73	0.943	0.372
10812.000000	122	73	0.941	0.384
10818.000000	122	73	0.939	0.396
10824.000000	122	73	0.937	0.410
10830.000000	122	73	0.936	0.422
10836.000000	122	73	0.934	0.436
10842.000000	122	73	0.931	0.448
10848.000000	122	73	0.929	0.463
10854.000000	122	73	0.928	0.478
10860.000000	122	73	0.927	0.490
10866.000000	122	73	0.924	0.501
10872.000000	122	73	0.921	0.512
10878.000000	122	73	0.918	0.523
10884.000000	122	73	0.912	0.538
10890.000000	122	73	0.907	0.552
10896.000000	122	73	0.904	0.562
10902.000000	122	73	0.897	0.573
10908.000000	122	73	0.889	0.585
10914.000000	122	73	0.887	0.594
10920.000000	122	73	0.883	0.609
10926.000000	122	73	0.878	0.627
10932.000000	122	73	0.874	0.644
10938.000000	122	73	0.867	0.665
10944.000000	122	73	0.859	0.684
10950.000000	122	73	0.854	0.701
10956.000000	122	73	0.849	0.716
10962.000000	122	73	0.837	0.732
10968.000000	122	73	0.830	0.747
10974.000000	122	73	0.816	0.776
10980.000000	122	73	0.803	0.794
10986.000000	73	122	0.807	0.782
10992.000000	73	122	0.816	0.761
10998.000000	73	122	0.825	0.731
11004.000000	73	122	0.845	0.687
11010.000000	73	122	0.875	0.625
11016.000000	73	122	0.910	0.537
11022.000000	73	122	0.939	0.421
11028.000000	73	122	0.960	0.243
11034.000000	73	71	0.970	0.144
11040.000000	73	71	0.975	0.153
11046.000000	73	71	0.974	0.168
11052.000000	73	71	0.973	0.191
11058.000000	73	71	0.971	0.217
11064.000000	73	71	0.969	0.253
11070.000000	73	71	0.967	0.295
11076.000000	73	71	0.964	0.341
11082.000000	73	71	0.962	0.390
11088.000000	73	71	0.960	0.439
11094.000000	73	71	0.959	0.498
11100.000000	73	71	0.955	0.556
11106.000000	73	71	0.952	0.605
11112.000000	73	71	0.948	0.640
11118.000000	73	71	0.942	0.657
11124.000000	73	71	0.933	0.671
11130.000000	73	71	0.926	0.685
11136.000000	73	71	0.920	0.696
11142.000000	73	71	0.914	0.705
11148.000000	73	71	0.909	0.711
11154.000000	73	71	0.900	0.720
11160.000000	73	71	0.888	0.729
11166.000000	73	71	0.878	0.735
11172.000000	73	71	0.866	0.748
11178.000000	73	71	0.846	0.763
11184.000000	73	71	0.832	0.773
11190.000000	73	71	0.810	0.787
11196.000000	71	73	0.799	0.790
11202.000000	71	73	0.810	0.774
11208.000000	71	73	0.816	0.758
11214.000000	71	73	0.825	0.735
11220.000000	71	73	0.844	0.698
11226.000000	71	73	0.863	0.648
11232.000000	71	73	0.880	0.590
11238.000000	71	73	0.901	0.499
11244.000000	71	73	0.929	0.379
11250.000000	71	73	0.941	0.260
11256.000000	71	32	0.951	0.134
11262.000000	71	32	0.963	0.125
11268.000000	71	32	0.964	0.117
11274.000000	71	32	0.963	0.113
11280.000000	71	32	0.963	0.117
11286.000000	71	155	0.963	0.116
11292.000000	71	155	0.964	0.115
11298.000000	71	32	0.963	0.117
11304.000000	71	32	0.960	0.123
11310.000000	71	32	0.956	0.126
11316.000000	71	32	0.953	0.125
11322.000000	71	126	0.951	0.126
11328.000000	71	126	0.949	0.139
11334.000000	71	126	0.947	0.150
11340.000000	71	126	0.945	0.163
11346.000000	71	126	0.944	0.172
11352.000000	71	126	0.942	0.181
11358.000000	71	126	0.940	0.190
11364.000000	71	126	0.938	0.203
11370.000000	71	126	0.935	0.213
11376.000000	71	126	0.930	0.218
11382.000000	71	126	0.926	0.223
11388.000000	71	126	0.922	0.225
11394.000000	71	126	0.915	0.231
11400.000000	71	126	0.910	0.238
11406.000000	71	126	0.907	0.240
11412.000000	71	126	0.905	0.244
11418.000000	71	126	0.902	0.259
11424.000000	71	126	0.898	0.270
11430.000000	71	126	0.892	0.279
11436.000000	71	126	0.886	0.289
11442.000000	71	126	0.876	0.303
11448.000000	71	126	0.871	0.313
11454.000000	71	126	0.864	0.326
11460.000000	71	126	0.854	0.335
11466.000000	71	126	0.846	0.347
11472.000000	71	126	0.837	0.362
11478.000000	71	126	0.824	0.376
11484.000000	71	126	0.811	0.394
11490.000000	71	126	0.792	0.415
11496.000000	71	126	0.774	0.439
11502.000000	71	126	0.751	0.464
11508.000000	71	126	0.725	0.493
11514.000000	71	126	0.692	0.524
11520.000000	71	126	0.643	0.562
11526.000000	126	71	0.610	0.578
11532.000000	126	71	0.661	0.489
11538.000000	126	71	0.708	0.363
11544.000000	126	196	0.753	0.393
11550.000000	126	196	0.813	0.423
11556.000000	126	196	0.834	0.468
11562.000000	126	196	0.850	0.505
11568.000000	126	196	0.859	0.519
11574.000000	126	196	0.862	0.536
11580.000000	126	196	0.865	0.553
11586.000000	126	196	0.869	0.568
11592.000000	126	196	0.864	0.586
11598.000000	126	196	0.863	0.600
11604.000000	126	196	0.865	0.603
11610.000000	126	196	0.863	0.610
11616.000000	126	196	0.861	0.617
11622.000000	126	196	0.860	0.630
11628.000000	126	196	0.862	0.634
11634.000000	126	196	0.862	0.635
11640.000000	126	196	0.862	0.636
11646.000000	126	196	0.862	0.637
11652.000000	126	196	0.861	0.639
11658.000000	126	196	0.860	0.640
11664.000000	126	196	0.861	0.648
11670.000000	126	196	0.862	0.655
11676.000000	126	196	0.861	0.659
11682.000000	126	196	0.861	0.658
11688.000000	126	196	0.865	0.657
11694.000000	126	196	0.867	0.657
11700.000000	126	196	0.864	0.659
11706.000000	126	196	0.861	0.663
11712.000000	126	196	0.859	0.667
11718.000000	126	196	0.859	0.671
11724.000000	126	196	0.858	0.675
11730.000000	126	196	0.856	0.679
11736.000000	126	196	0.852	0.682
11742.000000	126	196	0.845	0.689
11748.000000	126	196	0.843	0.696
11754.000000	126	196	0.844	0.705
11760.000000	126	196	0.845	0.712
11766.000000	126	196	0.841	0.722
11772.000000	126	196	0.836	0.737
11778.000000	126	196	0.829	0.743
11784.000000	126	196	0.823	0.745
11790.000000	126	196	0.809	0.755
11796.000000	126	196	0.802	0.756
11802.000000	126	196	0.798	0.754
11808.000000	126	196	0.789	0.751
11814.000000	126	196	0.778	0.752
11820.000000	126	196	0.763	0.754
11826.000000	196	126	0.759	0.746
11832.000000	196	126	0.762	0.732
11838.000000	196	126	0.762	0.713
11844.000000	196	126	0.767	0.686
11850.000000	196	126	0.775	0.653
11856.000000	196	126	0.783	0.607
11862.000000	196	126	0.793	0.542
11868.000000	196	126	0.809	0.449
11874.000000	196	126	0.828	0.312
11880.000000	196	126	0.847	0.150
11886.000000	196	89	0.873	0.092
11892.000000	196	89	0.884	0.085
11898.000000	196	70	0.894	0.085
11904.000000	196	70	0.904	0.087
11910.000000	196	70	0.907	0.087
11916.000000	196	70	0.906	0.086
11922.000000	196	108	0.909	0.084
11928.000000	196	108	0.914	0.082
11934.000000	196	108	0.918	0.080
11940.000000	196	108	0.919	0.079
11946.000000	196	108	0.921	0.075
11952.000000	196	119	0.926	0.078
11958.000000	196	119	0.930	0.083
11964.000000	196	119	0.931	0.088
11970.000000	196	119	0.932	0.089
11976.000000	196	119	0.931	0.089
11982.000000	196	119	0.932	0.090
11988.000000	196	119	0.933	0.093
11994.000000	196	119	0.932	0.098
12000.000000	196	119	0.932	0.102
12006.000000	196	119	0.931	0.103
12012.000000	196	119	0.930	0.101
12018.000000	196	119	0.930	0.101
12024.000000	196	119	0.934	0.103
12030.000000	196	27	0.939	0.108
12036.000000	196	27	0.942	0.120
12042.000000	196	27	0.942	0.126
12048.000000	196	27	0.943	0.130
12054.000000	196	27	0.944	0.136
12060.000000	196	27	0.944	0.143
12066.000000	196	27	0.945	0.150
12072.000000	196	27	0.945	0.156
12078.000000	196	27	0.945	0.160
12084.000000	196	27	0.944	0.161
12090.000000	196	27	0.943	0.166
12096.000000	196	27	0.942	0.170
12102.000000	196	27	0.940	0.176
12108.000000	196	27	0.937	0.183
12114.000000	196	27	0.935	0.189
12120.000000	196	27	0.931	0.198
12126.000000	196	27	0.926	0.204
12132.000000	196	27	0.922	0.209
12138.000000	196	27	0.916	0.212
12144.000000	196	27	0.912	0.219
12150.000000	196	27	0.906	0.225
12156.000000	196	27	0.895	0.233
12162.000000	196	27	0.884	0.241
12168.000000	196	27	0.874	0.246
12174.000000	196	27	0.863	0.253
12180.000000	196	27	0.848	0.264
12186.000000	196	27	0.825	0.273
12192.000000	196	27	0.802	0.284
12198.000000	196	27	0.777	0.299
12204.000000	196	105	0.734	0.314
12210.000000	196	105	0.680	0.347
12216.000000	196	105	0.600	0.372
12222.000000	196	105	0.488	0.395
12228.000000	82	105	0.428	0.420
12234.000000	82	105	0.488	0.453
12240.000000	82	27	0.539	0.483
12246.000000	82	27	0.581	0.507
12252.000000	82	27	0.607	0.531
12258.000000	82	27	0.620	0.549
12264.000000	82	27	0.630	0.564
12270.000000	82	27	0.638	0.577
12276.000000	82	27	0.642	0.590
12282.000000	82	27	0.647	0.599
12288.000000	82	27	0.650	0.601
12294.000000	82	27	0.654	0.604
12300.000000	82	27	0.655	0.601
12306.000000	82	27	0.659	0.608
12312.000000	82	27	0.669	0.611
12318.000000	82	27	0.675	0.616
12324.000000	82	27	0.682	0.622
12330.000000	82	27	0.683	0.627
12336.000000	82	27	0.682	0.632
12342.000000	82	27	0.684	0.635
12348.000000	82	27	0.685	0.636
12354.000000	82	27	0.689	0.636
12360.000000	82	27	0.697	0.631
12366.000000	82	27	0.703	0.630
12372.000000	82	27	0.709	0.631
12378.000000	82	27	0.716	0.633
12384.000000	82	27	0.722	0.635
12390.000000	82	27	0.726	0.638
12396.000000	82	27	0.724	0.644
12402.000000	82	27	0.726	0.648
12408.000000	82	27	0.729	0.651
12414.000000	82	27	0.736	0.657
12420.000000	82	27	0.743	0.658
12426.000000	82	27	0.748	0.666
12432.000000	82	27	0.758	0.678
12438.000000	82	27	0.770	0.687
12444.000000	82	27	0.771	0.709
12450.000000	82	27	0.772	0.729
12456.000000	82	27	0.777	0.736
12462.000000	82	27	0.781	0.743
12468.000000	82	27	0.782	0.752
12474.000000	82	27	0.788	0.761
12480.000000	82	27	0.791	0.768
12486.000000	82	27	0.792	0.771
12492.000000	82	27	0.793	0.769
12498.000000	82	27	0.792	0.766
12504.000000	82	27	0.793	0.760
12510.000000	82	27	0.794	0.749
12516.000000	82	27	0.796	0.737
12522.000000	82	27	0.792	0.731
12528.000000	82	27	0.788	0.727
12534.000000	82	27	0.779	0.727
12540.000000	82	27	0.773	0.717
12546.000000	82	27	0.770	0.707
12552.000000	82	27	0.763	0.698
12558.000000	82	27	0.756	0.687
12564.000000	82	27	0.746	0.678
12570.000000	82	27	0.733	0.671
12576.000000	82	27	0.727	0.667
12582.000000	82	27	0.730	0.658
12588.000000	82	27	0.727	0.649
12594.000000	82	27	0.718	0.638
12600.000000	82	27	0.707	0.617
12606.000000	82	27	0.695	0.594
12612.000000	82	27	0.687	0.566
12618.000000	82	27	0.671	0.539
12624.000000	82	27	0.649	0.508
12630.000000	82	27	0.620	0.471
12636.000000	82	27	0.595	0.420
12642.000000	82	27	0.571	0.349
12648.000000	82	27	0.537	0.274
12654.000000	82	64	0.488	0.242
12660.000000	82	64	0.430	0.278
12666.000000	82	64	0.355	0.318
12672.000000	64	97	0.361	0.282
12678.000000	64	97	0.420	0.306
12684.000000	64	97	0.492	0.329
12690.000000	64	97	0.551	0.353
12696.000000	64	97	0.596	0.379
12702.000000	64	97	0.636	0.405
12708.000000	64	97	0.671	0.430
12714.000000	64	97	0.688	0.456
12720.000000	64	97	0.699	0.473
12726.000000	64	97	0.713	0.483
12732.000000	64	97	0.718	0.492
12738.000000	64	97	0.724	0.503
12744.000000	64	97	0.733	0.512
12750.000000	64	97	0.740	0.513
12756.000000	64	97	0.744	0.511
12762.000000	64	97	0.748	0.510
12768.000000	64	97	0.752	0.515
12774.000000	64	97	0.758	0.519
12780.000000	64	97	0.760	0.524
12786.000000	64	97	0.765	0.530
12792.000000	64	97	0.769	0.539
12798.000000	64	97	0.773	0.547
12804.000000	64	97	0.782	0.552
12810.000000	64	97	0.791	0.554
12816.000000	64	97	0.796	0.559
12822.000000	64	97	0.803	0.568
12828.000000	64	97	0.806	0.577
12834.000000	64	97	0.810	0.579
12840.000000	64	97	0.814	0.579
12846.000000	64	97	0.821	0.576
12852.000000	64	97	0.823	0.573
12858.000000	64	97	0.828	0.566
12864.000000	64	97	0.833	0.560
12870.000000	64	97	0.839	0.560
12876.000000	64	97	0.845	0.556
12882.000000	64	97	0.851	0.547
12888.000000	64	97	0.864	0.531
12894.000000	64	97	0.870	0.518
12900.000000	64	97	0.877	0.499
12906.000000	64	97	0.883	0.485
12912.000000	64	97	0.885	0.465
12918.000000	64	97	0.894	0.442
12924.000000	64	97	0.909	0.417
12930.000000	64	97	0.919	0.388
12936.000000	64	97	0.925	0.359
12942.000000	64	97	0.927	0.326
12948.000000	64	97	0.931	0.273
12954.000000	64	97	0.935	0.220
12960.000000	64	86	0.938	0.161
12966.000000	64	86	0.941	0.155
12972.000000	64	86	0.940	0.157
12978.000000	64	86	0.939	0.161
12984.000000	64	86	0.940	0.162
12990.000000	64	86	0.941	0.164
12996.000000	64	86	0.941	0.166
13002.000000	64	86	0.939	0.169
13008.000000	64	86	0.938	0.177
13014.000000	64	86	0.936	0.181
13020.000000	64	86	0.933	0.185
13026.000000	64	86	0.926	0.188
13032.000000	64	86	0.922	0.191
13038.000000	64	86	0.918	0.196
13044.000000	64	86	0.913	0.196
13050.000000	64	86	0.906	0.198
13056.000000	64	86	0.899	0.205
13062.000000	64	86	0.893	0.211
13068.000000	64	86	0.885	0.216
13074.000000	64	86	0.876	0.218
13080.000000	64	86	0.863	0.217
13086.000000	64	86	0.846	0.220
13092.000000	64	86	0.825	0.223
13098.000000	64	86	0.807	0.229
13104.000000	64	2	0.788	0.240
13110.000000	64	2	0.762	0.246
13116.000000	64	2	0.726	0.249
13122.000000	64	2	0.682	0.254
13128.000000	64	2	0.635	0.271
13134.000000	64	2	0.580	0.291
13140.000000	64	2	0.516	0.306
13146.000000	64	2	0.434	0.323
13152.000000	2	64	0.350	0.342
13158.000000	2	86	0.373	0.279
13164.000000	2	86	0.399	0.281
13170.000000	2	129	0.424	0.285
13176.000000	2	129	0.427	0.297
13182.000000	2	129	0.436	0.307
13188.000000	2	129	0.442	0.319
13194.000000	2	129	0.448	0.336
13200.000000	2	129	0.463	0.353
13206.000000	2	129	0.470	0.366
13212.000000	2	129	0.478	0.375
13218.000000	2	129	0.480	0.387
13224.000000	2	129	0.481	0.395
13230.000000	2	129	0.480	0.410
13236.000000	2	129	0.479	0.431
13242.000000	2	129	0.483	0.443
13248.000000	2	129	0.490	0.455
13254.000000	2	129	0.501	0.464
13260.000000	2	129	0.511	0.475
13266.000000	2	129	0.518	0.489
13272.000000	2	129	0.516	0.499
13278.000000	129	2	0.517	0.511
13284.000000	129	2	0.541	0.510
13290.000000	129	2	0.557	0.511
13296.000000	129	2	0.569	0.512
13302.000000	129	2	0.580	0.513
13308.000000	129	2	0.596	0.518
13314.000000	129	2	0.609	0.518
13320.000000	129	2	0.621	0.514
13326.000000	129	2	0.635	0.517
13332.000000	129	2	0.654	0.516
13338.000000	129	2	0.674	0.512
13344.000000	129	2	0.687	0.499
13350.000000	129	2	0.710	0.483
13356.000000	129	2	0.741	0.457
13362.000000	129	2	0.760	0.443
13368.000000	129	195	0.776	0.435
13374.000000	129	195	0.801	0.438
13380.000000	129	195	0.825	0.444
13386.000000	129	195	0.847	0.438
13392.000000	129	195	0.863	0.425
13398.000000	129	195	0.886	0.408
13404.000000	129	195	0.899	0.398
13410.000000	129	195	0.915	0.386
13416.000000	129	195	0.928	0.366
13422.000000	129	195	0.932	0.347
13428.000000	129	195	0.935	0.334
13434.000000	129	195	0.938	0.324
13440.000000	129	195	0.944	0.303
13446.000000	129	195	0.946	0.273
13452.000000	129	195	0.947	0.244
13458.000000	129	195	0.951	0.215
13464.000000	129	195	0.952	0.193
13470.000000	129	195	0.953	0.169
13476.000000	129	195	0.954	0.148
13482.000000	129	195	0.959	0.130
13488.000000	129	195	0.962	0.107
13494.000000	129	66	0.965	0.093
13500.000000	129	66	0.965	0.102
13506.000000	129	66	0.965	0.112
13512.000000	129	66	0.965	0.119
13518.000000	129	66	0.965	0.125
13524.000000	129	66	0.964	0.132
13530.000000	129	66	0.962	0.136
13536.000000	129	66	0.959	0.138
13542.000000	129	66	0.957	0.142
13548.000000	129	66	0.956	0.147
13554.000000	129	66	0.955	0.146
13560.000000	129	66	0.954	0.147
13566.000000	129	66	0.953	0.152
13572.000000	129	66	0.950	0.156
13578.000000	129	66	0.949	0.159
13584.000000	129	66	0.946	0.159
13590.000000	129	66	0.943	0.162
13596.000000	129	66	0.940	0.167
13602.000000	129	66	0.937	0.170
13608.000000	129	66	0.935	0.174
13614.000000	129	66	0.935	0.178
13620.000000	129	66	0.934	0.182
13626.000000	129	66	0.931	0.183
13632.000000	129	66	0.929	0.181
13638.000000	129	66	0.924	0.179
13644.000000	129	112	0.919	0.178
13650.000000	129	112	0.914	0.182
13656.000000	129	112	0.912	0.186
13662.000000	129	112	0.909	0.192
13668.000000	129	112	0.904	0.200
13674.000000	129	112	0.897	0.208
13680.000000	129	112	0.889	0.218
13686.000000	129	112	0.880	0.234
13692.000000	129	112	0.874	0.252
13698.000000	129	112	0.869	0.269
13704.000000	129	112	0.864	0.282
13710.000000	129	112	0.857	0.297
13716.000000	129	112	0.846	0.324
13722.000000	129	112	0.836	0.360
13728.000000	129	112	0.825	0.391
13734.000000	129	112	0.807	0.433
13740.000000	129	112	0.783	0.495
13746.000000	129	112	0.748	0.570
13752.000000	129	112	0.680	0.651
13758.000000	112	129	0.727	0.572
13764.000000	112	129	0.807	0.415
13770.000000	112	129	0.902	0.202
13776.000000	112	140	0.933	0.114
13782.000000	112	140	0.945	0.116
13788.000000	112	140	0.955	0.115
13794.000000	112	140	0.961	0.119
13800.000000	112	140	0.961	0.119
13806.000000	112	140	0.960	0.121
13812.000000	112	140	0.959	0.129
13818.000000	112	140	0.958	0.134
13824.000000	112	140	0.957	0.135
13830.000000	112	140	0.956	0.134
13836.000000	112	140	0.955	0.136
13842.000000	112	140	0.955	0.138
13848.000000	112	140	0.955	0.141
13854.000000	112	140	0.954	0.145
13860.000000	112	140	0.952	0.144
13866.000000	112	107	0.951	0.145
13872.000000	112	107	0.950	0.149
13878.000000	112	107	0.951	0.153
13884.000000	112	107	0.952	0.156
13890.000000	112	107	0.951	0.158
13896.000000	112	107	0.949	0.165
13902.000000	112	107	0.948	0.176
13908.000000	112	107	0.946	0.185
13914.000000	112	107	0.945	0.189
13920.000000	112	107	0.943	0.191
13926.000000	112	107	0.941	0.192
13932.000000	112	107	0.939	0.193
13938.000000	112	177	0.938	0.197
13944.000000	112	177	0.936	0.208
13950.000000	112	177	0.932	0.219
13956.000000	112	177	0.928	0.231
13962.000000	112	177	0.926	0.242
13968.000000	112	177	0.924	0.259
13974.000000	112	177	0.922	0.276
13980.000000	112	177	0.920	0.286
13986.000000	112	177	0.918	0.289
13992.000000	112	177	0.916	0.292
13998.000000	112	177	0.914	0.300
14004.000000	112	177	0.910	0.308
14010.000000	112	177	0.906	0.314
14016.000000	112	177	0.902	0.315
14022.000000	112	177	0.898	0.317
14028.000000	112	177	0.892	0.324
14034.000000	112	177	0.885	0.332
14040.000000	112	177	0.879	0.337
14046.000000	112	177	0.872	0.337
14052.000000	112	177	0.861	0.345
14058.000000	112	177	0.855	0.351
14064.000000	112	177	0.849	0.356
14070.000000	112	177	0.843	0.357
14076.000000	112	177	0.835	0.364
14082.000000	112	177	0.821	0.378
14088.000000	112	177	0.807	0.397
14094.000000	112	177	0.795	0.411
14100.000000	112	177	0.781	0.425
14106.000000	112	177	0.767	0.444
14112.000000	112	177	0.747	0.464
14118.000000	112	177	0.718	0.487
14124.000000	112	177	0.680	0.502
14130.000000	112	177	0.632	0.523
14136.000000	112	177	0.584	0.549
14142.000000	177	112	0.585	0.516
14148.000000	177	112	0.641	0.408
14154.000000	177	112	0.700	0.254
14160.000000	177	109	0.762	0.203
14166.000000	177	109	0.805	0.194
14172.000000	177	109	0.838	0.185
14178.000000	177	109	0.857	0.194
14184.000000	177	109	0.881	0.198
14190.000000	177	109	0.889	0.203
14196.000000	177	109	0.892	0.207
14202.000000	177	109	0.894	0.207
14208.000000	177	109	0.898	0.204
14214.000000	177	109	0.904	0.200
14220.000000	177	109	0.905	0.198
14226.000000	177	109	0.908	0.194
14232.000000	177	109	0.908	0.191
14238.000000	177	109	0.909	0.188
14244.000000	177	109	0.907	0.183
14250.000000	177	109	0.908	0.178
14256.000000	177	109	0.907	0.170
14262.000000	177	109	0.907	0.160
14268.000000	177	109	0.907	0.153
14274.000000	177	109	0.908	0.149
14280.000000	177	87	0.913	0.146
14286.000000	177	87	0.916	0.151
14292.000000	177	87	0.916	0.151
14298.000000	177	87	0.915	0.152
14304.000000	177	87	0.914	0.157
14310.000000	177	87	0.913	0.163
14316.000000	177	87	0.909	0.171
14322.000000	177	87	0.907	0.174
14328.000000	177	87	0.907	0.177
14334.000000	177	87	0.907	0.180
14340.000000	177	87	0.906	0.181
14346.000000	177	55	0.903	0.187
14352.000000	177	55	0.900	0.194
14358.000000	177	55	0.897	0.199
14364.000000	177	55	0.896	0.208
14370.000000	177	55	0.894	0.223
14376.000000	177	55	0.888	0.248
14382.000000	177	55	0.885	0.270
14388.000000	177	55	0.882	0.297
14394.000000	177	55	0.876	0.327
14400.000000	177	55	0.875	0.348
14406.000000	177	55	0.870	0.366
14412.000000	177	55	0.859	0.393
14418.000000	177	55	0.851	0.417
14424.000000	177	55	0.842	0.438
14430.000000	177	55	0.835	0.460
14436.000000	177	55	0.826	0.482
14442.000000	177	55	0.816	0.508
14448.000000	177	55	0.804	0.531
14454.000000	177	55	0.790	0.551
14460.000000	177	55	0.775	0.575
14466.000000	177	55	0.754	0.605
14472.000000	177	55	0.733	0.633
14478.000000	177	55	0.706	0.653
14484.000000	55	177	0.679	0.662
14490.000000	55	177	0.707	0.603
14496.000000	55	177	0.746	0.515
14502.000000	55	177	0.802	0.372
14508.000000	55	183	0.859	0.246
14514.000000	55	183	0.893	0.241
14520.000000	55	183	0.905	0.232
14526.000000	55	183	0.916	0.212
14532.000000	55	183	0.921	0.209
14538.000000	55	183	0.919	0.209
14544.000000	55	183	0.921	0.206
14550.000000	55	183	0.927	0.194
14556.000000	55	188	0.929	0.184
14562.000000	55	188	0.931	0.188
14568.000000	55	188	0.932	0.190
14574.000000	55	188	0.933	0.191
14580.000000	55	188	0.935	0.193
14586.000000	55	188	0.935	0.194
14592.000000	55	188	0.934	0.198
14598.000000	55	188	0.933	0.205
14604.000000	55	188	0.937	0.214
14610.000000	55	188	0.937	0.218
14616.000000	55	188	0.937	0.219
14622.000000	55	188	0.936	0.220
14628.000000	55	188	0.936	0.220
14634.000000	55	188	0.935	0.223
14640.000000	55	188	0.935	0.224
14646.000000	55	188	0.935	0.228
14652.000000	55	188	0.935	0.230
14658.000000	55	188	0.935	0.229
14664.000000	55	188	0.934	0.228
14670.000000	55	188	0.933	0.231
14676.000000	55	188	0.931	0.230
14682.000000	55	188	0.928	0.229
14688.000000	55	188	0.925	0.229
14694.000000	55	6	0.922	0.230
14700.000000	55	6	0.920	0.238
14706.000000	55	6	0.919	0.243
14712.000000	55	6	0.917	0.244
14718.000000	55	6	0.916	0.246
14724.000000	55	6	0.914	0.248
14730.000000	55	6	0.913	0.256
14736.000000	55	6	0.912	0.266
14742.000000	55	6	0.912	0.272
14748.000000	55	6	0.911	0.270
14754.000000	55	6	0.909	0.267
14760.000000	55	6	0.908	0.270
14766.000000	55	6	0.905	0.274
14772.000000	55	6	0.903	0.282
14778.000000	55	6	0.899	0.291
14784.000000	55	6	0.894	0.302
14790.000000	55	6	0.888	0.306
14796.000000	55	6	0.881	0.307
14802.000000	55	6	0.873	0.310
14808.000000	55	6	0.867	0.312
14814.000000	55	6	0.857	0.315
14820.000000	55	6	0.848	0.317
14826.000000	55	6	0.839	0.318
14832.000000	55	6	0.825	0.321
14838.000000	55	6	0.810	0.326
14844.000000	55	6	0.796	0.337
14850.000000	55	6	0.778	0.345
14856.000000	55	6	0.755	0.350
14862.000000	55	6	0.717	0.360
14868.000000	55	153	0.681	0.384
14874.000000	55	153	0.628	0.419
14880.000000	55	153	0.555	0.453
14886.000000	153	55	0.483	0.447
14892.000000	153	6	0.544	0.475
14898.000000	153	6	0.628	0.521
14904.000000	153	6	0.699	0.570
14910.000000	153	6	0.742	0.604
14916.000000	153	6	0.771	0.623
14922.000000	153	6	0.793	0.636
14928.000000	153	6	0.813	0.647
14934.000000	153	6	0.822	0.656
14940.000000	153	6	0.828	0.661
14946.000000	153	6	0.835	0.662
14952.000000	153	6	0.841	0.664
14958.000000	153	6	0.843	0.667
14964.000000	153	6	0.843	0.669
14970.000000	153	6	0.847	0.673
14976.000000	153	6	0.852	0.668
14982.000000	153	6	0.854	0.664
14988.000000	153	6	0.859	0.659
14994.000000	153	6	0.867	0.652
15000.000000	153	6	0.874	0.646
15006.000000	153	6	0.880	0.642
15012.000000	153	6	0.882	0.640
15018.000000	153	6	0.887	0.637
15024.000000	153	6	0.888	0.635
15030.000000	153	6	0.890	0.633
15036.000000	153	6	0.892	0.626
15042.000000	153	6	0.895	0.616
15048.000000	153	6	0.897	0.607
15054.000000	153	6	0.896	0.601
15060.000000	153	6	0.896	0.594
15066.000000	153	6	0.896	0.584
15072.000000	153	6	0.900	0.569
15078.000000	153	6	0.901	0.555
15084.000000	153	6	0.903	0.539
15090.000000	153	6	0.906	0.516
15096.000000	153	6	0.907	0.482
15102.000000	153	6	0.909	0.443
15108.000000	153	6	0.914	0.389
15114.000000	153	6	0.920	0.305
15120.000000	153	6	0.928	0.193
15126.000000	153	2	0.935	0.194
15132.000000	153	2	0.939	0.196
15138.000000	153	2	0.942	0.199
15144.000000	153	2	0.944	0.208
15150.000000	153	2	0.945	0.221
15156.000000	153	2	0.946	0.240
15162.000000	153	2	0.947	0.260
15168.000000	153	2	0.947	0.286
15174.000000	153	2	0.947	0.320
15180.000000	153	2	0.947	0.355
15186.000000	153	2	0.946	0.387
15192.000000	153	2	0.944	0.422
15198.000000	153	2	0.942	0.464
15204.000000	153	2	0.940	0.500
15210.000000	153	2	0.937	0.533
15216.000000	153	2	0.933	0.560
15222.000000	153	2	0.928	0.583
15228.000000	153	2	0.918	0.609
15234.000000	153	2	0.908	0.635
15240.000000	153	2	0.902	0.655
15246.000000	153	2	0.895	0.674
15252.000000	153	2	0.887	0.686
15258.000000	153	2	0.878	0.696
15264.000000	153	2	0.866	0.711
15270.000000	153	2	0.853	0.736
15276.000000	153	2	0.828	0.762
15282.000000	153	2	0.804	0.779
15288.000000	2	153	0.792	0.778
15294.000000	2	153	0.807	0.742
15300.000000	2	153	0.822	0.699
15306.000000	2	153	0.841	0.647
15312.000000	2	153	0.863	0.566
15318.000000	2	153	0.901	0.417
15324.000000	2	153	0.934	0.228
15330.000000	2	73	0.954	0.124
15336.000000	2	73	0.963	0.122
15342.000000	2	73	0.964	0.124
15348.000000	2	73	0.963	0.129
15354.000000	2	73	0.963	0.135
15360.000000	2	73	0.960	0.138
15366.000000	2	73	0.956	0.141
15372.000000	2	73	0.953	0.144
15378.000000	2	73	0.950	0.146
15384.000000	2	73	0.945	0.151
15390.000000	2	73	0.939	0.155
15396.000000	2	73	0.936	0.155
15402.000000	2	73	0.933	0.154
15408.000000	2	73	0.932	0.155
15414.000000	2	73	0.929	0.155
15420.000000	2	73	0.927	0.153
15426.000000	2	73	0.926	0.154
15432.000000	2	73	0.925	0.154
15438.000000	2	73	0.925	0.154
15444.000000	2	73	0.923	0.156
15450.000000	2	73	0.921	0.157
15456.000000	2	73	0.919	0.152
15462.000000	2	73	0.917	0.147
15468.000000	2	73	0.915	0.146
15474.000000	2	59	0.913	0.142
15480.000000	2	59	0.910	0.142
15486.000000	2	59	0.908	0.139
15492.000000	2	59	0.907	0.135
15498.000000	2	59	0.906	0.135
15504.000000	2	113	0.903	0.140
15510.000000	2	113	0.899	0.145
15516.000000	2	113	0.900	0.148
15522.000000	2	113	0.904	0.150
15528.000000	2	113	0.906	0.155
15534.000000	2	113	0.907	0.158
15540.000000	2	113	0.907	0.157
15546.000000	2	113	0.908	0.154
15552.000000	2	113	0.909	0.150
15558.000000	2	113	0.910	0.150
15564.000000	2	113	0.914	0.150
15570.000000	2	113	0.919	0.156
15576.000000	2	113	0.921	0.161
15582.000000	2	113	0.927	0.162
15588.000000	2	113	0.930	0.164
15594.000000	2	113	0.933	0.162
15600.000000	2	113	0.934	0.160
15606.000000	2	113	0.935	0.160
15612.000000	2	113	0.936	0.160
15618.000000	2	113	0.938	0.159
15624.000000	2	113	0.937	0.155
15630.000000	2	113	0.938	0.152
15636.000000	2	113	0.939	0.145
15642.000000	2	113	0.940	0.133
15648.000000	2	113	0.942	0.127
15654.000000	2	113	0.947	0.119
15660.000000	2	113	0.949	0.112
15666.000000	2	113	0.951	0.105
15672.000000	2	113	0.953	0.096
15678.000000	2	113	0.955	0.084
15684.000000	2	113	0.955	0.078
15690.000000	2	113	0.954	0.072
15696.000000	2	113	0.954	0.065
15702.000000	2	19	0.954	0.063
15708.000000	2	19	0.955	0.065
15714.000000	2	19	0.955	0.065
15720.000000	2	19	0.956	0.066
15726.000000	2	19	0.956	0.067
15732.000000	2	19	0.957	0.066
15738.000000	2	19	0.957	0.063
15744.000000	2	19	0.957	0.061
15750.000000	2	19	0.957	0.060
15756.000000	2	19	0.957	0.060
15762.000000	2	19	0.955	0.060
15768.000000	2	19	0.954	0.060
15774.000000	2	19	0.955	0.059
15780.000000	2	19	0.956	0.057
15786.000000	2	19	0.956	0.056
15792.000000	2	19	0.957	0.056
15798.000000	2	19	0.957	0.055
15804.000000	2	19	0.959	0.053
15810.000000	2	101	0.961	0.052
15816.000000	2	101	0.961	0.053
15822.000000	2	101	0.962	0.055
15828.000000	2	101	0.962	0.055
15834.000000	2	101	0.962	0.054
15840.000000	2	101	0.963	0.054
15846.000000	2	101	0.963	0.053
15852.000000	2	101	0.963	0.050
15858.000000	2	101	0.964	0.045
15864.000000	2	101	0.964	0.045
15870.000000	2	101	0.965	0.045
15876.000000	2	101	0.967	0.046
15882.000000	2	101	0.966	0.046
15888.000000	2	101	0.965	0.044
15894.000000	2	101	0.964	0.044
15900.000000	2	101	0.965	0.044
15906.000000	2	101	0.966	0.045
15912.000000	2	101	0.968	0.045
15918.000000	2	101	0.969	0.044
15924.000000	2	101	0.970	0.043
15930.000000	2	19	0.972	0.042
15936.000000	2	19	0.975	0.042
15942.000000	2	19	0.976	0.042
15948.000000	2	19	0.976	0.042
15954.000000	2	19	0.975	0.042
15960.000000	2	19	0.974	0.042
15966.000000	2	19	0.973	0.042
15972.000000	2	19	0.973	0.042
15978.000000	2	19	0.972	0.042
15984.000000	2	19	0.972	0.042
15990.000000	2	19	0.972	0.042
15996.000000	2	19	0.972	0.042
16002.000000	2	19	0.971	0.042
16008.000000	2	19	0.971	0.042
16014.000000	2	19	0.970	0.042
16020.000000	2	19	0.970	0.042
16026.000000	2	19	0.969	0.042
16032.000000	2	19	0.967	0.042
16038.000000	2	19	0.967	0.042
16044.000000	2	19	0.967	0.042
16050.000000	2	19	0.967	0.041
16056.000000	2	59	0.966	0.043
16062.000000	2	59	0.967	0.043
16068.000000	2	59	0.968	0.043
16074.000000	2	59	0.968	0.043
16080.000000	2	59	0.968	0.043
16086.000000	2	59	0.968	0.043
16092.000000	2	59	0.969	0.043
16098.000000	2	59	0.970	0.041
16104.000000	2	59	0.971	0.042
16110.000000	2	59	0.970	0.044
16116.000000	2	59	0.968	0.044
16122.000000	2	59	0.967	0.044
16128.000000	2	59	0.966	0.046
16134.000000	2	59	0.965	0.048
16140.000000	2	59	0.963	0.048
16146.000000	2	59	0.962	0.049
16152.000000	2	59	0.962	0.049
16158.000000	2	59	0.961	0.049
16164.000000	2	59	0.961	0.050
16170.000000	2	59	0.960	0.049
16176.000000	2	59	0.960	0.048
16182.000000	2	59	0.960	0.047
16188.000000	2	59	0.959	0.045
16194.000000	2	59	0.958	0.045
16200.000000	2	59	0.957	0.045
16206.000000	2	59	0.957	0.045
16212.000000	2	59	0.958	0.044
16218.000000	2	59	0.958	0.044
16224.000000	2	59	0.956	0.043
16230.000000	2	59	0.954	0.043
16236.000000	2	59	0.952	0.041
16242.000000	2	163	0.951	0.042
16248.000000	2	163	0.949	0.042
16254.000000	2	163	0.948	0.042
16260.000000	2	163	0.946	0.042
16266.000000	2	163	0.944	0.042
16272.000000	2	163	0.943	0.042
16278.000000	2	163	0.943	0.042
16284.000000	2	163	0.940	0.042
16290.000000	2	163	0.937	0.041
16296.000000	2	163	0.933	0.040
16302.000000	2	163	0.930	0.040
16308.000000	2	163	0.927	0.041
16314.000000	2	163	0.926	0.041
16320.000000	2	163	0.924	0.041
16326.000000	2	163	0.921	0.040
16332.000000	2	163	0.918	0.038
16338.000000	2	163	0.914	0.037
16344.000000	2	77	0.910	0.036
16350.000000	2	77	0.906	0.037
16356.000000	2	77	0.901	0.037
16362.000000	2	77	0.896	0.037
16368.000000	2	77	0.890	0.038
16374.000000	2	77	0.883	0.040
16380.000000	2	77	0.875	0.041
16386.000000	2	77	0.865	0.040
16392.000000	2	77	0.853	0.039
16398.000000	2	77	0.838	0.038
16404.000000	2	77	0.821	0.037
16410.000000	2	19	0.794	0.035
16416.000000	2	19	0.762	0.036
16422.000000	2	19	0.713	0.038
16428.000000	2	19	0.635	0.039
16434.000000	2	19	0.493	0.038
16440.000000	2	77	0.190	0.025
16446.000000	18	77	0.016	0.015
16452.000000	18	77	0.016	0.014
16458.000000	18	77	0.016	0.014
16464.000000	18	77	0.016	0.013
16470.000000	18	135	0.015	0.012
16476.000000	18	77	0.013	0.012
16482.000000	77	135	0.012	0.011
16488.000000	77	135	0.012	0.009
16494.000000	77	135	0.012	0.008
16500.000000	77	135	0.011	0.008
16506.000000	77	136	0.009	0.008
