0.000000	125	102	0.000	0.000
6.000000	66	39	0.992	0.035
12.000000	66	39	0.992	0.037
18.000000	66	39	0.992	0.041
24.000000	66	39	0.990	0.050
30.000000	66	39	0.989	0.058
36.000000	66	39	0.987	0.065
42.000000	66	39	0.985	0.072
48.000000	66	39	0.983	0.077
54.000000	66	39	0.980	0.085
60.000000	66	39	0.977	0.093
66.000000	66	39	0.974	0.097
72.000000	66	39	0.970	0.100
78.000000	66	39	0.966	0.102
84.000000	66	118	0.962	0.108
90.000000	66	118	0.958	0.129
96.000000	66	118	0.954	0.145
102.000000	66	118	0.951	0.160
108.000000	66	118	0.947	0.172
114.000000	66	118	0.943	0.190
120.000000	66	118	0.939	0.207
126.000000	66	118	0.936	0.224
132.000000	66	118	0.933	0.240
138.000000	66	118	0.930	0.251
144.000000	66	118	0.927	0.258
150.000000	66	118	0.924	0.270
156.000000	66	118	0.922	0.278
162.000000	66	118	0.921	0.283
168.000000	66	118	0.919	0.287
174.000000	66	118	0.918	0.288
180.000000	66	118	0.917	0.292
186.000000	66	118	0.916	0.298
192.000000	66	118	0.915	0.299
198.000000	66	118	0.915	0.299
204.000000	66	118	0.914	0.302
210.000000	66	118	0.913	0.304
216.000000	66	118	0.910	0.306
222.000000	66	118	0.910	0.307
228.000000	66	118	0.909	0.308
234.000000	66	118	0.909	0.311
240.000000	66	118	0.908	0.314
246.000000	66	118	0.907	0.322
252.000000	66	118	0.904	0.329
258.000000	66	118	0.903	0.332
264.000000	66	118	0.902	0.340
270.000000	66	118	0.903	0.343
276.000000	66	118	0.903	0.348
282.000000	66	118	0.903	0.363
288.000000	66	118	0.904	0.380
294.000000	66	118	0.905	0.390
300.000000	66	118	0.906	0.404
306.000000	66	118	0.904	0.425
312.000000	66	118	0.902	0.446
318.000000	66	118	0.902	0.472
324.000000	66	118	0.901	0.504
330.000000	66	118	0.898	0.534
336.000000	66	118	0.891	0.559
342.000000	66	118	0.880	0.577
348.000000	66	118	0.870	0.602
354.000000	66	118	0.864	0.611
360.000000	66	118	0.851	0.621
366.000000	66	118	0.831	0.640
372.000000	66	118	0.820	0.650
378.000000	66	118	0.802	0.656
384.000000	66	118	0.775	0.667
390.000000	66	118	0.729	0.692
396.000000	118	66	0.718	0.695
402.000000	118	66	0.738	0.649
408.000000	118	66	0.762	0.589
414.000000	118	66	0.787	0.520
420.000000	118	66	0.814	0.415
426.000000	118	190	0.839	0.290
432.000000	118	190	0.867	0.298
438.000000	118	190	0.885	0.318
444.000000	118	190	0.889	0.336
450.000000	118	190	0.885	0.364
456.000000	118	190	0.885	0.378
462.000000	118	190	0.884	0.390
468.000000	118	190	0.881	0.405
474.000000	118	190	0.874	0.419
480.000000	118	190	0.868	0.430
486.000000	118	190	0.858	0.434
492.000000	118	190	0.854	0.436
498.000000	118	190	0.852	0.439
504.000000	118	190	0.850	0.444
510.000000	118	190	0.845	0.448
516.000000	118	190	0.843	0.454
522.000000	118	190	0.840	0.460
528.000000	118	190	0.837	0.466
534.000000	118	190	0.832	0.482
540.000000	118	190	0.827	0.491
546.000000	118	190	0.822	0.498
552.000000	118	190	0.812	0.503
558.000000	118	190	0.804	0.506
564.000000	118	190	0.800	0.506
570.000000	118	190	0.794	0.507
576.000000	118	190	0.789	0.508
582.000000	118	190	0.775	0.517
588.000000	118	190	0.758	0.530
594.000000	118	190	0.744	0.535
600.000000	118	190	0.727	0.549
606.000000	118	190	0.709	0.567
612.000000	118	190	0.699	0.586
618.000000	118	190	0.682	0.598
624.000000	118	190	0.658	0.607
630.000000	190	118	0.625	0.625
636.000000	190	118	0.646	0.586
642.000000	190	118	0.669	0.555
648.000000	190	118	0.697	0.506
654.000000	190	118	0.715	0.452
660.000000	190	47	0.729	0.453
666.000000	190	47	0.751	0.476
672.000000	190	47	0.767	0.498
678.000000	190	47	0.786	0.534
684.000000	190	47	0.799	0.574
690.000000	190	47	0.811	0.604
696.000000	190	47	0.823	0.621
702.000000	190	47	0.828	0.645
708.000000	190	47	0.827	0.664
714.000000	190	47	0.821	0.690
720.000000	190	47	0.819	0.707
726.000000	190	47	0.810	0.720
732.000000	190	47	0.804	0.730
738.000000	190	47	0.798	0.745
744.000000	190	47	0.794	0.760
750.000000	190	47	0.784	0.767
756.000000	190	47	0.781	0.768
762.000000	190	47	0.777	0.772
768.000000	47	190	0.778	0.774
774.000000	47	190	0.784	0.767
780.000000	47	190	0.794	0.758
786.000000	47	190	0.797	0.750
792.000000	47	190	0.799	0.745
798.000000	47	190	0.804	0.743
804.000000	47	190	0.806	0.739
810.000000	47	190	0.807	0.739
816.000000	47	190	0.811	0.733
822.000000	47	190	0.817	0.721
828.000000	47	190	0.822	0.708
834.000000	47	190	0.826	0.696
840.000000	47	190	0.830	0.681
846.000000	47	190	0.831	0.670
852.000000	47	190	0.832	0.658
858.000000	47	190	0.840	0.636
864.000000	47	190	0.846	0.612
870.000000	47	190	0.849	0.595
876.000000	47	190	0.853	0.565
882.000000	47	190	0.864	0.522
888.000000	47	190	0.875	0.467
894.000000	47	190	0.889	0.385
900.000000	47	190	0.906	0.294
906.000000	47	190	0.915	0.188
912.000000	47	121	0.925	0.177
918.000000	47	121	0.930	0.192
924.000000	47	121	0.931	0.204
930.000000	47	121	0.929	0.206
936.000000	47	121	0.927	0.210
942.000000	47	121	0.924	0.217
948.000000	47	121	0.922	0.219
954.000000	47	121	0.922	0.220
960.000000	47	121	0.917	0.221
966.000000	47	121	0.914	0.224
972.000000	47	121	0.910	0.227
978.000000	47	121	0.906	0.229
984.000000	47	121	0.903	0.229
990.000000	47	121	0.899	0.233
996.000000	47	121	0.893	0.235
1002.000000	47	121	0.887	0.235
1008.000000	47	121	0.884	0.231
1014.000000	47	35	0.877	0.234
1020.000000	47	35	0.871	0.239
1026.000000	47	35	0.863	0.244
1032.000000	47	35	0.856	0.249
1038.000000	47	35	0.846	0.253
1044.000000	47	35	0.836	0.255
1050.000000	47	35	0.820	0.257
1056.000000	47	35	0.800	0.265
1062.000000	47	35	0.787	0.273
1068.000000	47	35	0.776	0.279
1074.000000	47	35	0.764	0.289
1080.000000	47	35	0.745	0.297
1086.000000	47	35	0.724	0.303
1092.000000	47	35	0.698	0.305
1098.000000	47	35	0.660	0.317
1104.000000	47	35	0.627	0.329
1110.000000	47	35	0.576	0.347
1116.000000	47	35	0.520	0.371
1122.000000	47	35	0.438	0.390
1128.000000	35	47	0.405	0.338
1134.000000	35	193	0.424	0.362
1140.000000	35	193	0.442	0.379
1146.000000	35	193	0.459	0.391
1152.000000	35	193	0.471	0.402
1158.000000	35	193	0.479	0.407
1164.000000	35	193	0.484	0.419
1170.000000	35	193	0.485	0.429
1176.000000	35	193	0.487	0.440
1182.000000	35	193	0.494	0.452
1188.000000	35	193	0.494	0.454
1194.000000	35	193	0.497	0.458
1200.000000	35	193	0.500	0.462
1206.000000	35	193	0.507	0.466
1212.000000	35	193	0.504	0.468
1218.000000	35	193	0.509	0.471
1224.000000	35	193	0.508	0.478
1230.000000	35	193	0.507	0.483
1236.000000	35	193	0.503	0.487
1242.000000	35	193	0.498	0.489
1248.000000	35	193	0.501	0.495
1254.000000	193	35	0.503	0.501
1260.000000	193	35	0.502	0.497
1266.000000	193	35	0.499	0.495
1272.000000	193	35	0.497	0.496
1278.000000	193	35	0.504	0.494
1284.000000	193	35	0.507	0.486
1290.000000	193	35	0.510	0.483
1296.000000	193	35	0.511	0.481
1302.000000	193	35	0.516	0.471
1308.000000	193	164	0.522	0.475
1314.000000	193	164	0.522	0.483
1320.000000	193	164	0.517	0.490
1326.000000	193	164	0.517	0.496
1332.000000	193	164	0.519	0.504
1338.000000	193	164	0.523	0.516
1344.000000	164	193	0.526	0.525
1350.000000	164	193	0.541	0.524
1356.000000	164	193	0.546	0.528
1362.000000	164	193	0.550	0.531
1368.000000	164	193	0.557	0.527
1374.000000	164	193	0.567	0.531
1380.000000	164	193	0.574	0.533
1386.000000	164	193	0.577	0.538
1392.000000	164	193	0.581	0.539
1398.000000	164	193	0.592	0.543
1404.000000	164	193	0.594	0.547
1410.000000	164	193	0.598	0.546
1416.000000	164	193	0.597	0.543
1422.000000	164	193	0.603	0.529
1428.000000	164	193	0.606	0.514
1434.000000	164	193	0.613	0.506
1440.000000	164	193	0.615	0.496
1446.000000	164	63	0.621	0.503
1452.000000	164	63	0.625	0.501
1458.000000	164	63	0.628	0.500
1464.000000	164	63	0.628	0.497
1470.000000	164	63	0.630	0.497
1476.000000	164	63	0.630	0.504
1482.000000	164	63	0.634	0.505
1488.000000	164	63	0.635	0.502
1494.000000	164	63	0.640	0.498
1500.000000	164	63	0.647	0.498
1506.000000	164	63	0.650	0.498
1512.000000	164	63	0.646	0.494
1518.000000	164	63	0.637	0.487
1524.000000	164	63	0.631	0.476
1530.000000	164	63	0.633	0.472
1536.000000	164	63	0.630	0.465
1542.000000	164	63	0.626	0.451
1548.000000	164	63	0.626	0.435
1554.000000	164	63	0.612	0.417
1560.000000	164	63	0.592	0.399
1566.000000	164	63	0.575	0.387
1572.000000	164	63	0.566	0.360
1578.000000	164	63	0.560	0.328
1584.000000	164	76	0.551	0.330
1590.000000	164	76	0.542	0.341
1596.000000	164	76	0.535	0.350
1602.000000	164	76	0.520	0.358
1608.000000	164	76	0.496	0.374
1614.000000	164	76	0.475	0.385
1620.000000	164	76	0.450	0.397
1626.000000	76	164	0.412	0.411
1632.000000	76	164	0.430	0.371
1638.000000	76	75	0.445	0.358
1644.000000	76	75	0.453	0.372
1650.000000	76	75	0.458	0.395
1656.000000	76	75	0.467	0.410
1662.000000	76	75	0.486	0.433
1668.000000	76	75	0.501	0.451
1674.000000	76	75	0.516	0.467
1680.000000	76	75	0.531	0.476
1686.000000	76	75	0.542	0.487
1692.000000	76	75	0.552	0.497
1698.000000	76	75	0.560	0.513
1704.000000	76	75	0.563	0.528
1710.000000	76	75	0.559	0.539
1716.000000	76	75	0.554	0.549
1722.000000	75	76	0.557	0.551
1728.000000	75	76	0.566	0.552
1734.000000	75	76	0.577	0.546
1740.000000	75	76	0.589	0.541
1746.000000	75	76	0.599	0.533
1752.000000	75	76	0.603	0.527
1758.000000	75	76	0.614	0.522
1764.000000	75	76	0.620	0.518
1770.000000	75	76	0.629	0.509
1776.000000	75	76	0.640	0.502
1782.000000	75	76	0.657	0.493
1788.000000	75	76	0.671	0.483
1794.000000	75	76	0.684	0.469
1800.000000	75	76	0.689	0.456
1806.000000	75	76	0.706	0.443
1812.000000	75	76	0.720	0.434
1818.000000	75	76	0.731	0.428
1824.000000	75	76	0.740	0.418
1830.000000	75	76	0.748	0.402
1836.000000	75	143	0.754	0.399
1842.000000	75	143	0.761	0.396
1848.000000	75	143	0.773	0.394
1854.000000	75	143	0.785	0.391
1860.000000	75	143	0.799	0.387
1866.000000	75	143	0.811	0.385
1872.000000	75	143	0.826	0.385
1878.000000	75	143	0.839	0.378
1884.000000	75	143	0.856	0.370
1890.000000	75	143	0.863	0.366
1896.000000	75	143	0.870	0.365
1902.000000	75	143	0.875	0.363
1908.000000	75	143	0.874	0.355
1914.000000	75	143	0.873	0.349
1920.000000	75	143	0.877	0.334
1926.000000	75	143	0.880	0.322
1932.000000	75	143	0.883	0.305
1938.000000	75	143	0.882	0.283
1944.000000	75	143	0.880	0.256
1950.000000	75	143	0.881	0.230
1956.000000	75	145	0.888	0.215
1962.000000	75	145	0.894	0.224
1968.000000	75	145	0.895	0.236
1974.000000	75	145	0.895	0.246
1980.000000	75	145	0.892	0.256
1986.000000	75	145	0.891	0.260
1992.000000	75	145	0.888	0.263
1998.000000	75	145	0.884	0.270
2004.000000	75	145	0.881	0.277
2010.000000	75	145	0.880	0.282
2016.000000	75	145	0.879	0.283
2022.000000	75	145	0.873	0.284
2028.000000	75	145	0.868	0.286
2034.000000	75	145	0.865	0.289
2040.000000	75	145	0.861	0.292
2046.000000	75	145	0.858	0.294
2052.000000	75	145	0.856	0.295
2058.000000	75	145	0.854	0.298
2064.000000	75	145	0.854	0.302
2070.000000	75	145	0.854	0.308
2076.000000	75	145	0.847	0.312
2082.000000	75	145	0.838	0.315
2088.000000	75	145	0.830	0.318
2094.000000	75	145	0.822	0.314
2100.000000	75	145	0.810	0.307
2106.000000	75	145	0.799	0.297
2112.000000	75	145	0.788	0.286
2118.000000	75	145	0.779	0.278
2124.000000	75	145	0.771	0.270
2130.000000	75	145	0.763	0.264
2136.000000	75	145	0.752	0.263
2142.000000	75	145	0.743	0.259
2148.000000	75	145	0.730	0.253
2154.000000	75	188	0.716	0.248
2160.000000	75	188	0.697	0.249
2166.000000	75	188	0.674	0.247
2172.000000	75	188	0.635	0.247
2178.000000	75	188	0.588	0.254
2184.000000	75	188	0.533	0.263
2190.000000	75	188	0.456	0.272
2196.000000	75	188	0.349	0.288
2202.000000	188	75	0.301	0.246
2208.000000	188	138	0.301	0.233
2214.000000	188	96	0.309	0.258
2220.000000	188	96	0.325	0.285
2226.000000	188	96	0.336	0.303
2232.000000	188	96	0.348	0.315
2238.000000	188	96	0.358	0.328
2244.000000	188	96	0.364	0.343
2250.000000	188	96	0.371	0.345
2256.000000	188	96	0.390	0.355
2262.000000	188	96	0.401	0.357
2268.000000	188	96	0.411	0.359
2274.000000	188	96	0.423	0.368
2280.000000	188	96	0.437	0.375
2286.000000	188	96	0.443	0.380
2292.000000	188	96	0.445	0.384
2298.000000	188	96	0.455	0.388
2304.000000	188	96	0.462	0.390
2310.000000	188	96	0.474	0.395
2316.000000	188	96	0.481	0.396
2322.000000	188	96	0.489	0.398
2328.000000	188	96	0.496	0.403
2334.000000	188	96	0.503	0.410
2340.000000	188	96	0.516	0.414
2346.000000	188	96	0.528	0.413
2352.000000	188	96	0.536	0.416
2358.000000	188	96	0.540	0.423
2364.000000	188	96	0.539	0.430
2370.000000	188	96	0.544	0.432
2376.000000	188	96	0.555	0.429
2382.000000	188	96	0.562	0.429
2388.000000	188	96	0.569	0.431
2394.000000	188	96	0.580	0.436
2400.000000	188	96	0.584	0.437
2406.000000	188	100	0.588	0.448
2412.000000	188	100	0.587	0.465
2418.000000	188	100	0.587	0.487
2424.000000	188	100	0.595	0.498
2430.000000	188	100	0.609	0.510
2436.000000	188	100	0.618	0.526
2442.000000	188	100	0.631	0.544
2448.000000	188	100	0.630	0.555
2454.000000	188	100	0.630	0.563
2460.000000	188	100	0.622	0.570
2466.000000	188	100	0.628	0.586
2472.000000	188	100	0.626	0.595
2478.000000	188	100	0.619	0.606
2484.000000	188	100	0.619	0.612
2490.000000	100	188	0.621	0.618
2496.000000	100	188	0.640	0.618
2502.000000	100	188	0.661	0.604
2508.000000	100	188	0.669	0.594
2514.000000	100	188	0.680	0.582
2520.000000	100	188	0.693	0.570
2526.000000	100	188	0.709	0.560
2532.000000	100	188	0.721	0.552
2538.000000	100	188	0.729	0.541
2544.000000	100	188	0.738	0.517
2550.000000	100	188	0.751	0.491
2556.000000	100	188	0.776	0.454
2562.000000	100	188	0.797	0.410
2568.000000	100	188	0.814	0.369
2574.000000	100	29	0.832	0.386
2580.000000	100	29	0.845	0.403
2586.000000	100	29	0.854	0.429
2592.000000	100	29	0.878	0.449
2598.000000	100	29	0.889	0.478
2604.000000	100	29	0.895	0.515
2610.000000	100	29	0.900	0.548
2616.000000	100	29	0.904	0.568
2622.000000	100	29	0.910	0.589
2628.000000	100	29	0.909	0.613
2634.000000	100	29	0.908	0.640
2640.000000	100	29	0.904	0.660
2646.000000	100	29	0.903	0.662
2652.000000	100	29	0.901	0.662
2658.000000	100	29	0.896	0.666
2664.000000	100	29	0.889	0.675
2670.000000	100	29	0.880	0.688
2676.000000	100	29	0.875	0.698
2682.000000	100	29	0.874	0.701
2688.000000	100	29	0.873	0.704
2694.000000	100	29	0.870	0.705
2700.000000	100	29	0.862	0.715
2706.000000	100	29	0.858	0.719
2712.000000	100	29	0.848	0.723
2718.000000	100	29	0.841	0.722
2724.000000	100	29	0.834	0.725
2730.000000	100	29	0.830	0.725
2736.000000	100	29	0.822	0.729
2742.000000	100	29	0.811	0.739
2748.000000	100	29	0.802	0.738
2754.000000	100	29	0.788	0.740
2760.000000	100	29	0.774	0.741
2766.000000	100	29	0.761	0.743
2772.000000	29	100	0.747	0.738
2778.000000	29	100	0.757	0.713
2784.000000	29	100	0.760	0.691
2790.000000	29	100	0.763	0.667
2796.000000	29	100	0.772	0.632
2802.000000	29	100	0.785	0.581
2808.000000	29	100	0.799	0.522
2814.000000	29	100	0.815	0.448
2820.000000	29	100	0.823	0.352
2826.000000	29	100	0.832	0.252
2832.000000	29	57	0.842	0.226
2838.000000	29	57	0.851	0.231
2844.000000	29	57	0.862	0.229
2850.000000	29	104	0.864	0.227
2856.000000	29	104	0.865	0.237
2862.000000	29	104	0.864	0.249
2868.000000	29	104	0.864	0.253
2874.000000	29	169	0.864	0.261
2880.000000	29	169	0.860	0.286
2886.000000	29	169	0.855	0.313
2892.000000	29	169	0.851	0.337
2898.000000	29	169	0.843	0.356
2904.000000	29	169	0.837	0.366
2910.000000	29	169	0.831	0.376
2916.000000	29	169	0.824	0.383
2922.000000	29	169	0.816	0.393
2928.000000	29	169	0.812	0.405
2934.000000	29	169	0.807	0.421
2940.000000	29	169	0.802	0.437
2946.000000	29	169	0.800	0.453
2952.000000	29	169	0.797	0.469
2958.000000	29	169	0.795	0.485
2964.000000	29	169	0.789	0.502
2970.000000	29	169	0.782	0.518
2976.000000	29	169	0.773	0.539
2982.000000	29	169	0.769	0.559
2988.000000	29	169	0.763	0.576
2994.000000	29	169	0.758	0.593
3000.000000	29	169	0.746	0.612
3006.000000	29	169	0.731	0.630
3012.000000	29	169	0.702	0.654
3018.000000	169	29	0.674	0.673
3024.000000	169	29	0.700	0.641
3030.000000	169	29	0.728	0.600
3036.000000	169	29	0.752	0.551
3042.000000	169	29	0.773	0.495
3048.000000	169	29	0.790	0.426
3054.000000	169	29	0.814	0.343
3060.000000	169	29	0.849	0.211
3066.000000	169	142	0.879	0.203
3072.000000	169	142	0.903	0.211
3078.000000	169	142	0.909	0.212
3084.000000	169	142	0.910	0.216
3090.000000	169	142	0.911	0.232
3096.000000	169	142	0.914	0.244
3102.000000	169	142	0.913	0.254
3108.000000	169	142	0.912	0.257
3114.000000	169	142	0.910	0.262
3120.000000	169	142	0.909	0.267
3126.000000	169	142	0.908	0.268
3132.000000	169	142	0.907	0.273
3138.000000	169	142	0.906	0.278
3144.000000	169	142	0.907	0.281
3150.000000	169	142	0.908	0.283
3156.000000	169	142	0.907	0.282
3162.000000	169	142	0.906	0.281
3168.000000	169	142	0.903	0.283
3174.000000	169	142	0.901	0.287
3180.000000	169	142	0.899	0.289
3186.000000	169	142	0.895	0.291
3192.000000	169	142	0.891	0.293
3198.000000	169	142	0.891	0.294
3204.000000	169	142	0.891	0.297
3210.000000	169	142	0.889	0.302
3216.000000	169	142	0.889	0.302
3222.000000	169	142	0.886	0.298
3228.000000	169	142	0.884	0.291
3234.000000	169	142	0.881	0.285
3240.000000	169	142	0.882	0.277
3246.000000	169	142	0.884	0.270
3252.000000	169	142	0.884	0.264
3258.000000	169	142	0.886	0.252
3264.000000	169	15	0.889	0.258
3270.000000	169	15	0.889	0.273
3276.000000	169	15	0.886	0.294
3282.000000	169	15	0.882	0.311
3288.000000	169	15	0.878	0.334
3294.000000	169	15	0.876	0.349
3300.000000	169	15	0.873	0.371
3306.000000	169	15	0.868	0.399
3312.000000	169	15	0.863	0.431
3318.000000	169	15	0.859	0.454
3324.000000	169	15	0.852	0.471
3330.000000	169	15	0.845	0.491
3336.000000	169	15	0.835	0.513
3342.000000	169	15	0.823	0.535
3348.000000	169	15	0.813	0.550
3354.000000	169	15	0.802	0.570
3360.000000	169	15	0.784	0.591
3366.000000	169	15	0.761	0.609
3372.000000	169	15	0.729	0.634
3378.000000	169	15	0.686	0.664
3384.000000	15	169	0.695	0.623
3390.000000	15	169	0.732	0.540
3396.000000	15	145	0.768	0.486
3402.000000	15	145	0.796	0.535
3408.000000	15	145	0.832	0.596
3414.000000	15	145	0.847	0.644
3420.000000	15	145	0.861	0.672
3426.000000	15	145	0.869	0.699
3432.000000	15	145	0.872	0.725
3438.000000	15	145	0.866	0.746
3444.000000	15	145	0.859	0.766
3450.000000	15	145	0.856	0.774
3456.000000	15	145	0.851	0.782
3462.000000	15	145	0.850	0.783
3468.000000	15	145	0.849	0.785
3474.000000	15	145	0.846	0.785
3480.000000	15	145	0.844	0.787
3486.000000	15	145	0.841	0.788
3492.000000	15	145	0.840	0.791
3498.000000	15	145	0.834	0.796
3504.000000	15	145	0.829	0.801
3510.000000	15	145	0.825	0.803
3516.000000	15	145	0.820	0.808
3522.000000	15	145	0.816	0.816
3528.000000	145	15	0.818	0.812
3534.000000	145	15	0.816	0.812
3540.000000	145	15	0.817	0.807
3546.000000	145	15	0.820	0.802
3552.000000	145	15	0.820	0.800
3558.000000	145	15	0.824	0.794
3564.000000	145	15	0.826	0.793
3570.000000	145	15	0.827	0.792
3576.000000	145	15	0.828	0.788
3582.000000	145	15	0.828	0.784
3588.000000	145	15	0.830	0.780
3594.000000	145	15	0.837	0.769
3600.000000	145	15	0.844	0.759
3606.000000	145	15	0.851	0.744
3612.000000	145	15	0.855	0.731
3618.000000	145	15	0.860	0.714
3624.000000	145	15	0.863	0.695
3630.000000	145	15	0.866	0.681
3636.000000	145	15	0.872	0.664
3642.000000	145	15	0.874	0.645
3648.000000	145	15	0.881	0.617
3654.000000	145	15	0.887	0.584
3660.000000	145	15	0.898	0.533
3666.000000	145	15	0.906	0.458
3672.000000	145	15	0.914	0.369
3678.000000	145	15	0.924	0.244
3684.000000	145	15	0.932	0.110
3690.000000	145	165	0.936	0.109
3696.000000	145	165	0.940	0.111
3702.000000	145	165	0.945	0.115
3708.000000	145	165	0.947	0.121
3714.000000	145	165	0.947	0.125
3720.000000	145	165	0.949	0.130
3726.000000	145	165	0.948	0.129
3732.000000	145	165	0.947	0.125
3738.000000	145	165	0.946	0.122
3744.000000	145	165	0.944	0.119
3750.000000	145	12	0.941	0.127
3756.000000	145	12	0.937	0.141
3762.000000	145	12	0.935	0.149
3768.000000	145	12	0.933	0.158
3774.000000	145	12	0.931	0.174
3780.000000	145	12	0.928	0.190
3786.000000	145	12	0.924	0.206
3792.000000	145	12	0.919	0.226
3798.000000	145	12	0.918	0.241
3804.000000	145	12	0.911	0.256
3810.000000	145	12	0.903	0.266
3816.000000	145	12	0.894	0.277
3822.000000	145	12	0.884	0.294
3828.000000	145	12	0.874	0.306
3834.000000	145	12	0.865	0.323
3840.000000	145	12	0.858	0.341
3846.000000	145	12	0.850	0.356
3852.000000	145	12	0.839	0.370
3858.000000	145	12	0.823	0.381
3864.000000	145	12	0.806	0.384
3870.000000	145	12	0.787	0.389
3876.000000	145	12	0.750	0.403
3882.000000	145	12	0.708	0.425
3888.000000	145	12	0.669	0.454
3894.000000	145	12	0.604	0.490
3900.000000	12	145	0.532	0.501
3906.000000	12	145	0.580	0.368
3912.000000	12	98	0.618	0.324
3918.000000	12	98	0.646	0.355
3924.000000	12	98	0.660	0.385
3930.000000	12	98	0.684	0.407
3936.000000	12	98	0.703	0.423
3942.000000	12	98	0.715	0.451
3948.000000	12	98	0.730	0.472
3954.000000	12	98	0.741	0.486
3960.000000	12	98	0.747	0.507
3966.000000	12	98	0.747	0.523
3972.000000	12	98	0.752	0.545
3978.000000	12	98	0.758	0.563
3984.000000	12	98	0.766	0.577
3990.000000	12	98	0.764	0.588
3996.000000	12	98	0.762	0.600
4002.000000	12	98	0.766	0.610
4008.000000	12	98	0.769	0.619
4014.000000	12	98	0.780	0.622
4020.000000	12	98	0.788	0.625
4026.000000	12	98	0.789	0.627
4032.000000	12	98	0.790	0.628
4038.000000	12	98	0.793	0.636
4044.000000	12	98	0.797	0.648
4050.000000	12	98	0.801	0.657
4056.000000	12	98	0.799	0.660
4062.000000	12	98	0.795	0.661
4068.000000	12	98	0.795	0.662
4074.000000	12	98	0.797	0.666
4080.000000	12	98	0.794	0.672
4086.000000	12	98	0.791	0.674
4092.000000	12	98	0.785	0.679
4098.000000	12	98	0.781	0.687
4104.000000	12	98	0.780	0.690
4110.000000	12	98	0.778	0.692
4116.000000	12	98	0.778	0.691
4122.000000	12	98	0.782	0.690
4128.000000	12	98	0.782	0.692
4134.000000	12	98	0.777	0.694
4140.000000	12	98	0.774	0.697
4146.000000	12	98	0.773	0.699
4152.000000	12	98	0.772	0.702
4158.000000	12	98	0.772	0.704
4164.000000	12	98	0.772	0.715
4170.000000	12	98	0.767	0.729
4176.000000	12	98	0.763	0.733
4182.000000	12	98	0.761	0.736
4188.000000	12	98	0.757	0.737
4194.000000	12	98	0.756	0.736
4200.000000	12	98	0.752	0.733
4206.000000	12	98	0.745	0.732
4212.000000	12	98	0.738	0.734
4218.000000	98	12	0.741	0.725
4224.000000	98	12	0.747	0.707
4230.000000	98	12	0.750	0.688
4236.000000	98	12	0.755	0.667
4242.000000	98	12	0.772	0.632
4248.000000	98	12	0.784	0.594
4254.000000	98	12	0.788	0.549
4260.000000	98	12	0.800	0.477
4266.000000	98	12	0.810	0.401
4272.000000	98	12	0.822	0.289
4278.000000	98	178	0.835	0.284
4284.000000	98	178	0.837	0.297
4290.000000	98	178	0.839	0.321
4296.000000	98	178	0.848	0.345
4302.000000	98	178	0.846	0.390
4308.000000	98	178	0.845	0.427
4314.000000	98	178	0.848	0.449
4320.000000	98	178	0.847	0.465
4326.000000	98	178	0.843	0.479
4332.000000	98	178	0.833	0.493
4338.000000	98	153	0.821	0.516
4344.000000	98	153	0.804	0.550
4350.000000	98	153	0.792	0.583
4356.000000	98	153	0.779	0.605
4362.000000	98	153	0.753	0.617
4368.000000	98	153	0.734	0.625
4374.000000	98	153	0.707	0.634
4380.000000	98	153	0.672	0.647
4386.000000	153	178	0.663	0.635
4392.000000	153	178	0.687	0.650
4398.000000	153	178	0.710	0.673
4404.000000	153	178	0.735	0.703
4410.000000	153	178	0.761	0.723
4416.000000	153	178	0.786	0.756
4422.000000	153	178	0.804	0.767
4428.000000	153	178	0.820	0.776
4434.000000	153	178	0.837	0.781
4440.000000	153	178	0.847	0.783
4446.000000	153	178	0.855	0.781
4452.000000	153	178	0.856	0.778
4458.000000	153	178	0.856	0.776
4464.000000	153	178	0.855	0.776
4470.000000	153	178	0.854	0.779
4476.000000	153	178	0.853	0.779
4482.000000	153	178	0.853	0.780
4488.000000	153	178	0.856	0.774
4494.000000	153	178	0.853	0.774
4500.000000	153	178	0.852	0.769
4506.000000	153	178	0.848	0.769
4512.000000	153	178	0.844	0.770
4518.000000	153	178	0.842	0.769
4524.000000	153	178	0.839	0.774
4530.000000	153	178	0.841	0.770
4536.000000	153	178	0.839	0.768
4542.000000	153	178	0.838	0.765
4548.000000	153	178	0.839	0.758
4554.000000	153	178	0.835	0.756
4560.000000	153	178	0.832	0.753
4566.000000	153	178	0.828	0.747
4572.000000	153	178	0.825	0.742
4578.000000	153	178	0.824	0.739
4584.000000	153	178	0.822	0.735
4590.000000	153	178	0.821	0.724
4596.000000	153	178	0.817	0.712
4602.000000	153	178	0.811	0.702
4608.000000	153	178	0.808	0.697
4614.000000	153	178	0.804	0.687
4620.000000	153	178	0.801	0.674
4626.000000	153	178	0.799	0.659
4632.000000	153	178	0.798	0.639
4638.000000	153	178	0.800	0.617
4644.000000	153	178	0.801	0.592
4650.000000	153	178	0.803	0.549
4656.000000	153	178	0.804	0.503
4662.000000	153	178	0.810	0.444
4668.000000	153	178	0.814	0.361
4674.000000	153	178	0.821	0.256
4680.000000	153	178	0.831	0.150
4686.000000	153	115	0.844	0.147
4692.000000	153	115	0.847	0.153
4698.000000	153	2	0.841	0.159
4704.000000	153	2	0.838	0.167
4710.000000	153	159	0.835	0.179
4716.000000	153	2	0.833	0.188
4722.000000	153	2	0.828	0.195
4728.000000	153	2	0.822	0.203
4734.000000	153	2	0.815	0.209
4740.000000	153	2	0.810	0.216
4746.000000	153	2	0.803	0.224
4752.000000	153	2	0.795	0.235
4758.000000	153	2	0.788	0.240
4764.000000	153	2	0.780	0.245
4770.000000	153	2	0.769	0.253
4776.000000	153	2	0.759	0.258
4782.000000	153	2	0.745	0.268
4788.000000	153	2	0.725	0.275
4794.000000	153	2	0.698	0.282
4800.000000	153	2	0.664	0.291
4806.000000	153	2	0.626	0.300
4812.000000	153	2	0.567	0.314
4818.000000	153	2	0.503	0.330
4824.000000	153	2	0.433	0.340
4830.000000	2	153	0.349	0.344
4836.000000	2	81	0.367	0.311
4842.000000	2	81	0.383	0.317
4848.000000	2	81	0.398	0.323
4854.000000	2	81	0.416	0.325
4860.000000	2	81	0.433	0.326
4866.000000	2	81	0.446	0.331
4872.000000	2	81	0.462	0.339
4878.000000	2	81	0.483	0.340
4884.000000	2	81	0.493	0.341
4890.000000	2	81	0.498	0.344
4896.000000	2	81	0.508	0.341
4902.000000	2	81	0.517	0.337
4908.000000	2	81	0.528	0.332
4914.000000	2	85	0.538	0.335
4920.000000	2	85	0.547	0.339
4926.000000	2	85	0.569	0.342
4932.000000	2	85	0.583	0.336
4938.000000	2	85	0.594	0.337
4944.000000	2	85	0.612	0.339
4950.000000	2	85	0.641	0.338
4956.000000	2	85	0.656	0.337
4962.000000	2	85	0.668	0.340
4968.000000	2	85	0.684	0.343
4974.000000	2	85	0.690	0.344
4980.000000	2	85	0.699	0.344
4986.000000	2	85	0.719	0.338
4992.000000	2	85	0.731	0.330
4998.000000	2	85	0.749	0.326
5004.000000	2	85	0.773	0.318
5010.000000	2	85	0.799	0.310
5016.000000	2	85	0.805	0.300
5022.000000	2	85	0.810	0.284
5028.000000	2	85	0.816	0.267
5034.000000	2	85	0.820	0.255
5040.000000	2	85	0.835	0.240
5046.000000	2	27	0.843	0.230
5052.000000	2	27	0.847	0.233
5058.000000	2	27	0.858	0.241
5064.000000	2	27	0.871	0.249
5070.000000	2	27	0.878	0.255
5076.000000	2	27	0.883	0.264
5082.000000	2	27	0.892	0.274
5088.000000	2	27	0.892	0.282
5094.000000	2	27	0.895	0.289
5100.000000	2	27	0.897	0.298
5106.000000	2	27	0.897	0.312
5112.000000	2	27	0.897	0.326
5118.000000	2	27	0.895	0.335
5124.000000	2	27	0.893	0.345
5130.000000	2	27	0.895	0.350
5136.000000	2	27	0.893	0.354
5142.000000	2	27	0.893	0.362
5148.000000	2	27	0.891	0.374
5154.000000	2	27	0.885	0.386
5160.000000	2	27	0.880	0.390
5166.000000	2	27	0.876	0.392
5172.000000	2	27	0.876	0.395
5178.000000	2	27	0.874	0.404
5184.000000	2	27	0.869	0.414
5190.000000	2	27	0.867	0.426
5196.000000	2	27	0.866	0.436
5202.000000	2	27	0.865	0.442
5208.000000	2	27	0.864	0.448
5214.000000	2	27	0.859	0.461
5220.000000	2	27	0.854	0.468
5226.000000	2	27	0.849	0.477
5232.000000	2	27	0.842	0.484
5238.000000	2	27	0.835	0.488
5244.000000	2	27	0.826	0.494
5250.000000	2	27	0.814	0.504
5256.000000	2	27	0.808	0.511
5262.000000	2	27	0.800	0.516
5268.000000	2	27	0.784	0.523
5274.000000	2	27	0.769	0.528
5280.000000	2	27	0.753	0.536
5286.000000	2	27	0.727	0.545
5292.000000	2	27	0.707	0.553
5298.000000	2	27	0.678	0.563
5304.000000	2	27	0.638	0.582
5310.000000	27	2	0.608	0.583
5316.000000	27	2	0.654	0.502
5322.000000	27	2	0.701	0.391
5328.000000	27	25	0.745	0.250
5334.000000	27	25	0.781	0.272
5340.000000	27	25	0.801	0.284
5346.000000	27	25	0.810	0.303
5352.000000	27	25	0.811	0.335
5358.000000	27	25	0.818	0.362
5364.000000	27	25	0.824	0.388
5370.000000	27	25	0.832	0.413
5376.000000	27	25	0.839	0.433
5382.000000	27	25	0.847	0.445
5388.000000	27	25	0.852	0.457
5394.000000	27	25	0.852	0.474
5400.000000	27	25	0.852	0.484
5406.000000	27	25	0.853	0.484
5412.000000	27	25	0.857	0.486
5418.000000	27	25	0.859	0.492
5424.000000	27	25	0.858	0.500
5430.000000	27	25	0.857	0.509
5436.000000	27	25	0.856	0.525
5442.000000	27	25	0.855	0.542
5448.000000	27	25	0.855	0.550
5454.000000	27	25	0.851	0.556
5460.000000	27	25	0.851	0.560
5466.000000	27	25	0.847	0.570
5472.000000	27	25	0.842	0.580
5478.000000	27	25	0.843	0.585
5484.000000	27	25	0.844	0.590
5490.000000	27	25	0.843	0.597
5496.000000	27	25	0.841	0.608
5502.000000	27	25	0.838	0.616
5508.000000	27	25	0.835	0.620
5514.000000	27	25	0.830	0.616
5520.000000	27	25	0.819	0.615
5526.000000	27	25	0.812	0.620
5532.000000	27	25	0.804	0.622
5538.000000	27	25	0.793	0.621
5544.000000	27	25	0.784	0.623
5550.000000	27	25	0.773	0.623
5556.000000	27	25	0.761	0.620
5562.000000	27	25	0.744	0.616
5568.000000	27	25	0.728	0.621
5574.000000	27	25	0.699	0.621
5580.000000	27	25	0.666	0.616
5586.000000	35	27	0.637	0.621
5592.000000	35	25	0.670	0.607
5598.000000	35	25	0.701	0.597
5604.000000	35	25	0.740	0.590
5610.000000	35	25	0.771	0.589
5616.000000	35	25	0.808	0.591
5622.000000	35	25	0.835	0.586
5628.000000	35	25	0.847	0.579
5634.000000	35	25	0.853	0.569
5640.000000	35	25	0.858	0.553
5646.000000	35	25	0.860	0.532
5652.000000	35	25	0.862	0.507
5658.000000	35	25	0.867	0.482
5664.000000	35	25	0.874	0.450
5670.000000	35	25	0.882	0.420
5676.000000	35	25	0.889	0.386
5682.000000	35	25	0.891	0.350
5688.000000	35	25	0.896	0.313
5694.000000	35	25	0.902	0.272
5700.000000	35	25	0.900	0.233
5706.000000	35	157	0.905	0.207
5712.000000	35	157	0.909	0.202
5718.000000	35	157	0.908	0.199
5724.000000	35	33	0.909	0.206
5730.000000	35	33	0.911	0.224
5736.000000	35	33	0.909	0.245
5742.000000	35	33	0.907	0.261
5748.000000	35	33	0.905	0.278
5754.000000	35	33	0.906	0.294
5760.000000	35	33	0.906	0.314
5766.000000	35	33	0.907	0.336
5772.000000	35	33	0.907	0.350
5778.000000	35	33	0.906	0.353
5784.000000	35	33	0.904	0.356
5790.000000	35	33	0.903	0.363
5796.000000	35	33	0.901	0.372
5802.000000	35	33	0.898	0.382
5808.000000	35	33	0.897	0.397
5814.000000	35	33	0.896	0.416
5820.000000	35	33	0.894	0.436
5826.000000	35	33	0.889	0.453
5832.000000	35	33	0.882	0.481
5838.000000	35	33	0.877	0.505
5844.000000	35	33	0.871	0.522
5850.000000	35	33	0.867	0.538
5856.000000	35	33	0.861	0.556
5862.000000	35	33	0.853	0.571
5868.000000	35	33	0.839	0.590
5874.000000	35	33	0.824	0.601
5880.000000	35	33	0.801	0.621
5886.000000	35	33	0.781	0.639
5892.000000	35	33	0.763	0.655
5898.000000	35	33	0.737	0.674
5904.000000	35	33	0.713	0.688
5910.000000	33	35	0.706	0.684
5916.000000	33	35	0.721	0.656
5922.000000	33	35	0.742	0.612
5928.000000	33	35	0.766	0.552
5934.000000	33	35	0.794	0.469
5940.000000	33	35	0.820	0.363
5946.000000	33	35	0.862	0.221
5952.000000	33	36	0.881	0.135
5958.000000	33	42	0.902	0.130
5964.000000	33	42	0.925	0.144
5970.000000	33	42	0.934	0.155
5976.000000	33	42	0.939	0.161
5982.000000	33	42	0.944	0.169
5988.000000	33	42	0.944	0.179
5994.000000	33	42	0.939	0.187
6000.000000	33	42	0.935	0.195
6006.000000	33	42	0.932	0.201
6012.000000	33	44	0.930	0.205
6018.000000	33	44	0.929	0.215
6024.000000	33	42	0.927	0.230
6030.000000	33	42	0.925	0.242
6036.000000	33	42	0.923	0.247
6042.000000	33	42	0.921	0.249
6048.000000	33	42	0.920	0.252
6054.000000	33	42	0.919	0.260
6060.000000	33	42	0.916	0.274
6066.000000	33	42	0.913	0.281
6072.000000	33	42	0.908	0.291
6078.000000	33	42	0.903	0.295
6084.000000	33	44	0.899	0.301
6090.000000	33	44	0.895	0.311
6096.000000	33	44	0.889	0.317
6102.000000	33	44	0.884	0.318
6108.000000	33	44	0.874	0.327
6114.000000	33	44	0.868	0.332
6120.000000	33	44	0.861	0.336
6126.000000	33	44	0.855	0.344
6132.000000	33	42	0.846	0.349
6138.000000	33	42	0.839	0.355
6144.000000	33	42	0.830	0.361
6150.000000	33	42	0.820	0.370
6156.000000	33	42	0.810	0.378
6162.000000	33	42	0.797	0.387
6168.000000	33	42	0.782	0.399
6174.000000	33	42	0.764	0.411
6180.000000	33	42	0.749	0.422
6186.000000	33	42	0.731	0.433
6192.000000	33	42	0.716	0.449
6198.000000	33	42	0.693	0.461
6204.000000	33	42	0.659	0.478
6210.000000	33	42	0.623	0.497
6216.000000	33	42	0.577	0.515
6222.000000	42	33	0.540	0.513
6228.000000	42	33	0.574	0.414
6234.000000	42	44	0.599	0.418
6240.000000	42	44	0.626	0.432
6246.000000	42	44	0.668	0.452
6252.000000	42	44	0.705	0.458
6258.000000	42	44	0.725	0.464
6264.000000	42	44	0.735	0.461
6270.000000	42	44	0.739	0.467
6276.000000	42	44	0.748	0.477
6282.000000	42	44	0.747	0.484
6288.000000	42	44	0.751	0.488
6294.000000	42	44	0.756	0.495
6300.000000	42	44	0.755	0.502
6306.000000	42	44	0.757	0.503
6312.000000	42	44	0.759	0.502
6318.000000	42	44	0.763	0.500
6324.000000	42	44	0.770	0.498
6330.000000	42	44	0.775	0.495
6336.000000	42	44	0.777	0.492
6342.000000	42	44	0.777	0.494
6348.000000	42	44	0.780	0.491
6354.000000	42	44	0.783	0.488
6360.000000	42	44	0.788	0.485
6366.000000	42	44	0.795	0.481
6372.000000	42	44	0.795	0.477
6378.000000	42	44	0.799	0.472
6384.000000	42	44	0.804	0.466
6390.000000	42	44	0.811	0.456
6396.000000	42	44	0.818	0.446
6402.000000	42	44	0.828	0.439
6408.000000	42	44	0.837	0.436
6414.000000	42	44	0.841	0.426
6420.000000	42	44	0.848	0.416
6426.000000	42	44	0.853	0.410
6432.000000	42	44	0.858	0.406
6438.000000	42	44	0.865	0.389
6444.000000	42	44	0.873	0.360
6450.000000	42	44	0.875	0.336
6456.000000	42	44	0.878	0.317
6462.000000	42	44	0.884	0.292
6468.000000	42	44	0.892	0.264
6474.000000	42	44	0.897	0.235
6480.000000	42	44	0.902	0.201
6486.000000	42	44	0.903	0.173
6492.000000	42	44	0.906	0.154
6498.000000	42	9	0.907	0.148
6504.000000	42	9	0.906	0.151
6510.000000	42	9	0.908	0.151
6516.000000	42	2	0.907	0.153
6522.000000	42	2	0.908	0.160
6528.000000	42	2	0.911	0.162
6534.000000	42	2	0.907	0.162
6540.000000	42	27	0.903	0.163
6546.000000	42	27	0.901	0.168
6552.000000	42	27	0.900	0.173
6558.000000	42	27	0.900	0.181
6564.000000	42	27	0.895	0.190
6570.000000	42	27	0.891	0.196
6576.000000	42	27	0.886	0.199
6582.000000	42	27	0.882	0.204
6588.000000	42	27	0.876	0.214
6594.000000	42	27	0.871	0.221
6600.000000	42	27	0.867	0.227
6606.000000	42	27	0.865	0.235
6612.000000	42	27	0.860	0.250
6618.000000	42	27	0.856	0.266
6624.000000	42	27	0.853	0.279
6630.000000	42	27	0.848	0.289
6636.000000	42	27	0.846	0.292
6642.000000	42	27	0.844	0.295
6648.000000	42	27	0.841	0.305
6654.000000	42	27	0.840	0.319
6660.000000	42	27	0.836	0.329
6666.000000	42	27	0.826	0.340
6672.000000	42	27	0.814	0.351
6678.000000	42	27	0.799	0.360
6684.000000	42	27	0.777	0.372
6690.000000	42	27	0.749	0.388
6696.000000	42	27	0.712	0.409
6702.000000	42	27	0.656	0.427
6708.000000	42	27	0.591	0.445
6714.000000	42	27	0.521	0.467
6720.000000	27	42	0.497	0.407
6726.000000	27	182	0.527	0.404
6732.000000	27	182	0.561	0.436
6738.000000	27	182	0.593	0.463
6744.000000	27	182	0.602	0.494
6750.000000	27	182	0.606	0.513
6756.000000	27	182	0.614	0.529
6762.000000	27	182	0.622	0.537
6768.000000	27	182	0.626	0.547
6774.000000	27	182	0.627	0.554
6780.000000	27	182	0.631	0.558
6786.000000	27	182	0.637	0.563
6792.000000	27	182	0.641	0.568
6798.000000	27	182	0.646	0.578
6804.000000	27	182	0.647	0.590
6810.000000	27	182	0.647	0.599
6816.000000	27	182	0.648	0.603
6822.000000	27	182	0.650	0.604
6828.000000	27	182	0.654	0.609
6834.000000	27	182	0.649	0.620
6840.000000	27	182	0.640	0.633
6846.000000	182	27	0.649	0.632
6852.000000	182	27	0.663	0.636
6858.000000	182	27	0.672	0.643
6864.000000	182	27	0.682	0.647
6870.000000	182	27	0.693	0.648
6876.000000	182	27	0.693	0.654
6882.000000	182	27	0.696	0.657
6888.000000	182	27	0.705	0.664
6894.000000	182	27	0.720	0.664
6900.000000	182	27	0.727	0.667
6906.000000	182	27	0.735	0.667
6912.000000	182	27	0.744	0.670
6918.000000	182	27	0.750	0.672
6924.000000	182	27	0.758	0.674
6930.000000	182	27	0.774	0.665
6936.000000	182	27	0.789	0.662
6942.000000	182	27	0.797	0.661
6948.000000	182	27	0.811	0.655
6954.000000	182	27	0.822	0.651
6960.000000	182	27	0.828	0.645
6966.000000	182	27	0.831	0.641
6972.000000	182	27	0.834	0.639
6978.000000	182	27	0.838	0.628
6984.000000	182	27	0.844	0.616
6990.000000	182	27	0.849	0.603
6996.000000	182	27	0.849	0.587
7002.000000	182	27	0.850	0.565
7008.000000	182	27	0.852	0.536
7014.000000	182	27	0.856	0.504
7020.000000	182	27	0.869	0.460
7026.000000	182	27	0.871	0.418
7032.000000	182	27	0.878	0.344
7038.000000	182	27	0.884	0.261
7044.000000	182	46	0.896	0.202
7050.000000	182	46	0.902	0.199
7056.000000	182	46	0.907	0.197
7062.000000	182	46	0.907	0.203
7068.000000	182	46	0.907	0.207
7074.000000	182	46	0.908	0.211
7080.000000	182	46	0.908	0.212
7086.000000	182	46	0.909	0.207
7092.000000	182	18	0.906	0.211
7098.000000	182	18	0.903	0.217
7104.000000	182	18	0.900	0.223
7110.000000	182	18	0.896	0.228
7116.000000	182	18	0.891	0.237
7122.000000	182	18	0.889	0.245
7128.000000	182	18	0.884	0.246
7134.000000	182	18	0.875	0.248
7140.000000	182	18	0.865	0.251
7146.000000	182	18	0.851	0.255
7152.000000	182	18	0.833	0.256
7158.000000	182	18	0.820	0.259
7164.000000	182	18	0.807	0.271
7170.000000	182	18	0.798	0.283
7176.000000	182	18	0.788	0.295
7182.000000	182	18	0.775	0.305
7188.000000	182	18	0.760	0.312
7194.000000	182	18	0.738	0.319
7200.000000	182	18	0.712	0.329
7206.000000	182	18	0.679	0.338
7212.000000	182	18	0.642	0.339
7218.000000	182	18	0.600	0.346
7224.000000	182	18	0.548	0.355
7230.000000	182	18	0.481	0.370
7236.000000	170	18	0.397	0.381
7242.000000	170	18	0.456	0.394
7248.000000	170	18	0.516	0.408
7254.000000	170	18	0.583	0.420
7260.000000	170	18	0.638	0.433
7266.000000	170	18	0.668	0.441
7272.000000	170	18	0.692	0.450
7278.000000	170	18	0.711	0.464
7284.000000	170	18	0.724	0.479
7290.000000	170	18	0.742	0.492
7296.000000	170	18	0.763	0.495
7302.000000	170	18	0.781	0.495
7308.000000	170	18	0.791	0.494
7314.000000	170	18	0.807	0.489
7320.000000	170	18	0.823	0.486
7326.000000	170	18	0.831	0.486
7332.000000	170	18	0.843	0.481
7338.000000	170	18	0.848	0.479
7344.000000	170	18	0.859	0.473
7350.000000	170	18	0.861	0.470
7356.000000	170	18	0.860	0.469
7362.000000	170	18	0.862	0.465
7368.000000	170	18	0.862	0.460
7374.000000	170	18	0.866	0.453
7380.000000	170	18	0.872	0.444
7386.000000	170	18	0.875	0.436
7392.000000	170	18	0.878	0.424
7398.000000	170	18	0.879	0.412
7404.000000	170	18	0.884	0.401
7410.000000	170	18	0.886	0.389
7416.000000	170	18	0.889	0.374
7422.000000	170	18	0.893	0.357
7428.000000	170	18	0.897	0.339
7434.000000	170	18	0.898	0.321
7440.000000	170	18	0.900	0.294
7446.000000	170	18	0.904	0.268
7452.000000	170	132	0.906	0.257
7458.000000	170	132	0.907	0.257
7464.000000	170	132	0.909	0.251
7470.000000	170	132	0.911	0.244
7476.000000	170	132	0.916	0.238
7482.000000	170	132	0.929	0.232
7488.000000	170	132	0.932	0.221
7494.000000	170	132	0.934	0.209
7500.000000	170	54	0.936	0.198
7506.000000	170	54	0.938	0.201
7512.000000	170	54	0.938	0.209
7518.000000	170	54	0.937	0.215
7524.000000	170	54	0.938	0.223
7530.000000	170	54	0.934	0.234
7536.000000	170	54	0.929	0.240
7542.000000	170	54	0.924	0.246
7548.000000	170	54	0.917	0.254
7554.000000	170	54	0.912	0.258
7560.000000	170	54	0.905	0.264
7566.000000	170	54	0.896	0.270
7572.000000	170	54	0.887	0.273
7578.000000	170	54	0.879	0.279
7584.000000	170	54	0.870	0.290
7590.000000	170	54	0.864	0.298
7596.000000	170	54	0.858	0.307
7602.000000	170	54	0.852	0.320
7608.000000	170	54	0.844	0.329
7614.000000	170	54	0.834	0.346
7620.000000	170	54	0.824	0.360
7626.000000	170	54	0.815	0.365
7632.000000	170	54	0.805	0.370
7638.000000	170	54	0.794	0.378
7644.000000	170	54	0.781	0.390
7650.000000	170	54	0.765	0.399
7656.000000	170	54	0.750	0.403
7662.000000	170	54	0.731	0.408
7668.000000	170	54	0.707	0.420
7674.000000	170	54	0.674	0.436
7680.000000	170	54	0.636	0.448
7686.000000	170	54	0.579	0.473
7692.000000	170	54	0.511	0.509
7698.000000	54	170	0.552	0.421
7704.000000	54	75	0.599	0.458
7710.000000	54	75	0.652	0.498
7716.000000	54	75	0.697	0.528
7722.000000	54	75	0.733	0.546
7728.000000	54	75	0.757	0.556
7734.000000	54	75	0.773	0.580
7740.000000	54	75	0.782	0.597
7746.000000	54	75	0.789	0.609
7752.000000	54	75	0.795	0.620
7758.000000	54	75	0.799	0.626
7764.000000	54	75	0.802	0.626
7770.000000	54	75	0.801	0.628
7776.000000	54	75	0.799	0.635
7782.000000	54	75	0.799	0.640
7788.000000	54	75	0.798	0.650
7794.000000	54	75	0.796	0.659
7800.000000	54	75	0.796	0.662
7806.000000	54	75	0.796	0.666
7812.000000	54	75	0.797	0.665
7818.000000	54	75	0.794	0.666
7824.000000	54	75	0.791	0.669
7830.000000	54	75	0.789	0.675
7836.000000	54	75	0.791	0.677
7842.000000	54	75	0.788	0.677
7848.000000	54	75	0.789	0.674
7854.000000	54	75	0.785	0.675
7860.000000	54	75	0.783	0.675
7866.000000	54	75	0.790	0.667
7872.000000	54	75	0.790	0.665
7878.000000	54	75	0.786	0.673
7884.000000	54	75	0.790	0.679
7890.000000	54	75	0.792	0.682
7896.000000	54	75	0.787	0.691
7902.000000	54	75	0.784	0.694
7908.000000	54	75	0.784	0.693
7914.000000	54	75	0.783	0.691
7920.000000	54	75	0.777	0.689
7926.000000	54	75	0.768	0.688
7932.000000	54	75	0.760	0.686
7938.000000	54	75	0.751	0.685
7944.000000	54	75	0.738	0.686
7950.000000	54	75	0.727	0.683
7956.000000	54	75	0.707	0.683
7962.000000	54	75	0.682	0.680
7968.000000	75	54	0.678	0.657
7974.000000	75	54	0.678	0.631
7980.000000	75	54	0.677	0.599
7986.000000	75	54	0.677	0.557
7992.000000	75	54	0.674	0.506
7998.000000	75	155	0.668	0.465
8004.000000	75	155	0.671	0.506
8010.000000	75	155	0.676	0.554
8016.000000	75	155	0.678	0.600
8022.000000	75	155	0.672	0.649
8028.000000	155	75	0.691	0.658
8034.000000	155	75	0.708	0.640
8040.000000	155	75	0.717	0.622
8046.000000	155	75	0.735	0.600
8052.000000	155	75	0.750	0.562
8058.000000	155	75	0.754	0.527
8064.000000	155	75	0.761	0.483
8070.000000	155	75	0.769	0.440
8076.000000	155	75	0.788	0.374
8082.000000	155	81	0.807	0.387
8088.000000	155	81	0.817	0.423
8094.000000	155	81	0.826	0.458
8100.000000	155	81	0.835	0.485
8106.000000	155	81	0.858	0.512
8112.000000	155	81	0.869	0.529
8118.000000	155	81	0.871	0.540
8124.000000	155	81	0.871	0.552
8130.000000	155	81	0.867	0.572
8136.000000	155	81	0.869	0.577
8142.000000	155	81	0.867	0.583
8148.000000	155	81	0.867	0.584
8154.000000	155	81	0.866	0.585
8160.000000	155	81	0.863	0.591
8166.000000	155	81	0.861	0.599
8172.000000	155	81	0.862	0.606
8178.000000	155	81	0.862	0.612
8184.000000	155	81	0.860	0.616
8190.000000	155	81	0.859	0.620
8196.000000	155	81	0.859	0.626
8202.000000	155	81	0.855	0.639
8208.000000	155	81	0.853	0.643
8214.000000	155	81	0.849	0.648
8220.000000	155	81	0.846	0.653
8226.000000	155	81	0.843	0.656
8232.000000	155	81	0.842	0.655
8238.000000	155	81	0.841	0.660
8244.000000	155	81	0.836	0.672
8250.000000	155	81	0.828	0.689
8256.000000	155	81	0.824	0.697
8262.000000	155	81	0.820	0.704
8268.000000	155	81	0.808	0.722
8274.000000	155	81	0.804	0.736
8280.000000	155	81	0.799	0.748
8286.000000	155	81	0.793	0.755
8292.000000	155	81	0.787	0.758
8298.000000	155	81	0.780	0.763
8304.000000	81	155	0.774	0.769
8310.000000	81	155	0.785	0.759
8316.000000	81	155	0.798	0.749
8322.000000	81	155	0.814	0.737
8328.000000	81	155	0.824	0.721
8334.000000	81	155	0.835	0.705
8340.000000	81	155	0.847	0.685
8346.000000	81	155	0.864	0.661
8352.000000	81	155	0.896	0.615
8358.000000	81	155	0.915	0.560
8364.000000	81	155	0.927	0.492
8370.000000	81	155	0.943	0.389
8376.000000	81	155	0.953	0.264
8382.000000	81	155	0.963	0.120
8388.000000	81	41	0.968	0.086
8394.000000	81	104	0.971	0.090
8400.000000	81	104	0.972	0.097
8406.000000	81	104	0.971	0.107
8412.000000	81	104	0.970	0.115
8418.000000	81	104	0.969	0.123
8424.000000	81	104	0.967	0.131
8430.000000	81	104	0.966	0.139
8436.000000	81	104	0.965	0.144
8442.000000	81	104	0.964	0.148
8448.000000	81	104	0.963	0.151
8454.000000	81	104	0.961	0.151
8460.000000	81	159	0.959	0.152
8466.000000	81	159	0.958	0.159
8472.000000	81	159	0.958	0.165
8478.000000	81	159	0.958	0.169
8484.000000	81	159	0.956	0.173
8490.000000	81	159	0.954	0.177
8496.000000	81	159	0.952	0.181
8502.000000	81	159	0.949	0.182
8508.000000	81	159	0.947	0.185
8514.000000	81	159	0.944	0.185
8520.000000	81	159	0.941	0.182
8526.000000	81	159	0.937	0.181
8532.000000	81	164	0.933	0.191
8538.000000	81	164	0.928	0.206
8544.000000	81	164	0.924	0.224
8550.000000	81	164	0.921	0.240
8556.000000	81	164	0.916	0.260
8562.000000	81	164	0.910	0.283
8568.000000	81	164	0.904	0.304
8574.000000	81	164	0.896	0.327
8580.000000	81	164	0.888	0.345
8586.000000	81	164	0.876	0.369
8592.000000	81	164	0.860	0.396
8598.000000	81	164	0.838	0.429
8604.000000	81	164	0.818	0.456
8610.000000	81	164	0.785	0.490
8616.000000	81	164	0.749	0.526
8622.000000	81	164	0.709	0.562
8628.000000	81	164	0.653	0.588
8634.000000	164	81	0.634	0.560
8640.000000	164	81	0.687	0.439
8646.000000	164	84	0.734	0.322
8652.000000	164	84	0.787	0.350
8658.000000	164	84	0.824	0.373
8664.000000	164	84	0.848	0.389
8670.000000	164	84	0.853	0.425
8676.000000	164	84	0.855	0.455
8682.000000	164	84	0.854	0.485
8688.000000	164	84	0.856	0.511
8694.000000	164	84	0.855	0.534
8700.000000	164	84	0.855	0.553
8706.000000	164	84	0.856	0.567
8712.000000	164	84	0.857	0.575
8718.000000	164	84	0.858	0.579
8724.000000	164	84	0.857	0.580
8730.000000	164	84	0.860	0.581
8736.000000	164	84	0.863	0.587
8742.000000	164	84	0.868	0.588
8748.000000	164	84	0.870	0.591
8754.000000	164	84	0.876	0.600
8760.000000	164	84	0.876	0.601
8766.000000	164	84	0.875	0.602
8772.000000	164	84	0.874	0.603
8778.000000	164	84	0.873	0.608
8784.000000	164	84	0.871	0.612
8790.000000	164	84	0.873	0.616
8796.000000	164	84	0.876	0.620
8802.000000	164	84	0.881	0.620
8808.000000	164	84	0.882	0.621
8814.000000	164	84	0.882	0.622
8820.000000	164	84	0.881	0.624
8826.000000	164	84	0.880	0.634
8832.000000	164	84	0.876	0.639
8838.000000	164	84	0.873	0.638
8844.000000	164	84	0.870	0.635
8850.000000	164	84	0.867	0.634
8856.000000	164	84	0.865	0.632
8862.000000	164	84	0.864	0.627
8868.000000	164	84	0.863	0.622
8874.000000	164	84	0.858	0.624
8880.000000	164	84	0.852	0.620
8886.000000	164	84	0.849	0.616
8892.000000	164	84	0.847	0.610
8898.000000	164	84	0.845	0.605
8904.000000	164	84	0.841	0.600
8910.000000	164	84	0.835	0.596
8916.000000	164	84	0.827	0.594
8922.000000	164	84	0.819	0.593
8928.000000	164	84	0.811	0.589
8934.000000	164	84	0.804	0.581
8940.000000	164	84	0.795	0.570
8946.000000	164	84	0.790	0.551
8952.000000	164	84	0.784	0.524
8958.000000	164	84	0.776	0.497
8964.000000	164	84	0.775	0.463
8970.000000	164	84	0.773	0.424
8976.000000	164	84	0.771	0.375
8982.000000	164	84	0.771	0.308
8988.000000	164	146	0.775	0.239
8994.000000	164	146	0.775	0.249
9000.000000	164	146	0.774	0.259
9006.000000	164	146	0.772	0.267
9012.000000	164	146	0.764	0.279
9018.000000	164	146	0.755	0.292
9024.000000	164	146	0.748	0.306
9030.000000	164	146	0.734	0.313
9036.000000	164	146	0.721	0.332
9042.000000	164	146	0.708	0.352
9048.000000	164	146	0.675	0.374
9054.000000	164	146	0.631	0.400
9060.000000	164	146	0.587	0.419
9066.000000	164	146	0.538	0.439
9072.000000	146	164	0.472	0.462
9078.000000	146	164	0.513	0.376
9084.000000	146	164	0.543	0.279
9090.000000	146	24	0.587	0.224
9096.000000	146	24	0.641	0.226
9102.000000	146	24	0.684	0.229
9108.000000	146	24	0.712	0.237
9114.000000	146	24	0.744	0.242
9120.000000	146	24	0.766	0.253
9126.000000	146	24	0.788	0.265
9132.000000	146	24	0.810	0.269
9138.000000	146	24	0.822	0.272
9144.000000	146	24	0.835	0.275
9150.000000	146	24	0.842	0.285
9156.000000	146	24	0.850	0.299
9162.000000	146	24	0.862	0.308
9168.000000	146	24	0.868	0.315
9174.000000	146	24	0.878	0.325
9180.000000	146	24	0.879	0.338
9186.000000	146	24	0.878	0.352
9192.000000	146	24	0.878	0.361
9198.000000	146	24	0.880	0.368
9204.000000	146	24	0.883	0.375
9210.000000	146	24	0.886	0.387
9216.000000	146	24	0.886	0.403
9222.000000	146	24	0.884	0.419
9228.000000	146	24	0.884	0.428
9234.000000	146	24	0.886	0.438
9240.000000	146	24	0.893	0.452
9246.000000	146	24	0.898	0.461
9252.000000	146	24	0.898	0.465
9258.000000	146	24	0.899	0.471
9264.000000	146	24	0.897	0.476
9270.000000	146	24	0.896	0.484
9276.000000	146	24	0.895	0.495
9282.000000	146	24	0.896	0.505
9288.000000	146	24	0.896	0.513
9294.000000	146	24	0.892	0.528
9300.000000	146	24	0.889	0.539
9306.000000	146	24	0.888	0.547
9312.000000	146	24	0.886	0.555
9318.000000	146	24	0.882	0.567
9324.000000	146	24	0.883	0.577
9330.000000	146	24	0.880	0.579
9336.000000	146	24	0.871	0.587
9342.000000	146	24	0.868	0.598
9348.000000	146	24	0.861	0.607
9354.000000	146	24	0.857	0.620
9360.000000	146	24	0.851	0.624
9366.000000	146	24	0.844	0.628
9372.000000	146	24	0.834	0.634
9378.000000	146	24	0.821	0.641
9384.000000	146	24	0.813	0.647
9390.000000	146	24	0.807	0.651
9396.000000	146	24	0.798	0.659
9402.000000	146	24	0.787	0.664
9408.000000	146	24	0.774	0.672
9414.000000	146	24	0.755	0.688
9420.000000	146	24	0.733	0.704
9426.000000	24	146	0.714	0.707
9432.000000	24	146	0.729	0.675
9438.000000	24	146	0.752	0.630
9444.000000	24	146	0.784	0.571
9450.000000	24	146	0.816	0.479
9456.000000	24	95	0.848	0.338
9462.000000	24	95	0.890	0.355
9468.000000	24	95	0.918	0.370
9474.000000	24	95	0.926	0.382
9480.000000	24	95	0.931	0.392
9486.000000	24	95	0.934	0.403
9492.000000	24	95	0.939	0.411
9498.000000	24	95	0.947	0.420
9504.000000	24	95	0.948	0.430
9510.000000	24	95	0.947	0.436
9516.000000	24	95	0.949	0.439
9522.000000	24	95	0.948	0.438
9528.000000	24	95	0.946	0.435
9534.000000	24	95	0.948	0.433
9540.000000	24	95	0.950	0.437
9546.000000	24	95	0.951	0.442
9552.000000	24	95	0.950	0.447
9558.000000	24	95	0.949	0.450
9564.000000	24	95	0.949	0.449
9570.000000	24	95	0.947	0.449
9576.000000	24	95	0.943	0.456
9582.000000	24	95	0.942	0.460
9588.000000	24	95	0.942	0.464
9594.000000	24	95	0.941	0.468
9600.000000	24	95	0.940	0.474
9606.000000	24	95	0.939	0.478
9612.000000	24	95	0.938	0.483
9618.000000	24	95	0.936	0.487
9624.000000	24	95	0.933	0.494
9630.000000	24	95	0.928	0.496
9636.000000	24	95	0.924	0.495
9642.000000	24	95	0.921	0.487
9648.000000	24	95	0.919	0.475
9654.000000	24	95	0.915	0.462
9660.000000	24	95	0.910	0.450
9666.000000	24	95	0.907	0.436
9672.000000	24	95	0.905	0.415
9678.000000	24	95	0.903	0.394
9684.000000	24	95	0.901	0.366
9690.000000	24	95	0.899	0.332
9696.000000	24	95	0.895	0.291
9702.000000	24	95	0.891	0.243
9708.000000	24	95	0.883	0.192
9714.000000	24	177	0.875	0.181
9720.000000	24	177	0.864	0.178
9726.000000	24	44	0.852	0.176
9732.000000	24	44	0.845	0.191
9738.000000	24	44	0.837	0.208
9744.000000	24	44	0.825	0.223
9750.000000	24	44	0.812	0.240
9756.000000	24	44	0.795	0.260
9762.000000	24	44	0.772	0.287
9768.000000	24	44	0.737	0.320
9774.000000	24	44	0.693	0.356
9780.000000	24	44	0.645	0.394
9786.000000	24	44	0.576	0.435
9792.000000	24	44	0.493	0.464
9798.000000	44	24	0.493	0.376
9804.000000	44	10	0.530	0.319
9810.000000	44	10	0.582	0.342
9816.000000	44	10	0.628	0.368
9822.000000	44	10	0.645	0.387
9828.000000	44	10	0.657	0.401
9834.000000	44	10	0.668	0.409
9840.000000	44	10	0.670	0.420
9846.000000	44	10	0.669	0.424
9852.000000	44	10	0.676	0.423
9858.000000	44	10	0.684	0.421
9864.000000	44	10	0.690	0.426
9870.000000	44	10	0.693	0.433
9876.000000	44	10	0.699	0.433
9882.000000	44	10	0.710	0.436
9888.000000	44	10	0.721	0.434
9894.000000	44	10	0.728	0.431
9900.000000	44	10	0.736	0.432
9906.000000	44	10	0.741	0.437
9912.000000	44	10	0.750	0.436
9918.000000	44	10	0.754	0.434
9924.000000	44	10	0.763	0.430
9930.000000	44	10	0.771	0.428
9936.000000	44	10	0.782	0.425
9942.000000	44	10	0.791	0.417
9948.000000	44	75	0.796	0.412
9954.000000	44	75	0.803	0.416
9960.000000	44	75	0.813	0.414
9966.000000	44	75	0.822	0.410
9972.000000	44	75	0.827	0.412
9978.000000	44	75	0.837	0.411
9984.000000	44	75	0.849	0.411
9990.000000	44	75	0.858	0.409
9996.000000	44	75	0.868	0.402
10002.000000	44	75	0.872	0.385
10008.000000	44	75	0.875	0.369
10014.000000	44	75	0.882	0.358
10020.000000	44	75	0.893	0.349
10026.000000	44	75	0.900	0.339
10032.000000	44	75	0.907	0.332
10038.000000	44	75	0.915	0.320
10044.000000	44	75	0.918	0.307
10050.000000	44	75	0.923	0.293
10056.000000	44	75	0.925	0.278
10062.000000	44	75	0.929	0.254
10068.000000	44	75	0.930	0.238
10074.000000	44	75	0.930	0.219
10080.000000	44	42	0.931	0.201
10086.000000	44	42	0.934	0.211
10092.000000	44	42	0.935	0.225
10098.000000	44	42	0.939	0.239
10104.000000	44	42	0.935	0.249
10110.000000	44	42	0.934	0.256
10116.000000	44	42	0.935	0.263
10122.000000	44	42	0.935	0.269
10128.000000	44	42	0.934	0.276
10134.000000	44	42	0.934	0.285
10140.000000	44	42	0.932	0.298
10146.000000	44	42	0.931	0.313
10152.000000	44	42	0.931	0.326
10158.000000	44	42	0.930	0.341
10164.000000	44	42	0.928	0.358
10170.000000	44	42	0.927	0.376
10176.000000	44	42	0.929	0.395
10182.000000	44	42	0.927	0.426
10188.000000	44	42	0.924	0.452
10194.000000	44	42	0.918	0.477
10200.000000	44	42	0.915	0.509
10206.000000	44	42	0.912	0.538
10212.000000	44	42	0.907	0.568
10218.000000	44	42	0.896	0.594
10224.000000	44	42	0.888	0.607
10230.000000	44	42	0.882	0.624
10236.000000	44	42	0.876	0.641
10242.000000	44	42	0.875	0.654
10248.000000	44	42	0.867	0.675
10254.000000	44	42	0.857	0.700
10260.000000	44	42	0.848	0.722
10266.000000	44	42	0.839	0.735
10272.000000	44	42	0.831	0.747
10278.000000	44	42	0.816	0.764
10284.000000	44	42	0.796	0.778
10290.000000	42	44	0.801	0.764
10296.000000	42	44	0.825	0.725
10302.000000	42	44	0.851	0.673
10308.000000	42	44	0.877	0.604
10314.000000	42	44	0.902	0.506
10320.000000	42	44	0.933	0.364
10326.000000	42	44	0.958	0.174
10332.000000	42	73	0.967	0.146
10338.000000	42	73	0.971	0.150
10344.000000	42	73	0.970	0.156
10350.000000	42	73	0.969	0.159
10356.000000	42	73	0.965	0.158
10362.000000	42	73	0.962	0.161
10368.000000	42	73	0.960	0.164
10374.000000	42	73	0.960	0.165
10380.000000	42	73	0.959	0.164
10386.000000	42	73	0.958	0.168
10392.000000	42	73	0.956	0.171
10398.000000	42	73	0.953	0.172
10404.000000	42	73	0.951	0.176
10410.000000	42	73	0.949	0.183
10416.000000	42	73	0.945	0.187
10422.000000	42	73	0.942	0.196
10428.000000	42	73	0.940	0.203
10434.000000	42	73	0.937	0.212
10440.000000	42	73	0.935	0.219
10446.000000	42	73	0.933	0.227
10452.000000	42	73	0.931	0.232
10458.000000	42	51	0.929	0.239
10464.000000	42	51	0.926	0.257
10470.000000	42	51	0.924	0.274
10476.000000	42	51	0.920	0.286
10482.000000	42	51	0.916	0.295
10488.000000	42	51	0.913	0.300
10494.000000	42	51	0.908	0.304
10500.000000	42	51	0.904	0.317
10506.000000	42	51	0.902	0.324
10512.000000	42	51	0.898	0.330
10518.000000	42	51	0.890	0.341
10524.000000	42	51	0.885	0.354
10530.000000	42	51	0.880	0.368
10536.000000	42	51	0.874	0.379
10542.000000	42	51	0.869	0.389
10548.000000	42	51	0.864	0.400
10554.000000	42	51	0.856	0.409
10560.000000	42	51	0.851	0.418
10566.000000	42	51	0.846	0.435
10572.000000	42	51	0.838	0.463
10578.000000	42	51	0.828	0.472
10584.000000	42	51	0.817	0.485
10590.000000	42	51	0.799	0.501
10596.000000	42	51	0.772	0.525
10602.000000	42	51	0.748	0.545
10608.000000	42	51	0.721	0.571
10614.000000	42	51	0.679	0.602
10620.000000	51	42	0.631	0.614
10626.000000	51	42	0.670	0.527
10632.000000	51	42	0.718	0.410
10638.000000	51	42	0.769	0.261
10644.000000	51	132	0.812	0.218
10650.000000	51	132	0.841	0.212
10656.000000	51	132	0.857	0.200
10662.000000	51	132	0.869	0.193
10668.000000	51	132	0.880	0.186
10674.000000	51	132	0.888	0.180
10680.000000	51	132	0.898	0.175
10686.000000	51	132	0.917	0.164
10692.000000	51	187	0.930	0.166
10698.000000	51	187	0.934	0.172
10704.000000	51	187	0.937	0.180
10710.000000	51	187	0.943	0.188
10716.000000	51	187	0.946	0.197
10722.000000	51	187	0.951	0.205
10728.000000	51	187	0.951	0.214
10734.000000	51	187	0.950	0.222
10740.000000	51	187	0.949	0.229
10746.000000	51	187	0.948	0.235
10752.000000	51	187	0.948	0.242
10758.000000	51	187	0.947	0.253
10764.000000	51	187	0.946	0.271
10770.000000	51	187	0.945	0.286
10776.000000	51	187	0.943	0.294
10782.000000	51	187	0.942	0.300
10788.000000	51	187	0.941	0.305
10794.000000	51	187	0.942	0.312
10800.000000	51	187	0.942	0.317
10806.000000	51	187	0.944	0.327
10812.000000	51	187	0.944	0.336
10818.000000	51	187	0.943	0.345
10824.000000	51	187	0.943	0.357
10830.000000	51	187	0.942	0.370
10836.000000	51	187	0.942	0.380
10842.000000	51	187	0.941	0.387
10848.000000	51	187	0.940	0.392
10854.000000	51	187	0.938	0.397
10860.000000	51	187	0.934	0.409
10866.000000	51	187	0.931	0.423
10872.000000	51	187	0.930	0.436
10878.000000	51	187	0.929	0.444
10884.000000	51	187	0.926	0.451
10890.000000	51	187	0.922	0.461
10896.000000	51	187	0.915	0.477
10902.000000	51	187	0.911	0.491
10908.000000	51	187	0.908	0.509
10914.000000	51	187	0.906	0.520
10920.000000	51	187	0.902	0.530
10926.000000	51	187	0.892	0.543
10932.000000	51	187	0.879	0.565
10938.000000	51	187	0.866	0.584
10944.000000	51	187	0.856	0.600
10950.000000	51	187	0.843	0.619
10956.000000	51	187	0.824	0.642
10962.000000	51	187	0.810	0.662
10968.000000	51	187	0.796	0.676
10974.000000	51	187	0.765	0.707
10980.000000	187	51	0.747	0.723
10986.000000	187	51	0.787	0.666
10992.000000	187	51	0.822	0.577
10998.000000	187	51	0.865	0.445
11004.000000	187	51	0.899	0.266
11010.000000	187	122	0.934	0.187
11016.000000	187	122	0.949	0.186
11022.000000	187	122	0.957	0.183
11028.000000	187	122	0.960	0.191
11034.000000	187	122	0.960	0.202
11040.000000	187	122	0.959	0.215
11046.000000	187	122	0.960	0.231
11052.000000	187	122	0.959	0.250
11058.000000	187	122	0.957	0.272
11064.000000	187	122	0.956	0.290
11070.000000	187	122	0.954	0.313
11076.000000	187	122	0.951	0.340
11082.000000	187	122	0.948	0.368
11088.000000	187	122	0.945	0.399
11094.000000	187	122	0.941	0.422
11100.000000	187	122	0.939	0.440
11106.000000	187	122	0.937	0.458
11112.000000	187	122	0.934	0.480
11118.000000	187	122	0.931	0.499
11124.000000	187	122	0.928	0.511
11130.000000	187	122	0.924	0.523
11136.000000	187	122	0.915	0.545
11142.000000	187	122	0.913	0.558
11148.000000	187	122	0.912	0.575
11154.000000	187	122	0.908	0.591
11160.000000	187	122	0.902	0.611
11166.000000	187	122	0.900	0.621
11172.000000	187	122	0.897	0.629
11178.000000	187	122	0.892	0.648
11184.000000	187	122	0.885	0.668
11190.000000	187	122	0.879	0.683
11196.000000	187	122	0.873	0.694
11202.000000	187	122	0.866	0.706
11208.000000	187	122	0.856	0.720
11214.000000	187	122	0.850	0.730
11220.000000	187	122	0.839	0.739
11226.000000	187	122	0.827	0.750
11232.000000	187	122	0.806	0.764
11238.000000	122	187	0.783	0.778
11244.000000	122	187	0.803	0.751
11250.000000	122	187	0.821	0.716
11256.000000	122	187	0.858	0.659
11262.000000	122	187	0.884	0.596
11268.000000	122	187	0.913	0.500
11274.000000	122	187	0.934	0.373
11280.000000	122	187	0.949	0.235
11286.000000	122	45	0.959	0.139
11292.000000	122	45	0.961	0.134
11298.000000	122	45	0.964	0.135
11304.000000	122	45	0.964	0.142
11310.000000	122	45	0.963	0.149
11316.000000	122	45	0.965	0.153
11322.000000	122	45	0.964	0.151
11328.000000	122	45	0.962	0.152
11334.000000	122	45	0.961	0.157
11340.000000	122	45	0.960	0.158
11346.000000	122	45	0.959	0.157
11352.000000	122	45	0.959	0.152
11358.000000	122	45	0.958	0.146
11364.000000	122	45	0.957	0.142
11370.000000	122	120	0.956	0.138
11376.000000	122	120	0.955	0.140
11382.000000	122	120	0.954	0.142
11388.000000	122	120	0.953	0.144
11394.000000	122	120	0.952	0.148
11400.000000	122	120	0.951	0.148
11406.000000	122	120	0.950	0.148
11412.000000	122	120	0.950	0.148
11418.000000	122	120	0.950	0.150
11424.000000	122	120	0.948	0.150
11430.000000	122	120	0.946	0.151
11436.000000	122	120	0.945	0.155
11442.000000	122	120	0.944	0.158
11448.000000	122	120	0.941	0.158
11454.000000	122	120	0.938	0.154
11460.000000	122	120	0.936	0.152
11466.000000	122	64	0.935	0.150
11472.000000	122	64	0.934	0.151
11478.000000	122	64	0.933	0.154
11484.000000	122	64	0.933	0.158
11490.000000	122	64	0.932	0.160
11496.000000	122	64	0.930	0.162
11502.000000	122	64	0.929	0.164
11508.000000	122	64	0.926	0.166
11514.000000	122	64	0.923	0.170
11520.000000	122	64	0.923	0.176
11526.000000	122	64	0.923	0.181
11532.000000	122	64	0.921	0.183
11538.000000	122	64	0.919	0.183
11544.000000	122	64	0.917	0.185
11550.000000	122	64	0.914	0.184
11556.000000	122	64	0.910	0.184
11562.000000	122	64	0.909	0.187
11568.000000	122	64	0.910	0.182
11574.000000	122	94	0.909	0.182
11580.000000	122	94	0.906	0.188
11586.000000	122	94	0.901	0.195
11592.000000	122	94	0.897	0.204
11598.000000	122	94	0.893	0.214
11604.000000	122	94	0.886	0.227
11610.000000	122	94	0.881	0.237
11616.000000	122	94	0.875	0.247
11622.000000	122	94	0.869	0.254
11628.000000	122	94	0.863	0.269
11634.000000	122	94	0.854	0.287
11640.000000	122	94	0.841	0.304
11646.000000	122	94	0.831	0.322
11652.000000	122	94	0.820	0.340
11658.000000	122	94	0.809	0.364
11664.000000	122	94	0.795	0.393
11670.000000	122	94	0.770	0.437
11676.000000	122	94	0.725	0.488
11682.000000	122	94	0.661	0.534
11688.000000	94	122	0.594	0.580
11694.000000	94	122	0.643	0.460
11700.000000	94	122	0.710	0.271
11706.000000	94	9	0.800	0.128
11712.000000	94	9	0.872	0.120
11718.000000	94	9	0.897	0.117
11724.000000	94	170	0.917	0.128
11730.000000	94	170	0.921	0.130
11736.000000	94	170	0.923	0.129
11742.000000	94	36	0.924	0.137
11748.000000	94	36	0.923	0.142
11754.000000	94	36	0.921	0.147
11760.000000	94	36	0.921	0.149
11766.000000	94	36	0.921	0.152
11772.000000	94	36	0.923	0.153
11778.000000	94	36	0.923	0.157
11784.000000	94	148	0.923	0.163
11790.000000	94	148	0.921	0.174
11796.000000	94	148	0.917	0.185
11802.000000	94	148	0.918	0.196
11808.000000	94	148	0.918	0.206
11814.000000	94	148	0.918	0.210
11820.000000	94	148	0.917	0.215
11826.000000	94	148	0.916	0.221
11832.000000	94	148	0.914	0.227
11838.000000	94	148	0.913	0.233
11844.000000	94	148	0.911	0.239
11850.000000	94	148	0.908	0.246
11856.000000	94	148	0.904	0.254
11862.000000	94	148	0.900	0.261
11868.000000	94	148	0.897	0.267
11874.000000	94	148	0.894	0.275
11880.000000	94	148	0.895	0.280
11886.000000	94	148	0.894	0.288
11892.000000	94	148	0.891	0.293
11898.000000	94	148	0.890	0.299
11904.000000	94	148	0.889	0.307
11910.000000	94	148	0.888	0.318
11916.000000	94	148	0.885	0.332
11922.000000	94	148	0.886	0.345
11928.000000	94	148	0.885	0.352
11934.000000	94	148	0.883	0.362
11940.000000	94	148	0.880	0.372
11946.000000	94	148	0.874	0.385
11952.000000	94	148	0.870	0.401
11958.000000	94	148	0.869	0.412
11964.000000	94	148	0.866	0.420
11970.000000	94	148	0.860	0.434
11976.000000	94	148	0.855	0.450
11982.000000	94	148	0.847	0.463
11988.000000	94	148	0.841	0.476
11994.000000	94	148	0.831	0.498
12000.000000	94	148	0.826	0.522
12006.000000	94	148	0.820	0.551
12012.000000	94	148	0.813	0.574
12018.000000	94	148	0.804	0.593
12024.000000	94	148	0.791	0.618
12030.000000	94	148	0.773	0.650
12036.000000	94	148	0.755	0.673
12042.000000	94	148	0.721	0.706
12048.000000	148	94	0.741	0.681
12054.000000	148	94	0.765	0.642
12060.000000	148	94	0.792	0.582
12066.000000	148	94	0.823	0.478
12072.000000	148	94	0.873	0.326
12078.000000	148	119	0.914	0.158
12084.000000	148	119	0.930	0.151
12090.000000	148	119	0.934	0.152
12096.000000	148	119	0.943	0.150
12102.000000	148	119	0.944	0.147
12108.000000	148	119	0.943	0.139
12114.000000	148	29	0.945	0.142
12120.000000	148	29	0.948	0.149
12126.000000	148	29	0.948	0.154
12132.000000	148	29	0.947	0.160
12138.000000	148	29	0.946	0.165
12144.000000	148	29	0.945	0.167
12150.000000	148	29	0.945	0.166
12156.000000	148	29	0.944	0.170
12162.000000	148	29	0.942	0.177
12168.000000	148	29	0.941	0.186
12174.000000	148	29	0.939	0.199
12180.000000	148	29	0.934	0.209
12186.000000	148	29	0.931	0.217
12192.000000	148	29	0.930	0.223
12198.000000	148	29	0.931	0.232
12204.000000	148	29	0.931	0.242
12210.000000	148	29	0.931	0.255
12216.000000	148	29	0.933	0.267
12222.000000	148	29	0.933	0.275
12228.000000	148	29	0.933	0.281
12234.000000	148	29	0.933	0.288
12240.000000	148	29	0.932	0.297
12246.000000	148	29	0.931	0.313
12252.000000	148	29	0.928	0.342
12258.000000	148	29	0.925	0.371
12264.000000	148	29	0.924	0.405
12270.000000	148	29	0.921	0.446
12276.000000	148	29	0.919	0.486
12282.000000	148	29	0.918	0.522
12288.000000	148	29	0.917	0.558
12294.000000	148	29	0.911	0.598
12300.000000	148	29	0.908	0.625
12306.000000	148	29	0.899	0.657
12312.000000	148	29	0.889	0.686
12318.000000	148	29	0.877	0.719
12324.000000	148	29	0.868	0.740
12330.000000	148	29	0.851	0.760
12336.000000	148	29	0.821	0.793
12342.000000	29	148	0.812	0.797
12348.000000	29	148	0.851	0.763
12354.000000	29	148	0.879	0.729
12360.000000	29	148	0.894	0.690
12366.000000	29	148	0.905	0.640
12372.000000	29	148	0.915	0.556
12378.000000	29	148	0.929	0.421
12384.000000	29	148	0.951	0.246
12390.000000	29	186	0.973	0.109
12396.000000	29	57	0.976	0.096
12402.000000	29	57	0.976	0.102
12408.000000	29	57	0.974	0.110
12414.000000	29	57	0.972	0.121
12420.000000	29	57	0.970	0.129
12426.000000	29	57	0.967	0.138
12432.000000	29	57	0.963	0.145
12438.000000	29	57	0.960	0.150
12444.000000	29	57	0.956	0.153
12450.000000	29	57	0.954	0.157
12456.000000	29	57	0.952	0.163
12462.000000	29	169	0.949	0.171
12468.000000	29	169	0.946	0.180
12474.000000	29	169	0.943	0.187
12480.000000	29	169	0.941	0.196
12486.000000	29	169	0.937	0.210
12492.000000	29	169	0.933	0.226
12498.000000	29	169	0.928	0.241
12504.000000	29	169	0.923	0.263
12510.000000	29	169	0.918	0.282
12516.000000	29	169	0.913	0.306
12522.000000	29	169	0.908	0.326
12528.000000	29	169	0.903	0.344
12534.000000	29	169	0.898	0.362
12540.000000	29	169	0.889	0.379
12546.000000	29	169	0.882	0.397
12552.000000	29	169	0.876	0.417
12558.000000	29	169	0.870	0.434
12564.000000	29	169	0.862	0.449
12570.000000	29	169	0.853	0.471
12576.000000	29	169	0.841	0.489
12582.000000	29	169	0.831	0.501
12588.000000	29	169	0.817	0.517
12594.000000	29	169	0.801	0.535
12600.000000	29	169	0.787	0.547
12606.000000	29	169	0.775	0.553
12612.000000	29	169	0.762	0.565
12618.000000	29	169	0.739	0.581
12624.000000	29	169	0.703	0.606
12630.000000	29	169	0.676	0.623
12636.000000	169	29	0.644	0.634
12642.000000	169	29	0.677	0.575
12648.000000	169	29	0.715	0.496
12654.000000	169	29	0.755	0.390
12660.000000	169	4	0.790	0.376
12666.000000	169	4	0.825	0.388
12672.000000	169	4	0.859	0.404
12678.000000	169	4	0.890	0.412
12684.000000	169	4	0.900	0.422
12690.000000	169	4	0.904	0.429
12696.000000	169	4	0.914	0.434
12702.000000	169	4	0.923	0.434
12708.000000	169	4	0.925	0.434
12714.000000	169	4	0.928	0.434
12720.000000	169	4	0.930	0.437
12726.000000	169	4	0.932	0.435
12732.000000	169	4	0.931	0.437
12738.000000	169	4	0.932	0.438
12744.000000	169	4	0.929	0.435
12750.000000	169	4	0.925	0.434
12756.000000	169	4	0.924	0.429
12762.000000	169	4	0.923	0.427
12768.000000	169	4	0.923	0.425
12774.000000	169	4	0.923	0.413
12780.000000	169	4	0.922	0.399
12786.000000	169	4	0.922	0.388
12792.000000	169	4	0.921	0.380
12798.000000	169	4	0.920	0.372
12804.000000	169	4	0.919	0.365
12810.000000	169	4	0.916	0.358
12816.000000	169	4	0.913	0.348
12822.000000	169	4	0.911	0.331
12828.000000	169	4	0.911	0.309
12834.000000	169	4	0.912	0.293
12840.000000	169	4	0.912	0.273
12846.000000	169	4	0.911	0.247
12852.000000	169	4	0.908	0.221
12858.000000	169	4	0.904	0.192
12864.000000	169	153	0.903	0.188
12870.000000	169	153	0.902	0.195
12876.000000	169	153	0.901	0.199
12882.000000	169	153	0.898	0.199
12888.000000	169	10	0.897	0.199
12894.000000	169	10	0.894	0.209
12900.000000	169	10	0.893	0.216
12906.000000	169	10	0.891	0.225
12912.000000	169	10	0.889	0.230
12918.000000	169	10	0.887	0.233
12924.000000	169	10	0.884	0.240
12930.000000	169	10	0.881	0.254
12936.000000	169	10	0.874	0.269
12942.000000	169	10	0.869	0.283
12948.000000	169	10	0.861	0.300
12954.000000	169	10	0.853	0.319
12960.000000	169	10	0.841	0.336
12966.000000	169	10	0.831	0.357
12972.000000	169	10	0.818	0.377
12978.000000	169	10	0.801	0.404
12984.000000	169	10	0.786	0.436
12990.000000	169	10	0.760	0.471
12996.000000	169	10	0.726	0.497
13002.000000	169	10	0.687	0.525
13008.000000	169	10	0.642	0.560
13014.000000	10	169	0.602	0.580
13020.000000	10	169	0.663	0.493
13026.000000	10	169	0.715	0.377
13032.000000	10	169	0.764	0.211
13038.000000	10	175	0.799	0.213
13044.000000	10	175	0.818	0.222
13050.000000	10	175	0.828	0.225
13056.000000	10	175	0.842	0.231
13062.000000	10	175	0.856	0.237
13068.000000	10	175	0.857	0.248
13074.000000	10	175	0.860	0.257
13080.000000	10	175	0.862	0.273
13086.000000	10	175	0.862	0.281
13092.000000	10	175	0.861	0.288
13098.000000	10	175	0.859	0.296
13104.000000	10	175	0.858	0.302
13110.000000	10	175	0.858	0.302
13116.000000	10	175	0.858	0.302
13122.000000	10	175	0.864	0.304
13128.000000	10	175	0.868	0.304
13134.000000	10	175	0.871	0.306
13140.000000	10	175	0.872	0.308
13146.000000	10	175	0.875	0.310
13152.000000	10	175	0.876	0.312
13158.000000	10	175	0.877	0.310
13164.000000	10	175	0.879	0.306
13170.000000	10	27	0.884	0.308
13176.000000	10	27	0.890	0.313
13182.000000	10	27	0.891	0.318
13188.000000	10	27	0.890	0.322
13194.000000	10	27	0.887	0.330
13200.000000	10	27	0.884	0.335
13206.000000	10	27	0.883	0.341
13212.000000	10	27	0.883	0.347
13218.000000	10	27	0.884	0.353
13224.000000	10	27	0.892	0.355
13230.000000	10	27	0.900	0.355
13236.000000	10	27	0.902	0.358
13242.000000	10	27	0.904	0.366
13248.000000	10	27	0.904	0.368
13254.000000	10	27	0.904	0.367
13260.000000	10	27	0.907	0.366
13266.000000	10	27	0.917	0.359
13272.000000	10	27	0.921	0.359
13278.000000	10	27	0.924	0.360
13284.000000	10	27	0.925	0.362
13290.000000	10	27	0.924	0.361
13296.000000	10	27	0.924	0.360
13302.000000	10	27	0.924	0.359
13308.000000	10	27	0.924	0.355
13314.000000	10	27	0.924	0.352
13320.000000	10	27	0.923	0.352
13326.000000	10	27	0.923	0.354
13332.000000	10	27	0.921	0.358
13338.000000	10	27	0.917	0.366
13344.000000	10	27	0.914	0.368
13350.000000	10	27	0.915	0.363
13356.000000	10	27	0.914	0.357
13362.000000	10	27	0.910	0.353
13368.000000	10	27	0.905	0.351
13374.000000	10	27	0.901	0.350
13380.000000	10	27	0.897	0.351
13386.000000	10	27	0.893	0.349
13392.000000	10	27	0.892	0.343
13398.000000	10	27	0.890	0.334
13404.000000	10	27	0.888	0.323
13410.000000	10	27	0.883	0.314
13416.000000	10	27	0.879	0.302
13422.000000	10	27	0.877	0.282
13428.000000	10	27	0.875	0.261
13434.000000	10	27	0.874	0.243
13440.000000	10	27	0.874	0.216
13446.000000	10	27	0.873	0.184
13452.000000	10	34	0.873	0.166
13458.000000	10	34	0.872	0.173
13464.000000	10	34	0.871	0.179
13470.000000	10	34	0.871	0.190
13476.000000	10	34	0.870	0.200
13482.000000	10	34	0.867	0.217
13488.000000	10	34	0.860	0.245
13494.000000	10	34	0.854	0.278
13500.000000	10	34	0.848	0.308
13506.000000	10	34	0.836	0.338
13512.000000	10	34	0.821	0.380
13518.000000	10	34	0.806	0.439
13524.000000	10	34	0.784	0.525
13530.000000	10	34	0.747	0.619
13536.000000	34	10	0.709	0.687
13542.000000	34	10	0.790	0.592
13548.000000	34	10	0.883	0.411
13554.000000	34	10	0.937	0.180
13560.000000	34	32	0.964	0.057
13566.000000	34	9	0.976	0.057
13572.000000	34	9	0.977	0.059
13578.000000	34	9	0.977	0.059
13584.000000	34	32	0.976	0.062
13590.000000	34	32	0.975	0.066
13596.000000	34	140	0.975	0.071
13602.000000	34	140	0.974	0.076
13608.000000	34	140	0.973	0.081
13614.000000	34	140	0.972	0.084
13620.000000	34	140	0.971	0.085
13626.000000	34	32	0.970	0.087
13632.000000	34	32	0.968	0.091
13638.000000	34	32	0.966	0.095
13644.000000	34	32	0.963	0.101
13650.000000	34	32	0.962	0.108
13656.000000	34	32	0.960	0.115
13662.000000	34	32	0.959	0.124
13668.000000	34	32	0.958	0.131
13674.000000	34	32	0.957	0.136
13680.000000	34	32	0.958	0.137
13686.000000	34	55	0.958	0.140
13692.000000	34	32	0.957	0.144
13698.000000	34	32	0.958	0.152
13704.000000	34	55	0.957	0.158
13710.000000	34	55	0.955	0.164
13716.000000	34	55	0.954	0.166
13722.000000	34	55	0.953	0.167
13728.000000	34	55	0.951	0.168
13734.000000	34	55	0.949	0.169
13740.000000	34	55	0.948	0.171
13746.000000	34	55	0.946	0.171
13752.000000	34	55	0.942	0.170
13758.000000	34	55	0.940	0.170
13764.000000	34	55	0.938	0.173
13770.000000	34	55	0.935	0.177
13776.000000	34	55	0.932	0.180
13782.000000	34	55	0.928	0.183
13788.000000	34	55	0.925	0.187
13794.000000	34	120	0.923	0.195
13800.000000	34	120	0.922	0.203
13806.000000	34	120	0.920	0.209
13812.000000	34	120	0.918	0.216
13818.000000	34	120	0.915	0.223
13824.000000	34	120	0.913	0.224
13830.000000	34	120	0.909	0.225
13836.000000	34	120	0.905	0.227
13842.000000	34	120	0.903	0.225
13848.000000	34	120	0.900	0.223
13854.000000	34	120	0.897	0.224
13860.000000	34	120	0.896	0.224
13866.000000	34	120	0.893	0.225
13872.000000	34	120	0.889	0.221
13878.000000	34	120	0.883	0.216
13884.000000	34	120	0.877	0.217
13890.000000	34	120	0.873	0.211
13896.000000	34	140	0.866	0.209
13902.000000	34	140	0.857	0.216
13908.000000	34	140	0.848	0.221
13914.000000	34	140	0.844	0.230
13920.000000	34	140	0.840	0.238
13926.000000	34	140	0.835	0.242
13932.000000	34	140	0.822	0.246
13938.000000	34	140	0.809	0.253
13944.000000	34	140	0.802	0.261
13950.000000	34	140	0.794	0.268
13956.000000	34	140	0.778	0.279
13962.000000	34	140	0.754	0.294
13968.000000	34	140	0.733	0.307
13974.000000	34	140	0.710	0.324
13980.000000	34	140	0.680	0.351
13986.000000	34	140	0.643	0.381
13992.000000	34	140	0.592	0.407
13998.000000	34	140	0.498	0.448
14004.000000	140	34	0.521	0.328
14010.000000	140	85	0.608	0.133
14016.000000	140	85	0.719	0.111
14022.000000	140	85	0.797	0.098
14028.000000	140	85	0.847	0.089
14034.000000	140	62	0.881	0.084
14040.000000	140	62	0.903	0.087
14046.000000	140	62	0.912	0.088
14052.000000	140	62	0.931	0.087
14058.000000	140	62	0.941	0.089
14064.000000	140	62	0.945	0.089
14070.000000	140	115	0.947	0.090
14076.000000	140	115	0.949	0.095
14082.000000	140	115	0.950	0.096
14088.000000	140	115	0.950	0.094
14094.000000	140	115	0.951	0.094
14100.000000	140	115	0.957	0.097
14106.000000	140	115	0.957	0.102
14112.000000	140	115	0.959	0.107
14118.000000	140	115	0.959	0.111
14124.000000	140	115	0.960	0.113
14130.000000	140	115	0.959	0.115
14136.000000	140	115	0.958	0.117
14142.000000	140	115	0.956	0.121
14148.000000	140	100	0.955	0.128
14154.000000	140	100	0.954	0.136
14160.000000	140	100	0.953	0.145
14166.000000	140	100	0.952	0.152
14172.000000	140	100	0.951	0.155
14178.000000	140	100	0.951	0.158
14184.000000	140	100	0.950	0.166
14190.000000	140	100	0.949	0.172
14196.000000	140	100	0.949	0.173
14202.000000	140	100	0.948	0.177
14208.000000	140	100	0.947	0.185
14214.000000	140	100	0.946	0.193
14220.000000	140	100	0.944	0.204
14226.000000	140	100	0.943	0.214
14232.000000	140	100	0.942	0.220
14238.000000	140	100	0.939	0.223
14244.000000	140	100	0.939	0.229
14250.000000	140	100	0.938	0.229
14256.000000	140	100	0.938	0.228
14262.000000	140	100	0.936	0.229
14268.000000	140	100	0.935	0.232
14274.000000	140	100	0.935	0.235
14280.000000	140	100	0.934	0.236
14286.000000	140	100	0.933	0.240
14292.000000	140	100	0.932	0.245
14298.000000	140	100	0.932	0.251
14304.000000	140	100	0.935	0.259
14310.000000	140	100	0.935	0.265
14316.000000	140	100	0.933	0.273
14322.000000	140	100	0.932	0.285
14328.000000	140	100	0.931	0.293
14334.000000	140	100	0.928	0.305
14340.000000	140	100	0.923	0.324
14346.000000	140	100	0.919	0.340
14352.000000	140	100	0.914	0.357
14358.000000	140	100	0.909	0.381
14364.000000	140	100	0.905	0.410
14370.000000	140	100	0.900	0.437
14376.000000	140	100	0.895	0.470
14382.000000	140	100	0.889	0.498
14388.000000	140	100	0.875	0.527
14394.000000	140	100	0.863	0.552
14400.000000	140	100	0.854	0.577
14406.000000	140	100	0.843	0.606
14412.000000	140	100	0.826	0.626
14418.000000	140	100	0.795	0.652
14424.000000	140	100	0.772	0.663
14430.000000	140	100	0.735	0.689
14436.000000	100	140	0.727	0.688
14442.000000	100	140	0.753	0.627
14448.000000	100	140	0.787	0.527
14454.000000	100	140	0.829	0.397
14460.000000	100	43	0.877	0.270
14466.000000	100	43	0.910	0.266
14472.000000	100	43	0.926	0.271
14478.000000	100	43	0.932	0.281
14484.000000	100	43	0.930	0.288
14490.000000	100	43	0.924	0.295
14496.000000	100	43	0.920	0.305
14502.000000	100	43	0.919	0.316
14508.000000	100	43	0.918	0.319
14514.000000	100	43	0.916	0.324
14520.000000	100	43	0.915	0.329
14526.000000	100	43	0.915	0.337
14532.000000	100	43	0.916	0.347
14538.000000	100	43	0.915	0.354
14544.000000	100	43	0.914	0.359
14550.000000	100	43	0.915	0.365
14556.000000	100	43	0.914	0.370
14562.000000	100	43	0.913	0.377
14568.000000	100	43	0.912	0.380
14574.000000	100	43	0.910	0.383
14580.000000	100	43	0.909	0.386
14586.000000	100	43	0.908	0.387
14592.000000	100	43	0.907	0.386
14598.000000	100	43	0.905	0.385
14604.000000	100	43	0.904	0.391
14610.000000	100	43	0.902	0.395
14616.000000	100	43	0.899	0.398
14622.000000	100	43	0.897	0.396
14628.000000	100	43	0.897	0.391
14634.000000	100	43	0.896	0.390
14640.000000	100	43	0.895	0.388
14646.000000	100	43	0.895	0.378
14652.000000	100	43	0.891	0.369
14658.000000	100	22	0.888	0.375
14664.000000	100	22	0.885	0.389
14670.000000	100	22	0.881	0.402
14676.000000	100	22	0.879	0.410
14682.000000	100	189	0.874	0.419
14688.000000	100	189	0.868	0.443
14694.000000	100	189	0.856	0.461
14700.000000	100	189	0.839	0.481
14706.000000	100	189	0.826	0.501
14712.000000	100	189	0.808	0.529
14718.000000	100	189	0.796	0.551
14724.000000	100	189	0.774	0.585
14730.000000	100	189	0.753	0.621
14736.000000	100	189	0.727	0.650
14742.000000	100	189	0.686	0.685
14748.000000	189	100	0.713	0.631
14754.000000	189	22	0.732	0.606
14760.000000	189	22	0.753	0.636
14766.000000	189	22	0.782	0.674
14772.000000	189	22	0.806	0.724
14778.000000	189	22	0.820	0.767
14784.000000	189	22	0.826	0.796
14790.000000	189	22	0.836	0.796
14796.000000	189	22	0.841	0.799
14802.000000	189	22	0.843	0.804
14808.000000	189	22	0.846	0.806
14814.000000	189	22	0.848	0.808
14820.000000	189	22	0.849	0.810
14826.000000	189	22	0.849	0.809
14832.000000	189	22	0.850	0.804
14838.000000	189	22	0.849	0.802
14844.000000	189	22	0.848	0.802
14850.000000	189	22	0.847	0.799
14856.000000	189	22	0.849	0.793
14862.000000	189	22	0.848	0.790
14868.000000	189	22	0.846	0.788
14874.000000	189	22	0.845	0.787
14880.000000	189	22	0.845	0.785
14886.000000	189	22	0.844	0.783
14892.000000	189	22	0.842	0.781
14898.000000	189	22	0.841	0.781
14904.000000	189	22	0.841	0.781
14910.000000	189	22	0.844	0.776
14916.000000	189	22	0.844	0.774
14922.000000	189	22	0.844	0.771
14928.000000	189	22	0.846	0.766
14934.000000	189	22	0.845	0.760
14940.000000	189	22	0.845	0.754
14946.000000	189	22	0.845	0.749
14952.000000	189	22	0.843	0.744
14958.000000	189	22	0.848	0.730
14964.000000	189	22	0.856	0.710
14970.000000	189	22	0.865	0.687
14976.000000	189	22	0.874	0.665
14982.000000	189	22	0.876	0.636
14988.000000	189	22	0.880	0.605
14994.000000	189	22	0.887	0.566
15000.000000	189	22	0.896	0.505
15006.000000	189	22	0.904	0.417
15012.000000	189	22	0.913	0.305
15018.000000	189	22	0.919	0.162
15024.000000	189	130	0.930	0.063
15030.000000	189	130	0.940	0.059
15036.000000	189	6	0.943	0.064
15042.000000	189	6	0.944	0.070
15048.000000	189	6	0.944	0.076
15054.000000	189	6	0.945	0.079
15060.000000	189	6	0.948	0.081
15066.000000	189	6	0.952	0.082
15072.000000	189	6	0.958	0.082
15078.000000	189	6	0.961	0.083
15084.000000	189	6	0.962	0.085
15090.000000	189	6	0.964	0.088
15096.000000	189	6	0.967	0.090
15102.000000	189	6	0.967	0.091
15108.000000	189	6	0.966	0.095
15114.000000	189	6	0.964	0.097
15120.000000	189	6	0.963	0.101
15126.000000	189	6	0.962	0.106
15132.000000	189	6	0.962	0.109
15138.000000	189	6	0.961	0.112
15144.000000	189	6	0.959	0.119
15150.000000	189	6	0.957	0.125
15156.000000	189	6	0.956	0.132
15162.000000	189	6	0.957	0.142
15168.000000	189	6	0.958	0.148
15174.000000	189	6	0.958	0.152
15180.000000	189	6	0.957	0.158
15186.000000	189	6	0.956	0.164
15192.000000	189	6	0.954	0.169
15198.000000	189	6	0.952	0.175
15204.000000	189	6	0.950	0.182
15210.000000	189	6	0.947	0.188
15216.000000	189	6	0.945	0.191
15222.000000	189	6	0.942	0.196
15228.000000	189	6	0.938	0.205
15234.000000	189	6	0.934	0.213
15240.000000	189	6	0.930	0.219
15246.000000	189	6	0.924	0.224
15252.000000	189	6	0.921	0.234
15258.000000	189	6	0.915	0.246
15264.000000	189	6	0.908	0.262
15270.000000	189	6	0.900	0.280
15276.000000	189	6	0.895	0.297
15282.000000	189	6	0.890	0.315
15288.000000	189	6	0.883	0.337
15294.000000	189	6	0.873	0.364
15300.000000	189	6	0.858	0.396
15306.000000	189	6	0.841	0.441
15312.000000	189	6	0.824	0.485
15318.000000	189	6	0.804	0.546
15324.000000	189	6	0.771	0.625
15330.000000	189	6	0.724	0.691
15336.000000	6	189	0.752	0.642
15342.000000	6	189	0.839	0.499
15348.000000	6	189	0.922	0.264
15354.000000	6	156	0.966	0.067
15360.000000	6	156	0.979	0.070
15366.000000	6	156	0.982	0.071
15372.000000	6	156	0.981	0.069
15378.000000	6	156	0.980	0.071
15384.000000	6	156	0.979	0.074
15390.000000	6	156	0.980	0.073
15396.000000	6	156	0.979	0.071
15402.000000	6	156	0.978	0.073
15408.000000	6	156	0.977	0.073
15414.000000	6	156	0.976	0.073
15420.000000	6	156	0.976	0.073
15426.000000	6	119	0.974	0.075
15432.000000	6	119	0.972	0.080
15438.000000	6	119	0.970	0.085
15444.000000	6	119	0.969	0.090
15450.000000	6	119	0.968	0.093
15456.000000	6	119	0.968	0.096
15462.000000	6	119	0.967	0.096
15468.000000	6	119	0.966	0.098
15474.000000	6	119	0.965	0.100
15480.000000	6	119	0.964	0.102
15486.000000	6	2	0.964	0.106
15492.000000	6	2	0.963	0.109
15498.000000	6	2	0.962	0.110
15504.000000	6	2	0.961	0.111
15510.000000	6	2	0.960	0.115
15516.000000	6	2	0.957	0.122
15522.000000	6	2	0.953	0.128
15528.000000	6	2	0.951	0.132
15534.000000	6	2	0.949	0.136
15540.000000	6	2	0.948	0.145
15546.000000	6	2	0.946	0.158
15552.000000	6	2	0.944	0.171
15558.000000	6	2	0.942	0.183
15564.000000	6	2	0.941	0.196
15570.000000	6	2	0.940	0.209
15576.000000	6	2	0.937	0.226
15582.000000	6	2	0.935	0.237
15588.000000	6	2	0.931	0.244
15594.000000	6	2	0.927	0.252
15600.000000	6	2	0.921	0.260
15606.000000	6	2	0.916	0.269
15612.000000	6	2	0.912	0.284
15618.000000	6	2	0.905	0.299
15624.000000	6	2	0.897	0.313
15630.000000	6	2	0.889	0.326
15636.000000	6	2	0.877	0.342
15642.000000	6	2	0.866	0.365
15648.000000	6	2	0.857	0.382
15654.000000	6	2	0.845	0.399
15660.000000	6	2	0.825	0.420
15666.000000	6	2	0.808	0.442
15672.000000	6	2	0.784	0.466
15678.000000	6	2	0.759	0.481
15684.000000	6	2	0.716	0.497
15690.000000	6	2	0.663	0.525
15696.000000	6	2	0.592	0.559
15702.000000	2	6	0.594	0.488
15708.000000	2	19	0.629	0.471
15714.000000	2	19	0.672	0.504
15720.000000	2	19	0.688	0.533
15726.000000	2	19	0.693	0.566
15732.000000	2	19	0.691	0.588
15738.000000	2	19	0.695	0.614
15744.000000	2	19	0.694	0.645
15750.000000	2	19	0.694	0.658
15756.000000	2	19	0.689	0.668
15762.000000	2	19	0.686	0.674
15768.000000	19	2	0.687	0.681
15774.000000	19	2	0.691	0.680
15780.000000	19	2	0.699	0.676
15786.000000	19	2	0.714	0.674
15792.000000	19	2	0.721	0.668
15798.000000	19	2	0.728	0.661
15804.000000	19	2	0.727	0.657
15810.000000	19	2	0.731	0.653
15816.000000	19	2	0.735	0.648
15822.000000	19	2	0.738	0.649
15828.000000	19	2	0.740	0.647
15834.000000	19	2	0.741	0.643
15840.000000	19	2	0.742	0.639
15846.000000	19	2	0.745	0.629
15852.000000	19	2	0.749	0.609
15858.000000	19	2	0.749	0.600
15864.000000	19	2	0.750	0.597
15870.000000	19	2	0.753	0.587
15876.000000	19	2	0.759	0.571
15882.000000	19	2	0.761	0.554
15888.000000	19	72	0.766	0.542
15894.000000	19	72	0.764	0.545
15900.000000	19	72	0.764	0.545
15906.000000	19	72	0.766	0.545
15912.000000	19	72	0.778	0.546
15918.000000	19	72	0.792	0.543
15924.000000	19	72	0.805	0.533
15930.000000	19	72	0.813	0.527
15936.000000	19	72	0.819	0.518
15942.000000	19	72	0.820	0.510
15948.000000	19	72	0.828	0.488
15954.000000	19	72	0.835	0.471
15960.000000	19	72	0.847	0.453
15966.000000	19	72	0.854	0.430
15972.000000	19	72	0.860	0.402
15978.000000	19	72	0.867	0.361
15984.000000	19	72	0.873	0.322
15990.000000	19	72	0.882	0.284
15996.000000	19	72	0.891	0.239
16002.000000	19	72	0.897	0.192
16008.000000	19	72	0.902	0.151
16014.000000	19	72	0.906	0.125
16020.000000	19	13	0.915	0.129
16026.000000	19	13	0.919	0.139
16032.000000	19	13	0.925	0.147
16038.000000	19	13	0.931	0.153
16044.000000	19	13	0.937	0.161
16050.000000	19	13	0.941	0.167
16056.000000	19	13	0.943	0.173
16062.000000	19	13	0.945	0.182
16068.000000	19	13	0.944	0.189
16074.000000	19	13	0.944	0.195
16080.000000	19	13	0.943	0.206
16086.000000	19	13	0.941	0.218
16092.000000	19	13	0.940	0.236
16098.000000	19	13	0.941	0.248
16104.000000	19	13	0.940	0.258
16110.000000	19	13	0.938	0.267
16116.000000	19	13	0.935	0.278
16122.000000	19	13	0.929	0.298
16128.000000	19	13	0.922	0.320
16134.000000	19	13	0.916	0.341
16140.000000	19	13	0.913	0.362
16146.000000	19	13	0.911	0.380
16152.000000	19	13	0.907	0.398
16158.000000	19	13	0.900	0.417
16164.000000	19	13	0.892	0.439
16170.000000	19	13	0.884	0.461
16176.000000	19	13	0.877	0.485
16182.000000	19	13	0.862	0.513
16188.000000	19	13	0.846	0.534
16194.000000	19	13	0.824	0.551
16200.000000	19	13	0.806	0.577
16206.000000	19	13	0.782	0.599
16212.000000	19	13	0.731	0.626
16218.000000	19	13	0.667	0.664
16224.000000	13	19	0.695	0.594
16230.000000	13	19	0.743	0.478
16236.000000	13	19	0.806	0.294
16242.000000	13	76	0.866	0.156
16248.000000	13	76	0.909	0.158
16254.000000	13	76	0.932	0.170
16260.000000	13	76	0.935	0.186
16266.000000	13	76	0.933	0.205
16272.000000	13	76	0.933	0.223
16278.000000	13	76	0.935	0.249
16284.000000	13	76	0.937	0.282
16290.000000	13	76	0.938	0.314
16296.000000	13	76	0.939	0.346
16302.000000	13	76	0.937	0.383
16308.000000	13	76	0.934	0.419
16314.000000	13	76	0.931	0.454
16320.000000	13	76	0.929	0.491
16326.000000	13	76	0.927	0.518
16332.000000	13	76	0.926	0.536
16338.000000	13	76	0.925	0.554
16344.000000	13	76	0.925	0.577
16350.000000	13	76	0.925	0.597
16356.000000	13	76	0.923	0.605
16362.000000	13	76	0.920	0.612
16368.000000	13	76	0.919	0.620
16374.000000	13	76	0.918	0.631
16380.000000	13	76	0.914	0.647
16386.000000	13	76	0.911	0.656
16392.000000	13	76	0.913	0.665
16398.000000	13	76	0.912	0.676
16404.000000	13	76	0.909	0.686
16410.000000	13	76	0.908	0.697
16416.000000	13	76	0.907	0.707
16422.000000	13	76	0.903	0.718
16428.000000	13	76	0.902	0.725
16434.000000	13	76	0.899	0.728
16440.000000	13	76	0.898	0.732
16446.000000	13	76	0.894	0.738
16452.000000	13	76	0.889	0.743
16458.000000	13	76	0.884	0.749
16464.000000	13	76	0.880	0.754
16470.000000	13	76	0.871	0.760
16476.000000	13	76	0.856	0.775
16482.000000	13	76	0.840	0.791
16488.000000	13	76	0.830	0.798
16494.000000	13	76	0.815	0.812
16500.000000	76	13	0.831	0.797
16506.000000	76	13	0.846	0.777
16512.000000	76	13	0.856	0.756
16518.000000	76	13	0.868	0.729
16524.000000	76	13	0.880	0.699
16530.000000	76	13	0.895	0.655
16536.000000	76	13	0.907	0.602
16542.000000	76	13	0.920	0.526
16548.000000	76	13	0.936	0.422
16554.000000	76	13	0.964	0.235
16560.000000	76	50	0.978	0.086
16566.000000	76	50	0.982	0.077
16572.000000	76	50	0.983	0.075
16578.000000	76	50	0.983	0.073
16584.000000	76	184	0.983	0.073
16590.000000	76	184	0.982	0.075
16596.000000	76	184	0.981	0.076
16602.000000	76	184	0.980	0.077
16608.000000	76	167	0.980	0.081
16614.000000	76	167	0.979	0.084
16620.000000	76	184	0.979	0.083
16626.000000	76	184	0.978	0.087
16632.000000	76	184	0.978	0.091
16638.000000	76	184	0.977	0.096
16644.000000	76	184	0.977	0.101
16650.000000	76	184	0.976	0.104
16656.000000	76	184	0.975	0.107
16662.000000	76	184	0.975	0.110
16668.000000	76	167	0.974	0.113
16674.000000	76	167	0.973	0.118
16680.000000	76	167	0.973	0.119
16686.000000	76	167	0.973	0.121
16692.000000	76	167	0.972	0.124
16698.000000	76	167	0.972	0.128
16704.000000	76	167	0.971	0.134
16710.000000	76	167	0.970	0.140
16716.000000	76	167	0.968	0.146
16722.000000	76	167	0.966	0.154
16728.000000	76	167	0.964	0.161
16734.000000	76	167	0.961	0.169
16740.000000	76	167	0.958	0.174
16746.000000	76	167	0.956	0.178
16752.000000	76	167	0.955	0.180
16758.000000	76	167	0.954	0.182
16764.000000	76	167	0.950	0.187
16770.000000	76	167	0.946	0.192
16776.000000	76	167	0.943	0.199
16782.000000	76	167	0.940	0.207
16788.000000	76	167	0.934	0.214
16794.000000	76	167	0.927	0.216
16800.000000	76	167	0.919	0.220
16806.000000	76	167	0.911	0.225
16812.000000	76	167	0.902	0.230
16818.000000	76	167	0.893	0.235
16824.000000	76	167	0.886	0.236
16830.000000	76	167	0.874	0.238
16836.000000	76	167	0.860	0.241
16842.000000	76	167	0.845	0.245
16848.000000	76	167	0.831	0.248
16854.000000	76	167	0.814	0.257
16860.000000	76	167	0.797	0.270
16866.000000	76	167	0.777	0.284
16872.000000	76	167	0.747	0.299
16878.000000	76	122	0.715	0.335
16884.000000	76	122	0.654	0.384
16890.000000	76	122	0.550	0.439
16896.000000	122	76	0.529	0.368
16902.000000	122	167	0.646	0.399
16908.000000	122	167	0.750	0.426
16914.000000	122	167	0.790	0.452
16920.000000	122	167	0.814	0.476
16926.000000	122	167	0.820	0.501
16932.000000	122	167	0.830	0.520
16938.000000	122	167	0.833	0.536
16944.000000	122	167	0.835	0.544
16950.000000	122	167	0.841	0.545
16956.000000	122	167	0.844	0.550
16962.000000	122	167	0.847	0.551
16968.000000	122	167	0.848	0.555
16974.000000	122	167	0.848	0.557
16980.000000	122	167	0.856	0.557
16986.000000	122	167	0.856	0.552
16992.000000	122	167	0.861	0.546
16998.000000	122	167	0.868	0.539
17004.000000	122	167	0.869	0.535
17010.000000	122	167	0.875	0.526
17016.000000	122	167	0.875	0.523
17022.000000	122	167	0.878	0.519
17028.000000	122	167	0.880	0.516
17034.000000	122	167	0.881	0.512
17040.000000	122	167	0.880	0.508
17046.000000	122	167	0.879	0.505
17052.000000	122	167	0.880	0.498
17058.000000	122	64	0.881	0.496
17064.000000	122	64	0.881	0.498
17070.000000	122	64	0.883	0.500
17076.000000	122	64	0.887	0.504
17082.000000	122	64	0.889	0.516
17088.000000	122	64	0.894	0.530
17094.000000	122	64	0.904	0.540
17100.000000	122	64	0.908	0.562
17106.000000	122	64	0.915	0.579
17112.000000	122	64	0.920	0.592
17118.000000	122	64	0.922	0.609
17124.000000	122	64	0.923	0.628
17130.000000	122	64	0.924	0.644
17136.000000	122	64	0.921	0.655
17142.000000	122	64	0.920	0.668
17148.000000	122	64	0.918	0.687
17154.000000	122	64	0.918	0.702
17160.000000	122	64	0.917	0.707
17166.000000	122	64	0.909	0.722
17172.000000	122	64	0.906	0.729
17178.000000	122	64	0.904	0.737
17184.000000	122	64	0.900	0.745
17190.000000	122	64	0.894	0.752
17196.000000	122	64	0.888	0.761
17202.000000	122	64	0.887	0.762
17208.000000	122	64	0.884	0.763
17214.000000	122	64	0.882	0.765
17220.000000	122	64	0.880	0.767
17226.000000	122	64	0.874	0.772
17232.000000	122	64	0.862	0.781
17238.000000	122	64	0.854	0.786
17244.000000	122	64	0.845	0.794
17250.000000	122	64	0.837	0.800
17256.000000	122	64	0.821	0.811
17262.000000	64	122	0.820	0.803
17268.000000	64	122	0.827	0.781
17274.000000	64	122	0.833	0.758
17280.000000	64	122	0.840	0.734
17286.000000	64	122	0.862	0.689
17292.000000	64	122	0.878	0.631
17298.000000	64	122	0.894	0.554
17304.000000	64	122	0.916	0.450
17310.000000	64	122	0.941	0.281
17316.000000	64	122	0.960	0.102
17322.000000	64	189	0.973	0.058
17328.000000	64	189	0.977	0.063
17334.000000	64	189	0.978	0.066
17340.000000	64	189	0.978	0.071
17346.000000	64	189	0.977	0.072
17352.000000	64	189	0.978	0.073
17358.000000	64	189	0.978	0.074
17364.000000	64	189	0.978	0.074
17370.000000	64	189	0.979	0.073
17376.000000	64	189	0.980	0.073
17382.000000	64	189	0.980	0.074
17388.000000	64	189	0.980	0.075
17394.000000	64	189	0.979	0.074
17400.000000	64	189	0.979	0.074
17406.000000	64	189	0.979	0.073
17412.000000	64	189	0.978	0.075
17418.000000	64	189	0.977	0.075
17424.000000	64	189	0.977	0.074
17430.000000	64	189	0.975	0.075
17436.000000	64	189	0.972	0.075
17442.000000	64	189	0.970	0.075
17448.000000	64	189	0.969	0.075
17454.000000	64	189	0.969	0.074
17460.000000	64	189	0.969	0.073
17466.000000	64	189	0.969	0.071
17472.000000	64	189	0.969	0.067
17478.000000	64	189	0.968	0.065
17484.000000	64	189	0.968	0.063
17490.000000	64	189	0.968	0.060
17496.000000	64	189	0.967	0.059
17502.000000	64	130	0.966	0.056
17508.000000	64	130	0.965	0.056
17514.000000	64	130	0.965	0.053
17520.000000	64	130	0.965	0.051
17526.000000	64	130	0.965	0.048
17532.000000	64	130	0.964	0.046
17538.000000	64	104	0.964	0.045
17544.000000	64	104	0.965	0.045
17550.000000	64	104	0.967	0.045
17556.000000	64	104	0.967	0.043
17562.000000	64	104	0.967	0.041
17568.000000	64	104	0.967	0.039
17574.000000	64	134	0.968	0.036
17580.000000	64	134	0.969	0.038
17586.000000	64	134	0.969	0.039
17592.000000	64	134	0.970	0.039
17598.000000	64	134	0.970	0.041
17604.000000	64	134	0.972	0.042
17610.000000	64	134	0.973	0.042
17616.000000	64	134	0.973	0.042
17622.000000	64	134	0.972	0.042
17628.000000	64	134	0.972	0.042
17634.000000	64	134	0.972	0.042
17640.000000	64	134	0.973	0.043
17646.000000	64	134	0.973	0.043
17652.000000	64	134	0.973	0.043
17658.000000	64	134	0.975	0.042
17664.000000	64	134	0.976	0.042
17670.000000	64	134	0.975	0.041
17676.000000	64	134	0.975	0.040
17682.000000	64	134	0.975	0.038
17688.000000	64	134	0.976	0.037
17694.000000	64	134	0.977	0.035
17700.000000	64	134	0.976	0.034
17706.000000	64	76	0.975	0.034
17712.000000	64	76	0.974	0.034
17718.000000	64	76	0.974	0.034
17724.000000	64	76	0.974	0.034
17730.000000	64	76	0.973	0.034
17736.000000	64	76	0.973	0.034
17742.000000	64	76	0.972	0.035
17748.000000	64	76	0.970	0.035
17754.000000	64	76	0.968	0.035
17760.000000	64	76	0.967	0.036
17766.000000	64	76	0.966	0.036
17772.000000	64	76	0.965	0.036
17778.000000	64	76	0.965	0.036
17784.000000	64	76	0.964	0.036
17790.000000	64	76	0.963	0.036
17796.000000	64	76	0.961	0.036
17802.000000	64	76	0.960	0.036
17808.000000	64	76	0.959	0.036
17814.000000	64	76	0.958	0.036
17820.000000	64	76	0.956	0.036
17826.000000	64	76	0.956	0.036
17832.000000	64	76	0.957	0.036
17838.000000	64	76	0.956	0.036
17844.000000	64	76	0.954	0.036
17850.000000	64	9	0.951	0.037
17856.000000	64	9	0.949	0.039
17862.000000	64	9	0.947	0.040
17868.000000	64	9	0.944	0.040
17874.000000	64	9	0.942	0.040
17880.000000	64	9	0.940	0.040
17886.000000	64	9	0.936	0.040
17892.000000	64	9	0.931	0.040
17898.000000	64	9	0.929	0.040
17904.000000	64	9	0.926	0.040
17910.000000	64	9	0.921	0.040
17916.000000	64	9	0.917	0.040
17922.000000	64	9	0.913	0.040
17928.000000	64	9	0.907	0.039
17934.000000	64	9	0.900	0.038
17940.000000	64	9	0.889	0.037
17946.000000	64	9	0.880	0.036
17952.000000	64	151	0.871	0.036
17958.000000	64	151	0.855	0.038
17964.000000	64	151	0.834	0.039
17970.000000	64	151	0.803	0.039
17976.000000	64	151	0.760	0.039
17982.000000	64	170	0.695	0.040
17988.000000	64	170	0.578	0.038
17994.000000	64	170	0.359	0.035
18000.000000	64	170	0.068	0.023
18006.000000	189	108	0.014	0.013
18012.000000	189	108	0.011	0.009
18018.000000	189	108	0.009	0.008
