0.000000	125	102	0.000	0.000
6.000000	55	115	0.992	0.038
12.000000	55	115	0.993	0.040
18.000000	55	115	0.992	0.042
24.000000	55	115	0.992	0.045
30.000000	55	115	0.990	0.047
36.000000	55	115	0.989	0.049
42.000000	55	115	0.987	0.055
48.000000	55	115	0.986	0.063
54.000000	55	115	0.984	0.070
60.000000	55	115	0.982	0.078
66.000000	55	115	0.980	0.088
72.000000	55	115	0.977	0.100
78.000000	55	115	0.974	0.112
84.000000	55	115	0.971	0.124
90.000000	55	115	0.967	0.135
96.000000	55	115	0.963	0.138
102.000000	55	115	0.960	0.143
108.000000	55	115	0.956	0.154
114.000000	55	115	0.952	0.169
120.000000	55	115	0.947	0.184
126.000000	55	115	0.943	0.196
132.000000	55	115	0.939	0.211
138.000000	55	115	0.936	0.225
144.000000	55	115	0.932	0.241
150.000000	55	115	0.929	0.251
156.000000	55	115	0.927	0.256
162.000000	55	115	0.923	0.256
168.000000	55	115	0.919	0.258
174.000000	55	115	0.916	0.259
180.000000	55	115	0.912	0.260
186.000000	55	115	0.911	0.259
192.000000	55	115	0.909	0.259
198.000000	55	115	0.905	0.259
204.000000	55	115	0.901	0.260
210.000000	55	115	0.901	0.259
216.000000	55	115	0.901	0.258
222.000000	55	115	0.901	0.259
228.000000	55	115	0.900	0.265
234.000000	55	115	0.900	0.265
240.000000	55	115	0.898	0.265
246.000000	55	115	0.897	0.268
252.000000	55	115	0.897	0.265
258.000000	55	115	0.894	0.263
264.000000	55	115	0.893	0.265
270.000000	55	115	0.892	0.270
276.000000	55	115	0.893	0.273
282.000000	55	115	0.894	0.278
288.000000	55	115	0.894	0.279
294.000000	55	115	0.894	0.277
300.000000	55	115	0.894	0.276
306.000000	55	115	0.893	0.278
312.000000	55	115	0.891	0.281
318.000000	55	115	0.890	0.276
324.000000	55	153	0.889	0.275
330.000000	55	153	0.885	0.281
336.000000	55	153	0.876	0.291
342.000000	55	153	0.869	0.301
348.000000	55	153	0.864	0.308
354.000000	55	153	0.857	0.321
360.000000	55	153	0.848	0.339
366.000000	55	153	0.840	0.349
372.000000	55	153	0.827	0.368
378.000000	55	153	0.816	0.382
384.000000	55	153	0.804	0.406
390.000000	55	153	0.792	0.436
396.000000	55	153	0.775	0.459
402.000000	55	153	0.746	0.480
408.000000	55	153	0.714	0.503
414.000000	55	153	0.673	0.528
420.000000	55	153	0.619	0.555
426.000000	153	55	0.592	0.544
432.000000	153	55	0.622	0.455
438.000000	153	145	0.647	0.403
444.000000	153	145	0.688	0.417
450.000000	153	145	0.735	0.435
456.000000	153	145	0.746	0.443
462.000000	153	145	0.754	0.441
468.000000	153	169	0.755	0.444
474.000000	153	169	0.756	0.456
480.000000	153	169	0.761	0.466
486.000000	153	169	0.759	0.465
492.000000	153	169	0.758	0.465
498.000000	153	169	0.755	0.465
504.000000	153	169	0.754	0.461
510.000000	153	169	0.758	0.464
516.000000	153	169	0.757	0.467
522.000000	153	169	0.760	0.472
528.000000	153	169	0.762	0.473
534.000000	153	85	0.763	0.477
540.000000	153	85	0.764	0.484
546.000000	153	85	0.762	0.490
552.000000	153	85	0.758	0.495
558.000000	153	85	0.750	0.501
564.000000	153	85	0.750	0.506
570.000000	153	85	0.748	0.517
576.000000	153	85	0.744	0.526
582.000000	153	85	0.738	0.534
588.000000	153	85	0.727	0.542
594.000000	153	85	0.726	0.545
600.000000	153	85	0.729	0.548
606.000000	153	85	0.728	0.549
612.000000	153	85	0.720	0.552
618.000000	153	85	0.713	0.561
624.000000	153	85	0.712	0.569
630.000000	153	85	0.711	0.576
636.000000	153	85	0.710	0.589
642.000000	153	85	0.703	0.603
648.000000	153	85	0.706	0.618
654.000000	153	85	0.710	0.629
660.000000	153	85	0.717	0.644
666.000000	153	85	0.723	0.662
672.000000	153	85	0.725	0.677
678.000000	153	85	0.724	0.679
684.000000	153	85	0.725	0.690
690.000000	153	85	0.729	0.703
696.000000	85	153	0.718	0.716
702.000000	85	153	0.725	0.700
708.000000	85	153	0.739	0.672
714.000000	85	153	0.742	0.653
720.000000	85	153	0.745	0.638
726.000000	85	153	0.752	0.617
732.000000	85	153	0.768	0.580
738.000000	85	153	0.781	0.531
744.000000	85	153	0.799	0.463
750.000000	85	153	0.836	0.370
756.000000	85	153	0.862	0.268
762.000000	85	15	0.870	0.230
768.000000	85	15	0.877	0.229
774.000000	85	15	0.880	0.234
780.000000	85	15	0.878	0.241
786.000000	85	15	0.873	0.250
792.000000	85	15	0.866	0.251
798.000000	85	15	0.865	0.249
804.000000	85	15	0.860	0.248
810.000000	85	15	0.854	0.247
816.000000	85	15	0.849	0.247
822.000000	85	15	0.847	0.244
828.000000	85	15	0.844	0.237
834.000000	85	110	0.844	0.235
840.000000	85	110	0.845	0.238
846.000000	85	110	0.845	0.244
852.000000	85	110	0.842	0.245
858.000000	85	94	0.837	0.250
864.000000	85	94	0.836	0.262
870.000000	85	94	0.836	0.273
876.000000	85	94	0.833	0.286
882.000000	85	94	0.829	0.301
888.000000	85	94	0.821	0.308
894.000000	85	94	0.810	0.316
900.000000	85	94	0.802	0.325
906.000000	85	94	0.797	0.334
912.000000	85	94	0.792	0.348
918.000000	85	94	0.783	0.360
924.000000	85	94	0.775	0.372
930.000000	85	94	0.765	0.388
936.000000	85	94	0.747	0.407
942.000000	85	94	0.731	0.417
948.000000	85	94	0.716	0.432
954.000000	85	94	0.700	0.452
960.000000	85	94	0.681	0.469
966.000000	85	94	0.665	0.492
972.000000	85	94	0.638	0.514
978.000000	85	94	0.606	0.535
984.000000	85	94	0.563	0.557
990.000000	94	85	0.600	0.502
996.000000	94	85	0.633	0.418
1002.000000	94	85	0.675	0.293
1008.000000	94	110	0.705	0.211
1014.000000	94	110	0.754	0.186
1020.000000	94	193	0.780	0.169
1026.000000	94	140	0.802	0.174
1032.000000	94	140	0.819	0.183
1038.000000	94	140	0.830	0.191
1044.000000	94	140	0.834	0.197
1050.000000	94	140	0.839	0.206
1056.000000	94	140	0.847	0.223
1062.000000	94	140	0.857	0.236
1068.000000	94	140	0.868	0.254
1074.000000	94	140	0.871	0.267
1080.000000	94	140	0.871	0.280
1086.000000	94	140	0.872	0.299
1092.000000	94	140	0.870	0.310
1098.000000	94	140	0.871	0.315
1104.000000	94	140	0.874	0.321
1110.000000	94	140	0.876	0.326
1116.000000	94	140	0.875	0.333
1122.000000	94	140	0.874	0.340
1128.000000	94	140	0.874	0.348
1134.000000	94	140	0.869	0.356
1140.000000	94	140	0.863	0.363
1146.000000	94	140	0.861	0.368
1152.000000	94	140	0.861	0.379
1158.000000	94	140	0.860	0.391
1164.000000	94	140	0.854	0.400
1170.000000	94	140	0.852	0.406
1176.000000	94	140	0.843	0.414
1182.000000	94	140	0.840	0.431
1188.000000	94	140	0.836	0.448
1194.000000	94	140	0.833	0.454
1200.000000	94	140	0.829	0.462
1206.000000	94	140	0.827	0.472
1212.000000	94	140	0.824	0.480
1218.000000	94	140	0.824	0.486
1224.000000	94	140	0.826	0.495
1230.000000	94	140	0.825	0.505
1236.000000	94	140	0.825	0.517
1242.000000	94	140	0.826	0.527
1248.000000	94	140	0.822	0.536
1254.000000	94	140	0.814	0.542
1260.000000	94	140	0.812	0.547
1266.000000	94	140	0.810	0.558
1272.000000	94	140	0.806	0.572
1278.000000	94	140	0.794	0.587
1284.000000	94	140	0.786	0.598
1290.000000	94	140	0.776	0.611
1296.000000	94	140	0.767	0.623
1302.000000	94	140	0.755	0.636
1308.000000	94	140	0.736	0.644
1314.000000	94	140	0.714	0.653
1320.000000	94	140	0.691	0.667
1326.000000	140	94	0.696	0.660
1332.000000	140	94	0.723	0.617
1338.000000	140	94	0.745	0.564
1344.000000	140	94	0.764	0.487
1350.000000	140	94	0.812	0.374
1356.000000	140	115	0.837	0.280
1362.000000	140	115	0.861	0.297
1368.000000	140	115	0.876	0.316
1374.000000	140	115	0.886	0.338
1380.000000	140	115	0.887	0.368
1386.000000	140	115	0.890	0.396
1392.000000	140	115	0.890	0.425
1398.000000	140	115	0.891	0.443
1404.000000	140	115	0.896	0.454
1410.000000	140	115	0.898	0.468
1416.000000	140	115	0.895	0.482
1422.000000	140	115	0.892	0.499
1428.000000	140	115	0.887	0.509
1434.000000	140	115	0.882	0.521
1440.000000	140	115	0.879	0.530
1446.000000	140	115	0.877	0.534
1452.000000	140	115	0.873	0.542
1458.000000	140	115	0.867	0.549
1464.000000	140	115	0.863	0.558
1470.000000	140	115	0.864	0.566
1476.000000	140	115	0.863	0.576
1482.000000	140	115	0.855	0.582
1488.000000	140	115	0.854	0.585
1494.000000	140	115	0.853	0.586
1500.000000	140	115	0.853	0.588
1506.000000	140	115	0.853	0.591
1512.000000	140	115	0.848	0.593
1518.000000	140	115	0.841	0.600
1524.000000	140	115	0.834	0.615
1530.000000	140	115	0.825	0.630
1536.000000	140	115	0.817	0.639
1542.000000	140	115	0.809	0.651
1548.000000	140	115	0.798	0.669
1554.000000	140	115	0.786	0.684
1560.000000	140	115	0.770	0.693
1566.000000	140	115	0.747	0.703
1572.000000	140	115	0.726	0.711
1578.000000	115	140	0.718	0.704
1584.000000	115	140	0.721	0.687
1590.000000	115	140	0.730	0.666
1596.000000	115	140	0.742	0.630
1602.000000	115	140	0.757	0.575
1608.000000	115	140	0.768	0.514
1614.000000	115	140	0.785	0.440
1620.000000	115	8	0.792	0.417
1626.000000	115	8	0.807	0.436
1632.000000	115	8	0.817	0.454
1638.000000	115	8	0.832	0.474
1644.000000	115	8	0.838	0.488
1650.000000	115	8	0.834	0.503
1656.000000	115	8	0.827	0.515
1662.000000	115	8	0.826	0.518
1668.000000	115	8	0.821	0.526
1674.000000	115	8	0.813	0.534
1680.000000	115	8	0.807	0.543
1686.000000	115	8	0.804	0.548
1692.000000	115	8	0.798	0.555
1698.000000	115	8	0.787	0.563
1704.000000	115	8	0.782	0.567
1710.000000	115	8	0.775	0.569
1716.000000	115	8	0.764	0.574
1722.000000	115	8	0.755	0.582
1728.000000	115	8	0.747	0.591
1734.000000	115	8	0.740	0.594
1740.000000	115	8	0.728	0.599
1746.000000	115	8	0.708	0.612
1752.000000	115	8	0.691	0.619
1758.000000	115	8	0.669	0.628
1764.000000	115	8	0.653	0.637
1770.000000	8	115	0.645	0.636
1776.000000	8	115	0.657	0.615
1782.000000	8	115	0.668	0.592
1788.000000	8	115	0.675	0.559
1794.000000	8	59	0.687	0.539
1800.000000	8	59	0.700	0.549
1806.000000	8	59	0.714	0.563
1812.000000	8	59	0.734	0.574
1818.000000	8	59	0.759	0.585
1824.000000	8	59	0.793	0.593
1830.000000	8	59	0.817	0.609
1836.000000	8	59	0.834	0.624
1842.000000	8	59	0.849	0.643
1848.000000	8	59	0.851	0.649
1854.000000	8	59	0.856	0.655
1860.000000	8	59	0.855	0.660
1866.000000	8	59	0.851	0.668
1872.000000	8	59	0.849	0.671
1878.000000	8	59	0.847	0.673
1884.000000	8	59	0.847	0.673
1890.000000	8	59	0.852	0.671
1896.000000	8	59	0.856	0.669
1902.000000	8	59	0.854	0.670
1908.000000	8	59	0.852	0.675
1914.000000	8	59	0.853	0.679
1920.000000	8	59	0.853	0.675
1926.000000	8	59	0.849	0.675
1932.000000	8	59	0.849	0.672
1938.000000	8	59	0.847	0.672
1944.000000	8	59	0.848	0.667
1950.000000	8	59	0.848	0.663
1956.000000	8	59	0.848	0.658
1962.000000	8	59	0.848	0.655
1968.000000	8	59	0.849	0.650
1974.000000	8	59	0.850	0.638
1980.000000	8	59	0.849	0.626
1986.000000	8	59	0.852	0.610
1992.000000	8	59	0.850	0.593
1998.000000	8	59	0.847	0.572
2004.000000	8	59	0.846	0.544
2010.000000	8	59	0.837	0.519
2016.000000	8	59	0.834	0.482
2022.000000	8	59	0.841	0.441
2028.000000	8	59	0.837	0.408
2034.000000	8	59	0.836	0.352
2040.000000	8	59	0.836	0.274
2046.000000	8	59	0.836	0.202
2052.000000	8	126	0.838	0.159
2058.000000	8	126	0.838	0.168
2064.000000	8	126	0.839	0.172
2070.000000	8	126	0.844	0.172
2076.000000	8	126	0.847	0.172
2082.000000	8	126	0.849	0.177
2088.000000	8	126	0.848	0.180
2094.000000	8	124	0.842	0.185
2100.000000	8	124	0.831	0.197
2106.000000	8	124	0.820	0.208
2112.000000	8	124	0.808	0.219
2118.000000	8	124	0.797	0.232
2124.000000	8	124	0.785	0.242
2130.000000	8	124	0.774	0.251
2136.000000	8	124	0.758	0.262
2142.000000	8	124	0.741	0.276
2148.000000	8	124	0.723	0.287
2154.000000	8	124	0.703	0.294
2160.000000	8	124	0.677	0.304
2166.000000	8	124	0.644	0.312
2172.000000	8	124	0.598	0.322
2178.000000	8	124	0.547	0.332
2184.000000	8	124	0.474	0.341
2190.000000	8	124	0.382	0.355
2196.000000	124	126	0.373	0.294
2202.000000	124	126	0.378	0.306
2208.000000	124	109	0.382	0.310
2214.000000	124	109	0.397	0.326
2220.000000	124	109	0.422	0.339
2226.000000	124	109	0.439	0.351
2232.000000	124	109	0.445	0.353
2238.000000	124	109	0.455	0.356
2244.000000	124	109	0.462	0.360
2250.000000	124	109	0.467	0.364
2256.000000	124	109	0.471	0.365
2262.000000	124	109	0.474	0.366
2268.000000	124	109	0.475	0.369
2274.000000	124	109	0.477	0.374
2280.000000	124	109	0.479	0.377
2286.000000	124	109	0.482	0.383
2292.000000	124	109	0.483	0.394
2298.000000	124	109	0.483	0.402
2304.000000	124	109	0.489	0.416
2310.000000	124	109	0.492	0.427
2316.000000	124	109	0.497	0.444
2322.000000	124	109	0.500	0.457
2328.000000	124	109	0.502	0.473
2334.000000	124	109	0.502	0.496
2340.000000	109	124	0.514	0.505
2346.000000	109	124	0.526	0.514
2352.000000	109	124	0.536	0.518
2358.000000	109	124	0.560	0.522
2364.000000	109	124	0.570	0.528
2370.000000	109	124	0.589	0.527
2376.000000	109	124	0.603	0.528
2382.000000	109	124	0.620	0.526
2388.000000	109	124	0.637	0.520
2394.000000	109	124	0.663	0.515
2400.000000	109	124	0.680	0.514
2406.000000	109	124	0.699	0.521
2412.000000	109	124	0.726	0.517
2418.000000	109	124	0.753	0.507
2424.000000	109	124	0.767	0.495
2430.000000	109	124	0.783	0.481
2436.000000	109	124	0.801	0.468
2442.000000	109	124	0.814	0.459
2448.000000	109	124	0.822	0.438
2454.000000	109	124	0.827	0.418
2460.000000	109	124	0.830	0.395
2466.000000	109	124	0.839	0.368
2472.000000	109	124	0.842	0.338
2478.000000	109	124	0.848	0.303
2484.000000	109	124	0.861	0.262
2490.000000	109	124	0.870	0.201
2496.000000	109	37	0.879	0.172
2502.000000	109	37	0.885	0.172
2508.000000	109	37	0.889	0.172
2514.000000	109	37	0.891	0.173
2520.000000	109	107	0.889	0.182
2526.000000	109	107	0.887	0.186
2532.000000	109	107	0.886	0.189
2538.000000	109	107	0.889	0.188
2544.000000	109	107	0.888	0.188
2550.000000	109	107	0.888	0.191
2556.000000	109	107	0.889	0.196
2562.000000	109	107	0.888	0.196
2568.000000	109	107	0.885	0.197
2574.000000	109	107	0.882	0.199
2580.000000	109	107	0.879	0.200
2586.000000	109	107	0.877	0.199
2592.000000	109	84	0.875	0.203
2598.000000	109	84	0.877	0.205
2604.000000	109	105	0.873	0.213
2610.000000	109	105	0.869	0.220
2616.000000	109	105	0.863	0.228
2622.000000	109	105	0.849	0.243
2628.000000	109	105	0.834	0.257
2634.000000	109	105	0.829	0.267
2640.000000	109	105	0.822	0.274
2646.000000	109	105	0.815	0.277
2652.000000	109	105	0.806	0.286
2658.000000	109	105	0.798	0.297
2664.000000	109	105	0.791	0.309
2670.000000	109	105	0.780	0.318
2676.000000	109	105	0.768	0.328
2682.000000	109	105	0.756	0.335
2688.000000	109	105	0.748	0.345
2694.000000	109	105	0.730	0.354
2700.000000	109	105	0.716	0.360
2706.000000	109	105	0.700	0.376
2712.000000	109	105	0.682	0.395
2718.000000	109	105	0.657	0.415
2724.000000	109	105	0.626	0.452
2730.000000	109	105	0.581	0.486
2736.000000	109	105	0.515	0.504
2742.000000	105	109	0.541	0.425
2748.000000	105	173	0.570	0.337
2754.000000	105	173	0.621	0.368
2760.000000	105	173	0.664	0.388
2766.000000	105	173	0.686	0.402
2772.000000	105	173	0.700	0.413
2778.000000	105	173	0.708	0.431
2784.000000	105	173	0.717	0.438
2790.000000	105	173	0.726	0.442
2796.000000	105	173	0.732	0.453
2802.000000	105	173	0.732	0.463
2808.000000	105	173	0.736	0.468
2814.000000	105	173	0.736	0.477
2820.000000	105	173	0.737	0.490
2826.000000	105	173	0.736	0.497
2832.000000	105	173	0.742	0.502
2838.000000	105	173	0.745	0.505
2844.000000	105	173	0.744	0.512
2850.000000	105	173	0.743	0.521
2856.000000	105	173	0.747	0.528
2862.000000	105	173	0.756	0.532
2868.000000	105	173	0.760	0.549
2874.000000	105	173	0.764	0.559
2880.000000	105	173	0.765	0.563
2886.000000	105	173	0.761	0.573
2892.000000	105	173	0.759	0.582
2898.000000	105	173	0.756	0.586
2904.000000	105	173	0.756	0.594
2910.000000	105	173	0.759	0.598
2916.000000	105	173	0.761	0.605
2922.000000	105	173	0.757	0.615
2928.000000	105	173	0.751	0.623
2934.000000	105	173	0.746	0.629
2940.000000	105	173	0.750	0.630
2946.000000	105	173	0.750	0.632
2952.000000	105	173	0.744	0.635
2958.000000	105	173	0.739	0.643
2964.000000	105	173	0.734	0.645
2970.000000	105	173	0.725	0.645
2976.000000	105	173	0.723	0.650
2982.000000	105	173	0.719	0.654
2988.000000	105	173	0.718	0.655
2994.000000	105	173	0.721	0.653
3000.000000	105	173	0.718	0.657
3006.000000	105	173	0.705	0.663
3012.000000	105	173	0.695	0.667
3018.000000	105	173	0.690	0.663
3024.000000	105	173	0.681	0.666
3030.000000	173	105	0.674	0.674
3036.000000	173	105	0.684	0.664
3042.000000	173	105	0.689	0.654
3048.000000	173	105	0.694	0.638
3054.000000	173	105	0.699	0.623
3060.000000	173	105	0.703	0.609
3066.000000	173	105	0.709	0.591
3072.000000	173	105	0.717	0.575
3078.000000	173	105	0.722	0.544
3084.000000	173	105	0.728	0.498
3090.000000	173	105	0.734	0.448
3096.000000	173	106	0.748	0.400
3102.000000	173	106	0.769	0.406
3108.000000	173	106	0.788	0.432
3114.000000	173	106	0.803	0.462
3120.000000	173	106	0.812	0.474
3126.000000	173	106	0.819	0.486
3132.000000	173	106	0.822	0.498
3138.000000	173	106	0.828	0.507
3144.000000	173	106	0.832	0.510
3150.000000	173	106	0.829	0.513
3156.000000	173	106	0.823	0.524
3162.000000	173	106	0.826	0.527
3168.000000	173	106	0.829	0.525
3174.000000	173	106	0.830	0.523
3180.000000	173	106	0.828	0.524
3186.000000	173	106	0.822	0.528
3192.000000	173	106	0.818	0.530
3198.000000	173	106	0.813	0.535
3204.000000	173	106	0.807	0.541
3210.000000	173	106	0.805	0.544
3216.000000	173	106	0.799	0.553
3222.000000	173	106	0.792	0.560
3228.000000	173	106	0.785	0.568
3234.000000	173	106	0.780	0.568
3240.000000	173	106	0.774	0.570
3246.000000	173	106	0.766	0.571
3252.000000	173	106	0.752	0.572
3258.000000	173	106	0.739	0.580
3264.000000	173	106	0.727	0.587
3270.000000	173	106	0.711	0.590
3276.000000	173	106	0.693	0.593
3282.000000	173	106	0.668	0.594
3288.000000	173	106	0.636	0.601
3294.000000	173	106	0.608	0.607
3300.000000	106	173	0.609	0.570
3306.000000	106	173	0.616	0.505
3312.000000	106	173	0.631	0.422
3318.000000	106	130	0.652	0.379
3324.000000	106	130	0.671	0.404
3330.000000	106	130	0.681	0.428
3336.000000	106	130	0.685	0.453
3342.000000	106	130	0.687	0.481
3348.000000	106	130	0.690	0.505
3354.000000	106	130	0.683	0.517
3360.000000	106	130	0.674	0.522
3366.000000	106	130	0.669	0.538
3372.000000	106	130	0.668	0.542
3378.000000	106	130	0.663	0.552
3384.000000	106	130	0.653	0.563
3390.000000	106	130	0.632	0.579
3396.000000	106	130	0.617	0.592
3402.000000	106	130	0.608	0.601
3408.000000	130	106	0.615	0.599
3414.000000	130	106	0.635	0.572
3420.000000	130	106	0.656	0.545
3426.000000	130	106	0.679	0.506
3432.000000	130	106	0.689	0.482
3438.000000	130	106	0.695	0.448
3444.000000	130	162	0.704	0.458
3450.000000	130	162	0.714	0.470
3456.000000	130	162	0.734	0.472
3462.000000	130	162	0.752	0.474
3468.000000	130	162	0.762	0.473
3474.000000	130	162	0.779	0.473
3480.000000	130	162	0.797	0.478
3486.000000	130	162	0.808	0.487
3492.000000	130	162	0.825	0.485
3498.000000	130	162	0.835	0.476
3504.000000	130	162	0.838	0.461
3510.000000	130	162	0.838	0.446
3516.000000	130	162	0.849	0.433
3522.000000	130	162	0.851	0.426
3528.000000	130	162	0.854	0.413
3534.000000	130	162	0.859	0.395
3540.000000	130	162	0.860	0.378
3546.000000	130	162	0.859	0.356
3552.000000	130	162	0.866	0.330
3558.000000	130	162	0.871	0.314
3564.000000	130	118	0.874	0.316
3570.000000	130	118	0.873	0.316
3576.000000	130	118	0.872	0.314
3582.000000	130	118	0.870	0.313
3588.000000	130	118	0.869	0.311
3594.000000	130	118	0.868	0.308
3600.000000	130	118	0.870	0.305
3606.000000	130	118	0.869	0.303
3612.000000	130	118	0.867	0.305
3618.000000	130	118	0.867	0.299
3624.000000	130	118	0.864	0.293
3630.000000	130	118	0.862	0.285
3636.000000	130	118	0.858	0.281
3642.000000	130	118	0.856	0.268
3648.000000	130	118	0.855	0.258
3654.000000	130	118	0.854	0.253
3660.000000	130	118	0.851	0.247
3666.000000	130	118	0.849	0.236
3672.000000	130	118	0.844	0.224
3678.000000	130	132	0.841	0.229
3684.000000	130	132	0.842	0.240
3690.000000	130	132	0.841	0.245
3696.000000	130	132	0.840	0.248
3702.000000	130	132	0.842	0.250
3708.000000	130	132	0.845	0.257
3714.000000	130	132	0.842	0.260
3720.000000	130	132	0.838	0.264
3726.000000	130	132	0.835	0.271
3732.000000	130	132	0.835	0.276
3738.000000	130	194	0.829	0.292
3744.000000	130	194	0.820	0.306
3750.000000	130	194	0.812	0.332
3756.000000	130	194	0.805	0.350
3762.000000	130	194	0.791	0.364
3768.000000	130	194	0.776	0.381
3774.000000	130	194	0.756	0.402
3780.000000	130	194	0.724	0.424
3786.000000	130	194	0.693	0.447
3792.000000	130	194	0.652	0.469
3798.000000	130	194	0.588	0.492
3804.000000	194	130	0.514	0.510
3810.000000	194	130	0.539	0.398
3816.000000	194	132	0.578	0.422
3822.000000	194	132	0.623	0.436
3828.000000	194	132	0.674	0.455
3834.000000	194	132	0.700	0.479
3840.000000	194	132	0.720	0.501
3846.000000	194	132	0.729	0.523
3852.000000	194	132	0.732	0.535
3858.000000	194	132	0.736	0.548
3864.000000	194	132	0.746	0.561
3870.000000	194	132	0.750	0.568
3876.000000	194	132	0.756	0.567
3882.000000	194	132	0.764	0.563
3888.000000	194	132	0.775	0.569
3894.000000	194	132	0.779	0.575
3900.000000	194	132	0.785	0.581
3906.000000	194	132	0.794	0.578
3912.000000	194	132	0.796	0.571
3918.000000	194	132	0.796	0.568
3924.000000	194	132	0.800	0.565
3930.000000	194	132	0.802	0.560
3936.000000	194	132	0.802	0.559
3942.000000	194	132	0.802	0.557
3948.000000	194	132	0.806	0.553
3954.000000	194	132	0.813	0.543
3960.000000	194	132	0.818	0.540
3966.000000	194	132	0.820	0.539
3972.000000	194	132	0.820	0.535
3978.000000	194	132	0.822	0.531
3984.000000	194	132	0.827	0.529
3990.000000	194	132	0.831	0.521
3996.000000	194	132	0.833	0.512
4002.000000	194	132	0.841	0.492
4008.000000	194	132	0.848	0.471
4014.000000	194	132	0.854	0.454
4020.000000	194	132	0.860	0.429
4026.000000	194	132	0.869	0.407
4032.000000	194	132	0.874	0.385
4038.000000	194	132	0.880	0.358
4044.000000	194	132	0.882	0.324
4050.000000	194	132	0.885	0.280
4056.000000	194	132	0.889	0.236
4062.000000	194	132	0.893	0.193
4068.000000	194	132	0.894	0.145
4074.000000	194	46	0.896	0.123
4080.000000	194	65	0.903	0.116
4086.000000	194	65	0.906	0.117
4092.000000	194	65	0.911	0.120
4098.000000	194	65	0.914	0.119
4104.000000	194	8	0.913	0.124
4110.000000	194	8	0.914	0.128
4116.000000	194	8	0.915	0.132
4122.000000	194	8	0.913	0.138
4128.000000	194	8	0.914	0.148
4134.000000	194	8	0.913	0.151
4140.000000	194	8	0.912	0.153
4146.000000	194	8	0.912	0.154
4152.000000	194	8	0.910	0.158
4158.000000	194	8	0.909	0.166
4164.000000	194	8	0.908	0.171
4170.000000	194	8	0.907	0.176
4176.000000	194	8	0.906	0.180
4182.000000	194	8	0.905	0.179
4188.000000	194	8	0.904	0.180
4194.000000	194	8	0.902	0.182
4200.000000	194	8	0.899	0.183
4206.000000	194	39	0.892	0.190
4212.000000	194	39	0.885	0.200
4218.000000	194	39	0.874	0.206
4224.000000	194	39	0.860	0.212
4230.000000	194	39	0.848	0.219
4236.000000	194	39	0.838	0.226
4242.000000	194	39	0.828	0.239
4248.000000	194	39	0.815	0.251
4254.000000	194	39	0.796	0.264
4260.000000	194	39	0.774	0.265
4266.000000	194	39	0.750	0.268
4272.000000	194	108	0.714	0.285
4278.000000	194	108	0.664	0.324
4284.000000	194	108	0.609	0.365
4290.000000	194	108	0.526	0.398
4296.000000	108	194	0.437	0.432
4302.000000	108	39	0.515	0.438
4308.000000	108	39	0.609	0.473
4314.000000	108	39	0.674	0.523
4320.000000	108	39	0.711	0.555
4326.000000	108	39	0.735	0.565
4332.000000	108	39	0.757	0.580
4338.000000	108	39	0.767	0.596
4344.000000	108	39	0.780	0.607
4350.000000	108	39	0.786	0.615
4356.000000	108	39	0.790	0.629
4362.000000	108	39	0.789	0.633
4368.000000	108	39	0.790	0.635
4374.000000	108	39	0.792	0.640
4380.000000	108	39	0.796	0.648
4386.000000	108	39	0.797	0.653
4392.000000	108	39	0.799	0.656
4398.000000	108	39	0.799	0.657
4404.000000	108	39	0.800	0.661
4410.000000	108	39	0.806	0.669
4416.000000	108	39	0.816	0.675
4422.000000	108	39	0.818	0.676
4428.000000	108	39	0.819	0.679
4434.000000	108	39	0.820	0.685
4440.000000	108	39	0.822	0.690
4446.000000	108	39	0.823	0.693
4452.000000	108	39	0.823	0.697
4458.000000	108	39	0.824	0.703
4464.000000	108	39	0.824	0.707
4470.000000	108	39	0.824	0.713
4476.000000	108	39	0.825	0.716
4482.000000	108	39	0.828	0.720
4488.000000	108	39	0.831	0.724
4494.000000	108	39	0.830	0.729
4500.000000	108	39	0.831	0.731
4506.000000	108	39	0.835	0.735
4512.000000	108	39	0.837	0.735
4518.000000	108	39	0.840	0.735
4524.000000	108	39	0.840	0.735
4530.000000	108	39	0.838	0.737
4536.000000	108	39	0.837	0.742
4542.000000	108	39	0.837	0.745
4548.000000	108	39	0.836	0.743
4554.000000	108	39	0.832	0.742
4560.000000	108	39	0.828	0.743
4566.000000	108	39	0.828	0.741
4572.000000	108	39	0.823	0.740
4578.000000	108	39	0.813	0.739
4584.000000	108	39	0.806	0.734
4590.000000	108	39	0.797	0.729
4596.000000	108	39	0.795	0.714
4602.000000	108	39	0.790	0.697
4608.000000	108	39	0.784	0.685
4614.000000	108	39	0.774	0.675
4620.000000	108	39	0.766	0.667
4626.000000	108	39	0.754	0.655
4632.000000	108	39	0.736	0.635
4638.000000	108	39	0.719	0.610
4644.000000	108	39	0.694	0.592
4650.000000	108	39	0.672	0.576
4656.000000	108	39	0.653	0.550
4662.000000	108	39	0.626	0.523
4668.000000	108	39	0.596	0.491
4674.000000	108	39	0.554	0.439
4680.000000	108	39	0.507	0.373
4686.000000	108	196	0.448	0.359
4692.000000	108	196	0.377	0.372
4698.000000	196	57	0.400	0.336
4704.000000	196	57	0.437	0.351
4710.000000	196	57	0.470	0.375
4716.000000	196	57	0.497	0.391
4722.000000	196	57	0.519	0.412
4728.000000	196	107	0.541	0.455
4734.000000	196	107	0.543	0.495
4740.000000	196	107	0.547	0.519
4746.000000	196	107	0.552	0.540
4752.000000	107	196	0.557	0.555
4758.000000	107	196	0.572	0.553
4764.000000	107	196	0.582	0.548
4770.000000	107	196	0.590	0.546
4776.000000	107	57	0.606	0.552
4782.000000	107	57	0.612	0.556
4788.000000	107	57	0.616	0.557
4794.000000	107	57	0.620	0.562
4800.000000	107	57	0.625	0.568
4806.000000	107	57	0.628	0.574
4812.000000	107	57	0.628	0.579
4818.000000	107	57	0.622	0.585
4824.000000	107	57	0.624	0.587
4830.000000	107	57	0.631	0.587
4836.000000	107	57	0.639	0.586
4842.000000	107	57	0.643	0.589
4848.000000	107	57	0.653	0.590
4854.000000	107	57	0.659	0.590
4860.000000	107	57	0.666	0.588
4866.000000	107	57	0.669	0.587
4872.000000	107	57	0.677	0.586
4878.000000	107	57	0.681	0.584
4884.000000	107	57	0.689	0.581
4890.000000	107	57	0.703	0.578
4896.000000	107	57	0.718	0.568
4902.000000	107	57	0.726	0.561
4908.000000	107	57	0.736	0.561
4914.000000	107	57	0.741	0.563
4920.000000	107	57	0.754	0.557
4926.000000	107	57	0.767	0.543
4932.000000	107	57	0.780	0.523
4938.000000	107	57	0.798	0.506
4944.000000	107	57	0.809	0.493
4950.000000	107	57	0.816	0.475
4956.000000	107	57	0.827	0.451
4962.000000	107	57	0.836	0.429
4968.000000	107	57	0.846	0.411
4974.000000	107	57	0.860	0.384
4980.000000	107	57	0.868	0.362
4986.000000	107	57	0.879	0.332
4992.000000	107	57	0.885	0.286
4998.000000	107	57	0.893	0.247
5004.000000	107	57	0.903	0.213
5010.000000	107	72	0.905	0.198
5016.000000	107	72	0.907	0.192
5022.000000	107	72	0.910	0.191
5028.000000	107	72	0.911	0.185
5034.000000	107	72	0.912	0.180
5040.000000	107	72	0.910	0.177
5046.000000	107	72	0.907	0.174
5052.000000	107	72	0.903	0.170
5058.000000	107	72	0.900	0.168
5064.000000	107	72	0.898	0.167
5070.000000	107	72	0.896	0.166
5076.000000	107	72	0.897	0.164
5082.000000	107	82	0.893	0.165
5088.000000	107	82	0.890	0.168
5094.000000	107	82	0.889	0.166
5100.000000	107	82	0.886	0.160
5106.000000	107	82	0.880	0.157
5112.000000	107	82	0.874	0.155
5118.000000	107	82	0.870	0.151
5124.000000	107	82	0.867	0.150
5130.000000	107	82	0.860	0.152
5136.000000	107	112	0.852	0.163
5142.000000	107	112	0.848	0.175
5148.000000	107	112	0.842	0.189
5154.000000	107	112	0.835	0.202
5160.000000	107	112	0.825	0.212
5166.000000	107	112	0.818	0.220
5172.000000	107	112	0.811	0.227
5178.000000	107	112	0.799	0.238
5184.000000	107	112	0.785	0.247
5190.000000	107	112	0.771	0.258
5196.000000	107	109	0.750	0.272
5202.000000	107	112	0.726	0.290
5208.000000	107	109	0.695	0.308
5214.000000	107	112	0.647	0.331
5220.000000	107	112	0.593	0.359
5226.000000	107	112	0.532	0.404
5232.000000	112	107	0.452	0.451
5238.000000	112	109	0.498	0.472
5244.000000	112	109	0.552	0.505
5250.000000	112	109	0.612	0.541
5256.000000	112	109	0.641	0.582
5262.000000	112	109	0.663	0.616
5268.000000	112	109	0.685	0.651
5274.000000	112	109	0.701	0.681
5280.000000	112	109	0.710	0.697
5286.000000	112	109	0.718	0.703
5292.000000	112	109	0.722	0.711
5298.000000	112	109	0.729	0.711
5304.000000	112	109	0.738	0.713
5310.000000	112	109	0.747	0.716
5316.000000	112	109	0.755	0.717
5322.000000	112	109	0.760	0.719
5328.000000	112	109	0.760	0.721
5334.000000	112	109	0.766	0.721
5340.000000	112	109	0.770	0.721
5346.000000	112	109	0.770	0.725
5352.000000	112	109	0.771	0.727
5358.000000	112	109	0.774	0.736
5364.000000	112	109	0.776	0.741
5370.000000	112	109	0.779	0.747
5376.000000	112	109	0.782	0.755
5382.000000	112	109	0.782	0.761
5388.000000	112	109	0.782	0.764
5394.000000	112	109	0.788	0.764
5400.000000	112	109	0.791	0.764
5406.000000	112	109	0.791	0.767
5412.000000	112	109	0.790	0.768
5418.000000	112	109	0.789	0.768
5424.000000	112	109	0.783	0.769
5430.000000	112	109	0.781	0.772
5436.000000	112	109	0.782	0.774
5442.000000	112	109	0.786	0.775
5448.000000	112	109	0.787	0.778
5454.000000	112	109	0.789	0.779
5460.000000	112	109	0.783	0.780
5466.000000	112	109	0.781	0.778
5472.000000	112	109	0.778	0.775
5478.000000	109	112	0.775	0.773
5484.000000	109	112	0.774	0.769
5490.000000	109	112	0.774	0.766
5496.000000	109	112	0.772	0.761
5502.000000	109	112	0.769	0.757
5508.000000	109	112	0.763	0.757
5514.000000	112	109	0.760	0.747
5520.000000	112	109	0.759	0.732
5526.000000	112	109	0.748	0.728
5532.000000	112	109	0.742	0.719
5538.000000	112	109	0.729	0.709
5544.000000	112	109	0.719	0.696
5550.000000	112	109	0.709	0.684
5556.000000	112	109	0.697	0.672
5562.000000	112	109	0.685	0.659
5568.000000	112	109	0.672	0.645
5574.000000	112	109	0.656	0.624
5580.000000	112	109	0.633	0.603
5586.000000	112	109	0.604	0.574
5592.000000	112	109	0.571	0.543
5598.000000	112	109	0.528	0.494
5604.000000	28	112	0.526	0.477
5610.000000	28	112	0.566	0.411
5616.000000	28	112	0.632	0.330
5622.000000	28	69	0.711	0.239
5628.000000	28	69	0.780	0.232
5634.000000	28	69	0.828	0.225
5640.000000	28	69	0.858	0.212
5646.000000	28	69	0.891	0.206
5652.000000	28	69	0.917	0.196
5658.000000	28	69	0.922	0.195
5664.000000	28	69	0.919	0.197
5670.000000	28	69	0.916	0.199
5676.000000	28	69	0.918	0.200
5682.000000	28	69	0.919	0.200
5688.000000	28	69	0.918	0.199
5694.000000	28	69	0.916	0.195
5700.000000	28	69	0.914	0.187
5706.000000	28	69	0.916	0.176
5712.000000	28	168	0.915	0.175
5718.000000	28	168	0.916	0.182
5724.000000	28	168	0.917	0.190
5730.000000	28	168	0.916	0.195
5736.000000	28	168	0.915	0.198
5742.000000	28	168	0.915	0.203
5748.000000	28	168	0.917	0.201
5754.000000	28	168	0.917	0.205
5760.000000	28	168	0.917	0.205
5766.000000	28	168	0.916	0.209
5772.000000	28	168	0.915	0.210
5778.000000	28	168	0.914	0.208
5784.000000	28	168	0.911	0.204
5790.000000	28	168	0.910	0.198
5796.000000	28	168	0.909	0.194
5802.000000	28	168	0.908	0.188
5808.000000	28	194	0.910	0.183
5814.000000	28	194	0.908	0.190
5820.000000	28	194	0.905	0.199
5826.000000	28	194	0.901	0.203
5832.000000	28	194	0.899	0.204
5838.000000	28	194	0.898	0.206
5844.000000	28	194	0.897	0.208
5850.000000	28	194	0.897	0.216
5856.000000	28	194	0.897	0.228
5862.000000	28	194	0.897	0.230
5868.000000	28	194	0.895	0.233
5874.000000	28	194	0.892	0.234
5880.000000	28	194	0.890	0.231
5886.000000	28	194	0.888	0.231
5892.000000	28	194	0.886	0.232
5898.000000	28	194	0.883	0.237
5904.000000	28	194	0.880	0.244
5910.000000	28	194	0.880	0.247
5916.000000	28	194	0.880	0.248
5922.000000	28	194	0.879	0.246
5928.000000	28	49	0.877	0.245
5934.000000	28	183	0.875	0.251
5940.000000	28	183	0.873	0.258
5946.000000	28	183	0.871	0.266
5952.000000	28	183	0.870	0.274
5958.000000	28	183	0.868	0.277
5964.000000	28	183	0.863	0.280
5970.000000	28	183	0.858	0.283
5976.000000	28	161	0.853	0.290
5982.000000	28	161	0.850	0.300
5988.000000	28	161	0.844	0.317
5994.000000	28	161	0.838	0.331
6000.000000	28	161	0.831	0.349
6006.000000	28	161	0.819	0.371
6012.000000	28	161	0.799	0.390
6018.000000	28	161	0.784	0.409
6024.000000	28	161	0.759	0.431
6030.000000	28	161	0.733	0.456
6036.000000	28	161	0.698	0.485
6042.000000	28	161	0.650	0.510
6048.000000	28	161	0.592	0.531
6054.000000	161	28	0.549	0.514
6060.000000	161	28	0.593	0.367
6066.000000	161	49	0.650	0.387
6072.000000	161	49	0.691	0.421
6078.000000	161	49	0.726	0.443
6084.000000	161	49	0.749	0.453
6090.000000	161	49	0.760	0.466
6096.000000	161	49	0.765	0.485
6102.000000	161	49	0.770	0.503
6108.000000	161	49	0.783	0.514
6114.000000	161	49	0.799	0.515
6120.000000	161	49	0.806	0.518
6126.000000	161	49	0.812	0.527
6132.000000	161	49	0.818	0.538
6138.000000	161	49	0.822	0.550
6144.000000	161	49	0.827	0.556
6150.000000	161	49	0.831	0.555
6156.000000	161	49	0.841	0.556
6162.000000	161	49	0.845	0.554
6168.000000	161	49	0.846	0.551
6174.000000	161	49	0.848	0.548
6180.000000	161	49	0.855	0.548
6186.000000	161	49	0.861	0.549
6192.000000	161	49	0.864	0.548
6198.000000	161	49	0.866	0.552
6204.000000	161	49	0.868	0.552
6210.000000	161	49	0.868	0.551
6216.000000	161	49	0.871	0.550
6222.000000	161	49	0.876	0.545
6228.000000	161	49	0.882	0.538
6234.000000	161	49	0.889	0.538
6240.000000	161	49	0.892	0.534
6246.000000	161	49	0.897	0.531
6252.000000	161	49	0.901	0.527
6258.000000	161	49	0.905	0.512
6264.000000	161	49	0.909	0.496
6270.000000	161	49	0.910	0.482
6276.000000	161	49	0.913	0.470
6282.000000	161	49	0.915	0.448
6288.000000	161	49	0.915	0.432
6294.000000	161	49	0.916	0.410
6300.000000	161	49	0.917	0.379
6306.000000	161	49	0.921	0.340
6312.000000	161	49	0.924	0.289
6318.000000	161	123	0.931	0.244
6324.000000	161	123	0.932	0.254
6330.000000	161	151	0.932	0.265
6336.000000	161	151	0.932	0.284
6342.000000	161	151	0.933	0.297
6348.000000	161	151	0.932	0.314
6354.000000	161	151	0.930	0.338
6360.000000	161	151	0.926	0.366
6366.000000	161	151	0.923	0.402
6372.000000	161	151	0.919	0.424
6378.000000	161	151	0.913	0.441
6384.000000	161	151	0.900	0.460
6390.000000	161	151	0.894	0.474
6396.000000	161	151	0.888	0.491
6402.000000	161	151	0.883	0.505
6408.000000	161	151	0.878	0.521
6414.000000	161	151	0.868	0.535
6420.000000	161	151	0.847	0.551
6426.000000	161	151	0.823	0.563
6432.000000	161	151	0.804	0.575
6438.000000	161	151	0.775	0.598
6444.000000	161	151	0.736	0.616
6450.000000	161	123	0.669	0.637
6456.000000	123	151	0.672	0.638
6462.000000	123	151	0.695	0.664
6468.000000	123	151	0.734	0.687
6474.000000	123	151	0.778	0.717
6480.000000	123	151	0.803	0.740
6486.000000	123	151	0.811	0.757
6492.000000	123	151	0.816	0.773
6498.000000	123	151	0.820	0.790
6504.000000	123	151	0.820	0.792
6510.000000	123	151	0.821	0.792
6516.000000	123	151	0.822	0.794
6522.000000	123	151	0.822	0.797
6528.000000	123	151	0.824	0.799
6534.000000	123	151	0.821	0.802
6540.000000	123	151	0.816	0.804
6546.000000	123	151	0.812	0.806
6552.000000	123	151	0.812	0.808
6558.000000	123	151	0.813	0.805
6564.000000	123	151	0.812	0.804
6570.000000	123	151	0.811	0.802
6576.000000	123	151	0.809	0.800
6582.000000	123	151	0.808	0.799
6588.000000	123	151	0.805	0.799
6594.000000	123	151	0.803	0.800
6600.000000	151	123	0.802	0.799
6606.000000	151	123	0.802	0.798
6612.000000	151	123	0.804	0.794
6618.000000	151	123	0.810	0.787
6624.000000	151	123	0.814	0.782
6630.000000	151	123	0.815	0.780
6636.000000	151	123	0.815	0.779
6642.000000	151	123	0.818	0.776
6648.000000	151	123	0.822	0.771
6654.000000	151	123	0.831	0.758
6660.000000	151	123	0.833	0.749
6666.000000	151	123	0.832	0.741
6672.000000	151	123	0.831	0.737
6678.000000	151	123	0.827	0.729
6684.000000	151	123	0.824	0.718
6690.000000	151	123	0.823	0.707
6696.000000	151	123	0.822	0.691
6702.000000	151	123	0.821	0.673
6708.000000	151	123	0.818	0.654
6714.000000	151	123	0.825	0.624
6720.000000	151	123	0.830	0.589
6726.000000	151	123	0.825	0.546
6732.000000	151	123	0.819	0.485
6738.000000	151	123	0.817	0.406
6744.000000	151	123	0.824	0.306
6750.000000	151	123	0.848	0.177
6756.000000	151	175	0.865	0.161
6762.000000	151	175	0.875	0.160
6768.000000	151	76	0.882	0.175
6774.000000	151	76	0.882	0.196
6780.000000	151	76	0.884	0.218
6786.000000	151	76	0.886	0.244
6792.000000	151	76	0.887	0.276
6798.000000	151	76	0.884	0.303
6804.000000	151	76	0.880	0.335
6810.000000	151	76	0.878	0.368
6816.000000	151	76	0.878	0.397
6822.000000	151	76	0.877	0.436
6828.000000	151	76	0.874	0.478
6834.000000	151	76	0.869	0.519
6840.000000	151	76	0.861	0.553
6846.000000	151	76	0.853	0.585
6852.000000	151	76	0.835	0.624
6858.000000	151	76	0.816	0.668
6864.000000	151	76	0.801	0.694
6870.000000	151	76	0.786	0.715
6876.000000	76	151	0.754	0.749
6882.000000	76	151	0.780	0.706
6888.000000	76	151	0.805	0.663
6894.000000	76	151	0.826	0.616
6900.000000	76	151	0.843	0.538
6906.000000	76	151	0.874	0.433
6912.000000	76	151	0.904	0.312
6918.000000	76	175	0.929	0.215
6924.000000	76	175	0.937	0.213
6930.000000	76	175	0.949	0.210
6936.000000	76	175	0.954	0.210
6942.000000	76	175	0.955	0.209
6948.000000	76	175	0.955	0.204
6954.000000	76	175	0.956	0.201
6960.000000	76	175	0.955	0.192
6966.000000	76	175	0.953	0.185
6972.000000	76	175	0.951	0.178
6978.000000	76	175	0.950	0.171
6984.000000	76	50	0.949	0.172
6990.000000	76	50	0.948	0.175
6996.000000	76	50	0.947	0.183
7002.000000	76	50	0.946	0.196
7008.000000	76	50	0.943	0.204
7014.000000	76	50	0.942	0.211
7020.000000	76	50	0.941	0.220
7026.000000	76	50	0.939	0.233
7032.000000	76	50	0.938	0.246
7038.000000	76	50	0.936	0.258
7044.000000	76	50	0.935	0.266
7050.000000	76	50	0.934	0.279
7056.000000	76	50	0.934	0.295
7062.000000	76	50	0.932	0.306
7068.000000	76	50	0.931	0.315
7074.000000	76	50	0.927	0.327
7080.000000	76	50	0.924	0.340
7086.000000	76	50	0.920	0.354
7092.000000	76	50	0.916	0.365
7098.000000	76	50	0.912	0.375
7104.000000	76	50	0.910	0.380
7110.000000	76	50	0.908	0.388
7116.000000	76	50	0.905	0.396
7122.000000	76	50	0.900	0.402
7128.000000	76	50	0.897	0.406
7134.000000	76	50	0.895	0.406
7140.000000	76	50	0.891	0.408
7146.000000	76	50	0.883	0.413
7152.000000	76	50	0.877	0.414
7158.000000	76	50	0.871	0.414
7164.000000	76	50	0.862	0.423
7170.000000	76	50	0.853	0.432
7176.000000	76	50	0.843	0.441
7182.000000	76	50	0.832	0.456
7188.000000	76	50	0.817	0.469
7194.000000	76	50	0.807	0.479
7200.000000	76	50	0.796	0.488
7206.000000	76	50	0.783	0.496
7212.000000	76	50	0.772	0.501
7218.000000	76	50	0.757	0.511
7224.000000	76	50	0.726	0.533
7230.000000	76	50	0.688	0.550
7236.000000	76	50	0.643	0.565
7242.000000	76	50	0.592	0.589
7248.000000	50	76	0.614	0.530
7254.000000	50	76	0.644	0.441
7260.000000	50	76	0.676	0.328
7266.000000	50	13	0.720	0.313
7272.000000	50	13	0.759	0.310
7278.000000	50	13	0.778	0.316
7284.000000	50	13	0.797	0.313
7290.000000	50	13	0.815	0.313
7296.000000	50	13	0.826	0.319
7302.000000	50	13	0.829	0.318
7308.000000	50	13	0.837	0.323
7314.000000	50	13	0.837	0.325
7320.000000	50	13	0.839	0.312
7326.000000	50	13	0.837	0.299
7332.000000	50	13	0.836	0.292
7338.000000	50	13	0.839	0.288
7344.000000	50	13	0.839	0.287
7350.000000	50	13	0.840	0.285
7356.000000	50	13	0.842	0.284
7362.000000	50	13	0.845	0.281
7368.000000	50	13	0.850	0.273
7374.000000	50	13	0.852	0.267
7380.000000	50	13	0.854	0.264
7386.000000	50	8	0.855	0.266
7392.000000	50	8	0.857	0.277
7398.000000	50	8	0.858	0.290
7404.000000	50	8	0.859	0.307
7410.000000	50	8	0.859	0.329
7416.000000	50	8	0.862	0.356
7422.000000	50	8	0.866	0.376
7428.000000	50	8	0.866	0.396
7434.000000	50	8	0.866	0.423
7440.000000	50	8	0.866	0.447
7446.000000	50	8	0.866	0.469
7452.000000	50	8	0.863	0.493
7458.000000	50	8	0.861	0.518
7464.000000	50	8	0.860	0.542
7470.000000	50	8	0.856	0.575
7476.000000	50	8	0.858	0.599
7482.000000	50	8	0.859	0.619
7488.000000	50	8	0.858	0.633
7494.000000	50	8	0.854	0.653
7500.000000	50	8	0.849	0.675
7506.000000	50	8	0.837	0.689
7512.000000	50	8	0.826	0.702
7518.000000	50	8	0.815	0.716
7524.000000	50	8	0.802	0.732
7530.000000	50	8	0.789	0.748
7536.000000	50	8	0.776	0.765
7542.000000	8	50	0.781	0.762
7548.000000	8	50	0.792	0.742
7554.000000	8	50	0.805	0.720
7560.000000	8	50	0.826	0.684
7566.000000	8	50	0.849	0.633
7572.000000	8	50	0.875	0.566
7578.000000	8	50	0.893	0.474
7584.000000	8	50	0.919	0.331
7590.000000	8	50	0.936	0.177
7596.000000	8	54	0.949	0.139
7602.000000	8	54	0.955	0.144
7608.000000	8	54	0.956	0.149
7614.000000	8	54	0.959	0.164
7620.000000	8	54	0.958	0.174
7626.000000	8	54	0.958	0.184
7632.000000	8	54	0.959	0.194
7638.000000	8	54	0.959	0.205
7644.000000	8	54	0.957	0.215
7650.000000	8	54	0.956	0.225
7656.000000	8	54	0.954	0.238
7662.000000	8	54	0.952	0.254
7668.000000	8	54	0.950	0.270
7674.000000	8	54	0.948	0.283
7680.000000	8	54	0.945	0.299
7686.000000	8	54	0.943	0.319
7692.000000	8	54	0.941	0.341
7698.000000	8	54	0.939	0.363
7704.000000	8	54	0.936	0.388
7710.000000	8	54	0.931	0.419
7716.000000	8	54	0.928	0.451
7722.000000	8	54	0.924	0.483
7728.000000	8	54	0.917	0.515
7734.000000	8	54	0.913	0.531
7740.000000	8	54	0.907	0.543
7746.000000	8	54	0.903	0.552
7752.000000	8	54	0.898	0.559
7758.000000	8	54	0.893	0.569
7764.000000	8	54	0.891	0.581
7770.000000	8	54	0.886	0.591
7776.000000	8	54	0.878	0.609
7782.000000	8	54	0.875	0.622
7788.000000	8	54	0.867	0.639
7794.000000	8	54	0.858	0.659
7800.000000	8	54	0.844	0.676
7806.000000	8	54	0.827	0.695
7812.000000	8	54	0.814	0.709
7818.000000	8	54	0.794	0.723
7824.000000	8	54	0.778	0.734
7830.000000	8	54	0.763	0.747
7836.000000	54	8	0.764	0.735
7842.000000	54	8	0.785	0.697
7848.000000	54	8	0.810	0.650
7854.000000	54	8	0.832	0.597
7860.000000	54	8	0.860	0.502
7866.000000	54	55	0.893	0.469
7872.000000	54	55	0.913	0.496
7878.000000	54	55	0.926	0.525
7884.000000	54	55	0.929	0.559
7890.000000	54	55	0.932	0.589
7896.000000	54	55	0.937	0.615
7902.000000	54	55	0.938	0.631
7908.000000	54	55	0.939	0.639
7914.000000	54	55	0.937	0.645
7920.000000	54	55	0.937	0.648
7926.000000	54	55	0.932	0.654
7932.000000	54	55	0.930	0.655
7938.000000	54	55	0.926	0.658
7944.000000	54	55	0.913	0.668
7950.000000	54	55	0.910	0.667
7956.000000	54	55	0.906	0.670
7962.000000	54	55	0.899	0.677
7968.000000	54	55	0.893	0.683
7974.000000	54	55	0.892	0.684
7980.000000	54	55	0.891	0.686
7986.000000	54	55	0.890	0.685
7992.000000	54	55	0.889	0.685
7998.000000	54	55	0.888	0.680
8004.000000	54	55	0.886	0.674
8010.000000	54	55	0.884	0.671
8016.000000	54	55	0.880	0.671
8022.000000	54	55	0.879	0.667
8028.000000	54	55	0.878	0.662
8034.000000	54	55	0.875	0.657
8040.000000	54	55	0.867	0.655
8046.000000	54	55	0.864	0.651
8052.000000	54	55	0.859	0.643
8058.000000	54	55	0.857	0.629
8064.000000	54	55	0.854	0.614
8070.000000	54	55	0.850	0.594
8076.000000	54	55	0.848	0.570
8082.000000	54	55	0.845	0.541
8088.000000	54	55	0.842	0.511
8094.000000	54	55	0.839	0.477
8100.000000	54	55	0.834	0.435
8106.000000	54	55	0.832	0.371
8112.000000	54	55	0.832	0.290
8118.000000	54	55	0.832	0.216
8124.000000	54	55	0.832	0.144
8130.000000	54	153	0.831	0.116
8136.000000	54	153	0.828	0.126
8142.000000	54	153	0.827	0.136
8148.000000	54	153	0.834	0.144
8154.000000	54	153	0.839	0.154
8160.000000	54	153	0.831	0.160
8166.000000	54	153	0.820	0.167
8172.000000	54	153	0.806	0.177
8178.000000	54	153	0.797	0.184
8184.000000	54	153	0.792	0.199
8190.000000	54	153	0.783	0.213
8196.000000	54	153	0.769	0.225
8202.000000	54	153	0.750	0.238
8208.000000	54	153	0.727	0.255
8214.000000	54	153	0.694	0.277
8220.000000	54	153	0.657	0.299
8226.000000	54	153	0.607	0.323
8232.000000	54	153	0.552	0.343
8238.000000	54	153	0.480	0.366
8244.000000	153	54	0.387	0.375
8250.000000	153	118	0.414	0.287
8256.000000	153	118	0.447	0.302
8262.000000	153	118	0.483	0.310
8268.000000	153	118	0.510	0.321
8274.000000	153	118	0.527	0.325
8280.000000	153	118	0.555	0.333
8286.000000	153	118	0.581	0.348
8292.000000	153	63	0.595	0.370
8298.000000	153	63	0.608	0.397
8304.000000	153	63	0.618	0.408
8310.000000	153	63	0.632	0.412
8316.000000	153	63	0.639	0.419
8322.000000	153	63	0.644	0.426
8328.000000	153	63	0.649	0.437
8334.000000	153	63	0.661	0.443
8340.000000	153	63	0.672	0.453
8346.000000	153	63	0.679	0.460
8352.000000	153	63	0.684	0.472
8358.000000	153	63	0.695	0.482
8364.000000	153	63	0.703	0.489
8370.000000	153	63	0.715	0.495
8376.000000	153	63	0.730	0.501
8382.000000	153	63	0.742	0.514
8388.000000	153	63	0.751	0.527
8394.000000	153	63	0.760	0.535
8400.000000	153	63	0.770	0.550
8406.000000	153	63	0.776	0.557
8412.000000	153	63	0.780	0.564
8418.000000	153	63	0.783	0.578
8424.000000	153	63	0.789	0.590
8430.000000	153	63	0.801	0.590
8436.000000	153	63	0.808	0.595
8442.000000	153	63	0.811	0.602
8448.000000	153	63	0.816	0.606
8454.000000	153	63	0.823	0.619
8460.000000	153	63	0.826	0.638
8466.000000	153	63	0.826	0.658
8472.000000	153	63	0.821	0.683
8478.000000	153	63	0.817	0.703
8484.000000	153	63	0.817	0.718
8490.000000	153	63	0.816	0.730
8496.000000	153	63	0.815	0.740
8502.000000	153	63	0.814	0.745
8508.000000	153	63	0.814	0.750
8514.000000	153	63	0.814	0.759
8520.000000	153	63	0.809	0.771
8526.000000	153	63	0.799	0.787
8532.000000	153	63	0.793	0.792
8538.000000	63	153	0.797	0.787
8544.000000	63	153	0.798	0.780
8550.000000	63	153	0.799	0.774
8556.000000	63	153	0.806	0.766
8562.000000	63	153	0.810	0.763
8568.000000	63	153	0.815	0.759
8574.000000	63	153	0.817	0.753
8580.000000	63	153	0.817	0.742
8586.000000	63	153	0.817	0.730
8592.000000	63	153	0.819	0.713
8598.000000	63	153	0.825	0.694
8604.000000	63	153	0.836	0.669
8610.000000	63	153	0.857	0.636
8616.000000	63	153	0.869	0.603
8622.000000	63	153	0.876	0.566
8628.000000	63	153	0.886	0.506
8634.000000	63	153	0.900	0.422
8640.000000	63	153	0.911	0.322
8646.000000	63	153	0.921	0.191
8652.000000	63	167	0.927	0.148
8658.000000	63	167	0.932	0.141
8664.000000	63	167	0.938	0.137
8670.000000	63	167	0.940	0.131
8676.000000	63	167	0.943	0.128
8682.000000	63	167	0.948	0.126
8688.000000	63	167	0.947	0.125
8694.000000	63	167	0.946	0.124
8700.000000	63	167	0.945	0.121
8706.000000	63	167	0.943	0.119
8712.000000	63	167	0.941	0.117
8718.000000	63	167	0.939	0.114
8724.000000	63	167	0.937	0.110
8730.000000	63	167	0.935	0.109
8736.000000	63	167	0.935	0.108
8742.000000	63	167	0.934	0.103
8748.000000	63	186	0.933	0.101
8754.000000	63	0	0.932	0.103
8760.000000	63	186	0.930	0.105
8766.000000	63	186	0.930	0.107
8772.000000	63	57	0.929	0.112
8778.000000	63	57	0.931	0.122
8784.000000	63	57	0.930	0.135
8790.000000	63	57	0.929	0.145
8796.000000	63	57	0.927	0.155
8802.000000	63	57	0.926	0.164
8808.000000	63	57	0.925	0.172
8814.000000	63	57	0.923	0.181
8820.000000	63	57	0.917	0.187
8826.000000	63	57	0.913	0.195
8832.000000	63	57	0.909	0.202
8838.000000	63	57	0.904	0.210
8844.000000	63	57	0.900	0.222
8850.000000	63	57	0.896	0.231
8856.000000	63	57	0.892	0.241
8862.000000	63	57	0.887	0.250
8868.000000	63	57	0.880	0.257
8874.000000	63	57	0.870	0.262
8880.000000	63	57	0.854	0.270
8886.000000	63	57	0.839	0.279
8892.000000	63	57	0.825	0.278
8898.000000	63	57	0.813	0.277
8904.000000	63	57	0.802	0.280
8910.000000	63	57	0.789	0.283
8916.000000	63	57	0.771	0.286
8922.000000	63	57	0.743	0.292
8928.000000	63	57	0.706	0.299
8934.000000	63	57	0.669	0.313
8940.000000	63	57	0.625	0.323
8946.000000	63	57	0.573	0.333
8952.000000	63	57	0.504	0.348
8958.000000	63	57	0.425	0.361
8964.000000	57	170	0.374	0.330
8970.000000	57	170	0.394	0.344
8976.000000	57	170	0.417	0.370
8982.000000	57	170	0.443	0.406
8988.000000	57	170	0.482	0.445
8994.000000	57	170	0.505	0.496
9000.000000	170	57	0.543	0.516
9006.000000	170	57	0.574	0.532
9012.000000	170	57	0.604	0.553
9018.000000	170	57	0.624	0.572
9024.000000	170	57	0.638	0.590
9030.000000	170	57	0.654	0.603
9036.000000	170	57	0.664	0.612
9042.000000	170	57	0.677	0.615
9048.000000	170	57	0.690	0.615
9054.000000	170	57	0.695	0.615
9060.000000	170	57	0.698	0.617
9066.000000	170	57	0.703	0.619
9072.000000	170	57	0.707	0.622
9078.000000	170	57	0.711	0.632
9084.000000	170	57	0.715	0.633
9090.000000	170	57	0.727	0.632
9096.000000	170	57	0.734	0.629
9102.000000	170	57	0.738	0.625
9108.000000	170	57	0.740	0.620
9114.000000	170	57	0.745	0.618
9120.000000	170	57	0.747	0.622
9126.000000	170	57	0.747	0.624
9132.000000	170	57	0.744	0.625
9138.000000	170	57	0.740	0.627
9144.000000	170	57	0.733	0.627
9150.000000	170	57	0.731	0.624
9156.000000	170	57	0.726	0.622
9162.000000	170	57	0.721	0.622
9168.000000	170	57	0.712	0.623
9174.000000	170	57	0.705	0.623
9180.000000	170	57	0.700	0.614
9186.000000	170	57	0.700	0.602
9192.000000	170	39	0.698	0.592
9198.000000	170	39	0.694	0.594
9204.000000	170	39	0.689	0.597
9210.000000	170	39	0.683	0.603
9216.000000	170	39	0.681	0.610
9222.000000	170	39	0.681	0.623
9228.000000	170	39	0.683	0.633
9234.000000	170	39	0.685	0.656
9240.000000	170	39	0.689	0.669
9246.000000	39	170	0.687	0.686
9252.000000	39	170	0.700	0.681
9258.000000	39	170	0.713	0.674
9264.000000	39	170	0.732	0.663
9270.000000	39	170	0.757	0.652
9276.000000	39	170	0.774	0.637
9282.000000	39	170	0.787	0.615
9288.000000	39	170	0.807	0.585
9294.000000	39	170	0.828	0.555
9300.000000	39	170	0.839	0.526
9306.000000	39	170	0.852	0.486
9312.000000	39	170	0.869	0.433
9318.000000	39	170	0.880	0.362
9324.000000	39	170	0.894	0.279
9330.000000	39	170	0.909	0.203
9336.000000	39	66	0.917	0.141
9342.000000	39	66	0.926	0.145
9348.000000	39	66	0.929	0.151
9354.000000	39	66	0.933	0.159
9360.000000	39	66	0.934	0.167
9366.000000	39	66	0.934	0.176
9372.000000	39	66	0.935	0.187
9378.000000	39	66	0.939	0.199
9384.000000	39	66	0.941	0.211
9390.000000	39	66	0.946	0.221
9396.000000	39	66	0.947	0.227
9402.000000	39	66	0.946	0.230
9408.000000	39	66	0.945	0.233
9414.000000	39	66	0.944	0.240
9420.000000	39	66	0.942	0.244
9426.000000	39	66	0.941	0.247
9432.000000	39	66	0.940	0.249
9438.000000	39	66	0.938	0.254
9444.000000	39	66	0.936	0.259
9450.000000	39	66	0.934	0.268
9456.000000	39	66	0.929	0.277
9462.000000	39	66	0.927	0.281
9468.000000	39	66	0.925	0.285
9474.000000	39	66	0.921	0.295
9480.000000	39	66	0.917	0.304
9486.000000	39	66	0.914	0.305
9492.000000	39	66	0.912	0.312
9498.000000	39	66	0.909	0.316
9504.000000	39	66	0.903	0.319
9510.000000	39	66	0.894	0.326
9516.000000	39	66	0.890	0.336
9522.000000	39	66	0.883	0.353
9528.000000	39	66	0.874	0.357
9534.000000	39	66	0.866	0.361
9540.000000	39	66	0.856	0.368
9546.000000	39	66	0.844	0.375
9552.000000	39	66	0.829	0.385
9558.000000	39	66	0.813	0.391
9564.000000	39	66	0.791	0.396
9570.000000	39	66	0.772	0.395
9576.000000	39	66	0.751	0.393
9582.000000	39	66	0.721	0.393
9588.000000	39	66	0.681	0.388
9594.000000	39	66	0.648	0.393
9600.000000	39	66	0.612	0.392
9606.000000	39	66	0.563	0.408
9612.000000	39	66	0.496	0.419
9618.000000	66	139	0.433	0.427
9624.000000	139	66	0.469	0.443
9630.000000	139	66	0.507	0.457
9636.000000	139	120	0.533	0.489
9642.000000	139	120	0.554	0.521
9648.000000	139	120	0.574	0.552
9654.000000	139	120	0.591	0.574
9660.000000	139	120	0.599	0.590
9666.000000	139	120	0.613	0.603
9672.000000	139	120	0.625	0.609
9678.000000	139	120	0.629	0.617
9684.000000	139	120	0.631	0.624
9690.000000	139	120	0.635	0.628
9696.000000	139	120	0.640	0.630
9702.000000	139	120	0.644	0.641
9708.000000	139	120	0.648	0.646
9714.000000	139	120	0.657	0.649
9720.000000	139	120	0.664	0.652
9726.000000	139	120	0.669	0.662
9732.000000	139	120	0.676	0.671
9738.000000	139	120	0.685	0.678
9744.000000	139	120	0.695	0.687
9750.000000	120	139	0.704	0.700
9756.000000	120	139	0.728	0.704
9762.000000	120	139	0.743	0.714
9768.000000	120	139	0.755	0.721
9774.000000	120	139	0.770	0.721
9780.000000	120	139	0.787	0.724
9786.000000	120	139	0.798	0.732
9792.000000	120	139	0.814	0.732
9798.000000	120	139	0.823	0.732
9804.000000	120	139	0.834	0.731
9810.000000	120	139	0.834	0.736
9816.000000	120	139	0.839	0.738
9822.000000	120	139	0.844	0.742
9828.000000	120	139	0.841	0.750
9834.000000	120	139	0.841	0.752
9840.000000	120	139	0.840	0.755
9846.000000	120	139	0.835	0.763
9852.000000	120	139	0.839	0.765
9858.000000	120	139	0.840	0.764
9864.000000	120	139	0.839	0.763
9870.000000	120	139	0.840	0.771
9876.000000	120	139	0.848	0.772
9882.000000	120	139	0.850	0.777
9888.000000	120	139	0.852	0.780
9894.000000	120	139	0.852	0.781
9900.000000	120	139	0.852	0.781
9906.000000	120	139	0.852	0.779
9912.000000	120	139	0.851	0.779
9918.000000	120	139	0.854	0.777
9924.000000	120	139	0.853	0.781
9930.000000	120	139	0.851	0.783
9936.000000	120	139	0.850	0.783
9942.000000	120	139	0.847	0.783
9948.000000	120	139	0.846	0.782
9954.000000	120	139	0.844	0.780
9960.000000	120	139	0.839	0.782
9966.000000	120	139	0.835	0.782
9972.000000	120	139	0.830	0.780
9978.000000	120	139	0.825	0.775
9984.000000	120	139	0.821	0.769
9990.000000	120	139	0.819	0.765
9996.000000	120	139	0.818	0.759
10002.000000	120	139	0.813	0.753
10008.000000	120	139	0.808	0.748
10014.000000	120	139	0.796	0.746
10020.000000	120	139	0.787	0.738
10026.000000	120	139	0.778	0.727
10032.000000	120	139	0.770	0.714
10038.000000	120	139	0.759	0.695
10044.000000	120	139	0.742	0.670
10050.000000	120	139	0.721	0.638
10056.000000	120	139	0.701	0.595
10062.000000	120	139	0.681	0.541
10068.000000	120	139	0.654	0.464
10074.000000	120	139	0.627	0.366
10080.000000	120	139	0.598	0.239
10086.000000	120	139	0.544	0.119
10092.000000	120	162	0.451	0.115
10098.000000	120	162	0.325	0.122
10104.000000	120	162	0.166	0.121
10110.000000	162	120	0.120	0.072
10116.000000	162	58	0.118	0.050
10122.000000	162	58	0.125	0.048
10128.000000	162	58	0.133	0.048
10134.000000	162	58	0.140	0.048
10140.000000	162	58	0.149	0.049
10146.000000	162	58	0.167	0.049
10152.000000	162	58	0.193	0.050
10158.000000	162	80	0.227	0.053
10164.000000	162	80	0.266	0.059
10170.000000	162	80	0.338	0.062
10176.000000	162	80	0.484	0.064
10182.000000	162	80	0.670	0.060
10188.000000	162	80	0.789	0.061
10194.000000	162	80	0.842	0.065
10200.000000	162	80	0.879	0.067
10206.000000	162	80	0.910	0.067
10212.000000	162	80	0.926	0.066
10218.000000	162	28	0.933	0.068
10224.000000	162	28	0.942	0.073
10230.000000	162	28	0.949	0.079
10236.000000	162	28	0.956	0.089
10242.000000	162	28	0.957	0.099
10248.000000	162	28	0.961	0.105
10254.000000	162	28	0.964	0.111
10260.000000	162	28	0.963	0.119
10266.000000	162	28	0.964	0.127
10272.000000	162	164	0.963	0.140
10278.000000	162	164	0.961	0.156
10284.000000	162	164	0.959	0.176
10290.000000	162	164	0.958	0.194
10296.000000	162	164	0.956	0.210
10302.000000	162	164	0.954	0.231
10308.000000	162	164	0.952	0.257
10314.000000	162	164	0.950	0.285
10320.000000	162	164	0.949	0.305
10326.000000	162	164	0.947	0.329
10332.000000	162	164	0.946	0.363
10338.000000	162	164	0.945	0.395
10344.000000	162	164	0.945	0.421
10350.000000	162	164	0.944	0.460
10356.000000	162	164	0.942	0.505
10362.000000	162	164	0.940	0.538
10368.000000	162	164	0.937	0.567
10374.000000	162	164	0.935	0.589
10380.000000	162	164	0.933	0.607
10386.000000	162	164	0.929	0.631
10392.000000	162	164	0.927	0.647
10398.000000	162	164	0.926	0.666
10404.000000	162	164	0.924	0.677
10410.000000	162	164	0.922	0.692
10416.000000	162	164	0.915	0.704
10422.000000	162	164	0.914	0.707
10428.000000	162	164	0.912	0.712
10434.000000	162	164	0.906	0.717
10440.000000	162	164	0.898	0.722
10446.000000	162	164	0.891	0.731
10452.000000	162	164	0.887	0.741
10458.000000	162	164	0.876	0.754
10464.000000	162	164	0.869	0.767
10470.000000	162	164	0.857	0.787
10476.000000	162	164	0.845	0.797
10482.000000	162	164	0.830	0.809
10488.000000	164	162	0.818	0.818
10494.000000	164	162	0.828	0.802
10500.000000	164	162	0.834	0.789
10506.000000	164	162	0.841	0.774
10512.000000	164	162	0.853	0.752
10518.000000	164	162	0.862	0.722
10524.000000	164	162	0.876	0.688
10530.000000	164	162	0.893	0.639
10536.000000	164	162	0.909	0.582
10542.000000	164	162	0.929	0.494
10548.000000	164	162	0.941	0.388
10554.000000	164	162	0.953	0.249
10560.000000	164	193	0.965	0.178
10566.000000	164	193	0.968	0.190
10572.000000	164	193	0.968	0.198
10578.000000	164	193	0.966	0.210
10584.000000	164	193	0.964	0.226
10590.000000	164	193	0.962	0.249
10596.000000	164	193	0.960	0.272
10602.000000	164	193	0.957	0.290
10608.000000	164	193	0.955	0.306
10614.000000	164	193	0.952	0.330
10620.000000	164	193	0.949	0.360
10626.000000	164	193	0.943	0.390
10632.000000	164	193	0.937	0.412
10638.000000	164	193	0.932	0.431
10644.000000	164	193	0.927	0.448
10650.000000	164	193	0.922	0.469
10656.000000	164	193	0.916	0.488
10662.000000	164	193	0.911	0.501
10668.000000	164	193	0.907	0.512
10674.000000	164	193	0.900	0.526
10680.000000	164	193	0.894	0.541
10686.000000	164	193	0.882	0.556
10692.000000	164	193	0.871	0.566
10698.000000	164	193	0.862	0.575
10704.000000	164	193	0.851	0.582
10710.000000	164	193	0.840	0.588
10716.000000	164	193	0.832	0.592
10722.000000	164	193	0.822	0.596
10728.000000	164	193	0.810	0.601
10734.000000	164	193	0.800	0.607
10740.000000	164	193	0.786	0.614
10746.000000	164	193	0.775	0.627
10752.000000	164	193	0.757	0.643
10758.000000	164	193	0.733	0.652
10764.000000	164	193	0.704	0.667
10770.000000	193	164	0.679	0.679
10776.000000	193	164	0.698	0.644
10782.000000	193	164	0.710	0.595
10788.000000	193	164	0.728	0.526
10794.000000	193	164	0.753	0.453
10800.000000	193	164	0.781	0.361
10806.000000	193	164	0.818	0.237
10812.000000	193	95	0.858	0.133
10818.000000	193	95	0.892	0.131
10824.000000	193	95	0.910	0.134
10830.000000	193	79	0.917	0.136
10836.000000	193	95	0.928	0.137
10842.000000	193	95	0.931	0.142
10848.000000	193	95	0.930	0.146
10854.000000	193	95	0.928	0.156
10860.000000	193	95	0.926	0.163
10866.000000	193	95	0.922	0.166
10872.000000	193	95	0.915	0.169
10878.000000	193	95	0.912	0.175
10884.000000	193	95	0.911	0.178
10890.000000	193	95	0.911	0.178
10896.000000	193	95	0.910	0.183
10902.000000	193	95	0.910	0.189
10908.000000	193	95	0.909	0.192
10914.000000	193	95	0.907	0.194
10920.000000	193	95	0.907	0.198
10926.000000	193	95	0.906	0.200
10932.000000	193	95	0.905	0.200
10938.000000	193	95	0.903	0.200
10944.000000	193	95	0.899	0.201
10950.000000	193	95	0.894	0.201
10956.000000	193	95	0.888	0.200
10962.000000	193	95	0.884	0.199
10968.000000	193	94	0.882	0.200
10974.000000	193	94	0.880	0.204
10980.000000	193	94	0.877	0.210
10986.000000	193	94	0.873	0.215
10992.000000	193	94	0.871	0.215
10998.000000	193	94	0.873	0.216
11004.000000	193	94	0.871	0.215
11010.000000	193	94	0.866	0.221
11016.000000	193	94	0.862	0.226
11022.000000	193	94	0.860	0.224
11028.000000	193	94	0.862	0.218
11034.000000	193	94	0.861	0.221
11040.000000	193	94	0.860	0.227
11046.000000	193	94	0.857	0.232
11052.000000	193	94	0.854	0.231
11058.000000	193	94	0.850	0.230
11064.000000	193	94	0.849	0.232
11070.000000	193	94	0.847	0.236
11076.000000	193	94	0.845	0.241
11082.000000	193	94	0.841	0.246
11088.000000	193	94	0.835	0.249
11094.000000	193	94	0.827	0.251
11100.000000	193	94	0.823	0.252
11106.000000	193	170	0.815	0.258
11112.000000	193	170	0.799	0.265
11118.000000	193	170	0.776	0.280
11124.000000	193	170	0.749	0.303
11130.000000	193	170	0.708	0.323
11136.000000	193	170	0.663	0.341
11142.000000	193	170	0.606	0.367
11148.000000	193	170	0.523	0.397
11154.000000	170	193	0.433	0.418
11160.000000	170	193	0.485	0.266
11166.000000	170	94	0.535	0.267
11172.000000	170	140	0.576	0.295
11178.000000	170	140	0.620	0.320
11184.000000	170	140	0.654	0.344
11190.000000	170	140	0.673	0.364
11196.000000	170	140	0.690	0.385
11202.000000	170	140	0.698	0.407
11208.000000	170	140	0.708	0.429
11214.000000	170	140	0.720	0.430
11220.000000	170	140	0.732	0.436
11226.000000	170	140	0.740	0.441
11232.000000	170	140	0.748	0.448
11238.000000	170	140	0.757	0.453
11244.000000	170	140	0.763	0.458
11250.000000	170	140	0.773	0.464
11256.000000	170	140	0.781	0.473
11262.000000	170	140	0.793	0.480
11268.000000	170	140	0.804	0.485
11274.000000	170	140	0.812	0.489
11280.000000	170	140	0.817	0.492
11286.000000	170	140	0.820	0.499
11292.000000	170	140	0.826	0.506
11298.000000	170	140	0.832	0.515
11304.000000	170	140	0.839	0.534
11310.000000	170	140	0.843	0.540
11316.000000	170	140	0.846	0.549
11322.000000	170	140	0.850	0.560
11328.000000	170	140	0.856	0.570
11334.000000	170	140	0.864	0.580
11340.000000	170	140	0.867	0.599
11346.000000	170	140	0.868	0.610
11352.000000	170	140	0.869	0.613
11358.000000	170	140	0.871	0.617
11364.000000	170	140	0.870	0.621
11370.000000	170	140	0.869	0.630
11376.000000	170	140	0.869	0.640
11382.000000	170	140	0.870	0.646
11388.000000	170	140	0.871	0.655
11394.000000	170	140	0.871	0.661
11400.000000	170	140	0.863	0.673
11406.000000	170	140	0.860	0.685
11412.000000	170	140	0.862	0.690
11418.000000	170	140	0.863	0.695
11424.000000	170	140	0.865	0.704
11430.000000	170	140	0.863	0.705
11436.000000	170	140	0.860	0.706
11442.000000	170	140	0.855	0.709
11448.000000	170	140	0.850	0.713
11454.000000	170	140	0.850	0.713
11460.000000	170	140	0.847	0.720
11466.000000	170	140	0.833	0.733
11472.000000	170	140	0.818	0.746
11478.000000	170	140	0.809	0.751
11484.000000	170	140	0.793	0.756
11490.000000	170	140	0.782	0.760
11496.000000	170	140	0.770	0.766
11502.000000	140	170	0.775	0.752
11508.000000	140	170	0.790	0.731
11514.000000	140	170	0.802	0.708
11520.000000	140	170	0.821	0.669
11526.000000	140	170	0.840	0.618
11532.000000	140	170	0.846	0.564
11538.000000	140	170	0.854	0.490
11544.000000	140	170	0.871	0.378
11550.000000	140	170	0.899	0.225
11556.000000	140	156	0.927	0.085
11562.000000	140	156	0.937	0.089
11568.000000	140	156	0.946	0.097
11574.000000	140	156	0.955	0.107
11580.000000	140	156	0.959	0.118
11586.000000	140	156	0.961	0.128
11592.000000	140	156	0.963	0.134
11598.000000	140	156	0.962	0.140
11604.000000	140	156	0.961	0.146
11610.000000	140	156	0.960	0.154
11616.000000	140	156	0.958	0.163
11622.000000	140	156	0.957	0.176
11628.000000	140	156	0.956	0.188
11634.000000	140	156	0.954	0.205
11640.000000	140	156	0.952	0.222
11646.000000	140	156	0.950	0.239
11652.000000	140	156	0.948	0.257
11658.000000	140	156	0.946	0.273
11664.000000	140	156	0.944	0.292
11670.000000	140	156	0.941	0.307
11676.000000	140	156	0.938	0.322
11682.000000	140	156	0.934	0.341
11688.000000	140	156	0.930	0.368
11694.000000	140	156	0.925	0.401
11700.000000	140	156	0.919	0.433
11706.000000	140	156	0.911	0.465
11712.000000	140	156	0.902	0.490
11718.000000	140	156	0.896	0.509
11724.000000	140	156	0.887	0.531
11730.000000	140	156	0.870	0.560
11736.000000	140	156	0.854	0.575
11742.000000	140	156	0.839	0.589
11748.000000	140	156	0.820	0.604
11754.000000	140	156	0.800	0.619
11760.000000	140	156	0.776	0.640
11766.000000	140	156	0.728	0.669
11772.000000	156	140	0.695	0.674
11778.000000	156	140	0.723	0.601
11784.000000	156	41	0.765	0.488
11790.000000	156	41	0.802	0.530
11796.000000	156	41	0.857	0.563
11802.000000	156	41	0.878	0.597
11808.000000	156	41	0.889	0.630
11814.000000	156	41	0.893	0.646
11820.000000	156	41	0.894	0.651
11826.000000	156	41	0.895	0.662
11832.000000	156	41	0.894	0.674
11838.000000	156	41	0.891	0.678
11844.000000	156	41	0.893	0.673
11850.000000	156	41	0.894	0.676
11856.000000	156	41	0.892	0.680
11862.000000	156	41	0.888	0.683
11868.000000	156	41	0.887	0.685
11874.000000	156	41	0.886	0.685
11880.000000	156	41	0.886	0.685
11886.000000	156	41	0.885	0.688
11892.000000	156	41	0.884	0.695
11898.000000	156	41	0.881	0.704
11904.000000	156	41	0.879	0.705
11910.000000	156	41	0.879	0.704
11916.000000	156	41	0.878	0.704
11922.000000	156	41	0.877	0.704
11928.000000	156	41	0.875	0.707
11934.000000	156	41	0.872	0.713
11940.000000	156	41	0.871	0.715
11946.000000	156	41	0.869	0.715
11952.000000	156	41	0.867	0.718
11958.000000	156	41	0.863	0.720
11964.000000	156	41	0.858	0.723
11970.000000	156	41	0.857	0.721
11976.000000	156	41	0.852	0.724
11982.000000	156	41	0.850	0.723
11988.000000	156	41	0.844	0.723
11994.000000	156	41	0.838	0.723
12000.000000	156	41	0.830	0.719
12006.000000	156	41	0.819	0.721
12012.000000	156	41	0.816	0.719
12018.000000	156	41	0.811	0.717
12024.000000	156	41	0.806	0.717
12030.000000	156	41	0.798	0.720
12036.000000	156	41	0.792	0.718
12042.000000	156	41	0.780	0.715
12048.000000	156	41	0.769	0.709
12054.000000	156	41	0.754	0.706
12060.000000	156	41	0.740	0.702
12066.000000	156	41	0.727	0.696
12072.000000	156	41	0.703	0.690
12078.000000	41	156	0.680	0.668
12084.000000	41	156	0.669	0.620
12090.000000	41	156	0.654	0.557
12096.000000	41	156	0.644	0.463
12102.000000	41	156	0.648	0.336
12108.000000	41	168	0.663	0.235
12114.000000	41	168	0.691	0.238
12120.000000	41	168	0.707	0.249
12126.000000	41	168	0.701	0.260
12132.000000	41	168	0.692	0.277
12138.000000	41	168	0.684	0.299
12144.000000	41	168	0.669	0.322
12150.000000	41	168	0.653	0.344
12156.000000	41	168	0.630	0.370
12162.000000	41	168	0.604	0.408
12168.000000	41	168	0.580	0.460
12174.000000	41	168	0.550	0.497
12180.000000	168	41	0.531	0.511
12186.000000	168	41	0.555	0.455
12192.000000	168	41	0.574	0.388
12198.000000	168	41	0.594	0.321
12204.000000	168	41	0.612	0.250
12210.000000	168	41	0.637	0.186
12216.000000	168	84	0.667	0.173
12222.000000	168	84	0.685	0.177
12228.000000	168	84	0.694	0.179
12234.000000	168	84	0.707	0.175
12240.000000	168	84	0.707	0.181
12246.000000	168	84	0.711	0.187
12252.000000	168	198	0.718	0.196
12258.000000	168	198	0.725	0.206
12264.000000	168	84	0.737	0.214
12270.000000	168	84	0.747	0.228
12276.000000	168	84	0.756	0.234
12282.000000	168	84	0.768	0.240
12288.000000	168	198	0.777	0.243
12294.000000	168	198	0.786	0.249
12300.000000	168	198	0.794	0.250
12306.000000	168	198	0.804	0.245
12312.000000	168	84	0.813	0.248
12318.000000	168	84	0.821	0.256
12324.000000	168	84	0.822	0.262
12330.000000	168	84	0.825	0.267
12336.000000	168	84	0.830	0.271
12342.000000	168	84	0.829	0.271
12348.000000	168	84	0.832	0.269
12354.000000	168	84	0.834	0.265
12360.000000	168	198	0.843	0.264
12366.000000	168	198	0.853	0.266
12372.000000	168	198	0.859	0.268
12378.000000	168	198	0.861	0.268
12384.000000	168	198	0.863	0.262
12390.000000	168	198	0.867	0.252
12396.000000	168	198	0.868	0.246
12402.000000	168	198	0.870	0.241
12408.000000	168	198	0.874	0.232
12414.000000	168	84	0.875	0.217
12420.000000	168	84	0.876	0.217
12426.000000	168	84	0.881	0.212
12432.000000	168	192	0.885	0.208
12438.000000	168	192	0.893	0.207
12444.000000	168	192	0.900	0.213
12450.000000	168	192	0.904	0.220
12456.000000	168	192	0.905	0.223
12462.000000	168	192	0.903	0.226
12468.000000	168	192	0.902	0.234
12474.000000	168	192	0.902	0.244
12480.000000	168	192	0.900	0.252
12486.000000	168	192	0.900	0.263
12492.000000	168	192	0.905	0.282
12498.000000	168	192	0.905	0.300
12504.000000	168	192	0.907	0.315
12510.000000	168	192	0.904	0.326
12516.000000	168	192	0.902	0.338
12522.000000	168	192	0.901	0.360
12528.000000	168	192	0.903	0.383
12534.000000	168	192	0.903	0.401
12540.000000	168	192	0.907	0.423
12546.000000	168	192	0.907	0.452
12552.000000	168	192	0.905	0.485
12558.000000	168	192	0.901	0.502
12564.000000	168	192	0.896	0.516
12570.000000	168	192	0.892	0.533
12576.000000	168	192	0.884	0.550
12582.000000	168	192	0.872	0.571
12588.000000	168	192	0.863	0.587
12594.000000	168	192	0.852	0.606
12600.000000	168	192	0.837	0.627
12606.000000	168	192	0.819	0.649
12612.000000	168	192	0.800	0.673
12618.000000	168	192	0.776	0.698
12624.000000	168	192	0.737	0.732
12630.000000	192	168	0.770	0.696
12636.000000	192	168	0.807	0.642
12642.000000	192	168	0.847	0.550
12648.000000	192	168	0.900	0.392
12654.000000	192	168	0.946	0.176
12660.000000	192	12	0.959	0.107
12666.000000	192	12	0.966	0.110
12672.000000	192	12	0.967	0.114
12678.000000	192	12	0.964	0.119
12684.000000	192	12	0.961	0.124
12690.000000	192	12	0.959	0.130
12696.000000	192	12	0.957	0.141
12702.000000	192	12	0.960	0.149
12708.000000	192	12	0.963	0.157
12714.000000	192	12	0.961	0.169
12720.000000	192	12	0.960	0.186
12726.000000	192	12	0.958	0.206
12732.000000	192	12	0.956	0.223
12738.000000	192	12	0.955	0.236
12744.000000	192	12	0.953	0.254
12750.000000	192	12	0.952	0.273
12756.000000	192	12	0.950	0.296
12762.000000	192	12	0.949	0.326
12768.000000	192	12	0.946	0.359
12774.000000	192	12	0.944	0.389
12780.000000	192	12	0.942	0.409
12786.000000	192	12	0.941	0.432
12792.000000	192	12	0.939	0.456
12798.000000	192	12	0.937	0.480
12804.000000	192	12	0.933	0.504
12810.000000	192	12	0.929	0.529
12816.000000	192	12	0.928	0.550
12822.000000	192	12	0.926	0.566
12828.000000	192	12	0.924	0.592
12834.000000	192	12	0.921	0.619
12840.000000	192	12	0.920	0.638
12846.000000	192	12	0.915	0.655
12852.000000	192	12	0.908	0.675
12858.000000	192	12	0.903	0.691
12864.000000	192	12	0.893	0.712
12870.000000	192	12	0.880	0.732
12876.000000	192	12	0.875	0.742
12882.000000	192	12	0.864	0.754
12888.000000	192	12	0.845	0.774
12894.000000	192	12	0.828	0.787
12900.000000	192	12	0.810	0.801
12906.000000	12	192	0.816	0.785
12912.000000	12	192	0.832	0.757
12918.000000	12	192	0.847	0.731
12924.000000	12	192	0.864	0.701
12930.000000	12	192	0.894	0.646
12936.000000	12	192	0.914	0.577
12942.000000	12	192	0.927	0.501
12948.000000	12	192	0.943	0.394
12954.000000	12	192	0.960	0.234
12960.000000	12	192	0.971	0.079
12966.000000	12	98	0.975	0.077
12972.000000	12	98	0.975	0.074
12978.000000	12	98	0.975	0.076
12984.000000	12	98	0.975	0.076
12990.000000	12	98	0.977	0.079
12996.000000	12	98	0.976	0.085
13002.000000	12	98	0.975	0.088
13008.000000	12	98	0.974	0.090
13014.000000	12	98	0.973	0.091
13020.000000	12	98	0.972	0.090
13026.000000	12	98	0.970	0.091
13032.000000	12	98	0.969	0.093
13038.000000	12	98	0.967	0.095
13044.000000	12	18	0.966	0.097
13050.000000	12	18	0.965	0.103
13056.000000	12	18	0.963	0.111
13062.000000	12	18	0.961	0.122
13068.000000	12	18	0.959	0.129
13074.000000	12	18	0.957	0.132
13080.000000	12	18	0.956	0.135
13086.000000	12	18	0.953	0.138
13092.000000	12	18	0.950	0.141
13098.000000	12	18	0.948	0.144
13104.000000	12	18	0.946	0.150
13110.000000	12	167	0.944	0.163
13116.000000	12	167	0.940	0.178
13122.000000	12	167	0.937	0.191
13128.000000	12	167	0.936	0.204
13134.000000	12	167	0.932	0.217
13140.000000	12	167	0.929	0.238
13146.000000	12	167	0.926	0.257
13152.000000	12	167	0.920	0.282
13158.000000	12	167	0.911	0.318
13164.000000	12	167	0.902	0.346
13170.000000	12	167	0.895	0.372
13176.000000	12	167	0.885	0.403
13182.000000	12	167	0.875	0.434
13188.000000	12	167	0.859	0.475
13194.000000	12	167	0.838	0.517
13200.000000	12	167	0.820	0.565
13206.000000	12	167	0.790	0.609
13212.000000	12	167	0.766	0.629
13218.000000	12	167	0.743	0.646
13224.000000	12	167	0.710	0.673
13230.000000	167	12	0.702	0.663
13236.000000	167	12	0.735	0.593
13242.000000	167	12	0.764	0.485
13248.000000	167	12	0.800	0.327
13254.000000	167	18	0.853	0.179
13260.000000	167	18	0.880	0.173
13266.000000	167	18	0.895	0.164
13272.000000	167	82	0.902	0.162
13278.000000	167	82	0.908	0.171
13284.000000	167	82	0.904	0.172
13290.000000	167	82	0.902	0.170
13296.000000	167	82	0.908	0.170
13302.000000	167	82	0.912	0.170
13308.000000	167	64	0.916	0.167
13314.000000	167	64	0.915	0.170
13320.000000	167	64	0.914	0.171
13326.000000	167	64	0.916	0.171
13332.000000	167	64	0.916	0.169
13338.000000	167	64	0.915	0.166
13344.000000	167	64	0.914	0.162
13350.000000	167	82	0.912	0.159
13356.000000	167	64	0.909	0.157
13362.000000	167	64	0.909	0.155
13368.000000	167	64	0.908	0.153
13374.000000	167	169	0.908	0.153
13380.000000	167	169	0.908	0.159
13386.000000	167	169	0.907	0.166
13392.000000	167	169	0.907	0.167
13398.000000	167	169	0.906	0.169
13404.000000	167	169	0.906	0.173
13410.000000	167	169	0.906	0.181
13416.000000	167	169	0.906	0.189
13422.000000	167	169	0.904	0.197
13428.000000	167	169	0.903	0.200
13434.000000	167	169	0.903	0.206
13440.000000	167	169	0.904	0.215
13446.000000	167	169	0.903	0.221
13452.000000	167	169	0.899	0.227
13458.000000	167	169	0.898	0.234
13464.000000	167	169	0.900	0.243
13470.000000	167	169	0.904	0.249
13476.000000	167	169	0.903	0.256
13482.000000	167	169	0.901	0.259
13488.000000	167	169	0.898	0.258
13494.000000	167	169	0.895	0.263
13500.000000	167	169	0.892	0.270
13506.000000	167	169	0.887	0.271
13512.000000	167	169	0.876	0.272
13518.000000	167	169	0.865	0.274
13524.000000	167	169	0.857	0.280
13530.000000	167	169	0.849	0.283
13536.000000	167	169	0.837	0.281
13542.000000	167	169	0.821	0.284
13548.000000	167	169	0.805	0.288
13554.000000	167	169	0.786	0.291
13560.000000	167	169	0.768	0.299
13566.000000	167	169	0.745	0.305
13572.000000	167	169	0.723	0.310
13578.000000	167	169	0.691	0.323
13584.000000	167	169	0.644	0.338
13590.000000	167	169	0.583	0.355
13596.000000	167	169	0.501	0.375
13602.000000	167	169	0.402	0.395
13608.000000	169	57	0.422	0.403
13614.000000	169	57	0.457	0.454
13620.000000	57	169	0.505	0.479
13626.000000	57	169	0.552	0.488
13632.000000	57	169	0.598	0.494
13638.000000	57	169	0.634	0.499
13644.000000	57	85	0.659	0.518
13650.000000	57	85	0.672	0.545
13656.000000	57	85	0.674	0.562
13662.000000	57	85	0.681	0.573
13668.000000	57	85	0.692	0.582
13674.000000	57	85	0.699	0.589
13680.000000	57	85	0.704	0.600
13686.000000	57	85	0.707	0.605
13692.000000	57	85	0.712	0.608
13698.000000	57	85	0.724	0.612
13704.000000	57	85	0.730	0.620
13710.000000	57	85	0.729	0.629
13716.000000	57	85	0.729	0.638
13722.000000	57	85	0.729	0.648
13728.000000	57	85	0.727	0.658
13734.000000	57	85	0.727	0.670
13740.000000	57	85	0.729	0.676
13746.000000	57	85	0.734	0.682
13752.000000	57	85	0.741	0.689
13758.000000	57	85	0.746	0.696
13764.000000	57	85	0.747	0.704
13770.000000	57	85	0.753	0.708
13776.000000	57	85	0.759	0.713
13782.000000	57	85	0.764	0.716
13788.000000	57	85	0.765	0.724
13794.000000	57	85	0.779	0.728
13800.000000	57	85	0.795	0.733
13806.000000	57	85	0.809	0.737
13812.000000	57	85	0.810	0.741
13818.000000	57	85	0.812	0.743
13824.000000	57	85	0.813	0.746
13830.000000	57	85	0.823	0.739
13836.000000	57	85	0.827	0.738
13842.000000	57	85	0.827	0.737
13848.000000	57	85	0.828	0.740
13854.000000	57	85	0.829	0.742
13860.000000	57	85	0.829	0.747
13866.000000	57	85	0.826	0.751
13872.000000	57	85	0.821	0.755
13878.000000	57	85	0.819	0.760
13884.000000	57	85	0.813	0.764
13890.000000	57	85	0.804	0.770
13896.000000	57	85	0.805	0.773
13902.000000	57	85	0.801	0.775
13908.000000	57	85	0.794	0.777
13914.000000	57	85	0.794	0.775
13920.000000	57	85	0.795	0.773
13926.000000	57	85	0.790	0.776
13932.000000	57	85	0.796	0.769
13938.000000	57	85	0.799	0.764
13944.000000	57	85	0.791	0.763
13950.000000	57	85	0.781	0.760
13956.000000	57	85	0.770	0.757
13962.000000	57	85	0.765	0.750
13968.000000	57	85	0.760	0.741
13974.000000	57	85	0.748	0.736
13980.000000	57	85	0.736	0.729
13986.000000	57	85	0.724	0.718
13992.000000	57	85	0.710	0.705
13998.000000	57	85	0.697	0.689
14004.000000	57	85	0.681	0.666
14010.000000	57	85	0.656	0.641
14016.000000	57	85	0.631	0.605
14022.000000	57	85	0.593	0.563
14028.000000	57	85	0.528	0.506
14034.000000	85	57	0.437	0.432
14040.000000	85	57	0.344	0.303
14046.000000	85	57	0.237	0.177
14052.000000	85	59	0.143	0.115
14058.000000	59	85	0.111	0.078
14064.000000	59	47	0.112	0.047
14070.000000	59	47	0.114	0.050
14076.000000	59	47	0.116	0.051
14082.000000	59	47	0.119	0.052
14088.000000	59	47	0.126	0.051
14094.000000	59	47	0.134	0.051
14100.000000	59	47	0.144	0.051
14106.000000	59	47	0.162	0.050
14112.000000	59	47	0.190	0.048
14118.000000	59	47	0.221	0.045
14124.000000	59	195	0.264	0.046
14130.000000	59	195	0.350	0.050
14136.000000	59	195	0.508	0.052
14142.000000	59	195	0.734	0.054
14148.000000	59	195	0.836	0.053
14154.000000	59	195	0.881	0.052
14160.000000	59	195	0.915	0.049
14166.000000	59	195	0.937	0.050
14172.000000	59	195	0.954	0.053
14178.000000	59	195	0.961	0.053
14184.000000	59	195	0.966	0.053
14190.000000	59	195	0.975	0.051
14196.000000	59	193	0.979	0.047
14202.000000	59	193	0.981	0.051
14208.000000	59	193	0.982	0.053
14214.000000	59	193	0.982	0.053
14220.000000	59	193	0.981	0.052
14226.000000	59	193	0.981	0.053
14232.000000	59	123	0.981	0.053
14238.000000	59	195	0.980	0.054
14244.000000	59	195	0.980	0.055
14250.000000	59	195	0.979	0.057
14256.000000	59	195	0.979	0.056
14262.000000	59	113	0.978	0.059
14268.000000	59	113	0.978	0.063
14274.000000	59	113	0.977	0.064
14280.000000	59	113	0.976	0.065
14286.000000	59	113	0.976	0.067
14292.000000	59	113	0.976	0.068
14298.000000	59	113	0.976	0.071
14304.000000	59	113	0.975	0.075
14310.000000	59	113	0.976	0.079
14316.000000	59	113	0.977	0.080
14322.000000	59	113	0.978	0.079
14328.000000	59	113	0.978	0.078
14334.000000	59	113	0.978	0.078
14340.000000	59	113	0.978	0.079
14346.000000	59	113	0.979	0.080
14352.000000	59	113	0.979	0.080
14358.000000	59	113	0.979	0.078
14364.000000	59	143	0.980	0.077
14370.000000	59	143	0.980	0.078
14376.000000	59	143	0.981	0.079
14382.000000	59	143	0.981	0.079
14388.000000	59	143	0.982	0.078
14394.000000	59	143	0.982	0.076
14400.000000	59	143	0.983	0.073
14406.000000	59	143	0.983	0.071
14412.000000	59	143	0.984	0.070
14418.000000	59	143	0.984	0.070
14424.000000	59	143	0.984	0.069
14430.000000	59	143	0.984	0.068
14436.000000	59	143	0.985	0.065
14442.000000	59	143	0.985	0.060
14448.000000	59	143	0.985	0.056
14454.000000	59	143	0.985	0.052
14460.000000	59	143	0.985	0.050
14466.000000	59	43	0.985	0.049
14472.000000	59	43	0.985	0.051
14478.000000	59	43	0.985	0.053
14484.000000	59	43	0.985	0.055
14490.000000	59	43	0.985	0.056
14496.000000	59	43	0.984	0.057
14502.000000	59	43	0.983	0.056
14508.000000	59	43	0.981	0.055
14514.000000	59	43	0.981	0.053
14520.000000	59	43	0.980	0.052
14526.000000	59	43	0.980	0.051
14532.000000	59	43	0.978	0.049
14538.000000	59	43	0.977	0.049
14544.000000	59	43	0.975	0.049
14550.000000	59	43	0.975	0.048
14556.000000	59	176	0.974	0.046
14562.000000	59	176	0.972	0.047
14568.000000	59	176	0.969	0.048
14574.000000	59	176	0.965	0.049
14580.000000	59	176	0.961	0.050
14586.000000	59	176	0.959	0.050
14592.000000	59	176	0.957	0.050
14598.000000	59	176	0.955	0.049
14604.000000	59	176	0.952	0.047
14610.000000	59	176	0.950	0.045
14616.000000	59	176	0.950	0.043
14622.000000	59	176	0.949	0.043
14628.000000	59	176	0.948	0.042
14634.000000	59	176	0.947	0.042
14640.000000	59	176	0.945	0.042
14646.000000	59	176	0.944	0.042
14652.000000	59	176	0.942	0.041
14658.000000	59	143	0.941	0.039
14664.000000	59	143	0.939	0.040
14670.000000	59	143	0.939	0.039
14676.000000	59	143	0.938	0.039
14682.000000	59	143	0.937	0.040
14688.000000	59	143	0.936	0.039
14694.000000	59	143	0.936	0.037
14700.000000	59	143	0.934	0.036
14706.000000	59	143	0.932	0.036
14712.000000	59	143	0.931	0.036
14718.000000	59	195	0.931	0.036
14724.000000	59	195	0.931	0.036
14730.000000	59	195	0.930	0.036
14736.000000	59	195	0.928	0.036
14742.000000	59	195	0.927	0.036
14748.000000	59	195	0.927	0.036
14754.000000	59	195	0.928	0.036
14760.000000	59	195	0.927	0.037
14766.000000	59	195	0.925	0.037
14772.000000	59	195	0.922	0.037
14778.000000	59	195	0.918	0.037
14784.000000	59	195	0.915	0.037
14790.000000	59	195	0.912	0.037
14796.000000	59	195	0.909	0.037
14802.000000	59	195	0.905	0.037
14808.000000	59	195	0.901	0.037
14814.000000	59	195	0.896	0.037
14820.000000	59	195	0.894	0.037
14826.000000	59	195	0.894	0.037
14832.000000	59	195	0.891	0.036
14838.000000	59	195	0.881	0.035
14844.000000	59	195	0.871	0.035
14850.000000	59	195	0.865	0.035
14856.000000	59	113	0.856	0.035
14862.000000	59	113	0.847	0.035
14868.000000	59	195	0.834	0.034
14874.000000	59	195	0.813	0.034
14880.000000	59	23	0.785	0.033
14886.000000	59	23	0.758	0.034
14892.000000	59	23	0.721	0.035
14898.000000	59	23	0.645	0.035
14904.000000	59	23	0.505	0.030
14910.000000	59	164	0.249	0.024
14916.000000	59	184	0.018	0.015
14922.000000	184	23	0.012	0.010
14928.000000	184	23	0.010	0.008
14934.000000	184	164	0.008	0.008
