0.000000	125	102	0.000	0.000
6.000000	10	36	0.992	0.034
12.000000	10	36	0.992	0.035
18.000000	10	36	0.992	0.036
24.000000	10	36	0.992	0.037
30.000000	10	36	0.991	0.038
36.000000	10	36	0.989	0.039
42.000000	10	24	0.988	0.044
48.000000	10	24	0.987	0.051
54.000000	10	24	0.985	0.057
60.000000	10	24	0.984	0.063
66.000000	10	24	0.982	0.065
72.000000	10	24	0.980	0.065
78.000000	10	24	0.977	0.067
84.000000	10	24	0.975	0.069
90.000000	10	71	0.972	0.078
96.000000	10	71	0.969	0.092
102.000000	10	71	0.965	0.102
108.000000	10	71	0.962	0.111
114.000000	10	71	0.958	0.122
120.000000	10	71	0.954	0.133
126.000000	10	71	0.951	0.141
132.000000	10	71	0.946	0.147
138.000000	10	71	0.942	0.153
144.000000	10	71	0.938	0.157
150.000000	10	71	0.934	0.158
156.000000	10	71	0.930	0.161
162.000000	10	36	0.927	0.170
168.000000	10	73	0.923	0.177
174.000000	10	71	0.917	0.187
180.000000	10	71	0.915	0.195
186.000000	10	71	0.912	0.200
192.000000	10	28	0.909	0.206
198.000000	10	28	0.906	0.213
204.000000	10	28	0.905	0.218
210.000000	10	28	0.904	0.222
216.000000	10	28	0.903	0.224
222.000000	10	28	0.901	0.225
228.000000	10	28	0.899	0.225
234.000000	10	28	0.897	0.227
240.000000	10	28	0.896	0.230
246.000000	10	28	0.895	0.234
252.000000	10	28	0.894	0.238
258.000000	10	28	0.892	0.240
264.000000	10	71	0.891	0.243
270.000000	10	71	0.890	0.246
276.000000	10	71	0.887	0.248
282.000000	10	73	0.883	0.256
288.000000	10	73	0.874	0.263
294.000000	10	73	0.868	0.264
300.000000	10	28	0.860	0.268
306.000000	10	28	0.853	0.274
312.000000	10	28	0.848	0.276
318.000000	10	28	0.842	0.278
324.000000	10	73	0.835	0.289
330.000000	10	73	0.831	0.307
336.000000	10	73	0.828	0.325
342.000000	10	73	0.823	0.339
348.000000	10	73	0.815	0.362
354.000000	10	73	0.809	0.386
360.000000	10	73	0.804	0.417
366.000000	10	73	0.802	0.447
372.000000	10	73	0.797	0.470
378.000000	10	73	0.785	0.497
384.000000	10	73	0.769	0.517
390.000000	10	73	0.744	0.531
396.000000	10	73	0.717	0.553
402.000000	10	73	0.681	0.585
408.000000	10	73	0.639	0.628
414.000000	73	10	0.675	0.580
420.000000	73	10	0.725	0.472
426.000000	73	71	0.776	0.366
432.000000	73	71	0.806	0.374
438.000000	73	71	0.826	0.393
444.000000	73	71	0.859	0.396
450.000000	73	71	0.876	0.407
456.000000	73	71	0.879	0.414
462.000000	73	71	0.875	0.420
468.000000	73	71	0.877	0.420
474.000000	73	71	0.878	0.430
480.000000	73	71	0.877	0.432
486.000000	73	71	0.875	0.432
492.000000	73	71	0.875	0.434
498.000000	73	71	0.876	0.433
504.000000	73	71	0.875	0.431
510.000000	73	71	0.873	0.431
516.000000	73	71	0.872	0.430
522.000000	73	71	0.871	0.426
528.000000	73	37	0.870	0.435
534.000000	73	37	0.870	0.446
540.000000	73	37	0.870	0.456
546.000000	73	37	0.870	0.466
552.000000	73	37	0.876	0.474
558.000000	73	37	0.876	0.478
564.000000	73	37	0.876	0.481
570.000000	73	37	0.877	0.487
576.000000	73	37	0.881	0.489
582.000000	73	37	0.880	0.487
588.000000	73	37	0.876	0.485
594.000000	73	37	0.874	0.486
600.000000	73	37	0.873	0.489
606.000000	73	37	0.869	0.489
612.000000	73	37	0.866	0.492
618.000000	73	37	0.863	0.496
624.000000	73	37	0.858	0.509
630.000000	73	37	0.853	0.527
636.000000	73	37	0.854	0.541
642.000000	73	37	0.855	0.558
648.000000	73	37	0.852	0.575
654.000000	73	37	0.851	0.585
660.000000	73	37	0.849	0.585
666.000000	73	37	0.845	0.589
672.000000	73	37	0.834	0.596
678.000000	73	37	0.827	0.594
684.000000	73	37	0.814	0.589
690.000000	73	37	0.795	0.587
696.000000	73	37	0.771	0.585
702.000000	73	37	0.747	0.586
708.000000	73	110	0.711	0.602
714.000000	73	110	0.672	0.625
720.000000	110	73	0.654	0.627
726.000000	110	37	0.696	0.574
732.000000	110	37	0.735	0.572
738.000000	110	37	0.766	0.572
744.000000	110	37	0.803	0.580
750.000000	110	37	0.829	0.590
756.000000	110	37	0.849	0.601
762.000000	110	37	0.859	0.593
768.000000	110	37	0.868	0.582
774.000000	110	37	0.877	0.569
780.000000	110	37	0.879	0.561
786.000000	110	37	0.879	0.550
792.000000	110	37	0.879	0.535
798.000000	110	37	0.882	0.515
804.000000	110	37	0.882	0.502
810.000000	110	37	0.886	0.484
816.000000	110	37	0.888	0.462
822.000000	110	37	0.893	0.432
828.000000	110	37	0.896	0.405
834.000000	110	37	0.900	0.376
840.000000	110	37	0.905	0.339
846.000000	110	37	0.907	0.298
852.000000	110	170	0.907	0.274
858.000000	110	170	0.906	0.273
864.000000	110	170	0.906	0.269
870.000000	110	170	0.902	0.271
876.000000	110	170	0.901	0.276
882.000000	110	170	0.900	0.282
888.000000	110	170	0.898	0.287
894.000000	110	170	0.892	0.299
900.000000	110	170	0.891	0.308
906.000000	110	170	0.889	0.310
912.000000	110	170	0.887	0.303
918.000000	110	170	0.887	0.295
924.000000	110	170	0.887	0.288
930.000000	110	90	0.886	0.289
936.000000	110	90	0.882	0.302
942.000000	110	90	0.877	0.313
948.000000	110	90	0.873	0.324
954.000000	110	90	0.867	0.334
960.000000	110	90	0.862	0.340
966.000000	110	90	0.860	0.341
972.000000	110	90	0.858	0.343
978.000000	110	90	0.854	0.343
984.000000	110	90	0.846	0.347
990.000000	110	90	0.841	0.344
996.000000	110	90	0.837	0.345
1002.000000	110	90	0.832	0.349
1008.000000	110	90	0.829	0.358
1014.000000	110	90	0.826	0.369
1020.000000	110	90	0.820	0.374
1026.000000	110	90	0.816	0.380
1032.000000	110	90	0.813	0.383
1038.000000	110	90	0.809	0.383
1044.000000	110	140	0.803	0.399
1050.000000	110	140	0.797	0.414
1056.000000	110	140	0.790	0.441
1062.000000	110	140	0.781	0.474
1068.000000	110	140	0.767	0.504
1074.000000	110	140	0.751	0.525
1080.000000	110	140	0.727	0.553
1086.000000	110	140	0.702	0.580
1092.000000	110	140	0.668	0.611
1098.000000	140	110	0.654	0.623
1104.000000	140	110	0.690	0.574
1110.000000	140	110	0.711	0.506
1116.000000	140	90	0.743	0.427
1122.000000	140	90	0.795	0.437
1128.000000	140	90	0.829	0.455
1134.000000	140	90	0.850	0.462
1140.000000	140	90	0.863	0.465
1146.000000	140	90	0.878	0.459
1152.000000	140	90	0.882	0.449
1158.000000	140	90	0.884	0.445
1164.000000	140	90	0.892	0.435
1170.000000	140	90	0.896	0.427
1176.000000	140	90	0.894	0.424
1182.000000	140	90	0.894	0.414
1188.000000	140	90	0.894	0.400
1194.000000	140	90	0.893	0.384
1200.000000	140	90	0.891	0.373
1206.000000	140	90	0.888	0.358
1212.000000	140	90	0.885	0.341
1218.000000	140	90	0.883	0.326
1224.000000	140	90	0.883	0.302
1230.000000	140	90	0.885	0.275
1236.000000	140	90	0.890	0.241
1242.000000	140	39	0.892	0.222
1248.000000	140	39	0.893	0.228
1254.000000	140	39	0.895	0.232
1260.000000	140	39	0.901	0.239
1266.000000	140	39	0.903	0.253
1272.000000	140	39	0.908	0.267
1278.000000	140	39	0.911	0.275
1284.000000	140	39	0.911	0.286
1290.000000	140	39	0.908	0.297
1296.000000	140	39	0.905	0.311
1302.000000	140	39	0.898	0.325
1308.000000	140	39	0.896	0.341
1314.000000	140	39	0.893	0.353
1320.000000	140	39	0.892	0.361
1326.000000	140	39	0.890	0.368
1332.000000	140	39	0.888	0.372
1338.000000	140	39	0.882	0.377
1344.000000	140	39	0.877	0.378
1350.000000	140	39	0.868	0.383
1356.000000	140	39	0.862	0.386
1362.000000	140	39	0.859	0.396
1368.000000	140	39	0.850	0.413
1374.000000	140	39	0.844	0.424
1380.000000	140	39	0.834	0.437
1386.000000	140	39	0.828	0.443
1392.000000	140	39	0.819	0.448
1398.000000	140	39	0.810	0.459
1404.000000	140	39	0.798	0.482
1410.000000	140	39	0.783	0.507
1416.000000	140	39	0.763	0.533
1422.000000	140	39	0.749	0.550
1428.000000	140	39	0.734	0.561
1434.000000	140	39	0.719	0.569
1440.000000	140	39	0.698	0.577
1446.000000	140	39	0.671	0.587
1452.000000	140	39	0.634	0.597
1458.000000	39	140	0.615	0.594
1464.000000	39	140	0.628	0.546
1470.000000	39	140	0.642	0.463
1476.000000	39	84	0.662	0.434
1482.000000	39	84	0.692	0.457
1488.000000	39	84	0.725	0.483
1494.000000	39	84	0.760	0.511
1500.000000	39	84	0.783	0.518
1506.000000	39	84	0.797	0.527
1512.000000	39	84	0.805	0.532
1518.000000	39	84	0.814	0.533
1524.000000	39	84	0.818	0.543
1530.000000	39	84	0.813	0.550
1536.000000	39	84	0.810	0.553
1542.000000	39	84	0.809	0.560
1548.000000	39	84	0.810	0.560
1554.000000	39	84	0.816	0.556
1560.000000	39	84	0.817	0.556
1566.000000	39	84	0.823	0.551
1572.000000	39	84	0.826	0.548
1578.000000	39	84	0.827	0.548
1584.000000	39	84	0.828	0.548
1590.000000	39	84	0.830	0.553
1596.000000	39	84	0.830	0.557
1602.000000	39	84	0.824	0.562
1608.000000	39	84	0.824	0.563
1614.000000	39	84	0.832	0.563
1620.000000	39	84	0.835	0.562
1626.000000	39	84	0.840	0.557
1632.000000	39	84	0.838	0.556
1638.000000	39	84	0.834	0.551
1644.000000	39	84	0.832	0.546
1650.000000	39	84	0.830	0.541
1656.000000	39	84	0.831	0.533
1662.000000	39	84	0.831	0.518
1668.000000	39	84	0.830	0.509
1674.000000	39	84	0.828	0.502
1680.000000	39	84	0.823	0.496
1686.000000	39	84	0.825	0.477
1692.000000	39	84	0.829	0.451
1698.000000	39	84	0.826	0.431
1704.000000	39	84	0.825	0.404
1710.000000	39	99	0.824	0.386
1716.000000	39	99	0.821	0.396
1722.000000	39	99	0.818	0.413
1728.000000	39	99	0.818	0.433
1734.000000	39	99	0.823	0.447
1740.000000	39	99	0.824	0.463
1746.000000	39	99	0.822	0.480
1752.000000	39	99	0.816	0.487
1758.000000	39	99	0.813	0.492
1764.000000	39	99	0.808	0.500
1770.000000	39	99	0.805	0.509
1776.000000	39	99	0.801	0.518
1782.000000	39	99	0.794	0.529
1788.000000	39	99	0.785	0.541
1794.000000	39	99	0.776	0.544
1800.000000	39	99	0.762	0.550
1806.000000	39	99	0.748	0.557
1812.000000	39	99	0.729	0.562
1818.000000	39	99	0.700	0.573
1824.000000	39	99	0.668	0.583
1830.000000	39	99	0.634	0.586
1836.000000	99	39	0.595	0.582
1842.000000	99	39	0.606	0.515
1848.000000	99	95	0.616	0.444
1854.000000	99	95	0.623	0.465
1860.000000	99	95	0.630	0.491
1866.000000	99	95	0.644	0.514
1872.000000	99	95	0.661	0.532
1878.000000	99	95	0.667	0.541
1884.000000	99	95	0.666	0.553
1890.000000	99	95	0.659	0.569
1896.000000	99	95	0.651	0.577
1902.000000	99	95	0.641	0.579
1908.000000	99	95	0.620	0.588
1914.000000	99	95	0.612	0.589
1920.000000	99	95	0.599	0.598
1926.000000	95	99	0.609	0.586
1932.000000	95	99	0.617	0.572
1938.000000	95	99	0.617	0.559
1944.000000	95	99	0.620	0.551
1950.000000	95	99	0.627	0.541
1956.000000	95	99	0.640	0.531
1962.000000	95	99	0.663	0.513
1968.000000	95	99	0.678	0.488
1974.000000	95	99	0.682	0.464
1980.000000	95	99	0.688	0.440
1986.000000	95	99	0.693	0.418
1992.000000	95	99	0.697	0.384
1998.000000	95	184	0.702	0.375
2004.000000	95	184	0.713	0.372
2010.000000	95	75	0.718	0.383
2016.000000	95	75	0.728	0.404
2022.000000	95	75	0.735	0.418
2028.000000	95	75	0.748	0.422
2034.000000	95	75	0.750	0.436
2040.000000	95	75	0.751	0.445
2046.000000	95	75	0.749	0.453
2052.000000	95	75	0.744	0.459
2058.000000	95	184	0.750	0.460
2064.000000	95	184	0.751	0.468
2070.000000	95	184	0.740	0.477
2076.000000	95	184	0.736	0.479
2082.000000	95	184	0.737	0.483
2088.000000	95	184	0.730	0.492
2094.000000	95	184	0.727	0.497
2100.000000	95	184	0.724	0.498
2106.000000	95	184	0.715	0.500
2112.000000	95	184	0.705	0.502
2118.000000	95	184	0.695	0.499
2124.000000	95	184	0.686	0.493
2130.000000	95	184	0.677	0.488
2136.000000	95	184	0.670	0.486
2142.000000	95	184	0.655	0.484
2148.000000	95	184	0.641	0.488
2154.000000	95	184	0.631	0.492
2160.000000	95	184	0.622	0.489
2166.000000	95	184	0.606	0.490
2172.000000	95	184	0.593	0.496
2178.000000	95	184	0.574	0.506
2184.000000	95	184	0.553	0.513
2190.000000	95	184	0.532	0.512
2196.000000	184	95	0.516	0.505
2202.000000	184	171	0.517	0.472
2208.000000	184	171	0.523	0.478
2214.000000	184	171	0.538	0.490
2220.000000	184	171	0.556	0.501
2226.000000	184	171	0.563	0.514
2232.000000	184	171	0.571	0.532
2238.000000	184	171	0.577	0.552
2244.000000	184	171	0.581	0.561
2250.000000	184	171	0.579	0.561
2256.000000	184	171	0.575	0.570
2262.000000	171	184	0.585	0.572
2268.000000	171	184	0.588	0.567
2274.000000	171	184	0.583	0.564
2280.000000	171	184	0.583	0.555
2286.000000	171	184	0.586	0.546
2292.000000	171	184	0.587	0.540
2298.000000	171	184	0.593	0.527
2304.000000	171	184	0.591	0.523
2310.000000	171	184	0.590	0.516
2316.000000	171	184	0.591	0.508
2322.000000	171	184	0.588	0.498
2328.000000	171	184	0.584	0.481
2334.000000	171	184	0.581	0.463
2340.000000	171	184	0.578	0.443
2346.000000	171	184	0.573	0.425
2352.000000	171	184	0.564	0.403
2358.000000	171	184	0.556	0.375
2364.000000	171	32	0.551	0.354
2370.000000	171	32	0.548	0.379
2376.000000	171	32	0.546	0.409
2382.000000	171	32	0.550	0.433
2388.000000	171	32	0.561	0.458
2394.000000	171	32	0.569	0.477
2400.000000	171	32	0.573	0.501
2406.000000	171	32	0.570	0.522
2412.000000	171	32	0.557	0.549
2418.000000	32	171	0.581	0.546
2424.000000	32	171	0.608	0.529
2430.000000	32	171	0.635	0.505
2436.000000	32	171	0.657	0.489
2442.000000	32	171	0.675	0.469
2448.000000	32	171	0.690	0.449
2454.000000	32	171	0.703	0.432
2460.000000	32	171	0.710	0.409
2466.000000	32	171	0.730	0.382
2472.000000	32	171	0.747	0.350
2478.000000	32	147	0.767	0.301
2484.000000	32	147	0.778	0.304
2490.000000	32	147	0.796	0.303
2496.000000	32	147	0.815	0.296
2502.000000	32	147	0.832	0.284
2508.000000	32	147	0.835	0.279
2514.000000	32	147	0.838	0.280
2520.000000	32	147	0.841	0.278
2526.000000	32	147	0.852	0.269
2532.000000	32	147	0.862	0.264
2538.000000	32	67	0.870	0.267
2544.000000	32	67	0.872	0.270
2550.000000	32	67	0.876	0.267
2556.000000	32	67	0.882	0.264
2562.000000	32	67	0.881	0.261
2568.000000	32	67	0.880	0.265
2574.000000	32	67	0.883	0.268
2580.000000	32	67	0.886	0.270
2586.000000	32	67	0.886	0.272
2592.000000	32	67	0.886	0.272
2598.000000	32	67	0.886	0.277
2604.000000	32	67	0.889	0.287
2610.000000	32	67	0.893	0.291
2616.000000	32	67	0.893	0.294
2622.000000	32	67	0.893	0.297
2628.000000	32	67	0.893	0.298
2634.000000	32	67	0.894	0.297
2640.000000	32	67	0.893	0.301
2646.000000	32	67	0.892	0.302
2652.000000	32	67	0.890	0.307
2658.000000	32	67	0.889	0.313
2664.000000	32	67	0.887	0.323
2670.000000	32	67	0.885	0.334
2676.000000	32	67	0.883	0.346
2682.000000	32	67	0.884	0.353
2688.000000	32	67	0.882	0.358
2694.000000	32	67	0.878	0.367
2700.000000	32	67	0.874	0.377
2706.000000	32	67	0.868	0.388
2712.000000	32	67	0.862	0.400
2718.000000	32	67	0.857	0.407
2724.000000	32	67	0.854	0.413
2730.000000	32	67	0.847	0.421
2736.000000	32	67	0.836	0.434
2742.000000	32	67	0.833	0.445
2748.000000	32	67	0.829	0.455
2754.000000	32	67	0.817	0.475
2760.000000	32	67	0.808	0.496
2766.000000	32	67	0.794	0.506
2772.000000	32	67	0.780	0.507
2778.000000	32	67	0.762	0.514
2784.000000	32	67	0.740	0.538
2790.000000	32	67	0.722	0.559
2796.000000	32	67	0.709	0.574
2802.000000	32	67	0.684	0.599
2808.000000	32	67	0.644	0.626
2814.000000	67	32	0.650	0.588
2820.000000	67	32	0.684	0.511
2826.000000	67	32	0.716	0.420
2832.000000	67	32	0.741	0.295
2838.000000	67	58	0.771	0.216
2844.000000	67	58	0.794	0.228
2850.000000	67	58	0.815	0.242
2856.000000	67	58	0.834	0.264
2862.000000	67	58	0.845	0.282
2868.000000	67	58	0.858	0.300
2874.000000	67	58	0.863	0.320
2880.000000	67	58	0.861	0.336
2886.000000	67	58	0.864	0.346
2892.000000	67	58	0.864	0.353
2898.000000	67	58	0.861	0.360
2904.000000	67	58	0.862	0.369
2910.000000	67	58	0.861	0.380
2916.000000	67	58	0.858	0.391
2922.000000	67	58	0.856	0.405
2928.000000	67	58	0.853	0.416
2934.000000	67	58	0.847	0.423
2940.000000	67	58	0.843	0.426
2946.000000	67	58	0.841	0.430
2952.000000	67	58	0.840	0.433
2958.000000	67	58	0.839	0.428
2964.000000	67	58	0.837	0.420
2970.000000	67	58	0.836	0.417
2976.000000	67	58	0.831	0.414
2982.000000	67	58	0.822	0.418
2988.000000	67	58	0.815	0.425
2994.000000	67	58	0.809	0.428
3000.000000	67	58	0.802	0.431
3006.000000	67	58	0.798	0.434
3012.000000	67	58	0.790	0.439
3018.000000	67	58	0.783	0.441
3024.000000	67	58	0.775	0.437
3030.000000	67	58	0.770	0.428
3036.000000	67	58	0.764	0.423
3042.000000	67	58	0.758	0.421
3048.000000	67	85	0.754	0.421
3054.000000	67	85	0.745	0.425
3060.000000	67	85	0.737	0.427
3066.000000	67	85	0.731	0.429
3072.000000	67	85	0.719	0.428
3078.000000	67	85	0.704	0.427
3084.000000	67	85	0.689	0.430
3090.000000	67	85	0.671	0.437
3096.000000	67	85	0.651	0.445
3102.000000	67	85	0.620	0.458
3108.000000	67	85	0.585	0.472
3114.000000	67	85	0.544	0.491
3120.000000	85	67	0.498	0.490
3126.000000	85	67	0.509	0.427
3132.000000	85	67	0.528	0.325
3138.000000	85	58	0.557	0.242
3144.000000	85	58	0.582	0.229
3150.000000	85	8	0.602	0.217
3156.000000	85	8	0.620	0.221
3162.000000	85	8	0.630	0.225
3168.000000	85	8	0.646	0.233
3174.000000	85	8	0.664	0.238
3180.000000	85	8	0.683	0.246
3186.000000	85	8	0.693	0.257
3192.000000	85	8	0.695	0.271
3198.000000	85	8	0.701	0.286
3204.000000	85	8	0.702	0.292
3210.000000	85	8	0.713	0.298
3216.000000	85	8	0.717	0.302
3222.000000	85	8	0.715	0.300
3228.000000	85	8	0.712	0.298
3234.000000	85	8	0.716	0.301
3240.000000	85	8	0.719	0.305
3246.000000	85	8	0.721	0.304
3252.000000	85	8	0.713	0.299
3258.000000	85	8	0.696	0.294
3264.000000	85	8	0.683	0.292
3270.000000	85	8	0.676	0.292
3276.000000	85	8	0.671	0.292
3282.000000	85	8	0.670	0.290
3288.000000	85	8	0.659	0.285
3294.000000	85	8	0.646	0.279
3300.000000	85	8	0.629	0.270
3306.000000	85	8	0.610	0.262
3312.000000	85	8	0.597	0.245
3318.000000	85	170	0.576	0.238
3324.000000	85	170	0.549	0.245
3330.000000	85	170	0.533	0.249
3336.000000	85	170	0.506	0.255
3342.000000	85	170	0.471	0.254
3348.000000	85	94	0.433	0.263
3354.000000	85	94	0.398	0.273
3360.000000	85	94	0.362	0.283
3366.000000	85	94	0.316	0.291
3372.000000	94	85	0.301	0.269
3378.000000	94	170	0.302	0.274
3384.000000	94	170	0.310	0.282
3390.000000	94	170	0.325	0.292
3396.000000	94	170	0.330	0.295
3402.000000	94	170	0.329	0.294
3408.000000	94	170	0.324	0.294
3414.000000	94	170	0.321	0.289
3420.000000	94	170	0.318	0.294
3426.000000	94	170	0.315	0.297
3432.000000	94	170	0.314	0.299
3438.000000	94	153	0.310	0.308
3444.000000	153	94	0.317	0.300
3450.000000	153	94	0.325	0.299
3456.000000	153	94	0.333	0.298
3462.000000	153	94	0.347	0.301
3468.000000	153	94	0.363	0.302
3474.000000	153	94	0.370	0.306
3480.000000	153	94	0.379	0.306
3486.000000	153	94	0.386	0.304
3492.000000	153	94	0.398	0.302
3498.000000	153	94	0.408	0.302
3504.000000	153	94	0.421	0.299
3510.000000	153	94	0.442	0.291
3516.000000	153	94	0.451	0.281
3522.000000	153	94	0.463	0.271
3528.000000	153	165	0.478	0.271
3534.000000	153	165	0.493	0.273
3540.000000	153	165	0.503	0.278
3546.000000	153	165	0.515	0.275
3552.000000	153	165	0.539	0.276
3558.000000	153	165	0.554	0.282
3564.000000	153	165	0.572	0.290
3570.000000	153	165	0.578	0.298
3576.000000	153	165	0.594	0.301
3582.000000	153	165	0.613	0.303
3588.000000	153	165	0.635	0.306
3594.000000	153	165	0.648	0.313
3600.000000	153	165	0.662	0.314
3606.000000	153	165	0.677	0.312
3612.000000	153	165	0.683	0.304
3618.000000	153	83	0.695	0.305
3624.000000	153	83	0.706	0.312
3630.000000	153	83	0.713	0.319
3636.000000	153	83	0.721	0.321
3642.000000	153	83	0.727	0.325
3648.000000	153	83	0.735	0.325
3654.000000	153	83	0.740	0.330
3660.000000	153	83	0.751	0.332
3666.000000	153	83	0.765	0.332
3672.000000	153	83	0.774	0.332
3678.000000	153	83	0.779	0.331
3684.000000	153	83	0.790	0.328
3690.000000	153	83	0.801	0.323
3696.000000	153	83	0.812	0.328
3702.000000	153	83	0.824	0.329
3708.000000	153	83	0.832	0.323
3714.000000	153	83	0.834	0.324
3720.000000	153	83	0.836	0.323
3726.000000	153	83	0.839	0.320
3732.000000	153	83	0.843	0.318
3738.000000	153	83	0.850	0.320
3744.000000	153	83	0.859	0.326
3750.000000	153	83	0.867	0.323
3756.000000	153	83	0.868	0.325
3762.000000	153	83	0.870	0.327
3768.000000	153	83	0.871	0.329
3774.000000	153	83	0.872	0.327
3780.000000	153	83	0.873	0.319
3786.000000	153	83	0.874	0.310
3792.000000	153	83	0.872	0.303
3798.000000	153	83	0.868	0.300
3804.000000	153	83	0.866	0.293
3810.000000	153	83	0.865	0.283
3816.000000	153	83	0.862	0.268
3822.000000	153	83	0.862	0.250
3828.000000	153	83	0.858	0.233
3834.000000	153	82	0.856	0.229
3840.000000	153	82	0.859	0.230
3846.000000	153	82	0.858	0.229
3852.000000	153	82	0.854	0.227
3858.000000	153	82	0.853	0.225
3864.000000	153	82	0.853	0.219
3870.000000	153	82	0.852	0.205
3876.000000	153	82	0.853	0.192
3882.000000	153	82	0.850	0.189
3888.000000	153	82	0.848	0.186
3894.000000	153	104	0.846	0.196
3900.000000	153	104	0.844	0.209
3906.000000	153	104	0.837	0.217
3912.000000	153	104	0.828	0.225
3918.000000	153	104	0.819	0.235
3924.000000	153	104	0.809	0.249
3930.000000	153	104	0.797	0.262
3936.000000	153	104	0.784	0.270
3942.000000	153	104	0.766	0.276
3948.000000	153	104	0.753	0.283
3954.000000	153	104	0.739	0.295
3960.000000	153	104	0.721	0.317
3966.000000	153	104	0.704	0.340
3972.000000	153	104	0.681	0.366
3978.000000	153	104	0.647	0.389
3984.000000	153	104	0.601	0.414
3990.000000	153	104	0.530	0.437
3996.000000	104	153	0.464	0.443
4002.000000	104	153	0.510	0.324
4008.000000	104	41	0.567	0.229
4014.000000	104	41	0.632	0.238
4020.000000	104	41	0.671	0.244
4026.000000	104	41	0.694	0.251
4032.000000	104	41	0.722	0.258
4038.000000	104	41	0.741	0.263
4044.000000	104	41	0.761	0.263
4050.000000	104	41	0.772	0.269
4056.000000	104	41	0.781	0.272
4062.000000	104	41	0.784	0.275
4068.000000	104	41	0.785	0.278
4074.000000	104	41	0.787	0.275
4080.000000	104	41	0.788	0.280
4086.000000	104	41	0.788	0.283
4092.000000	104	41	0.792	0.284
4098.000000	104	41	0.793	0.287
4104.000000	104	41	0.799	0.289
4110.000000	104	41	0.801	0.295
4116.000000	104	41	0.805	0.305
4122.000000	104	41	0.808	0.308
4128.000000	104	41	0.811	0.308
4134.000000	104	41	0.815	0.308
4140.000000	104	41	0.817	0.311
4146.000000	104	41	0.821	0.309
4152.000000	104	41	0.823	0.303
4158.000000	104	41	0.824	0.300
4164.000000	104	41	0.831	0.294
4170.000000	104	41	0.843	0.284
4176.000000	104	41	0.847	0.276
4182.000000	104	41	0.851	0.267
4188.000000	104	41	0.856	0.252
4194.000000	104	41	0.858	0.234
4200.000000	104	199	0.864	0.221
4206.000000	104	199	0.871	0.224
4212.000000	104	199	0.877	0.227
4218.000000	104	199	0.880	0.227
4224.000000	104	199	0.886	0.227
4230.000000	104	199	0.889	0.226
4236.000000	104	199	0.892	0.225
4242.000000	104	199	0.895	0.228
4248.000000	104	199	0.896	0.236
4254.000000	104	199	0.896	0.242
4260.000000	104	199	0.896	0.242
4266.000000	104	199	0.897	0.244
4272.000000	104	199	0.901	0.239
4278.000000	104	199	0.902	0.234
4284.000000	104	199	0.901	0.234
4290.000000	104	199	0.901	0.231
4296.000000	104	199	0.898	0.232
4302.000000	104	199	0.897	0.237
4308.000000	104	199	0.897	0.236
4314.000000	104	199	0.897	0.231
4320.000000	104	199	0.894	0.228
4326.000000	104	199	0.890	0.228
4332.000000	104	199	0.887	0.232
4338.000000	104	199	0.887	0.229
4344.000000	104	199	0.887	0.222
4350.000000	104	199	0.887	0.215
4356.000000	104	29	0.885	0.215
4362.000000	104	29	0.883	0.215
4368.000000	104	29	0.882	0.215
4374.000000	104	29	0.882	0.221
4380.000000	104	29	0.882	0.222
4386.000000	104	29	0.881	0.220
4392.000000	104	29	0.880	0.218
4398.000000	104	29	0.878	0.211
4404.000000	104	29	0.874	0.203
4410.000000	104	29	0.871	0.192
4416.000000	104	89	0.867	0.197
4422.000000	104	89	0.863	0.208
4428.000000	104	89	0.861	0.222
4434.000000	104	89	0.861	0.236
4440.000000	104	89	0.856	0.258
4446.000000	104	89	0.849	0.280
4452.000000	104	89	0.838	0.294
4458.000000	104	89	0.826	0.310
4464.000000	104	89	0.813	0.327
4470.000000	104	89	0.799	0.353
4476.000000	104	89	0.780	0.377
4482.000000	104	89	0.751	0.401
4488.000000	104	89	0.706	0.424
4494.000000	104	89	0.648	0.459
4500.000000	104	89	0.561	0.493
4506.000000	89	104	0.529	0.437
4512.000000	89	24	0.585	0.388
4518.000000	89	24	0.644	0.412
4524.000000	89	24	0.704	0.428
4530.000000	89	24	0.729	0.448
4536.000000	89	24	0.747	0.472
4542.000000	89	24	0.766	0.488
4548.000000	89	24	0.774	0.505
4554.000000	89	24	0.778	0.522
4560.000000	89	24	0.790	0.531
4566.000000	89	24	0.796	0.533
4572.000000	89	24	0.799	0.535
4578.000000	89	24	0.801	0.541
4584.000000	89	24	0.806	0.540
4590.000000	89	24	0.808	0.543
4596.000000	89	24	0.809	0.549
4602.000000	89	24	0.815	0.553
4608.000000	89	24	0.816	0.558
4614.000000	89	24	0.818	0.559
4620.000000	89	24	0.819	0.557
4626.000000	89	24	0.821	0.558
4632.000000	89	24	0.824	0.563
4638.000000	89	24	0.829	0.565
4644.000000	89	24	0.834	0.569
4650.000000	89	24	0.837	0.580
4656.000000	89	24	0.837	0.595
4662.000000	89	24	0.841	0.600
4668.000000	89	24	0.847	0.603
4674.000000	89	24	0.846	0.608
4680.000000	89	24	0.849	0.614
4686.000000	89	24	0.854	0.621
4692.000000	89	24	0.861	0.626
4698.000000	89	24	0.871	0.633
4704.000000	89	24	0.873	0.641
4710.000000	89	24	0.877	0.648
4716.000000	89	24	0.878	0.650
4722.000000	89	24	0.882	0.650
4728.000000	89	24	0.884	0.652
4734.000000	89	24	0.885	0.656
4740.000000	89	24	0.886	0.657
4746.000000	89	24	0.886	0.655
4752.000000	89	24	0.887	0.655
4758.000000	89	24	0.888	0.658
4764.000000	89	24	0.892	0.658
4770.000000	89	24	0.897	0.658
4776.000000	89	24	0.901	0.658
4782.000000	89	24	0.905	0.657
4788.000000	89	24	0.907	0.656
4794.000000	89	24	0.907	0.659
4800.000000	89	24	0.906	0.658
4806.000000	89	24	0.905	0.654
4812.000000	89	24	0.905	0.646
4818.000000	89	24	0.906	0.638
4824.000000	89	24	0.908	0.630
4830.000000	89	24	0.910	0.619
4836.000000	89	24	0.914	0.606
4842.000000	89	24	0.915	0.590
4848.000000	89	24	0.917	0.562
4854.000000	89	24	0.920	0.530
4860.000000	89	24	0.922	0.494
4866.000000	89	24	0.928	0.437
4872.000000	89	24	0.934	0.365
4878.000000	89	24	0.944	0.262
4884.000000	89	24	0.949	0.158
4890.000000	89	63	0.954	0.095
4896.000000	89	63	0.961	0.090
4902.000000	89	63	0.960	0.086
4908.000000	89	124	0.960	0.082
4914.000000	89	124	0.962	0.083
4920.000000	89	124	0.965	0.082
4926.000000	89	124	0.964	0.083
4932.000000	89	124	0.963	0.084
4938.000000	89	124	0.962	0.083
4944.000000	89	113	0.961	0.083
4950.000000	89	113	0.959	0.086
4956.000000	89	113	0.958	0.092
4962.000000	89	113	0.956	0.099
4968.000000	89	113	0.953	0.107
4974.000000	89	113	0.950	0.114
4980.000000	89	113	0.947	0.117
4986.000000	89	113	0.945	0.124
4992.000000	89	113	0.943	0.133
4998.000000	89	113	0.941	0.145
5004.000000	89	113	0.938	0.156
5010.000000	89	113	0.933	0.164
5016.000000	89	113	0.929	0.173
5022.000000	89	113	0.925	0.180
5028.000000	89	113	0.920	0.185
5034.000000	89	113	0.915	0.192
5040.000000	89	113	0.910	0.199
5046.000000	89	113	0.905	0.207
5052.000000	89	113	0.902	0.216
5058.000000	89	113	0.897	0.224
5064.000000	89	113	0.890	0.237
5070.000000	89	113	0.881	0.250
5076.000000	89	113	0.868	0.259
5082.000000	89	113	0.851	0.279
5088.000000	89	113	0.830	0.311
5094.000000	89	113	0.801	0.353
5100.000000	89	113	0.770	0.383
5106.000000	89	113	0.737	0.415
5112.000000	89	113	0.685	0.448
5118.000000	89	113	0.621	0.482
5124.000000	89	113	0.527	0.521
5130.000000	113	89	0.558	0.389
5136.000000	113	48	0.612	0.267
5142.000000	113	48	0.675	0.278
5148.000000	113	48	0.710	0.286
5154.000000	113	48	0.731	0.293
5160.000000	113	48	0.748	0.303
5166.000000	113	48	0.760	0.321
5172.000000	113	48	0.763	0.333
5178.000000	113	48	0.766	0.340
5184.000000	113	48	0.769	0.339
5190.000000	113	48	0.771	0.346
5196.000000	113	48	0.778	0.358
5202.000000	113	48	0.783	0.362
5208.000000	113	48	0.789	0.362
5214.000000	113	48	0.790	0.363
5220.000000	113	48	0.793	0.369
5226.000000	113	48	0.804	0.369
5232.000000	113	48	0.819	0.363
5238.000000	113	48	0.826	0.374
5244.000000	113	48	0.830	0.378
5250.000000	113	48	0.830	0.379
5256.000000	113	48	0.832	0.377
5262.000000	113	48	0.836	0.375
5268.000000	113	48	0.837	0.378
5274.000000	113	48	0.838	0.379
5280.000000	113	48	0.837	0.384
5286.000000	113	48	0.838	0.384
5292.000000	113	48	0.840	0.383
5298.000000	113	48	0.842	0.382
5304.000000	113	48	0.848	0.380
5310.000000	113	48	0.856	0.372
5316.000000	113	48	0.863	0.361
5322.000000	113	48	0.871	0.352
5328.000000	113	48	0.875	0.335
5334.000000	113	48	0.879	0.315
5340.000000	113	48	0.881	0.284
5346.000000	113	48	0.883	0.254
5352.000000	113	48	0.889	0.214
5358.000000	113	48	0.893	0.178
5364.000000	113	48	0.894	0.149
5370.000000	113	172	0.895	0.135
5376.000000	113	172	0.896	0.133
5382.000000	113	172	0.902	0.134
5388.000000	113	172	0.906	0.143
5394.000000	113	172	0.904	0.149
5400.000000	113	172	0.904	0.148
5406.000000	113	172	0.903	0.145
5412.000000	113	172	0.897	0.149
5418.000000	113	172	0.890	0.150
5424.000000	113	172	0.884	0.150
5430.000000	113	172	0.879	0.151
5436.000000	113	172	0.874	0.146
5442.000000	113	172	0.872	0.142
5448.000000	113	172	0.869	0.144
5454.000000	113	188	0.863	0.145
5460.000000	113	188	0.854	0.155
5466.000000	113	188	0.848	0.161
5472.000000	113	188	0.840	0.161
5478.000000	113	188	0.830	0.159
5484.000000	113	188	0.825	0.158
5490.000000	113	188	0.818	0.158
5496.000000	113	188	0.810	0.154
5502.000000	113	188	0.803	0.155
5508.000000	113	188	0.794	0.156
5514.000000	113	188	0.785	0.156
5520.000000	113	188	0.775	0.159
5526.000000	113	188	0.766	0.158
5532.000000	113	188	0.755	0.154
5538.000000	113	188	0.740	0.149
5544.000000	113	188	0.721	0.148
5550.000000	113	188	0.705	0.152
5556.000000	113	188	0.679	0.159
5562.000000	113	188	0.650	0.164
5568.000000	113	197	0.612	0.172
5574.000000	113	197	0.563	0.178
5580.000000	113	197	0.509	0.183
5586.000000	113	197	0.442	0.191
5592.000000	113	197	0.344	0.207
5598.000000	113	197	0.220	0.218
5604.000000	197	130	0.231	0.215
5610.000000	7	197	0.241	0.239
5616.000000	7	197	0.260	0.258
5622.000000	7	197	0.278	0.276
5628.000000	7	197	0.299	0.295
5634.000000	197	7	0.320	0.312
5640.000000	197	7	0.343	0.328
5646.000000	197	7	0.359	0.348
5652.000000	197	7	0.381	0.364
5658.000000	197	7	0.409	0.373
5664.000000	197	7	0.429	0.380
5670.000000	197	7	0.450	0.384
5676.000000	197	7	0.471	0.388
5682.000000	197	7	0.486	0.392
5688.000000	197	7	0.495	0.398
5694.000000	197	7	0.503	0.404
5700.000000	197	7	0.509	0.410
5706.000000	197	7	0.510	0.416
5712.000000	197	7	0.515	0.422
5718.000000	197	7	0.519	0.426
5724.000000	197	7	0.528	0.438
5730.000000	197	7	0.540	0.442
5736.000000	197	7	0.553	0.444
5742.000000	197	7	0.559	0.454
5748.000000	197	7	0.572	0.465
5754.000000	197	7	0.579	0.475
5760.000000	197	7	0.584	0.479
5766.000000	197	7	0.591	0.482
5772.000000	197	7	0.603	0.485
5778.000000	197	7	0.610	0.485
5784.000000	197	7	0.618	0.481
5790.000000	197	7	0.624	0.489
5796.000000	197	7	0.636	0.494
5802.000000	197	7	0.648	0.498
5808.000000	197	7	0.658	0.503
5814.000000	197	7	0.670	0.508
5820.000000	197	7	0.677	0.515
5826.000000	197	7	0.683	0.515
5832.000000	197	7	0.688	0.516
5838.000000	197	7	0.694	0.524
5844.000000	197	7	0.703	0.535
5850.000000	197	7	0.713	0.546
5856.000000	197	7	0.734	0.555
5862.000000	197	7	0.761	0.558
5868.000000	197	7	0.782	0.562
5874.000000	197	7	0.797	0.563
5880.000000	197	7	0.812	0.575
5886.000000	197	7	0.832	0.578
5892.000000	197	7	0.843	0.576
5898.000000	197	7	0.849	0.568
5904.000000	197	7	0.855	0.559
5910.000000	197	7	0.861	0.560
5916.000000	197	7	0.867	0.554
5922.000000	197	7	0.873	0.541
5928.000000	197	7	0.880	0.513
5934.000000	197	7	0.883	0.487
5940.000000	197	7	0.887	0.470
5946.000000	197	7	0.896	0.447
5952.000000	197	7	0.897	0.423
5958.000000	197	7	0.900	0.397
5964.000000	197	7	0.903	0.361
5970.000000	197	7	0.903	0.332
5976.000000	197	7	0.906	0.304
5982.000000	197	7	0.913	0.262
5988.000000	197	7	0.917	0.224
5994.000000	197	7	0.924	0.185
6000.000000	197	178	0.924	0.196
6006.000000	197	178	0.924	0.215
6012.000000	197	178	0.926	0.235
6018.000000	197	178	0.929	0.260
6024.000000	197	178	0.932	0.282
6030.000000	197	178	0.931	0.300
6036.000000	197	178	0.929	0.315
6042.000000	197	178	0.925	0.337
6048.000000	197	178	0.920	0.366
6054.000000	197	178	0.915	0.394
6060.000000	197	178	0.906	0.414
6066.000000	197	178	0.901	0.430
6072.000000	197	178	0.895	0.462
6078.000000	197	178	0.885	0.493
6084.000000	197	178	0.875	0.515
6090.000000	197	178	0.869	0.532
6096.000000	197	178	0.859	0.542
6102.000000	197	178	0.849	0.553
6108.000000	197	178	0.837	0.567
6114.000000	197	178	0.821	0.579
6120.000000	197	178	0.805	0.587
6126.000000	197	178	0.785	0.606
6132.000000	197	178	0.757	0.632
6138.000000	197	178	0.725	0.653
6144.000000	197	178	0.679	0.674
6150.000000	178	197	0.705	0.622
6156.000000	178	197	0.744	0.548
6162.000000	178	197	0.782	0.449
6168.000000	178	135	0.824	0.327
6174.000000	178	135	0.868	0.346
6180.000000	178	135	0.888	0.358
6186.000000	178	135	0.899	0.376
6192.000000	178	135	0.903	0.391
6198.000000	178	135	0.912	0.406
6204.000000	178	135	0.914	0.425
6210.000000	178	135	0.912	0.445
6216.000000	178	135	0.910	0.459
6222.000000	178	135	0.906	0.469
6228.000000	178	135	0.902	0.483
6234.000000	178	135	0.898	0.496
6240.000000	178	135	0.896	0.506
6246.000000	178	135	0.895	0.508
6252.000000	178	135	0.894	0.511
6258.000000	178	135	0.893	0.506
6264.000000	178	135	0.894	0.500
6270.000000	178	135	0.895	0.500
6276.000000	178	135	0.893	0.504
6282.000000	178	135	0.892	0.501
6288.000000	178	135	0.892	0.508
6294.000000	178	135	0.890	0.522
6300.000000	178	135	0.886	0.526
6306.000000	178	135	0.881	0.528
6312.000000	178	135	0.876	0.527
6318.000000	178	135	0.873	0.524
6324.000000	178	135	0.869	0.519
6330.000000	178	135	0.866	0.517
6336.000000	178	135	0.863	0.517
6342.000000	178	135	0.858	0.523
6348.000000	178	135	0.856	0.526
6354.000000	178	135	0.853	0.520
6360.000000	178	135	0.847	0.513
6366.000000	178	135	0.838	0.507
6372.000000	178	135	0.831	0.498
6378.000000	178	135	0.823	0.494
6384.000000	178	135	0.819	0.491
6390.000000	178	135	0.812	0.481
6396.000000	178	135	0.804	0.469
6402.000000	178	135	0.794	0.455
6408.000000	178	135	0.783	0.443
6414.000000	178	135	0.768	0.432
6420.000000	178	135	0.761	0.415
6426.000000	178	107	0.758	0.397
6432.000000	178	107	0.750	0.408
6438.000000	178	107	0.729	0.430
6444.000000	178	107	0.709	0.451
6450.000000	178	107	0.686	0.470
6456.000000	178	107	0.661	0.489
6462.000000	178	107	0.614	0.519
6468.000000	178	107	0.569	0.553
6474.000000	107	178	0.588	0.505
6480.000000	107	178	0.627	0.410
6486.000000	107	17	0.659	0.321
6492.000000	107	17	0.689	0.333
6498.000000	107	17	0.712	0.352
6504.000000	107	17	0.737	0.358
6510.000000	107	17	0.755	0.357
6516.000000	107	17	0.769	0.352
6522.000000	107	17	0.770	0.352
6528.000000	107	17	0.771	0.354
6534.000000	107	17	0.771	0.351
6540.000000	107	17	0.771	0.346
6546.000000	107	17	0.779	0.335
6552.000000	107	17	0.780	0.325
6558.000000	107	17	0.777	0.313
6564.000000	107	17	0.772	0.306
6570.000000	107	17	0.768	0.305
6576.000000	107	17	0.765	0.304
6582.000000	107	17	0.765	0.301
6588.000000	107	17	0.764	0.297
6594.000000	107	17	0.766	0.291
6600.000000	107	17	0.770	0.276
6606.000000	107	112	0.774	0.265
6612.000000	107	112	0.778	0.262
6618.000000	107	112	0.791	0.260
6624.000000	107	187	0.801	0.260
6630.000000	107	187	0.810	0.268
6636.000000	107	187	0.821	0.269
6642.000000	107	187	0.829	0.269
6648.000000	107	187	0.835	0.267
6654.000000	107	187	0.842	0.265
6660.000000	107	187	0.844	0.266
6666.000000	107	187	0.848	0.274
6672.000000	107	187	0.854	0.280
6678.000000	107	187	0.859	0.282
6684.000000	107	187	0.866	0.277
6690.000000	107	187	0.867	0.281
6696.000000	107	187	0.870	0.284
6702.000000	107	187	0.874	0.282
6708.000000	107	187	0.877	0.278
6714.000000	107	187	0.880	0.268
6720.000000	107	187	0.883	0.255
6726.000000	107	187	0.877	0.251
6732.000000	107	187	0.876	0.251
6738.000000	107	22	0.875	0.252
6744.000000	107	22	0.879	0.256
6750.000000	107	22	0.880	0.254
6756.000000	107	22	0.880	0.256
6762.000000	107	22	0.878	0.259
6768.000000	107	22	0.876	0.260
6774.000000	107	22	0.875	0.259
6780.000000	107	22	0.874	0.257
6786.000000	107	22	0.873	0.258
6792.000000	107	22	0.874	0.263
6798.000000	107	22	0.872	0.272
6804.000000	107	22	0.867	0.281
6810.000000	107	22	0.862	0.291
6816.000000	107	22	0.859	0.300
6822.000000	107	22	0.857	0.311
6828.000000	107	22	0.854	0.328
6834.000000	107	22	0.851	0.345
6840.000000	107	22	0.843	0.359
6846.000000	107	22	0.834	0.374
6852.000000	107	22	0.827	0.383
6858.000000	107	22	0.815	0.398
6864.000000	107	22	0.798	0.419
6870.000000	107	22	0.768	0.447
6876.000000	107	22	0.734	0.474
6882.000000	107	22	0.703	0.502
6888.000000	107	22	0.657	0.531
6894.000000	107	22	0.600	0.564
6900.000000	22	107	0.609	0.524
6906.000000	22	107	0.670	0.406
6912.000000	22	107	0.739	0.258
6918.000000	22	57	0.797	0.140
6924.000000	22	57	0.832	0.127
6930.000000	22	57	0.848	0.124
6936.000000	22	57	0.861	0.126
6942.000000	22	57	0.875	0.140
6948.000000	22	57	0.878	0.149
6954.000000	22	57	0.880	0.155
6960.000000	22	57	0.880	0.158
6966.000000	22	57	0.878	0.161
6972.000000	22	57	0.877	0.167
6978.000000	22	57	0.878	0.169
6984.000000	22	57	0.879	0.170
6990.000000	22	57	0.881	0.167
6996.000000	22	57	0.880	0.168
7002.000000	22	57	0.879	0.170
7008.000000	22	57	0.878	0.171
7014.000000	22	185	0.878	0.178
7020.000000	22	185	0.879	0.189
7026.000000	22	185	0.876	0.193
7032.000000	22	185	0.873	0.194
7038.000000	22	185	0.871	0.196
7044.000000	22	185	0.869	0.199
7050.000000	22	185	0.870	0.202
7056.000000	22	185	0.871	0.206
7062.000000	22	185	0.873	0.215
7068.000000	22	185	0.875	0.228
7074.000000	22	185	0.876	0.236
7080.000000	22	185	0.875	0.244
7086.000000	22	185	0.876	0.251
7092.000000	22	185	0.878	0.254
7098.000000	22	185	0.879	0.260
7104.000000	22	185	0.880	0.273
7110.000000	22	185	0.881	0.281
7116.000000	22	185	0.881	0.290
7122.000000	22	185	0.881	0.301
7128.000000	22	185	0.881	0.312
7134.000000	22	185	0.881	0.322
7140.000000	22	185	0.880	0.333
7146.000000	22	185	0.882	0.352
7152.000000	22	185	0.885	0.374
7158.000000	22	185	0.889	0.397
7164.000000	22	185	0.890	0.425
7170.000000	22	185	0.889	0.445
7176.000000	22	185	0.885	0.466
7182.000000	22	185	0.885	0.489
7188.000000	22	185	0.886	0.506
7194.000000	22	185	0.886	0.525
7200.000000	22	185	0.881	0.542
7206.000000	22	185	0.876	0.560
7212.000000	22	185	0.873	0.573
7218.000000	22	185	0.869	0.592
7224.000000	22	185	0.857	0.612
7230.000000	22	185	0.842	0.637
7236.000000	22	185	0.824	0.668
7242.000000	22	185	0.810	0.692
7248.000000	22	185	0.784	0.719
7254.000000	22	185	0.765	0.734
7260.000000	185	22	0.748	0.743
7266.000000	185	22	0.773	0.708
7272.000000	185	22	0.795	0.674
7278.000000	185	22	0.831	0.624
7284.000000	185	22	0.858	0.561
7290.000000	185	22	0.888	0.473
7296.000000	185	22	0.918	0.348
7302.000000	185	22	0.936	0.185
7308.000000	185	193	0.947	0.188
7314.000000	185	193	0.956	0.192
7320.000000	185	193	0.958	0.200
7326.000000	185	193	0.957	0.206
7332.000000	185	193	0.955	0.214
7338.000000	185	193	0.954	0.222
7344.000000	185	193	0.952	0.232
7350.000000	185	193	0.951	0.244
7356.000000	185	193	0.950	0.257
7362.000000	185	193	0.948	0.270
7368.000000	185	193	0.947	0.278
7374.000000	185	193	0.949	0.281
7380.000000	185	193	0.948	0.288
7386.000000	185	193	0.946	0.297
7392.000000	185	193	0.945	0.303
7398.000000	185	193	0.943	0.304
7404.000000	185	193	0.942	0.304
7410.000000	185	193	0.940	0.306
7416.000000	185	193	0.937	0.309
7422.000000	185	193	0.935	0.312
7428.000000	185	193	0.932	0.318
7434.000000	185	193	0.929	0.322
7440.000000	185	193	0.928	0.323
7446.000000	185	193	0.927	0.321
7452.000000	185	193	0.925	0.324
7458.000000	185	193	0.923	0.325
7464.000000	185	193	0.921	0.321
7470.000000	185	193	0.920	0.318
7476.000000	185	193	0.918	0.317
7482.000000	185	193	0.916	0.310
7488.000000	185	193	0.915	0.303
7494.000000	185	128	0.913	0.311
7500.000000	185	128	0.912	0.326
7506.000000	185	128	0.911	0.341
7512.000000	185	128	0.913	0.355
7518.000000	185	128	0.913	0.368
7524.000000	185	128	0.912	0.391
7530.000000	185	128	0.910	0.409
7536.000000	185	128	0.907	0.420
7542.000000	185	128	0.899	0.439
7548.000000	185	128	0.895	0.461
7554.000000	185	128	0.887	0.488
7560.000000	185	128	0.879	0.512
7566.000000	185	128	0.865	0.535
7572.000000	185	128	0.847	0.574
7578.000000	185	128	0.834	0.601
7584.000000	185	128	0.815	0.632
7590.000000	185	128	0.789	0.657
7596.000000	185	128	0.746	0.700
7602.000000	128	185	0.733	0.704
7608.000000	128	185	0.753	0.656
7614.000000	128	185	0.775	0.585
7620.000000	128	185	0.810	0.486
7626.000000	128	185	0.836	0.356
7632.000000	128	179	0.860	0.297
7638.000000	128	179	0.879	0.306
7644.000000	128	54	0.888	0.314
7650.000000	128	54	0.895	0.325
7656.000000	128	54	0.897	0.335
7662.000000	128	54	0.900	0.342
7668.000000	128	54	0.901	0.346
7674.000000	128	54	0.899	0.351
7680.000000	128	54	0.897	0.353
7686.000000	128	54	0.897	0.361
7692.000000	128	54	0.893	0.371
7698.000000	128	54	0.890	0.374
7704.000000	128	54	0.884	0.376
7710.000000	128	54	0.879	0.382
7716.000000	128	54	0.875	0.386
7722.000000	128	54	0.874	0.388
7728.000000	128	54	0.872	0.388
7734.000000	128	54	0.869	0.388
7740.000000	128	54	0.867	0.390
7746.000000	128	54	0.867	0.391
7752.000000	128	54	0.862	0.394
7758.000000	128	54	0.854	0.396
7764.000000	128	54	0.848	0.396
7770.000000	128	54	0.846	0.394
7776.000000	128	54	0.845	0.384
7782.000000	128	54	0.843	0.374
7788.000000	128	54	0.839	0.372
7794.000000	128	54	0.838	0.371
7800.000000	128	54	0.837	0.360
7806.000000	128	54	0.836	0.353
7812.000000	128	54	0.837	0.345
7818.000000	128	54	0.842	0.338
7824.000000	128	54	0.840	0.330
7830.000000	128	54	0.834	0.318
7836.000000	128	44	0.829	0.318
7842.000000	128	44	0.823	0.318
7848.000000	128	44	0.818	0.320
7854.000000	128	44	0.811	0.324
7860.000000	128	44	0.807	0.329
7866.000000	128	44	0.802	0.332
7872.000000	128	44	0.800	0.332
7878.000000	128	44	0.794	0.341
7884.000000	128	44	0.781	0.351
7890.000000	128	44	0.760	0.370
7896.000000	128	44	0.744	0.388
7902.000000	128	44	0.726	0.400
7908.000000	128	44	0.711	0.408
7914.000000	128	44	0.696	0.416
7920.000000	128	44	0.679	0.422
7926.000000	128	44	0.656	0.426
7932.000000	128	44	0.626	0.434
7938.000000	128	44	0.597	0.452
7944.000000	128	44	0.554	0.471
7950.000000	128	44	0.499	0.493
7956.000000	44	128	0.518	0.428
7962.000000	44	128	0.544	0.340
7968.000000	44	42	0.576	0.333
7974.000000	44	42	0.623	0.363
7980.000000	44	42	0.646	0.395
7986.000000	44	42	0.666	0.428
7992.000000	44	42	0.678	0.466
7998.000000	44	42	0.692	0.491
8004.000000	44	42	0.711	0.520
8010.000000	44	42	0.729	0.547
8016.000000	44	42	0.735	0.559
8022.000000	44	42	0.737	0.572
8028.000000	44	42	0.744	0.591
8034.000000	44	42	0.744	0.619
8040.000000	44	42	0.745	0.636
8046.000000	44	42	0.747	0.646
8052.000000	44	42	0.747	0.655
8058.000000	44	42	0.747	0.665
8064.000000	44	42	0.748	0.670
8070.000000	44	42	0.745	0.685
8076.000000	44	42	0.753	0.707
8082.000000	44	42	0.760	0.722
8088.000000	44	42	0.774	0.730
8094.000000	44	42	0.779	0.741
8100.000000	44	42	0.779	0.747
8106.000000	44	42	0.781	0.752
8112.000000	44	42	0.781	0.758
8118.000000	44	42	0.781	0.763
8124.000000	44	42	0.781	0.776
8130.000000	42	44	0.788	0.783
8136.000000	42	44	0.797	0.785
8142.000000	42	44	0.807	0.787
8148.000000	42	44	0.815	0.793
8154.000000	42	44	0.817	0.795
8160.000000	42	44	0.820	0.796
8166.000000	42	44	0.825	0.806
8172.000000	42	44	0.826	0.811
8178.000000	42	44	0.826	0.812
8184.000000	42	44	0.828	0.810
8190.000000	42	44	0.831	0.808
8196.000000	42	44	0.837	0.804
8202.000000	42	44	0.839	0.803
8208.000000	42	44	0.843	0.800
8214.000000	42	44	0.846	0.801
8220.000000	42	44	0.848	0.798
8226.000000	42	44	0.848	0.799
8232.000000	42	44	0.848	0.801
8238.000000	42	44	0.849	0.801
8244.000000	42	44	0.845	0.805
8250.000000	42	44	0.844	0.805
8256.000000	42	44	0.841	0.806
8262.000000	42	44	0.838	0.806
8268.000000	42	44	0.840	0.798
8274.000000	42	44	0.840	0.796
8280.000000	42	44	0.840	0.794
8286.000000	42	44	0.840	0.788
8292.000000	42	44	0.839	0.783
8298.000000	42	44	0.839	0.778
8304.000000	42	44	0.839	0.769
8310.000000	42	44	0.838	0.761
8316.000000	42	44	0.836	0.754
8322.000000	42	44	0.832	0.745
8328.000000	42	44	0.826	0.734
8334.000000	42	44	0.825	0.717
8340.000000	42	44	0.824	0.693
8346.000000	42	44	0.825	0.660
8352.000000	42	44	0.828	0.616
8358.000000	42	44	0.841	0.547
8364.000000	42	44	0.856	0.455
8370.000000	42	44	0.871	0.324
8376.000000	42	27	0.884	0.169
8382.000000	42	27	0.897	0.180
8388.000000	42	27	0.906	0.194
8394.000000	42	27	0.914	0.204
8400.000000	42	27	0.919	0.213
8406.000000	42	27	0.921	0.223
8412.000000	42	27	0.921	0.237
8418.000000	42	27	0.921	0.259
8424.000000	42	27	0.924	0.285
8430.000000	42	27	0.924	0.315
8436.000000	42	27	0.919	0.359
8442.000000	42	27	0.916	0.408
8448.000000	42	27	0.912	0.454
8454.000000	42	27	0.912	0.495
8460.000000	42	27	0.904	0.540
8466.000000	42	27	0.897	0.564
8472.000000	42	27	0.887	0.577
8478.000000	42	27	0.877	0.592
8484.000000	42	27	0.868	0.600
8490.000000	42	27	0.856	0.613
8496.000000	42	27	0.842	0.627
8502.000000	42	27	0.822	0.643
8508.000000	42	27	0.803	0.650
8514.000000	42	27	0.777	0.658
8520.000000	42	27	0.744	0.675
8526.000000	42	27	0.706	0.699
8532.000000	27	42	0.722	0.653
8538.000000	27	42	0.751	0.581
8544.000000	27	42	0.790	0.492
8550.000000	27	42	0.841	0.366
8556.000000	27	42	0.893	0.212
8562.000000	27	107	0.917	0.191
8568.000000	27	107	0.929	0.197
8574.000000	27	107	0.935	0.202
8580.000000	27	107	0.935	0.208
8586.000000	27	107	0.935	0.213
8592.000000	27	121	0.935	0.214
8598.000000	27	121	0.932	0.226
8604.000000	27	121	0.929	0.242
8610.000000	27	121	0.926	0.255
8616.000000	27	121	0.925	0.270
8622.000000	27	121	0.927	0.284
8628.000000	27	121	0.929	0.298
8634.000000	27	121	0.928	0.311
8640.000000	27	121	0.930	0.324
8646.000000	27	121	0.929	0.338
8652.000000	27	121	0.927	0.348
8658.000000	27	121	0.925	0.358
8664.000000	27	121	0.923	0.365
8670.000000	27	121	0.922	0.375
8676.000000	27	121	0.920	0.385
8682.000000	27	121	0.917	0.391
8688.000000	27	121	0.915	0.397
8694.000000	27	121	0.914	0.410
8700.000000	27	121	0.912	0.422
8706.000000	27	121	0.909	0.439
8712.000000	27	121	0.904	0.460
8718.000000	27	121	0.898	0.483
8724.000000	27	121	0.894	0.508
8730.000000	27	121	0.888	0.524
8736.000000	27	121	0.880	0.549
8742.000000	27	121	0.870	0.570
8748.000000	27	121	0.863	0.579
8754.000000	27	121	0.857	0.586
8760.000000	27	121	0.852	0.591
8766.000000	27	121	0.847	0.601
8772.000000	27	121	0.845	0.612
8778.000000	27	121	0.838	0.626
8784.000000	27	121	0.826	0.650
8790.000000	27	121	0.820	0.660
8796.000000	27	121	0.810	0.672
8802.000000	27	121	0.788	0.693
8808.000000	27	121	0.773	0.720
8814.000000	27	121	0.755	0.741
8820.000000	121	27	0.753	0.733
8826.000000	121	27	0.770	0.698
8832.000000	121	27	0.790	0.658
8838.000000	121	27	0.806	0.615
8844.000000	121	27	0.814	0.550
8850.000000	121	27	0.825	0.459
8856.000000	121	27	0.853	0.321
8862.000000	121	64	0.881	0.285
8868.000000	121	64	0.903	0.281
8874.000000	121	64	0.916	0.282
8880.000000	121	64	0.919	0.288
8886.000000	121	64	0.923	0.290
8892.000000	121	64	0.923	0.292
8898.000000	121	64	0.925	0.292
8904.000000	121	64	0.925	0.292
8910.000000	121	64	0.923	0.296
8916.000000	121	64	0.921	0.298
8922.000000	121	64	0.920	0.297
8928.000000	121	64	0.922	0.293
8934.000000	121	64	0.924	0.292
8940.000000	121	64	0.923	0.295
8946.000000	121	64	0.922	0.295
8952.000000	121	64	0.923	0.298
8958.000000	121	64	0.922	0.302
8964.000000	121	64	0.921	0.306
8970.000000	121	64	0.920	0.304
8976.000000	121	64	0.919	0.302
8982.000000	121	64	0.916	0.300
8988.000000	121	64	0.912	0.297
8994.000000	121	64	0.914	0.288
9000.000000	121	64	0.914	0.279
9006.000000	121	64	0.915	0.271
9012.000000	121	64	0.916	0.264
9018.000000	121	64	0.917	0.255
9024.000000	121	64	0.915	0.246
9030.000000	121	195	0.914	0.244
9036.000000	121	195	0.914	0.259
9042.000000	121	195	0.912	0.276
9048.000000	121	195	0.912	0.296
9054.000000	121	195	0.911	0.315
9060.000000	121	195	0.910	0.342
9066.000000	121	195	0.908	0.369
9072.000000	121	195	0.905	0.408
9078.000000	121	195	0.901	0.451
9084.000000	121	195	0.895	0.485
9090.000000	121	195	0.888	0.517
9096.000000	121	195	0.876	0.552
9102.000000	121	195	0.852	0.590
9108.000000	121	195	0.830	0.618
9114.000000	121	195	0.809	0.651
9120.000000	121	195	0.777	0.692
9126.000000	121	195	0.743	0.722
9132.000000	195	121	0.753	0.711
9138.000000	195	121	0.787	0.666
9144.000000	195	121	0.824	0.594
9150.000000	195	121	0.864	0.478
9156.000000	195	121	0.892	0.335
9162.000000	195	170	0.928	0.362
9168.000000	195	170	0.941	0.386
9174.000000	195	170	0.945	0.428
9180.000000	195	170	0.944	0.474
9186.000000	195	170	0.940	0.522
9192.000000	195	170	0.937	0.561
9198.000000	195	170	0.936	0.583
9204.000000	195	170	0.937	0.609
9210.000000	195	170	0.933	0.627
9216.000000	195	170	0.930	0.640
9222.000000	195	170	0.928	0.645
9228.000000	195	170	0.926	0.647
9234.000000	195	170	0.924	0.648
9240.000000	195	170	0.920	0.647
9246.000000	195	170	0.917	0.648
9252.000000	195	170	0.914	0.651
9258.000000	195	170	0.911	0.658
9264.000000	195	170	0.904	0.667
9270.000000	195	170	0.902	0.670
9276.000000	195	170	0.900	0.673
9282.000000	195	170	0.897	0.677
9288.000000	195	170	0.889	0.685
9294.000000	195	170	0.884	0.688
9300.000000	195	170	0.876	0.694
9306.000000	195	170	0.873	0.697
9312.000000	195	170	0.872	0.700
9318.000000	195	170	0.867	0.708
9324.000000	195	170	0.863	0.719
9330.000000	195	170	0.853	0.729
9336.000000	195	170	0.849	0.740
9342.000000	195	170	0.846	0.751
9348.000000	195	170	0.838	0.761
9354.000000	195	170	0.821	0.775
9360.000000	195	170	0.805	0.788
9366.000000	170	195	0.796	0.793
9372.000000	170	195	0.806	0.779
9378.000000	170	195	0.814	0.763
9384.000000	170	195	0.821	0.743
9390.000000	170	195	0.830	0.723
9396.000000	170	195	0.845	0.689
9402.000000	170	195	0.856	0.656
9408.000000	170	195	0.867	0.619
9414.000000	170	195	0.874	0.571
9420.000000	170	195	0.892	0.473
9426.000000	170	195	0.907	0.367
9432.000000	170	54	0.925	0.384
9438.000000	170	54	0.936	0.421
9444.000000	170	54	0.937	0.461
9450.000000	170	54	0.934	0.492
9456.000000	170	54	0.931	0.521
9462.000000	170	54	0.923	0.543
9468.000000	170	54	0.914	0.562
9474.000000	170	54	0.907	0.576
9480.000000	170	54	0.899	0.592
9486.000000	170	54	0.894	0.602
9492.000000	170	54	0.886	0.620
9498.000000	170	54	0.880	0.628
9504.000000	170	54	0.868	0.642
9510.000000	170	54	0.859	0.650
9516.000000	170	54	0.847	0.657
9522.000000	170	54	0.837	0.662
9528.000000	170	54	0.821	0.675
9534.000000	170	54	0.809	0.683
9540.000000	170	54	0.799	0.687
9546.000000	170	54	0.785	0.690
9552.000000	170	54	0.766	0.695
9558.000000	170	54	0.744	0.700
9564.000000	170	54	0.726	0.703
9570.000000	54	170	0.709	0.706
9576.000000	54	170	0.722	0.678
9582.000000	54	170	0.738	0.646
9588.000000	54	170	0.756	0.601
9594.000000	54	170	0.784	0.540
9600.000000	54	170	0.809	0.458
9606.000000	54	170	0.836	0.368
9612.000000	54	170	0.872	0.247
9618.000000	54	140	0.889	0.167
9624.000000	54	140	0.899	0.162
9630.000000	54	140	0.918	0.153
9636.000000	54	105	0.925	0.158
9642.000000	54	105	0.929	0.167
9648.000000	54	105	0.932	0.179
9654.000000	54	105	0.935	0.186
9660.000000	54	105	0.934	0.191
9666.000000	54	105	0.933	0.200
9672.000000	54	105	0.931	0.214
9678.000000	54	105	0.929	0.227
9684.000000	54	105	0.927	0.237
9690.000000	54	105	0.924	0.249
9696.000000	54	105	0.922	0.261
9702.000000	54	105	0.919	0.272
9708.000000	54	105	0.916	0.277
9714.000000	54	105	0.912	0.285
9720.000000	54	105	0.909	0.297
9726.000000	54	105	0.908	0.308
9732.000000	54	105	0.906	0.314
9738.000000	54	105	0.904	0.319
9744.000000	54	105	0.901	0.324
9750.000000	54	105	0.898	0.336
9756.000000	54	105	0.897	0.352
9762.000000	54	105	0.894	0.360
9768.000000	54	105	0.891	0.372
9774.000000	54	105	0.888	0.391
9780.000000	54	105	0.884	0.414
9786.000000	54	105	0.879	0.438
9792.000000	54	105	0.870	0.459
9798.000000	54	105	0.858	0.476
9804.000000	54	105	0.850	0.492
9810.000000	54	105	0.844	0.511
9816.000000	54	105	0.835	0.524
9822.000000	54	105	0.818	0.540
9828.000000	54	105	0.801	0.556
9834.000000	54	105	0.778	0.580
9840.000000	54	105	0.744	0.603
9846.000000	54	105	0.699	0.626
9852.000000	105	54	0.659	0.627
9858.000000	105	153	0.687	0.651
9864.000000	105	153	0.716	0.688
9870.000000	105	153	0.750	0.735
9876.000000	153	105	0.788	0.786
9882.000000	153	105	0.824	0.802
9888.000000	153	105	0.841	0.806
9894.000000	153	105	0.853	0.802
9900.000000	153	105	0.861	0.803
9906.000000	153	105	0.863	0.808
9912.000000	153	105	0.860	0.810
9918.000000	153	105	0.866	0.807
9924.000000	153	105	0.869	0.807
9930.000000	153	105	0.872	0.803
9936.000000	153	105	0.872	0.802
9942.000000	153	105	0.875	0.798
9948.000000	153	105	0.875	0.795
9954.000000	153	105	0.875	0.792
9960.000000	153	105	0.876	0.786
9966.000000	153	105	0.882	0.776
9972.000000	153	105	0.884	0.772
9978.000000	153	105	0.887	0.765
9984.000000	153	105	0.891	0.751
9990.000000	153	105	0.894	0.740
9996.000000	153	105	0.899	0.734
10002.000000	153	105	0.900	0.732
10008.000000	153	105	0.903	0.725
10014.000000	153	105	0.904	0.719
10020.000000	153	105	0.904	0.714
10026.000000	153	105	0.904	0.709
10032.000000	153	105	0.901	0.707
10038.000000	153	105	0.900	0.704
10044.000000	153	105	0.901	0.695
10050.000000	153	105	0.904	0.682
10056.000000	153	105	0.909	0.664
10062.000000	153	105	0.912	0.642
10068.000000	153	105	0.917	0.620
10074.000000	153	105	0.918	0.596
10080.000000	153	105	0.919	0.564
10086.000000	153	105	0.921	0.526
10092.000000	153	105	0.925	0.472
10098.000000	153	105	0.929	0.399
10104.000000	153	105	0.936	0.298
10110.000000	153	105	0.941	0.161
10116.000000	153	103	0.947	0.151
10122.000000	153	103	0.951	0.154
10128.000000	153	103	0.950	0.161
10134.000000	153	103	0.948	0.169
10140.000000	153	103	0.944	0.181
10146.000000	153	103	0.939	0.192
10152.000000	153	103	0.936	0.207
10158.000000	153	103	0.933	0.220
10164.000000	153	103	0.930	0.233
10170.000000	153	103	0.929	0.250
10176.000000	153	103	0.927	0.266
10182.000000	153	103	0.921	0.286
10188.000000	153	103	0.916	0.306
10194.000000	153	103	0.911	0.325
10200.000000	153	103	0.906	0.348
10206.000000	153	103	0.901	0.365
10212.000000	153	103	0.895	0.373
10218.000000	153	103	0.892	0.386
10224.000000	153	103	0.889	0.399
10230.000000	153	103	0.882	0.418
10236.000000	153	103	0.867	0.434
10242.000000	153	103	0.848	0.450
10248.000000	153	103	0.825	0.477
10254.000000	153	103	0.799	0.493
10260.000000	153	103	0.774	0.508
10266.000000	153	103	0.746	0.531
10272.000000	153	103	0.711	0.561
10278.000000	153	103	0.661	0.597
10284.000000	103	153	0.620	0.605
10290.000000	103	153	0.648	0.530
10296.000000	103	153	0.694	0.412
10302.000000	103	81	0.734	0.299
10308.000000	103	81	0.780	0.313
10314.000000	103	81	0.810	0.331
10320.000000	103	81	0.832	0.353
10326.000000	103	81	0.842	0.365
10332.000000	103	81	0.850	0.376
10338.000000	103	81	0.856	0.381
10344.000000	103	81	0.857	0.394
10350.000000	103	81	0.858	0.411
10356.000000	103	81	0.859	0.430
10362.000000	103	81	0.858	0.450
10368.000000	103	81	0.860	0.459
10374.000000	103	81	0.862	0.464
10380.000000	103	81	0.861	0.469
10386.000000	103	81	0.861	0.478
10392.000000	103	81	0.863	0.493
10398.000000	103	81	0.862	0.500
10404.000000	103	81	0.862	0.508
10410.000000	103	81	0.862	0.513
10416.000000	103	81	0.862	0.514
10422.000000	103	81	0.861	0.524
10428.000000	103	81	0.858	0.540
10434.000000	103	81	0.859	0.543
10440.000000	103	81	0.860	0.545
10446.000000	103	81	0.862	0.552
10452.000000	103	81	0.861	0.565
10458.000000	103	81	0.861	0.577
10464.000000	103	81	0.865	0.584
10470.000000	103	81	0.867	0.587
10476.000000	103	81	0.864	0.595
10482.000000	103	81	0.863	0.599
10488.000000	103	81	0.860	0.604
10494.000000	103	81	0.852	0.606
10500.000000	103	81	0.848	0.603
10506.000000	103	81	0.845	0.599
10512.000000	103	81	0.842	0.593
10518.000000	103	81	0.838	0.590
10524.000000	103	81	0.829	0.588
10530.000000	103	81	0.826	0.591
10536.000000	103	81	0.823	0.599
10542.000000	103	81	0.820	0.603
10548.000000	103	81	0.815	0.602
10554.000000	103	81	0.805	0.603
10560.000000	103	81	0.794	0.603
10566.000000	103	81	0.778	0.599
10572.000000	103	81	0.762	0.599
10578.000000	103	81	0.746	0.594
10584.000000	103	81	0.728	0.587
10590.000000	103	81	0.713	0.574
10596.000000	103	81	0.694	0.560
10602.000000	103	81	0.671	0.550
10608.000000	103	81	0.643	0.549
10614.000000	103	81	0.606	0.546
10620.000000	103	81	0.559	0.539
10626.000000	81	103	0.542	0.482
10632.000000	81	103	0.556	0.382
10638.000000	81	69	0.571	0.287
10644.000000	81	69	0.581	0.303
10650.000000	81	69	0.590	0.316
10656.000000	81	69	0.594	0.341
10662.000000	81	69	0.596	0.362
10668.000000	81	69	0.591	0.388
10674.000000	81	69	0.579	0.425
10680.000000	81	69	0.567	0.465
10686.000000	81	69	0.553	0.493
10692.000000	81	69	0.536	0.517
10698.000000	69	81	0.544	0.520
10704.000000	69	81	0.573	0.495
10710.000000	69	81	0.600	0.467
10716.000000	69	81	0.625	0.438
10722.000000	69	81	0.642	0.412
10728.000000	69	81	0.664	0.388
10734.000000	69	81	0.701	0.347
10740.000000	69	104	0.738	0.296
10746.000000	69	104	0.767	0.298
10752.000000	69	104	0.795	0.308
10758.000000	69	104	0.809	0.318
10764.000000	69	104	0.821	0.322
10770.000000	69	104	0.825	0.326
10776.000000	69	104	0.832	0.335
10782.000000	69	104	0.843	0.340
10788.000000	69	104	0.849	0.346
10794.000000	69	104	0.859	0.360
10800.000000	69	104	0.868	0.368
10806.000000	69	104	0.871	0.370
10812.000000	69	104	0.872	0.374
10818.000000	69	104	0.875	0.377
10824.000000	69	104	0.881	0.376
10830.000000	69	104	0.883	0.373
10836.000000	69	104	0.887	0.371
10842.000000	69	104	0.889	0.372
10848.000000	69	104	0.890	0.371
10854.000000	69	104	0.895	0.369
10860.000000	69	104	0.897	0.363
10866.000000	69	104	0.894	0.359
10872.000000	69	104	0.894	0.348
10878.000000	69	104	0.897	0.343
10884.000000	69	104	0.897	0.339
10890.000000	69	104	0.897	0.332
10896.000000	69	104	0.898	0.323
10902.000000	69	104	0.900	0.307
10908.000000	69	104	0.901	0.296
10914.000000	69	104	0.901	0.285
10920.000000	69	104	0.903	0.268
10926.000000	69	104	0.904	0.244
10932.000000	69	109	0.906	0.244
10938.000000	69	109	0.909	0.246
10944.000000	69	109	0.908	0.251
10950.000000	69	109	0.907	0.252
10956.000000	69	109	0.908	0.250
10962.000000	69	109	0.908	0.248
10968.000000	69	109	0.907	0.248
10974.000000	69	109	0.906	0.248
10980.000000	69	109	0.906	0.249
10986.000000	69	109	0.905	0.247
10992.000000	69	109	0.906	0.244
10998.000000	69	109	0.909	0.235
11004.000000	69	109	0.910	0.225
11010.000000	69	109	0.912	0.211
11016.000000	69	109	0.912	0.204
11022.000000	69	109	0.909	0.197
11028.000000	69	109	0.905	0.191
11034.000000	69	109	0.900	0.185
11040.000000	69	164	0.893	0.184
11046.000000	69	164	0.884	0.181
11052.000000	69	164	0.877	0.182
11058.000000	69	164	0.872	0.182
11064.000000	69	164	0.866	0.178
11070.000000	69	164	0.859	0.175
11076.000000	69	164	0.850	0.173
11082.000000	69	164	0.838	0.173
11088.000000	69	164	0.827	0.172
11094.000000	69	164	0.817	0.166
11100.000000	69	164	0.807	0.161
11106.000000	69	164	0.797	0.155
11112.000000	69	164	0.785	0.143
11118.000000	69	164	0.768	0.132
11124.000000	69	164	0.744	0.126
11130.000000	69	105	0.717	0.133
11136.000000	69	105	0.682	0.140
11142.000000	69	105	0.642	0.145
11148.000000	69	105	0.581	0.152
11154.000000	69	105	0.474	0.158
11160.000000	69	105	0.307	0.166
11166.000000	105	151	0.186	0.146
11172.000000	105	151	0.208	0.150
11178.000000	105	151	0.244	0.163
11184.000000	105	151	0.290	0.181
11190.000000	105	151	0.341	0.192
11196.000000	105	151	0.397	0.204
11202.000000	105	151	0.462	0.213
11208.000000	105	151	0.511	0.225
11214.000000	105	151	0.560	0.247
11220.000000	105	151	0.602	0.268
11226.000000	105	151	0.630	0.284
11232.000000	105	151	0.648	0.300
11238.000000	105	151	0.667	0.317
11244.000000	105	151	0.685	0.334
11250.000000	105	151	0.692	0.349
11256.000000	105	151	0.711	0.353
11262.000000	105	151	0.719	0.360
11268.000000	105	151	0.724	0.372
11274.000000	105	151	0.730	0.384
11280.000000	105	151	0.744	0.395
11286.000000	105	151	0.755	0.407
11292.000000	105	151	0.767	0.421
11298.000000	105	151	0.779	0.429
11304.000000	105	151	0.791	0.437
11310.000000	105	151	0.801	0.443
11316.000000	105	151	0.807	0.449
11322.000000	105	151	0.808	0.462
11328.000000	105	151	0.808	0.480
11334.000000	105	151	0.812	0.496
11340.000000	105	151	0.817	0.506
11346.000000	105	151	0.822	0.519
11352.000000	105	151	0.829	0.534
11358.000000	105	151	0.833	0.548
11364.000000	105	151	0.835	0.564
11370.000000	105	151	0.836	0.577
11376.000000	105	151	0.839	0.581
11382.000000	105	151	0.846	0.590
11388.000000	105	151	0.850	0.597
11394.000000	105	151	0.851	0.604
11400.000000	105	151	0.851	0.611
11406.000000	105	151	0.853	0.616
11412.000000	105	151	0.859	0.622
11418.000000	105	151	0.856	0.636
11424.000000	105	151	0.855	0.644
11430.000000	105	151	0.854	0.651
11436.000000	105	151	0.853	0.660
11442.000000	105	151	0.853	0.666
11448.000000	105	151	0.848	0.671
11454.000000	105	151	0.842	0.678
11460.000000	105	151	0.837	0.684
11466.000000	105	151	0.836	0.690
11472.000000	105	151	0.834	0.696
11478.000000	105	151	0.827	0.708
11484.000000	105	151	0.822	0.714
11490.000000	105	151	0.820	0.716
11496.000000	105	151	0.814	0.724
11502.000000	105	151	0.814	0.734
11508.000000	105	151	0.809	0.740
11514.000000	105	151	0.800	0.753
11520.000000	105	151	0.790	0.759
11526.000000	105	151	0.776	0.766
11532.000000	151	105	0.774	0.763
11538.000000	151	105	0.781	0.751
11544.000000	151	105	0.792	0.733
11550.000000	151	105	0.799	0.712
11556.000000	151	105	0.809	0.686
11562.000000	151	105	0.821	0.656
11568.000000	151	105	0.838	0.616
11574.000000	151	105	0.849	0.570
11580.000000	151	105	0.862	0.501
11586.000000	151	105	0.878	0.398
11592.000000	151	105	0.912	0.200
11598.000000	151	72	0.925	0.097
11604.000000	151	72	0.936	0.083
11610.000000	151	72	0.945	0.076
11616.000000	151	68	0.947	0.079
11622.000000	151	68	0.949	0.083
11628.000000	151	68	0.949	0.089
11634.000000	151	68	0.949	0.094
11640.000000	151	68	0.950	0.096
11646.000000	151	68	0.950	0.096
11652.000000	151	68	0.949	0.100
11658.000000	151	9	0.949	0.106
11664.000000	151	9	0.949	0.112
11670.000000	151	9	0.950	0.114
11676.000000	151	9	0.949	0.115
11682.000000	151	9	0.949	0.119
11688.000000	151	9	0.947	0.124
11694.000000	151	9	0.945	0.130
11700.000000	151	9	0.942	0.137
11706.000000	151	9	0.941	0.141
11712.000000	151	9	0.942	0.143
11718.000000	151	9	0.939	0.147
11724.000000	151	9	0.939	0.151
11730.000000	151	9	0.939	0.155
11736.000000	151	9	0.941	0.160
11742.000000	151	9	0.940	0.163
11748.000000	151	9	0.938	0.169
11754.000000	151	9	0.935	0.175
11760.000000	151	64	0.934	0.184
11766.000000	151	64	0.931	0.195
11772.000000	151	64	0.928	0.206
11778.000000	151	64	0.924	0.220
11784.000000	151	64	0.918	0.238
11790.000000	151	64	0.909	0.269
11796.000000	151	64	0.900	0.289
11802.000000	151	64	0.895	0.312
11808.000000	151	64	0.891	0.338
11814.000000	151	64	0.884	0.358
11820.000000	151	64	0.874	0.383
11826.000000	151	64	0.862	0.420
11832.000000	151	64	0.852	0.447
11838.000000	151	64	0.841	0.480
11844.000000	151	64	0.827	0.514
11850.000000	151	64	0.805	0.552
11856.000000	151	64	0.782	0.594
11862.000000	151	64	0.757	0.630
11868.000000	151	64	0.723	0.677
11874.000000	64	151	0.715	0.675
11880.000000	64	151	0.748	0.614
11886.000000	64	151	0.792	0.513
11892.000000	64	151	0.846	0.324
11898.000000	64	9	0.885	0.213
11904.000000	64	9	0.897	0.218
11910.000000	64	9	0.907	0.217
11916.000000	64	9	0.912	0.214
11922.000000	64	9	0.913	0.207
11928.000000	64	9	0.914	0.205
11934.000000	64	9	0.916	0.209
11940.000000	64	9	0.916	0.212
11946.000000	64	9	0.916	0.213
11952.000000	64	9	0.921	0.210
11958.000000	64	9	0.921	0.208
11964.000000	64	9	0.923	0.208
11970.000000	64	9	0.927	0.210
11976.000000	64	9	0.927	0.212
11982.000000	64	9	0.930	0.210
11988.000000	64	9	0.932	0.208
11994.000000	64	9	0.931	0.208
12000.000000	64	9	0.930	0.215
12006.000000	64	9	0.932	0.220
12012.000000	64	9	0.936	0.222
12018.000000	64	9	0.936	0.224
12024.000000	64	9	0.936	0.221
12030.000000	64	9	0.935	0.215
12036.000000	64	9	0.931	0.214
12042.000000	64	9	0.930	0.214
12048.000000	64	9	0.929	0.211
12054.000000	64	9	0.929	0.208
12060.000000	64	9	0.930	0.200
12066.000000	64	9	0.931	0.191
12072.000000	64	9	0.932	0.182
12078.000000	64	9	0.933	0.174
12084.000000	64	9	0.933	0.168
12090.000000	64	27	0.933	0.168
12096.000000	64	27	0.933	0.171
12102.000000	64	27	0.934	0.176
12108.000000	64	27	0.936	0.184
12114.000000	64	27	0.937	0.188
12120.000000	64	27	0.939	0.188
12126.000000	64	27	0.941	0.188
12132.000000	64	27	0.944	0.192
12138.000000	64	27	0.946	0.199
12144.000000	64	27	0.946	0.200
12150.000000	64	27	0.947	0.192
12156.000000	64	27	0.947	0.185
12162.000000	64	27	0.947	0.188
12168.000000	64	27	0.947	0.193
12174.000000	64	27	0.947	0.193
12180.000000	64	27	0.947	0.193
12186.000000	64	27	0.945	0.191
12192.000000	64	27	0.943	0.188
12198.000000	64	27	0.941	0.183
12204.000000	64	27	0.940	0.176
12210.000000	64	27	0.939	0.166
12216.000000	64	27	0.937	0.157
12222.000000	64	27	0.935	0.150
12228.000000	64	27	0.931	0.138
12234.000000	64	156	0.928	0.136
12240.000000	64	156	0.925	0.139
12246.000000	64	156	0.923	0.143
12252.000000	64	156	0.915	0.148
12258.000000	64	170	0.909	0.149
12264.000000	64	170	0.902	0.160
12270.000000	64	170	0.895	0.171
12276.000000	64	170	0.884	0.186
12282.000000	64	170	0.873	0.202
12288.000000	64	170	0.854	0.222
12294.000000	64	170	0.836	0.239
12300.000000	64	170	0.808	0.255
12306.000000	64	170	0.781	0.272
12312.000000	64	170	0.752	0.296
12318.000000	64	170	0.713	0.328
12324.000000	64	170	0.659	0.358
12330.000000	64	170	0.579	0.397
12336.000000	64	170	0.476	0.437
12342.000000	170	64	0.486	0.359
12348.000000	170	189	0.535	0.328
12354.000000	170	189	0.594	0.341
12360.000000	170	189	0.646	0.357
12366.000000	170	189	0.691	0.370
12372.000000	170	189	0.725	0.382
12378.000000	170	189	0.746	0.396
12384.000000	170	189	0.754	0.411
12390.000000	170	189	0.761	0.416
12396.000000	170	189	0.773	0.417
12402.000000	170	189	0.784	0.419
12408.000000	170	189	0.791	0.426
12414.000000	170	189	0.796	0.423
12420.000000	170	189	0.800	0.426
12426.000000	170	189	0.805	0.430
12432.000000	170	189	0.809	0.435
12438.000000	170	189	0.816	0.434
12444.000000	170	189	0.817	0.438
12450.000000	170	189	0.818	0.437
12456.000000	170	189	0.819	0.442
12462.000000	170	189	0.823	0.447
12468.000000	170	189	0.831	0.457
12474.000000	170	189	0.837	0.467
12480.000000	170	189	0.842	0.472
12486.000000	170	189	0.844	0.478
12492.000000	170	189	0.855	0.473
12498.000000	170	189	0.870	0.462
12504.000000	170	189	0.886	0.448
12510.000000	170	189	0.890	0.439
12516.000000	170	189	0.896	0.430
12522.000000	170	189	0.898	0.428
12528.000000	170	189	0.902	0.422
12534.000000	170	189	0.913	0.412
12540.000000	170	189	0.917	0.413
12546.000000	170	189	0.921	0.416
12552.000000	170	189	0.924	0.413
12558.000000	170	189	0.926	0.405
12564.000000	170	189	0.931	0.394
12570.000000	170	189	0.934	0.373
12576.000000	170	189	0.937	0.352
12582.000000	170	189	0.938	0.336
12588.000000	170	189	0.942	0.311
12594.000000	170	189	0.942	0.282
12600.000000	170	110	0.942	0.252
12606.000000	170	110	0.941	0.265
12612.000000	170	110	0.939	0.285
12618.000000	170	110	0.939	0.307
12624.000000	170	110	0.938	0.321
12630.000000	170	110	0.937	0.331
12636.000000	170	110	0.936	0.344
12642.000000	170	110	0.932	0.361
12648.000000	170	110	0.931	0.379
12654.000000	170	110	0.930	0.398
12660.000000	170	110	0.928	0.416
12666.000000	170	110	0.926	0.436
12672.000000	170	110	0.923	0.456
12678.000000	170	110	0.920	0.480
12684.000000	170	110	0.913	0.501
12690.000000	170	110	0.906	0.514
12696.000000	170	110	0.895	0.526
12702.000000	170	110	0.881	0.547
12708.000000	170	110	0.868	0.570
12714.000000	170	110	0.852	0.592
12720.000000	170	110	0.838	0.603
12726.000000	170	110	0.826	0.615
12732.000000	170	110	0.804	0.631
12738.000000	170	110	0.780	0.658
12744.000000	170	110	0.745	0.682
12750.000000	110	170	0.705	0.702
12756.000000	110	170	0.732	0.650
12762.000000	110	170	0.772	0.567
12768.000000	110	170	0.812	0.459
12774.000000	110	170	0.854	0.320
12780.000000	110	75	0.897	0.212
12786.000000	110	75	0.913	0.220
12792.000000	110	75	0.919	0.224
12798.000000	110	75	0.919	0.232
12804.000000	110	75	0.923	0.245
12810.000000	110	75	0.929	0.254
12816.000000	110	75	0.933	0.260
12822.000000	110	75	0.935	0.266
12828.000000	110	75	0.936	0.270
12834.000000	110	75	0.934	0.280
12840.000000	110	75	0.933	0.288
12846.000000	110	75	0.934	0.292
12852.000000	110	75	0.930	0.294
12858.000000	110	75	0.927	0.299
12864.000000	110	75	0.923	0.303
12870.000000	110	75	0.920	0.307
12876.000000	110	75	0.918	0.309
12882.000000	110	75	0.915	0.312
12888.000000	110	75	0.913	0.319
12894.000000	110	75	0.912	0.326
12900.000000	110	75	0.910	0.334
12906.000000	110	75	0.908	0.338
12912.000000	110	75	0.906	0.348
12918.000000	110	75	0.903	0.358
12924.000000	110	75	0.901	0.366
12930.000000	110	114	0.899	0.375
12936.000000	110	114	0.897	0.389
12942.000000	110	114	0.893	0.402
12948.000000	110	114	0.883	0.417
12954.000000	110	114	0.880	0.428
12960.000000	110	114	0.878	0.440
12966.000000	110	114	0.875	0.455
12972.000000	110	114	0.867	0.477
12978.000000	110	114	0.863	0.492
12984.000000	110	114	0.860	0.507
12990.000000	110	114	0.858	0.531
12996.000000	110	114	0.855	0.548
13002.000000	110	114	0.852	0.567
13008.000000	110	114	0.846	0.584
13014.000000	110	114	0.835	0.607
13020.000000	110	114	0.829	0.625
13026.000000	110	114	0.822	0.642
13032.000000	110	114	0.813	0.661
13038.000000	110	114	0.797	0.689
13044.000000	110	114	0.772	0.719
13050.000000	110	114	0.746	0.742
13056.000000	114	110	0.765	0.719
13062.000000	114	110	0.803	0.676
13068.000000	114	110	0.830	0.622
13074.000000	114	110	0.862	0.538
13080.000000	114	110	0.899	0.421
13086.000000	114	110	0.927	0.253
13092.000000	114	81	0.951	0.093
13098.000000	114	81	0.969	0.096
13104.000000	114	81	0.971	0.103
13110.000000	114	81	0.970	0.109
13116.000000	114	81	0.971	0.114
13122.000000	114	81	0.976	0.118
13128.000000	114	81	0.976	0.119
13134.000000	114	81	0.975	0.119
13140.000000	114	81	0.974	0.122
13146.000000	114	81	0.972	0.126
13152.000000	114	81	0.971	0.129
13158.000000	114	81	0.969	0.131
13164.000000	114	81	0.968	0.130
13170.000000	114	81	0.967	0.131
13176.000000	114	159	0.965	0.136
13182.000000	114	159	0.963	0.145
13188.000000	114	159	0.960	0.156
13194.000000	114	159	0.957	0.167
13200.000000	114	159	0.955	0.176
13206.000000	114	159	0.954	0.187
13212.000000	114	159	0.952	0.201
13218.000000	114	159	0.951	0.216
13224.000000	114	159	0.949	0.227
13230.000000	114	35	0.948	0.240
13236.000000	114	35	0.945	0.261
13242.000000	114	35	0.942	0.284
13248.000000	114	35	0.937	0.309
13254.000000	114	35	0.933	0.332
13260.000000	114	35	0.929	0.359
13266.000000	114	35	0.925	0.380
13272.000000	114	35	0.918	0.397
13278.000000	114	35	0.908	0.418
13284.000000	114	35	0.899	0.431
13290.000000	114	35	0.892	0.442
13296.000000	114	35	0.880	0.460
13302.000000	114	35	0.867	0.475
13308.000000	114	35	0.852	0.486
13314.000000	114	35	0.837	0.498
13320.000000	114	35	0.817	0.513
13326.000000	114	35	0.796	0.533
13332.000000	114	35	0.775	0.551
13338.000000	114	35	0.748	0.565
13344.000000	114	35	0.714	0.583
13350.000000	114	35	0.664	0.609
13356.000000	35	114	0.631	0.617
13362.000000	35	159	0.662	0.542
13368.000000	35	159	0.701	0.588
13374.000000	35	159	0.740	0.633
13380.000000	35	159	0.779	0.667
13386.000000	35	159	0.831	0.680
13392.000000	35	159	0.848	0.705
13398.000000	35	159	0.841	0.724
13404.000000	35	159	0.846	0.728
13410.000000	35	159	0.845	0.730
13416.000000	35	159	0.848	0.731
13422.000000	35	159	0.849	0.731
13428.000000	35	159	0.845	0.734
13434.000000	35	159	0.842	0.733
13440.000000	35	159	0.840	0.731
13446.000000	35	159	0.839	0.725
13452.000000	35	159	0.838	0.724
13458.000000	35	159	0.839	0.720
13464.000000	35	159	0.841	0.719
13470.000000	35	159	0.845	0.717
13476.000000	35	159	0.844	0.719
13482.000000	35	159	0.844	0.720
13488.000000	35	159	0.847	0.713
13494.000000	35	159	0.849	0.706
13500.000000	35	159	0.848	0.704
13506.000000	35	159	0.847	0.702
13512.000000	35	159	0.843	0.699
13518.000000	35	159	0.841	0.695
13524.000000	35	159	0.837	0.693
13530.000000	35	159	0.836	0.687
13536.000000	35	159	0.829	0.682
13542.000000	35	159	0.826	0.678
13548.000000	35	159	0.825	0.671
13554.000000	35	159	0.825	0.667
13560.000000	35	159	0.827	0.662
13566.000000	35	159	0.826	0.649
13572.000000	35	159	0.828	0.625
13578.000000	35	159	0.825	0.591
13584.000000	35	159	0.822	0.558
13590.000000	35	122	0.820	0.520
13596.000000	35	122	0.814	0.546
13602.000000	35	122	0.811	0.565
13608.000000	35	122	0.808	0.583
13614.000000	35	122	0.809	0.601
13620.000000	35	122	0.816	0.626
13626.000000	35	122	0.812	0.659
13632.000000	35	122	0.802	0.698
13638.000000	35	122	0.794	0.725
13644.000000	35	122	0.769	0.757
13650.000000	122	35	0.776	0.748
13656.000000	122	35	0.792	0.723
13662.000000	122	35	0.816	0.684
13668.000000	122	35	0.834	0.642
13674.000000	122	35	0.861	0.582
13680.000000	122	35	0.888	0.497
13686.000000	122	35	0.927	0.369
13692.000000	122	35	0.957	0.195
13698.000000	122	47	0.970	0.123
13704.000000	122	47	0.977	0.117
13710.000000	122	47	0.979	0.123
13716.000000	122	47	0.979	0.130
13722.000000	122	47	0.979	0.138
13728.000000	122	47	0.978	0.146
13734.000000	122	47	0.976	0.156
13740.000000	122	47	0.974	0.164
13746.000000	122	47	0.971	0.169
13752.000000	122	47	0.969	0.175
13758.000000	122	47	0.968	0.185
13764.000000	122	47	0.967	0.194
13770.000000	122	47	0.965	0.205
13776.000000	122	47	0.962	0.219
13782.000000	122	47	0.959	0.228
13788.000000	122	47	0.957	0.230
13794.000000	122	47	0.954	0.233
13800.000000	122	47	0.952	0.240
13806.000000	122	47	0.951	0.244
13812.000000	122	47	0.949	0.250
13818.000000	122	47	0.947	0.259
13824.000000	122	47	0.945	0.265
13830.000000	122	47	0.943	0.266
13836.000000	122	47	0.941	0.268
13842.000000	122	47	0.938	0.270
13848.000000	122	47	0.935	0.268
13854.000000	122	47	0.933	0.265
13860.000000	122	187	0.929	0.275
13866.000000	122	187	0.922	0.292
13872.000000	122	187	0.914	0.305
13878.000000	122	187	0.909	0.318
13884.000000	122	187	0.904	0.332
13890.000000	122	187	0.897	0.344
13896.000000	122	187	0.891	0.358
13902.000000	122	187	0.878	0.372
13908.000000	122	187	0.865	0.382
13914.000000	122	187	0.854	0.397
13920.000000	122	187	0.837	0.414
13926.000000	122	187	0.818	0.431
13932.000000	122	187	0.799	0.451
13938.000000	122	187	0.776	0.475
13944.000000	122	187	0.742	0.509
13950.000000	122	187	0.694	0.539
13956.000000	122	187	0.639	0.569
13962.000000	187	122	0.610	0.577
13968.000000	187	122	0.672	0.479
13974.000000	187	83	0.717	0.430
13980.000000	187	83	0.768	0.467
13986.000000	187	83	0.802	0.507
13992.000000	187	83	0.818	0.550
13998.000000	187	83	0.831	0.583
14004.000000	187	83	0.846	0.617
14010.000000	187	83	0.860	0.637
14016.000000	187	83	0.859	0.650
14022.000000	187	83	0.859	0.669
14028.000000	187	83	0.860	0.684
14034.000000	187	83	0.859	0.695
14040.000000	187	83	0.856	0.704
14046.000000	187	83	0.857	0.707
14052.000000	187	83	0.860	0.709
14058.000000	187	83	0.861	0.717
14064.000000	187	83	0.861	0.725
14070.000000	187	83	0.861	0.732
14076.000000	187	83	0.860	0.735
14082.000000	187	83	0.858	0.740
14088.000000	187	83	0.859	0.744
14094.000000	187	83	0.858	0.751
14100.000000	187	83	0.856	0.755
14106.000000	187	83	0.855	0.763
14112.000000	187	83	0.853	0.769
14118.000000	187	83	0.850	0.777
14124.000000	187	83	0.850	0.785
14130.000000	187	83	0.851	0.792
14136.000000	187	83	0.849	0.800
14142.000000	187	83	0.853	0.804
14148.000000	187	83	0.854	0.809
14154.000000	187	83	0.853	0.817
14160.000000	187	83	0.854	0.823
14166.000000	187	83	0.856	0.829
14172.000000	187	83	0.860	0.829
14178.000000	187	83	0.865	0.830
14184.000000	187	83	0.868	0.832
14190.000000	187	83	0.869	0.834
14196.000000	187	83	0.867	0.838
14202.000000	187	83	0.868	0.839
14208.000000	187	83	0.865	0.842
14214.000000	187	83	0.858	0.848
14220.000000	83	187	0.852	0.850
14226.000000	83	187	0.854	0.847
14232.000000	83	187	0.860	0.841
14238.000000	83	187	0.869	0.827
14244.000000	83	187	0.874	0.817
14250.000000	83	187	0.877	0.806
14256.000000	83	187	0.882	0.793
14262.000000	83	187	0.890	0.776
14268.000000	83	187	0.898	0.756
14274.000000	83	187	0.909	0.729
14280.000000	83	187	0.911	0.706
14286.000000	83	187	0.922	0.665
14292.000000	83	187	0.925	0.622
14298.000000	83	187	0.929	0.563
14304.000000	83	187	0.943	0.451
14310.000000	83	187	0.958	0.271
14316.000000	83	187	0.972	0.071
14322.000000	83	59	0.980	0.051
14328.000000	83	59	0.987	0.046
14334.000000	83	11	0.987	0.045
14340.000000	83	11	0.987	0.048
14346.000000	83	11	0.986	0.050
14352.000000	83	11	0.985	0.051
14358.000000	83	11	0.984	0.051
14364.000000	83	11	0.982	0.052
14370.000000	83	11	0.979	0.051
14376.000000	83	11	0.978	0.050
14382.000000	83	188	0.975	0.051
14388.000000	83	188	0.973	0.051
14394.000000	83	188	0.970	0.051
14400.000000	83	11	0.968	0.054
14406.000000	83	11	0.966	0.057
14412.000000	83	11	0.965	0.058
14418.000000	83	11	0.965	0.058
14424.000000	83	11	0.965	0.059
14430.000000	83	11	0.964	0.060
14436.000000	83	11	0.964	0.062
14442.000000	83	11	0.963	0.065
14448.000000	83	113	0.963	0.069
14454.000000	83	11	0.963	0.072
14460.000000	83	11	0.963	0.074
14466.000000	83	11	0.963	0.077
14472.000000	83	11	0.963	0.078
14478.000000	83	11	0.963	0.078
14484.000000	83	113	0.962	0.078
14490.000000	83	113	0.962	0.081
14496.000000	83	113	0.962	0.081
14502.000000	83	11	0.962	0.081
14508.000000	83	11	0.962	0.083
14514.000000	83	11	0.962	0.083
14520.000000	83	11	0.962	0.083
14526.000000	83	11	0.962	0.084
14532.000000	83	11	0.963	0.084
14538.000000	83	11	0.964	0.086
14544.000000	83	11	0.962	0.085
14550.000000	83	11	0.960	0.087
14556.000000	83	11	0.959	0.087
14562.000000	83	11	0.959	0.085
14568.000000	83	11	0.960	0.082
14574.000000	83	11	0.961	0.081
14580.000000	83	11	0.963	0.080
14586.000000	83	11	0.962	0.076
14592.000000	83	11	0.961	0.072
14598.000000	83	11	0.960	0.067
14604.000000	83	11	0.959	0.063
14610.000000	83	11	0.960	0.062
14616.000000	83	11	0.962	0.061
14622.000000	83	11	0.962	0.059
14628.000000	83	11	0.962	0.056
14634.000000	83	11	0.963	0.050
14640.000000	83	11	0.963	0.043
14646.000000	83	11	0.964	0.037
14652.000000	83	11	0.964	0.035
14658.000000	83	59	0.962	0.037
14664.000000	83	59	0.961	0.038
14670.000000	83	59	0.960	0.038
14676.000000	83	59	0.960	0.037
14682.000000	83	59	0.961	0.035
14688.000000	83	59	0.962	0.034
14694.000000	83	59	0.964	0.034
14700.000000	83	59	0.964	0.034
14706.000000	83	59	0.964	0.034
14712.000000	83	59	0.964	0.034
14718.000000	83	59	0.965	0.034
14724.000000	83	59	0.968	0.034
14730.000000	83	59	0.969	0.033
14736.000000	83	59	0.969	0.033
14742.000000	83	59	0.969	0.031
14748.000000	83	38	0.969	0.031
14754.000000	83	38	0.969	0.031
14760.000000	83	38	0.969	0.031
14766.000000	83	38	0.969	0.031
14772.000000	83	38	0.969	0.030
14778.000000	83	38	0.969	0.030
14784.000000	83	38	0.969	0.030
14790.000000	83	59	0.969	0.030
14796.000000	83	11	0.969	0.030
14802.000000	83	11	0.970	0.030
14808.000000	83	11	0.973	0.030
14814.000000	83	11	0.978	0.030
14820.000000	83	11	0.980	0.030
14826.000000	83	11	0.981	0.030
14832.000000	83	11	0.981	0.030
14838.000000	83	11	0.981	0.030
14844.000000	83	11	0.981	0.030
14850.000000	83	11	0.982	0.030
14856.000000	83	11	0.983	0.030
14862.000000	83	11	0.985	0.030
14868.000000	83	11	0.985	0.030
14874.000000	83	11	0.985	0.030
14880.000000	83	11	0.984	0.030
14886.000000	83	11	0.984	0.030
14892.000000	83	11	0.984	0.031
14898.000000	83	11	0.984	0.031
14904.000000	83	11	0.984	0.031
14910.000000	83	11	0.983	0.031
14916.000000	83	11	0.983	0.031
14922.000000	83	11	0.983	0.031
14928.000000	83	11	0.982	0.032
14934.000000	83	11	0.981	0.032
14940.000000	83	11	0.979	0.033
14946.000000	83	11	0.978	0.035
14952.000000	83	172	0.977	0.038
14958.000000	83	172	0.975	0.040
14964.000000	83	172	0.974	0.040
14970.000000	83	172	0.973	0.040
14976.000000	83	172	0.972	0.041
14982.000000	83	172	0.971	0.041
14988.000000	83	172	0.969	0.042
14994.000000	83	172	0.968	0.044
15000.000000	83	172	0.966	0.044
15006.000000	83	172	0.965	0.045
15012.000000	83	172	0.964	0.045
15018.000000	83	172	0.963	0.045
15024.000000	83	172	0.962	0.045
15030.000000	83	11	0.960	0.047
15036.000000	83	11	0.960	0.047
15042.000000	83	11	0.959	0.048
15048.000000	83	11	0.959	0.048
15054.000000	83	11	0.959	0.048
15060.000000	83	11	0.958	0.048
15066.000000	83	11	0.958	0.049
15072.000000	83	11	0.956	0.049
15078.000000	83	11	0.956	0.048
15084.000000	83	11	0.956	0.048
15090.000000	83	11	0.956	0.048
15096.000000	83	11	0.956	0.048
15102.000000	83	11	0.956	0.048
15108.000000	83	11	0.958	0.048
15114.000000	83	11	0.960	0.047
15120.000000	83	11	0.961	0.046
15126.000000	83	11	0.962	0.042
15132.000000	83	11	0.964	0.041
15138.000000	83	11	0.966	0.040
15144.000000	83	11	0.967	0.040
15150.000000	83	11	0.970	0.040
15156.000000	83	11	0.973	0.039
15162.000000	83	11	0.976	0.038
15168.000000	83	11	0.977	0.037
15174.000000	83	11	0.977	0.039
15180.000000	83	11	0.976	0.040
15186.000000	83	11	0.976	0.041
15192.000000	83	11	0.977	0.042
15198.000000	83	11	0.977	0.043
15204.000000	83	11	0.977	0.043
15210.000000	83	11	0.977	0.042
15216.000000	83	11	0.977	0.042
15222.000000	83	11	0.976	0.041
15228.000000	83	11	0.976	0.039
15234.000000	83	59	0.976	0.040
15240.000000	83	59	0.975	0.040
15246.000000	83	59	0.975	0.040
15252.000000	83	59	0.974	0.039
15258.000000	83	59	0.973	0.038
15264.000000	83	11	0.972	0.038
15270.000000	83	11	0.969	0.038
15276.000000	83	11	0.965	0.038
15282.000000	83	11	0.963	0.038
15288.000000	83	11	0.961	0.037
15294.000000	83	11	0.960	0.036
15300.000000	83	122	0.958	0.037
15306.000000	83	122	0.958	0.039
15312.000000	83	122	0.957	0.039
15318.000000	83	122	0.956	0.039
15324.000000	83	122	0.955	0.039
15330.000000	83	122	0.952	0.039
15336.000000	83	122	0.950	0.038
15342.000000	83	122	0.949	0.038
15348.000000	83	188	0.947	0.037
15354.000000	83	188	0.945	0.035
15360.000000	83	188	0.943	0.034
15366.000000	83	11	0.941	0.035
15372.000000	83	11	0.941	0.035
15378.000000	83	11	0.941	0.035
15384.000000	83	188	0.941	0.034
15390.000000	83	188	0.940	0.034
15396.000000	83	188	0.939	0.034
15402.000000	83	172	0.940	0.033
15408.000000	83	172	0.940	0.033
15414.000000	83	172	0.940	0.033
15420.000000	83	172	0.940	0.033
15426.000000	83	172	0.939	0.034
15432.000000	83	172	0.937	0.036
15438.000000	83	172	0.936	0.037
15444.000000	83	172	0.934	0.037
15450.000000	83	172	0.933	0.037
15456.000000	83	172	0.932	0.038
15462.000000	83	172	0.931	0.038
15468.000000	83	172	0.929	0.037
15474.000000	83	172	0.929	0.037
15480.000000	83	172	0.928	0.037
15486.000000	83	172	0.927	0.037
15492.000000	83	172	0.926	0.038
15498.000000	83	172	0.927	0.037
15504.000000	83	172	0.928	0.037
15510.000000	83	172	0.929	0.037
15516.000000	83	172	0.932	0.037
15522.000000	83	172	0.933	0.037
15528.000000	83	172	0.931	0.037
15534.000000	83	172	0.926	0.037
15540.000000	83	38	0.922	0.038
15546.000000	83	38	0.920	0.039
15552.000000	83	38	0.917	0.040
15558.000000	83	38	0.915	0.041
15564.000000	83	38	0.914	0.041
15570.000000	83	38	0.915	0.041
15576.000000	83	38	0.920	0.040
15582.000000	83	38	0.925	0.040
15588.000000	83	38	0.928	0.039
15594.000000	83	38	0.929	0.038
15600.000000	83	172	0.930	0.037
15606.000000	83	172	0.934	0.037
15612.000000	83	172	0.937	0.037
15618.000000	83	172	0.940	0.036
15624.000000	83	172	0.941	0.036
15630.000000	83	172	0.941	0.035
15636.000000	83	172	0.943	0.033
15642.000000	83	172	0.945	0.033
15648.000000	83	172	0.946	0.033
15654.000000	83	172	0.947	0.033
15660.000000	83	172	0.947	0.033
15666.000000	83	172	0.949	0.033
15672.000000	83	172	0.952	0.032
15678.000000	83	172	0.956	0.032
15684.000000	83	172	0.960	0.032
15690.000000	83	172	0.963	0.032
15696.000000	83	172	0.966	0.032
15702.000000	83	172	0.966	0.032
15708.000000	83	11	0.968	0.031
15714.000000	83	11	0.969	0.032
15720.000000	83	11	0.970	0.032
15726.000000	83	11	0.972	0.032
15732.000000	83	11	0.973	0.033
15738.000000	83	11	0.974	0.034
15744.000000	83	11	0.976	0.035
15750.000000	83	11	0.979	0.038
15756.000000	83	11	0.980	0.039
15762.000000	83	11	0.980	0.040
15768.000000	83	11	0.980	0.040
15774.000000	83	11	0.980	0.039
15780.000000	83	11	0.980	0.037
15786.000000	83	11	0.980	0.037
15792.000000	83	11	0.979	0.037
15798.000000	83	11	0.979	0.037
15804.000000	83	11	0.979	0.037
15810.000000	83	11	0.978	0.037
15816.000000	83	11	0.976	0.037
15822.000000	83	11	0.975	0.037
15828.000000	83	11	0.975	0.037
15834.000000	83	11	0.975	0.038
15840.000000	83	11	0.974	0.040
15846.000000	83	11	0.974	0.041
15852.000000	83	11	0.974	0.043
15858.000000	83	11	0.974	0.044
15864.000000	83	11	0.975	0.044
15870.000000	83	11	0.976	0.044
15876.000000	83	11	0.977	0.044
15882.000000	83	11	0.977	0.044
15888.000000	83	11	0.977	0.044
15894.000000	83	11	0.977	0.044
15900.000000	83	11	0.976	0.044
15906.000000	83	11	0.976	0.044
15912.000000	83	11	0.976	0.044
15918.000000	83	11	0.976	0.044
15924.000000	83	11	0.975	0.044
15930.000000	83	11	0.973	0.044
15936.000000	83	11	0.971	0.043
15942.000000	83	11	0.970	0.044
15948.000000	83	11	0.971	0.045
15954.000000	83	11	0.971	0.045
15960.000000	83	11	0.971	0.047
15966.000000	83	11	0.971	0.048
15972.000000	83	11	0.970	0.048
15978.000000	83	11	0.970	0.048
15984.000000	83	11	0.969	0.048
15990.000000	83	11	0.966	0.047
15996.000000	83	11	0.964	0.046
16002.000000	83	11	0.961	0.044
16008.000000	83	11	0.959	0.042
16014.000000	83	38	0.958	0.042
16020.000000	83	38	0.957	0.043
16026.000000	83	38	0.955	0.046
16032.000000	83	38	0.953	0.048
16038.000000	83	38	0.950	0.048
16044.000000	83	38	0.948	0.048
16050.000000	83	38	0.948	0.048
16056.000000	83	38	0.947	0.048
16062.000000	83	38	0.946	0.048
16068.000000	83	38	0.944	0.048
16074.000000	83	38	0.940	0.047
16080.000000	83	38	0.936	0.047
16086.000000	83	38	0.933	0.045
16092.000000	83	38	0.929	0.045
16098.000000	83	38	0.926	0.045
16104.000000	83	38	0.923	0.044
16110.000000	83	38	0.920	0.044
16116.000000	83	38	0.919	0.043
16122.000000	83	38	0.920	0.042
16128.000000	83	38	0.921	0.040
16134.000000	83	38	0.923	0.039
16140.000000	83	38	0.924	0.039
16146.000000	83	38	0.926	0.038
16152.000000	83	11	0.929	0.036
16158.000000	83	11	0.933	0.036
16164.000000	83	11	0.936	0.037
16170.000000	83	11	0.938	0.038
16176.000000	83	11	0.941	0.037
16182.000000	83	11	0.946	0.036
16188.000000	83	11	0.947	0.036
16194.000000	83	11	0.949	0.037
16200.000000	83	11	0.951	0.039
16206.000000	83	11	0.954	0.040
16212.000000	83	11	0.959	0.040
16218.000000	83	11	0.964	0.040
16224.000000	83	11	0.965	0.040
16230.000000	83	11	0.966	0.040
16236.000000	83	11	0.968	0.040
16242.000000	83	11	0.970	0.040
16248.000000	83	11	0.974	0.039
16254.000000	83	11	0.977	0.039
16260.000000	83	11	0.978	0.039
16266.000000	83	11	0.978	0.039
16272.000000	83	11	0.978	0.039
16278.000000	83	11	0.978	0.040
16284.000000	83	11	0.978	0.040
16290.000000	83	11	0.978	0.042
16296.000000	83	11	0.978	0.042
16302.000000	83	11	0.978	0.042
16308.000000	83	11	0.978	0.042
16314.000000	83	11	0.978	0.041
16320.000000	83	172	0.978	0.040
16326.000000	83	172	0.978	0.040
16332.000000	83	172	0.978	0.040
16338.000000	83	172	0.978	0.040
16344.000000	83	172	0.978	0.040
16350.000000	83	172	0.978	0.040
16356.000000	83	172	0.978	0.039
16362.000000	83	172	0.977	0.038
16368.000000	83	11	0.977	0.037
16374.000000	83	11	0.977	0.036
16380.000000	83	11	0.977	0.035
16386.000000	83	11	0.976	0.035
16392.000000	83	11	0.976	0.035
16398.000000	83	11	0.978	0.035
16404.000000	83	11	0.978	0.036
16410.000000	83	11	0.978	0.036
16416.000000	83	11	0.978	0.036
16422.000000	83	11	0.978	0.036
16428.000000	83	11	0.978	0.036
16434.000000	83	11	0.978	0.036
16440.000000	83	11	0.978	0.036
16446.000000	83	11	0.977	0.036
16452.000000	83	11	0.977	0.035
16458.000000	83	11	0.977	0.035
16464.000000	83	11	0.976	0.036
16470.000000	83	11	0.976	0.038
16476.000000	83	11	0.974	0.039
16482.000000	83	11	0.973	0.040
16488.000000	83	11	0.972	0.040
16494.000000	83	11	0.971	0.040
16500.000000	83	11	0.969	0.040
16506.000000	83	11	0.969	0.040
16512.000000	83	11	0.970	0.040
16518.000000	83	11	0.971	0.041
16524.000000	83	11	0.971	0.042
16530.000000	83	11	0.971	0.043
16536.000000	83	11	0.971	0.043
16542.000000	83	11	0.970	0.043
16548.000000	83	11	0.970	0.043
16554.000000	83	11	0.969	0.043
16560.000000	83	11	0.969	0.042
16566.000000	83	11	0.967	0.040
16572.000000	83	172	0.966	0.037
16578.000000	83	172	0.965	0.038
16584.000000	83	172	0.965	0.039
16590.000000	83	172	0.963	0.040
16596.000000	83	172	0.961	0.040
16602.000000	83	172	0.960	0.041
16608.000000	83	172	0.958	0.041
16614.000000	83	172	0.956	0.041
16620.000000	83	172	0.951	0.041
16626.000000	83	172	0.948	0.042
16632.000000	83	172	0.947	0.043
16638.000000	83	172	0.946	0.043
16644.000000	83	172	0.944	0.042
16650.000000	83	172	0.943	0.041
16656.000000	83	172	0.942	0.040
16662.000000	83	172	0.942	0.040
16668.000000	83	172	0.941	0.040
16674.000000	83	172	0.940	0.039
16680.000000	83	172	0.937	0.039
16686.000000	83	172	0.935	0.037
16692.000000	83	172	0.933	0.036
16698.000000	83	172	0.932	0.036
16704.000000	83	172	0.932	0.036
16710.000000	83	172	0.929	0.035
16716.000000	83	172	0.928	0.034
16722.000000	83	38	0.926	0.035
16728.000000	83	38	0.923	0.037
16734.000000	83	38	0.920	0.038
16740.000000	83	38	0.917	0.038
16746.000000	83	38	0.914	0.038
16752.000000	83	38	0.909	0.039
16758.000000	83	38	0.905	0.040
16764.000000	83	38	0.900	0.041
16770.000000	83	38	0.896	0.043
16776.000000	83	38	0.891	0.044
16782.000000	83	38	0.887	0.045
16788.000000	83	38	0.882	0.046
16794.000000	83	38	0.878	0.047
16800.000000	83	38	0.869	0.048
16806.000000	83	38	0.856	0.048
16812.000000	83	38	0.842	0.049
16818.000000	83	38	0.824	0.049
16824.000000	83	38	0.802	0.049
16830.000000	83	38	0.763	0.050
16836.000000	83	38	0.699	0.049
16842.000000	83	38	0.594	0.046
16848.000000	83	38	0.400	0.042
16854.000000	83	38	0.107	0.024
16860.000000	116	38	0.017	0.012
16866.000000	116	30	0.017	0.011
16872.000000	116	30	0.016	0.009
16878.000000	116	30	0.013	0.009
16884.000000	116	30	0.009	0.009
