0.000000	125	102	0.000	0.000
6.000000	100	140	0.992	0.035
12.000000	100	140	0.992	0.038
18.000000	100	140	0.992	0.041
24.000000	100	140	0.991	0.046
30.000000	100	140	0.990	0.053
36.000000	100	140	0.988	0.063
42.000000	100	140	0.986	0.073
48.000000	100	140	0.984	0.080
54.000000	100	140	0.981	0.095
60.000000	100	140	0.978	0.111
66.000000	100	140	0.975	0.125
72.000000	100	140	0.972	0.139
78.000000	100	140	0.968	0.155
84.000000	100	140	0.964	0.176
90.000000	100	140	0.961	0.193
96.000000	100	140	0.958	0.205
102.000000	100	140	0.954	0.223
108.000000	100	140	0.949	0.247
114.000000	100	140	0.945	0.269
120.000000	100	140	0.942	0.293
126.000000	100	140	0.938	0.322
132.000000	100	140	0.935	0.345
138.000000	100	140	0.932	0.357
144.000000	100	140	0.929	0.370
150.000000	100	140	0.926	0.378
156.000000	100	140	0.925	0.385
162.000000	100	140	0.923	0.392
168.000000	100	140	0.922	0.397
174.000000	100	140	0.920	0.399
180.000000	100	140	0.919	0.401
186.000000	100	140	0.918	0.407
192.000000	100	140	0.917	0.409
198.000000	100	140	0.915	0.412
204.000000	100	140	0.910	0.420
210.000000	100	140	0.908	0.425
216.000000	100	140	0.908	0.433
222.000000	100	140	0.907	0.437
228.000000	100	140	0.906	0.439
234.000000	100	140	0.904	0.443
240.000000	100	140	0.903	0.451
246.000000	100	140	0.901	0.456
252.000000	100	140	0.900	0.463
258.000000	100	140	0.897	0.470
264.000000	100	140	0.893	0.483
270.000000	100	140	0.891	0.492
276.000000	100	140	0.889	0.506
282.000000	100	140	0.885	0.522
288.000000	100	140	0.878	0.540
294.000000	100	140	0.878	0.564
300.000000	100	140	0.879	0.578
306.000000	100	140	0.877	0.598
312.000000	100	140	0.869	0.620
318.000000	100	140	0.867	0.640
324.000000	100	140	0.861	0.660
330.000000	100	140	0.854	0.680
336.000000	100	140	0.841	0.694
342.000000	100	140	0.831	0.704
348.000000	100	140	0.811	0.726
354.000000	100	140	0.799	0.734
360.000000	100	140	0.785	0.743
366.000000	100	140	0.767	0.752
372.000000	140	100	0.753	0.752
378.000000	140	100	0.755	0.728
384.000000	140	100	0.758	0.702
390.000000	140	100	0.758	0.669
396.000000	140	100	0.767	0.628
402.000000	140	89	0.774	0.620
408.000000	140	89	0.796	0.646
414.000000	140	89	0.815	0.674
420.000000	140	89	0.835	0.704
426.000000	140	89	0.839	0.733
432.000000	140	89	0.841	0.758
438.000000	140	89	0.841	0.763
444.000000	140	89	0.842	0.758
450.000000	140	89	0.838	0.758
456.000000	140	89	0.836	0.759
462.000000	140	89	0.831	0.766
468.000000	140	89	0.830	0.764
474.000000	140	89	0.829	0.761
480.000000	140	89	0.824	0.762
486.000000	140	89	0.821	0.759
492.000000	140	89	0.814	0.759
498.000000	140	89	0.806	0.760
504.000000	140	89	0.796	0.764
510.000000	140	89	0.789	0.765
516.000000	140	89	0.783	0.763
522.000000	140	89	0.779	0.762
528.000000	140	89	0.770	0.762
534.000000	140	89	0.762	0.761
540.000000	140	89	0.759	0.758
546.000000	89	140	0.756	0.755
552.000000	89	140	0.755	0.750
558.000000	89	140	0.760	0.740
564.000000	89	140	0.758	0.731
570.000000	89	140	0.760	0.716
576.000000	89	140	0.758	0.703
582.000000	89	140	0.757	0.683
588.000000	89	140	0.750	0.671
594.000000	89	140	0.744	0.650
600.000000	89	140	0.737	0.623
606.000000	89	140	0.738	0.588
612.000000	89	140	0.740	0.544
618.000000	89	140	0.746	0.486
624.000000	89	140	0.747	0.412
630.000000	89	140	0.745	0.326
636.000000	89	140	0.747	0.225
642.000000	89	124	0.749	0.170
648.000000	89	124	0.744	0.186
654.000000	89	124	0.740	0.192
660.000000	89	124	0.735	0.201
666.000000	89	124	0.724	0.213
672.000000	89	124	0.715	0.220
678.000000	89	124	0.709	0.225
684.000000	89	124	0.694	0.228
690.000000	89	124	0.674	0.233
696.000000	89	124	0.655	0.237
702.000000	89	124	0.635	0.237
708.000000	89	87	0.618	0.239
714.000000	89	87	0.599	0.251
720.000000	89	87	0.572	0.267
726.000000	89	87	0.539	0.277
732.000000	89	87	0.505	0.288
738.000000	89	87	0.468	0.301
744.000000	89	87	0.424	0.308
750.000000	89	87	0.358	0.321
756.000000	87	82	0.336	0.296
762.000000	87	82	0.345	0.306
768.000000	87	82	0.356	0.311
774.000000	87	82	0.374	0.319
780.000000	87	82	0.400	0.321
786.000000	87	82	0.426	0.333
792.000000	87	82	0.449	0.345
798.000000	87	82	0.485	0.344
804.000000	87	82	0.516	0.347
810.000000	87	82	0.550	0.360
816.000000	87	82	0.566	0.368
822.000000	87	82	0.577	0.375
828.000000	87	82	0.589	0.386
834.000000	87	82	0.604	0.385
840.000000	87	82	0.620	0.388
846.000000	87	82	0.638	0.397
852.000000	87	82	0.642	0.406
858.000000	87	82	0.646	0.414
864.000000	87	82	0.644	0.427
870.000000	87	82	0.651	0.441
876.000000	87	82	0.666	0.453
882.000000	87	82	0.675	0.461
888.000000	87	82	0.679	0.474
894.000000	87	82	0.685	0.483
900.000000	87	82	0.693	0.491
906.000000	87	82	0.705	0.505
912.000000	87	82	0.714	0.516
918.000000	87	82	0.718	0.522
924.000000	87	82	0.726	0.533
930.000000	87	82	0.730	0.541
936.000000	87	82	0.740	0.546
942.000000	87	82	0.745	0.551
948.000000	87	82	0.756	0.565
954.000000	87	82	0.762	0.580
960.000000	87	82	0.770	0.592
966.000000	87	82	0.781	0.598
972.000000	87	82	0.790	0.606
978.000000	87	82	0.806	0.614
984.000000	87	82	0.820	0.615
990.000000	87	82	0.824	0.612
996.000000	87	82	0.824	0.613
1002.000000	87	82	0.830	0.605
1008.000000	87	82	0.830	0.600
1014.000000	87	82	0.825	0.600
1020.000000	87	82	0.823	0.597
1026.000000	87	82	0.830	0.594
1032.000000	87	82	0.833	0.587
1038.000000	87	82	0.832	0.587
1044.000000	87	82	0.827	0.583
1050.000000	87	82	0.824	0.577
1056.000000	87	82	0.823	0.574
1062.000000	87	82	0.819	0.576
1068.000000	87	82	0.814	0.577
1074.000000	87	82	0.809	0.575
1080.000000	87	82	0.801	0.570
1086.000000	87	82	0.795	0.562
1092.000000	87	82	0.787	0.562
1098.000000	87	82	0.782	0.558
1104.000000	87	82	0.774	0.553
1110.000000	87	82	0.765	0.548
1116.000000	87	82	0.756	0.537
1122.000000	87	82	0.747	0.526
1128.000000	87	82	0.736	0.513
1134.000000	87	82	0.724	0.499
1140.000000	87	82	0.708	0.484
1146.000000	87	82	0.693	0.458
1152.000000	87	82	0.669	0.422
1158.000000	87	82	0.634	0.391
1164.000000	87	82	0.605	0.360
1170.000000	87	76	0.563	0.376
1176.000000	87	76	0.520	0.415
1182.000000	87	76	0.468	0.449
1188.000000	76	87	0.479	0.413
1194.000000	76	87	0.513	0.343
1200.000000	76	87	0.538	0.251
1206.000000	76	64	0.577	0.240
1212.000000	76	64	0.605	0.257
1218.000000	76	64	0.625	0.269
1224.000000	76	64	0.642	0.286
1230.000000	76	64	0.665	0.298
1236.000000	76	64	0.674	0.308
1242.000000	76	64	0.682	0.321
1248.000000	76	64	0.697	0.334
1254.000000	76	64	0.711	0.344
1260.000000	76	64	0.721	0.344
1266.000000	76	64	0.728	0.345
1272.000000	76	64	0.734	0.353
1278.000000	76	64	0.738	0.355
1284.000000	76	64	0.737	0.361
1290.000000	76	64	0.735	0.363
1296.000000	76	64	0.730	0.367
1302.000000	76	64	0.730	0.374
1308.000000	76	64	0.740	0.378
1314.000000	76	64	0.750	0.378
1320.000000	76	64	0.756	0.383
1326.000000	76	64	0.761	0.395
1332.000000	76	64	0.765	0.408
1338.000000	76	64	0.770	0.414
1344.000000	76	64	0.775	0.419
1350.000000	76	64	0.783	0.429
1356.000000	76	64	0.793	0.435
1362.000000	76	64	0.804	0.441
1368.000000	76	64	0.811	0.454
1374.000000	76	64	0.812	0.463
1380.000000	76	64	0.816	0.465
1386.000000	76	64	0.821	0.471
1392.000000	76	64	0.829	0.481
1398.000000	76	64	0.834	0.505
1404.000000	76	64	0.831	0.522
1410.000000	76	64	0.830	0.531
1416.000000	76	64	0.828	0.539
1422.000000	76	64	0.828	0.552
1428.000000	76	64	0.828	0.571
1434.000000	76	64	0.829	0.579
1440.000000	76	64	0.829	0.583
1446.000000	76	64	0.831	0.588
1452.000000	76	64	0.827	0.604
1458.000000	76	64	0.827	0.619
1464.000000	76	64	0.826	0.626
1470.000000	76	64	0.826	0.629
1476.000000	76	64	0.824	0.633
1482.000000	76	64	0.823	0.636
1488.000000	76	64	0.824	0.635
1494.000000	76	64	0.822	0.636
1500.000000	76	64	0.822	0.639
1506.000000	76	64	0.820	0.649
1512.000000	76	64	0.815	0.660
1518.000000	76	64	0.812	0.664
1524.000000	76	64	0.805	0.671
1530.000000	76	64	0.795	0.680
1536.000000	76	64	0.787	0.693
1542.000000	76	64	0.780	0.699
1548.000000	76	64	0.768	0.704
1554.000000	76	64	0.757	0.704
1560.000000	76	64	0.744	0.705
1566.000000	76	64	0.730	0.716
1572.000000	64	76	0.728	0.718
1578.000000	64	76	0.740	0.702
1584.000000	64	76	0.749	0.674
1590.000000	64	76	0.762	0.634
1596.000000	64	76	0.770	0.593
1602.000000	64	76	0.779	0.534
1608.000000	64	76	0.794	0.444
1614.000000	64	189	0.824	0.345
1620.000000	64	189	0.856	0.356
1626.000000	64	189	0.871	0.364
1632.000000	64	189	0.876	0.367
1638.000000	64	189	0.876	0.372
1644.000000	64	189	0.877	0.375
1650.000000	64	189	0.880	0.370
1656.000000	64	189	0.879	0.363
1662.000000	64	189	0.880	0.359
1668.000000	64	189	0.879	0.359
1674.000000	64	189	0.875	0.360
1680.000000	64	189	0.870	0.360
1686.000000	64	189	0.866	0.355
1692.000000	64	189	0.863	0.345
1698.000000	64	189	0.858	0.335
1704.000000	64	189	0.854	0.328
1710.000000	64	189	0.849	0.323
1716.000000	64	189	0.845	0.315
1722.000000	64	189	0.835	0.305
1728.000000	64	189	0.823	0.295
1734.000000	64	189	0.813	0.278
1740.000000	64	39	0.803	0.287
1746.000000	64	39	0.798	0.308
1752.000000	64	39	0.790	0.323
1758.000000	64	39	0.777	0.343
1764.000000	64	39	0.764	0.363
1770.000000	64	39	0.754	0.380
1776.000000	64	39	0.747	0.400
1782.000000	64	39	0.735	0.428
1788.000000	64	39	0.716	0.456
1794.000000	64	39	0.690	0.482
1800.000000	64	39	0.659	0.501
1806.000000	64	39	0.625	0.531
1812.000000	39	64	0.588	0.575
1818.000000	39	64	0.646	0.511
1824.000000	39	64	0.692	0.417
1830.000000	39	64	0.747	0.309
1836.000000	39	168	0.805	0.247
1842.000000	39	168	0.831	0.268
1848.000000	39	168	0.852	0.274
1854.000000	39	168	0.865	0.279
1860.000000	39	168	0.869	0.281
1866.000000	39	194	0.876	0.283
1872.000000	39	194	0.881	0.296
1878.000000	39	194	0.886	0.308
1884.000000	39	194	0.889	0.323
1890.000000	39	194	0.891	0.337
1896.000000	39	194	0.895	0.353
1902.000000	39	194	0.896	0.371
1908.000000	39	194	0.900	0.390
1914.000000	39	194	0.905	0.405
1920.000000	39	194	0.904	0.416
1926.000000	39	194	0.904	0.426
1932.000000	39	194	0.905	0.436
1938.000000	39	194	0.906	0.441
1944.000000	39	194	0.906	0.446
1950.000000	39	194	0.904	0.449
1956.000000	39	194	0.902	0.451
1962.000000	39	194	0.897	0.454
1968.000000	39	194	0.895	0.458
1974.000000	39	194	0.894	0.459
1980.000000	39	194	0.891	0.458
1986.000000	39	194	0.886	0.459
1992.000000	39	194	0.882	0.467
1998.000000	39	194	0.876	0.478
2004.000000	39	194	0.873	0.488
2010.000000	39	194	0.874	0.497
2016.000000	39	194	0.870	0.505
2022.000000	39	194	0.866	0.508
2028.000000	39	194	0.864	0.511
2034.000000	39	194	0.860	0.515
2040.000000	39	194	0.859	0.518
2046.000000	39	194	0.857	0.526
2052.000000	39	194	0.856	0.533
2058.000000	39	194	0.855	0.539
2064.000000	39	194	0.853	0.544
2070.000000	39	194	0.845	0.554
2076.000000	39	194	0.841	0.558
2082.000000	39	194	0.836	0.565
2088.000000	39	194	0.827	0.566
2094.000000	39	194	0.817	0.566
2100.000000	39	194	0.812	0.573
2106.000000	39	194	0.804	0.579
2112.000000	39	194	0.795	0.593
2118.000000	39	194	0.786	0.598
2124.000000	39	194	0.781	0.596
2130.000000	39	194	0.774	0.598
2136.000000	39	194	0.765	0.608
2142.000000	39	194	0.749	0.614
2148.000000	39	194	0.740	0.622
2154.000000	39	194	0.718	0.637
2160.000000	39	194	0.699	0.644
2166.000000	39	194	0.662	0.655
2172.000000	194	39	0.666	0.626
2178.000000	194	39	0.683	0.559
2184.000000	194	39	0.703	0.472
2190.000000	194	95	0.729	0.474
2196.000000	194	95	0.747	0.499
2202.000000	194	95	0.773	0.530
2208.000000	194	95	0.796	0.551
2214.000000	194	95	0.815	0.566
2220.000000	194	95	0.824	0.581
2226.000000	194	95	0.825	0.604
2232.000000	194	95	0.826	0.613
2238.000000	194	95	0.828	0.622
2244.000000	194	95	0.834	0.631
2250.000000	194	95	0.830	0.644
2256.000000	194	95	0.827	0.647
2262.000000	194	95	0.822	0.641
2268.000000	194	95	0.817	0.637
2274.000000	194	95	0.813	0.637
2280.000000	194	95	0.810	0.638
2286.000000	194	95	0.807	0.636
2292.000000	194	95	0.797	0.637
2298.000000	194	95	0.791	0.636
2304.000000	194	95	0.785	0.632
2310.000000	194	95	0.777	0.624
2316.000000	194	95	0.766	0.613
2322.000000	194	95	0.753	0.608
2328.000000	194	95	0.739	0.602
2334.000000	194	95	0.732	0.596
2340.000000	194	95	0.722	0.591
2346.000000	194	95	0.714	0.583
2352.000000	194	95	0.706	0.573
2358.000000	194	95	0.701	0.564
2364.000000	194	95	0.686	0.564
2370.000000	194	95	0.667	0.563
2376.000000	194	95	0.647	0.556
2382.000000	194	95	0.616	0.548
2388.000000	194	95	0.580	0.547
2394.000000	194	95	0.538	0.536
2400.000000	95	194	0.523	0.481
2406.000000	162	95	0.519	0.518
2412.000000	162	95	0.546	0.511
2418.000000	162	95	0.579	0.492
2424.000000	162	95	0.633	0.478
2430.000000	162	95	0.682	0.455
2436.000000	162	95	0.712	0.422
2442.000000	162	95	0.739	0.384
2448.000000	162	56	0.772	0.374
2454.000000	162	56	0.782	0.384
2460.000000	162	56	0.794	0.391
2466.000000	162	56	0.809	0.401
2472.000000	162	56	0.819	0.407
2478.000000	162	56	0.829	0.415
2484.000000	162	56	0.839	0.416
2490.000000	162	56	0.851	0.408
2496.000000	162	56	0.858	0.409
2502.000000	162	56	0.866	0.404
2508.000000	162	56	0.870	0.399
2514.000000	162	56	0.871	0.399
2520.000000	162	56	0.875	0.402
2526.000000	162	56	0.883	0.398
2532.000000	162	56	0.886	0.390
2538.000000	162	56	0.886	0.382
2544.000000	162	56	0.886	0.372
2550.000000	162	56	0.890	0.358
2556.000000	162	56	0.892	0.357
2562.000000	162	56	0.896	0.355
2568.000000	162	56	0.901	0.352
2574.000000	162	56	0.905	0.348
2580.000000	162	56	0.903	0.346
2586.000000	162	56	0.904	0.339
2592.000000	162	56	0.907	0.325
2598.000000	162	56	0.912	0.302
2604.000000	162	56	0.912	0.281
2610.000000	162	56	0.912	0.269
2616.000000	162	56	0.914	0.254
2622.000000	162	56	0.914	0.233
2628.000000	162	164	0.913	0.225
2634.000000	162	164	0.911	0.239
2640.000000	162	164	0.913	0.243
2646.000000	162	164	0.909	0.241
2652.000000	162	164	0.901	0.242
2658.000000	162	164	0.898	0.244
2664.000000	162	173	0.896	0.253
2670.000000	162	173	0.890	0.274
2676.000000	162	173	0.882	0.281
2682.000000	162	173	0.878	0.284
2688.000000	162	173	0.873	0.289
2694.000000	162	173	0.868	0.306
2700.000000	162	173	0.862	0.326
2706.000000	162	173	0.857	0.340
2712.000000	162	173	0.852	0.352
2718.000000	162	173	0.849	0.367
2724.000000	162	173	0.846	0.380
2730.000000	162	173	0.843	0.390
2736.000000	162	173	0.836	0.396
2742.000000	162	173	0.832	0.401
2748.000000	162	173	0.826	0.411
2754.000000	162	173	0.817	0.417
2760.000000	162	173	0.807	0.425
2766.000000	162	173	0.794	0.433
2772.000000	162	173	0.784	0.445
2778.000000	162	173	0.763	0.461
2784.000000	162	173	0.728	0.482
2790.000000	162	173	0.688	0.495
2796.000000	162	173	0.646	0.517
2802.000000	162	173	0.592	0.537
2808.000000	173	162	0.559	0.518
2814.000000	173	162	0.590	0.442
2820.000000	173	162	0.626	0.357
2826.000000	173	101	0.660	0.332
2832.000000	173	101	0.684	0.331
2838.000000	173	101	0.694	0.345
2844.000000	173	101	0.700	0.356
2850.000000	173	101	0.706	0.358
2856.000000	173	101	0.709	0.366
2862.000000	173	101	0.713	0.367
2868.000000	173	101	0.726	0.365
2874.000000	173	101	0.735	0.365
2880.000000	173	101	0.736	0.370
2886.000000	173	101	0.744	0.370
2892.000000	173	101	0.752	0.366
2898.000000	173	101	0.763	0.363
2904.000000	173	101	0.771	0.361
2910.000000	173	101	0.782	0.354
2916.000000	173	101	0.787	0.341
2922.000000	173	101	0.792	0.330
2928.000000	173	101	0.794	0.322
2934.000000	173	101	0.800	0.307
2940.000000	173	101	0.799	0.293
2946.000000	173	153	0.801	0.296
2952.000000	173	153	0.803	0.304
2958.000000	173	153	0.807	0.310
2964.000000	173	153	0.812	0.321
2970.000000	173	153	0.821	0.330
2976.000000	173	153	0.826	0.339
2982.000000	173	153	0.827	0.346
2988.000000	173	153	0.829	0.351
2994.000000	173	153	0.832	0.352
3000.000000	173	153	0.838	0.349
3006.000000	173	153	0.839	0.347
3012.000000	173	153	0.837	0.353
3018.000000	173	153	0.838	0.355
3024.000000	173	153	0.843	0.354
3030.000000	173	153	0.842	0.356
3036.000000	173	153	0.843	0.356
3042.000000	173	153	0.846	0.351
3048.000000	173	153	0.849	0.349
3054.000000	173	153	0.850	0.348
3060.000000	173	153	0.849	0.343
3066.000000	173	153	0.847	0.339
3072.000000	173	153	0.845	0.334
3078.000000	173	153	0.841	0.323
3084.000000	173	153	0.842	0.311
3090.000000	173	153	0.846	0.303
3096.000000	173	153	0.841	0.292
3102.000000	173	153	0.841	0.275
3108.000000	173	153	0.841	0.260
3114.000000	173	153	0.842	0.251
3120.000000	173	153	0.843	0.244
3126.000000	173	153	0.842	0.234
3132.000000	173	153	0.839	0.216
3138.000000	173	153	0.838	0.204
3144.000000	173	135	0.835	0.197
3150.000000	173	135	0.833	0.201
3156.000000	173	135	0.826	0.196
3162.000000	173	135	0.817	0.199
3168.000000	173	135	0.811	0.204
3174.000000	173	135	0.805	0.208
3180.000000	173	135	0.794	0.208
3186.000000	173	135	0.786	0.213
3192.000000	173	135	0.781	0.217
3198.000000	173	135	0.769	0.217
3204.000000	173	135	0.755	0.214
3210.000000	173	135	0.746	0.217
3216.000000	173	77	0.733	0.231
3222.000000	173	77	0.716	0.250
3228.000000	173	77	0.696	0.267
3234.000000	173	77	0.674	0.281
3240.000000	173	77	0.643	0.301
3246.000000	173	77	0.602	0.328
3252.000000	173	77	0.547	0.347
3258.000000	173	77	0.483	0.365
3264.000000	77	173	0.395	0.388
3270.000000	77	135	0.434	0.287
3276.000000	77	135	0.480	0.298
3282.000000	77	135	0.519	0.314
3288.000000	77	135	0.557	0.335
3294.000000	77	135	0.574	0.352
3300.000000	77	135	0.593	0.353
3306.000000	77	135	0.604	0.355
3312.000000	77	73	0.626	0.360
3318.000000	77	73	0.643	0.374
3324.000000	77	73	0.669	0.377
3330.000000	77	73	0.688	0.379
3336.000000	77	73	0.700	0.382
3342.000000	77	73	0.709	0.389
3348.000000	77	73	0.712	0.398
3354.000000	77	73	0.712	0.404
3360.000000	77	73	0.714	0.409
3366.000000	77	73	0.715	0.421
3372.000000	77	73	0.715	0.435
3378.000000	77	73	0.716	0.441
3384.000000	77	73	0.721	0.445
3390.000000	77	73	0.727	0.445
3396.000000	77	73	0.734	0.445
3402.000000	77	73	0.740	0.448
3408.000000	77	73	0.745	0.458
3414.000000	77	73	0.755	0.467
3420.000000	77	73	0.759	0.486
3426.000000	77	73	0.760	0.500
3432.000000	77	73	0.767	0.512
3438.000000	77	73	0.777	0.520
3444.000000	77	73	0.783	0.523
3450.000000	77	73	0.790	0.523
3456.000000	77	73	0.797	0.525
3462.000000	77	73	0.797	0.531
3468.000000	77	73	0.803	0.533
3474.000000	77	73	0.810	0.530
3480.000000	77	73	0.812	0.529
3486.000000	77	73	0.815	0.528
3492.000000	77	73	0.815	0.528
3498.000000	77	73	0.822	0.521
3504.000000	77	73	0.820	0.525
3510.000000	77	73	0.820	0.526
3516.000000	77	73	0.826	0.520
3522.000000	77	73	0.835	0.504
3528.000000	77	73	0.838	0.497
3534.000000	77	73	0.837	0.488
3540.000000	77	73	0.840	0.475
3546.000000	77	73	0.842	0.463
3552.000000	77	73	0.838	0.455
3558.000000	77	73	0.834	0.444
3564.000000	77	73	0.834	0.424
3570.000000	77	73	0.837	0.402
3576.000000	77	71	0.834	0.395
3582.000000	77	71	0.834	0.413
3588.000000	77	71	0.830	0.426
3594.000000	77	71	0.826	0.443
3600.000000	77	71	0.825	0.459
3606.000000	77	71	0.820	0.490
3612.000000	77	71	0.816	0.515
3618.000000	77	71	0.817	0.534
3624.000000	77	71	0.807	0.551
3630.000000	77	71	0.800	0.568
3636.000000	77	71	0.797	0.586
3642.000000	77	71	0.789	0.600
3648.000000	77	71	0.772	0.621
3654.000000	77	71	0.756	0.643
3660.000000	77	71	0.736	0.662
3666.000000	77	71	0.717	0.679
3672.000000	71	77	0.702	0.689
3678.000000	71	77	0.723	0.653
3684.000000	71	77	0.750	0.600
3690.000000	71	77	0.781	0.536
3696.000000	71	77	0.804	0.464
3702.000000	71	77	0.821	0.375
3708.000000	71	77	0.830	0.267
3714.000000	71	13	0.857	0.213
3720.000000	71	13	0.874	0.212
3726.000000	71	13	0.886	0.225
3732.000000	71	13	0.889	0.232
3738.000000	71	13	0.890	0.245
3744.000000	71	13	0.893	0.267
3750.000000	71	13	0.898	0.288
3756.000000	71	13	0.904	0.304
3762.000000	71	13	0.906	0.319
3768.000000	71	13	0.907	0.334
3774.000000	71	13	0.909	0.345
3780.000000	71	13	0.905	0.368
3786.000000	71	13	0.907	0.388
3792.000000	71	13	0.907	0.402
3798.000000	71	13	0.906	0.415
3804.000000	71	13	0.905	0.436
3810.000000	71	13	0.902	0.456
3816.000000	71	13	0.897	0.465
3822.000000	71	13	0.896	0.470
3828.000000	71	13	0.896	0.484
3834.000000	71	13	0.896	0.498
3840.000000	71	13	0.898	0.509
3846.000000	71	13	0.898	0.522
3852.000000	71	13	0.896	0.541
3858.000000	71	13	0.892	0.557
3864.000000	71	13	0.891	0.568
3870.000000	71	13	0.888	0.580
3876.000000	71	13	0.884	0.594
3882.000000	71	13	0.878	0.607
3888.000000	71	13	0.873	0.616
3894.000000	71	13	0.870	0.626
3900.000000	71	13	0.866	0.640
3906.000000	71	13	0.864	0.647
3912.000000	71	13	0.860	0.656
3918.000000	71	13	0.856	0.673
3924.000000	71	13	0.850	0.689
3930.000000	71	13	0.843	0.698
3936.000000	71	13	0.829	0.712
3942.000000	71	13	0.815	0.729
3948.000000	71	13	0.804	0.746
3954.000000	71	13	0.788	0.766
3960.000000	13	71	0.780	0.772
3966.000000	13	71	0.793	0.756
3972.000000	13	71	0.810	0.730
3978.000000	13	71	0.826	0.697
3984.000000	13	71	0.842	0.661
3990.000000	13	71	0.850	0.621
3996.000000	13	71	0.859	0.561
4002.000000	13	71	0.870	0.488
4008.000000	13	160	0.886	0.404
4014.000000	13	160	0.907	0.431
4020.000000	13	160	0.928	0.451
4026.000000	13	160	0.937	0.464
4032.000000	13	160	0.939	0.476
4038.000000	13	160	0.943	0.487
4044.000000	13	160	0.942	0.499
4050.000000	13	160	0.942	0.509
4056.000000	13	160	0.937	0.522
4062.000000	13	160	0.932	0.531
4068.000000	13	160	0.929	0.535
4074.000000	13	160	0.927	0.538
4080.000000	13	160	0.924	0.535
4086.000000	13	160	0.919	0.534
4092.000000	13	160	0.913	0.535
4098.000000	13	160	0.908	0.538
4104.000000	13	160	0.905	0.540
4110.000000	13	160	0.901	0.538
4116.000000	13	160	0.895	0.537
4122.000000	13	160	0.889	0.529
4128.000000	13	160	0.880	0.521
4134.000000	13	160	0.873	0.517
4140.000000	13	160	0.868	0.512
4146.000000	13	160	0.861	0.506
4152.000000	13	160	0.855	0.504
4158.000000	13	160	0.848	0.503
4164.000000	13	160	0.840	0.500
4170.000000	13	160	0.830	0.496
4176.000000	13	160	0.820	0.491
4182.000000	13	160	0.812	0.485
4188.000000	13	160	0.803	0.475
4194.000000	13	160	0.795	0.459
4200.000000	13	160	0.784	0.440
4206.000000	13	160	0.765	0.420
4212.000000	13	101	0.739	0.426
4218.000000	13	101	0.722	0.450
4224.000000	13	101	0.689	0.477
4230.000000	13	101	0.656	0.516
4236.000000	13	101	0.613	0.561
4242.000000	101	13	0.605	0.549
4248.000000	101	13	0.662	0.474
4254.000000	101	13	0.702	0.396
4260.000000	101	72	0.743	0.402
4266.000000	101	72	0.773	0.461
4272.000000	101	72	0.804	0.522
4278.000000	101	72	0.818	0.557
4284.000000	101	72	0.830	0.583
4290.000000	101	72	0.840	0.603
4296.000000	101	72	0.847	0.630
4302.000000	101	72	0.845	0.645
4308.000000	101	72	0.844	0.643
4314.000000	101	72	0.842	0.645
4320.000000	101	72	0.840	0.652
4326.000000	101	72	0.841	0.656
4332.000000	101	72	0.844	0.665
4338.000000	101	72	0.845	0.671
4344.000000	101	72	0.841	0.681
4350.000000	101	72	0.839	0.684
4356.000000	101	72	0.836	0.687
4362.000000	101	72	0.836	0.686
4368.000000	101	72	0.836	0.685
4374.000000	101	72	0.839	0.684
4380.000000	101	72	0.841	0.685
4386.000000	101	72	0.841	0.688
4392.000000	101	72	0.843	0.682
4398.000000	101	72	0.842	0.681
4404.000000	101	72	0.841	0.684
4410.000000	101	72	0.838	0.692
4416.000000	101	72	0.838	0.692
4422.000000	101	72	0.843	0.691
4428.000000	101	72	0.843	0.691
4434.000000	101	72	0.841	0.690
4440.000000	101	72	0.838	0.690
4446.000000	101	72	0.834	0.693
4452.000000	101	72	0.832	0.700
4458.000000	101	72	0.833	0.700
4464.000000	101	72	0.833	0.700
4470.000000	101	72	0.828	0.701
4476.000000	101	72	0.822	0.698
4482.000000	101	72	0.819	0.695
4488.000000	101	72	0.813	0.695
4494.000000	101	72	0.807	0.694
4500.000000	101	72	0.806	0.692
4506.000000	101	72	0.806	0.688
4512.000000	101	72	0.806	0.683
4518.000000	101	72	0.803	0.677
4524.000000	101	72	0.803	0.670
4530.000000	101	72	0.802	0.655
4536.000000	101	72	0.797	0.638
4542.000000	101	72	0.791	0.626
4548.000000	101	72	0.783	0.615
4554.000000	101	72	0.777	0.599
4560.000000	101	72	0.772	0.581
4566.000000	101	72	0.768	0.552
4572.000000	101	72	0.766	0.512
4578.000000	101	72	0.761	0.464
4584.000000	101	72	0.756	0.396
4590.000000	101	72	0.753	0.323
4596.000000	101	72	0.753	0.254
4602.000000	101	72	0.756	0.191
4608.000000	101	86	0.751	0.176
4614.000000	101	86	0.747	0.179
4620.000000	101	86	0.750	0.179
4626.000000	101	86	0.746	0.182
4632.000000	101	86	0.738	0.188
4638.000000	101	86	0.728	0.191
4644.000000	101	121	0.718	0.198
4650.000000	101	121	0.695	0.210
4656.000000	101	121	0.664	0.223
4662.000000	101	121	0.614	0.239
4668.000000	101	121	0.540	0.254
4674.000000	101	121	0.464	0.271
4680.000000	101	121	0.383	0.294
4686.000000	121	101	0.318	0.273
4692.000000	121	190	0.338	0.294
4698.000000	121	190	0.366	0.319
4704.000000	121	190	0.399	0.346
4710.000000	121	190	0.432	0.377
4716.000000	121	190	0.457	0.409
4722.000000	121	190	0.475	0.426
4728.000000	121	190	0.490	0.446
4734.000000	121	190	0.497	0.467
4740.000000	121	190	0.498	0.483
4746.000000	121	190	0.502	0.495
4752.000000	190	121	0.510	0.508
4758.000000	190	121	0.523	0.515
4764.000000	190	121	0.534	0.517
4770.000000	190	121	0.547	0.521
4776.000000	190	121	0.560	0.521
4782.000000	190	121	0.570	0.522
4788.000000	190	121	0.581	0.528
4794.000000	190	121	0.590	0.536
4800.000000	190	121	0.596	0.547
4806.000000	190	121	0.602	0.559
4812.000000	190	121	0.609	0.571
4818.000000	190	121	0.614	0.579
4824.000000	190	121	0.630	0.580
4830.000000	190	121	0.640	0.586
4836.000000	190	121	0.655	0.593
4842.000000	190	121	0.674	0.600
4848.000000	190	121	0.697	0.603
4854.000000	190	121	0.710	0.612
4860.000000	190	121	0.736	0.615
4866.000000	190	121	0.764	0.615
4872.000000	190	121	0.776	0.620
4878.000000	190	121	0.794	0.626
4884.000000	190	121	0.807	0.635
4890.000000	190	121	0.813	0.641
4896.000000	190	121	0.818	0.642
4902.000000	190	121	0.832	0.643
4908.000000	190	121	0.845	0.647
4914.000000	190	121	0.857	0.644
4920.000000	190	121	0.862	0.640
4926.000000	190	121	0.864	0.637
4932.000000	190	121	0.871	0.638
4938.000000	190	121	0.879	0.637
4944.000000	190	121	0.880	0.630
4950.000000	190	121	0.884	0.614
4956.000000	190	121	0.885	0.602
4962.000000	190	121	0.885	0.594
4968.000000	190	121	0.885	0.580
4974.000000	190	121	0.883	0.565
4980.000000	190	121	0.883	0.543
4986.000000	190	121	0.887	0.516
4992.000000	190	121	0.888	0.485
4998.000000	190	121	0.889	0.441
5004.000000	190	121	0.889	0.398
5010.000000	190	121	0.887	0.357
5016.000000	190	121	0.887	0.310
5022.000000	190	121	0.890	0.261
5028.000000	190	121	0.897	0.198
5034.000000	190	135	0.900	0.152
5040.000000	190	135	0.903	0.166
5046.000000	190	135	0.903	0.180
5052.000000	190	135	0.902	0.191
5058.000000	190	135	0.902	0.198
5064.000000	190	135	0.903	0.207
5070.000000	190	135	0.901	0.215
5076.000000	190	135	0.899	0.226
5082.000000	190	135	0.894	0.237
5088.000000	190	135	0.887	0.248
5094.000000	190	135	0.884	0.256
5100.000000	190	135	0.882	0.260
5106.000000	190	135	0.882	0.267
5112.000000	190	135	0.878	0.282
5118.000000	190	135	0.872	0.296
5124.000000	190	135	0.865	0.307
5130.000000	190	135	0.859	0.315
5136.000000	190	135	0.853	0.319
5142.000000	190	135	0.843	0.329
5148.000000	190	135	0.831	0.340
5154.000000	190	135	0.819	0.346
5160.000000	190	135	0.807	0.357
5166.000000	190	135	0.790	0.381
5172.000000	190	135	0.778	0.397
5178.000000	190	135	0.768	0.412
5184.000000	190	135	0.754	0.425
5190.000000	190	135	0.730	0.439
5196.000000	190	135	0.704	0.458
5202.000000	190	135	0.674	0.476
5208.000000	190	135	0.645	0.490
5214.000000	190	135	0.601	0.505
5220.000000	190	135	0.539	0.523
5226.000000	135	190	0.545	0.454
5232.000000	135	153	0.581	0.366
5238.000000	135	153	0.622	0.405
5244.000000	135	153	0.655	0.441
5250.000000	135	153	0.681	0.480
5256.000000	135	153	0.698	0.530
5262.000000	135	153	0.705	0.574
5268.000000	135	153	0.716	0.597
5274.000000	135	153	0.721	0.606
5280.000000	135	153	0.732	0.620
5286.000000	135	153	0.732	0.625
5292.000000	135	153	0.733	0.634
5298.000000	135	153	0.738	0.646
5304.000000	135	153	0.743	0.652
5310.000000	135	153	0.752	0.655
5316.000000	135	153	0.754	0.663
5322.000000	135	153	0.756	0.666
5328.000000	135	153	0.760	0.669
5334.000000	135	153	0.763	0.672
5340.000000	135	153	0.763	0.676
5346.000000	135	153	0.766	0.678
5352.000000	135	153	0.771	0.681
5358.000000	135	153	0.768	0.692
5364.000000	135	153	0.766	0.698
5370.000000	135	153	0.766	0.697
5376.000000	135	153	0.771	0.702
5382.000000	135	153	0.769	0.703
5388.000000	135	153	0.766	0.701
5394.000000	135	153	0.767	0.699
5400.000000	135	153	0.769	0.698
5406.000000	135	153	0.773	0.694
5412.000000	135	153	0.772	0.694
5418.000000	135	153	0.770	0.696
5424.000000	135	153	0.770	0.700
5430.000000	135	153	0.772	0.700
5436.000000	135	153	0.774	0.707
5442.000000	135	153	0.774	0.712
5448.000000	135	153	0.775	0.710
5454.000000	135	153	0.767	0.713
5460.000000	135	153	0.761	0.710
5466.000000	135	153	0.758	0.707
5472.000000	135	153	0.756	0.703
5478.000000	135	153	0.751	0.700
5484.000000	135	153	0.745	0.697
5490.000000	135	153	0.739	0.693
5496.000000	135	153	0.727	0.698
5502.000000	135	153	0.709	0.705
5508.000000	153	135	0.707	0.691
5514.000000	153	135	0.713	0.665
5520.000000	153	135	0.716	0.641
5526.000000	153	135	0.722	0.612
5532.000000	153	135	0.727	0.577
5538.000000	153	135	0.731	0.541
5544.000000	153	135	0.737	0.498
5550.000000	153	135	0.740	0.442
5556.000000	153	135	0.747	0.381
5562.000000	153	135	0.755	0.301
5568.000000	153	135	0.770	0.198
5574.000000	153	105	0.787	0.195
5580.000000	153	105	0.803	0.197
5586.000000	153	105	0.812	0.205
5592.000000	153	105	0.824	0.213
5598.000000	153	105	0.834	0.216
5604.000000	153	105	0.835	0.216
5610.000000	153	105	0.837	0.217
5616.000000	153	105	0.838	0.221
5622.000000	153	105	0.840	0.228
5628.000000	153	105	0.843	0.235
5634.000000	153	105	0.846	0.240
5640.000000	153	105	0.844	0.243
5646.000000	153	105	0.841	0.249
5652.000000	153	105	0.836	0.251
5658.000000	153	105	0.829	0.251
5664.000000	153	105	0.826	0.250
5670.000000	153	105	0.824	0.249
5676.000000	153	105	0.822	0.245
5682.000000	153	105	0.817	0.243
5688.000000	153	105	0.814	0.243
5694.000000	153	105	0.814	0.244
5700.000000	153	105	0.812	0.242
5706.000000	153	105	0.814	0.231
5712.000000	153	105	0.812	0.224
5718.000000	153	105	0.805	0.225
5724.000000	153	105	0.792	0.223
5730.000000	153	32	0.784	0.222
5736.000000	153	32	0.772	0.240
5742.000000	153	32	0.750	0.262
5748.000000	153	32	0.732	0.276
5754.000000	153	32	0.719	0.289
5760.000000	153	32	0.697	0.305
5766.000000	153	32	0.674	0.332
5772.000000	153	32	0.641	0.360
5778.000000	153	32	0.599	0.392
5784.000000	153	32	0.541	0.433
5790.000000	32	153	0.475	0.466
5796.000000	32	153	0.514	0.381
5802.000000	32	5	0.558	0.325
5808.000000	32	5	0.599	0.364
5814.000000	32	5	0.635	0.401
5820.000000	32	5	0.668	0.438
5826.000000	32	5	0.675	0.464
5832.000000	32	5	0.692	0.490
5838.000000	32	5	0.705	0.517
5844.000000	32	5	0.718	0.532
5850.000000	32	5	0.722	0.550
5856.000000	32	5	0.745	0.559
5862.000000	32	5	0.760	0.569
5868.000000	32	5	0.764	0.584
5874.000000	32	5	0.768	0.591
5880.000000	32	5	0.774	0.599
5886.000000	32	5	0.782	0.606
5892.000000	32	5	0.787	0.612
5898.000000	32	5	0.789	0.626
5904.000000	32	5	0.793	0.639
5910.000000	32	5	0.797	0.648
5916.000000	32	5	0.802	0.653
5922.000000	32	5	0.814	0.659
5928.000000	32	5	0.822	0.663
5934.000000	32	5	0.830	0.672
5940.000000	32	5	0.837	0.685
5946.000000	32	5	0.839	0.695
5952.000000	32	5	0.837	0.707
5958.000000	32	5	0.837	0.723
5964.000000	32	5	0.839	0.736
5970.000000	32	5	0.839	0.742
5976.000000	32	5	0.844	0.746
5982.000000	32	5	0.845	0.752
5988.000000	32	5	0.841	0.762
5994.000000	32	5	0.843	0.769
6000.000000	32	5	0.841	0.777
6006.000000	32	5	0.841	0.780
6012.000000	32	5	0.841	0.784
6018.000000	32	5	0.843	0.787
6024.000000	32	5	0.843	0.790
6030.000000	32	5	0.840	0.792
6036.000000	32	5	0.837	0.791
6042.000000	32	5	0.833	0.793
6048.000000	32	5	0.827	0.799
6054.000000	32	5	0.827	0.796
6060.000000	32	5	0.825	0.792
6066.000000	32	5	0.821	0.792
6072.000000	32	5	0.817	0.796
6078.000000	32	5	0.814	0.796
6084.000000	32	5	0.809	0.797
6090.000000	32	5	0.801	0.799
6096.000000	5	32	0.802	0.790
6102.000000	5	32	0.807	0.776
6108.000000	5	32	0.809	0.765
6114.000000	5	32	0.811	0.749
6120.000000	5	32	0.812	0.727
6126.000000	5	32	0.816	0.707
6132.000000	5	32	0.818	0.686
6138.000000	5	32	0.819	0.661
6144.000000	5	32	0.829	0.621
6150.000000	5	32	0.832	0.572
6156.000000	5	32	0.834	0.497
6162.000000	5	32	0.839	0.402
6168.000000	5	32	0.856	0.264
6174.000000	5	132	0.871	0.176
6180.000000	5	132	0.880	0.168
6186.000000	5	132	0.883	0.171
6192.000000	5	132	0.886	0.173
6198.000000	5	132	0.891	0.175
6204.000000	5	132	0.895	0.180
6210.000000	5	132	0.896	0.185
6216.000000	5	132	0.894	0.185
6222.000000	5	132	0.892	0.179
6228.000000	5	132	0.889	0.174
6234.000000	5	132	0.889	0.175
6240.000000	5	132	0.886	0.178
6246.000000	5	132	0.880	0.181
6252.000000	5	132	0.876	0.183
6258.000000	5	132	0.871	0.183
6264.000000	5	132	0.863	0.183
6270.000000	5	38	0.853	0.196
6276.000000	5	38	0.846	0.210
6282.000000	5	38	0.838	0.220
6288.000000	5	38	0.829	0.228
6294.000000	5	38	0.819	0.238
6300.000000	5	38	0.807	0.247
6306.000000	5	38	0.789	0.261
6312.000000	5	38	0.771	0.271
6318.000000	5	38	0.756	0.278
6324.000000	5	38	0.740	0.283
6330.000000	5	38	0.712	0.287
6336.000000	5	38	0.675	0.291
6342.000000	5	38	0.625	0.300
6348.000000	5	38	0.570	0.313
6354.000000	5	38	0.510	0.328
6360.000000	5	38	0.431	0.345
6366.000000	38	5	0.356	0.330
6372.000000	38	162	0.378	0.267
6378.000000	38	162	0.402	0.278
6384.000000	38	162	0.429	0.283
6390.000000	38	162	0.462	0.287
6396.000000	38	162	0.481	0.296
6402.000000	38	162	0.500	0.307
6408.000000	38	162	0.515	0.316
6414.000000	38	162	0.525	0.329
6420.000000	38	162	0.535	0.346
6426.000000	38	162	0.549	0.362
6432.000000	38	162	0.560	0.376
6438.000000	38	162	0.576	0.382
6444.000000	38	162	0.589	0.390
6450.000000	38	162	0.592	0.401
6456.000000	38	162	0.599	0.412
6462.000000	38	162	0.606	0.423
6468.000000	38	162	0.615	0.426
6474.000000	38	162	0.623	0.431
6480.000000	38	162	0.625	0.437
6486.000000	38	162	0.634	0.442
6492.000000	38	162	0.647	0.451
6498.000000	38	162	0.661	0.463
6504.000000	38	162	0.672	0.474
6510.000000	38	162	0.684	0.484
6516.000000	38	162	0.691	0.501
6522.000000	38	162	0.700	0.511
6528.000000	38	162	0.714	0.523
6534.000000	38	162	0.722	0.530
6540.000000	38	162	0.732	0.529
6546.000000	38	162	0.745	0.537
6552.000000	38	162	0.767	0.546
6558.000000	38	162	0.788	0.559
6564.000000	38	162	0.795	0.572
6570.000000	38	162	0.803	0.580
6576.000000	38	162	0.808	0.584
6582.000000	38	162	0.817	0.588
6588.000000	38	162	0.822	0.598
6594.000000	38	162	0.825	0.612
6600.000000	38	162	0.831	0.622
6606.000000	38	162	0.840	0.628
6612.000000	38	162	0.848	0.631
6618.000000	38	162	0.853	0.639
6624.000000	38	162	0.857	0.638
6630.000000	38	162	0.862	0.640
6636.000000	38	162	0.867	0.643
6642.000000	38	162	0.873	0.646
6648.000000	38	162	0.876	0.646
6654.000000	38	162	0.876	0.646
6660.000000	38	162	0.881	0.641
6666.000000	38	162	0.883	0.640
6672.000000	38	162	0.883	0.642
6678.000000	38	162	0.886	0.639
6684.000000	38	162	0.886	0.640
6690.000000	38	162	0.886	0.641
6696.000000	38	162	0.883	0.645
6702.000000	38	162	0.881	0.647
6708.000000	38	162	0.877	0.649
6714.000000	38	162	0.873	0.652
6720.000000	38	162	0.871	0.651
6726.000000	38	162	0.872	0.646
6732.000000	38	162	0.870	0.643
6738.000000	38	162	0.870	0.636
6744.000000	38	162	0.870	0.625
6750.000000	38	162	0.869	0.615
6756.000000	38	162	0.868	0.599
6762.000000	38	162	0.867	0.581
6768.000000	38	162	0.872	0.558
6774.000000	38	162	0.877	0.531
6780.000000	38	162	0.877	0.511
6786.000000	38	162	0.878	0.481
6792.000000	38	162	0.880	0.435
6798.000000	38	162	0.882	0.370
6804.000000	38	162	0.889	0.300
6810.000000	38	162	0.898	0.204
6816.000000	38	162	0.907	0.122
6822.000000	38	105	0.913	0.078
6828.000000	38	105	0.920	0.075
6834.000000	38	139	0.923	0.069
6840.000000	38	177	0.925	0.072
6846.000000	38	177	0.925	0.074
6852.000000	38	177	0.929	0.076
6858.000000	38	177	0.932	0.078
6864.000000	38	155	0.935	0.080
6870.000000	38	155	0.937	0.084
6876.000000	38	155	0.938	0.087
6882.000000	38	155	0.939	0.093
6888.000000	38	155	0.940	0.098
6894.000000	38	155	0.939	0.099
6900.000000	38	128	0.937	0.098
6906.000000	38	128	0.935	0.102
6912.000000	38	128	0.934	0.107
6918.000000	38	128	0.935	0.115
6924.000000	38	128	0.936	0.121
6930.000000	38	128	0.935	0.126
6936.000000	38	128	0.934	0.130
6942.000000	38	128	0.931	0.135
6948.000000	38	128	0.928	0.141
6954.000000	38	128	0.924	0.148
6960.000000	38	128	0.919	0.157
6966.000000	38	128	0.915	0.166
6972.000000	38	128	0.913	0.173
6978.000000	38	128	0.909	0.177
6984.000000	38	128	0.904	0.187
6990.000000	38	128	0.897	0.197
6996.000000	38	128	0.885	0.208
7002.000000	38	128	0.870	0.223
7008.000000	38	128	0.860	0.240
7014.000000	38	128	0.847	0.260
7020.000000	38	128	0.831	0.280
7026.000000	38	128	0.816	0.291
7032.000000	38	128	0.793	0.302
7038.000000	38	128	0.757	0.317
7044.000000	38	128	0.710	0.339
7050.000000	38	128	0.669	0.361
7056.000000	38	128	0.608	0.379
7062.000000	38	128	0.528	0.396
7068.000000	128	38	0.426	0.416
7074.000000	128	190	0.461	0.371
7080.000000	128	190	0.500	0.389
7086.000000	128	190	0.531	0.407
7092.000000	128	190	0.558	0.425
7098.000000	128	190	0.578	0.441
7104.000000	128	190	0.589	0.452
7110.000000	128	190	0.593	0.463
7116.000000	128	190	0.598	0.482
7122.000000	128	190	0.605	0.493
7128.000000	128	190	0.607	0.506
7134.000000	128	190	0.606	0.514
7140.000000	128	190	0.607	0.528
7146.000000	128	190	0.614	0.532
7152.000000	128	190	0.625	0.535
7158.000000	128	190	0.632	0.539
7164.000000	128	190	0.643	0.543
7170.000000	128	190	0.650	0.558
7176.000000	128	190	0.646	0.569
7182.000000	128	190	0.646	0.578
7188.000000	128	190	0.655	0.578
7194.000000	128	190	0.666	0.588
7200.000000	128	190	0.673	0.600
7206.000000	128	190	0.678	0.616
7212.000000	128	190	0.678	0.631
7218.000000	128	190	0.679	0.644
7224.000000	128	190	0.683	0.649
7230.000000	128	190	0.687	0.655
7236.000000	128	190	0.681	0.663
7242.000000	128	190	0.684	0.668
7248.000000	128	190	0.691	0.675
7254.000000	128	190	0.691	0.675
7260.000000	128	190	0.692	0.678
7266.000000	128	190	0.693	0.678
7272.000000	128	190	0.696	0.677
7278.000000	128	190	0.700	0.678
7284.000000	128	190	0.705	0.681
7290.000000	128	190	0.709	0.682
7296.000000	128	190	0.710	0.685
7302.000000	128	190	0.713	0.690
7308.000000	128	190	0.711	0.691
7314.000000	128	190	0.705	0.699
7320.000000	190	128	0.707	0.701
7326.000000	190	128	0.714	0.697
7332.000000	190	128	0.713	0.694
7338.000000	190	128	0.712	0.691
7344.000000	190	128	0.717	0.682
7350.000000	190	128	0.721	0.672
7356.000000	190	128	0.724	0.661
7362.000000	190	128	0.729	0.642
7368.000000	190	128	0.738	0.620
7374.000000	190	128	0.743	0.605
7380.000000	190	128	0.754	0.579
7386.000000	190	128	0.756	0.549
7392.000000	190	128	0.759	0.509
7398.000000	190	128	0.765	0.465
7404.000000	190	128	0.771	0.411
7410.000000	190	128	0.774	0.345
7416.000000	190	44	0.786	0.347
7422.000000	190	44	0.794	0.381
7428.000000	190	44	0.800	0.417
7434.000000	190	44	0.806	0.440
7440.000000	190	44	0.814	0.470
7446.000000	190	44	0.817	0.512
7452.000000	190	44	0.816	0.544
7458.000000	190	44	0.816	0.564
7464.000000	190	44	0.803	0.592
7470.000000	190	44	0.787	0.618
7476.000000	190	44	0.777	0.637
7482.000000	190	44	0.766	0.657
7488.000000	190	44	0.754	0.681
7494.000000	190	44	0.738	0.704
7500.000000	190	44	0.720	0.716
7506.000000	44	190	0.728	0.699
7512.000000	44	190	0.737	0.679
7518.000000	44	190	0.743	0.660
7524.000000	44	190	0.756	0.629
7530.000000	44	190	0.776	0.585
7536.000000	44	190	0.790	0.538
7542.000000	44	190	0.815	0.474
7548.000000	44	190	0.834	0.395
7554.000000	44	190	0.855	0.298
7560.000000	44	23	0.870	0.295
7566.000000	44	23	0.881	0.298
7572.000000	44	23	0.900	0.295
7578.000000	44	23	0.910	0.297
7584.000000	44	23	0.912	0.303
7590.000000	44	23	0.914	0.308
7596.000000	44	23	0.918	0.310
7602.000000	44	23	0.926	0.317
7608.000000	44	23	0.925	0.325
7614.000000	44	23	0.924	0.326
7620.000000	44	23	0.926	0.321
7626.000000	44	23	0.925	0.321
7632.000000	44	23	0.924	0.321
7638.000000	44	23	0.922	0.321
7644.000000	44	23	0.921	0.321
7650.000000	44	23	0.918	0.324
7656.000000	44	23	0.915	0.324
7662.000000	44	106	0.913	0.332
7668.000000	44	106	0.911	0.345
7674.000000	44	106	0.912	0.356
7680.000000	44	106	0.913	0.368
7686.000000	44	106	0.913	0.384
7692.000000	44	106	0.912	0.397
7698.000000	44	106	0.910	0.412
7704.000000	44	106	0.909	0.426
7710.000000	44	106	0.906	0.443
7716.000000	44	106	0.905	0.460
7722.000000	44	106	0.906	0.474
7728.000000	44	106	0.907	0.485
7734.000000	44	106	0.906	0.495
7740.000000	44	106	0.905	0.505
7746.000000	44	106	0.904	0.517
7752.000000	44	106	0.901	0.536
7758.000000	44	106	0.898	0.555
7764.000000	44	106	0.895	0.578
7770.000000	44	106	0.894	0.592
7776.000000	44	106	0.887	0.616
7782.000000	44	106	0.871	0.646
7788.000000	44	106	0.858	0.674
7794.000000	44	106	0.837	0.702
7800.000000	44	106	0.818	0.718
7806.000000	44	106	0.804	0.725
7812.000000	44	106	0.777	0.747
7818.000000	106	44	0.765	0.753
7824.000000	106	44	0.786	0.733
7830.000000	106	44	0.805	0.707
7836.000000	106	44	0.818	0.673
7842.000000	106	44	0.833	0.622
7848.000000	106	44	0.857	0.550
7854.000000	106	44	0.872	0.477
7860.000000	106	44	0.889	0.368
7866.000000	106	44	0.917	0.217
7872.000000	106	176	0.938	0.118
7878.000000	106	57	0.947	0.115
7884.000000	106	57	0.949	0.124
7890.000000	106	57	0.950	0.133
7896.000000	106	57	0.951	0.142
7902.000000	106	57	0.950	0.149
7908.000000	106	57	0.947	0.156
7914.000000	106	57	0.946	0.160
7920.000000	106	57	0.946	0.166
7926.000000	106	57	0.945	0.173
7932.000000	106	57	0.944	0.180
7938.000000	106	57	0.946	0.188
7944.000000	106	57	0.945	0.196
7950.000000	106	57	0.943	0.206
7956.000000	106	57	0.942	0.220
7962.000000	106	57	0.941	0.238
7968.000000	106	57	0.940	0.256
7974.000000	106	57	0.940	0.272
7980.000000	106	57	0.940	0.285
7986.000000	106	57	0.939	0.295
7992.000000	106	57	0.937	0.304
7998.000000	106	57	0.934	0.314
8004.000000	106	57	0.933	0.328
8010.000000	106	57	0.932	0.343
8016.000000	106	57	0.930	0.356
8022.000000	106	57	0.927	0.374
8028.000000	106	57	0.924	0.390
8034.000000	106	57	0.920	0.405
8040.000000	106	57	0.917	0.423
8046.000000	106	57	0.912	0.448
8052.000000	106	57	0.909	0.470
8058.000000	106	57	0.906	0.481
8064.000000	106	57	0.900	0.501
8070.000000	106	57	0.894	0.517
8076.000000	106	57	0.884	0.537
8082.000000	106	57	0.875	0.551
8088.000000	106	57	0.857	0.569
8094.000000	106	57	0.846	0.588
8100.000000	106	57	0.831	0.610
8106.000000	106	57	0.800	0.643
8112.000000	106	57	0.767	0.660
8118.000000	106	57	0.730	0.677
8124.000000	57	106	0.707	0.673
8130.000000	57	106	0.740	0.600
8136.000000	57	106	0.777	0.499
8142.000000	57	106	0.814	0.371
8148.000000	57	22	0.852	0.301
8154.000000	57	22	0.889	0.323
8160.000000	57	22	0.919	0.328
8166.000000	57	22	0.923	0.344
8172.000000	57	22	0.926	0.369
8178.000000	57	22	0.923	0.396
8184.000000	57	22	0.921	0.423
8190.000000	57	22	0.920	0.439
8196.000000	57	22	0.918	0.460
8202.000000	57	22	0.915	0.475
8208.000000	57	22	0.911	0.493
8214.000000	57	22	0.909	0.504
8220.000000	57	22	0.907	0.513
8226.000000	57	22	0.905	0.525
8232.000000	57	22	0.904	0.533
8238.000000	57	22	0.904	0.540
8244.000000	57	22	0.905	0.544
8250.000000	57	22	0.904	0.551
8256.000000	57	22	0.904	0.558
8262.000000	57	22	0.903	0.562
8268.000000	57	22	0.902	0.560
8274.000000	57	22	0.902	0.567
8280.000000	57	22	0.900	0.574
8286.000000	57	22	0.896	0.578
8292.000000	57	22	0.896	0.585
8298.000000	57	22	0.898	0.589
8304.000000	57	22	0.898	0.594
8310.000000	57	22	0.897	0.597
8316.000000	57	22	0.895	0.602
8322.000000	57	22	0.893	0.609
8328.000000	57	22	0.890	0.614
8334.000000	57	22	0.887	0.620
8340.000000	57	22	0.878	0.635
8346.000000	57	22	0.873	0.646
8352.000000	57	22	0.870	0.650
8358.000000	57	22	0.869	0.655
8364.000000	57	22	0.865	0.663
8370.000000	57	22	0.860	0.671
8376.000000	57	22	0.854	0.677
8382.000000	57	22	0.845	0.686
8388.000000	57	22	0.834	0.690
8394.000000	57	22	0.826	0.690
8400.000000	57	22	0.820	0.692
8406.000000	57	22	0.812	0.699
8412.000000	57	22	0.801	0.701
8418.000000	57	22	0.786	0.703
8424.000000	57	22	0.764	0.711
8430.000000	57	22	0.739	0.722
8436.000000	22	57	0.745	0.710
8442.000000	22	57	0.773	0.672
8448.000000	22	57	0.802	0.621
8454.000000	22	57	0.832	0.547
8460.000000	22	57	0.852	0.454
8466.000000	22	57	0.875	0.335
8472.000000	22	57	0.900	0.188
8478.000000	22	185	0.916	0.137
8484.000000	22	185	0.931	0.126
8490.000000	22	185	0.934	0.120
8496.000000	22	185	0.935	0.116
8502.000000	22	185	0.937	0.113
8508.000000	22	136	0.939	0.113
8514.000000	22	136	0.939	0.113
8520.000000	22	136	0.940	0.113
8526.000000	22	136	0.938	0.115
8532.000000	22	136	0.934	0.119
8538.000000	22	136	0.931	0.125
8544.000000	22	136	0.930	0.128
8550.000000	22	136	0.931	0.129
8556.000000	22	136	0.930	0.127
8562.000000	22	82	0.928	0.131
8568.000000	22	82	0.925	0.135
8574.000000	22	82	0.924	0.140
8580.000000	22	82	0.923	0.142
8586.000000	22	82	0.924	0.146
8592.000000	22	82	0.924	0.151
8598.000000	22	82	0.919	0.150
8604.000000	22	82	0.915	0.150
8610.000000	22	82	0.912	0.151
8616.000000	22	136	0.908	0.149
8622.000000	22	82	0.901	0.148
8628.000000	22	82	0.895	0.147
8634.000000	22	136	0.889	0.150
8640.000000	22	136	0.884	0.151
8646.000000	22	136	0.878	0.151
8652.000000	22	181	0.873	0.153
8658.000000	22	181	0.869	0.159
8664.000000	22	181	0.862	0.162
8670.000000	22	181	0.854	0.168
8676.000000	22	181	0.843	0.176
8682.000000	22	86	0.836	0.180
8688.000000	22	86	0.828	0.189
8694.000000	22	86	0.820	0.201
8700.000000	22	86	0.807	0.208
8706.000000	22	86	0.797	0.213
8712.000000	22	86	0.782	0.221
8718.000000	22	86	0.770	0.236
8724.000000	22	86	0.757	0.252
8730.000000	22	86	0.738	0.265
8736.000000	22	86	0.712	0.274
8742.000000	22	86	0.682	0.282
8748.000000	22	86	0.639	0.295
8754.000000	22	86	0.581	0.314
8760.000000	22	86	0.498	0.338
8766.000000	22	86	0.401	0.363
8772.000000	86	56	0.391	0.345
8778.000000	86	56	0.425	0.371
8784.000000	86	56	0.467	0.411
8790.000000	86	56	0.493	0.445
8796.000000	86	56	0.518	0.465
8802.000000	86	56	0.542	0.488
8808.000000	86	56	0.554	0.505
8814.000000	86	56	0.566	0.524
8820.000000	86	56	0.578	0.552
8826.000000	86	56	0.584	0.566
8832.000000	86	56	0.587	0.575
8838.000000	86	56	0.593	0.582
8844.000000	86	56	0.597	0.591
8850.000000	56	86	0.603	0.602
8856.000000	56	86	0.617	0.608
8862.000000	56	86	0.623	0.616
8868.000000	56	86	0.628	0.623
8874.000000	56	86	0.639	0.630
8880.000000	56	86	0.644	0.641
8886.000000	56	86	0.654	0.651
8892.000000	56	86	0.660	0.654
8898.000000	56	86	0.670	0.660
8904.000000	56	86	0.689	0.665
8910.000000	56	86	0.707	0.676
8916.000000	56	86	0.713	0.691
8922.000000	56	86	0.724	0.707
8928.000000	56	86	0.732	0.718
8934.000000	56	86	0.741	0.726
8940.000000	56	86	0.749	0.742
8946.000000	86	56	0.760	0.755
8952.000000	86	56	0.774	0.758
8958.000000	86	56	0.775	0.769
8964.000000	86	56	0.781	0.770
8970.000000	86	56	0.796	0.773
8976.000000	86	56	0.805	0.778
8982.000000	86	56	0.808	0.780
8988.000000	86	56	0.818	0.777
8994.000000	86	56	0.823	0.778
9000.000000	86	56	0.822	0.781
9006.000000	86	56	0.825	0.782
9012.000000	86	56	0.831	0.778
9018.000000	86	56	0.833	0.775
9024.000000	86	56	0.836	0.771
9030.000000	86	56	0.836	0.766
9036.000000	86	56	0.838	0.759
9042.000000	86	56	0.843	0.745
9048.000000	86	56	0.842	0.730
9054.000000	86	56	0.841	0.715
9060.000000	86	56	0.841	0.700
9066.000000	86	56	0.842	0.682
9072.000000	86	56	0.840	0.668
9078.000000	86	56	0.844	0.650
9084.000000	86	56	0.845	0.628
9090.000000	86	56	0.844	0.601
9096.000000	86	56	0.846	0.577
9102.000000	86	56	0.846	0.547
9108.000000	86	56	0.847	0.502
9114.000000	86	56	0.851	0.437
9120.000000	86	56	0.866	0.344
9126.000000	86	56	0.886	0.238
9132.000000	86	128	0.895	0.181
9138.000000	86	128	0.905	0.198
9144.000000	86	128	0.917	0.209
9150.000000	86	128	0.920	0.234
9156.000000	86	128	0.922	0.260
9162.000000	86	128	0.923	0.284
9168.000000	86	128	0.927	0.302
9174.000000	86	128	0.926	0.316
9180.000000	86	128	0.925	0.331
9186.000000	86	128	0.921	0.355
9192.000000	86	128	0.916	0.389
9198.000000	86	128	0.908	0.424
9204.000000	86	128	0.902	0.451
9210.000000	86	128	0.896	0.480
9216.000000	86	128	0.890	0.508
9222.000000	86	128	0.881	0.532
9228.000000	86	128	0.871	0.555
9234.000000	86	128	0.858	0.574
9240.000000	86	128	0.839	0.594
9246.000000	86	128	0.820	0.618
9252.000000	86	128	0.798	0.651
9258.000000	86	128	0.771	0.672
9264.000000	86	128	0.730	0.693
9270.000000	128	86	0.723	0.681
9276.000000	128	86	0.749	0.617
9282.000000	128	86	0.792	0.519
9288.000000	128	86	0.836	0.379
9294.000000	128	44	0.867	0.313
9300.000000	128	44	0.897	0.321
9306.000000	128	44	0.917	0.316
9312.000000	128	44	0.932	0.318
9318.000000	128	44	0.931	0.327
9324.000000	128	44	0.929	0.333
9330.000000	128	44	0.929	0.330
9336.000000	128	44	0.926	0.337
9342.000000	128	44	0.923	0.339
9348.000000	128	44	0.919	0.344
9354.000000	128	44	0.920	0.349
9360.000000	128	44	0.922	0.351
9366.000000	128	44	0.923	0.352
9372.000000	128	44	0.922	0.353
9378.000000	128	44	0.921	0.353
9384.000000	128	44	0.919	0.356
9390.000000	128	44	0.918	0.358
9396.000000	128	44	0.916	0.359
9402.000000	128	44	0.915	0.356
9408.000000	128	44	0.912	0.356
9414.000000	128	44	0.909	0.358
9420.000000	128	44	0.908	0.358
9426.000000	128	44	0.907	0.357
9432.000000	128	44	0.905	0.357
9438.000000	128	44	0.902	0.354
9444.000000	128	44	0.900	0.350
9450.000000	128	44	0.899	0.342
9456.000000	128	44	0.898	0.336
9462.000000	128	44	0.895	0.331
9468.000000	128	44	0.893	0.323
9474.000000	128	100	0.889	0.319
9480.000000	128	100	0.884	0.324
9486.000000	128	100	0.875	0.333
9492.000000	128	100	0.872	0.336
9498.000000	128	100	0.865	0.341
9504.000000	128	100	0.859	0.347
9510.000000	128	100	0.857	0.348
9516.000000	128	100	0.854	0.344
9522.000000	128	100	0.851	0.342
9528.000000	128	100	0.845	0.341
9534.000000	128	100	0.841	0.340
9540.000000	128	100	0.835	0.334
9546.000000	128	100	0.828	0.324
9552.000000	128	100	0.822	0.321
9558.000000	128	100	0.813	0.320
9564.000000	128	100	0.807	0.316
9570.000000	128	52	0.801	0.331
9576.000000	128	52	0.795	0.346
9582.000000	128	52	0.789	0.364
9588.000000	128	52	0.777	0.387
9594.000000	128	52	0.764	0.411
9600.000000	128	52	0.750	0.438
9606.000000	128	52	0.737	0.464
9612.000000	128	52	0.723	0.480
9618.000000	128	52	0.702	0.496
9624.000000	128	52	0.666	0.517
9630.000000	128	52	0.613	0.543
9636.000000	52	128	0.577	0.537
9642.000000	52	128	0.619	0.435
9648.000000	52	128	0.675	0.304
9654.000000	52	147	0.735	0.272
9660.000000	52	147	0.787	0.255
9666.000000	52	147	0.823	0.247
9672.000000	52	147	0.851	0.253
9678.000000	52	147	0.872	0.264
9684.000000	52	147	0.887	0.273
9690.000000	52	147	0.895	0.280
9696.000000	52	147	0.904	0.285
9702.000000	52	147	0.905	0.292
9708.000000	52	147	0.910	0.294
9714.000000	52	147	0.911	0.296
9720.000000	52	147	0.911	0.296
9726.000000	52	147	0.917	0.291
9732.000000	52	147	0.916	0.294
9738.000000	52	147	0.920	0.295
9744.000000	52	147	0.921	0.293
9750.000000	52	147	0.921	0.283
9756.000000	52	147	0.925	0.268
9762.000000	52	147	0.925	0.257
9768.000000	52	147	0.923	0.249
9774.000000	52	147	0.921	0.241
9780.000000	52	29	0.921	0.231
9786.000000	52	29	0.921	0.231
9792.000000	52	29	0.921	0.231
9798.000000	52	29	0.920	0.231
9804.000000	52	29	0.918	0.231
9810.000000	52	29	0.918	0.235
9816.000000	52	29	0.918	0.240
9822.000000	52	29	0.918	0.246
9828.000000	52	29	0.917	0.248
9834.000000	52	29	0.916	0.246
9840.000000	52	29	0.918	0.247
9846.000000	52	29	0.918	0.247
9852.000000	52	29	0.918	0.243
9858.000000	52	132	0.915	0.241
9864.000000	52	132	0.915	0.252
9870.000000	52	132	0.915	0.261
9876.000000	52	132	0.914	0.269
9882.000000	52	132	0.913	0.280
9888.000000	52	132	0.910	0.284
9894.000000	52	132	0.908	0.286
9900.000000	52	132	0.903	0.294
9906.000000	52	132	0.902	0.310
9912.000000	52	132	0.900	0.330
9918.000000	52	132	0.898	0.351
9924.000000	52	132	0.892	0.369
9930.000000	52	132	0.884	0.393
9936.000000	52	132	0.872	0.415
9942.000000	52	132	0.862	0.430
9948.000000	52	132	0.854	0.446
9954.000000	52	132	0.846	0.464
9960.000000	52	132	0.834	0.484
9966.000000	52	132	0.814	0.509
9972.000000	52	132	0.789	0.544
9978.000000	52	132	0.761	0.564
9984.000000	52	132	0.719	0.582
9990.000000	52	132	0.664	0.617
9996.000000	132	52	0.653	0.601
10002.000000	132	52	0.681	0.516
10008.000000	132	123	0.716	0.513
10014.000000	132	123	0.757	0.553
10020.000000	132	123	0.788	0.583
10026.000000	132	123	0.804	0.600
10032.000000	132	123	0.812	0.622
10038.000000	132	123	0.817	0.633
10044.000000	132	123	0.826	0.635
10050.000000	132	123	0.831	0.638
10056.000000	132	123	0.835	0.637
10062.000000	132	123	0.845	0.633
10068.000000	132	123	0.856	0.629
10074.000000	132	123	0.858	0.630
10080.000000	132	123	0.859	0.637
10086.000000	132	123	0.858	0.640
10092.000000	132	123	0.861	0.641
10098.000000	132	123	0.861	0.644
10104.000000	132	123	0.860	0.644
10110.000000	132	123	0.860	0.645
10116.000000	132	123	0.862	0.647
10122.000000	132	123	0.862	0.647
10128.000000	132	123	0.862	0.643
10134.000000	132	123	0.862	0.639
10140.000000	132	123	0.865	0.636
10146.000000	132	123	0.865	0.636
10152.000000	132	123	0.864	0.639
10158.000000	132	123	0.863	0.640
10164.000000	132	123	0.860	0.643
10170.000000	132	123	0.857	0.645
10176.000000	132	123	0.854	0.645
10182.000000	132	123	0.851	0.642
10188.000000	132	123	0.849	0.634
10194.000000	132	123	0.845	0.628
10200.000000	132	123	0.837	0.623
10206.000000	132	123	0.829	0.625
10212.000000	132	123	0.827	0.622
10218.000000	132	123	0.826	0.616
10224.000000	132	123	0.825	0.607
10230.000000	132	123	0.824	0.594
10236.000000	132	123	0.822	0.577
10242.000000	132	123	0.817	0.555
10248.000000	132	123	0.809	0.528
10254.000000	132	123	0.805	0.498
10260.000000	132	123	0.802	0.469
10266.000000	132	123	0.802	0.428
10272.000000	132	123	0.799	0.378
10278.000000	132	123	0.800	0.314
10284.000000	132	115	0.801	0.259
10290.000000	132	115	0.797	0.270
10296.000000	132	115	0.797	0.274
10302.000000	132	115	0.800	0.283
10308.000000	132	115	0.796	0.304
10314.000000	132	115	0.789	0.328
10320.000000	132	115	0.780	0.353
10326.000000	132	115	0.769	0.375
10332.000000	132	115	0.750	0.398
10338.000000	132	115	0.726	0.425
10344.000000	132	115	0.691	0.449
10350.000000	132	115	0.637	0.479
10356.000000	132	115	0.572	0.504
10362.000000	115	107	0.529	0.509
10368.000000	115	107	0.561	0.545
10374.000000	115	107	0.618	0.589
10380.000000	115	107	0.655	0.630
10386.000000	115	107	0.681	0.653
10392.000000	115	107	0.699	0.682
10398.000000	115	107	0.713	0.692
10404.000000	115	107	0.719	0.700
10410.000000	115	107	0.729	0.705
10416.000000	115	107	0.743	0.703
10422.000000	115	107	0.748	0.701
10428.000000	115	107	0.749	0.700
10434.000000	115	107	0.749	0.699
10440.000000	115	107	0.750	0.706
10446.000000	115	107	0.754	0.707
10452.000000	115	107	0.757	0.707
10458.000000	115	107	0.758	0.709
10464.000000	115	107	0.760	0.708
10470.000000	115	107	0.764	0.705
10476.000000	115	107	0.764	0.707
10482.000000	115	107	0.765	0.706
10488.000000	115	107	0.768	0.707
10494.000000	115	107	0.770	0.707
10500.000000	115	107	0.779	0.706
10506.000000	115	107	0.783	0.705
10512.000000	115	107	0.785	0.705
10518.000000	115	107	0.785	0.707
10524.000000	115	107	0.781	0.714
10530.000000	115	107	0.785	0.710
10536.000000	115	107	0.790	0.706
10542.000000	115	107	0.801	0.697
10548.000000	115	107	0.807	0.692
10554.000000	115	107	0.811	0.687
10560.000000	115	107	0.816	0.679
10566.000000	115	107	0.825	0.672
10572.000000	115	107	0.829	0.664
10578.000000	115	107	0.833	0.650
10584.000000	115	107	0.837	0.636
10590.000000	115	107	0.842	0.621
10596.000000	115	107	0.852	0.599
10602.000000	115	107	0.865	0.574
10608.000000	115	107	0.869	0.549
10614.000000	115	107	0.872	0.509
10620.000000	115	107	0.880	0.456
10626.000000	115	107	0.888	0.393
10632.000000	115	107	0.905	0.300
10638.000000	115	107	0.912	0.197
10644.000000	115	105	0.927	0.110
10650.000000	115	105	0.938	0.091
10656.000000	115	58	0.948	0.085
10662.000000	115	58	0.952	0.089
10668.000000	115	159	0.952	0.093
10674.000000	115	159	0.954	0.099
10680.000000	115	159	0.954	0.103
10686.000000	115	159	0.954	0.109
10692.000000	115	159	0.953	0.115
10698.000000	115	159	0.952	0.120
10704.000000	115	159	0.951	0.125
10710.000000	115	159	0.951	0.129
10716.000000	115	159	0.952	0.133
10722.000000	115	159	0.953	0.136
10728.000000	115	159	0.952	0.141
10734.000000	115	159	0.952	0.144
10740.000000	115	159	0.952	0.149
10746.000000	115	159	0.952	0.157
10752.000000	115	159	0.951	0.162
10758.000000	115	159	0.951	0.166
10764.000000	115	159	0.950	0.170
10770.000000	115	159	0.949	0.173
10776.000000	115	159	0.947	0.173
10782.000000	115	159	0.945	0.174
10788.000000	115	159	0.943	0.176
10794.000000	115	159	0.940	0.179
10800.000000	115	159	0.937	0.182
10806.000000	115	159	0.934	0.182
10812.000000	115	159	0.930	0.181
10818.000000	115	159	0.928	0.179
10824.000000	115	159	0.924	0.181
10830.000000	115	159	0.920	0.185
10836.000000	115	159	0.918	0.190
10842.000000	115	159	0.913	0.197
10848.000000	115	159	0.906	0.206
10854.000000	115	159	0.899	0.214
10860.000000	115	159	0.892	0.221
10866.000000	115	140	0.886	0.230
10872.000000	115	140	0.878	0.243
10878.000000	115	140	0.870	0.255
10884.000000	115	140	0.857	0.271
10890.000000	115	140	0.842	0.296
10896.000000	115	140	0.823	0.326
10902.000000	115	140	0.794	0.362
10908.000000	115	140	0.763	0.404
10914.000000	115	140	0.724	0.441
10920.000000	115	140	0.669	0.488
10926.000000	115	140	0.582	0.541
10932.000000	140	115	0.602	0.462
10938.000000	140	159	0.672	0.369
10944.000000	140	41	0.738	0.403
10950.000000	140	41	0.769	0.441
10956.000000	140	41	0.789	0.471
10962.000000	140	41	0.793	0.507
10968.000000	140	41	0.797	0.530
10974.000000	140	41	0.804	0.545
10980.000000	140	41	0.811	0.557
10986.000000	140	41	0.817	0.566
10992.000000	140	41	0.823	0.571
10998.000000	140	41	0.829	0.575
11004.000000	140	41	0.832	0.581
11010.000000	140	41	0.834	0.587
11016.000000	140	41	0.832	0.593
11022.000000	140	41	0.837	0.592
11028.000000	140	41	0.840	0.590
11034.000000	140	41	0.842	0.590
11040.000000	140	41	0.840	0.588
11046.000000	140	41	0.840	0.585
11052.000000	140	159	0.841	0.587
11058.000000	140	159	0.848	0.588
11064.000000	140	159	0.847	0.590
11070.000000	140	159	0.849	0.591
11076.000000	140	159	0.853	0.593
11082.000000	140	159	0.855	0.595
11088.000000	140	159	0.859	0.598
11094.000000	140	159	0.859	0.603
11100.000000	140	159	0.860	0.607
11106.000000	140	159	0.864	0.609
11112.000000	140	159	0.866	0.607
11118.000000	140	159	0.866	0.607
11124.000000	140	159	0.866	0.607
11130.000000	140	159	0.868	0.608
11136.000000	140	159	0.871	0.610
11142.000000	140	159	0.872	0.605
11148.000000	140	159	0.874	0.599
11154.000000	140	159	0.875	0.600
11160.000000	140	159	0.877	0.602
11166.000000	140	159	0.878	0.605
11172.000000	140	159	0.882	0.601
11178.000000	140	159	0.883	0.604
11184.000000	140	159	0.884	0.599
11190.000000	140	159	0.886	0.595
11196.000000	140	159	0.889	0.591
11202.000000	140	159	0.900	0.579
11208.000000	140	159	0.908	0.567
11214.000000	140	159	0.911	0.557
11220.000000	140	159	0.913	0.546
11226.000000	140	159	0.917	0.524
11232.000000	140	159	0.920	0.493
11238.000000	140	159	0.924	0.453
11244.000000	140	159	0.930	0.404
11250.000000	140	159	0.937	0.326
11256.000000	140	159	0.942	0.235
11262.000000	140	159	0.953	0.140
11268.000000	140	159	0.960	0.073
11274.000000	140	34	0.964	0.070
11280.000000	140	34	0.966	0.070
11286.000000	140	34	0.968	0.068
11292.000000	140	34	0.969	0.066
11298.000000	140	34	0.972	0.064
11304.000000	140	34	0.974	0.063
11310.000000	140	34	0.975	0.063
11316.000000	140	34	0.974	0.063
11322.000000	140	112	0.973	0.064
11328.000000	140	112	0.972	0.063
11334.000000	140	112	0.972	0.062
11340.000000	140	112	0.971	0.060
11346.000000	140	110	0.971	0.063
11352.000000	140	110	0.970	0.067
11358.000000	140	110	0.968	0.070
11364.000000	140	119	0.966	0.073
11370.000000	140	119	0.966	0.074
11376.000000	140	119	0.965	0.075
11382.000000	140	119	0.964	0.077
11388.000000	140	119	0.963	0.078
11394.000000	140	119	0.961	0.079
11400.000000	140	119	0.960	0.079
11406.000000	140	119	0.959	0.081
11412.000000	140	119	0.959	0.083
11418.000000	140	119	0.958	0.086
11424.000000	140	119	0.957	0.088
11430.000000	140	119	0.956	0.090
11436.000000	140	119	0.954	0.094
11442.000000	140	119	0.952	0.097
11448.000000	140	119	0.948	0.095
11454.000000	140	34	0.946	0.095
11460.000000	140	34	0.945	0.097
11466.000000	140	34	0.944	0.098
11472.000000	140	34	0.942	0.100
11478.000000	140	34	0.941	0.101
11484.000000	140	34	0.939	0.102
11490.000000	140	34	0.936	0.102
11496.000000	140	34	0.932	0.102
11502.000000	140	34	0.930	0.101
11508.000000	140	34	0.930	0.099
11514.000000	140	34	0.928	0.096
11520.000000	140	34	0.927	0.092
11526.000000	140	34	0.925	0.088
11532.000000	140	100	0.922	0.087
11538.000000	140	100	0.917	0.087
11544.000000	140	100	0.911	0.088
11550.000000	140	100	0.904	0.092
11556.000000	140	100	0.896	0.097
11562.000000	140	100	0.887	0.104
11568.000000	140	100	0.881	0.110
11574.000000	140	100	0.877	0.114
11580.000000	140	100	0.872	0.120
11586.000000	140	100	0.868	0.127
11592.000000	140	100	0.864	0.131
11598.000000	140	100	0.857	0.130
11604.000000	140	100	0.847	0.132
11610.000000	140	100	0.835	0.136
11616.000000	140	100	0.822	0.137
11622.000000	140	100	0.809	0.137
11628.000000	140	100	0.796	0.140
11634.000000	140	100	0.778	0.145
11640.000000	140	100	0.761	0.148
11646.000000	140	100	0.740	0.151
11652.000000	140	100	0.711	0.154
11658.000000	140	100	0.669	0.160
11664.000000	140	100	0.615	0.167
11670.000000	140	8	0.512	0.187
11676.000000	140	8	0.329	0.221
11682.000000	8	100	0.264	0.187
11688.000000	8	100	0.351	0.205
11694.000000	8	100	0.530	0.235
11700.000000	8	100	0.774	0.269
11706.000000	8	100	0.881	0.320
11712.000000	8	100	0.901	0.381
11718.000000	8	100	0.906	0.451
11724.000000	8	100	0.914	0.507
11730.000000	8	100	0.914	0.557
11736.000000	8	100	0.918	0.595
11742.000000	8	100	0.919	0.611
11748.000000	8	100	0.917	0.613
11754.000000	8	100	0.914	0.613
11760.000000	8	100	0.912	0.615
11766.000000	8	100	0.910	0.615
11772.000000	8	100	0.908	0.616
11778.000000	8	100	0.906	0.618
11784.000000	8	100	0.905	0.623
11790.000000	8	100	0.904	0.624
11796.000000	8	100	0.902	0.625
11802.000000	8	100	0.901	0.625
11808.000000	8	100	0.899	0.625
11814.000000	8	100	0.898	0.624
11820.000000	8	100	0.897	0.623
11826.000000	8	100	0.892	0.624
11832.000000	8	100	0.891	0.621
11838.000000	8	100	0.890	0.620
11844.000000	8	100	0.886	0.621
11850.000000	8	100	0.885	0.619
11856.000000	8	100	0.884	0.617
11862.000000	8	100	0.883	0.616
11868.000000	8	100	0.883	0.615
11874.000000	8	100	0.883	0.617
11880.000000	8	100	0.884	0.619
11886.000000	8	100	0.884	0.620
11892.000000	8	100	0.883	0.619
11898.000000	8	100	0.882	0.615
11904.000000	8	100	0.879	0.609
11910.000000	8	100	0.877	0.605
11916.000000	8	100	0.870	0.609
11922.000000	8	100	0.864	0.607
11928.000000	8	100	0.862	0.604
11934.000000	8	100	0.862	0.596
11940.000000	8	100	0.863	0.589
11946.000000	8	100	0.864	0.590
11952.000000	8	100	0.864	0.586
11958.000000	8	100	0.867	0.575
11964.000000	8	100	0.868	0.563
11970.000000	8	100	0.869	0.552
11976.000000	8	100	0.868	0.545
11982.000000	8	100	0.868	0.532
11988.000000	8	100	0.869	0.518
11994.000000	8	100	0.871	0.499
12000.000000	8	100	0.874	0.477
12006.000000	8	100	0.874	0.450
12012.000000	8	100	0.876	0.415
12018.000000	8	100	0.879	0.368
12024.000000	8	100	0.884	0.297
12030.000000	8	100	0.891	0.221
12036.000000	8	3	0.895	0.147
12042.000000	8	3	0.900	0.137
12048.000000	8	3	0.902	0.127
12054.000000	8	3	0.905	0.116
12060.000000	8	124	0.910	0.114
12066.000000	8	124	0.911	0.118
12072.000000	8	124	0.914	0.126
12078.000000	8	124	0.916	0.131
12084.000000	8	124	0.915	0.132
12090.000000	8	124	0.914	0.125
12096.000000	8	124	0.915	0.124
12102.000000	8	124	0.917	0.129
12108.000000	8	124	0.916	0.131
12114.000000	8	124	0.914	0.133
12120.000000	8	124	0.913	0.133
12126.000000	8	124	0.911	0.134
12132.000000	8	50	0.909	0.137
12138.000000	8	50	0.907	0.142
12144.000000	8	50	0.903	0.147
12150.000000	8	50	0.899	0.154
12156.000000	8	50	0.893	0.157
12162.000000	8	50	0.887	0.158
12168.000000	8	26	0.879	0.160
12174.000000	8	26	0.866	0.164
12180.000000	8	26	0.857	0.170
12186.000000	8	26	0.847	0.178
12192.000000	8	26	0.834	0.186
12198.000000	8	26	0.819	0.193
12204.000000	8	26	0.806	0.196
12210.000000	8	26	0.790	0.201
12216.000000	8	26	0.774	0.211
12222.000000	8	26	0.757	0.223
12228.000000	8	26	0.735	0.233
12234.000000	8	26	0.711	0.249
12240.000000	8	26	0.675	0.265
12246.000000	8	26	0.632	0.287
12252.000000	8	26	0.573	0.311
12258.000000	8	26	0.473	0.353
12264.000000	26	8	0.401	0.340
12270.000000	26	112	0.469	0.253
12276.000000	26	112	0.544	0.263
12282.000000	26	112	0.627	0.276
12288.000000	26	112	0.702	0.286
12294.000000	26	112	0.744	0.305
12300.000000	26	112	0.777	0.315
12306.000000	26	112	0.807	0.326
12312.000000	26	112	0.832	0.335
12318.000000	26	112	0.850	0.350
12324.000000	26	112	0.852	0.363
12330.000000	26	112	0.858	0.372
12336.000000	26	112	0.864	0.367
12342.000000	26	112	0.869	0.365
12348.000000	26	112	0.876	0.367
12354.000000	26	112	0.877	0.369
12360.000000	26	112	0.878	0.367
12366.000000	26	112	0.878	0.366
12372.000000	26	112	0.877	0.368
12378.000000	26	112	0.878	0.371
12384.000000	26	112	0.881	0.370
12390.000000	26	112	0.885	0.364
12396.000000	26	112	0.892	0.358
12402.000000	26	112	0.896	0.355
12408.000000	26	112	0.895	0.356
12414.000000	26	112	0.893	0.357
12420.000000	26	112	0.896	0.358
12426.000000	26	112	0.894	0.360
12432.000000	26	112	0.894	0.356
12438.000000	26	112	0.894	0.353
12444.000000	26	112	0.894	0.350
12450.000000	26	112	0.895	0.344
12456.000000	26	112	0.898	0.334
12462.000000	26	112	0.899	0.316
12468.000000	26	46	0.902	0.312
12474.000000	26	46	0.901	0.315
12480.000000	26	46	0.901	0.316
12486.000000	26	46	0.902	0.318
12492.000000	26	46	0.902	0.324
12498.000000	26	46	0.900	0.332
12504.000000	26	46	0.899	0.345
12510.000000	26	46	0.898	0.360
12516.000000	26	46	0.899	0.372
12522.000000	26	46	0.898	0.379
12528.000000	26	46	0.897	0.388
12534.000000	26	46	0.895	0.397
12540.000000	26	46	0.893	0.397
12546.000000	26	46	0.893	0.393
12552.000000	26	46	0.896	0.395
12558.000000	26	46	0.898	0.402
12564.000000	26	46	0.900	0.407
12570.000000	26	46	0.905	0.414
12576.000000	26	46	0.911	0.423
12582.000000	26	46	0.910	0.432
12588.000000	26	46	0.910	0.443
12594.000000	26	46	0.908	0.454
12600.000000	26	46	0.904	0.464
12606.000000	26	46	0.895	0.478
12612.000000	26	46	0.892	0.494
12618.000000	26	46	0.887	0.512
12624.000000	26	46	0.882	0.521
12630.000000	26	46	0.873	0.531
12636.000000	26	46	0.870	0.539
12642.000000	26	46	0.865	0.553
12648.000000	26	46	0.859	0.557
12654.000000	26	46	0.850	0.568
12660.000000	26	46	0.839	0.581
12666.000000	26	46	0.827	0.601
12672.000000	26	46	0.808	0.624
12678.000000	26	46	0.784	0.647
12684.000000	26	46	0.768	0.665
12690.000000	26	46	0.737	0.699
12696.000000	46	26	0.742	0.686
12702.000000	46	26	0.783	0.616
12708.000000	46	26	0.841	0.519
12714.000000	46	26	0.887	0.371
12720.000000	46	26	0.915	0.174
12726.000000	46	165	0.937	0.085
12732.000000	46	165	0.947	0.084
12738.000000	46	165	0.955	0.083
12744.000000	46	165	0.960	0.082
12750.000000	46	165	0.959	0.084
12756.000000	46	165	0.960	0.083
12762.000000	46	165	0.960	0.082
12768.000000	46	165	0.961	0.083
12774.000000	46	165	0.962	0.087
12780.000000	46	165	0.963	0.089
12786.000000	46	165	0.963	0.090
12792.000000	46	165	0.962	0.090
12798.000000	46	165	0.961	0.087
12804.000000	46	173	0.961	0.085
12810.000000	46	173	0.961	0.086
12816.000000	46	173	0.960	0.087
12822.000000	46	173	0.960	0.088
12828.000000	46	173	0.959	0.090
12834.000000	46	173	0.958	0.090
12840.000000	46	173	0.958	0.089
12846.000000	46	194	0.956	0.091
12852.000000	46	194	0.954	0.099
12858.000000	46	194	0.951	0.108
12864.000000	46	194	0.949	0.112
12870.000000	46	194	0.948	0.115
12876.000000	46	194	0.948	0.118
12882.000000	46	194	0.950	0.122
12888.000000	46	194	0.950	0.126
12894.000000	46	194	0.949	0.132
12900.000000	46	194	0.948	0.136
12906.000000	46	194	0.947	0.141
12912.000000	46	194	0.946	0.145
12918.000000	46	194	0.945	0.148
12924.000000	46	194	0.945	0.149
12930.000000	46	194	0.945	0.153
12936.000000	46	194	0.944	0.157
12942.000000	46	194	0.944	0.160
12948.000000	46	194	0.944	0.160
12954.000000	46	194	0.945	0.161
12960.000000	46	194	0.945	0.160
12966.000000	46	194	0.944	0.162
12972.000000	46	194	0.943	0.167
12978.000000	46	194	0.943	0.175
12984.000000	46	137	0.942	0.189
12990.000000	46	137	0.940	0.203
12996.000000	46	137	0.938	0.214
13002.000000	46	137	0.934	0.229
13008.000000	46	137	0.927	0.244
13014.000000	46	137	0.921	0.258
13020.000000	46	137	0.915	0.276
13026.000000	46	137	0.908	0.301
13032.000000	46	137	0.904	0.327
13038.000000	46	137	0.896	0.356
13044.000000	46	137	0.888	0.390
13050.000000	46	137	0.883	0.424
13056.000000	46	137	0.876	0.464
13062.000000	46	137	0.870	0.495
13068.000000	46	137	0.856	0.535
13074.000000	46	137	0.834	0.590
13080.000000	46	137	0.813	0.636
13086.000000	46	137	0.780	0.673
13092.000000	46	137	0.734	0.712
13098.000000	137	46	0.767	0.655
13104.000000	137	46	0.808	0.557
13110.000000	137	46	0.856	0.401
13116.000000	137	194	0.923	0.245
13122.000000	137	194	0.950	0.235
13128.000000	137	194	0.959	0.235
13134.000000	137	194	0.964	0.238
13140.000000	137	194	0.962	0.246
13146.000000	137	194	0.958	0.257
13152.000000	137	194	0.955	0.263
13158.000000	137	194	0.951	0.274
13164.000000	137	194	0.948	0.286
13170.000000	137	194	0.945	0.297
13176.000000	137	194	0.939	0.298
13182.000000	137	194	0.933	0.295
13188.000000	137	194	0.931	0.295
13194.000000	137	194	0.929	0.296
13200.000000	137	194	0.928	0.299
13206.000000	137	194	0.927	0.298
13212.000000	137	194	0.926	0.290
13218.000000	137	194	0.926	0.280
13224.000000	137	194	0.925	0.276
13230.000000	137	194	0.924	0.271
13236.000000	137	194	0.923	0.265
13242.000000	137	194	0.921	0.260
13248.000000	137	194	0.920	0.252
13254.000000	137	194	0.919	0.234
13260.000000	137	194	0.919	0.212
13266.000000	137	194	0.919	0.192
13272.000000	137	194	0.919	0.175
13278.000000	137	155	0.920	0.157
13284.000000	137	155	0.920	0.170
13290.000000	137	155	0.919	0.187
13296.000000	137	155	0.914	0.208
13302.000000	137	155	0.911	0.226
13308.000000	137	155	0.909	0.246
13314.000000	137	155	0.906	0.263
13320.000000	137	155	0.902	0.279
13326.000000	137	155	0.897	0.292
13332.000000	137	155	0.892	0.311
13338.000000	137	155	0.887	0.333
13344.000000	137	155	0.880	0.359
13350.000000	137	155	0.876	0.384
13356.000000	137	155	0.867	0.419
13362.000000	137	155	0.857	0.451
13368.000000	137	155	0.845	0.479
13374.000000	137	155	0.836	0.502
13380.000000	137	155	0.825	0.523
13386.000000	137	155	0.813	0.546
13392.000000	137	155	0.795	0.570
13398.000000	137	155	0.785	0.590
13404.000000	137	155	0.772	0.601
13410.000000	137	155	0.754	0.621
13416.000000	137	155	0.727	0.638
13422.000000	137	155	0.683	0.663
13428.000000	155	137	0.694	0.632
13434.000000	155	137	0.732	0.560
13440.000000	155	137	0.781	0.454
13446.000000	155	137	0.830	0.321
13452.000000	155	81	0.878	0.296
13458.000000	155	81	0.906	0.314
13464.000000	155	81	0.918	0.340
13470.000000	155	81	0.922	0.368
13476.000000	155	81	0.923	0.408
13482.000000	155	81	0.924	0.468
13488.000000	155	81	0.928	0.519
13494.000000	155	81	0.928	0.559
13500.000000	155	81	0.928	0.595
13506.000000	155	81	0.924	0.625
13512.000000	155	81	0.919	0.650
13518.000000	155	81	0.914	0.667
13524.000000	155	81	0.911	0.689
13530.000000	155	81	0.911	0.694
13536.000000	155	81	0.914	0.696
13542.000000	155	81	0.913	0.699
13548.000000	155	81	0.911	0.702
13554.000000	155	81	0.906	0.707
13560.000000	155	81	0.897	0.715
13566.000000	155	81	0.896	0.716
13572.000000	155	81	0.894	0.717
13578.000000	155	81	0.892	0.719
13584.000000	155	81	0.887	0.720
13590.000000	155	81	0.884	0.721
13596.000000	155	81	0.879	0.726
13602.000000	155	81	0.877	0.726
13608.000000	155	81	0.875	0.726
13614.000000	155	81	0.874	0.727
13620.000000	155	81	0.872	0.730
13626.000000	155	81	0.868	0.734
13632.000000	155	81	0.865	0.740
13638.000000	155	81	0.861	0.744
13644.000000	155	81	0.856	0.748
13650.000000	155	81	0.851	0.752
13656.000000	155	81	0.849	0.755
13662.000000	155	81	0.846	0.757
13668.000000	155	81	0.845	0.756
13674.000000	155	81	0.844	0.753
13680.000000	155	81	0.842	0.752
13686.000000	155	81	0.838	0.757
13692.000000	155	81	0.825	0.769
13698.000000	155	81	0.812	0.776
13704.000000	155	81	0.801	0.783
13710.000000	81	155	0.792	0.791
13716.000000	81	155	0.801	0.780
13722.000000	81	155	0.814	0.760
13728.000000	81	155	0.817	0.745
13734.000000	81	155	0.816	0.730
13740.000000	81	155	0.818	0.708
13746.000000	81	155	0.822	0.678
13752.000000	81	155	0.836	0.632
13758.000000	81	155	0.853	0.570
13764.000000	81	155	0.862	0.499
13770.000000	81	70	0.879	0.449
13776.000000	81	70	0.892	0.482
13782.000000	81	70	0.917	0.516
13788.000000	81	70	0.920	0.556
13794.000000	81	70	0.923	0.597
13800.000000	81	70	0.922	0.625
13806.000000	81	70	0.917	0.643
13812.000000	81	70	0.912	0.658
13818.000000	81	70	0.907	0.672
13824.000000	81	70	0.906	0.678
13830.000000	81	70	0.905	0.682
13836.000000	81	70	0.903	0.686
13842.000000	81	70	0.898	0.696
13848.000000	81	70	0.892	0.707
13854.000000	81	70	0.884	0.712
13860.000000	81	70	0.875	0.718
13866.000000	81	70	0.867	0.724
13872.000000	81	70	0.856	0.732
13878.000000	81	70	0.838	0.746
13884.000000	81	70	0.826	0.752
13890.000000	81	70	0.813	0.761
13896.000000	81	70	0.798	0.770
13902.000000	70	81	0.784	0.773
13908.000000	70	81	0.794	0.742
13914.000000	70	81	0.799	0.711
13920.000000	70	81	0.805	0.676
13926.000000	70	81	0.823	0.621
13932.000000	70	81	0.841	0.547
13938.000000	70	81	0.860	0.456
13944.000000	70	81	0.875	0.348
13950.000000	70	81	0.892	0.215
13956.000000	70	102	0.915	0.140
13962.000000	70	102	0.933	0.130
13968.000000	70	102	0.947	0.126
13974.000000	70	102	0.952	0.126
13980.000000	70	102	0.953	0.126
13986.000000	70	102	0.956	0.123
13992.000000	70	99	0.955	0.126
13998.000000	70	99	0.955	0.132
14004.000000	70	99	0.955	0.136
14010.000000	70	99	0.956	0.139
14016.000000	70	99	0.956	0.144
14022.000000	70	99	0.955	0.147
14028.000000	70	99	0.954	0.149
14034.000000	70	99	0.952	0.151
14040.000000	70	99	0.954	0.155
14046.000000	70	99	0.956	0.154
14052.000000	70	99	0.954	0.154
14058.000000	70	99	0.952	0.155
14064.000000	70	99	0.951	0.155
14070.000000	70	77	0.949	0.162
14076.000000	70	77	0.947	0.172
14082.000000	70	77	0.944	0.177
14088.000000	70	77	0.941	0.184
14094.000000	70	77	0.939	0.194
14100.000000	70	77	0.935	0.205
14106.000000	70	77	0.933	0.215
14112.000000	70	77	0.931	0.226
14118.000000	70	77	0.930	0.237
14124.000000	70	77	0.927	0.249
14130.000000	70	77	0.924	0.265
14136.000000	70	77	0.921	0.286
14142.000000	70	77	0.919	0.314
14148.000000	70	77	0.915	0.342
14154.000000	70	77	0.908	0.372
14160.000000	70	77	0.903	0.402
14166.000000	70	77	0.898	0.428
14172.000000	70	77	0.893	0.452
14178.000000	70	77	0.886	0.480
14184.000000	70	77	0.877	0.511
14190.000000	70	77	0.868	0.540
14196.000000	70	77	0.858	0.567
14202.000000	70	77	0.841	0.597
14208.000000	70	77	0.825	0.629
14214.000000	70	77	0.807	0.658
14220.000000	70	77	0.772	0.689
14226.000000	70	77	0.732	0.724
14232.000000	77	70	0.761	0.670
14238.000000	77	70	0.802	0.584
14244.000000	77	70	0.858	0.441
14250.000000	77	70	0.914	0.241
14256.000000	77	82	0.957	0.106
14262.000000	77	82	0.969	0.094
14268.000000	77	82	0.970	0.089
14274.000000	77	82	0.971	0.089
14280.000000	77	2	0.970	0.093
14286.000000	77	2	0.969	0.097
14292.000000	77	2	0.970	0.098
14298.000000	77	82	0.970	0.099
14304.000000	77	2	0.967	0.102
14310.000000	77	2	0.964	0.107
14316.000000	77	2	0.963	0.109
14322.000000	77	72	0.961	0.112
14328.000000	77	174	0.958	0.120
14334.000000	77	174	0.956	0.122
14340.000000	77	72	0.955	0.129
14346.000000	77	72	0.953	0.136
14352.000000	77	72	0.951	0.145
14358.000000	77	72	0.949	0.156
14364.000000	77	72	0.948	0.169
14370.000000	77	72	0.946	0.181
14376.000000	77	72	0.944	0.190
14382.000000	77	72	0.941	0.203
14388.000000	77	72	0.939	0.215
14394.000000	77	72	0.938	0.225
14400.000000	77	72	0.937	0.232
14406.000000	77	72	0.935	0.239
14412.000000	77	72	0.933	0.245
14418.000000	77	72	0.930	0.254
14424.000000	77	72	0.927	0.263
14430.000000	77	72	0.924	0.275
14436.000000	77	72	0.919	0.284
14442.000000	77	72	0.914	0.296
14448.000000	77	72	0.910	0.309
14454.000000	77	72	0.909	0.319
14460.000000	77	72	0.907	0.331
14466.000000	77	72	0.905	0.350
14472.000000	77	72	0.902	0.371
14478.000000	77	72	0.898	0.390
14484.000000	77	72	0.892	0.415
14490.000000	77	72	0.887	0.436
14496.000000	77	72	0.880	0.455
14502.000000	77	72	0.876	0.478
14508.000000	77	72	0.867	0.498
14514.000000	77	72	0.856	0.524
14520.000000	77	72	0.838	0.563
14526.000000	77	72	0.819	0.584
14532.000000	77	72	0.795	0.607
14538.000000	77	72	0.770	0.629
14544.000000	77	72	0.740	0.654
14550.000000	77	72	0.698	0.682
14556.000000	72	77	0.718	0.630
14562.000000	72	60	0.758	0.565
14568.000000	72	60	0.803	0.602
14574.000000	72	60	0.856	0.656
14580.000000	72	60	0.869	0.728
14586.000000	72	60	0.884	0.762
14592.000000	72	60	0.883	0.785
14598.000000	72	60	0.885	0.802
14604.000000	72	60	0.891	0.806
14610.000000	72	60	0.891	0.810
14616.000000	72	60	0.887	0.815
14622.000000	72	60	0.885	0.816
14628.000000	72	60	0.886	0.815
14634.000000	72	60	0.885	0.818
14640.000000	72	60	0.881	0.819
14646.000000	72	60	0.877	0.823
14652.000000	72	60	0.879	0.822
14658.000000	72	60	0.878	0.821
14664.000000	72	60	0.877	0.823
14670.000000	72	60	0.879	0.821
14676.000000	72	60	0.882	0.816
14682.000000	72	60	0.885	0.811
14688.000000	72	60	0.884	0.811
14694.000000	72	60	0.882	0.813
14700.000000	72	60	0.880	0.811
14706.000000	72	60	0.879	0.809
14712.000000	72	60	0.878	0.809
14718.000000	72	60	0.877	0.808
14724.000000	72	60	0.875	0.807
14730.000000	72	60	0.872	0.806
14736.000000	72	60	0.867	0.803
14742.000000	72	60	0.868	0.799
14748.000000	72	60	0.868	0.798
14754.000000	72	60	0.867	0.795
14760.000000	72	60	0.867	0.793
14766.000000	72	60	0.867	0.791
14772.000000	72	60	0.867	0.786
14778.000000	72	60	0.864	0.783
14784.000000	72	60	0.862	0.780
14790.000000	72	60	0.860	0.776
14796.000000	72	60	0.861	0.772
14802.000000	72	60	0.863	0.767
14808.000000	72	60	0.861	0.766
14814.000000	72	60	0.864	0.757
14820.000000	72	60	0.862	0.748
14826.000000	72	60	0.859	0.735
14832.000000	72	60	0.856	0.726
14838.000000	72	60	0.856	0.710
14844.000000	72	60	0.855	0.691
14850.000000	72	60	0.854	0.671
14856.000000	72	60	0.854	0.651
14862.000000	72	60	0.857	0.620
14868.000000	72	60	0.864	0.577
14874.000000	72	60	0.867	0.527
14880.000000	72	60	0.871	0.434
14886.000000	72	60	0.879	0.299
14892.000000	72	60	0.893	0.141
14898.000000	72	6	0.904	0.057
14904.000000	72	6	0.910	0.057
14910.000000	72	6	0.916	0.057
14916.000000	72	6	0.925	0.054
14922.000000	72	6	0.929	0.052
14928.000000	72	6	0.933	0.052
14934.000000	72	86	0.936	0.052
14940.000000	72	86	0.939	0.052
14946.000000	72	86	0.942	0.053
14952.000000	72	86	0.946	0.054
14958.000000	72	86	0.948	0.057
14964.000000	72	86	0.950	0.061
14970.000000	72	86	0.952	0.064
14976.000000	72	86	0.955	0.065
14982.000000	72	86	0.960	0.064
14988.000000	72	86	0.961	0.062
14994.000000	72	196	0.961	0.062
15000.000000	72	196	0.963	0.062
15006.000000	72	196	0.965	0.062
15012.000000	72	196	0.967	0.062
15018.000000	72	196	0.967	0.062
15024.000000	72	196	0.966	0.064
15030.000000	72	196	0.966	0.066
15036.000000	72	196	0.966	0.068
15042.000000	72	196	0.965	0.069
15048.000000	72	196	0.965	0.070
15054.000000	72	196	0.965	0.071
15060.000000	72	196	0.965	0.072
15066.000000	72	196	0.965	0.072
15072.000000	72	196	0.965	0.071
15078.000000	72	196	0.965	0.071
15084.000000	72	196	0.966	0.069
15090.000000	72	196	0.967	0.067
15096.000000	72	196	0.970	0.066
15102.000000	72	196	0.970	0.067
15108.000000	72	196	0.969	0.068
15114.000000	72	196	0.968	0.070
15120.000000	72	196	0.968	0.071
15126.000000	72	196	0.967	0.070
15132.000000	72	196	0.966	0.067
15138.000000	72	196	0.966	0.063
15144.000000	72	196	0.966	0.060
15150.000000	72	86	0.966	0.058
15156.000000	72	86	0.966	0.059
15162.000000	72	86	0.966	0.059
15168.000000	72	86	0.966	0.058
15174.000000	72	86	0.966	0.056
15180.000000	72	86	0.966	0.054
15186.000000	72	86	0.966	0.054
15192.000000	72	86	0.967	0.055
15198.000000	72	86	0.968	0.056
15204.000000	72	86	0.966	0.056
15210.000000	72	86	0.964	0.055
15216.000000	72	86	0.964	0.053
15222.000000	72	86	0.964	0.053
15228.000000	72	86	0.964	0.053
15234.000000	72	86	0.964	0.051
15240.000000	72	86	0.965	0.047
15246.000000	72	86	0.967	0.044
15252.000000	72	86	0.969	0.042
15258.000000	72	42	0.970	0.041
15264.000000	72	42	0.969	0.042
15270.000000	72	42	0.967	0.042
15276.000000	72	42	0.964	0.043
15282.000000	72	42	0.961	0.043
15288.000000	72	42	0.959	0.044
15294.000000	72	42	0.959	0.047
15300.000000	72	42	0.958	0.050
15306.000000	72	42	0.956	0.052
15312.000000	72	42	0.954	0.053
15318.000000	72	42	0.951	0.055
15324.000000	72	42	0.950	0.056
15330.000000	72	42	0.948	0.057
15336.000000	72	42	0.947	0.058
15342.000000	72	42	0.946	0.059
15348.000000	72	42	0.945	0.061
15354.000000	72	42	0.944	0.061
15360.000000	72	42	0.943	0.061
15366.000000	72	42	0.940	0.061
15372.000000	72	42	0.938	0.061
15378.000000	72	42	0.939	0.060
15384.000000	72	42	0.939	0.060
15390.000000	72	42	0.939	0.061
15396.000000	72	42	0.938	0.061
15402.000000	72	42	0.938	0.061
15408.000000	72	42	0.936	0.060
15414.000000	72	42	0.935	0.058
15420.000000	72	42	0.934	0.057
15426.000000	72	42	0.934	0.056
15432.000000	72	42	0.932	0.054
15438.000000	72	42	0.929	0.055
15444.000000	72	42	0.927	0.056
15450.000000	72	42	0.925	0.055
15456.000000	72	42	0.924	0.053
15462.000000	72	42	0.925	0.053
15468.000000	72	42	0.929	0.053
15474.000000	72	42	0.933	0.052
15480.000000	72	42	0.937	0.050
15486.000000	72	42	0.943	0.048
15492.000000	72	42	0.947	0.046
15498.000000	72	42	0.949	0.042
15504.000000	72	42	0.948	0.040
15510.000000	72	42	0.947	0.040
15516.000000	72	86	0.945	0.040
15522.000000	72	86	0.943	0.040
15528.000000	72	86	0.943	0.040
15534.000000	72	86	0.946	0.041
15540.000000	72	86	0.949	0.041
15546.000000	72	86	0.950	0.041
15552.000000	72	86	0.952	0.042
15558.000000	72	86	0.953	0.043
15564.000000	72	86	0.953	0.045
15570.000000	72	86	0.954	0.047
15576.000000	72	86	0.955	0.048
15582.000000	72	86	0.956	0.048
15588.000000	72	86	0.956	0.048
15594.000000	72	86	0.954	0.048
15600.000000	72	86	0.953	0.048
15606.000000	72	86	0.953	0.048
15612.000000	72	86	0.953	0.048
15618.000000	72	86	0.953	0.047
15624.000000	72	86	0.955	0.047
15630.000000	72	86	0.955	0.047
15636.000000	72	86	0.955	0.047
15642.000000	72	86	0.955	0.047
15648.000000	72	86	0.955	0.047
15654.000000	72	86	0.955	0.046
15660.000000	72	196	0.956	0.046
15666.000000	72	196	0.957	0.047
15672.000000	72	196	0.958	0.049
15678.000000	72	196	0.958	0.052
15684.000000	72	196	0.957	0.054
15690.000000	72	196	0.957	0.056
15696.000000	72	196	0.956	0.057
15702.000000	72	196	0.954	0.057
15708.000000	72	196	0.954	0.056
15714.000000	72	196	0.953	0.054
15720.000000	72	13	0.953	0.052
15726.000000	72	13	0.953	0.051
15732.000000	72	196	0.954	0.050
15738.000000	72	196	0.956	0.051
15744.000000	72	196	0.955	0.052
15750.000000	72	196	0.955	0.053
15756.000000	72	196	0.958	0.053
15762.000000	72	196	0.957	0.053
15768.000000	72	196	0.955	0.052
15774.000000	72	196	0.954	0.052
15780.000000	72	196	0.954	0.051
15786.000000	72	196	0.954	0.049
15792.000000	72	86	0.954	0.050
15798.000000	72	86	0.954	0.051
15804.000000	72	86	0.954	0.051
15810.000000	72	86	0.954	0.051
15816.000000	72	86	0.954	0.051
15822.000000	72	42	0.955	0.051
15828.000000	72	42	0.957	0.053
15834.000000	72	42	0.960	0.055
15840.000000	72	42	0.962	0.055
15846.000000	72	42	0.966	0.053
15852.000000	72	42	0.968	0.053
15858.000000	72	42	0.970	0.053
15864.000000	72	42	0.972	0.053
15870.000000	72	42	0.972	0.053
15876.000000	72	42	0.972	0.053
15882.000000	72	42	0.972	0.053
15888.000000	72	42	0.972	0.053
15894.000000	72	42	0.972	0.053
15900.000000	72	42	0.972	0.053
15906.000000	72	42	0.972	0.052
15912.000000	72	42	0.972	0.051
15918.000000	72	42	0.972	0.051
15924.000000	72	42	0.972	0.052
15930.000000	72	42	0.973	0.053
15936.000000	72	42	0.973	0.053
15942.000000	72	42	0.973	0.052
15948.000000	72	42	0.975	0.050
15954.000000	72	42	0.978	0.049
15960.000000	72	42	0.979	0.049
15966.000000	72	42	0.979	0.049
15972.000000	72	42	0.978	0.050
15978.000000	72	42	0.977	0.049
15984.000000	72	42	0.975	0.048
15990.000000	72	42	0.974	0.048
15996.000000	72	42	0.973	0.048
16002.000000	72	42	0.972	0.046
16008.000000	72	42	0.972	0.045
16014.000000	72	42	0.971	0.044
16020.000000	72	42	0.971	0.044
16026.000000	72	42	0.971	0.044
16032.000000	72	42	0.971	0.044
16038.000000	72	42	0.971	0.043
16044.000000	72	42	0.971	0.043
16050.000000	72	86	0.970	0.043
16056.000000	72	86	0.970	0.043
16062.000000	72	86	0.970	0.043
16068.000000	72	86	0.970	0.043
16074.000000	72	86	0.970	0.042
16080.000000	72	86	0.970	0.042
16086.000000	72	86	0.969	0.042
16092.000000	72	86	0.969	0.042
16098.000000	72	86	0.968	0.042
16104.000000	72	166	0.967	0.043
16110.000000	72	166	0.964	0.043
16116.000000	72	166	0.962	0.044
16122.000000	72	166	0.961	0.045
16128.000000	72	166	0.961	0.047
16134.000000	72	166	0.961	0.047
16140.000000	72	166	0.962	0.047
16146.000000	72	166	0.963	0.047
16152.000000	72	166	0.963	0.047
16158.000000	72	166	0.963	0.046
16164.000000	72	166	0.963	0.047
16170.000000	72	166	0.962	0.049
16176.000000	72	166	0.961	0.049
16182.000000	72	166	0.958	0.048
16188.000000	72	166	0.955	0.047
16194.000000	72	166	0.954	0.047
16200.000000	72	166	0.952	0.047
16206.000000	72	166	0.950	0.046
16212.000000	72	166	0.948	0.046
16218.000000	72	166	0.946	0.044
16224.000000	72	166	0.943	0.043
16230.000000	72	166	0.941	0.043
16236.000000	72	166	0.938	0.042
16242.000000	72	166	0.935	0.042
16248.000000	72	166	0.934	0.041
16254.000000	72	166	0.934	0.039
16260.000000	72	46	0.933	0.039
16266.000000	72	46	0.932	0.040
16272.000000	72	46	0.931	0.041
16278.000000	72	46	0.930	0.042
16284.000000	72	46	0.927	0.043
16290.000000	72	46	0.923	0.043
16296.000000	72	46	0.920	0.044
16302.000000	72	46	0.916	0.045
16308.000000	72	46	0.913	0.045
16314.000000	72	46	0.910	0.045
16320.000000	72	46	0.905	0.045
16326.000000	72	46	0.899	0.044
16332.000000	72	46	0.892	0.042
16338.000000	72	46	0.886	0.042
16344.000000	72	46	0.877	0.042
16350.000000	72	46	0.865	0.042
16356.000000	72	44	0.851	0.042
16362.000000	72	134	0.835	0.042
16368.000000	72	134	0.814	0.042
16374.000000	72	44	0.782	0.042
16380.000000	72	44	0.735	0.043
16386.000000	72	44	0.657	0.043
16392.000000	72	44	0.507	0.045
16398.000000	72	44	0.263	0.042
16404.000000	44	13	0.026	0.020
16410.000000	44	143	0.022	0.018
16416.000000	44	29	0.019	0.015
16422.000000	44	29	0.016	0.015
16428.000000	29	44	0.015	0.013
16434.000000	29	95	0.015	0.012
16440.000000	29	95	0.013	0.012
16446.000000	95	29	0.012	0.012
16452.000000	95	29	0.012	0.011
16458.000000	95	29	0.010	0.010
16464.000000	95	122	0.009	0.008
