0.000000	125	102	0.000	0.000
6.000000	161	11	0.992	0.035
12.000000	161	11	0.993	0.037
18.000000	161	11	0.992	0.039
24.000000	161	11	0.992	0.043
30.000000	161	11	0.990	0.048
36.000000	161	11	0.989	0.051
42.000000	161	11	0.988	0.057
48.000000	161	11	0.986	0.064
54.000000	161	11	0.985	0.068
60.000000	161	11	0.983	0.071
66.000000	161	11	0.981	0.077
72.000000	161	11	0.979	0.084
78.000000	161	11	0.977	0.086
84.000000	161	11	0.975	0.089
90.000000	161	123	0.973	0.093
96.000000	161	123	0.971	0.104
102.000000	161	123	0.968	0.113
108.000000	161	123	0.965	0.122
114.000000	161	123	0.963	0.132
120.000000	161	123	0.959	0.143
126.000000	161	123	0.956	0.159
132.000000	161	123	0.952	0.176
138.000000	161	123	0.948	0.188
144.000000	161	123	0.944	0.199
150.000000	161	123	0.941	0.206
156.000000	161	123	0.938	0.215
162.000000	161	123	0.935	0.222
168.000000	161	123	0.932	0.230
174.000000	161	123	0.929	0.239
180.000000	161	123	0.927	0.246
186.000000	161	123	0.925	0.257
192.000000	161	123	0.924	0.269
198.000000	161	123	0.922	0.277
204.000000	161	123	0.921	0.285
210.000000	161	123	0.919	0.292
216.000000	161	123	0.918	0.294
222.000000	161	123	0.917	0.298
228.000000	161	123	0.916	0.304
234.000000	161	123	0.915	0.306
240.000000	161	123	0.914	0.308
246.000000	161	123	0.914	0.307
252.000000	161	123	0.914	0.308
258.000000	161	123	0.914	0.316
264.000000	161	123	0.914	0.324
270.000000	161	123	0.914	0.332
276.000000	161	123	0.914	0.339
282.000000	161	123	0.914	0.346
288.000000	161	123	0.909	0.351
294.000000	161	123	0.906	0.357
300.000000	161	123	0.904	0.363
306.000000	161	123	0.899	0.366
312.000000	161	123	0.897	0.370
318.000000	161	123	0.895	0.378
324.000000	161	123	0.892	0.384
330.000000	161	123	0.885	0.390
336.000000	161	123	0.875	0.398
342.000000	161	123	0.865	0.406
348.000000	161	123	0.856	0.415
354.000000	161	123	0.846	0.419
360.000000	161	123	0.832	0.427
366.000000	161	123	0.825	0.436
372.000000	161	123	0.815	0.446
378.000000	161	123	0.802	0.465
384.000000	161	123	0.782	0.489
390.000000	161	123	0.760	0.511
396.000000	161	123	0.731	0.532
402.000000	161	123	0.700	0.553
408.000000	161	123	0.658	0.585
414.000000	123	161	0.612	0.604
420.000000	123	161	0.656	0.521
426.000000	123	161	0.713	0.406
432.000000	123	9	0.762	0.271
438.000000	123	9	0.790	0.279
444.000000	123	9	0.813	0.283
450.000000	123	9	0.822	0.285
456.000000	123	9	0.824	0.288
462.000000	123	9	0.827	0.289
468.000000	123	9	0.829	0.293
474.000000	123	9	0.835	0.291
480.000000	123	9	0.840	0.288
486.000000	123	9	0.841	0.284
492.000000	123	9	0.841	0.278
498.000000	123	9	0.842	0.268
504.000000	123	9	0.843	0.253
510.000000	123	9	0.847	0.239
516.000000	123	9	0.848	0.228
522.000000	123	9	0.852	0.219
528.000000	123	9	0.850	0.210
534.000000	123	62	0.848	0.206
540.000000	123	62	0.849	0.207
546.000000	123	62	0.851	0.204
552.000000	123	62	0.855	0.206
558.000000	123	62	0.858	0.209
564.000000	123	62	0.862	0.211
570.000000	123	62	0.863	0.210
576.000000	123	62	0.864	0.214
582.000000	123	62	0.864	0.227
588.000000	123	62	0.863	0.235
594.000000	123	62	0.860	0.247
600.000000	123	62	0.857	0.257
606.000000	123	62	0.856	0.262
612.000000	123	62	0.855	0.265
618.000000	123	62	0.853	0.273
624.000000	123	62	0.851	0.287
630.000000	123	62	0.844	0.295
636.000000	123	62	0.838	0.299
642.000000	123	62	0.835	0.300
648.000000	123	62	0.834	0.305
654.000000	123	62	0.829	0.312
660.000000	123	62	0.822	0.320
666.000000	123	62	0.810	0.320
672.000000	123	62	0.798	0.319
678.000000	123	62	0.789	0.319
684.000000	123	62	0.782	0.314
690.000000	123	62	0.770	0.311
696.000000	123	62	0.755	0.309
702.000000	123	62	0.739	0.304
708.000000	123	62	0.721	0.308
714.000000	123	62	0.702	0.314
720.000000	123	44	0.682	0.323
726.000000	123	44	0.650	0.327
732.000000	123	44	0.607	0.338
738.000000	123	44	0.562	0.362
744.000000	123	44	0.516	0.376
750.000000	123	44	0.443	0.397
756.000000	44	123	0.414	0.359
762.000000	44	62	0.427	0.318
768.000000	44	72	0.439	0.333
774.000000	44	72	0.447	0.354
780.000000	44	72	0.449	0.376
786.000000	44	72	0.458	0.396
792.000000	44	72	0.466	0.415
798.000000	44	72	0.468	0.428
804.000000	44	72	0.463	0.443
810.000000	44	72	0.466	0.449
816.000000	44	72	0.473	0.457
822.000000	44	72	0.473	0.468
828.000000	72	44	0.480	0.473
834.000000	72	44	0.493	0.476
840.000000	72	44	0.506	0.478
846.000000	72	44	0.515	0.484
852.000000	72	44	0.526	0.492
858.000000	72	44	0.538	0.496
864.000000	72	44	0.545	0.501
870.000000	72	44	0.560	0.495
876.000000	72	44	0.570	0.502
882.000000	72	44	0.574	0.507
888.000000	72	44	0.586	0.511
894.000000	72	44	0.601	0.518
900.000000	72	44	0.607	0.516
906.000000	72	44	0.610	0.513
912.000000	72	44	0.617	0.508
918.000000	72	44	0.623	0.503
924.000000	72	44	0.634	0.492
930.000000	72	44	0.638	0.485
936.000000	72	44	0.641	0.477
942.000000	72	44	0.651	0.466
948.000000	72	44	0.667	0.459
954.000000	72	44	0.680	0.451
960.000000	72	44	0.689	0.444
966.000000	72	13	0.697	0.448
972.000000	72	13	0.704	0.454
978.000000	72	13	0.727	0.458
984.000000	72	13	0.746	0.464
990.000000	72	13	0.765	0.479
996.000000	72	13	0.770	0.490
1002.000000	72	13	0.774	0.491
1008.000000	72	13	0.780	0.492
1014.000000	72	13	0.782	0.489
1020.000000	72	13	0.787	0.484
1026.000000	72	13	0.789	0.486
1032.000000	72	13	0.793	0.488
1038.000000	72	13	0.795	0.486
1044.000000	72	13	0.798	0.487
1050.000000	72	13	0.801	0.482
1056.000000	72	13	0.802	0.471
1062.000000	72	13	0.809	0.460
1068.000000	72	13	0.824	0.448
1074.000000	72	13	0.842	0.432
1080.000000	72	13	0.849	0.419
1086.000000	72	13	0.853	0.403
1092.000000	72	13	0.861	0.384
1098.000000	72	13	0.865	0.370
1104.000000	72	13	0.864	0.356
1110.000000	72	13	0.864	0.335
1116.000000	72	13	0.869	0.305
1122.000000	72	13	0.876	0.282
1128.000000	72	13	0.881	0.256
1134.000000	72	13	0.882	0.233
1140.000000	72	13	0.886	0.210
1146.000000	72	13	0.891	0.185
1152.000000	72	86	0.892	0.162
1158.000000	72	86	0.889	0.173
1164.000000	72	86	0.885	0.178
1170.000000	72	86	0.884	0.184
1176.000000	72	86	0.882	0.191
1182.000000	72	86	0.882	0.196
1188.000000	72	86	0.884	0.197
1194.000000	72	86	0.882	0.202
1200.000000	72	86	0.884	0.204
1206.000000	72	86	0.885	0.208
1212.000000	72	86	0.880	0.207
1218.000000	72	86	0.877	0.203
1224.000000	72	86	0.878	0.201
1230.000000	72	86	0.879	0.206
1236.000000	72	86	0.879	0.214
1242.000000	72	86	0.878	0.216
1248.000000	72	86	0.875	0.221
1254.000000	72	86	0.871	0.229
1260.000000	72	86	0.868	0.236
1266.000000	72	86	0.865	0.243
1272.000000	72	86	0.859	0.252
1278.000000	72	86	0.850	0.264
1284.000000	72	86	0.842	0.272
1290.000000	72	86	0.834	0.280
1296.000000	72	86	0.831	0.287
1302.000000	72	86	0.821	0.290
1308.000000	72	86	0.810	0.295
1314.000000	72	86	0.801	0.303
1320.000000	72	86	0.789	0.311
1326.000000	72	86	0.775	0.320
1332.000000	72	86	0.762	0.327
1338.000000	72	86	0.745	0.336
1344.000000	72	86	0.718	0.340
1350.000000	72	86	0.697	0.347
1356.000000	72	86	0.669	0.354
1362.000000	72	86	0.624	0.362
1368.000000	72	86	0.571	0.371
1374.000000	72	86	0.506	0.385
1380.000000	72	86	0.416	0.409
1386.000000	86	46	0.429	0.389
1392.000000	86	46	0.455	0.415
1398.000000	86	46	0.476	0.432
1404.000000	86	46	0.507	0.451
1410.000000	86	46	0.532	0.468
1416.000000	86	46	0.545	0.482
1422.000000	86	46	0.551	0.489
1428.000000	86	46	0.565	0.481
1434.000000	86	46	0.579	0.482
1440.000000	86	46	0.589	0.493
1446.000000	86	46	0.599	0.502
1452.000000	86	46	0.605	0.506
1458.000000	86	46	0.611	0.513
1464.000000	86	46	0.616	0.519
1470.000000	86	46	0.618	0.527
1476.000000	86	46	0.623	0.533
1482.000000	86	46	0.629	0.542
1488.000000	86	46	0.632	0.553
1494.000000	86	46	0.638	0.559
1500.000000	86	46	0.655	0.556
1506.000000	86	46	0.663	0.555
1512.000000	86	46	0.676	0.552
1518.000000	86	46	0.687	0.551
1524.000000	86	46	0.690	0.548
1530.000000	86	46	0.690	0.549
1536.000000	86	46	0.692	0.546
1542.000000	86	46	0.696	0.540
1548.000000	86	46	0.702	0.536
1554.000000	86	46	0.703	0.530
1560.000000	86	46	0.704	0.524
1566.000000	86	46	0.704	0.529
1572.000000	86	46	0.707	0.527
1578.000000	86	46	0.709	0.517
1584.000000	86	46	0.709	0.506
1590.000000	86	46	0.716	0.491
1596.000000	86	122	0.717	0.474
1602.000000	86	122	0.719	0.478
1608.000000	86	122	0.723	0.477
1614.000000	86	122	0.725	0.481
1620.000000	86	122	0.727	0.488
1626.000000	86	122	0.725	0.499
1632.000000	86	122	0.721	0.507
1638.000000	86	122	0.713	0.520
1644.000000	86	122	0.713	0.527
1650.000000	86	122	0.710	0.534
1656.000000	86	122	0.706	0.542
1662.000000	86	122	0.702	0.557
1668.000000	86	122	0.693	0.560
1674.000000	86	122	0.676	0.565
1680.000000	86	122	0.659	0.565
1686.000000	86	156	0.641	0.569
1692.000000	86	156	0.617	0.598
1698.000000	156	86	0.632	0.577
1704.000000	156	122	0.658	0.571
1710.000000	156	122	0.689	0.584
1716.000000	156	122	0.723	0.586
1722.000000	156	122	0.748	0.580
1728.000000	156	122	0.770	0.589
1734.000000	156	122	0.793	0.595
1740.000000	156	122	0.813	0.599
1746.000000	156	122	0.832	0.596
1752.000000	156	122	0.838	0.586
1758.000000	156	122	0.842	0.580
1764.000000	156	122	0.841	0.580
1770.000000	156	122	0.841	0.573
1776.000000	156	122	0.835	0.565
1782.000000	156	122	0.839	0.552
1788.000000	156	122	0.849	0.535
1794.000000	156	122	0.854	0.520
1800.000000	156	122	0.857	0.501
1806.000000	156	122	0.858	0.483
1812.000000	156	122	0.858	0.467
1818.000000	156	122	0.866	0.452
1824.000000	156	122	0.867	0.440
1830.000000	156	122	0.866	0.421
1836.000000	156	122	0.864	0.396
1842.000000	156	122	0.867	0.372
1848.000000	156	122	0.872	0.344
1854.000000	156	122	0.876	0.306
1860.000000	156	38	0.879	0.282
1866.000000	156	38	0.883	0.293
1872.000000	156	38	0.883	0.300
1878.000000	156	38	0.882	0.301
1884.000000	156	38	0.882	0.307
1890.000000	156	38	0.883	0.313
1896.000000	156	38	0.883	0.319
1902.000000	156	38	0.882	0.321
1908.000000	156	38	0.875	0.330
1914.000000	156	38	0.870	0.345
1920.000000	156	38	0.866	0.351
1926.000000	156	38	0.859	0.358
1932.000000	156	38	0.855	0.369
1938.000000	156	38	0.855	0.380
1944.000000	156	38	0.854	0.387
1950.000000	156	38	0.846	0.390
1956.000000	156	38	0.836	0.394
1962.000000	156	38	0.832	0.392
1968.000000	156	38	0.827	0.392
1974.000000	156	38	0.823	0.392
1980.000000	156	38	0.820	0.391
1986.000000	156	38	0.817	0.394
1992.000000	156	38	0.814	0.393
1998.000000	156	38	0.810	0.392
2004.000000	156	38	0.805	0.393
2010.000000	156	140	0.798	0.395
2016.000000	156	140	0.787	0.401
2022.000000	156	140	0.771	0.411
2028.000000	156	140	0.762	0.432
2034.000000	156	140	0.751	0.449
2040.000000	156	140	0.732	0.459
2046.000000	156	140	0.717	0.469
2052.000000	156	140	0.687	0.492
2058.000000	156	140	0.657	0.516
2064.000000	156	140	0.618	0.540
2070.000000	156	140	0.567	0.560
2076.000000	140	156	0.590	0.490
2082.000000	140	156	0.630	0.404
2088.000000	140	34	0.676	0.371
2094.000000	140	34	0.709	0.393
2100.000000	140	34	0.741	0.406
2106.000000	140	34	0.775	0.419
2112.000000	140	34	0.789	0.436
2118.000000	140	34	0.813	0.450
2124.000000	140	34	0.825	0.468
2130.000000	140	34	0.843	0.481
2136.000000	140	34	0.851	0.494
2142.000000	140	34	0.856	0.501
2148.000000	140	34	0.857	0.507
2154.000000	140	34	0.858	0.516
2160.000000	140	34	0.861	0.529
2166.000000	140	34	0.864	0.544
2172.000000	140	34	0.860	0.556
2178.000000	140	34	0.859	0.562
2184.000000	140	34	0.857	0.567
2190.000000	140	34	0.855	0.576
2196.000000	140	34	0.856	0.585
2202.000000	140	34	0.855	0.588
2208.000000	140	34	0.850	0.591
2214.000000	140	34	0.849	0.592
2220.000000	140	34	0.848	0.596
2226.000000	140	34	0.843	0.598
2232.000000	140	34	0.840	0.597
2238.000000	140	34	0.830	0.599
2244.000000	140	34	0.823	0.601
2250.000000	140	34	0.819	0.606
2256.000000	140	34	0.817	0.609
2262.000000	140	34	0.816	0.615
2268.000000	140	34	0.815	0.620
2274.000000	140	34	0.814	0.622
2280.000000	140	34	0.816	0.623
2286.000000	140	34	0.818	0.619
2292.000000	140	34	0.821	0.617
2298.000000	140	34	0.821	0.621
2304.000000	140	34	0.820	0.620
2310.000000	140	34	0.819	0.620
2316.000000	140	34	0.821	0.619
2322.000000	140	34	0.826	0.616
2328.000000	140	34	0.830	0.614
2334.000000	140	34	0.827	0.614
2340.000000	140	34	0.823	0.616
2346.000000	140	34	0.821	0.614
2352.000000	140	34	0.823	0.604
2358.000000	140	34	0.824	0.597
2364.000000	140	34	0.823	0.592
2370.000000	140	34	0.821	0.584
2376.000000	140	34	0.820	0.576
2382.000000	140	34	0.819	0.565
2388.000000	140	34	0.821	0.553
2394.000000	140	34	0.823	0.539
2400.000000	140	34	0.820	0.518
2406.000000	140	34	0.819	0.490
2412.000000	140	34	0.819	0.459
2418.000000	140	34	0.819	0.420
2424.000000	140	34	0.818	0.380
2430.000000	140	34	0.818	0.330
2436.000000	140	34	0.822	0.258
2442.000000	140	110	0.826	0.273
2448.000000	140	110	0.835	0.288
2454.000000	140	110	0.836	0.305
2460.000000	140	110	0.837	0.317
2466.000000	140	110	0.839	0.330
2472.000000	140	110	0.833	0.352
2478.000000	140	110	0.828	0.368
2484.000000	140	110	0.822	0.386
2490.000000	140	110	0.817	0.412
2496.000000	140	110	0.807	0.445
2502.000000	140	110	0.798	0.479
2508.000000	140	110	0.782	0.507
2514.000000	140	110	0.764	0.541
2520.000000	140	110	0.740	0.571
2526.000000	140	110	0.705	0.603
2532.000000	140	110	0.665	0.638
2538.000000	110	140	0.673	0.612
2544.000000	110	140	0.704	0.545
2550.000000	110	140	0.735	0.446
2556.000000	110	140	0.766	0.333
2562.000000	110	140	0.804	0.201
2568.000000	110	54	0.830	0.146
2574.000000	110	114	0.853	0.150
2580.000000	110	114	0.867	0.165
2586.000000	110	114	0.872	0.174
2592.000000	110	114	0.870	0.188
2598.000000	110	114	0.874	0.203
2604.000000	110	114	0.873	0.212
2610.000000	110	114	0.874	0.221
2616.000000	110	114	0.872	0.228
2622.000000	110	114	0.873	0.238
2628.000000	110	114	0.882	0.245
2634.000000	110	114	0.889	0.255
2640.000000	110	114	0.893	0.265
2646.000000	110	114	0.891	0.276
2652.000000	110	114	0.888	0.283
2658.000000	110	114	0.886	0.285
2664.000000	110	114	0.888	0.289
2670.000000	110	114	0.887	0.295
2676.000000	110	114	0.884	0.297
2682.000000	110	114	0.880	0.300
2688.000000	110	114	0.876	0.305
2694.000000	110	114	0.874	0.312
2700.000000	110	114	0.872	0.317
2706.000000	110	114	0.870	0.318
2712.000000	110	114	0.868	0.313
2718.000000	110	114	0.868	0.309
2724.000000	110	114	0.868	0.313
2730.000000	110	114	0.867	0.318
2736.000000	110	114	0.867	0.324
2742.000000	110	114	0.866	0.324
2748.000000	110	114	0.865	0.323
2754.000000	110	114	0.860	0.322
2760.000000	110	114	0.859	0.325
2766.000000	110	114	0.859	0.329
2772.000000	110	114	0.859	0.338
2778.000000	110	114	0.861	0.341
2784.000000	110	114	0.859	0.341
2790.000000	110	114	0.857	0.345
2796.000000	110	114	0.854	0.350
2802.000000	110	114	0.850	0.354
2808.000000	110	114	0.844	0.359
2814.000000	110	114	0.838	0.363
2820.000000	110	114	0.836	0.369
2826.000000	110	114	0.833	0.376
2832.000000	110	114	0.828	0.379
2838.000000	110	114	0.824	0.379
2844.000000	110	114	0.820	0.378
2850.000000	110	114	0.814	0.377
2856.000000	110	114	0.805	0.375
2862.000000	110	114	0.797	0.371
2868.000000	110	114	0.788	0.358
2874.000000	110	114	0.778	0.343
2880.000000	110	114	0.771	0.325
2886.000000	110	114	0.767	0.308
2892.000000	110	114	0.756	0.303
2898.000000	110	114	0.741	0.301
2904.000000	110	114	0.728	0.294
2910.000000	110	114	0.709	0.292
2916.000000	110	86	0.684	0.297
2922.000000	110	86	0.656	0.303
2928.000000	110	86	0.620	0.308
2934.000000	110	164	0.561	0.318
2940.000000	110	164	0.474	0.340
2946.000000	164	110	0.381	0.366
2952.000000	164	86	0.427	0.331
2958.000000	164	86	0.462	0.336
2964.000000	164	86	0.500	0.343
2970.000000	164	86	0.530	0.352
2976.000000	164	86	0.555	0.347
2982.000000	164	86	0.573	0.340
2988.000000	164	86	0.598	0.328
2994.000000	164	86	0.632	0.313
3000.000000	164	86	0.651	0.297
3006.000000	164	86	0.662	0.280
3012.000000	164	117	0.672	0.269
3018.000000	164	117	0.678	0.271
3024.000000	164	117	0.682	0.270
3030.000000	164	117	0.685	0.269
3036.000000	164	117	0.689	0.267
3042.000000	164	117	0.698	0.264
3048.000000	164	117	0.699	0.263
3054.000000	164	117	0.705	0.262
3060.000000	164	117	0.707	0.265
3066.000000	164	117	0.711	0.267
3072.000000	164	117	0.728	0.268
3078.000000	164	117	0.744	0.267
3084.000000	164	117	0.757	0.258
3090.000000	164	117	0.779	0.250
3096.000000	164	117	0.792	0.250
3102.000000	164	117	0.803	0.247
3108.000000	164	117	0.815	0.242
3114.000000	164	193	0.824	0.246
3120.000000	164	193	0.831	0.248
3126.000000	164	193	0.836	0.250
3132.000000	164	193	0.844	0.253
3138.000000	164	193	0.849	0.260
3144.000000	164	193	0.851	0.271
3150.000000	164	193	0.853	0.281
3156.000000	164	193	0.861	0.288
3162.000000	164	193	0.863	0.300
3168.000000	164	193	0.864	0.317
3174.000000	164	193	0.868	0.331
3180.000000	164	193	0.874	0.339
3186.000000	164	193	0.880	0.348
3192.000000	164	193	0.880	0.358
3198.000000	164	193	0.879	0.371
3204.000000	164	193	0.878	0.386
3210.000000	164	193	0.878	0.404
3216.000000	164	193	0.881	0.419
3222.000000	164	193	0.882	0.432
3228.000000	164	193	0.884	0.441
3234.000000	164	193	0.893	0.454
3240.000000	164	193	0.893	0.484
3246.000000	164	193	0.894	0.502
3252.000000	164	193	0.897	0.508
3258.000000	164	193	0.900	0.516
3264.000000	164	193	0.902	0.531
3270.000000	164	193	0.902	0.546
3276.000000	164	193	0.901	0.558
3282.000000	164	193	0.900	0.565
3288.000000	164	193	0.898	0.578
3294.000000	164	193	0.896	0.593
3300.000000	164	193	0.892	0.607
3306.000000	164	193	0.887	0.616
3312.000000	164	193	0.886	0.628
3318.000000	164	193	0.884	0.634
3324.000000	164	193	0.877	0.645
3330.000000	164	193	0.871	0.655
3336.000000	164	193	0.865	0.663
3342.000000	164	193	0.857	0.670
3348.000000	164	193	0.846	0.674
3354.000000	164	193	0.836	0.677
3360.000000	164	193	0.822	0.692
3366.000000	164	193	0.810	0.707
3372.000000	164	193	0.792	0.729
3378.000000	164	193	0.774	0.742
3384.000000	193	164	0.752	0.748
3390.000000	193	164	0.764	0.725
3396.000000	193	164	0.774	0.697
3402.000000	193	164	0.781	0.654
3408.000000	193	164	0.786	0.610
3414.000000	193	164	0.791	0.557
3420.000000	193	164	0.809	0.464
3426.000000	193	164	0.837	0.342
3432.000000	193	196	0.858	0.270
3438.000000	193	196	0.878	0.277
3444.000000	193	196	0.884	0.291
3450.000000	193	196	0.887	0.297
3456.000000	193	196	0.889	0.301
3462.000000	193	196	0.890	0.311
3468.000000	193	196	0.893	0.324
3474.000000	193	196	0.892	0.331
3480.000000	193	196	0.886	0.338
3486.000000	193	196	0.881	0.343
3492.000000	193	196	0.880	0.348
3498.000000	193	196	0.879	0.354
3504.000000	193	196	0.878	0.362
3510.000000	193	196	0.876	0.368
3516.000000	193	196	0.875	0.370
3522.000000	193	196	0.873	0.372
3528.000000	193	196	0.870	0.372
3534.000000	193	196	0.869	0.369
3540.000000	193	196	0.869	0.369
3546.000000	193	196	0.868	0.370
3552.000000	193	196	0.867	0.365
3558.000000	193	196	0.867	0.357
3564.000000	193	196	0.868	0.353
3570.000000	193	196	0.868	0.345
3576.000000	193	196	0.867	0.337
3582.000000	193	196	0.863	0.328
3588.000000	193	196	0.861	0.318
3594.000000	193	196	0.857	0.308
3600.000000	193	196	0.854	0.294
3606.000000	193	196	0.854	0.277
3612.000000	193	196	0.851	0.264
3618.000000	193	196	0.844	0.248
3624.000000	193	196	0.839	0.229
3630.000000	193	196	0.837	0.208
3636.000000	193	13	0.826	0.187
3642.000000	193	166	0.813	0.189
3648.000000	193	166	0.799	0.202
3654.000000	193	166	0.782	0.223
3660.000000	193	166	0.766	0.243
3666.000000	193	166	0.746	0.274
3672.000000	193	166	0.723	0.306
3678.000000	193	166	0.696	0.334
3684.000000	193	166	0.658	0.362
3690.000000	193	166	0.610	0.394
3696.000000	193	166	0.550	0.438
3702.000000	166	193	0.505	0.468
3708.000000	166	193	0.565	0.336
3714.000000	166	72	0.621	0.238
3720.000000	166	72	0.659	0.248
3726.000000	166	72	0.691	0.263
3732.000000	166	72	0.715	0.273
3738.000000	166	72	0.734	0.282
3744.000000	166	72	0.754	0.290
3750.000000	166	72	0.762	0.300
3756.000000	166	72	0.773	0.295
3762.000000	166	72	0.781	0.293
3768.000000	166	72	0.789	0.297
3774.000000	166	72	0.796	0.300
3780.000000	166	72	0.804	0.302
3786.000000	166	72	0.806	0.301
3792.000000	166	72	0.813	0.303
3798.000000	166	72	0.816	0.304
3804.000000	166	72	0.826	0.301
3810.000000	166	72	0.831	0.302
3816.000000	166	72	0.832	0.304
3822.000000	166	72	0.836	0.300
3828.000000	166	72	0.846	0.302
3834.000000	166	72	0.851	0.300
3840.000000	166	72	0.860	0.298
3846.000000	166	72	0.868	0.300
3852.000000	166	72	0.873	0.299
3858.000000	166	72	0.878	0.298
3864.000000	166	72	0.887	0.296
3870.000000	166	72	0.889	0.295
3876.000000	166	72	0.889	0.301
3882.000000	166	72	0.890	0.308
3888.000000	166	72	0.890	0.314
3894.000000	166	72	0.890	0.320
3900.000000	166	72	0.890	0.318
3906.000000	166	72	0.889	0.313
3912.000000	166	72	0.888	0.309
3918.000000	166	72	0.886	0.305
3924.000000	166	72	0.884	0.296
3930.000000	166	72	0.884	0.283
3936.000000	166	72	0.885	0.269
3942.000000	166	72	0.887	0.259
3948.000000	166	72	0.885	0.248
3954.000000	166	72	0.883	0.239
3960.000000	166	72	0.883	0.228
3966.000000	166	35	0.884	0.225
3972.000000	166	35	0.886	0.237
3978.000000	166	35	0.885	0.247
3984.000000	166	35	0.885	0.259
3990.000000	166	35	0.881	0.269
3996.000000	166	35	0.877	0.275
4002.000000	166	35	0.872	0.280
4008.000000	166	35	0.865	0.285
4014.000000	166	35	0.859	0.292
4020.000000	166	35	0.857	0.298
4026.000000	166	35	0.859	0.306
4032.000000	166	35	0.860	0.313
4038.000000	166	35	0.856	0.321
4044.000000	166	35	0.850	0.334
4050.000000	166	35	0.844	0.340
4056.000000	166	35	0.837	0.342
4062.000000	166	35	0.829	0.355
4068.000000	166	35	0.812	0.377
4074.000000	166	35	0.801	0.391
4080.000000	166	35	0.788	0.406
4086.000000	166	35	0.772	0.423
4092.000000	166	35	0.753	0.441
4098.000000	166	35	0.732	0.459
4104.000000	166	35	0.705	0.469
4110.000000	166	35	0.667	0.485
4116.000000	166	35	0.631	0.495
4122.000000	166	35	0.587	0.501
4128.000000	166	35	0.528	0.514
4134.000000	35	166	0.532	0.454
4140.000000	35	166	0.554	0.364
4146.000000	35	91	0.588	0.385
4152.000000	35	91	0.626	0.409
4158.000000	35	91	0.655	0.418
4164.000000	35	91	0.684	0.426
4170.000000	35	91	0.703	0.435
4176.000000	35	91	0.718	0.448
4182.000000	35	91	0.728	0.462
4188.000000	35	91	0.734	0.477
4194.000000	35	91	0.739	0.487
4200.000000	35	91	0.744	0.491
4206.000000	35	91	0.743	0.497
4212.000000	35	91	0.747	0.509
4218.000000	35	91	0.752	0.521
4224.000000	35	91	0.762	0.526
4230.000000	35	91	0.770	0.530
4236.000000	35	91	0.775	0.540
4242.000000	35	91	0.783	0.545
4248.000000	35	91	0.786	0.548
4254.000000	35	91	0.790	0.555
4260.000000	35	91	0.795	0.560
4266.000000	35	91	0.798	0.563
4272.000000	35	91	0.802	0.566
4278.000000	35	91	0.807	0.563
4284.000000	35	91	0.814	0.558
4290.000000	35	91	0.823	0.555
4296.000000	35	91	0.827	0.557
4302.000000	35	91	0.830	0.561
4308.000000	35	91	0.830	0.568
4314.000000	35	91	0.836	0.573
4320.000000	35	91	0.835	0.577
4326.000000	35	91	0.834	0.577
4332.000000	35	91	0.833	0.572
4338.000000	35	91	0.832	0.566
4344.000000	35	91	0.833	0.567
4350.000000	35	91	0.829	0.570
4356.000000	35	91	0.835	0.568
4362.000000	35	91	0.838	0.571
4368.000000	35	91	0.841	0.566
4374.000000	35	91	0.849	0.558
4380.000000	35	91	0.854	0.549
4386.000000	35	91	0.854	0.540
4392.000000	35	91	0.858	0.528
4398.000000	35	91	0.857	0.518
4404.000000	35	91	0.856	0.504
4410.000000	35	91	0.855	0.486
4416.000000	35	91	0.856	0.474
4422.000000	35	91	0.862	0.450
4428.000000	35	91	0.864	0.427
4434.000000	35	91	0.866	0.394
4440.000000	35	91	0.868	0.354
4446.000000	35	91	0.871	0.299
4452.000000	35	91	0.872	0.245
4458.000000	35	91	0.875	0.189
4464.000000	35	33	0.876	0.158
4470.000000	35	33	0.880	0.165
4476.000000	35	33	0.888	0.175
4482.000000	35	33	0.893	0.178
4488.000000	35	33	0.896	0.177
4494.000000	35	33	0.897	0.175
4500.000000	35	33	0.894	0.179
4506.000000	35	33	0.890	0.181
4512.000000	35	33	0.882	0.186
4518.000000	35	33	0.874	0.193
4524.000000	35	33	0.864	0.199
4530.000000	35	33	0.856	0.204
4536.000000	35	33	0.848	0.212
4542.000000	35	33	0.838	0.217
4548.000000	35	33	0.827	0.222
4554.000000	35	33	0.806	0.226
4560.000000	35	19	0.790	0.234
4566.000000	35	19	0.770	0.245
4572.000000	35	19	0.751	0.250
4578.000000	35	19	0.725	0.257
4584.000000	35	19	0.693	0.272
4590.000000	35	19	0.654	0.286
4596.000000	35	19	0.601	0.287
4602.000000	35	19	0.527	0.288
4608.000000	35	164	0.452	0.297
4614.000000	35	164	0.367	0.312
4620.000000	164	19	0.325	0.321
4626.000000	164	19	0.333	0.327
4632.000000	164	19	0.346	0.322
4638.000000	164	189	0.350	0.326
4644.000000	164	120	0.355	0.335
4650.000000	164	120	0.363	0.343
4656.000000	164	120	0.376	0.349
4662.000000	164	120	0.385	0.359
4668.000000	164	120	0.394	0.372
4674.000000	164	120	0.405	0.378
4680.000000	164	120	0.416	0.387
4686.000000	164	120	0.425	0.404
4692.000000	164	120	0.432	0.421
4698.000000	164	120	0.438	0.424
4704.000000	164	120	0.455	0.433
4710.000000	164	120	0.464	0.445
4716.000000	164	120	0.475	0.455
4722.000000	164	120	0.490	0.469
4728.000000	164	120	0.500	0.475
4734.000000	164	120	0.506	0.480
4740.000000	164	120	0.514	0.488
4746.000000	164	120	0.524	0.493
4752.000000	164	120	0.539	0.494
4758.000000	164	120	0.559	0.495
4764.000000	164	120	0.570	0.504
4770.000000	164	120	0.585	0.509
4776.000000	164	120	0.599	0.514
4782.000000	164	120	0.613	0.522
4788.000000	164	120	0.629	0.538
4794.000000	164	120	0.646	0.546
4800.000000	164	120	0.676	0.546
4806.000000	164	120	0.703	0.548
4812.000000	164	120	0.719	0.559
4818.000000	164	120	0.732	0.578
4824.000000	164	120	0.751	0.585
4830.000000	164	120	0.768	0.593
4836.000000	164	120	0.776	0.609
4842.000000	164	120	0.776	0.623
4848.000000	164	120	0.779	0.637
4854.000000	164	120	0.783	0.644
4860.000000	164	120	0.786	0.650
4866.000000	164	120	0.790	0.650
4872.000000	164	120	0.797	0.655
4878.000000	164	120	0.801	0.660
4884.000000	164	120	0.803	0.661
4890.000000	164	120	0.810	0.664
4896.000000	164	120	0.813	0.667
4902.000000	164	120	0.813	0.666
4908.000000	164	120	0.811	0.668
4914.000000	164	120	0.811	0.670
4920.000000	164	120	0.816	0.669
4926.000000	164	120	0.815	0.679
4932.000000	164	120	0.816	0.681
4938.000000	164	120	0.817	0.678
4944.000000	164	120	0.820	0.671
4950.000000	164	120	0.816	0.671
4956.000000	164	120	0.809	0.669
4962.000000	164	120	0.805	0.665
4968.000000	164	120	0.807	0.657
4974.000000	164	120	0.806	0.650
4980.000000	164	120	0.803	0.640
4986.000000	164	120	0.804	0.627
4992.000000	164	120	0.802	0.618
4998.000000	164	120	0.801	0.606
5004.000000	164	120	0.800	0.588
5010.000000	164	120	0.792	0.567
5016.000000	164	120	0.782	0.538
5022.000000	164	120	0.778	0.502
5028.000000	164	120	0.774	0.465
5034.000000	164	120	0.768	0.422
5040.000000	164	120	0.761	0.367
5046.000000	164	120	0.753	0.315
5052.000000	164	120	0.748	0.262
5058.000000	164	146	0.739	0.262
5064.000000	164	146	0.733	0.284
5070.000000	164	146	0.723	0.307
5076.000000	164	146	0.708	0.314
5082.000000	164	146	0.695	0.322
5088.000000	164	146	0.677	0.331
5094.000000	164	146	0.655	0.336
5100.000000	164	146	0.635	0.347
5106.000000	164	146	0.616	0.360
5112.000000	164	146	0.592	0.379
5118.000000	164	146	0.568	0.400
5124.000000	164	146	0.541	0.418
5130.000000	164	146	0.496	0.432
5136.000000	146	164	0.448	0.432
5142.000000	146	164	0.470	0.353
5148.000000	146	164	0.496	0.265
5154.000000	146	20	0.529	0.257
5160.000000	146	20	0.547	0.253
5166.000000	146	20	0.562	0.254
5172.000000	146	20	0.573	0.262
5178.000000	146	20	0.577	0.284
5184.000000	146	20	0.572	0.297
5190.000000	146	20	0.572	0.306
5196.000000	146	20	0.582	0.305
5202.000000	146	20	0.590	0.309
5208.000000	146	20	0.598	0.307
5214.000000	146	20	0.611	0.304
5220.000000	146	20	0.621	0.302
5226.000000	146	20	0.624	0.305
5232.000000	146	20	0.630	0.308
5238.000000	146	20	0.645	0.303
5244.000000	146	20	0.649	0.304
5250.000000	146	20	0.658	0.304
5256.000000	146	20	0.669	0.303
5262.000000	146	20	0.679	0.313
5268.000000	146	20	0.692	0.311
5274.000000	146	20	0.698	0.312
5280.000000	146	127	0.702	0.318
5286.000000	146	127	0.705	0.319
5292.000000	146	127	0.710	0.320
5298.000000	146	127	0.715	0.326
5304.000000	146	127	0.717	0.326
5310.000000	146	14	0.717	0.341
5316.000000	146	14	0.721	0.357
5322.000000	146	14	0.728	0.365
5328.000000	146	14	0.731	0.371
5334.000000	146	14	0.738	0.387
5340.000000	146	14	0.755	0.404
5346.000000	146	14	0.764	0.415
5352.000000	146	14	0.772	0.435
5358.000000	146	14	0.777	0.456
5364.000000	146	14	0.783	0.478
5370.000000	146	14	0.793	0.502
5376.000000	146	14	0.801	0.527
5382.000000	146	14	0.808	0.557
5388.000000	146	14	0.820	0.586
5394.000000	146	14	0.830	0.604
5400.000000	146	14	0.831	0.616
5406.000000	146	14	0.830	0.627
5412.000000	146	14	0.828	0.644
5418.000000	146	14	0.831	0.657
5424.000000	146	14	0.829	0.672
5430.000000	146	14	0.827	0.688
5436.000000	146	14	0.823	0.707
5442.000000	146	14	0.817	0.722
5448.000000	146	14	0.810	0.732
5454.000000	146	14	0.807	0.737
5460.000000	146	14	0.802	0.746
5466.000000	146	14	0.797	0.755
5472.000000	146	14	0.795	0.763
5478.000000	146	14	0.790	0.770
5484.000000	146	14	0.783	0.780
5490.000000	14	146	0.790	0.771
5496.000000	14	146	0.805	0.755
5502.000000	14	146	0.816	0.736
5508.000000	14	146	0.826	0.715
5514.000000	14	146	0.838	0.681
5520.000000	14	146	0.851	0.645
5526.000000	14	146	0.859	0.607
5532.000000	14	146	0.875	0.564
5538.000000	14	146	0.885	0.515
5544.000000	14	146	0.896	0.456
5550.000000	14	146	0.904	0.378
5556.000000	14	146	0.921	0.263
5562.000000	14	52	0.927	0.222
5568.000000	14	52	0.933	0.228
5574.000000	14	52	0.937	0.244
5580.000000	14	52	0.943	0.264
5586.000000	14	52	0.943	0.277
5592.000000	14	52	0.939	0.299
5598.000000	14	52	0.936	0.319
5604.000000	14	52	0.935	0.337
5610.000000	14	52	0.936	0.359
5616.000000	14	52	0.935	0.380
5622.000000	14	52	0.934	0.405
5628.000000	14	52	0.934	0.425
5634.000000	14	52	0.935	0.445
5640.000000	14	52	0.935	0.457
5646.000000	14	52	0.933	0.466
5652.000000	14	52	0.930	0.472
5658.000000	14	52	0.928	0.477
5664.000000	14	52	0.926	0.483
5670.000000	14	52	0.924	0.489
5676.000000	14	52	0.922	0.489
5682.000000	14	52	0.921	0.488
5688.000000	14	52	0.920	0.495
5694.000000	14	52	0.918	0.505
5700.000000	14	52	0.913	0.512
5706.000000	14	52	0.910	0.516
5712.000000	14	52	0.907	0.523
5718.000000	14	52	0.904	0.528
5724.000000	14	52	0.900	0.531
5730.000000	14	52	0.894	0.536
5736.000000	14	52	0.889	0.543
5742.000000	14	52	0.882	0.555
5748.000000	14	52	0.874	0.564
5754.000000	14	52	0.864	0.575
5760.000000	14	52	0.850	0.584
5766.000000	14	52	0.842	0.589
5772.000000	14	52	0.830	0.595
5778.000000	14	52	0.810	0.604
5784.000000	14	52	0.787	0.617
5790.000000	14	52	0.764	0.625
5796.000000	14	52	0.727	0.640
5802.000000	14	52	0.679	0.659
5808.000000	52	14	0.682	0.623
5814.000000	52	14	0.716	0.542
5820.000000	52	14	0.751	0.434
5826.000000	52	14	0.782	0.289
5832.000000	52	47	0.831	0.229
5838.000000	52	123	0.863	0.232
5844.000000	52	123	0.876	0.244
5850.000000	52	123	0.879	0.264
5856.000000	52	123	0.882	0.283
5862.000000	52	123	0.882	0.295
5868.000000	52	123	0.887	0.320
5874.000000	52	123	0.887	0.344
5880.000000	52	123	0.881	0.370
5886.000000	52	123	0.882	0.384
5892.000000	52	123	0.877	0.398
5898.000000	52	123	0.875	0.410
5904.000000	52	123	0.875	0.428
5910.000000	52	123	0.873	0.447
5916.000000	52	123	0.873	0.461
5922.000000	52	123	0.877	0.471
5928.000000	52	123	0.877	0.483
5934.000000	52	123	0.875	0.499
5940.000000	52	123	0.871	0.514
5946.000000	52	123	0.867	0.526
5952.000000	52	123	0.860	0.546
5958.000000	52	123	0.859	0.559
5964.000000	52	123	0.855	0.574
5970.000000	52	123	0.854	0.581
5976.000000	52	123	0.855	0.587
5982.000000	52	123	0.850	0.598
5988.000000	52	123	0.841	0.607
5994.000000	52	123	0.835	0.625
6000.000000	52	123	0.832	0.645
6006.000000	52	123	0.829	0.658
6012.000000	52	123	0.823	0.665
6018.000000	52	123	0.813	0.680
6024.000000	52	123	0.799	0.699
6030.000000	52	123	0.790	0.707
6036.000000	52	123	0.773	0.717
6042.000000	52	123	0.751	0.729
6048.000000	123	52	0.746	0.725
6054.000000	123	52	0.762	0.704
6060.000000	123	52	0.779	0.671
6066.000000	123	52	0.791	0.633
6072.000000	123	52	0.808	0.586
6078.000000	123	52	0.834	0.524
6084.000000	123	52	0.861	0.431
6090.000000	123	52	0.887	0.301
6096.000000	123	145	0.904	0.197
6102.000000	123	145	0.916	0.212
6108.000000	123	145	0.920	0.230
6114.000000	123	145	0.926	0.246
6120.000000	123	145	0.929	0.259
6126.000000	123	145	0.931	0.275
6132.000000	123	145	0.928	0.300
6138.000000	123	145	0.925	0.324
6144.000000	123	145	0.921	0.341
6150.000000	123	145	0.919	0.365
6156.000000	123	145	0.916	0.384
6162.000000	123	145	0.912	0.395
6168.000000	123	145	0.912	0.408
6174.000000	123	145	0.911	0.417
6180.000000	123	145	0.909	0.425
6186.000000	123	145	0.906	0.434
6192.000000	123	145	0.901	0.447
6198.000000	123	145	0.897	0.459
6204.000000	123	145	0.891	0.465
6210.000000	123	145	0.885	0.476
6216.000000	123	145	0.881	0.485
6222.000000	123	145	0.877	0.496
6228.000000	123	145	0.871	0.508
6234.000000	123	145	0.867	0.524
6240.000000	123	145	0.862	0.533
6246.000000	123	145	0.852	0.542
6252.000000	123	145	0.845	0.553
6258.000000	123	145	0.837	0.569
6264.000000	123	145	0.830	0.579
6270.000000	123	145	0.824	0.595
6276.000000	123	145	0.814	0.611
6282.000000	123	145	0.804	0.624
6288.000000	123	145	0.794	0.634
6294.000000	123	145	0.780	0.646
6300.000000	123	145	0.758	0.666
6306.000000	123	145	0.735	0.683
6312.000000	123	145	0.719	0.689
6318.000000	145	123	0.697	0.695
6324.000000	145	123	0.713	0.670
6330.000000	145	123	0.733	0.630
6336.000000	145	123	0.746	0.581
6342.000000	145	123	0.765	0.517
6348.000000	145	123	0.795	0.416
6354.000000	145	136	0.826	0.350
6360.000000	145	136	0.865	0.342
6366.000000	145	136	0.890	0.337
6372.000000	145	136	0.905	0.345
6378.000000	145	136	0.911	0.344
6384.000000	145	136	0.914	0.339
6390.000000	145	136	0.917	0.348
6396.000000	145	136	0.915	0.358
6402.000000	145	136	0.913	0.364
6408.000000	145	136	0.910	0.365
6414.000000	145	136	0.905	0.369
6420.000000	145	136	0.903	0.375
6426.000000	145	136	0.899	0.382
6432.000000	145	136	0.894	0.385
6438.000000	145	136	0.892	0.389
6444.000000	145	136	0.890	0.390
6450.000000	145	136	0.888	0.392
6456.000000	145	136	0.883	0.398
6462.000000	145	136	0.871	0.405
6468.000000	145	136	0.861	0.405
6474.000000	145	136	0.860	0.402
6480.000000	145	136	0.860	0.397
6486.000000	145	136	0.859	0.394
6492.000000	145	136	0.859	0.388
6498.000000	145	136	0.858	0.379
6504.000000	145	169	0.857	0.375
6510.000000	145	169	0.854	0.381
6516.000000	145	169	0.854	0.382
6522.000000	145	169	0.851	0.379
6528.000000	145	169	0.844	0.380
6534.000000	145	169	0.842	0.389
6540.000000	145	169	0.839	0.409
6546.000000	145	169	0.837	0.426
6552.000000	145	169	0.830	0.455
6558.000000	145	169	0.822	0.490
6564.000000	145	169	0.812	0.533
6570.000000	145	169	0.801	0.569
6576.000000	145	169	0.792	0.597
6582.000000	145	169	0.785	0.612
6588.000000	145	169	0.774	0.636
6594.000000	145	169	0.759	0.660
6600.000000	145	169	0.739	0.677
6606.000000	145	169	0.718	0.695
6612.000000	169	145	0.713	0.698
6618.000000	169	145	0.746	0.655
6624.000000	169	145	0.773	0.604
6630.000000	169	145	0.798	0.544
6636.000000	169	145	0.816	0.460
6642.000000	169	145	0.839	0.334
6648.000000	169	164	0.862	0.244
6654.000000	169	164	0.873	0.264
6660.000000	169	164	0.883	0.279
6666.000000	169	164	0.887	0.289
6672.000000	169	164	0.886	0.303
6678.000000	169	164	0.887	0.320
6684.000000	169	164	0.886	0.334
6690.000000	169	164	0.885	0.344
6696.000000	169	164	0.881	0.350
6702.000000	169	164	0.872	0.353
6708.000000	169	164	0.863	0.353
6714.000000	169	164	0.859	0.354
6720.000000	169	164	0.854	0.355
6726.000000	169	164	0.853	0.355
6732.000000	169	164	0.854	0.353
6738.000000	169	164	0.853	0.350
6744.000000	169	164	0.849	0.348
6750.000000	169	164	0.850	0.340
6756.000000	169	164	0.848	0.332
6762.000000	169	164	0.845	0.330
6768.000000	169	164	0.842	0.329
6774.000000	169	164	0.836	0.327
6780.000000	169	164	0.830	0.325
6786.000000	169	164	0.828	0.323
6792.000000	169	164	0.828	0.324
6798.000000	169	164	0.826	0.324
6804.000000	169	164	0.823	0.324
6810.000000	169	164	0.827	0.312
6816.000000	169	164	0.829	0.301
6822.000000	169	164	0.827	0.297
6828.000000	169	164	0.827	0.296
6834.000000	169	164	0.827	0.288
6840.000000	169	164	0.832	0.277
6846.000000	169	164	0.832	0.266
6852.000000	169	27	0.832	0.258
6858.000000	169	27	0.834	0.250
6864.000000	169	27	0.838	0.234
6870.000000	169	81	0.841	0.222
6876.000000	169	81	0.845	0.226
6882.000000	169	81	0.851	0.226
6888.000000	169	81	0.852	0.225
6894.000000	169	81	0.853	0.228
6900.000000	169	81	0.856	0.236
6906.000000	169	81	0.863	0.234
6912.000000	169	81	0.871	0.229
6918.000000	169	81	0.877	0.227
6924.000000	169	81	0.878	0.234
6930.000000	169	81	0.877	0.246
6936.000000	169	81	0.877	0.257
6942.000000	169	81	0.877	0.261
6948.000000	169	81	0.881	0.264
6954.000000	169	81	0.882	0.263
6960.000000	169	81	0.881	0.260
6966.000000	169	81	0.878	0.258
6972.000000	169	81	0.875	0.261
6978.000000	169	81	0.873	0.267
6984.000000	169	81	0.873	0.268
6990.000000	169	81	0.876	0.268
6996.000000	169	81	0.873	0.266
7002.000000	169	81	0.868	0.266
7008.000000	169	81	0.865	0.265
7014.000000	169	81	0.862	0.263
7020.000000	169	81	0.858	0.261
7026.000000	169	81	0.858	0.260
7032.000000	169	81	0.852	0.255
7038.000000	169	81	0.846	0.249
7044.000000	169	81	0.838	0.236
7050.000000	169	72	0.831	0.233
7056.000000	169	72	0.823	0.237
7062.000000	169	72	0.811	0.243
7068.000000	169	72	0.793	0.251
7074.000000	169	72	0.771	0.264
7080.000000	169	72	0.745	0.272
7086.000000	169	72	0.718	0.280
7092.000000	169	72	0.684	0.288
7098.000000	169	72	0.638	0.296
7104.000000	169	72	0.573	0.304
7110.000000	169	72	0.485	0.307
7116.000000	169	72	0.391	0.312
7122.000000	57	72	0.336	0.322
7128.000000	57	72	0.361	0.338
7134.000000	57	72	0.380	0.344
7140.000000	57	3	0.407	0.356
7146.000000	57	3	0.422	0.377
7152.000000	57	3	0.433	0.388
7158.000000	57	3	0.443	0.393
7164.000000	57	3	0.460	0.397
7170.000000	57	3	0.472	0.400
7176.000000	57	3	0.480	0.405
7182.000000	57	3	0.491	0.408
7188.000000	57	3	0.502	0.415
7194.000000	57	3	0.514	0.418
7200.000000	57	3	0.523	0.420
7206.000000	57	3	0.535	0.425
7212.000000	57	3	0.552	0.427
7218.000000	57	3	0.564	0.432
7224.000000	57	3	0.568	0.439
7230.000000	57	3	0.574	0.443
7236.000000	57	3	0.581	0.448
7242.000000	57	3	0.591	0.456
7248.000000	57	3	0.597	0.460
7254.000000	57	3	0.613	0.468
7260.000000	57	3	0.624	0.479
7266.000000	57	3	0.640	0.482
7272.000000	57	3	0.646	0.491
7278.000000	57	3	0.656	0.501
7284.000000	57	3	0.670	0.502
7290.000000	57	3	0.682	0.509
7296.000000	57	3	0.695	0.516
7302.000000	57	3	0.711	0.517
7308.000000	57	3	0.724	0.508
7314.000000	57	3	0.739	0.504
7320.000000	57	3	0.745	0.495
7326.000000	57	3	0.746	0.483
7332.000000	57	3	0.755	0.467
7338.000000	57	3	0.764	0.455
7344.000000	57	3	0.772	0.443
7350.000000	57	3	0.775	0.432
7356.000000	57	3	0.780	0.420
7362.000000	57	3	0.781	0.402
7368.000000	57	167	0.784	0.389
7374.000000	57	167	0.781	0.396
7380.000000	57	167	0.777	0.403
7386.000000	57	107	0.779	0.410
7392.000000	57	107	0.786	0.420
7398.000000	57	107	0.788	0.428
7404.000000	57	107	0.790	0.436
7410.000000	57	107	0.789	0.447
7416.000000	57	107	0.789	0.457
7422.000000	57	107	0.792	0.469
7428.000000	57	107	0.793	0.485
7434.000000	57	107	0.791	0.507
7440.000000	57	107	0.787	0.529
7446.000000	57	107	0.793	0.542
7452.000000	57	107	0.792	0.562
7458.000000	57	107	0.789	0.576
7464.000000	57	107	0.784	0.594
7470.000000	57	107	0.776	0.610
7476.000000	57	107	0.766	0.628
7482.000000	57	107	0.755	0.648
7488.000000	57	107	0.746	0.665
7494.000000	57	107	0.736	0.680
7500.000000	57	107	0.725	0.702
7506.000000	107	57	0.719	0.718
7512.000000	107	57	0.732	0.704
7518.000000	107	57	0.747	0.683
7524.000000	107	57	0.769	0.665
7530.000000	107	57	0.792	0.642
7536.000000	107	57	0.806	0.611
7542.000000	107	57	0.815	0.573
7548.000000	107	57	0.830	0.532
7554.000000	107	57	0.850	0.477
7560.000000	107	57	0.863	0.404
7566.000000	107	57	0.878	0.324
7572.000000	107	57	0.890	0.220
7578.000000	107	22	0.910	0.116
7584.000000	107	22	0.917	0.117
7590.000000	107	22	0.923	0.122
7596.000000	107	22	0.928	0.129
7602.000000	107	22	0.930	0.136
7608.000000	107	22	0.931	0.142
7614.000000	107	22	0.929	0.147
7620.000000	107	22	0.927	0.155
7626.000000	107	22	0.927	0.163
7632.000000	107	22	0.928	0.173
7638.000000	107	22	0.935	0.180
7644.000000	107	22	0.936	0.187
7650.000000	107	22	0.937	0.194
7656.000000	107	22	0.938	0.200
7662.000000	107	22	0.936	0.209
7668.000000	107	22	0.935	0.222
7674.000000	107	22	0.933	0.228
7680.000000	107	22	0.931	0.232
7686.000000	107	22	0.928	0.243
7692.000000	107	22	0.923	0.252
7698.000000	107	22	0.920	0.261
7704.000000	107	22	0.918	0.272
7710.000000	107	22	0.914	0.288
7716.000000	107	22	0.910	0.302
7722.000000	107	22	0.907	0.322
7728.000000	107	22	0.904	0.333
7734.000000	107	22	0.900	0.340
7740.000000	107	22	0.897	0.349
7746.000000	107	22	0.893	0.369
7752.000000	107	22	0.890	0.386
7758.000000	107	22	0.884	0.395
7764.000000	107	22	0.876	0.405
7770.000000	107	22	0.867	0.414
7776.000000	107	22	0.860	0.426
7782.000000	107	22	0.852	0.444
7788.000000	107	22	0.838	0.456
7794.000000	107	22	0.826	0.469
7800.000000	107	22	0.803	0.493
7806.000000	107	22	0.772	0.527
7812.000000	107	22	0.743	0.554
7818.000000	107	22	0.706	0.574
7824.000000	107	22	0.657	0.593
7830.000000	22	107	0.616	0.610
7836.000000	22	107	0.646	0.538
7842.000000	22	107	0.690	0.425
7848.000000	22	112	0.741	0.304
7854.000000	22	112	0.782	0.320
7860.000000	22	112	0.830	0.332
7866.000000	22	112	0.861	0.343
7872.000000	22	112	0.882	0.364
7878.000000	22	112	0.896	0.382
7884.000000	22	112	0.900	0.403
7890.000000	22	112	0.898	0.418
7896.000000	22	112	0.896	0.432
7902.000000	22	112	0.893	0.447
7908.000000	22	112	0.889	0.463
7914.000000	22	112	0.888	0.472
7920.000000	22	112	0.889	0.480
7926.000000	22	112	0.893	0.485
7932.000000	22	112	0.893	0.487
7938.000000	22	112	0.892	0.492
7944.000000	22	112	0.892	0.499
7950.000000	22	112	0.891	0.504
7956.000000	22	112	0.891	0.513
7962.000000	22	112	0.890	0.521
7968.000000	22	112	0.890	0.526
7974.000000	22	112	0.888	0.528
7980.000000	22	112	0.887	0.529
7986.000000	22	112	0.886	0.530
7992.000000	22	112	0.887	0.534
7998.000000	22	112	0.889	0.539
8004.000000	22	112	0.887	0.549
8010.000000	22	112	0.884	0.561
8016.000000	22	112	0.883	0.570
8022.000000	22	112	0.883	0.577
8028.000000	22	112	0.881	0.584
8034.000000	22	112	0.881	0.595
8040.000000	22	112	0.882	0.606
8046.000000	22	112	0.885	0.616
8052.000000	22	112	0.884	0.625
8058.000000	22	112	0.879	0.641
8064.000000	22	112	0.878	0.654
8070.000000	22	112	0.879	0.660
8076.000000	22	112	0.881	0.665
8082.000000	22	112	0.880	0.669
8088.000000	22	112	0.878	0.674
8094.000000	22	112	0.872	0.679
8100.000000	22	112	0.865	0.683
8106.000000	22	112	0.861	0.689
8112.000000	22	112	0.856	0.697
8118.000000	22	112	0.847	0.707
8124.000000	22	112	0.843	0.711
8130.000000	22	112	0.833	0.717
8136.000000	22	112	0.822	0.724
8142.000000	22	112	0.814	0.731
8148.000000	22	112	0.808	0.735
8154.000000	22	112	0.796	0.744
8160.000000	22	112	0.782	0.751
8166.000000	22	112	0.761	0.759
8172.000000	112	22	0.767	0.736
8178.000000	112	22	0.786	0.704
8184.000000	112	22	0.796	0.673
8190.000000	112	22	0.808	0.623
8196.000000	112	22	0.820	0.568
8202.000000	112	22	0.846	0.475
8208.000000	112	22	0.875	0.334
8214.000000	112	22	0.902	0.170
8220.000000	112	132	0.923	0.110
8226.000000	112	132	0.931	0.108
8232.000000	112	177	0.933	0.113
8238.000000	112	177	0.937	0.123
8244.000000	112	177	0.940	0.131
8250.000000	112	177	0.938	0.141
8256.000000	112	177	0.936	0.156
8262.000000	112	177	0.933	0.168
8268.000000	112	177	0.933	0.179
8274.000000	112	177	0.933	0.188
8280.000000	112	177	0.931	0.199
8286.000000	112	177	0.929	0.213
8292.000000	112	177	0.926	0.229
8298.000000	112	177	0.921	0.247
8304.000000	112	177	0.916	0.270
8310.000000	112	177	0.912	0.295
8316.000000	112	177	0.912	0.316
8322.000000	112	177	0.907	0.334
8328.000000	112	177	0.902	0.353
8334.000000	112	177	0.894	0.377
8340.000000	112	177	0.885	0.401
8346.000000	112	177	0.876	0.425
8352.000000	112	177	0.867	0.447
8358.000000	112	177	0.859	0.467
8364.000000	112	177	0.852	0.481
8370.000000	112	177	0.840	0.505
8376.000000	112	177	0.832	0.528
8382.000000	112	177	0.821	0.545
8388.000000	112	177	0.807	0.564
8394.000000	112	177	0.786	0.586
8400.000000	112	177	0.764	0.604
8406.000000	112	177	0.738	0.623
8412.000000	112	177	0.698	0.650
8418.000000	177	112	0.678	0.643
8424.000000	177	112	0.709	0.590
8430.000000	177	112	0.729	0.522
8436.000000	177	112	0.753	0.428
8442.000000	177	29	0.784	0.417
8448.000000	177	29	0.806	0.451
8454.000000	177	29	0.823	0.481
8460.000000	177	29	0.837	0.501
8466.000000	177	29	0.853	0.520
8472.000000	177	29	0.862	0.534
8478.000000	177	29	0.862	0.551
8484.000000	177	29	0.850	0.575
8490.000000	177	29	0.848	0.586
8496.000000	177	29	0.846	0.590
8502.000000	177	29	0.845	0.599
8508.000000	177	29	0.843	0.609
8514.000000	177	29	0.842	0.617
8520.000000	177	29	0.843	0.622
8526.000000	177	29	0.840	0.621
8532.000000	177	29	0.839	0.626
8538.000000	177	29	0.840	0.634
8544.000000	177	29	0.843	0.634
8550.000000	177	29	0.843	0.636
8556.000000	177	29	0.843	0.635
8562.000000	177	29	0.844	0.636
8568.000000	177	29	0.845	0.635
8574.000000	177	29	0.844	0.635
8580.000000	177	29	0.840	0.639
8586.000000	177	29	0.837	0.647
8592.000000	177	29	0.834	0.647
8598.000000	177	29	0.830	0.648
8604.000000	177	29	0.827	0.645
8610.000000	177	29	0.824	0.643
8616.000000	177	29	0.821	0.641
8622.000000	177	29	0.818	0.640
8628.000000	177	29	0.814	0.640
8634.000000	177	29	0.812	0.643
8640.000000	177	29	0.808	0.650
8646.000000	177	29	0.808	0.655
8652.000000	177	29	0.806	0.664
8658.000000	177	29	0.804	0.677
8664.000000	177	29	0.801	0.687
8670.000000	177	29	0.794	0.696
8676.000000	177	29	0.784	0.705
8682.000000	177	29	0.770	0.710
8688.000000	177	29	0.761	0.713
8694.000000	177	29	0.755	0.715
8700.000000	177	29	0.750	0.715
8706.000000	177	29	0.750	0.707
8712.000000	177	29	0.741	0.704
8718.000000	177	29	0.726	0.708
8724.000000	177	29	0.712	0.707
8730.000000	29	177	0.709	0.688
8736.000000	29	177	0.711	0.656
8742.000000	29	177	0.719	0.611
8748.000000	29	177	0.724	0.542
8754.000000	29	177	0.741	0.443
8760.000000	29	177	0.770	0.314
8766.000000	29	177	0.806	0.158
8772.000000	29	57	0.827	0.133
8778.000000	29	163	0.842	0.139
8784.000000	29	163	0.851	0.147
8790.000000	29	163	0.852	0.149
8796.000000	29	163	0.851	0.154
8802.000000	29	163	0.851	0.160
8808.000000	29	163	0.853	0.166
8814.000000	29	163	0.853	0.169
8820.000000	29	163	0.850	0.171
8826.000000	29	163	0.845	0.179
8832.000000	29	163	0.839	0.193
8838.000000	29	163	0.839	0.201
8844.000000	29	163	0.838	0.205
8850.000000	29	163	0.833	0.211
8856.000000	29	163	0.828	0.217
8862.000000	29	163	0.823	0.223
8868.000000	29	163	0.817	0.231
8874.000000	29	163	0.810	0.235
8880.000000	29	163	0.804	0.238
8886.000000	29	163	0.796	0.246
8892.000000	29	163	0.787	0.251
8898.000000	29	163	0.781	0.252
8904.000000	29	163	0.776	0.250
8910.000000	29	163	0.770	0.256
8916.000000	29	163	0.767	0.264
8922.000000	29	163	0.757	0.271
8928.000000	29	163	0.741	0.279
8934.000000	29	163	0.730	0.283
8940.000000	29	142	0.704	0.290
8946.000000	29	142	0.686	0.299
8952.000000	29	142	0.670	0.314
8958.000000	29	142	0.644	0.332
8964.000000	29	142	0.616	0.348
8970.000000	29	142	0.580	0.363
8976.000000	29	142	0.527	0.374
8982.000000	29	142	0.456	0.387
8988.000000	142	29	0.398	0.389
8994.000000	142	163	0.415	0.340
9000.000000	142	163	0.444	0.345
9006.000000	142	163	0.486	0.344
9012.000000	142	163	0.515	0.340
9018.000000	142	163	0.536	0.341
9024.000000	142	163	0.553	0.342
9030.000000	142	163	0.570	0.335
9036.000000	142	163	0.589	0.322
9042.000000	142	163	0.605	0.315
9048.000000	142	163	0.618	0.301
9054.000000	142	169	0.626	0.292
9060.000000	142	169	0.637	0.300
9066.000000	142	169	0.652	0.318
9072.000000	142	169	0.668	0.328
9078.000000	142	169	0.682	0.332
9084.000000	142	169	0.689	0.339
9090.000000	142	169	0.690	0.350
9096.000000	142	169	0.691	0.361
9102.000000	142	169	0.698	0.375
9108.000000	142	169	0.709	0.388
9114.000000	142	169	0.725	0.401
9120.000000	142	169	0.736	0.416
9126.000000	142	169	0.745	0.426
9132.000000	142	169	0.750	0.437
9138.000000	142	169	0.750	0.446
9144.000000	142	169	0.749	0.451
9150.000000	142	169	0.751	0.455
9156.000000	142	169	0.761	0.460
9162.000000	142	169	0.766	0.467
9168.000000	142	169	0.765	0.478
9174.000000	142	169	0.765	0.496
9180.000000	142	169	0.769	0.513
9186.000000	142	169	0.774	0.527
9192.000000	142	169	0.777	0.541
9198.000000	142	169	0.773	0.558
9204.000000	142	169	0.770	0.573
9210.000000	142	169	0.768	0.589
9216.000000	142	169	0.764	0.596
9222.000000	142	169	0.760	0.611
9228.000000	142	169	0.757	0.629
9234.000000	142	169	0.751	0.651
9240.000000	142	169	0.746	0.665
9246.000000	142	169	0.742	0.681
9252.000000	142	169	0.738	0.701
9258.000000	142	169	0.734	0.710
9264.000000	142	169	0.731	0.719
9270.000000	169	142	0.727	0.723
9276.000000	169	142	0.733	0.716
9282.000000	169	142	0.747	0.708
9288.000000	169	142	0.765	0.691
9294.000000	169	142	0.780	0.677
9300.000000	169	142	0.799	0.655
9306.000000	169	142	0.820	0.626
9312.000000	169	142	0.842	0.593
9318.000000	169	142	0.855	0.555
9324.000000	169	142	0.860	0.507
9330.000000	169	142	0.866	0.452
9336.000000	169	142	0.873	0.385
9342.000000	169	142	0.886	0.303
9348.000000	169	175	0.914	0.192
9354.000000	169	175	0.932	0.202
9360.000000	169	175	0.940	0.210
9366.000000	169	175	0.937	0.221
9372.000000	169	175	0.936	0.233
9378.000000	169	175	0.937	0.242
9384.000000	169	175	0.936	0.253
9390.000000	169	175	0.935	0.265
9396.000000	169	175	0.934	0.278
9402.000000	169	175	0.933	0.291
9408.000000	169	175	0.932	0.302
9414.000000	169	175	0.932	0.310
9420.000000	169	175	0.929	0.320
9426.000000	169	175	0.927	0.329
9432.000000	169	175	0.922	0.337
9438.000000	169	175	0.917	0.346
9444.000000	169	175	0.914	0.358
9450.000000	169	175	0.910	0.371
9456.000000	169	175	0.907	0.386
9462.000000	169	175	0.905	0.393
9468.000000	169	175	0.901	0.400
9474.000000	169	175	0.895	0.414
9480.000000	169	175	0.884	0.430
9486.000000	169	175	0.870	0.449
9492.000000	169	175	0.862	0.464
9498.000000	169	175	0.851	0.475
9504.000000	169	175	0.838	0.489
9510.000000	169	175	0.819	0.506
9516.000000	169	175	0.804	0.522
9522.000000	169	175	0.791	0.538
9528.000000	169	175	0.776	0.558
9534.000000	169	175	0.754	0.584
9540.000000	169	175	0.727	0.607
9546.000000	169	175	0.694	0.630
9552.000000	169	175	0.653	0.651
9558.000000	175	169	0.663	0.594
9564.000000	175	169	0.684	0.503
9570.000000	175	145	0.707	0.502
9576.000000	175	145	0.737	0.529
9582.000000	175	145	0.776	0.563
9588.000000	175	145	0.798	0.600
9594.000000	175	145	0.813	0.616
9600.000000	175	145	0.821	0.630
9606.000000	175	145	0.825	0.642
9612.000000	175	145	0.825	0.650
9618.000000	175	145	0.824	0.659
9624.000000	175	145	0.827	0.660
9630.000000	175	145	0.828	0.662
9636.000000	175	145	0.825	0.669
9642.000000	175	145	0.829	0.670
9648.000000	175	145	0.834	0.672
9654.000000	175	145	0.837	0.673
9660.000000	175	145	0.837	0.674
9666.000000	175	145	0.835	0.671
9672.000000	175	145	0.835	0.666
9678.000000	175	145	0.836	0.658
9684.000000	175	145	0.838	0.656
9690.000000	175	145	0.839	0.656
9696.000000	175	145	0.838	0.655
9702.000000	175	145	0.838	0.650
9708.000000	175	145	0.843	0.642
9714.000000	175	145	0.844	0.638
9720.000000	175	145	0.841	0.638
9726.000000	175	145	0.845	0.632
9732.000000	175	145	0.847	0.624
9738.000000	175	145	0.847	0.614
9744.000000	175	145	0.847	0.598
9750.000000	175	145	0.846	0.580
9756.000000	175	145	0.844	0.562
9762.000000	175	145	0.846	0.547
9768.000000	175	145	0.843	0.533
9774.000000	175	145	0.847	0.512
9780.000000	175	145	0.849	0.495
9786.000000	175	145	0.840	0.474
9792.000000	175	145	0.836	0.445
9798.000000	175	145	0.839	0.405
9804.000000	175	145	0.837	0.356
9810.000000	175	145	0.835	0.298
9816.000000	175	119	0.831	0.270
9822.000000	175	119	0.825	0.284
9828.000000	175	119	0.826	0.305
9834.000000	175	119	0.829	0.330
9840.000000	175	119	0.832	0.362
9846.000000	175	119	0.836	0.411
9852.000000	175	119	0.839	0.455
9858.000000	175	119	0.836	0.491
9864.000000	175	119	0.827	0.524
9870.000000	175	119	0.816	0.561
9876.000000	175	119	0.805	0.602
9882.000000	175	119	0.803	0.627
9888.000000	175	119	0.791	0.655
9894.000000	175	119	0.772	0.688
9900.000000	175	119	0.745	0.721
9906.000000	119	175	0.739	0.715
9912.000000	119	175	0.754	0.677
9918.000000	119	175	0.784	0.621
9924.000000	119	175	0.817	0.552
9930.000000	119	175	0.848	0.469
9936.000000	119	175	0.880	0.347
9942.000000	119	192	0.908	0.285
9948.000000	119	192	0.925	0.297
9954.000000	119	192	0.930	0.316
9960.000000	119	192	0.930	0.341
9966.000000	119	192	0.929	0.356
9972.000000	119	192	0.929	0.373
9978.000000	119	192	0.925	0.390
9984.000000	119	192	0.920	0.404
9990.000000	119	192	0.915	0.425
9996.000000	119	192	0.910	0.447
10002.000000	119	192	0.907	0.463
10008.000000	119	192	0.904	0.482
10014.000000	119	192	0.903	0.495
10020.000000	119	192	0.901	0.507
10026.000000	119	192	0.899	0.522
10032.000000	119	192	0.898	0.534
10038.000000	119	192	0.898	0.539
10044.000000	119	192	0.897	0.542
10050.000000	119	192	0.896	0.545
10056.000000	119	192	0.895	0.549
10062.000000	119	192	0.894	0.553
10068.000000	119	192	0.891	0.559
10074.000000	119	192	0.887	0.564
10080.000000	119	192	0.884	0.569
10086.000000	119	192	0.881	0.573
10092.000000	119	192	0.879	0.577
10098.000000	119	192	0.875	0.586
10104.000000	119	192	0.868	0.606
10110.000000	119	192	0.865	0.618
10116.000000	119	192	0.867	0.624
10122.000000	119	192	0.867	0.630
10128.000000	119	192	0.863	0.640
10134.000000	119	192	0.858	0.660
10140.000000	119	192	0.850	0.681
10146.000000	119	192	0.837	0.698
10152.000000	119	192	0.827	0.707
10158.000000	119	192	0.825	0.712
10164.000000	119	192	0.816	0.722
10170.000000	119	192	0.809	0.728
10176.000000	119	192	0.801	0.736
10182.000000	119	192	0.789	0.749
10188.000000	192	119	0.774	0.764
10194.000000	192	119	0.791	0.738
10200.000000	192	119	0.804	0.719
10206.000000	192	119	0.822	0.694
10212.000000	192	119	0.839	0.666
10218.000000	192	119	0.861	0.619
10224.000000	192	119	0.874	0.554
10230.000000	192	119	0.893	0.462
10236.000000	192	119	0.919	0.346
10242.000000	192	119	0.945	0.214
10248.000000	192	82	0.958	0.087
10254.000000	192	80	0.969	0.087
10260.000000	192	80	0.972	0.093
10266.000000	192	80	0.972	0.095
10272.000000	192	80	0.970	0.095
10278.000000	192	80	0.967	0.098
10284.000000	192	80	0.966	0.103
10290.000000	192	80	0.965	0.106
10296.000000	192	80	0.964	0.108
10302.000000	192	80	0.963	0.108
10308.000000	192	80	0.961	0.110
10314.000000	192	80	0.959	0.114
10320.000000	192	80	0.957	0.119
10326.000000	192	80	0.956	0.123
10332.000000	192	80	0.955	0.122
10338.000000	192	80	0.954	0.119
10344.000000	192	80	0.953	0.119
10350.000000	192	12	0.950	0.118
10356.000000	192	12	0.947	0.121
10362.000000	192	77	0.942	0.122
10368.000000	192	77	0.939	0.125
10374.000000	192	77	0.936	0.129
10380.000000	192	77	0.934	0.129
10386.000000	192	77	0.932	0.127
10392.000000	192	77	0.928	0.127
10398.000000	192	167	0.924	0.134
10404.000000	192	81	0.919	0.141
10410.000000	192	150	0.915	0.146
10416.000000	192	167	0.912	0.157
10422.000000	192	167	0.908	0.172
10428.000000	192	167	0.902	0.185
10434.000000	192	167	0.895	0.194
10440.000000	192	167	0.887	0.200
10446.000000	192	167	0.878	0.205
10452.000000	192	167	0.868	0.212
10458.000000	192	167	0.852	0.223
10464.000000	192	167	0.841	0.231
10470.000000	192	167	0.831	0.245
10476.000000	192	167	0.817	0.260
10482.000000	192	167	0.796	0.278
10488.000000	192	167	0.774	0.298
10494.000000	192	167	0.752	0.314
10500.000000	192	167	0.726	0.339
10506.000000	192	167	0.699	0.356
10512.000000	192	167	0.667	0.378
10518.000000	192	167	0.619	0.413
10524.000000	192	167	0.547	0.454
10530.000000	167	192	0.511	0.448
10536.000000	167	192	0.565	0.316
10542.000000	167	150	0.623	0.228
10548.000000	167	150	0.681	0.227
10554.000000	167	150	0.723	0.238
10560.000000	167	150	0.752	0.243
10566.000000	167	150	0.776	0.244
10572.000000	167	150	0.788	0.229
10578.000000	167	150	0.794	0.224
10584.000000	167	150	0.802	0.219
10590.000000	167	150	0.807	0.213
10596.000000	167	150	0.817	0.202
10602.000000	167	150	0.828	0.188
10608.000000	167	51	0.844	0.190
10614.000000	167	51	0.865	0.191
10620.000000	167	51	0.873	0.204
10626.000000	167	51	0.876	0.222
10632.000000	167	51	0.878	0.237
10638.000000	167	51	0.878	0.249
10644.000000	167	51	0.881	0.262
10650.000000	167	51	0.887	0.274
10656.000000	167	51	0.892	0.288
10662.000000	167	51	0.890	0.305
10668.000000	167	51	0.888	0.316
10674.000000	167	51	0.889	0.322
10680.000000	167	51	0.888	0.327
10686.000000	167	51	0.887	0.339
10692.000000	167	51	0.886	0.344
10698.000000	167	51	0.885	0.344
10704.000000	167	51	0.885	0.351
10710.000000	167	51	0.888	0.354
10716.000000	167	51	0.889	0.354
10722.000000	167	51	0.892	0.358
10728.000000	167	51	0.896	0.366
10734.000000	167	51	0.899	0.371
10740.000000	167	51	0.898	0.372
10746.000000	167	51	0.897	0.368
10752.000000	167	51	0.896	0.366
10758.000000	167	51	0.894	0.368
10764.000000	167	51	0.893	0.362
10770.000000	167	51	0.890	0.357
10776.000000	167	36	0.886	0.363
10782.000000	167	36	0.881	0.374
10788.000000	167	36	0.876	0.388
10794.000000	167	36	0.873	0.405
10800.000000	167	36	0.871	0.417
10806.000000	167	36	0.869	0.422
10812.000000	167	36	0.870	0.429
10818.000000	167	36	0.867	0.436
10824.000000	167	36	0.862	0.436
10830.000000	167	36	0.861	0.443
10836.000000	167	36	0.861	0.451
10842.000000	167	36	0.858	0.462
10848.000000	167	36	0.854	0.477
10854.000000	167	36	0.847	0.483
10860.000000	167	36	0.836	0.492
10866.000000	167	36	0.819	0.506
10872.000000	167	36	0.797	0.528
10878.000000	167	36	0.784	0.547
10884.000000	167	36	0.767	0.569
10890.000000	167	36	0.743	0.589
10896.000000	167	36	0.708	0.604
10902.000000	167	36	0.655	0.628
10908.000000	36	169	0.658	0.596
10914.000000	36	169	0.705	0.628
10920.000000	36	169	0.754	0.663
10926.000000	36	169	0.800	0.706
10932.000000	36	169	0.822	0.737
10938.000000	36	169	0.829	0.774
10944.000000	36	169	0.836	0.792
10950.000000	36	169	0.833	0.800
10956.000000	36	169	0.833	0.798
10962.000000	36	169	0.839	0.797
10968.000000	36	169	0.838	0.798
10974.000000	36	169	0.840	0.795
10980.000000	36	169	0.840	0.792
10986.000000	36	169	0.838	0.792
10992.000000	36	169	0.838	0.791
10998.000000	36	169	0.841	0.788
11004.000000	36	169	0.840	0.787
11010.000000	36	169	0.839	0.786
11016.000000	36	169	0.837	0.785
11022.000000	36	169	0.834	0.786
11028.000000	36	169	0.826	0.790
11034.000000	36	169	0.823	0.787
11040.000000	36	169	0.818	0.784
11046.000000	36	169	0.813	0.782
11052.000000	36	169	0.810	0.778
11058.000000	36	169	0.806	0.776
11064.000000	36	169	0.802	0.777
11070.000000	36	169	0.800	0.774
11076.000000	36	169	0.796	0.772
11082.000000	36	169	0.791	0.768
11088.000000	36	169	0.790	0.763
11094.000000	36	169	0.784	0.767
11100.000000	36	169	0.774	0.773
11106.000000	169	36	0.775	0.766
11112.000000	169	36	0.783	0.752
11118.000000	169	36	0.783	0.742
11124.000000	169	36	0.780	0.733
11130.000000	169	36	0.776	0.722
11136.000000	169	36	0.778	0.703
11142.000000	169	36	0.778	0.683
11148.000000	169	36	0.780	0.655
11154.000000	169	36	0.784	0.623
11160.000000	169	36	0.786	0.584
11166.000000	169	36	0.792	0.538
11172.000000	169	36	0.799	0.475
11178.000000	169	36	0.805	0.391
11184.000000	169	36	0.810	0.294
11190.000000	169	84	0.815	0.189
11196.000000	169	84	0.831	0.188
11202.000000	169	84	0.839	0.187
11208.000000	169	84	0.845	0.194
11214.000000	169	101	0.844	0.214
11220.000000	169	101	0.842	0.237
11226.000000	169	101	0.844	0.254
11232.000000	169	101	0.845	0.272
11238.000000	169	101	0.848	0.292
11244.000000	169	101	0.851	0.316
11250.000000	169	101	0.849	0.341
11256.000000	169	101	0.844	0.375
11262.000000	169	101	0.840	0.417
11268.000000	169	101	0.837	0.448
11274.000000	169	101	0.831	0.482
11280.000000	169	101	0.820	0.518
11286.000000	169	101	0.800	0.548
11292.000000	169	101	0.785	0.569
11298.000000	169	101	0.774	0.591
11304.000000	169	101	0.757	0.617
11310.000000	169	101	0.728	0.653
11316.000000	101	169	0.686	0.686
11322.000000	101	169	0.736	0.628
11328.000000	101	169	0.788	0.557
11334.000000	101	169	0.812	0.483
11340.000000	101	169	0.845	0.399
11346.000000	101	169	0.868	0.287
11352.000000	101	40	0.896	0.216
11358.000000	101	40	0.921	0.218
11364.000000	101	40	0.931	0.214
11370.000000	101	40	0.932	0.216
11376.000000	101	40	0.933	0.221
11382.000000	101	40	0.937	0.219
11388.000000	101	40	0.937	0.209
11394.000000	101	40	0.933	0.208
11400.000000	101	40	0.930	0.206
11406.000000	101	40	0.934	0.205
11412.000000	101	40	0.935	0.202
11418.000000	101	40	0.935	0.197
11424.000000	101	40	0.934	0.193
11430.000000	101	156	0.932	0.198
11436.000000	101	156	0.931	0.199
11442.000000	101	156	0.927	0.201
11448.000000	101	156	0.923	0.206
11454.000000	101	156	0.922	0.206
11460.000000	101	156	0.923	0.205
11466.000000	101	156	0.922	0.208
11472.000000	101	156	0.921	0.214
11478.000000	101	156	0.920	0.222
11484.000000	101	156	0.919	0.227
11490.000000	101	156	0.917	0.234
11496.000000	101	156	0.915	0.243
11502.000000	101	156	0.914	0.246
11508.000000	101	156	0.912	0.243
11514.000000	101	156	0.912	0.237
11520.000000	101	49	0.912	0.228
11526.000000	101	49	0.912	0.235
11532.000000	101	49	0.912	0.238
11538.000000	101	49	0.912	0.236
11544.000000	101	49	0.912	0.235
11550.000000	101	49	0.911	0.232
11556.000000	101	49	0.911	0.226
11562.000000	101	49	0.911	0.224
11568.000000	101	49	0.911	0.223
11574.000000	101	49	0.910	0.220
11580.000000	101	49	0.909	0.215
11586.000000	101	49	0.906	0.210
11592.000000	101	49	0.899	0.204
11598.000000	101	49	0.895	0.198
11604.000000	101	164	0.892	0.190
11610.000000	101	164	0.888	0.191
11616.000000	101	164	0.886	0.189
11622.000000	101	164	0.884	0.192
11628.000000	101	164	0.884	0.193
11634.000000	101	164	0.884	0.192
11640.000000	101	164	0.883	0.192
11646.000000	101	164	0.881	0.193
11652.000000	101	164	0.877	0.195
11658.000000	101	164	0.872	0.198
11664.000000	101	164	0.869	0.202
11670.000000	101	164	0.866	0.207
11676.000000	101	164	0.862	0.211
11682.000000	101	164	0.857	0.209
11688.000000	101	164	0.850	0.205
11694.000000	101	164	0.844	0.202
11700.000000	101	164	0.839	0.198
11706.000000	101	164	0.836	0.196
11712.000000	101	164	0.830	0.196
11718.000000	101	164	0.821	0.198
11724.000000	101	164	0.808	0.201
11730.000000	101	164	0.797	0.203
11736.000000	101	164	0.780	0.201
11742.000000	101	164	0.756	0.202
11748.000000	101	164	0.727	0.196
11754.000000	101	164	0.692	0.201
11760.000000	101	164	0.648	0.213
11766.000000	101	164	0.582	0.227
11772.000000	101	164	0.495	0.240
11778.000000	101	164	0.373	0.253
11784.000000	164	26	0.275	0.237
11790.000000	164	26	0.300	0.247
11796.000000	164	26	0.322	0.248
11802.000000	164	26	0.327	0.264
11808.000000	164	26	0.332	0.279
11814.000000	164	26	0.347	0.295
11820.000000	164	26	0.357	0.308
11826.000000	164	26	0.366	0.320
11832.000000	164	26	0.374	0.331
11838.000000	164	26	0.385	0.336
11844.000000	164	26	0.400	0.342
11850.000000	164	26	0.409	0.350
11856.000000	164	26	0.415	0.366
11862.000000	164	26	0.415	0.376
11868.000000	164	26	0.413	0.386
11874.000000	164	26	0.417	0.395
11880.000000	164	26	0.423	0.406
11886.000000	164	26	0.428	0.423
11892.000000	164	26	0.435	0.430
11898.000000	164	26	0.441	0.436
11904.000000	164	26	0.444	0.437
11910.000000	164	26	0.447	0.436
11916.000000	164	26	0.454	0.432
11922.000000	164	26	0.461	0.432
11928.000000	164	26	0.470	0.435
11934.000000	164	26	0.472	0.441
11940.000000	164	26	0.479	0.446
11946.000000	164	26	0.484	0.441
11952.000000	164	26	0.483	0.437
11958.000000	164	26	0.487	0.437
11964.000000	164	26	0.498	0.428
11970.000000	164	26	0.504	0.419
11976.000000	164	26	0.503	0.416
11982.000000	164	26	0.500	0.412
11988.000000	164	26	0.499	0.413
11994.000000	164	26	0.506	0.417
12000.000000	164	26	0.509	0.414
12006.000000	164	26	0.513	0.403
12012.000000	164	26	0.517	0.391
12018.000000	164	114	0.521	0.385
12024.000000	164	114	0.528	0.405
12030.000000	164	114	0.528	0.425
12036.000000	164	114	0.537	0.440
12042.000000	164	114	0.541	0.459
12048.000000	164	114	0.547	0.478
12054.000000	164	114	0.560	0.482
12060.000000	164	114	0.571	0.498
12066.000000	164	114	0.576	0.515
12072.000000	164	114	0.578	0.528
12078.000000	164	114	0.576	0.542
12084.000000	164	114	0.568	0.560
12090.000000	114	164	0.567	0.566
12096.000000	114	164	0.577	0.565
12102.000000	114	164	0.596	0.568
12108.000000	114	164	0.612	0.563
12114.000000	114	164	0.619	0.559
12120.000000	114	164	0.624	0.549
12126.000000	114	164	0.629	0.535
12132.000000	114	164	0.638	0.527
12138.000000	114	164	0.647	0.514
12144.000000	114	164	0.662	0.494
12150.000000	114	164	0.677	0.464
12156.000000	114	164	0.713	0.417
12162.000000	114	164	0.737	0.382
12168.000000	114	164	0.761	0.341
12174.000000	114	190	0.771	0.315
12180.000000	114	190	0.788	0.321
12186.000000	114	190	0.799	0.325
12192.000000	114	190	0.805	0.327
12198.000000	114	190	0.819	0.339
12204.000000	114	190	0.830	0.359
12210.000000	114	190	0.840	0.385
12216.000000	114	190	0.847	0.402
12222.000000	114	190	0.853	0.411
12228.000000	114	190	0.861	0.424
12234.000000	114	190	0.866	0.444
12240.000000	114	190	0.875	0.464
12246.000000	114	190	0.880	0.474
12252.000000	114	190	0.878	0.485
12258.000000	114	190	0.877	0.505
12264.000000	114	190	0.879	0.528
12270.000000	114	190	0.880	0.554
12276.000000	114	190	0.879	0.576
12282.000000	114	190	0.880	0.592
12288.000000	114	190	0.879	0.609
12294.000000	114	190	0.879	0.626
12300.000000	114	190	0.879	0.643
12306.000000	114	190	0.878	0.662
12312.000000	114	190	0.875	0.686
12318.000000	114	190	0.867	0.708
12324.000000	114	190	0.860	0.724
12330.000000	114	190	0.850	0.746
12336.000000	114	190	0.837	0.763
12342.000000	114	190	0.822	0.781
12348.000000	114	190	0.813	0.789
12354.000000	114	190	0.799	0.795
12360.000000	190	114	0.802	0.789
12366.000000	190	114	0.814	0.774
12372.000000	190	114	0.823	0.754
12378.000000	190	114	0.830	0.734
12384.000000	190	114	0.839	0.710
12390.000000	190	114	0.848	0.684
12396.000000	190	114	0.857	0.648
12402.000000	190	114	0.866	0.604
12408.000000	190	114	0.873	0.556
12414.000000	190	114	0.886	0.494
12420.000000	190	114	0.896	0.415
12426.000000	190	114	0.908	0.302
12432.000000	190	44	0.915	0.275
12438.000000	190	44	0.924	0.286
12444.000000	190	44	0.925	0.292
12450.000000	190	44	0.924	0.302
12456.000000	190	44	0.921	0.327
12462.000000	190	44	0.919	0.348
12468.000000	190	44	0.915	0.361
12474.000000	190	44	0.911	0.373
12480.000000	190	44	0.909	0.380
12486.000000	190	44	0.909	0.381
12492.000000	190	44	0.905	0.388
12498.000000	190	44	0.901	0.396
12504.000000	190	44	0.897	0.400
12510.000000	190	44	0.891	0.402
12516.000000	190	44	0.885	0.403
12522.000000	190	44	0.880	0.405
12528.000000	190	44	0.875	0.408
12534.000000	190	44	0.871	0.412
12540.000000	190	44	0.867	0.413
12546.000000	190	44	0.862	0.412
12552.000000	190	44	0.857	0.411
12558.000000	190	44	0.855	0.406
12564.000000	190	44	0.854	0.403
12570.000000	190	195	0.849	0.403
12576.000000	190	195	0.843	0.413
12582.000000	190	195	0.834	0.421
12588.000000	190	195	0.825	0.431
12594.000000	190	195	0.817	0.438
12600.000000	190	195	0.806	0.440
12606.000000	190	195	0.796	0.444
12612.000000	190	195	0.780	0.460
12618.000000	190	195	0.765	0.478
12624.000000	190	195	0.750	0.491
12630.000000	190	195	0.730	0.510
12636.000000	190	195	0.706	0.527
12642.000000	190	195	0.669	0.550
12648.000000	190	195	0.629	0.570
12654.000000	195	190	0.599	0.589
12660.000000	195	190	0.641	0.533
12666.000000	195	190	0.688	0.442
12672.000000	195	77	0.749	0.324
12678.000000	195	77	0.791	0.329
12684.000000	195	77	0.817	0.322
12690.000000	195	77	0.838	0.333
12696.000000	195	77	0.842	0.350
12702.000000	195	77	0.846	0.362
12708.000000	195	77	0.847	0.364
12714.000000	195	77	0.848	0.369
12720.000000	195	78	0.850	0.374
12726.000000	195	78	0.847	0.393
12732.000000	195	78	0.848	0.403
12738.000000	195	78	0.851	0.414
12744.000000	195	78	0.852	0.426
12750.000000	195	78	0.849	0.428
12756.000000	195	78	0.847	0.430
12762.000000	195	78	0.850	0.434
12768.000000	195	78	0.852	0.438
12774.000000	195	78	0.848	0.444
12780.000000	195	78	0.846	0.445
12786.000000	195	78	0.846	0.444
12792.000000	195	78	0.844	0.449
12798.000000	195	78	0.842	0.450
12804.000000	195	78	0.842	0.455
12810.000000	195	78	0.846	0.454
12816.000000	195	78	0.848	0.453
12822.000000	195	78	0.848	0.463
12828.000000	195	78	0.850	0.466
12834.000000	195	78	0.851	0.479
12840.000000	195	78	0.849	0.488
12846.000000	195	78	0.845	0.497
12852.000000	195	78	0.839	0.505
12858.000000	195	78	0.837	0.511
12864.000000	195	78	0.836	0.518
12870.000000	195	78	0.834	0.521
12876.000000	195	78	0.834	0.526
12882.000000	195	78	0.833	0.534
12888.000000	195	78	0.835	0.532
12894.000000	195	78	0.832	0.532
12900.000000	195	78	0.827	0.535
12906.000000	195	78	0.822	0.534
12912.000000	195	78	0.817	0.531
12918.000000	195	78	0.814	0.529
12924.000000	195	78	0.815	0.521
12930.000000	195	78	0.813	0.517
12936.000000	195	78	0.807	0.519
12942.000000	195	78	0.804	0.515
12948.000000	195	78	0.797	0.509
12954.000000	195	78	0.786	0.508
12960.000000	195	78	0.779	0.509
12966.000000	195	78	0.770	0.504
12972.000000	195	78	0.760	0.493
12978.000000	195	78	0.747	0.480
12984.000000	195	78	0.734	0.468
12990.000000	195	78	0.720	0.446
12996.000000	195	78	0.705	0.423
13002.000000	195	78	0.689	0.390
13008.000000	195	78	0.670	0.352
13014.000000	195	78	0.643	0.315
13020.000000	195	78	0.600	0.276
13026.000000	195	78	0.539	0.229
13032.000000	195	78	0.451	0.179
13038.000000	195	22	0.343	0.158
13044.000000	195	22	0.204	0.154
13050.000000	22	194	0.150	0.130
13056.000000	22	194	0.152	0.131
13062.000000	22	194	0.161	0.138
13068.000000	22	194	0.176	0.147
13074.000000	22	194	0.190	0.162
13080.000000	22	194	0.207	0.183
13086.000000	22	194	0.226	0.198
13092.000000	22	133	0.239	0.230
13098.000000	133	22	0.273	0.257
13104.000000	133	22	0.314	0.275
13110.000000	133	22	0.359	0.289
13116.000000	133	100	0.397	0.308
13122.000000	133	100	0.431	0.322
13128.000000	133	100	0.456	0.333
13134.000000	133	100	0.471	0.348
13140.000000	133	100	0.479	0.361
13146.000000	133	100	0.485	0.370
13152.000000	133	100	0.490	0.379
13158.000000	133	100	0.496	0.381
13164.000000	133	100	0.504	0.382
13170.000000	133	100	0.509	0.386
13176.000000	133	100	0.513	0.392
13182.000000	133	100	0.520	0.398
13188.000000	133	100	0.532	0.402
13194.000000	133	100	0.543	0.405
13200.000000	133	100	0.549	0.407
13206.000000	133	100	0.552	0.413
13212.000000	133	100	0.556	0.418
13218.000000	133	100	0.558	0.418
13224.000000	133	100	0.573	0.412
13230.000000	133	100	0.585	0.403
13236.000000	133	100	0.599	0.395
13242.000000	133	100	0.614	0.386
13248.000000	133	100	0.627	0.375
13254.000000	133	100	0.634	0.367
13260.000000	133	194	0.639	0.365
13266.000000	133	63	0.654	0.370
13272.000000	133	63	0.671	0.370
13278.000000	133	63	0.687	0.381
13284.000000	133	63	0.712	0.396
13290.000000	133	63	0.740	0.404
13296.000000	133	63	0.767	0.408
13302.000000	133	63	0.789	0.415
13308.000000	133	63	0.806	0.420
13314.000000	133	63	0.819	0.419
13320.000000	133	63	0.828	0.418
13326.000000	133	63	0.837	0.421
13332.000000	133	63	0.848	0.432
13338.000000	133	63	0.851	0.447
13344.000000	133	63	0.853	0.459
13350.000000	133	63	0.857	0.467
13356.000000	133	63	0.870	0.470
13362.000000	133	63	0.878	0.473
13368.000000	133	63	0.889	0.474
13374.000000	133	63	0.902	0.480
13380.000000	133	63	0.909	0.488
13386.000000	133	63	0.918	0.495
13392.000000	133	63	0.927	0.500
13398.000000	133	63	0.928	0.504
13404.000000	133	63	0.928	0.510
13410.000000	133	63	0.927	0.520
13416.000000	133	63	0.927	0.526
13422.000000	133	63	0.924	0.528
13428.000000	133	63	0.925	0.529
13434.000000	133	63	0.925	0.532
13440.000000	133	63	0.923	0.538
13446.000000	133	63	0.926	0.536
13452.000000	133	63	0.924	0.535
13458.000000	133	63	0.923	0.532
13464.000000	133	63	0.923	0.528
13470.000000	133	63	0.923	0.525
13476.000000	133	63	0.922	0.519
13482.000000	133	63	0.921	0.517
13488.000000	133	63	0.920	0.513
13494.000000	133	63	0.920	0.502
13500.000000	133	63	0.922	0.490
13506.000000	133	63	0.922	0.479
13512.000000	133	63	0.921	0.468
13518.000000	133	63	0.920	0.458
13524.000000	133	63	0.921	0.444
13530.000000	133	63	0.925	0.428
13536.000000	133	63	0.927	0.398
13542.000000	133	63	0.929	0.354
13548.000000	133	171	0.931	0.307
13554.000000	133	171	0.933	0.335
13560.000000	133	171	0.935	0.360
13566.000000	133	171	0.941	0.386
13572.000000	133	171	0.945	0.425
13578.000000	133	171	0.945	0.475
13584.000000	133	171	0.943	0.535
13590.000000	133	171	0.941	0.598
13596.000000	133	171	0.939	0.657
13602.000000	133	171	0.933	0.701
13608.000000	133	171	0.930	0.726
13614.000000	133	171	0.919	0.754
13620.000000	133	171	0.908	0.770
13626.000000	133	171	0.894	0.783
13632.000000	133	171	0.881	0.795
13638.000000	133	171	0.871	0.805
13644.000000	133	171	0.858	0.822
13650.000000	133	171	0.842	0.834
13656.000000	171	133	0.857	0.813
13662.000000	171	133	0.869	0.782
13668.000000	171	133	0.881	0.748
13674.000000	171	133	0.896	0.702
13680.000000	171	133	0.912	0.642
13686.000000	171	133	0.931	0.550
13692.000000	171	133	0.955	0.404
13698.000000	171	133	0.971	0.215
13704.000000	171	188	0.979	0.091
13710.000000	171	188	0.980	0.094
13716.000000	171	188	0.980	0.092
13722.000000	171	188	0.980	0.089
13728.000000	171	188	0.980	0.087
13734.000000	171	188	0.981	0.088
13740.000000	171	188	0.982	0.087
13746.000000	171	188	0.982	0.084
13752.000000	171	188	0.982	0.082
13758.000000	171	104	0.982	0.084
13764.000000	171	104	0.981	0.084
13770.000000	171	104	0.981	0.082
13776.000000	171	104	0.979	0.080
13782.000000	171	104	0.978	0.079
13788.000000	171	104	0.978	0.080
13794.000000	171	104	0.977	0.080
13800.000000	171	104	0.977	0.078
13806.000000	171	104	0.977	0.075
13812.000000	171	104	0.977	0.075
13818.000000	171	104	0.976	0.074
13824.000000	171	104	0.976	0.072
13830.000000	171	104	0.975	0.070
13836.000000	171	182	0.975	0.068
13842.000000	171	182	0.974	0.071
13848.000000	171	131	0.974	0.073
13854.000000	171	131	0.973	0.078
13860.000000	171	131	0.973	0.083
13866.000000	171	131	0.973	0.086
13872.000000	171	131	0.973	0.088
13878.000000	171	131	0.972	0.092
13884.000000	171	131	0.971	0.097
13890.000000	171	131	0.969	0.099
13896.000000	171	131	0.969	0.099
13902.000000	171	131	0.968	0.098
13908.000000	171	131	0.968	0.098
13914.000000	171	131	0.967	0.097
13920.000000	171	131	0.967	0.096
13926.000000	171	131	0.965	0.097
13932.000000	171	131	0.962	0.095
13938.000000	171	131	0.959	0.092
13944.000000	171	131	0.960	0.091
13950.000000	171	131	0.960	0.090
13956.000000	171	118	0.960	0.089
13962.000000	171	118	0.960	0.090
13968.000000	171	118	0.960	0.089
13974.000000	171	37	0.959	0.090
13980.000000	171	118	0.958	0.088
13986.000000	171	118	0.956	0.091
13992.000000	171	118	0.955	0.093
13998.000000	171	118	0.953	0.093
14004.000000	171	118	0.950	0.092
14010.000000	171	118	0.948	0.089
14016.000000	171	118	0.947	0.085
14022.000000	171	118	0.947	0.082
14028.000000	171	118	0.947	0.084
14034.000000	171	118	0.946	0.082
14040.000000	171	118	0.946	0.080
14046.000000	171	112	0.946	0.082
14052.000000	171	112	0.946	0.084
14058.000000	171	112	0.944	0.086
14064.000000	171	112	0.944	0.088
14070.000000	171	112	0.943	0.090
14076.000000	171	112	0.941	0.093
14082.000000	171	112	0.940	0.095
14088.000000	171	112	0.939	0.098
14094.000000	171	112	0.938	0.099
14100.000000	171	112	0.938	0.096
14106.000000	171	193	0.938	0.093
14112.000000	171	193	0.939	0.097
14118.000000	171	193	0.939	0.099
14124.000000	171	193	0.938	0.103
14130.000000	171	193	0.934	0.106
14136.000000	171	193	0.930	0.108
14142.000000	171	193	0.926	0.107
14148.000000	171	193	0.924	0.104
14154.000000	171	193	0.920	0.101
14160.000000	171	193	0.916	0.099
14166.000000	171	193	0.912	0.097
14172.000000	171	193	0.909	0.093
14178.000000	171	193	0.907	0.089
14184.000000	171	193	0.905	0.085
14190.000000	171	193	0.901	0.082
14196.000000	171	193	0.899	0.081
14202.000000	171	193	0.898	0.082
14208.000000	171	193	0.896	0.082
14214.000000	171	193	0.894	0.082
14220.000000	171	193	0.894	0.080
14226.000000	171	193	0.889	0.077
14232.000000	171	193	0.882	0.073
14238.000000	171	133	0.874	0.068
14244.000000	171	133	0.868	0.068
14250.000000	171	133	0.863	0.068
14256.000000	171	133	0.857	0.067
14262.000000	171	133	0.850	0.068
14268.000000	171	133	0.843	0.070
14274.000000	171	133	0.832	0.071
14280.000000	171	133	0.814	0.071
14286.000000	171	133	0.793	0.073
14292.000000	171	133	0.767	0.074
14298.000000	171	133	0.728	0.075
14304.000000	171	133	0.662	0.072
14310.000000	171	133	0.545	0.064
14316.000000	171	133	0.318	0.047
14322.000000	171	57	0.070	0.029
14328.000000	57	73	0.022	0.021
14334.000000	172	73	0.020	0.017
14340.000000	172	73	0.020	0.011
14346.000000	172	104	0.019	0.009
14352.000000	172	73	0.016	0.008
14358.000000	172	73	0.013	0.008
14364.000000	172	73	0.012	0.008
14370.000000	172	73	0.012	0.007
14376.000000	172	28	0.011	0.007
14382.000000	172	28	0.008	0.007
