0.000000	125	102	0.000	0.000
6.000000	139	143	0.992	0.034
12.000000	139	143	0.992	0.036
18.000000	139	143	0.992	0.036
24.000000	139	39	0.991	0.039
30.000000	139	39	0.990	0.048
36.000000	139	39	0.989	0.061
42.000000	139	39	0.987	0.072
48.000000	139	39	0.985	0.082
54.000000	139	39	0.983	0.093
60.000000	139	39	0.981	0.107
66.000000	139	39	0.978	0.124
72.000000	139	39	0.974	0.150
78.000000	139	39	0.971	0.173
84.000000	139	39	0.968	0.198
90.000000	139	39	0.965	0.234
96.000000	139	39	0.960	0.280
102.000000	139	39	0.956	0.339
108.000000	139	39	0.951	0.402
114.000000	139	39	0.945	0.469
120.000000	139	39	0.941	0.516
126.000000	139	39	0.937	0.545
132.000000	139	39	0.933	0.560
138.000000	139	39	0.931	0.568
144.000000	139	39	0.929	0.577
150.000000	139	39	0.927	0.582
156.000000	139	39	0.925	0.585
162.000000	139	39	0.923	0.589
168.000000	139	39	0.920	0.591
174.000000	139	39	0.917	0.596
180.000000	139	39	0.916	0.598
186.000000	139	39	0.914	0.604
192.000000	139	39	0.910	0.613
198.000000	139	39	0.909	0.618
204.000000	139	39	0.905	0.627
210.000000	139	39	0.903	0.634
216.000000	139	39	0.903	0.636
222.000000	139	39	0.902	0.637
228.000000	139	39	0.900	0.638
234.000000	139	39	0.898	0.643
240.000000	139	39	0.897	0.647
246.000000	139	39	0.893	0.655
252.000000	139	39	0.887	0.662
258.000000	139	39	0.883	0.670
264.000000	139	39	0.876	0.684
270.000000	139	39	0.871	0.694
276.000000	139	39	0.861	0.708
282.000000	139	39	0.858	0.720
288.000000	139	39	0.848	0.739
294.000000	139	39	0.840	0.754
300.000000	139	39	0.834	0.762
306.000000	139	39	0.829	0.770
312.000000	139	39	0.813	0.786
318.000000	39	139	0.806	0.802
324.000000	39	139	0.821	0.792
330.000000	39	139	0.834	0.773
336.000000	39	139	0.844	0.757
342.000000	39	139	0.864	0.724
348.000000	39	139	0.877	0.696
354.000000	39	139	0.887	0.671
360.000000	39	139	0.898	0.641
366.000000	39	139	0.911	0.598
372.000000	39	139	0.918	0.553
378.000000	39	139	0.929	0.494
384.000000	39	139	0.938	0.417
390.000000	39	139	0.951	0.306
396.000000	39	139	0.956	0.184
402.000000	39	31	0.962	0.126
408.000000	39	31	0.962	0.130
414.000000	39	31	0.960	0.133
420.000000	39	31	0.956	0.133
426.000000	39	31	0.952	0.135
432.000000	39	31	0.949	0.143
438.000000	39	31	0.946	0.147
444.000000	39	120	0.943	0.158
450.000000	39	120	0.940	0.168
456.000000	39	120	0.937	0.178
462.000000	39	120	0.934	0.187
468.000000	39	120	0.931	0.193
474.000000	39	120	0.928	0.197
480.000000	39	120	0.922	0.204
486.000000	39	54	0.914	0.212
492.000000	39	54	0.909	0.222
498.000000	39	54	0.903	0.227
504.000000	39	54	0.894	0.231
510.000000	39	54	0.887	0.231
516.000000	39	54	0.881	0.229
522.000000	39	120	0.877	0.231
528.000000	39	120	0.873	0.236
534.000000	39	120	0.867	0.239
540.000000	39	54	0.861	0.241
546.000000	39	54	0.856	0.245
552.000000	39	54	0.848	0.251
558.000000	39	54	0.840	0.254
564.000000	39	54	0.830	0.262
570.000000	39	54	0.823	0.268
576.000000	39	54	0.815	0.272
582.000000	39	54	0.804	0.281
588.000000	39	54	0.793	0.296
594.000000	39	54	0.774	0.315
600.000000	39	54	0.750	0.325
606.000000	39	54	0.723	0.333
612.000000	39	54	0.692	0.349
618.000000	39	54	0.659	0.370
624.000000	39	54	0.630	0.383
630.000000	39	54	0.595	0.397
636.000000	39	54	0.534	0.422
642.000000	39	54	0.447	0.444
648.000000	54	95	0.467	0.428
654.000000	54	95	0.487	0.448
660.000000	54	95	0.507	0.466
666.000000	54	95	0.526	0.477
672.000000	54	95	0.534	0.488
678.000000	54	95	0.539	0.493
684.000000	54	95	0.539	0.506
690.000000	54	95	0.545	0.507
696.000000	54	95	0.551	0.510
702.000000	54	95	0.558	0.512
708.000000	54	95	0.567	0.514
714.000000	54	95	0.577	0.526
720.000000	54	95	0.585	0.539
726.000000	54	95	0.590	0.551
732.000000	54	95	0.599	0.568
738.000000	54	95	0.601	0.572
744.000000	54	95	0.604	0.579
750.000000	54	95	0.615	0.591
756.000000	54	95	0.620	0.597
762.000000	54	95	0.622	0.606
768.000000	54	95	0.628	0.624
774.000000	54	95	0.638	0.630
780.000000	54	95	0.649	0.642
786.000000	54	95	0.661	0.647
792.000000	54	95	0.677	0.660
798.000000	54	95	0.691	0.668
804.000000	54	95	0.695	0.677
810.000000	54	95	0.706	0.684
816.000000	54	95	0.715	0.692
822.000000	54	95	0.727	0.703
828.000000	54	95	0.737	0.709
834.000000	54	95	0.741	0.714
840.000000	54	95	0.743	0.722
846.000000	54	95	0.748	0.726
852.000000	54	95	0.750	0.728
858.000000	54	95	0.756	0.736
864.000000	54	95	0.759	0.743
870.000000	54	95	0.763	0.746
876.000000	54	95	0.770	0.745
882.000000	54	95	0.773	0.744
888.000000	54	95	0.780	0.746
894.000000	54	95	0.785	0.745
900.000000	54	95	0.791	0.742
906.000000	54	95	0.799	0.741
912.000000	54	95	0.798	0.741
918.000000	54	95	0.796	0.739
924.000000	54	95	0.797	0.733
930.000000	54	95	0.798	0.727
936.000000	54	95	0.802	0.725
942.000000	54	95	0.798	0.726
948.000000	54	95	0.792	0.724
954.000000	54	95	0.790	0.715
960.000000	54	95	0.785	0.709
966.000000	54	95	0.780	0.700
972.000000	54	95	0.775	0.694
978.000000	54	95	0.767	0.689
984.000000	54	95	0.760	0.683
990.000000	54	95	0.747	0.670
996.000000	54	95	0.738	0.656
1002.000000	54	95	0.718	0.650
1008.000000	54	95	0.696	0.643
1014.000000	54	95	0.678	0.629
1020.000000	54	95	0.661	0.610
1026.000000	54	95	0.635	0.593
1032.000000	54	95	0.613	0.568
1038.000000	54	95	0.586	0.544
1044.000000	54	95	0.548	0.522
1050.000000	54	95	0.504	0.489
1056.000000	54	95	0.450	0.434
1062.000000	54	95	0.392	0.377
1068.000000	127	95	0.317	0.317
1074.000000	127	65	0.352	0.308
1080.000000	127	65	0.388	0.339
1086.000000	127	65	0.413	0.367
1092.000000	127	65	0.426	0.390
1098.000000	127	65	0.437	0.405
1104.000000	127	65	0.449	0.419
1110.000000	127	65	0.468	0.428
1116.000000	127	65	0.487	0.431
1122.000000	127	65	0.503	0.441
1128.000000	127	65	0.515	0.445
1134.000000	127	65	0.522	0.448
1140.000000	127	65	0.535	0.448
1146.000000	127	65	0.548	0.446
1152.000000	127	65	0.552	0.448
1158.000000	127	65	0.560	0.453
1164.000000	127	65	0.566	0.456
1170.000000	127	65	0.571	0.460
1176.000000	127	65	0.579	0.460
1182.000000	127	65	0.582	0.464
1188.000000	127	65	0.593	0.468
1194.000000	127	65	0.598	0.472
1200.000000	127	65	0.603	0.481
1206.000000	127	65	0.614	0.492
1212.000000	127	65	0.621	0.494
1218.000000	127	65	0.633	0.499
1224.000000	127	65	0.651	0.501
1230.000000	127	65	0.666	0.514
1236.000000	127	65	0.681	0.528
1242.000000	127	65	0.691	0.548
1248.000000	127	65	0.702	0.566
1254.000000	127	65	0.712	0.573
1260.000000	127	65	0.717	0.585
1266.000000	127	65	0.725	0.593
1272.000000	127	65	0.734	0.596
1278.000000	127	65	0.739	0.600
1284.000000	127	65	0.742	0.610
1290.000000	127	65	0.747	0.616
1296.000000	127	65	0.751	0.619
1302.000000	127	65	0.766	0.624
1308.000000	127	65	0.776	0.636
1314.000000	127	65	0.785	0.649
1320.000000	127	65	0.793	0.666
1326.000000	127	65	0.792	0.681
1332.000000	127	65	0.790	0.691
1338.000000	127	65	0.787	0.699
1344.000000	127	65	0.792	0.704
1350.000000	127	65	0.794	0.708
1356.000000	127	65	0.795	0.709
1362.000000	127	65	0.795	0.712
1368.000000	127	65	0.800	0.712
1374.000000	127	65	0.802	0.710
1380.000000	127	65	0.803	0.708
1386.000000	127	65	0.803	0.706
1392.000000	127	65	0.806	0.704
1398.000000	127	65	0.806	0.701
1404.000000	127	65	0.802	0.701
1410.000000	127	65	0.799	0.701
1416.000000	127	65	0.802	0.699
1422.000000	127	65	0.804	0.696
1428.000000	127	65	0.807	0.687
1434.000000	127	65	0.807	0.677
1440.000000	127	65	0.809	0.664
1446.000000	127	65	0.805	0.652
1452.000000	127	65	0.801	0.638
1458.000000	127	65	0.799	0.624
1464.000000	127	65	0.797	0.610
1470.000000	127	65	0.804	0.590
1476.000000	127	65	0.804	0.576
1482.000000	127	65	0.808	0.559
1488.000000	127	65	0.810	0.534
1494.000000	127	65	0.807	0.500
1500.000000	127	65	0.802	0.465
1506.000000	127	65	0.801	0.415
1512.000000	127	65	0.806	0.335
1518.000000	127	65	0.810	0.237
1524.000000	127	65	0.813	0.149
1530.000000	127	190	0.817	0.149
1536.000000	127	190	0.822	0.168
1542.000000	127	190	0.824	0.183
1548.000000	127	190	0.825	0.189
1554.000000	127	190	0.822	0.199
1560.000000	127	190	0.820	0.214
1566.000000	127	190	0.816	0.227
1572.000000	127	190	0.812	0.238
1578.000000	127	190	0.807	0.248
1584.000000	127	190	0.798	0.257
1590.000000	127	190	0.784	0.267
1596.000000	127	190	0.768	0.273
1602.000000	127	190	0.743	0.283
1608.000000	127	190	0.726	0.285
1614.000000	127	190	0.703	0.288
1620.000000	127	190	0.681	0.293
1626.000000	127	190	0.651	0.298
1632.000000	127	190	0.609	0.304
1638.000000	127	190	0.550	0.318
1644.000000	127	190	0.477	0.331
1650.000000	127	190	0.385	0.346
1656.000000	190	40	0.364	0.299
1662.000000	190	40	0.400	0.310
1668.000000	190	40	0.438	0.316
1674.000000	190	40	0.474	0.327
1680.000000	190	40	0.501	0.332
1686.000000	190	40	0.517	0.339
1692.000000	190	40	0.533	0.341
1698.000000	190	40	0.543	0.345
1704.000000	190	40	0.553	0.356
1710.000000	190	40	0.564	0.359
1716.000000	190	40	0.572	0.366
1722.000000	190	40	0.575	0.374
1728.000000	190	40	0.583	0.382
1734.000000	190	40	0.586	0.385
1740.000000	190	40	0.592	0.394
1746.000000	190	40	0.605	0.400
1752.000000	190	40	0.618	0.403
1758.000000	190	40	0.625	0.404
1764.000000	190	40	0.640	0.411
1770.000000	190	40	0.649	0.418
1776.000000	190	40	0.674	0.428
1782.000000	190	40	0.688	0.438
1788.000000	190	40	0.699	0.442
1794.000000	190	40	0.714	0.444
1800.000000	190	40	0.732	0.451
1806.000000	190	40	0.743	0.458
1812.000000	190	40	0.748	0.461
1818.000000	190	40	0.753	0.460
1824.000000	190	40	0.761	0.459
1830.000000	190	40	0.766	0.461
1836.000000	190	40	0.775	0.459
1842.000000	190	40	0.778	0.459
1848.000000	190	40	0.778	0.459
1854.000000	190	40	0.777	0.461
1860.000000	190	40	0.779	0.459
1866.000000	190	40	0.786	0.456
1872.000000	190	40	0.795	0.447
1878.000000	190	40	0.804	0.436
1884.000000	190	40	0.803	0.435
1890.000000	190	40	0.808	0.433
1896.000000	190	40	0.810	0.427
1902.000000	190	40	0.810	0.421
1908.000000	190	40	0.810	0.406
1914.000000	190	40	0.811	0.393
1920.000000	190	40	0.811	0.383
1926.000000	190	47	0.810	0.383
1932.000000	190	47	0.815	0.406
1938.000000	190	47	0.820	0.430
1944.000000	190	47	0.821	0.460
1950.000000	190	47	0.817	0.478
1956.000000	190	47	0.817	0.500
1962.000000	190	47	0.819	0.520
1968.000000	190	47	0.822	0.538
1974.000000	190	47	0.817	0.566
1980.000000	190	47	0.817	0.579
1986.000000	190	47	0.813	0.589
1992.000000	190	47	0.804	0.605
1998.000000	190	47	0.793	0.625
2004.000000	190	47	0.788	0.643
2010.000000	190	47	0.775	0.666
2016.000000	190	47	0.756	0.690
2022.000000	190	47	0.746	0.702
2028.000000	190	47	0.734	0.720
2034.000000	47	190	0.739	0.724
2040.000000	47	190	0.761	0.713
2046.000000	47	190	0.779	0.692
2052.000000	47	190	0.795	0.670
2058.000000	47	190	0.811	0.641
2064.000000	47	190	0.824	0.601
2070.000000	47	190	0.836	0.552
2076.000000	47	190	0.845	0.493
2082.000000	47	190	0.859	0.412
2088.000000	47	23	0.870	0.375
2094.000000	47	23	0.882	0.405
2100.000000	47	23	0.898	0.431
2106.000000	47	23	0.902	0.458
2112.000000	47	23	0.903	0.491
2118.000000	47	23	0.902	0.521
2124.000000	47	23	0.901	0.542
2130.000000	47	23	0.898	0.551
2136.000000	47	23	0.901	0.556
2142.000000	47	23	0.902	0.560
2148.000000	47	23	0.899	0.566
2154.000000	47	23	0.896	0.570
2160.000000	47	23	0.893	0.571
2166.000000	47	23	0.890	0.572
2172.000000	47	23	0.883	0.580
2178.000000	47	23	0.881	0.585
2184.000000	47	23	0.876	0.587
2190.000000	47	23	0.872	0.590
2196.000000	47	23	0.870	0.591
2202.000000	47	23	0.869	0.593
2208.000000	47	23	0.868	0.597
2214.000000	47	23	0.868	0.599
2220.000000	47	23	0.866	0.600
2226.000000	47	23	0.860	0.602
2232.000000	47	23	0.852	0.607
2238.000000	47	23	0.847	0.609
2244.000000	47	23	0.843	0.610
2250.000000	47	23	0.836	0.610
2256.000000	47	23	0.833	0.608
2262.000000	47	23	0.829	0.604
2268.000000	47	23	0.825	0.603
2274.000000	47	23	0.816	0.609
2280.000000	47	23	0.803	0.623
2286.000000	47	23	0.799	0.621
2292.000000	47	23	0.795	0.619
2298.000000	47	23	0.787	0.621
2304.000000	47	23	0.779	0.623
2310.000000	47	23	0.763	0.632
2316.000000	47	23	0.744	0.642
2322.000000	47	23	0.723	0.653
2328.000000	47	23	0.699	0.664
2334.000000	47	23	0.673	0.672
2340.000000	23	47	0.675	0.646
2346.000000	23	47	0.679	0.609
2352.000000	23	47	0.689	0.552
2358.000000	23	47	0.712	0.455
2364.000000	23	47	0.745	0.353
2370.000000	23	35	0.789	0.330
2376.000000	23	35	0.819	0.351
2382.000000	23	29	0.840	0.380
2388.000000	23	29	0.839	0.426
2394.000000	23	29	0.838	0.466
2400.000000	23	29	0.840	0.481
2406.000000	23	29	0.838	0.499
2412.000000	23	29	0.836	0.529
2418.000000	23	29	0.835	0.549
2424.000000	23	29	0.832	0.562
2430.000000	23	29	0.826	0.571
2436.000000	23	29	0.822	0.579
2442.000000	23	29	0.819	0.587
2448.000000	23	29	0.808	0.595
2454.000000	23	29	0.797	0.602
2460.000000	23	29	0.785	0.614
2466.000000	23	29	0.777	0.626
2472.000000	23	29	0.769	0.641
2478.000000	23	29	0.758	0.650
2484.000000	23	29	0.748	0.654
2490.000000	23	29	0.732	0.662
2496.000000	23	29	0.711	0.671
2502.000000	23	29	0.686	0.686
2508.000000	29	23	0.692	0.668
2514.000000	29	23	0.700	0.644
2520.000000	29	23	0.724	0.601
2526.000000	29	23	0.743	0.555
2532.000000	29	23	0.766	0.497
2538.000000	29	35	0.798	0.430
2544.000000	29	35	0.825	0.425
2550.000000	29	35	0.837	0.432
2556.000000	29	35	0.858	0.426
2562.000000	29	35	0.878	0.410
2568.000000	29	35	0.887	0.394
2574.000000	29	35	0.895	0.377
2580.000000	29	35	0.909	0.366
2586.000000	29	35	0.913	0.361
2592.000000	29	35	0.917	0.348
2598.000000	29	35	0.918	0.333
2604.000000	29	35	0.916	0.317
2610.000000	29	35	0.915	0.294
2616.000000	29	35	0.917	0.271
2622.000000	29	4	0.918	0.279
2628.000000	29	4	0.918	0.288
2634.000000	29	4	0.920	0.291
2640.000000	29	4	0.921	0.294
2646.000000	29	4	0.919	0.300
2652.000000	29	4	0.917	0.307
2658.000000	29	4	0.916	0.316
2664.000000	29	4	0.913	0.325
2670.000000	29	4	0.909	0.328
2676.000000	29	4	0.905	0.332
2682.000000	29	4	0.903	0.334
2688.000000	29	4	0.901	0.336
2694.000000	29	4	0.898	0.337
2700.000000	29	4	0.894	0.341
2706.000000	29	4	0.892	0.339
2712.000000	29	4	0.888	0.337
2718.000000	29	4	0.878	0.343
2724.000000	29	4	0.870	0.340
2730.000000	29	4	0.861	0.343
2736.000000	29	4	0.855	0.346
2742.000000	29	4	0.848	0.342
2748.000000	29	4	0.840	0.333
2754.000000	29	4	0.832	0.329
2760.000000	29	4	0.825	0.319
2766.000000	29	167	0.815	0.333
2772.000000	29	167	0.806	0.357
2778.000000	29	167	0.797	0.378
2784.000000	29	167	0.787	0.400
2790.000000	29	167	0.779	0.418
2796.000000	29	167	0.767	0.438
2802.000000	29	167	0.749	0.468
2808.000000	29	167	0.727	0.494
2814.000000	29	167	0.699	0.521
2820.000000	29	167	0.670	0.543
2826.000000	29	167	0.635	0.572
2832.000000	167	29	0.595	0.588
2838.000000	167	29	0.620	0.513
2844.000000	167	29	0.658	0.428
2850.000000	167	29	0.697	0.317
2856.000000	167	57	0.748	0.247
2862.000000	167	57	0.787	0.236
2868.000000	167	57	0.820	0.219
2874.000000	167	39	0.826	0.210
2880.000000	167	39	0.830	0.212
2886.000000	167	39	0.830	0.211
2892.000000	167	39	0.831	0.208
2898.000000	167	107	0.845	0.210
2904.000000	167	107	0.852	0.216
2910.000000	167	107	0.857	0.219
2916.000000	167	107	0.863	0.224
2922.000000	167	107	0.875	0.226
2928.000000	167	107	0.876	0.231
2934.000000	167	169	0.874	0.234
2940.000000	167	169	0.874	0.238
2946.000000	167	169	0.873	0.238
2952.000000	167	169	0.872	0.240
2958.000000	167	169	0.871	0.249
2964.000000	167	169	0.868	0.256
2970.000000	167	169	0.866	0.268
2976.000000	167	169	0.866	0.277
2982.000000	167	169	0.869	0.286
2988.000000	167	169	0.869	0.290
2994.000000	167	169	0.869	0.292
3000.000000	167	169	0.865	0.291
3006.000000	167	169	0.864	0.293
3012.000000	167	169	0.861	0.304
3018.000000	167	169	0.862	0.309
3024.000000	167	169	0.863	0.315
3030.000000	167	169	0.865	0.324
3036.000000	167	169	0.861	0.329
3042.000000	167	169	0.859	0.327
3048.000000	167	169	0.860	0.328
3054.000000	167	169	0.860	0.329
3060.000000	167	169	0.858	0.330
3066.000000	167	169	0.857	0.337
3072.000000	167	169	0.859	0.346
3078.000000	167	169	0.862	0.359
3084.000000	167	169	0.860	0.371
3090.000000	167	169	0.858	0.370
3096.000000	167	169	0.858	0.372
3102.000000	167	169	0.859	0.384
3108.000000	167	169	0.858	0.395
3114.000000	167	169	0.857	0.400
3120.000000	167	169	0.853	0.404
3126.000000	167	169	0.848	0.413
3132.000000	167	169	0.840	0.422
3138.000000	167	169	0.833	0.437
3144.000000	167	169	0.827	0.451
3150.000000	167	169	0.815	0.466
3156.000000	167	169	0.800	0.475
3162.000000	167	169	0.784	0.485
3168.000000	167	169	0.774	0.492
3174.000000	167	169	0.762	0.502
3180.000000	167	169	0.751	0.518
3186.000000	167	169	0.733	0.537
3192.000000	167	169	0.709	0.553
3198.000000	167	169	0.677	0.567
3204.000000	167	169	0.631	0.590
3210.000000	169	167	0.611	0.593
3216.000000	169	167	0.636	0.535
3222.000000	169	167	0.651	0.447
3228.000000	169	167	0.670	0.324
3234.000000	169	157	0.707	0.271
3240.000000	169	157	0.752	0.283
3246.000000	169	157	0.775	0.297
3252.000000	169	157	0.792	0.306
3258.000000	169	157	0.795	0.309
3264.000000	169	157	0.798	0.315
3270.000000	169	157	0.798	0.320
3276.000000	169	157	0.800	0.321
3282.000000	169	157	0.803	0.328
3288.000000	169	157	0.806	0.340
3294.000000	169	157	0.808	0.341
3300.000000	169	157	0.808	0.345
3306.000000	169	157	0.809	0.352
3312.000000	169	157	0.809	0.358
3318.000000	169	157	0.809	0.360
3324.000000	169	157	0.809	0.357
3330.000000	169	157	0.811	0.353
3336.000000	169	157	0.813	0.351
3342.000000	169	157	0.813	0.347
3348.000000	169	157	0.810	0.345
3354.000000	169	157	0.812	0.343
3360.000000	169	157	0.813	0.342
3366.000000	169	157	0.814	0.336
3372.000000	169	157	0.814	0.334
3378.000000	169	157	0.819	0.334
3384.000000	169	157	0.819	0.330
3390.000000	169	145	0.816	0.321
3396.000000	169	145	0.812	0.329
3402.000000	169	145	0.812	0.336
3408.000000	169	145	0.817	0.342
3414.000000	169	145	0.820	0.357
3420.000000	169	145	0.820	0.373
3426.000000	169	145	0.820	0.389
3432.000000	169	145	0.820	0.406
3438.000000	169	145	0.817	0.435
3444.000000	169	145	0.808	0.467
3450.000000	169	145	0.801	0.491
3456.000000	169	145	0.791	0.514
3462.000000	169	145	0.784	0.540
3468.000000	169	145	0.773	0.566
3474.000000	169	145	0.748	0.601
3480.000000	169	145	0.731	0.633
3486.000000	169	145	0.710	0.666
3492.000000	145	169	0.705	0.680
3498.000000	145	169	0.750	0.639
3504.000000	145	169	0.776	0.592
3510.000000	145	169	0.827	0.529
3516.000000	145	169	0.861	0.473
3522.000000	145	169	0.882	0.395
3528.000000	145	169	0.910	0.295
3534.000000	145	51	0.921	0.221
3540.000000	145	51	0.931	0.208
3546.000000	145	51	0.938	0.195
3552.000000	145	51	0.941	0.189
3558.000000	145	51	0.941	0.177
3564.000000	145	51	0.940	0.160
3570.000000	145	51	0.938	0.146
3576.000000	145	51	0.936	0.136
3582.000000	145	143	0.937	0.127
3588.000000	145	143	0.935	0.128
3594.000000	145	143	0.933	0.131
3600.000000	145	143	0.932	0.133
3606.000000	145	143	0.933	0.131
3612.000000	145	143	0.930	0.127
3618.000000	145	143	0.929	0.121
3624.000000	145	162	0.929	0.125
3630.000000	145	162	0.928	0.129
3636.000000	145	162	0.927	0.130
3642.000000	145	162	0.926	0.130
3648.000000	145	162	0.924	0.133
3654.000000	145	162	0.922	0.135
3660.000000	145	162	0.919	0.134
3666.000000	145	162	0.915	0.137
3672.000000	145	162	0.911	0.144
3678.000000	145	162	0.906	0.151
3684.000000	145	162	0.904	0.153
3690.000000	145	162	0.901	0.159
3696.000000	145	162	0.897	0.162
3702.000000	145	162	0.895	0.162
3708.000000	145	162	0.893	0.164
3714.000000	145	162	0.885	0.165
3720.000000	145	16	0.880	0.171
3726.000000	145	16	0.877	0.185
3732.000000	145	16	0.874	0.192
3738.000000	145	16	0.872	0.198
3744.000000	145	16	0.868	0.199
3750.000000	145	16	0.863	0.200
3756.000000	145	16	0.859	0.204
3762.000000	145	159	0.850	0.216
3768.000000	145	159	0.843	0.230
3774.000000	145	159	0.838	0.234
3780.000000	145	159	0.830	0.242
3786.000000	145	159	0.817	0.255
3792.000000	145	159	0.811	0.263
3798.000000	145	159	0.807	0.269
3804.000000	145	159	0.800	0.280
3810.000000	145	159	0.794	0.295
3816.000000	145	159	0.788	0.308
3822.000000	145	159	0.780	0.331
3828.000000	145	159	0.771	0.352
3834.000000	145	159	0.751	0.373
3840.000000	145	159	0.727	0.393
3846.000000	145	159	0.703	0.409
3852.000000	145	159	0.670	0.426
3858.000000	145	159	0.637	0.445
3864.000000	145	159	0.591	0.479
3870.000000	159	145	0.522	0.520
3876.000000	159	145	0.565	0.426
3882.000000	159	145	0.620	0.298
3888.000000	159	16	0.672	0.296
3894.000000	159	16	0.719	0.294
3900.000000	159	16	0.760	0.274
3906.000000	159	16	0.780	0.269
3912.000000	159	16	0.804	0.264
3918.000000	159	16	0.819	0.262
3924.000000	159	164	0.833	0.251
3930.000000	159	164	0.841	0.260
3936.000000	159	164	0.845	0.272
3942.000000	159	164	0.847	0.285
3948.000000	159	164	0.851	0.292
3954.000000	159	164	0.850	0.299
3960.000000	159	164	0.850	0.303
3966.000000	159	164	0.851	0.303
3972.000000	159	164	0.855	0.300
3978.000000	159	164	0.855	0.298
3984.000000	159	164	0.856	0.293
3990.000000	159	164	0.854	0.288
3996.000000	159	164	0.858	0.285
4002.000000	159	164	0.862	0.286
4008.000000	159	164	0.867	0.288
4014.000000	159	164	0.870	0.287
4020.000000	159	164	0.871	0.286
4026.000000	159	164	0.871	0.282
4032.000000	159	164	0.872	0.273
4038.000000	159	164	0.873	0.264
4044.000000	159	164	0.876	0.251
4050.000000	159	164	0.878	0.236
4056.000000	159	164	0.881	0.222
4062.000000	159	195	0.881	0.215
4068.000000	159	195	0.881	0.215
4074.000000	159	195	0.882	0.215
4080.000000	159	195	0.884	0.220
4086.000000	159	195	0.885	0.222
4092.000000	159	195	0.886	0.220
4098.000000	159	195	0.888	0.221
4104.000000	159	195	0.890	0.225
4110.000000	159	195	0.892	0.226
4116.000000	159	195	0.892	0.230
4122.000000	159	195	0.891	0.234
4128.000000	159	195	0.888	0.238
4134.000000	159	195	0.884	0.247
4140.000000	159	195	0.879	0.253
4146.000000	159	195	0.877	0.248
4152.000000	159	195	0.874	0.250
4158.000000	159	44	0.866	0.254
4164.000000	159	44	0.860	0.257
4170.000000	159	44	0.856	0.260
4176.000000	159	44	0.851	0.268
4182.000000	159	44	0.844	0.280
4188.000000	159	44	0.834	0.295
4194.000000	159	44	0.821	0.312
4200.000000	159	44	0.810	0.333
4206.000000	159	44	0.801	0.350
4212.000000	159	44	0.793	0.362
4218.000000	159	44	0.780	0.379
4224.000000	159	44	0.770	0.411
4230.000000	159	44	0.757	0.431
4236.000000	159	44	0.742	0.453
4242.000000	159	44	0.727	0.476
4248.000000	159	44	0.707	0.504
4254.000000	159	44	0.679	0.536
4260.000000	159	44	0.640	0.572
4266.000000	44	159	0.609	0.597
4272.000000	44	159	0.658	0.525
4278.000000	44	159	0.718	0.416
4284.000000	44	159	0.781	0.281
4290.000000	44	122	0.838	0.194
4296.000000	44	122	0.858	0.175
4302.000000	44	122	0.873	0.156
4308.000000	44	122	0.893	0.133
4314.000000	44	83	0.910	0.112
4320.000000	44	83	0.915	0.115
4326.000000	44	83	0.913	0.118
4332.000000	44	83	0.915	0.120
4338.000000	44	83	0.917	0.117
4344.000000	44	63	0.920	0.117
4350.000000	44	63	0.924	0.130
4356.000000	44	63	0.927	0.140
4362.000000	44	63	0.927	0.151
4368.000000	44	63	0.926	0.161
4374.000000	44	63	0.925	0.171
4380.000000	44	63	0.927	0.178
4386.000000	44	63	0.926	0.191
4392.000000	44	63	0.927	0.208
4398.000000	44	63	0.927	0.226
4404.000000	44	63	0.926	0.237
4410.000000	44	63	0.925	0.248
4416.000000	44	63	0.923	0.256
4422.000000	44	63	0.923	0.262
4428.000000	44	63	0.922	0.272
4434.000000	44	63	0.921	0.283
4440.000000	44	63	0.921	0.294
4446.000000	44	63	0.920	0.307
4452.000000	44	63	0.916	0.320
4458.000000	44	63	0.915	0.328
4464.000000	44	63	0.914	0.340
4470.000000	44	63	0.912	0.355
4476.000000	44	63	0.911	0.362
4482.000000	44	63	0.910	0.370
4488.000000	44	63	0.906	0.379
4494.000000	44	63	0.901	0.389
4500.000000	44	63	0.898	0.400
4506.000000	44	63	0.897	0.410
4512.000000	44	63	0.897	0.421
4518.000000	44	63	0.898	0.429
4524.000000	44	63	0.899	0.438
4530.000000	44	63	0.897	0.454
4536.000000	44	63	0.894	0.471
4542.000000	44	63	0.894	0.487
4548.000000	44	63	0.893	0.507
4554.000000	44	63	0.892	0.522
4560.000000	44	63	0.891	0.535
4566.000000	44	63	0.891	0.555
4572.000000	44	63	0.890	0.578
4578.000000	44	63	0.882	0.603
4584.000000	44	63	0.878	0.621
4590.000000	44	63	0.871	0.637
4596.000000	44	63	0.863	0.655
4602.000000	44	63	0.852	0.675
4608.000000	44	63	0.840	0.698
4614.000000	44	63	0.835	0.713
4620.000000	44	63	0.828	0.730
4626.000000	44	63	0.820	0.749
4632.000000	44	63	0.804	0.771
4638.000000	63	44	0.789	0.783
4644.000000	63	44	0.812	0.756
4650.000000	63	44	0.832	0.730
4656.000000	63	44	0.852	0.697
4662.000000	63	44	0.874	0.660
4668.000000	63	44	0.903	0.596
4674.000000	63	44	0.920	0.528
4680.000000	63	44	0.931	0.422
4686.000000	63	44	0.949	0.263
4692.000000	63	56	0.963	0.129
4698.000000	63	56	0.965	0.120
4704.000000	63	56	0.963	0.118
4710.000000	63	56	0.964	0.110
4716.000000	63	56	0.963	0.108
4722.000000	63	186	0.961	0.108
4728.000000	63	186	0.960	0.106
4734.000000	63	186	0.958	0.107
4740.000000	63	152	0.956	0.112
4746.000000	63	152	0.954	0.122
4752.000000	63	152	0.953	0.129
4758.000000	63	152	0.951	0.139
4764.000000	63	152	0.949	0.151
4770.000000	63	152	0.946	0.158
4776.000000	63	152	0.942	0.170
4782.000000	63	152	0.940	0.182
4788.000000	63	152	0.937	0.193
4794.000000	63	152	0.934	0.202
4800.000000	63	152	0.931	0.208
4806.000000	63	152	0.927	0.215
4812.000000	63	152	0.923	0.225
4818.000000	63	152	0.919	0.236
4824.000000	63	152	0.916	0.248
4830.000000	63	152	0.912	0.263
4836.000000	63	152	0.909	0.275
4842.000000	63	152	0.906	0.280
4848.000000	63	152	0.903	0.290
4854.000000	63	152	0.900	0.305
4860.000000	63	152	0.894	0.317
4866.000000	63	152	0.889	0.324
4872.000000	63	152	0.884	0.334
4878.000000	63	152	0.878	0.346
4884.000000	63	152	0.875	0.356
4890.000000	63	152	0.873	0.361
4896.000000	63	152	0.868	0.370
4902.000000	63	152	0.863	0.385
4908.000000	63	152	0.861	0.393
4914.000000	63	152	0.857	0.397
4920.000000	63	152	0.849	0.404
4926.000000	63	152	0.845	0.412
4932.000000	63	152	0.843	0.416
4938.000000	63	152	0.840	0.426
4944.000000	63	152	0.835	0.436
4950.000000	63	152	0.823	0.451
4956.000000	63	152	0.811	0.460
4962.000000	63	152	0.803	0.471
4968.000000	63	152	0.784	0.479
4974.000000	63	152	0.762	0.484
4980.000000	63	186	0.746	0.506
4986.000000	63	186	0.726	0.530
4992.000000	63	186	0.693	0.551
4998.000000	63	186	0.653	0.565
5004.000000	63	186	0.596	0.583
5010.000000	186	152	0.603	0.556
5016.000000	186	152	0.636	0.577
5022.000000	186	152	0.678	0.588
5028.000000	186	152	0.717	0.600
5034.000000	186	152	0.743	0.614
5040.000000	186	152	0.754	0.618
5046.000000	186	152	0.766	0.622
5052.000000	186	152	0.774	0.619
5058.000000	186	152	0.776	0.615
5064.000000	186	152	0.778	0.609
5070.000000	186	152	0.781	0.604
5076.000000	186	152	0.788	0.594
5082.000000	186	152	0.795	0.586
5088.000000	186	152	0.802	0.578
5094.000000	186	152	0.814	0.569
5100.000000	186	152	0.820	0.555
5106.000000	186	152	0.832	0.537
5112.000000	186	152	0.841	0.526
5118.000000	186	152	0.845	0.505
5124.000000	186	152	0.855	0.476
5130.000000	186	152	0.859	0.447
5136.000000	186	152	0.875	0.410
5142.000000	186	152	0.881	0.383
5148.000000	186	152	0.887	0.351
5154.000000	186	152	0.895	0.309
5160.000000	186	194	0.899	0.270
5166.000000	186	194	0.901	0.260
5172.000000	186	194	0.908	0.252
5178.000000	186	194	0.911	0.246
5184.000000	186	194	0.916	0.243
5190.000000	186	194	0.923	0.229
5196.000000	186	194	0.922	0.221
5202.000000	186	194	0.919	0.217
5208.000000	186	194	0.914	0.215
5214.000000	186	194	0.911	0.217
5220.000000	186	194	0.908	0.213
5226.000000	186	180	0.901	0.220
5232.000000	186	180	0.895	0.233
5238.000000	186	180	0.892	0.248
5244.000000	186	180	0.888	0.262
5250.000000	186	180	0.883	0.278
5256.000000	186	180	0.878	0.294
5262.000000	186	180	0.876	0.305
5268.000000	186	180	0.875	0.314
5274.000000	186	180	0.873	0.326
5280.000000	186	180	0.871	0.345
5286.000000	186	180	0.867	0.357
5292.000000	186	180	0.863	0.366
5298.000000	186	180	0.858	0.376
5304.000000	186	180	0.851	0.388
5310.000000	186	180	0.842	0.404
5316.000000	186	180	0.829	0.423
5322.000000	186	180	0.816	0.444
5328.000000	186	180	0.802	0.467
5334.000000	186	180	0.791	0.489
5340.000000	186	180	0.769	0.512
5346.000000	186	180	0.742	0.536
5352.000000	186	180	0.718	0.554
5358.000000	186	180	0.691	0.569
5364.000000	186	180	0.650	0.590
5370.000000	180	186	0.641	0.583
5376.000000	180	186	0.673	0.504
5382.000000	180	142	0.705	0.519
5388.000000	180	142	0.722	0.552
5394.000000	180	142	0.752	0.582
5400.000000	180	142	0.801	0.613
5406.000000	180	142	0.839	0.637
5412.000000	180	142	0.863	0.654
5418.000000	180	142	0.873	0.670
5424.000000	180	142	0.873	0.681
5430.000000	180	142	0.876	0.686
5436.000000	180	142	0.875	0.697
5442.000000	180	142	0.873	0.707
5448.000000	180	142	0.871	0.719
5454.000000	180	142	0.874	0.730
5460.000000	180	142	0.875	0.733
5466.000000	180	142	0.877	0.733
5472.000000	180	142	0.879	0.734
5478.000000	180	142	0.880	0.734
5484.000000	180	142	0.879	0.733
5490.000000	180	142	0.878	0.736
5496.000000	180	142	0.877	0.735
5502.000000	180	142	0.875	0.733
5508.000000	180	142	0.875	0.734
5514.000000	180	142	0.875	0.737
5520.000000	180	142	0.875	0.740
5526.000000	180	142	0.873	0.739
5532.000000	180	142	0.871	0.739
5538.000000	180	142	0.869	0.738
5544.000000	180	142	0.869	0.737
5550.000000	180	142	0.868	0.736
5556.000000	180	142	0.867	0.735
5562.000000	180	142	0.865	0.735
5568.000000	180	142	0.860	0.741
5574.000000	180	142	0.857	0.743
5580.000000	180	142	0.855	0.741
5586.000000	180	142	0.854	0.739
5592.000000	180	142	0.858	0.734
5598.000000	180	142	0.858	0.732
5604.000000	180	142	0.860	0.721
5610.000000	180	142	0.858	0.712
5616.000000	180	142	0.853	0.710
5622.000000	180	142	0.851	0.707
5628.000000	180	142	0.851	0.700
5634.000000	180	142	0.849	0.689
5640.000000	180	142	0.845	0.680
5646.000000	180	142	0.842	0.673
5652.000000	180	142	0.836	0.668
5658.000000	180	142	0.835	0.649
5664.000000	180	142	0.829	0.626
5670.000000	180	142	0.822	0.611
5676.000000	180	142	0.811	0.599
5682.000000	180	142	0.803	0.576
5688.000000	180	142	0.801	0.531
5694.000000	180	142	0.798	0.483
5700.000000	180	142	0.792	0.427
5706.000000	180	142	0.786	0.342
5712.000000	180	142	0.781	0.232
5718.000000	180	89	0.766	0.229
5724.000000	180	89	0.759	0.237
5730.000000	180	89	0.751	0.251
5736.000000	180	89	0.731	0.269
5742.000000	180	89	0.709	0.281
5748.000000	180	89	0.674	0.288
5754.000000	180	89	0.645	0.303
5760.000000	180	89	0.610	0.326
5766.000000	180	89	0.558	0.344
5772.000000	180	89	0.492	0.368
5778.000000	89	180	0.415	0.397
5784.000000	89	180	0.456	0.271
5790.000000	89	71	0.508	0.244
5796.000000	89	71	0.563	0.272
5802.000000	89	71	0.591	0.305
5808.000000	89	71	0.611	0.326
5814.000000	89	71	0.625	0.349
5820.000000	89	71	0.633	0.365
5826.000000	89	71	0.638	0.384
5832.000000	89	71	0.646	0.404
5838.000000	89	71	0.645	0.427
5844.000000	89	71	0.651	0.439
5850.000000	89	71	0.659	0.455
5856.000000	89	71	0.659	0.467
5862.000000	89	71	0.661	0.477
5868.000000	89	71	0.663	0.485
5874.000000	89	71	0.666	0.495
5880.000000	89	71	0.671	0.507
5886.000000	89	71	0.672	0.517
5892.000000	89	71	0.676	0.536
5898.000000	89	71	0.683	0.546
5904.000000	89	71	0.689	0.558
5910.000000	89	71	0.698	0.569
5916.000000	89	71	0.708	0.580
5922.000000	89	71	0.718	0.588
5928.000000	89	71	0.720	0.592
5934.000000	89	71	0.723	0.603
5940.000000	89	71	0.723	0.613
5946.000000	89	71	0.723	0.625
5952.000000	89	71	0.728	0.635
5958.000000	89	71	0.735	0.653
5964.000000	89	71	0.741	0.665
5970.000000	89	71	0.749	0.674
5976.000000	89	71	0.755	0.685
5982.000000	89	71	0.761	0.692
5988.000000	89	71	0.759	0.698
5994.000000	89	71	0.762	0.699
6000.000000	89	71	0.767	0.701
6006.000000	89	71	0.767	0.707
6012.000000	89	71	0.766	0.722
6018.000000	89	71	0.774	0.727
6024.000000	89	71	0.774	0.733
6030.000000	89	71	0.778	0.735
6036.000000	89	71	0.779	0.737
6042.000000	89	71	0.780	0.736
6048.000000	89	71	0.781	0.738
6054.000000	89	71	0.778	0.744
6060.000000	89	71	0.777	0.744
6066.000000	89	71	0.776	0.742
6072.000000	89	71	0.768	0.744
6078.000000	89	71	0.758	0.746
6084.000000	71	89	0.752	0.743
6090.000000	71	89	0.756	0.731
6096.000000	71	89	0.755	0.726
6102.000000	71	89	0.758	0.713
6108.000000	71	89	0.758	0.697
6114.000000	71	89	0.756	0.679
6120.000000	71	89	0.754	0.657
6126.000000	71	89	0.758	0.619
6132.000000	71	89	0.778	0.557
6138.000000	71	89	0.795	0.493
6144.000000	71	63	0.804	0.422
6150.000000	71	63	0.812	0.441
6156.000000	71	63	0.816	0.461
6162.000000	71	63	0.830	0.480
6168.000000	71	63	0.842	0.500
6174.000000	71	63	0.851	0.527
6180.000000	71	63	0.855	0.545
6186.000000	71	63	0.856	0.555
6192.000000	71	63	0.855	0.568
6198.000000	71	63	0.852	0.585
6204.000000	71	63	0.856	0.591
6210.000000	71	63	0.857	0.598
6216.000000	71	63	0.852	0.605
6222.000000	71	63	0.846	0.612
6228.000000	71	63	0.840	0.615
6234.000000	71	63	0.831	0.622
6240.000000	71	63	0.820	0.636
6246.000000	71	63	0.809	0.642
6252.000000	71	63	0.794	0.655
6258.000000	71	63	0.778	0.664
6264.000000	71	63	0.762	0.666
6270.000000	71	63	0.750	0.670
6276.000000	71	63	0.731	0.679
6282.000000	71	63	0.704	0.691
6288.000000	63	71	0.702	0.677
6294.000000	63	71	0.711	0.642
6300.000000	63	71	0.725	0.600
6306.000000	63	71	0.735	0.562
6312.000000	63	71	0.752	0.489
6318.000000	63	71	0.778	0.400
6324.000000	63	71	0.797	0.297
6330.000000	63	71	0.816	0.217
6336.000000	63	69	0.833	0.217
6342.000000	63	69	0.851	0.232
6348.000000	63	69	0.861	0.241
6354.000000	63	69	0.870	0.250
6360.000000	63	69	0.870	0.262
6366.000000	63	39	0.872	0.274
6372.000000	63	39	0.872	0.294
6378.000000	63	39	0.868	0.309
6384.000000	63	39	0.861	0.322
6390.000000	63	39	0.857	0.336
6396.000000	63	39	0.854	0.354
6402.000000	63	39	0.852	0.369
6408.000000	63	39	0.849	0.381
6414.000000	63	39	0.848	0.394
6420.000000	63	39	0.849	0.407
6426.000000	63	39	0.848	0.420
6432.000000	63	39	0.846	0.427
6438.000000	63	39	0.844	0.437
6444.000000	63	39	0.841	0.453
6450.000000	63	39	0.840	0.466
6456.000000	63	39	0.836	0.482
6462.000000	63	39	0.833	0.500
6468.000000	63	39	0.830	0.513
6474.000000	63	39	0.831	0.525
6480.000000	63	39	0.826	0.542
6486.000000	63	39	0.823	0.562
6492.000000	63	39	0.822	0.584
6498.000000	63	39	0.821	0.603
6504.000000	63	39	0.821	0.621
6510.000000	63	39	0.818	0.633
6516.000000	63	39	0.808	0.649
6522.000000	63	39	0.795	0.666
6528.000000	63	39	0.786	0.683
6534.000000	63	39	0.783	0.698
6540.000000	63	39	0.776	0.713
6546.000000	63	39	0.760	0.734
6552.000000	39	63	0.755	0.748
6558.000000	39	63	0.777	0.735
6564.000000	39	63	0.794	0.716
6570.000000	39	63	0.814	0.691
6576.000000	39	63	0.835	0.666
6582.000000	39	63	0.856	0.633
6588.000000	39	63	0.872	0.592
6594.000000	39	63	0.889	0.530
6600.000000	39	63	0.907	0.442
6606.000000	39	63	0.915	0.348
6612.000000	39	63	0.927	0.224
6618.000000	39	170	0.941	0.153
6624.000000	39	170	0.945	0.155
6630.000000	39	95	0.944	0.157
6636.000000	39	95	0.942	0.169
6642.000000	39	95	0.940	0.182
6648.000000	39	95	0.938	0.197
6654.000000	39	95	0.935	0.207
6660.000000	39	95	0.932	0.218
6666.000000	39	95	0.928	0.233
6672.000000	39	95	0.925	0.249
6678.000000	39	95	0.921	0.261
6684.000000	39	95	0.917	0.270
6690.000000	39	95	0.914	0.278
6696.000000	39	95	0.911	0.287
6702.000000	39	95	0.906	0.298
6708.000000	39	95	0.903	0.310
6714.000000	39	95	0.901	0.323
6720.000000	39	95	0.897	0.334
6726.000000	39	95	0.889	0.347
6732.000000	39	95	0.887	0.362
6738.000000	39	95	0.886	0.381
6744.000000	39	95	0.884	0.396
6750.000000	39	95	0.883	0.412
6756.000000	39	95	0.878	0.418
6762.000000	39	95	0.872	0.423
6768.000000	39	95	0.866	0.425
6774.000000	39	95	0.855	0.433
6780.000000	39	95	0.847	0.443
6786.000000	39	95	0.839	0.459
6792.000000	39	95	0.832	0.470
6798.000000	39	95	0.814	0.486
6804.000000	39	95	0.802	0.504
6810.000000	39	95	0.790	0.522
6816.000000	39	95	0.772	0.541
6822.000000	39	95	0.758	0.554
6828.000000	39	95	0.742	0.570
6834.000000	39	95	0.727	0.599
6840.000000	39	95	0.708	0.624
6846.000000	39	95	0.682	0.655
6852.000000	95	39	0.681	0.648
6858.000000	95	39	0.706	0.599
6864.000000	95	39	0.735	0.543
6870.000000	95	39	0.768	0.470
6876.000000	95	39	0.815	0.357
6882.000000	95	120	0.842	0.344
6888.000000	95	120	0.883	0.350
6894.000000	95	120	0.906	0.357
6900.000000	95	120	0.913	0.367
6906.000000	95	120	0.914	0.378
6912.000000	95	120	0.918	0.387
6918.000000	95	120	0.914	0.399
6924.000000	95	120	0.912	0.407
6930.000000	95	120	0.911	0.416
6936.000000	95	120	0.909	0.429
6942.000000	95	120	0.906	0.442
6948.000000	95	120	0.904	0.449
6954.000000	95	120	0.903	0.452
6960.000000	95	120	0.902	0.451
6966.000000	95	120	0.901	0.449
6972.000000	95	120	0.904	0.448
6978.000000	95	120	0.904	0.449
6984.000000	95	120	0.901	0.449
6990.000000	95	120	0.900	0.444
6996.000000	95	120	0.901	0.443
7002.000000	95	120	0.898	0.442
7008.000000	95	120	0.898	0.441
7014.000000	95	120	0.900	0.434
7020.000000	95	120	0.901	0.427
7026.000000	95	120	0.901	0.422
7032.000000	95	120	0.901	0.418
7038.000000	95	120	0.902	0.410
7044.000000	95	120	0.901	0.394
7050.000000	95	120	0.900	0.372
7056.000000	95	189	0.896	0.367
7062.000000	95	189	0.895	0.387
7068.000000	95	189	0.892	0.404
7074.000000	95	189	0.888	0.425
7080.000000	95	189	0.886	0.453
7086.000000	95	189	0.882	0.471
7092.000000	95	189	0.880	0.489
7098.000000	95	189	0.879	0.515
7104.000000	95	189	0.876	0.546
7110.000000	95	189	0.870	0.570
7116.000000	95	189	0.866	0.587
7122.000000	95	189	0.863	0.603
7128.000000	95	189	0.860	0.615
7134.000000	95	189	0.854	0.626
7140.000000	95	189	0.838	0.654
7146.000000	95	189	0.827	0.671
7152.000000	95	189	0.810	0.689
7158.000000	95	189	0.788	0.711
7164.000000	95	189	0.766	0.731
7170.000000	95	189	0.745	0.744
7176.000000	189	95	0.763	0.718
7182.000000	189	95	0.771	0.690
7188.000000	189	95	0.789	0.641
7194.000000	189	95	0.817	0.561
7200.000000	189	95	0.833	0.459
7206.000000	189	162	0.862	0.449
7212.000000	189	162	0.893	0.496
7218.000000	189	162	0.906	0.530
7224.000000	189	162	0.908	0.563
7230.000000	189	162	0.911	0.587
7236.000000	189	162	0.913	0.608
7242.000000	189	162	0.912	0.623
7248.000000	189	162	0.914	0.628
7254.000000	189	162	0.913	0.630
7260.000000	189	162	0.911	0.635
7266.000000	189	162	0.910	0.639
7272.000000	189	162	0.908	0.648
7278.000000	189	162	0.908	0.660
7284.000000	189	162	0.907	0.667
7290.000000	189	162	0.906	0.667
7296.000000	189	162	0.906	0.667
7302.000000	189	162	0.905	0.669
7308.000000	189	162	0.903	0.672
7314.000000	189	162	0.902	0.672
7320.000000	189	162	0.901	0.672
7326.000000	189	162	0.900	0.671
7332.000000	189	162	0.899	0.672
7338.000000	189	162	0.898	0.678
7344.000000	189	162	0.896	0.683
7350.000000	189	162	0.896	0.687
7356.000000	189	162	0.895	0.692
7362.000000	189	162	0.888	0.703
7368.000000	189	162	0.883	0.708
7374.000000	189	162	0.880	0.708
7380.000000	189	162	0.876	0.710
7386.000000	189	162	0.869	0.713
7392.000000	189	162	0.861	0.713
7398.000000	189	162	0.853	0.713
7404.000000	189	162	0.844	0.714
7410.000000	189	162	0.838	0.712
7416.000000	189	162	0.825	0.716
7422.000000	189	162	0.813	0.719
7428.000000	189	162	0.799	0.720
7434.000000	189	162	0.785	0.722
7440.000000	189	162	0.774	0.723
7446.000000	189	162	0.760	0.730
7452.000000	189	162	0.742	0.737
7458.000000	162	189	0.742	0.724
7464.000000	162	189	0.748	0.699
7470.000000	162	189	0.762	0.661
7476.000000	162	189	0.771	0.629
7482.000000	162	189	0.786	0.583
7488.000000	162	189	0.795	0.518
7494.000000	162	189	0.812	0.415
7500.000000	162	189	0.836	0.270
7506.000000	162	129	0.868	0.240
7512.000000	162	129	0.893	0.232
7518.000000	162	129	0.903	0.221
7524.000000	162	129	0.907	0.214
7530.000000	162	129	0.908	0.216
7536.000000	162	129	0.908	0.223
7542.000000	162	129	0.906	0.225
7548.000000	162	129	0.904	0.222
7554.000000	162	129	0.902	0.218
7560.000000	162	129	0.898	0.213
7566.000000	162	129	0.893	0.211
7572.000000	162	28	0.890	0.223
7578.000000	162	28	0.885	0.249
7584.000000	162	28	0.881	0.266
7590.000000	162	28	0.878	0.283
7596.000000	162	28	0.876	0.307
7602.000000	162	28	0.872	0.323
7608.000000	162	28	0.869	0.346
7614.000000	162	28	0.863	0.368
7620.000000	162	28	0.858	0.388
7626.000000	162	28	0.854	0.408
7632.000000	162	28	0.851	0.426
7638.000000	162	28	0.844	0.442
7644.000000	162	28	0.834	0.452
7650.000000	162	28	0.821	0.470
7656.000000	162	28	0.812	0.486
7662.000000	162	28	0.802	0.505
7668.000000	162	28	0.784	0.520
7674.000000	162	28	0.762	0.529
7680.000000	162	28	0.734	0.539
7686.000000	162	28	0.700	0.548
7692.000000	162	28	0.656	0.567
7698.000000	162	28	0.610	0.586
7704.000000	28	164	0.609	0.574
7710.000000	28	164	0.651	0.609
7716.000000	28	164	0.695	0.635
7722.000000	28	164	0.743	0.669
7728.000000	28	164	0.779	0.692
7734.000000	28	164	0.796	0.716
7740.000000	28	164	0.813	0.733
7746.000000	28	164	0.815	0.751
7752.000000	28	164	0.822	0.757
7758.000000	28	164	0.819	0.760
7764.000000	28	164	0.817	0.759
7770.000000	28	164	0.819	0.753
7776.000000	28	164	0.817	0.751
7782.000000	28	164	0.814	0.757
7788.000000	28	164	0.809	0.762
7794.000000	28	164	0.807	0.764
7800.000000	28	164	0.804	0.768
7806.000000	28	164	0.800	0.770
7812.000000	28	164	0.795	0.772
7818.000000	28	164	0.793	0.775
7824.000000	28	164	0.801	0.778
7830.000000	28	164	0.804	0.779
7836.000000	28	164	0.803	0.779
7842.000000	28	164	0.801	0.783
7848.000000	28	164	0.807	0.782
7854.000000	28	164	0.811	0.786
7860.000000	28	164	0.811	0.790
7866.000000	28	164	0.810	0.789
7872.000000	28	164	0.808	0.785
7878.000000	28	164	0.803	0.787
7884.000000	28	164	0.798	0.791
7890.000000	28	164	0.794	0.791
7896.000000	164	28	0.795	0.788
7902.000000	164	28	0.796	0.785
7908.000000	164	28	0.798	0.782
7914.000000	164	28	0.798	0.782
7920.000000	164	28	0.799	0.777
7926.000000	164	28	0.799	0.773
7932.000000	164	28	0.795	0.772
7938.000000	164	28	0.791	0.767
7944.000000	164	28	0.784	0.761
7950.000000	164	28	0.783	0.748
7956.000000	164	28	0.778	0.740
7962.000000	164	28	0.775	0.732
7968.000000	164	28	0.776	0.724
7974.000000	164	28	0.775	0.716
7980.000000	164	28	0.777	0.697
7986.000000	164	28	0.779	0.670
7992.000000	164	28	0.782	0.637
7998.000000	164	28	0.786	0.600
8004.000000	164	28	0.797	0.547
8010.000000	164	28	0.810	0.471
8016.000000	164	28	0.825	0.373
8022.000000	164	28	0.833	0.256
8028.000000	164	193	0.850	0.239
8034.000000	164	193	0.866	0.250
8040.000000	164	193	0.874	0.260
8046.000000	164	193	0.882	0.273
8052.000000	164	193	0.888	0.298
8058.000000	164	193	0.898	0.333
8064.000000	164	193	0.900	0.360
8070.000000	164	193	0.899	0.390
8076.000000	164	193	0.893	0.427
8082.000000	164	193	0.886	0.457
8088.000000	164	193	0.882	0.482
8094.000000	164	193	0.880	0.500
8100.000000	164	193	0.877	0.521
8106.000000	164	193	0.863	0.554
8112.000000	164	193	0.853	0.577
8118.000000	164	193	0.846	0.598
8124.000000	164	193	0.839	0.616
8130.000000	164	193	0.825	0.637
8136.000000	164	193	0.815	0.652
8142.000000	164	193	0.806	0.661
8148.000000	164	193	0.794	0.666
8154.000000	164	193	0.779	0.678
8160.000000	164	193	0.757	0.693
8166.000000	164	193	0.738	0.703
8172.000000	164	193	0.715	0.713
8178.000000	193	164	0.721	0.687
8184.000000	193	164	0.733	0.652
8190.000000	193	164	0.747	0.610
8196.000000	193	164	0.768	0.559
8202.000000	193	164	0.783	0.489
8208.000000	193	164	0.806	0.406
8214.000000	193	164	0.827	0.294
8220.000000	193	79	0.835	0.189
8226.000000	193	79	0.860	0.181
8232.000000	193	79	0.883	0.156
8238.000000	193	133	0.894	0.149
8244.000000	193	133	0.898	0.151
8250.000000	193	133	0.902	0.149
8256.000000	193	133	0.902	0.148
8262.000000	193	133	0.903	0.151
8268.000000	193	133	0.906	0.154
8274.000000	193	95	0.911	0.156
8280.000000	193	95	0.910	0.160
8286.000000	193	95	0.908	0.163
8292.000000	193	95	0.906	0.166
8298.000000	193	95	0.905	0.164
8304.000000	193	133	0.906	0.165
8310.000000	193	133	0.906	0.167
8316.000000	193	133	0.908	0.167
8322.000000	193	133	0.908	0.167
8328.000000	193	133	0.909	0.162
8334.000000	193	133	0.910	0.157
8340.000000	193	133	0.909	0.151
8346.000000	193	133	0.908	0.145
8352.000000	193	133	0.906	0.139
8358.000000	193	166	0.902	0.134
8364.000000	193	166	0.899	0.138
8370.000000	193	166	0.896	0.142
8376.000000	193	166	0.893	0.144
8382.000000	193	94	0.892	0.148
8388.000000	193	94	0.891	0.151
8394.000000	193	94	0.889	0.159
8400.000000	193	94	0.886	0.167
8406.000000	193	94	0.885	0.175
8412.000000	193	94	0.885	0.178
8418.000000	193	94	0.883	0.182
8424.000000	193	94	0.880	0.188
8430.000000	193	94	0.876	0.196
8436.000000	193	94	0.875	0.201
8442.000000	193	94	0.872	0.207
8448.000000	193	94	0.869	0.211
8454.000000	193	94	0.864	0.209
8460.000000	193	94	0.862	0.214
8466.000000	193	94	0.859	0.222
8472.000000	193	94	0.855	0.227
8478.000000	193	94	0.849	0.234
8484.000000	193	94	0.843	0.243
8490.000000	193	94	0.835	0.248
8496.000000	193	94	0.828	0.252
8502.000000	193	94	0.820	0.254
8508.000000	193	94	0.809	0.257
8514.000000	193	94	0.795	0.267
8520.000000	193	94	0.779	0.279
8526.000000	193	94	0.758	0.289
8532.000000	193	94	0.735	0.300
8538.000000	193	94	0.712	0.312
8544.000000	193	94	0.682	0.322
8550.000000	193	94	0.626	0.327
8556.000000	193	94	0.557	0.334
8562.000000	193	94	0.460	0.351
8568.000000	94	193	0.371	0.329
8574.000000	94	166	0.405	0.320
8580.000000	94	166	0.432	0.339
8586.000000	94	166	0.458	0.364
8592.000000	94	166	0.469	0.381
8598.000000	94	166	0.479	0.394
8604.000000	94	166	0.489	0.402
8610.000000	94	166	0.496	0.410
8616.000000	94	166	0.503	0.420
8622.000000	94	166	0.509	0.430
8628.000000	94	166	0.519	0.440
8634.000000	94	166	0.529	0.446
8640.000000	94	166	0.530	0.452
8646.000000	94	166	0.529	0.462
8652.000000	94	166	0.538	0.470
8658.000000	94	166	0.550	0.473
8664.000000	94	166	0.557	0.470
8670.000000	94	166	0.563	0.469
8676.000000	94	166	0.569	0.469
8682.000000	94	166	0.575	0.473
8688.000000	94	166	0.587	0.475
8694.000000	94	166	0.592	0.472
8700.000000	94	166	0.599	0.464
8706.000000	94	166	0.610	0.463
8712.000000	94	166	0.624	0.457
8718.000000	94	166	0.636	0.449
8724.000000	94	166	0.647	0.442
8730.000000	94	166	0.653	0.440
8736.000000	94	166	0.655	0.440
8742.000000	94	166	0.656	0.434
8748.000000	94	166	0.659	0.424
8754.000000	94	166	0.669	0.417
8760.000000	94	166	0.683	0.403
8766.000000	94	166	0.692	0.388
8772.000000	94	166	0.712	0.363
8778.000000	94	166	0.731	0.337
8784.000000	94	166	0.753	0.315
8790.000000	94	166	0.771	0.289
8796.000000	94	166	0.787	0.254
8802.000000	94	166	0.805	0.223
8808.000000	94	140	0.826	0.201
8814.000000	94	140	0.836	0.188
8820.000000	94	140	0.840	0.178
8826.000000	94	140	0.843	0.167
8832.000000	94	140	0.851	0.155
8838.000000	94	56	0.855	0.153
8844.000000	94	56	0.861	0.153
8850.000000	94	56	0.867	0.152
8856.000000	94	56	0.867	0.156
8862.000000	94	56	0.864	0.161
8868.000000	94	56	0.864	0.168
8874.000000	94	56	0.868	0.170
8880.000000	94	185	0.871	0.178
8886.000000	94	185	0.869	0.188
8892.000000	94	185	0.868	0.197
8898.000000	94	185	0.872	0.203
8904.000000	94	185	0.878	0.210
8910.000000	94	185	0.878	0.217
8916.000000	94	185	0.876	0.224
8922.000000	94	185	0.875	0.233
8928.000000	94	185	0.876	0.245
8934.000000	94	185	0.876	0.257
8940.000000	94	185	0.878	0.265
8946.000000	94	185	0.878	0.273
8952.000000	94	185	0.877	0.276
8958.000000	94	185	0.876	0.278
8964.000000	94	185	0.872	0.282
8970.000000	94	30	0.869	0.290
8976.000000	94	30	0.865	0.300
8982.000000	94	30	0.856	0.320
8988.000000	94	30	0.847	0.338
8994.000000	94	30	0.843	0.348
9000.000000	94	30	0.835	0.358
9006.000000	94	30	0.825	0.369
9012.000000	94	30	0.811	0.385
9018.000000	94	30	0.795	0.403
9024.000000	94	30	0.781	0.430
9030.000000	94	30	0.761	0.453
9036.000000	94	30	0.746	0.475
9042.000000	94	30	0.724	0.498
9048.000000	94	30	0.691	0.524
9054.000000	94	30	0.645	0.557
9060.000000	94	30	0.592	0.588
9066.000000	30	94	0.621	0.525
9072.000000	30	94	0.662	0.421
9078.000000	30	185	0.710	0.393
9084.000000	30	185	0.774	0.412
9090.000000	30	185	0.821	0.417
9096.000000	30	185	0.858	0.418
9102.000000	30	185	0.877	0.427
9108.000000	30	185	0.883	0.439
9114.000000	30	185	0.891	0.456
9120.000000	30	185	0.891	0.480
9126.000000	30	185	0.891	0.494
9132.000000	30	185	0.896	0.501
9138.000000	30	185	0.899	0.507
9144.000000	30	185	0.903	0.513
9150.000000	30	185	0.902	0.525
9156.000000	30	185	0.900	0.535
9162.000000	30	185	0.899	0.545
9168.000000	30	185	0.901	0.549
9174.000000	30	185	0.902	0.554
9180.000000	30	185	0.903	0.557
9186.000000	30	185	0.905	0.564
9192.000000	30	185	0.908	0.567
9198.000000	30	185	0.906	0.571
9204.000000	30	185	0.905	0.571
9210.000000	30	185	0.905	0.568
9216.000000	30	185	0.905	0.563
9222.000000	30	185	0.905	0.557
9228.000000	30	185	0.909	0.551
9234.000000	30	185	0.910	0.546
9240.000000	30	185	0.910	0.545
9246.000000	30	185	0.907	0.543
9252.000000	30	185	0.906	0.533
9258.000000	30	185	0.906	0.524
9264.000000	30	185	0.906	0.516
9270.000000	30	185	0.904	0.515
9276.000000	30	185	0.904	0.511
9282.000000	30	185	0.906	0.499
9288.000000	30	185	0.911	0.484
9294.000000	30	185	0.917	0.472
9300.000000	30	185	0.919	0.459
9306.000000	30	185	0.919	0.439
9312.000000	30	185	0.919	0.411
9318.000000	30	185	0.918	0.371
9324.000000	30	185	0.917	0.310
9330.000000	30	185	0.919	0.233
9336.000000	30	185	0.921	0.162
9342.000000	30	185	0.924	0.114
9348.000000	30	142	0.930	0.106
9354.000000	30	142	0.934	0.114
9360.000000	30	142	0.934	0.118
9366.000000	30	142	0.933	0.118
9372.000000	30	142	0.933	0.116
9378.000000	30	142	0.933	0.114
9384.000000	30	108	0.935	0.121
9390.000000	30	108	0.934	0.130
9396.000000	30	108	0.933	0.139
9402.000000	30	108	0.932	0.150
9408.000000	30	108	0.930	0.161
9414.000000	30	108	0.928	0.172
9420.000000	30	108	0.927	0.181
9426.000000	30	108	0.924	0.191
9432.000000	30	108	0.921	0.203
9438.000000	30	108	0.916	0.216
9444.000000	30	108	0.911	0.227
9450.000000	30	108	0.909	0.233
9456.000000	30	108	0.906	0.235
9462.000000	30	108	0.901	0.237
9468.000000	30	108	0.896	0.242
9474.000000	30	108	0.888	0.250
9480.000000	30	108	0.880	0.258
9486.000000	30	108	0.875	0.263
9492.000000	30	169	0.867	0.281
9498.000000	30	169	0.861	0.297
9504.000000	30	169	0.852	0.309
9510.000000	30	169	0.844	0.321
9516.000000	30	169	0.830	0.335
9522.000000	30	169	0.808	0.349
9528.000000	30	169	0.782	0.362
9534.000000	30	169	0.755	0.380
9540.000000	30	169	0.714	0.396
9546.000000	30	169	0.659	0.416
9552.000000	30	169	0.564	0.443
9558.000000	169	30	0.491	0.417
9564.000000	169	142	0.555	0.300
9570.000000	169	142	0.623	0.319
9576.000000	169	142	0.692	0.322
9582.000000	169	142	0.719	0.339
9588.000000	169	142	0.745	0.346
9594.000000	169	142	0.767	0.349
9600.000000	169	142	0.783	0.363
9606.000000	169	142	0.788	0.370
9612.000000	169	142	0.795	0.386
9618.000000	169	142	0.800	0.404
9624.000000	169	142	0.807	0.414
9630.000000	169	142	0.813	0.421
9636.000000	169	142	0.817	0.433
9642.000000	169	142	0.824	0.437
9648.000000	169	142	0.828	0.440
9654.000000	169	142	0.829	0.450
9660.000000	169	142	0.834	0.457
9666.000000	169	142	0.843	0.461
9672.000000	169	142	0.853	0.461
9678.000000	169	142	0.859	0.465
9684.000000	169	142	0.868	0.469
9690.000000	169	142	0.874	0.471
9696.000000	169	142	0.881	0.474
9702.000000	169	142	0.880	0.479
9708.000000	169	142	0.879	0.483
9714.000000	169	142	0.878	0.486
9720.000000	169	142	0.878	0.488
9726.000000	169	142	0.879	0.492
9732.000000	169	142	0.883	0.498
9738.000000	169	142	0.886	0.500
9744.000000	169	142	0.892	0.500
9750.000000	169	142	0.898	0.501
9756.000000	169	142	0.904	0.505
9762.000000	169	142	0.908	0.508
9768.000000	169	142	0.908	0.502
9774.000000	169	142	0.909	0.496
9780.000000	169	142	0.908	0.491
9786.000000	169	142	0.907	0.481
9792.000000	169	142	0.907	0.470
9798.000000	169	142	0.910	0.452
9804.000000	169	142	0.909	0.435
9810.000000	169	142	0.907	0.421
9816.000000	169	142	0.910	0.401
9822.000000	169	142	0.910	0.383
9828.000000	169	142	0.909	0.354
9834.000000	169	142	0.907	0.317
9840.000000	169	167	0.905	0.319
9846.000000	169	167	0.903	0.330
9852.000000	169	167	0.902	0.348
9858.000000	169	167	0.901	0.372
9864.000000	169	167	0.900	0.382
9870.000000	169	167	0.897	0.389
9876.000000	169	167	0.893	0.403
9882.000000	169	167	0.890	0.421
9888.000000	169	167	0.887	0.434
9894.000000	169	167	0.883	0.441
9900.000000	169	167	0.880	0.447
9906.000000	169	167	0.877	0.448
9912.000000	169	167	0.870	0.446
9918.000000	169	167	0.862	0.449
9924.000000	169	167	0.859	0.453
9930.000000	169	167	0.853	0.459
9936.000000	169	167	0.850	0.468
9942.000000	169	167	0.847	0.478
9948.000000	169	167	0.836	0.487
9954.000000	169	167	0.822	0.497
9960.000000	169	167	0.802	0.507
9966.000000	169	167	0.782	0.517
9972.000000	169	167	0.751	0.535
9978.000000	169	167	0.718	0.551
9984.000000	169	167	0.676	0.574
9990.000000	169	167	0.626	0.601
9996.000000	167	169	0.643	0.549
10002.000000	167	169	0.678	0.437
10008.000000	167	169	0.733	0.286
10014.000000	167	15	0.777	0.270
10020.000000	167	15	0.813	0.255
10026.000000	167	15	0.830	0.248
10032.000000	167	15	0.847	0.259
10038.000000	167	15	0.860	0.265
10044.000000	167	15	0.867	0.271
10050.000000	167	15	0.871	0.276
10056.000000	167	15	0.873	0.281
10062.000000	167	15	0.878	0.282
10068.000000	167	15	0.884	0.278
10074.000000	167	15	0.887	0.274
10080.000000	167	15	0.896	0.267
10086.000000	167	15	0.900	0.262
10092.000000	167	15	0.899	0.256
10098.000000	167	15	0.898	0.251
10104.000000	167	15	0.901	0.247
10110.000000	167	15	0.904	0.243
10116.000000	167	15	0.904	0.238
10122.000000	167	15	0.904	0.230
10128.000000	167	15	0.906	0.221
10134.000000	167	15	0.908	0.211
10140.000000	167	15	0.909	0.199
10146.000000	167	15	0.912	0.184
10152.000000	167	15	0.911	0.168
10158.000000	167	82	0.911	0.172
10164.000000	167	82	0.912	0.181
10170.000000	167	82	0.914	0.189
10176.000000	167	82	0.914	0.197
10182.000000	167	82	0.913	0.209
10188.000000	167	82	0.913	0.220
10194.000000	167	82	0.913	0.228
10200.000000	167	82	0.912	0.238
10206.000000	167	82	0.915	0.252
10212.000000	167	82	0.916	0.266
10218.000000	167	82	0.918	0.279
10224.000000	167	82	0.920	0.296
10230.000000	167	82	0.921	0.314
10236.000000	167	82	0.920	0.336
10242.000000	167	82	0.917	0.353
10248.000000	167	82	0.916	0.367
10254.000000	167	82	0.913	0.389
10260.000000	167	82	0.909	0.407
10266.000000	167	82	0.905	0.423
10272.000000	167	82	0.899	0.444
10278.000000	167	82	0.894	0.466
10284.000000	167	82	0.888	0.480
10290.000000	167	82	0.878	0.500
10296.000000	167	82	0.866	0.527
10302.000000	167	82	0.850	0.554
10308.000000	167	82	0.840	0.569
10314.000000	167	82	0.823	0.595
10320.000000	167	82	0.801	0.616
10326.000000	167	82	0.784	0.628
10332.000000	167	82	0.753	0.642
10338.000000	167	82	0.716	0.651
10344.000000	82	167	0.670	0.666
10350.000000	82	167	0.681	0.590
10356.000000	82	167	0.704	0.488
10362.000000	82	199	0.734	0.387
10368.000000	82	199	0.776	0.404
10374.000000	82	199	0.815	0.413
10380.000000	82	199	0.840	0.418
10386.000000	82	199	0.858	0.418
10392.000000	82	199	0.867	0.418
10398.000000	82	199	0.876	0.415
10404.000000	82	199	0.884	0.401
10410.000000	82	199	0.889	0.394
10416.000000	82	199	0.893	0.387
10422.000000	82	199	0.897	0.374
10428.000000	82	199	0.904	0.358
10434.000000	82	199	0.905	0.346
10440.000000	82	199	0.909	0.333
10446.000000	82	199	0.915	0.317
10452.000000	82	199	0.919	0.300
10458.000000	82	199	0.920	0.292
10464.000000	82	199	0.922	0.280
10470.000000	82	199	0.923	0.261
10476.000000	82	199	0.924	0.239
10482.000000	82	199	0.930	0.208
10488.000000	82	199	0.931	0.177
10494.000000	82	105	0.931	0.171
10500.000000	82	105	0.932	0.182
10506.000000	82	105	0.932	0.189
10512.000000	82	105	0.933	0.192
10518.000000	82	105	0.934	0.194
10524.000000	82	105	0.934	0.194
10530.000000	82	105	0.933	0.190
10536.000000	82	105	0.932	0.188
10542.000000	82	105	0.930	0.188
10548.000000	82	105	0.928	0.187
10554.000000	82	191	0.926	0.189
10560.000000	82	191	0.925	0.194
10566.000000	82	191	0.923	0.197
10572.000000	82	191	0.920	0.200
10578.000000	82	191	0.915	0.212
10584.000000	82	191	0.908	0.224
10590.000000	82	191	0.905	0.227
10596.000000	82	191	0.903	0.226
10602.000000	82	191	0.899	0.229
10608.000000	82	165	0.894	0.238
10614.000000	82	165	0.890	0.244
10620.000000	82	165	0.886	0.248
10626.000000	82	165	0.883	0.252
10632.000000	82	165	0.880	0.261
10638.000000	82	165	0.875	0.273
10644.000000	82	165	0.867	0.283
10650.000000	82	165	0.858	0.288
10656.000000	82	165	0.850	0.300
10662.000000	82	165	0.839	0.311
10668.000000	82	165	0.834	0.319
10674.000000	82	165	0.824	0.327
10680.000000	82	165	0.810	0.335
10686.000000	82	165	0.789	0.343
10692.000000	82	165	0.772	0.348
10698.000000	82	165	0.753	0.355
10704.000000	82	165	0.733	0.360
10710.000000	82	165	0.706	0.366
10716.000000	82	165	0.669	0.366
10722.000000	82	165	0.627	0.365
10728.000000	82	165	0.579	0.367
10734.000000	82	165	0.509	0.371
10740.000000	82	165	0.417	0.391
10746.000000	165	191	0.411	0.311
10752.000000	165	191	0.434	0.324
10758.000000	165	191	0.464	0.337
10764.000000	165	191	0.486	0.348
10770.000000	165	191	0.499	0.368
10776.000000	165	191	0.501	0.380
10782.000000	165	191	0.515	0.388
10788.000000	165	191	0.523	0.395
10794.000000	165	191	0.528	0.398
10800.000000	165	191	0.529	0.394
10806.000000	165	191	0.530	0.397
10812.000000	165	191	0.527	0.406
10818.000000	165	191	0.525	0.414
10824.000000	165	191	0.522	0.420
10830.000000	165	191	0.526	0.419
10836.000000	165	191	0.527	0.416
10842.000000	165	191	0.529	0.416
10848.000000	165	191	0.530	0.420
10854.000000	165	191	0.527	0.427
10860.000000	165	191	0.530	0.429
10866.000000	165	191	0.536	0.428
10872.000000	165	191	0.542	0.427
10878.000000	165	191	0.542	0.423
10884.000000	165	191	0.536	0.418
10890.000000	165	191	0.539	0.408
10896.000000	165	191	0.546	0.397
10902.000000	165	114	0.546	0.402
10908.000000	165	114	0.543	0.412
10914.000000	165	114	0.540	0.428
10920.000000	165	114	0.534	0.449
10926.000000	165	114	0.525	0.471
10932.000000	165	114	0.516	0.491
10938.000000	114	165	0.522	0.506
10944.000000	114	165	0.552	0.495
10950.000000	114	165	0.578	0.487
10956.000000	114	165	0.608	0.474
10962.000000	114	165	0.646	0.458
10968.000000	114	165	0.674	0.452
10974.000000	114	165	0.687	0.439
10980.000000	114	165	0.704	0.420
10986.000000	114	165	0.722	0.395
10992.000000	114	165	0.741	0.362
10998.000000	114	165	0.773	0.323
11004.000000	114	165	0.798	0.292
11010.000000	114	165	0.828	0.264
11016.000000	114	100	0.854	0.260
11022.000000	114	100	0.866	0.267
11028.000000	114	100	0.871	0.275
11034.000000	114	100	0.873	0.281
11040.000000	114	100	0.880	0.285
11046.000000	114	100	0.891	0.294
11052.000000	114	100	0.894	0.299
11058.000000	114	100	0.894	0.306
11064.000000	114	100	0.894	0.314
11070.000000	114	100	0.893	0.323
11076.000000	114	100	0.895	0.328
11082.000000	114	100	0.897	0.328
11088.000000	114	100	0.895	0.330
11094.000000	114	100	0.893	0.333
11100.000000	114	159	0.892	0.340
11106.000000	114	159	0.892	0.354
11112.000000	114	159	0.896	0.370
11118.000000	114	159	0.899	0.386
11124.000000	114	159	0.900	0.412
11130.000000	114	159	0.899	0.434
11136.000000	114	159	0.895	0.456
11142.000000	114	159	0.894	0.466
11148.000000	114	159	0.894	0.476
11154.000000	114	159	0.896	0.491
11160.000000	114	159	0.899	0.502
11166.000000	114	159	0.898	0.509
11172.000000	114	159	0.896	0.515
11178.000000	114	159	0.894	0.527
11184.000000	114	159	0.890	0.535
11190.000000	114	159	0.887	0.548
11196.000000	114	159	0.885	0.565
11202.000000	114	159	0.882	0.579
11208.000000	114	159	0.881	0.586
11214.000000	114	159	0.880	0.598
11220.000000	114	159	0.877	0.613
11226.000000	114	159	0.871	0.626
11232.000000	114	159	0.863	0.637
11238.000000	114	159	0.859	0.652
11244.000000	114	159	0.854	0.666
11250.000000	114	159	0.842	0.685
11256.000000	114	159	0.823	0.704
11262.000000	114	159	0.809	0.718
11268.000000	114	159	0.794	0.733
11274.000000	114	159	0.768	0.756
11280.000000	159	114	0.766	0.743
11286.000000	159	114	0.792	0.705
11292.000000	159	114	0.824	0.656
11298.000000	159	114	0.851	0.594
11304.000000	159	114	0.879	0.499
11310.000000	159	114	0.900	0.375
11316.000000	159	44	0.924	0.278
11322.000000	159	44	0.943	0.286
11328.000000	159	44	0.949	0.293
11334.000000	159	44	0.950	0.303
11340.000000	159	44	0.951	0.316
11346.000000	159	44	0.953	0.334
11352.000000	159	44	0.950	0.357
11358.000000	159	44	0.947	0.380
11364.000000	159	44	0.944	0.403
11370.000000	159	44	0.940	0.427
11376.000000	159	44	0.938	0.447
11382.000000	159	44	0.936	0.461
11388.000000	159	44	0.935	0.471
11394.000000	159	44	0.931	0.483
11400.000000	159	44	0.927	0.494
11406.000000	159	44	0.925	0.504
11412.000000	159	44	0.923	0.515
11418.000000	159	44	0.920	0.519
11424.000000	159	44	0.916	0.526
11430.000000	159	44	0.912	0.535
11436.000000	159	44	0.911	0.543
11442.000000	159	44	0.907	0.557
11448.000000	159	44	0.906	0.566
11454.000000	159	44	0.906	0.573
11460.000000	159	44	0.905	0.579
11466.000000	159	44	0.903	0.587
11472.000000	159	44	0.900	0.598
11478.000000	159	44	0.899	0.611
11484.000000	159	44	0.899	0.617
11490.000000	159	44	0.898	0.627
11496.000000	159	44	0.897	0.644
11502.000000	159	44	0.894	0.659
11508.000000	159	44	0.890	0.665
11514.000000	159	44	0.887	0.668
11520.000000	159	44	0.885	0.672
11526.000000	159	44	0.882	0.676
11532.000000	159	44	0.876	0.690
11538.000000	159	44	0.869	0.706
11544.000000	159	44	0.864	0.718
11550.000000	159	44	0.854	0.738
11556.000000	159	44	0.845	0.750
11562.000000	159	44	0.839	0.760
11568.000000	159	44	0.824	0.782
11574.000000	44	159	0.815	0.795
11580.000000	44	159	0.836	0.771
11586.000000	44	159	0.858	0.733
11592.000000	44	159	0.874	0.694
11598.000000	44	159	0.893	0.631
11604.000000	44	159	0.912	0.547
11610.000000	44	159	0.935	0.425
11616.000000	44	159	0.955	0.257
11622.000000	44	159	0.969	0.100
11628.000000	44	23	0.972	0.072
11634.000000	44	23	0.972	0.075
11640.000000	44	23	0.971	0.081
11646.000000	44	23	0.971	0.085
11652.000000	44	23	0.970	0.085
11658.000000	44	23	0.970	0.083
11664.000000	44	23	0.971	0.079
11670.000000	44	23	0.971	0.075
11676.000000	44	23	0.972	0.073
11682.000000	44	10	0.970	0.083
11688.000000	44	10	0.969	0.093
11694.000000	44	10	0.969	0.101
11700.000000	44	10	0.968	0.107
11706.000000	44	10	0.968	0.112
11712.000000	44	10	0.968	0.119
11718.000000	44	10	0.968	0.126
11724.000000	44	10	0.967	0.136
11730.000000	44	10	0.966	0.148
11736.000000	44	10	0.964	0.162
11742.000000	44	10	0.963	0.178
11748.000000	44	10	0.961	0.192
11754.000000	44	10	0.958	0.201
11760.000000	44	10	0.955	0.211
11766.000000	44	10	0.954	0.224
11772.000000	44	10	0.952	0.241
11778.000000	44	10	0.950	0.257
11784.000000	44	10	0.947	0.267
11790.000000	44	10	0.944	0.279
11796.000000	44	10	0.941	0.297
11802.000000	44	10	0.939	0.312
11808.000000	44	10	0.936	0.325
11814.000000	44	10	0.932	0.352
11820.000000	44	10	0.926	0.384
11826.000000	44	10	0.920	0.409
11832.000000	44	10	0.913	0.431
11838.000000	44	10	0.901	0.450
11844.000000	44	10	0.889	0.473
11850.000000	44	10	0.873	0.506
11856.000000	44	10	0.855	0.533
11862.000000	44	10	0.832	0.563
11868.000000	44	10	0.809	0.597
11874.000000	44	10	0.785	0.623
11880.000000	44	10	0.756	0.648
11886.000000	44	10	0.711	0.682
11892.000000	10	44	0.720	0.654
11898.000000	10	44	0.753	0.582
11904.000000	10	44	0.788	0.481
11910.000000	10	42	0.812	0.344
11916.000000	10	42	0.855	0.373
11922.000000	10	42	0.892	0.416
11928.000000	10	42	0.904	0.448
11934.000000	10	42	0.917	0.488
11940.000000	10	42	0.921	0.516
11946.000000	10	42	0.922	0.546
11952.000000	10	42	0.927	0.567
11958.000000	10	42	0.928	0.585
11964.000000	10	42	0.926	0.601
11970.000000	10	42	0.925	0.613
11976.000000	10	42	0.925	0.623
11982.000000	10	42	0.925	0.630
11988.000000	10	42	0.922	0.642
11994.000000	10	42	0.919	0.652
12000.000000	10	42	0.918	0.660
12006.000000	10	42	0.915	0.665
12012.000000	10	42	0.913	0.668
12018.000000	10	42	0.912	0.668
12024.000000	10	42	0.911	0.670
12030.000000	10	42	0.910	0.672
12036.000000	10	42	0.910	0.673
12042.000000	10	42	0.911	0.672
12048.000000	10	42	0.912	0.672
12054.000000	10	42	0.912	0.672
12060.000000	10	42	0.911	0.671
12066.000000	10	42	0.910	0.674
12072.000000	10	42	0.908	0.677
12078.000000	10	42	0.906	0.678
12084.000000	10	42	0.905	0.677
12090.000000	10	42	0.903	0.675
12096.000000	10	42	0.901	0.675
12102.000000	10	42	0.895	0.679
12108.000000	10	42	0.888	0.685
12114.000000	10	42	0.886	0.684
12120.000000	10	42	0.880	0.686
12126.000000	10	42	0.872	0.686
12132.000000	10	42	0.866	0.688
12138.000000	10	42	0.863	0.686
12144.000000	10	42	0.860	0.683
12150.000000	10	42	0.856	0.682
12156.000000	10	42	0.853	0.682
12162.000000	10	42	0.851	0.680
12168.000000	10	42	0.847	0.680
12174.000000	10	42	0.845	0.678
12180.000000	10	42	0.843	0.678
12186.000000	10	42	0.841	0.680
12192.000000	10	42	0.836	0.677
12198.000000	10	42	0.829	0.667
12204.000000	10	42	0.817	0.658
12210.000000	10	42	0.808	0.652
12216.000000	10	42	0.799	0.637
12222.000000	10	42	0.790	0.623
12228.000000	10	42	0.783	0.606
12234.000000	10	42	0.771	0.589
12240.000000	10	42	0.754	0.566
12246.000000	10	42	0.738	0.535
12252.000000	10	42	0.719	0.504
12258.000000	10	42	0.689	0.474
12264.000000	10	42	0.643	0.443
12270.000000	10	42	0.588	0.397
12276.000000	10	42	0.511	0.338
12282.000000	10	42	0.398	0.271
12288.000000	10	42	0.227	0.222
12294.000000	61	42	0.165	0.159
12300.000000	61	77	0.178	0.107
12306.000000	61	77	0.195	0.105
12312.000000	61	77	0.211	0.110
12318.000000	61	77	0.245	0.117
12324.000000	61	111	0.300	0.125
12330.000000	61	111	0.375	0.140
12336.000000	61	111	0.455	0.162
12342.000000	61	111	0.528	0.182
12348.000000	61	111	0.602	0.202
12354.000000	61	111	0.662	0.220
12360.000000	61	111	0.689	0.242
12366.000000	61	111	0.724	0.266
12372.000000	61	111	0.743	0.290
12378.000000	61	111	0.750	0.314
12384.000000	61	111	0.751	0.329
12390.000000	61	111	0.753	0.341
12396.000000	61	111	0.757	0.361
12402.000000	61	111	0.759	0.373
12408.000000	61	111	0.763	0.382
12414.000000	61	111	0.773	0.396
12420.000000	61	111	0.782	0.408
12426.000000	61	111	0.787	0.419
12432.000000	61	111	0.791	0.425
12438.000000	61	111	0.797	0.431
12444.000000	61	111	0.801	0.443
12450.000000	61	111	0.805	0.456
12456.000000	61	111	0.814	0.462
12462.000000	61	111	0.832	0.467
12468.000000	61	111	0.847	0.476
12474.000000	61	111	0.851	0.484
12480.000000	61	111	0.856	0.496
12486.000000	61	111	0.860	0.500
12492.000000	61	111	0.865	0.502
12498.000000	61	111	0.874	0.502
12504.000000	61	111	0.881	0.512
12510.000000	61	111	0.883	0.520
12516.000000	61	111	0.887	0.521
12522.000000	61	111	0.891	0.523
12528.000000	61	111	0.889	0.528
12534.000000	61	111	0.891	0.534
12540.000000	61	111	0.894	0.543
12546.000000	61	111	0.896	0.551
12552.000000	61	111	0.899	0.555
12558.000000	61	111	0.903	0.557
12564.000000	61	111	0.904	0.561
12570.000000	61	111	0.903	0.570
12576.000000	61	111	0.902	0.580
12582.000000	61	111	0.903	0.584
12588.000000	61	111	0.903	0.589
12594.000000	61	111	0.902	0.592
12600.000000	61	111	0.900	0.592
12606.000000	61	111	0.894	0.591
12612.000000	61	60	0.890	0.587
12618.000000	61	60	0.888	0.598
12624.000000	61	60	0.886	0.611
12630.000000	61	60	0.875	0.634
12636.000000	61	60	0.865	0.651
12642.000000	61	60	0.858	0.665
12648.000000	61	60	0.850	0.682
12654.000000	61	60	0.842	0.700
12660.000000	61	60	0.833	0.722
12666.000000	61	60	0.823	0.745
12672.000000	61	60	0.813	0.757
12678.000000	61	60	0.803	0.764
12684.000000	61	60	0.784	0.780
12690.000000	60	61	0.799	0.765
12696.000000	60	61	0.823	0.737
12702.000000	60	61	0.844	0.707
12708.000000	60	61	0.869	0.664
12714.000000	60	61	0.896	0.594
12720.000000	60	61	0.915	0.524
12726.000000	60	61	0.933	0.424
12732.000000	60	61	0.953	0.284
12738.000000	60	61	0.971	0.140
12744.000000	60	23	0.980	0.056
12750.000000	60	23	0.983	0.050
12756.000000	60	23	0.983	0.047
12762.000000	60	174	0.982	0.049
12768.000000	60	174	0.983	0.050
12774.000000	60	174	0.985	0.050
12780.000000	60	174	0.985	0.051
12786.000000	60	174	0.984	0.051
12792.000000	60	174	0.984	0.050
12798.000000	60	174	0.984	0.050
12804.000000	60	174	0.984	0.049
12810.000000	60	174	0.983	0.048
12816.000000	60	174	0.983	0.047
12822.000000	60	117	0.982	0.047
12828.000000	60	117	0.982	0.048
12834.000000	60	117	0.982	0.050
12840.000000	60	117	0.982	0.051
12846.000000	60	117	0.981	0.051
12852.000000	60	117	0.980	0.051
12858.000000	60	117	0.978	0.052
12864.000000	60	117	0.977	0.054
12870.000000	60	117	0.977	0.053
12876.000000	60	23	0.977	0.053
12882.000000	60	14	0.977	0.055
12888.000000	60	14	0.977	0.056
12894.000000	60	14	0.977	0.057
12900.000000	60	14	0.977	0.060
12906.000000	60	14	0.977	0.061
12912.000000	60	14	0.978	0.063
12918.000000	60	14	0.978	0.064
12924.000000	60	14	0.978	0.062
12930.000000	60	14	0.977	0.061
12936.000000	60	14	0.976	0.058
12942.000000	60	14	0.976	0.055
12948.000000	60	14	0.976	0.055
12954.000000	60	14	0.976	0.056
12960.000000	60	14	0.977	0.055
12966.000000	60	14	0.977	0.053
12972.000000	60	14	0.977	0.051
12978.000000	60	14	0.978	0.045
12984.000000	60	23	0.978	0.041
12990.000000	60	14	0.978	0.040
12996.000000	60	14	0.978	0.040
13002.000000	60	14	0.978	0.039
13008.000000	60	14	0.978	0.038
13014.000000	60	14	0.978	0.038
13020.000000	60	14	0.978	0.038
13026.000000	60	14	0.979	0.037
13032.000000	60	14	0.981	0.035
13038.000000	60	159	0.982	0.034
13044.000000	60	159	0.982	0.035
13050.000000	60	159	0.981	0.035
13056.000000	60	159	0.981	0.034
13062.000000	60	14	0.981	0.035
13068.000000	60	14	0.981	0.036
13074.000000	60	14	0.981	0.036
13080.000000	60	14	0.982	0.035
13086.000000	60	14	0.983	0.033
13092.000000	60	159	0.983	0.033
13098.000000	60	159	0.982	0.034
13104.000000	60	159	0.981	0.035
13110.000000	60	159	0.981	0.036
13116.000000	60	159	0.980	0.036
13122.000000	60	159	0.980	0.036
13128.000000	60	159	0.980	0.036
13134.000000	60	159	0.980	0.035
13140.000000	60	159	0.980	0.033
13146.000000	60	159	0.980	0.032
13152.000000	60	159	0.980	0.029
13158.000000	60	65	0.980	0.028
13164.000000	60	65	0.979	0.030
13170.000000	60	65	0.979	0.031
13176.000000	60	65	0.979	0.033
13182.000000	60	65	0.978	0.033
13188.000000	60	65	0.978	0.033
13194.000000	60	65	0.977	0.034
13200.000000	60	65	0.975	0.034
13206.000000	60	65	0.972	0.034
13212.000000	60	65	0.971	0.034
13218.000000	60	65	0.970	0.034
13224.000000	60	65	0.969	0.033
13230.000000	60	65	0.967	0.032
13236.000000	60	65	0.966	0.030
13242.000000	60	65	0.966	0.030
13248.000000	60	65	0.966	0.030
13254.000000	60	65	0.967	0.030
13260.000000	60	65	0.968	0.029
13266.000000	60	65	0.968	0.028
13272.000000	60	65	0.967	0.027
13278.000000	60	23	0.967	0.026
13284.000000	60	23	0.965	0.026
13290.000000	60	23	0.963	0.026
13296.000000	60	23	0.962	0.026
13302.000000	60	23	0.959	0.027
13308.000000	60	23	0.956	0.027
13314.000000	60	23	0.954	0.027
13320.000000	60	23	0.951	0.027
13326.000000	60	23	0.949	0.027
13332.000000	60	23	0.948	0.027
13338.000000	60	23	0.948	0.027
13344.000000	60	23	0.948	0.027
13350.000000	60	23	0.949	0.027
13356.000000	60	23	0.948	0.027
13362.000000	60	23	0.947	0.027
13368.000000	60	23	0.942	0.027
13374.000000	60	23	0.938	0.027
13380.000000	60	23	0.935	0.027
13386.000000	60	23	0.934	0.027
13392.000000	60	23	0.934	0.027
13398.000000	60	23	0.933	0.027
13404.000000	60	23	0.932	0.027
13410.000000	60	23	0.931	0.027
13416.000000	60	23	0.929	0.027
13422.000000	60	23	0.925	0.027
13428.000000	60	23	0.922	0.027
13434.000000	60	133	0.922	0.027
13440.000000	60	133	0.920	0.028
13446.000000	60	133	0.917	0.028
13452.000000	60	133	0.915	0.029
13458.000000	60	133	0.915	0.029
13464.000000	60	133	0.915	0.028
13470.000000	60	133	0.915	0.028
13476.000000	60	133	0.915	0.028
13482.000000	60	133	0.914	0.028
13488.000000	60	133	0.912	0.028
13494.000000	60	133	0.910	0.028
13500.000000	60	133	0.909	0.028
13506.000000	60	65	0.909	0.028
13512.000000	60	65	0.910	0.031
13518.000000	60	65	0.910	0.033
13524.000000	60	65	0.908	0.034
13530.000000	60	65	0.904	0.034
13536.000000	60	65	0.900	0.033
13542.000000	60	65	0.898	0.033
13548.000000	60	65	0.897	0.033
13554.000000	60	65	0.898	0.033
13560.000000	60	65	0.892	0.033
13566.000000	60	65	0.884	0.033
13572.000000	60	65	0.879	0.034
13578.000000	60	65	0.877	0.034
13584.000000	60	65	0.873	0.034
13590.000000	60	65	0.872	0.034
13596.000000	60	65	0.874	0.034
13602.000000	60	65	0.872	0.035
13608.000000	60	65	0.868	0.036
13614.000000	60	65	0.860	0.037
13620.000000	60	65	0.852	0.037
13626.000000	60	65	0.842	0.037
13632.000000	60	65	0.835	0.037
13638.000000	60	117	0.825	0.038
13644.000000	60	117	0.810	0.039
13650.000000	60	117	0.794	0.039
13656.000000	60	117	0.780	0.038
13662.000000	60	117	0.763	0.038
13668.000000	60	117	0.728	0.035
13674.000000	60	61	0.676	0.033
13680.000000	60	61	0.579	0.033
13686.000000	60	61	0.392	0.030
13692.000000	60	36	0.121	0.024
13698.000000	60	81	0.022	0.016
13704.000000	29	69	0.014	0.013
13710.000000	29	126	0.010	0.010
