0.000000	125	102	0.000	0.000
6.000000	118	130	0.992	0.056
12.000000	118	130	0.992	0.060
18.000000	118	130	0.992	0.066
24.000000	118	130	0.991	0.071
30.000000	118	130	0.990	0.077
36.000000	118	130	0.988	0.085
42.000000	118	130	0.985	0.096
48.000000	118	130	0.983	0.106
54.000000	118	130	0.980	0.114
60.000000	118	130	0.977	0.125
66.000000	118	130	0.974	0.140
72.000000	118	130	0.971	0.159
78.000000	118	130	0.967	0.177
84.000000	118	130	0.964	0.193
90.000000	118	130	0.961	0.205
96.000000	118	130	0.957	0.219
102.000000	118	130	0.953	0.234
108.000000	118	130	0.948	0.252
114.000000	118	130	0.944	0.271
120.000000	118	130	0.941	0.288
126.000000	118	130	0.937	0.310
132.000000	118	130	0.934	0.326
138.000000	118	130	0.931	0.338
144.000000	118	130	0.928	0.345
150.000000	118	130	0.926	0.351
156.000000	118	130	0.924	0.355
162.000000	118	130	0.923	0.357
168.000000	118	130	0.922	0.358
174.000000	118	130	0.920	0.359
180.000000	118	130	0.919	0.361
186.000000	118	130	0.918	0.362
192.000000	118	130	0.917	0.363
198.000000	118	130	0.915	0.365
204.000000	118	130	0.912	0.372
210.000000	118	130	0.911	0.372
216.000000	118	130	0.909	0.371
222.000000	118	130	0.907	0.371
228.000000	118	130	0.907	0.374
234.000000	118	130	0.906	0.378
240.000000	118	130	0.906	0.384
246.000000	118	130	0.905	0.386
252.000000	118	130	0.905	0.382
258.000000	118	130	0.904	0.373
264.000000	118	130	0.901	0.368
270.000000	118	130	0.898	0.369
276.000000	118	130	0.894	0.371
282.000000	118	130	0.888	0.371
288.000000	118	190	0.885	0.379
294.000000	118	190	0.884	0.393
300.000000	118	190	0.881	0.412
306.000000	118	190	0.878	0.434
312.000000	118	190	0.873	0.453
318.000000	118	190	0.865	0.472
324.000000	118	190	0.851	0.499
330.000000	118	190	0.840	0.517
336.000000	118	190	0.830	0.551
342.000000	118	190	0.816	0.577
348.000000	118	190	0.804	0.592
354.000000	118	190	0.787	0.606
360.000000	118	190	0.762	0.622
366.000000	118	190	0.731	0.648
372.000000	118	190	0.684	0.671
378.000000	190	118	0.686	0.636
384.000000	190	10	0.704	0.595
390.000000	190	10	0.720	0.612
396.000000	190	10	0.740	0.634
402.000000	190	10	0.783	0.662
408.000000	190	10	0.802	0.689
414.000000	190	10	0.808	0.701
420.000000	190	10	0.816	0.714
426.000000	190	10	0.822	0.712
432.000000	190	10	0.828	0.704
438.000000	190	10	0.825	0.704
444.000000	190	10	0.823	0.707
450.000000	190	10	0.822	0.711
456.000000	190	10	0.820	0.712
462.000000	190	10	0.817	0.706
468.000000	190	10	0.816	0.700
474.000000	190	10	0.818	0.695
480.000000	190	10	0.817	0.690
486.000000	190	10	0.816	0.686
492.000000	190	10	0.819	0.678
498.000000	190	10	0.818	0.674
504.000000	190	10	0.818	0.671
510.000000	190	10	0.818	0.666
516.000000	190	10	0.815	0.663
522.000000	190	10	0.821	0.656
528.000000	190	10	0.821	0.652
534.000000	190	10	0.822	0.649
540.000000	190	10	0.827	0.644
546.000000	190	10	0.835	0.633
552.000000	190	10	0.835	0.623
558.000000	190	10	0.837	0.606
564.000000	190	10	0.838	0.586
570.000000	190	10	0.836	0.568
576.000000	190	10	0.835	0.552
582.000000	190	10	0.832	0.532
588.000000	190	10	0.831	0.509
594.000000	190	10	0.831	0.480
600.000000	190	10	0.832	0.445
606.000000	190	10	0.831	0.407
612.000000	190	10	0.836	0.350
618.000000	190	10	0.842	0.288
624.000000	190	10	0.844	0.217
630.000000	190	0	0.846	0.178
636.000000	190	0	0.852	0.188
642.000000	190	0	0.855	0.202
648.000000	190	0	0.852	0.221
654.000000	190	0	0.845	0.235
660.000000	190	0	0.841	0.244
666.000000	190	0	0.835	0.250
672.000000	190	0	0.828	0.252
678.000000	190	0	0.819	0.254
684.000000	190	0	0.809	0.261
690.000000	190	0	0.797	0.278
696.000000	190	0	0.788	0.287
702.000000	190	0	0.777	0.293
708.000000	190	0	0.762	0.302
714.000000	190	0	0.747	0.311
720.000000	190	0	0.729	0.323
726.000000	190	0	0.710	0.340
732.000000	190	0	0.692	0.348
738.000000	190	0	0.674	0.358
744.000000	190	0	0.644	0.373
750.000000	190	0	0.610	0.393
756.000000	190	0	0.567	0.408
762.000000	190	0	0.518	0.429
768.000000	190	0	0.453	0.449
774.000000	0	190	0.458	0.375
780.000000	0	195	0.467	0.302
786.000000	0	195	0.478	0.320
792.000000	0	195	0.491	0.331
798.000000	0	195	0.513	0.332
804.000000	0	195	0.536	0.334
810.000000	0	195	0.558	0.341
816.000000	0	195	0.584	0.337
822.000000	0	195	0.588	0.342
828.000000	0	195	0.602	0.340
834.000000	0	195	0.625	0.335
840.000000	0	195	0.636	0.327
846.000000	0	195	0.645	0.324
852.000000	0	195	0.656	0.323
858.000000	0	48	0.673	0.328
864.000000	0	48	0.683	0.338
870.000000	0	48	0.688	0.345
876.000000	0	48	0.695	0.355
882.000000	0	48	0.702	0.369
888.000000	0	48	0.713	0.384
894.000000	0	48	0.731	0.395
900.000000	0	48	0.736	0.404
906.000000	0	48	0.740	0.418
912.000000	0	48	0.743	0.425
918.000000	0	48	0.748	0.435
924.000000	0	48	0.753	0.444
930.000000	0	48	0.760	0.455
936.000000	0	48	0.770	0.470
942.000000	0	48	0.781	0.482
948.000000	0	48	0.793	0.491
954.000000	0	48	0.801	0.516
960.000000	0	48	0.810	0.540
966.000000	0	48	0.817	0.551
972.000000	0	48	0.823	0.576
978.000000	0	48	0.824	0.604
984.000000	0	48	0.825	0.632
990.000000	0	48	0.823	0.657
996.000000	0	48	0.825	0.679
1002.000000	0	48	0.827	0.695
1008.000000	0	48	0.825	0.714
1014.000000	0	48	0.827	0.723
1020.000000	0	48	0.823	0.734
1026.000000	0	48	0.818	0.745
1032.000000	0	48	0.815	0.752
1038.000000	0	48	0.805	0.763
1044.000000	0	48	0.794	0.773
1050.000000	0	48	0.786	0.781
1056.000000	48	0	0.785	0.780
1062.000000	48	0	0.792	0.772
1068.000000	48	0	0.802	0.758
1074.000000	48	0	0.808	0.749
1080.000000	48	0	0.811	0.734
1086.000000	48	0	0.817	0.717
1092.000000	48	0	0.822	0.702
1098.000000	48	0	0.829	0.682
1104.000000	48	0	0.831	0.662
1110.000000	48	0	0.833	0.636
1116.000000	48	0	0.837	0.611
1122.000000	48	0	0.844	0.575
1128.000000	48	0	0.864	0.524
1134.000000	48	0	0.875	0.464
1140.000000	48	0	0.887	0.367
1146.000000	48	0	0.894	0.245
1152.000000	48	75	0.910	0.149
1158.000000	48	75	0.927	0.163
1164.000000	48	75	0.931	0.177
1170.000000	48	75	0.930	0.201
1176.000000	48	75	0.928	0.224
1182.000000	48	75	0.926	0.244
1188.000000	48	75	0.922	0.269
1194.000000	48	75	0.918	0.291
1200.000000	48	75	0.915	0.318
1206.000000	48	75	0.913	0.342
1212.000000	48	75	0.911	0.366
1218.000000	48	75	0.908	0.395
1224.000000	48	75	0.905	0.414
1230.000000	48	75	0.900	0.443
1236.000000	48	75	0.895	0.469
1242.000000	48	75	0.889	0.488
1248.000000	48	75	0.882	0.505
1254.000000	48	75	0.873	0.523
1260.000000	48	75	0.860	0.541
1266.000000	48	75	0.851	0.558
1272.000000	48	75	0.845	0.566
1278.000000	48	75	0.834	0.582
1284.000000	48	75	0.818	0.596
1290.000000	48	75	0.801	0.613
1296.000000	48	75	0.792	0.621
1302.000000	48	75	0.780	0.625
1308.000000	48	75	0.761	0.634
1314.000000	48	75	0.736	0.647
1320.000000	48	75	0.705	0.668
1326.000000	75	48	0.688	0.668
1332.000000	75	48	0.711	0.625
1338.000000	75	48	0.731	0.567
1344.000000	75	48	0.759	0.486
1350.000000	75	48	0.792	0.366
1356.000000	75	138	0.819	0.301
1362.000000	75	138	0.842	0.308
1368.000000	75	138	0.856	0.306
1374.000000	75	138	0.870	0.300
1380.000000	75	138	0.876	0.297
1386.000000	75	37	0.886	0.313
1392.000000	75	37	0.890	0.335
1398.000000	75	37	0.890	0.354
1404.000000	75	37	0.888	0.361
1410.000000	75	37	0.884	0.365
1416.000000	75	37	0.879	0.376
1422.000000	75	37	0.875	0.392
1428.000000	75	37	0.874	0.398
1434.000000	75	37	0.875	0.399
1440.000000	75	37	0.874	0.401
1446.000000	75	37	0.873	0.405
1452.000000	75	37	0.875	0.411
1458.000000	75	37	0.874	0.414
1464.000000	75	37	0.873	0.424
1470.000000	75	37	0.868	0.446
1476.000000	75	37	0.865	0.458
1482.000000	75	37	0.863	0.463
1488.000000	75	37	0.860	0.475
1494.000000	75	37	0.856	0.477
1500.000000	75	37	0.857	0.482
1506.000000	75	37	0.857	0.498
1512.000000	75	37	0.861	0.512
1518.000000	75	37	0.864	0.522
1524.000000	75	37	0.865	0.534
1530.000000	75	37	0.864	0.546
1536.000000	75	37	0.861	0.556
1542.000000	75	37	0.859	0.565
1548.000000	75	37	0.859	0.570
1554.000000	75	37	0.856	0.576
1560.000000	75	37	0.854	0.588
1566.000000	75	37	0.851	0.592
1572.000000	75	37	0.847	0.597
1578.000000	75	37	0.843	0.609
1584.000000	75	37	0.837	0.619
1590.000000	75	37	0.831	0.626
1596.000000	75	37	0.825	0.637
1602.000000	75	37	0.818	0.643
1608.000000	75	37	0.809	0.651
1614.000000	75	37	0.802	0.662
1620.000000	75	37	0.792	0.667
1626.000000	75	37	0.777	0.672
1632.000000	75	37	0.756	0.687
1638.000000	75	37	0.735	0.696
1644.000000	75	37	0.710	0.710
1650.000000	37	75	0.721	0.688
1656.000000	37	75	0.745	0.646
1662.000000	37	75	0.770	0.600
1668.000000	37	75	0.790	0.526
1674.000000	37	75	0.816	0.445
1680.000000	37	54	0.835	0.399
1686.000000	37	54	0.854	0.411
1692.000000	37	54	0.877	0.434
1698.000000	37	54	0.888	0.443
1704.000000	37	54	0.892	0.455
1710.000000	37	54	0.891	0.469
1716.000000	37	54	0.891	0.474
1722.000000	37	54	0.891	0.475
1728.000000	37	54	0.893	0.474
1734.000000	37	54	0.895	0.475
1740.000000	37	54	0.895	0.481
1746.000000	37	54	0.893	0.483
1752.000000	37	54	0.890	0.485
1758.000000	37	54	0.885	0.482
1764.000000	37	54	0.875	0.485
1770.000000	37	54	0.873	0.481
1776.000000	37	54	0.868	0.477
1782.000000	37	54	0.863	0.473
1788.000000	37	54	0.857	0.462
1794.000000	37	54	0.855	0.453
1800.000000	37	54	0.852	0.445
1806.000000	37	54	0.849	0.435
1812.000000	37	54	0.843	0.432
1818.000000	37	54	0.834	0.431
1824.000000	37	54	0.827	0.419
1830.000000	37	54	0.821	0.400
1836.000000	37	54	0.813	0.374
1842.000000	37	54	0.801	0.356
1848.000000	37	54	0.792	0.327
1854.000000	37	170	0.779	0.327
1860.000000	37	170	0.772	0.345
1866.000000	37	170	0.769	0.366
1872.000000	37	170	0.759	0.387
1878.000000	37	170	0.748	0.406
1884.000000	37	170	0.729	0.429
1890.000000	37	170	0.706	0.450
1896.000000	37	170	0.672	0.467
1902.000000	37	170	0.622	0.489
1908.000000	37	170	0.572	0.509
1914.000000	170	37	0.532	0.519
1920.000000	170	90	0.565	0.502
1926.000000	170	90	0.598	0.526
1932.000000	170	90	0.616	0.550
1938.000000	170	90	0.634	0.572
1944.000000	170	90	0.644	0.602
1950.000000	170	90	0.660	0.626
1956.000000	170	90	0.674	0.648
1962.000000	170	90	0.691	0.660
1968.000000	170	90	0.700	0.682
1974.000000	170	90	0.709	0.704
1980.000000	170	90	0.713	0.712
1986.000000	90	170	0.724	0.722
1992.000000	170	90	0.734	0.728
1998.000000	170	90	0.739	0.736
2004.000000	90	170	0.751	0.744
2010.000000	90	170	0.764	0.737
2016.000000	90	170	0.774	0.736
2022.000000	90	170	0.780	0.741
2028.000000	90	170	0.784	0.744
2034.000000	90	170	0.790	0.747
2040.000000	90	170	0.797	0.746
2046.000000	90	170	0.806	0.742
2052.000000	90	170	0.810	0.740
2058.000000	90	170	0.812	0.744
2064.000000	90	170	0.812	0.747
2070.000000	90	170	0.812	0.747
2076.000000	90	170	0.814	0.746
2082.000000	90	170	0.815	0.746
2088.000000	90	170	0.818	0.749
2094.000000	90	170	0.820	0.754
2100.000000	90	170	0.819	0.754
2106.000000	90	170	0.825	0.752
2112.000000	90	170	0.827	0.754
2118.000000	90	170	0.829	0.755
2124.000000	90	170	0.830	0.749
2130.000000	90	170	0.840	0.738
2136.000000	90	170	0.842	0.736
2142.000000	90	170	0.843	0.736
2148.000000	90	170	0.846	0.734
2154.000000	90	170	0.848	0.734
2160.000000	90	170	0.850	0.733
2166.000000	90	170	0.850	0.728
2172.000000	90	170	0.855	0.719
2178.000000	90	170	0.857	0.713
2184.000000	90	170	0.861	0.706
2190.000000	90	170	0.868	0.694
2196.000000	90	170	0.869	0.683
2202.000000	90	170	0.868	0.671
2208.000000	90	170	0.873	0.645
2214.000000	90	170	0.873	0.617
2220.000000	90	170	0.876	0.577
2226.000000	90	170	0.878	0.531
2232.000000	90	170	0.884	0.472
2238.000000	90	170	0.892	0.395
2244.000000	90	170	0.905	0.291
2250.000000	90	170	0.916	0.180
2256.000000	90	113	0.926	0.176
2262.000000	90	113	0.931	0.182
2268.000000	90	113	0.937	0.195
2274.000000	90	113	0.935	0.217
2280.000000	90	113	0.934	0.234
2286.000000	90	113	0.933	0.252
2292.000000	90	113	0.931	0.277
2298.000000	90	113	0.930	0.298
2304.000000	90	113	0.928	0.326
2310.000000	90	113	0.922	0.367
2316.000000	90	113	0.916	0.402
2322.000000	90	113	0.910	0.424
2328.000000	90	113	0.904	0.445
2334.000000	90	113	0.893	0.470
2340.000000	90	113	0.882	0.485
2346.000000	90	113	0.870	0.504
2352.000000	90	113	0.847	0.527
2358.000000	90	113	0.824	0.545
2364.000000	90	113	0.797	0.559
2370.000000	90	113	0.769	0.575
2376.000000	90	113	0.738	0.592
2382.000000	90	113	0.694	0.608
2388.000000	90	113	0.642	0.632
2394.000000	113	90	0.673	0.571
2400.000000	113	90	0.739	0.457
2406.000000	113	90	0.793	0.324
2412.000000	113	164	0.823	0.269
2418.000000	113	164	0.845	0.272
2424.000000	113	164	0.872	0.272
2430.000000	113	164	0.879	0.275
2436.000000	113	164	0.887	0.287
2442.000000	113	164	0.892	0.300
2448.000000	113	164	0.894	0.310
2454.000000	113	164	0.893	0.322
2460.000000	113	164	0.892	0.333
2466.000000	113	164	0.889	0.345
2472.000000	113	164	0.887	0.357
2478.000000	113	164	0.886	0.363
2484.000000	113	164	0.889	0.367
2490.000000	113	164	0.889	0.372
2496.000000	113	164	0.882	0.383
2502.000000	113	164	0.880	0.385
2508.000000	113	164	0.879	0.389
2514.000000	113	164	0.880	0.393
2520.000000	113	164	0.882	0.394
2526.000000	113	164	0.886	0.390
2532.000000	113	164	0.887	0.393
2538.000000	113	164	0.886	0.394
2544.000000	113	164	0.886	0.403
2550.000000	113	164	0.887	0.412
2556.000000	113	164	0.888	0.415
2562.000000	113	164	0.890	0.414
2568.000000	113	164	0.890	0.416
2574.000000	113	164	0.889	0.420
2580.000000	113	164	0.887	0.427
2586.000000	113	164	0.879	0.440
2592.000000	113	164	0.878	0.450
2598.000000	113	164	0.877	0.452
2604.000000	113	164	0.876	0.456
2610.000000	113	164	0.874	0.460
2616.000000	113	164	0.872	0.463
2622.000000	113	164	0.868	0.467
2628.000000	113	164	0.861	0.470
2634.000000	113	164	0.853	0.471
2640.000000	113	164	0.847	0.473
2646.000000	113	50	0.841	0.480
2652.000000	113	50	0.830	0.490
2658.000000	113	50	0.816	0.506
2664.000000	113	50	0.807	0.519
2670.000000	113	50	0.794	0.537
2676.000000	113	50	0.785	0.551
2682.000000	113	50	0.773	0.562
2688.000000	113	50	0.756	0.576
2694.000000	113	50	0.738	0.596
2700.000000	113	50	0.722	0.607
2706.000000	113	50	0.698	0.627
2712.000000	113	50	0.676	0.647
2718.000000	50	113	0.682	0.651
2724.000000	50	113	0.710	0.614
2730.000000	50	113	0.738	0.564
2736.000000	50	113	0.786	0.472
2742.000000	50	113	0.839	0.359
2748.000000	50	59	0.882	0.293
2754.000000	50	59	0.919	0.316
2760.000000	50	59	0.934	0.335
2766.000000	50	59	0.945	0.350
2772.000000	50	59	0.949	0.365
2778.000000	50	59	0.948	0.377
2784.000000	50	59	0.945	0.391
2790.000000	50	59	0.943	0.405
2796.000000	50	59	0.941	0.419
2802.000000	50	59	0.938	0.434
2808.000000	50	59	0.935	0.440
2814.000000	50	59	0.932	0.442
2820.000000	50	59	0.927	0.449
2826.000000	50	59	0.923	0.454
2832.000000	50	59	0.918	0.455
2838.000000	50	59	0.914	0.459
2844.000000	50	59	0.909	0.459
2850.000000	50	59	0.906	0.466
2856.000000	50	59	0.901	0.467
2862.000000	50	59	0.897	0.468
2868.000000	50	59	0.892	0.472
2874.000000	50	59	0.886	0.476
2880.000000	50	59	0.878	0.480
2886.000000	50	59	0.870	0.481
2892.000000	50	59	0.861	0.479
2898.000000	50	59	0.858	0.478
2904.000000	50	59	0.853	0.479
2910.000000	50	59	0.847	0.479
2916.000000	50	59	0.843	0.478
2922.000000	50	59	0.839	0.474
2928.000000	50	59	0.829	0.463
2934.000000	50	59	0.822	0.450
2940.000000	50	59	0.817	0.438
2946.000000	50	59	0.811	0.429
2952.000000	50	59	0.806	0.416
2958.000000	50	59	0.795	0.398
2964.000000	50	143	0.775	0.399
2970.000000	50	143	0.757	0.414
2976.000000	50	143	0.738	0.430
2982.000000	50	143	0.721	0.450
2988.000000	50	143	0.704	0.472
2994.000000	50	143	0.681	0.499
3000.000000	50	143	0.657	0.525
3006.000000	50	143	0.628	0.549
3012.000000	50	143	0.591	0.565
3018.000000	143	50	0.587	0.547
3024.000000	143	50	0.620	0.491
3030.000000	143	50	0.643	0.425
3036.000000	143	50	0.657	0.344
3042.000000	143	182	0.680	0.369
3048.000000	143	182	0.708	0.386
3054.000000	143	182	0.722	0.398
3060.000000	143	182	0.732	0.413
3066.000000	143	182	0.740	0.414
3072.000000	143	182	0.742	0.411
3078.000000	143	182	0.741	0.416
3084.000000	143	182	0.750	0.425
3090.000000	143	182	0.758	0.426
3096.000000	143	182	0.756	0.425
3102.000000	143	182	0.753	0.426
3108.000000	143	182	0.753	0.430
3114.000000	143	182	0.760	0.433
3120.000000	143	182	0.759	0.442
3126.000000	143	182	0.758	0.445
3132.000000	143	182	0.756	0.444
3138.000000	143	182	0.757	0.440
3144.000000	143	182	0.753	0.438
3150.000000	143	182	0.749	0.438
3156.000000	143	182	0.746	0.443
3162.000000	143	182	0.746	0.445
3168.000000	143	182	0.742	0.452
3174.000000	143	182	0.738	0.452
3180.000000	143	182	0.736	0.448
3186.000000	143	182	0.737	0.445
3192.000000	143	182	0.736	0.441
3198.000000	143	182	0.735	0.438
3204.000000	143	182	0.735	0.437
3210.000000	143	182	0.732	0.436
3216.000000	143	182	0.734	0.430
3222.000000	143	182	0.735	0.432
3228.000000	143	182	0.737	0.432
3234.000000	143	182	0.741	0.434
3240.000000	143	182	0.746	0.431
3246.000000	143	182	0.752	0.423
3252.000000	143	182	0.757	0.405
3258.000000	143	182	0.757	0.398
3264.000000	143	182	0.751	0.388
3270.000000	143	182	0.751	0.373
3276.000000	143	182	0.748	0.364
3282.000000	143	182	0.745	0.357
3288.000000	143	182	0.745	0.343
3294.000000	143	182	0.738	0.328
3300.000000	143	182	0.737	0.308
3306.000000	143	182	0.733	0.289
3312.000000	143	182	0.726	0.268
3318.000000	143	182	0.721	0.244
3324.000000	143	170	0.716	0.214
3330.000000	143	170	0.711	0.215
3336.000000	143	170	0.700	0.215
3342.000000	143	13	0.692	0.222
3348.000000	143	13	0.683	0.231
3354.000000	143	13	0.672	0.239
3360.000000	143	13	0.658	0.243
3366.000000	143	13	0.637	0.247
3372.000000	143	13	0.612	0.249
3378.000000	143	75	0.578	0.260
3384.000000	143	75	0.537	0.278
3390.000000	143	75	0.492	0.302
3396.000000	143	75	0.448	0.323
3402.000000	143	75	0.402	0.339
3408.000000	75	143	0.353	0.351
3414.000000	75	13	0.368	0.314
3420.000000	75	13	0.386	0.324
3426.000000	75	13	0.406	0.326
3432.000000	75	13	0.412	0.326
3438.000000	75	13	0.416	0.328
3444.000000	75	13	0.425	0.331
3450.000000	75	13	0.431	0.332
3456.000000	75	13	0.439	0.336
3462.000000	75	13	0.450	0.333
3468.000000	75	13	0.454	0.335
3474.000000	75	13	0.455	0.334
3480.000000	75	13	0.460	0.333
3486.000000	75	13	0.462	0.337
3492.000000	75	13	0.458	0.334
3498.000000	75	13	0.456	0.332
3504.000000	75	13	0.456	0.326
3510.000000	75	13	0.453	0.326
3516.000000	75	13	0.455	0.322
3522.000000	75	13	0.458	0.318
3528.000000	75	13	0.458	0.316
3534.000000	75	42	0.456	0.318
3540.000000	75	42	0.454	0.318
3546.000000	75	42	0.457	0.313
3552.000000	75	42	0.466	0.313
3558.000000	75	42	0.480	0.319
3564.000000	75	42	0.482	0.329
3570.000000	75	42	0.483	0.331
3576.000000	75	42	0.484	0.321
3582.000000	75	42	0.478	0.321
3588.000000	75	42	0.472	0.322
3594.000000	75	42	0.466	0.326
3600.000000	75	42	0.461	0.327
3606.000000	75	42	0.463	0.328
3612.000000	75	42	0.457	0.330
3618.000000	75	42	0.442	0.333
3624.000000	75	42	0.435	0.337
3630.000000	75	42	0.434	0.333
3636.000000	75	42	0.422	0.331
3642.000000	75	63	0.405	0.352
3648.000000	75	63	0.384	0.368
3654.000000	63	75	0.380	0.362
3660.000000	63	42	0.406	0.339
3666.000000	63	42	0.435	0.337
3672.000000	63	42	0.461	0.335
3678.000000	63	42	0.479	0.330
3684.000000	63	42	0.498	0.324
3690.000000	63	42	0.512	0.315
3696.000000	63	82	0.522	0.317
3702.000000	63	82	0.552	0.324
3708.000000	63	82	0.572	0.332
3714.000000	63	82	0.585	0.342
3720.000000	63	82	0.595	0.351
3726.000000	63	82	0.604	0.363
3732.000000	63	82	0.618	0.385
3738.000000	63	82	0.622	0.412
3744.000000	63	82	0.638	0.443
3750.000000	63	82	0.650	0.470
3756.000000	63	82	0.661	0.491
3762.000000	63	82	0.667	0.501
3768.000000	63	82	0.678	0.504
3774.000000	63	82	0.698	0.512
3780.000000	63	82	0.715	0.525
3786.000000	63	82	0.731	0.546
3792.000000	63	82	0.747	0.562
3798.000000	63	82	0.763	0.571
3804.000000	63	82	0.767	0.577
3810.000000	63	82	0.773	0.581
3816.000000	63	82	0.774	0.592
3822.000000	63	82	0.784	0.601
3828.000000	63	82	0.793	0.603
3834.000000	63	82	0.797	0.608
3840.000000	63	82	0.803	0.615
3846.000000	63	82	0.808	0.621
3852.000000	63	82	0.811	0.627
3858.000000	63	82	0.814	0.634
3864.000000	63	82	0.816	0.643
3870.000000	63	82	0.819	0.649
3876.000000	63	82	0.823	0.647
3882.000000	63	82	0.831	0.649
3888.000000	63	82	0.833	0.651
3894.000000	63	82	0.834	0.648
3900.000000	63	82	0.838	0.648
3906.000000	63	82	0.843	0.651
3912.000000	63	82	0.845	0.653
3918.000000	63	82	0.852	0.647
3924.000000	63	82	0.853	0.648
3930.000000	63	82	0.850	0.646
3936.000000	63	82	0.846	0.650
3942.000000	63	82	0.845	0.652
3948.000000	63	82	0.845	0.649
3954.000000	63	82	0.842	0.647
3960.000000	63	82	0.838	0.650
3966.000000	63	82	0.841	0.650
3972.000000	63	82	0.841	0.650
3978.000000	63	82	0.843	0.647
3984.000000	63	82	0.843	0.645
3990.000000	63	82	0.845	0.644
3996.000000	63	82	0.841	0.643
4002.000000	63	82	0.841	0.637
4008.000000	63	82	0.840	0.636
4014.000000	63	82	0.839	0.631
4020.000000	63	82	0.836	0.622
4026.000000	63	82	0.831	0.615
4032.000000	63	82	0.823	0.607
4038.000000	63	82	0.821	0.595
4044.000000	63	82	0.819	0.580
4050.000000	63	82	0.820	0.563
4056.000000	63	82	0.817	0.548
4062.000000	63	82	0.819	0.527
4068.000000	63	82	0.824	0.506
4074.000000	63	82	0.826	0.484
4080.000000	63	82	0.827	0.457
4086.000000	63	82	0.825	0.424
4092.000000	63	82	0.823	0.378
4098.000000	63	82	0.826	0.319
4104.000000	63	82	0.831	0.242
4110.000000	63	167	0.838	0.203
4116.000000	63	76	0.843	0.198
4122.000000	63	76	0.847	0.199
4128.000000	63	76	0.852	0.201
4134.000000	63	76	0.853	0.200
4140.000000	63	76	0.853	0.201
4146.000000	63	76	0.852	0.203
4152.000000	63	76	0.852	0.210
4158.000000	63	76	0.850	0.221
4164.000000	63	76	0.848	0.232
4170.000000	63	76	0.844	0.244
4176.000000	63	76	0.840	0.251
4182.000000	63	76	0.834	0.263
4188.000000	63	76	0.828	0.281
4194.000000	63	76	0.824	0.292
4200.000000	63	76	0.818	0.302
4206.000000	63	76	0.804	0.315
4212.000000	63	76	0.788	0.328
4218.000000	63	76	0.764	0.345
4224.000000	63	76	0.747	0.359
4230.000000	63	76	0.730	0.369
4236.000000	63	76	0.715	0.378
4242.000000	63	76	0.689	0.387
4248.000000	63	76	0.646	0.402
4254.000000	63	76	0.588	0.430
4260.000000	63	76	0.514	0.450
4266.000000	76	63	0.466	0.432
4272.000000	76	63	0.495	0.330
4278.000000	76	63	0.534	0.168
4284.000000	76	34	0.591	0.156
4290.000000	76	34	0.632	0.157
4296.000000	76	34	0.653	0.163
4302.000000	76	34	0.670	0.168
4308.000000	76	34	0.683	0.174
4314.000000	76	34	0.703	0.187
4320.000000	76	34	0.713	0.196
4326.000000	76	34	0.721	0.206
4332.000000	76	34	0.729	0.224
4338.000000	76	34	0.743	0.242
4344.000000	76	34	0.751	0.252
4350.000000	76	34	0.763	0.260
4356.000000	76	34	0.773	0.265
4362.000000	76	34	0.778	0.262
4368.000000	76	34	0.783	0.259
4374.000000	76	34	0.792	0.262
4380.000000	76	34	0.805	0.262
4386.000000	76	34	0.808	0.259
4392.000000	76	34	0.816	0.250
4398.000000	76	34	0.822	0.246
4404.000000	76	86	0.833	0.244
4410.000000	76	86	0.838	0.249
4416.000000	76	86	0.847	0.248
4422.000000	76	86	0.851	0.246
4428.000000	76	86	0.856	0.242
4434.000000	76	86	0.863	0.242
4440.000000	76	86	0.865	0.245
4446.000000	76	86	0.865	0.250
4452.000000	76	86	0.865	0.254
4458.000000	76	86	0.866	0.258
4464.000000	76	86	0.870	0.267
4470.000000	76	86	0.875	0.278
4476.000000	76	86	0.873	0.285
4482.000000	76	86	0.870	0.287
4488.000000	76	86	0.872	0.287
4494.000000	76	86	0.870	0.290
4500.000000	76	86	0.867	0.294
4506.000000	76	86	0.862	0.293
4512.000000	76	86	0.859	0.290
4518.000000	76	86	0.857	0.289
4524.000000	76	86	0.856	0.296
4530.000000	76	164	0.855	0.310
4536.000000	76	164	0.853	0.326
4542.000000	76	164	0.849	0.345
4548.000000	76	164	0.842	0.361
4554.000000	76	164	0.838	0.382
4560.000000	76	164	0.834	0.403
4566.000000	76	164	0.832	0.425
4572.000000	76	164	0.831	0.449
4578.000000	76	164	0.830	0.468
4584.000000	76	164	0.824	0.485
4590.000000	76	164	0.817	0.508
4596.000000	76	164	0.799	0.541
4602.000000	76	164	0.791	0.561
4608.000000	76	164	0.783	0.576
4614.000000	76	164	0.769	0.593
4620.000000	76	164	0.757	0.618
4626.000000	76	164	0.746	0.637
4632.000000	76	164	0.738	0.658
4638.000000	76	164	0.723	0.688
4644.000000	164	76	0.713	0.705
4650.000000	164	76	0.745	0.676
4656.000000	164	76	0.761	0.648
4662.000000	164	76	0.775	0.615
4668.000000	164	76	0.792	0.580
4674.000000	164	76	0.812	0.531
4680.000000	164	76	0.836	0.451
4686.000000	164	76	0.860	0.357
4692.000000	164	76	0.883	0.241
4698.000000	164	86	0.907	0.144
4704.000000	164	99	0.937	0.113
4710.000000	164	99	0.948	0.115
4716.000000	164	99	0.950	0.120
4722.000000	164	99	0.951	0.124
4728.000000	164	112	0.950	0.126
4734.000000	164	112	0.949	0.136
4740.000000	164	112	0.947	0.146
4746.000000	164	112	0.946	0.154
4752.000000	164	112	0.943	0.159
4758.000000	164	193	0.941	0.169
4764.000000	164	162	0.939	0.178
4770.000000	164	162	0.936	0.195
4776.000000	164	162	0.934	0.208
4782.000000	164	193	0.931	0.221
4788.000000	164	193	0.928	0.231
4794.000000	164	193	0.922	0.241
4800.000000	164	193	0.918	0.255
4806.000000	164	193	0.914	0.268
4812.000000	164	162	0.911	0.279
4818.000000	164	162	0.910	0.287
4824.000000	164	162	0.908	0.296
4830.000000	164	162	0.905	0.311
4836.000000	164	162	0.902	0.326
4842.000000	164	162	0.897	0.342
4848.000000	164	162	0.892	0.350
4854.000000	164	162	0.889	0.358
4860.000000	164	162	0.885	0.371
4866.000000	164	162	0.884	0.388
4872.000000	164	162	0.882	0.404
4878.000000	164	162	0.881	0.417
4884.000000	164	162	0.877	0.432
4890.000000	164	162	0.874	0.443
4896.000000	164	162	0.870	0.454
4902.000000	164	162	0.866	0.465
4908.000000	164	162	0.860	0.474
4914.000000	164	193	0.854	0.492
4920.000000	164	193	0.850	0.510
4926.000000	164	193	0.845	0.524
4932.000000	164	193	0.835	0.540
4938.000000	164	193	0.813	0.565
4944.000000	164	193	0.794	0.589
4950.000000	164	193	0.768	0.610
4956.000000	164	193	0.735	0.637
4962.000000	164	193	0.698	0.664
4968.000000	193	164	0.699	0.634
4974.000000	193	162	0.734	0.635
4980.000000	193	162	0.753	0.667
4986.000000	193	162	0.781	0.699
4992.000000	193	162	0.800	0.728
4998.000000	193	162	0.828	0.743
5004.000000	193	162	0.843	0.762
5010.000000	193	162	0.845	0.765
5016.000000	193	162	0.843	0.764
5022.000000	193	162	0.836	0.769
5028.000000	193	162	0.833	0.773
5034.000000	193	162	0.831	0.775
5040.000000	193	162	0.828	0.775
5046.000000	193	162	0.826	0.772
5052.000000	193	162	0.828	0.769
5058.000000	193	162	0.831	0.763
5064.000000	193	162	0.829	0.761
5070.000000	193	162	0.827	0.756
5076.000000	193	162	0.829	0.749
5082.000000	193	162	0.828	0.746
5088.000000	193	162	0.826	0.744
5094.000000	193	162	0.823	0.740
5100.000000	193	162	0.821	0.737
5106.000000	193	162	0.820	0.729
5112.000000	193	162	0.822	0.724
5118.000000	193	162	0.819	0.720
5124.000000	193	162	0.814	0.722
5130.000000	193	162	0.813	0.718
5136.000000	193	162	0.813	0.711
5142.000000	193	162	0.812	0.703
5148.000000	193	162	0.810	0.698
5154.000000	193	162	0.814	0.691
5160.000000	193	162	0.818	0.685
5166.000000	193	162	0.819	0.677
5172.000000	193	162	0.821	0.661
5178.000000	193	162	0.819	0.643
5184.000000	193	162	0.817	0.623
5190.000000	193	162	0.822	0.600
5196.000000	193	162	0.824	0.579
5202.000000	193	162	0.823	0.554
5208.000000	193	162	0.822	0.528
5214.000000	193	162	0.821	0.491
5220.000000	193	162	0.824	0.431
5226.000000	193	162	0.828	0.355
5232.000000	193	162	0.836	0.268
5238.000000	193	166	0.846	0.268
5244.000000	193	166	0.861	0.284
5250.000000	193	166	0.872	0.298
5256.000000	193	166	0.871	0.317
5262.000000	193	166	0.867	0.330
5268.000000	193	166	0.861	0.343
5274.000000	193	166	0.855	0.357
5280.000000	193	166	0.847	0.371
5286.000000	193	166	0.839	0.387
5292.000000	193	166	0.822	0.406
5298.000000	193	166	0.809	0.421
5304.000000	193	166	0.794	0.436
5310.000000	193	166	0.772	0.452
5316.000000	193	166	0.755	0.468
5322.000000	193	166	0.733	0.482
5328.000000	193	166	0.712	0.498
5334.000000	193	166	0.682	0.507
5340.000000	193	166	0.637	0.525
5346.000000	193	166	0.570	0.555
5352.000000	166	193	0.589	0.476
5358.000000	166	94	0.628	0.371
5364.000000	166	94	0.672	0.368
5370.000000	166	94	0.712	0.367
5376.000000	166	94	0.734	0.361
5382.000000	166	94	0.756	0.347
5388.000000	166	94	0.765	0.345
5394.000000	166	94	0.769	0.346
5400.000000	166	94	0.774	0.358
5406.000000	166	94	0.776	0.368
5412.000000	166	94	0.783	0.366
5418.000000	166	94	0.786	0.363
5424.000000	166	94	0.790	0.362
5430.000000	166	94	0.797	0.363
5436.000000	166	94	0.799	0.358
5442.000000	166	94	0.806	0.346
5448.000000	166	94	0.807	0.339
5454.000000	166	94	0.807	0.338
5460.000000	166	94	0.806	0.340
5466.000000	166	94	0.811	0.340
5472.000000	166	94	0.818	0.341
5478.000000	166	94	0.823	0.338
5484.000000	166	94	0.833	0.327
5490.000000	166	94	0.846	0.320
5496.000000	166	94	0.851	0.305
5502.000000	166	94	0.860	0.285
5508.000000	166	94	0.863	0.270
5514.000000	166	94	0.866	0.255
5520.000000	166	94	0.869	0.235
5526.000000	166	94	0.872	0.206
5532.000000	166	179	0.882	0.204
5538.000000	166	179	0.884	0.203
5544.000000	166	54	0.888	0.204
5550.000000	166	54	0.895	0.206
5556.000000	166	54	0.899	0.214
5562.000000	166	54	0.902	0.222
5568.000000	166	54	0.906	0.221
5574.000000	166	54	0.907	0.221
5580.000000	166	54	0.907	0.223
5586.000000	166	54	0.906	0.221
5592.000000	166	54	0.906	0.222
5598.000000	166	54	0.906	0.221
5604.000000	166	54	0.903	0.217
5610.000000	166	54	0.900	0.211
5616.000000	166	54	0.898	0.208
5622.000000	166	54	0.894	0.206
5628.000000	166	54	0.886	0.203
5634.000000	166	54	0.881	0.203
5640.000000	166	91	0.874	0.208
5646.000000	166	91	0.865	0.211
5652.000000	166	91	0.856	0.210
5658.000000	166	91	0.851	0.209
5664.000000	166	91	0.848	0.204
5670.000000	166	91	0.843	0.202
5676.000000	166	91	0.839	0.200
5682.000000	166	194	0.833	0.200
5688.000000	166	194	0.823	0.206
5694.000000	166	194	0.808	0.210
5700.000000	166	194	0.792	0.211
5706.000000	166	194	0.774	0.218
5712.000000	166	194	0.755	0.226
5718.000000	166	194	0.735	0.227
5724.000000	166	45	0.717	0.225
5730.000000	166	45	0.693	0.240
5736.000000	166	45	0.659	0.252
5742.000000	166	45	0.606	0.264
5748.000000	166	45	0.537	0.279
5754.000000	166	45	0.452	0.299
5760.000000	166	45	0.341	0.318
5766.000000	45	194	0.341	0.233
5772.000000	45	194	0.365	0.238
5778.000000	45	194	0.411	0.240
5784.000000	45	194	0.447	0.241
5790.000000	45	194	0.476	0.246
5796.000000	45	194	0.498	0.245
5802.000000	45	194	0.514	0.241
5808.000000	45	117	0.532	0.246
5814.000000	45	35	0.545	0.252
5820.000000	45	35	0.569	0.265
5826.000000	45	35	0.583	0.278
5832.000000	45	35	0.603	0.288
5838.000000	45	35	0.615	0.292
5844.000000	45	35	0.628	0.300
5850.000000	45	35	0.642	0.311
5856.000000	45	35	0.659	0.325
5862.000000	45	35	0.673	0.338
5868.000000	45	35	0.685	0.345
5874.000000	45	35	0.698	0.352
5880.000000	45	35	0.711	0.354
5886.000000	45	35	0.724	0.362
5892.000000	45	35	0.741	0.370
5898.000000	45	35	0.749	0.376
5904.000000	45	35	0.760	0.384
5910.000000	45	35	0.775	0.396
5916.000000	45	35	0.788	0.405
5922.000000	45	35	0.803	0.410
5928.000000	45	35	0.815	0.421
5934.000000	45	35	0.822	0.442
5940.000000	45	35	0.826	0.454
5946.000000	45	35	0.835	0.461
5952.000000	45	35	0.846	0.469
5958.000000	45	35	0.863	0.475
5964.000000	45	35	0.878	0.483
5970.000000	45	35	0.882	0.488
5976.000000	45	35	0.885	0.497
5982.000000	45	35	0.896	0.505
5988.000000	45	35	0.898	0.511
5994.000000	45	35	0.897	0.515
6000.000000	45	35	0.896	0.515
6006.000000	45	35	0.895	0.512
6012.000000	45	35	0.898	0.509
6018.000000	45	35	0.901	0.501
6024.000000	45	35	0.901	0.499
6030.000000	45	35	0.900	0.499
6036.000000	45	35	0.899	0.496
6042.000000	45	35	0.898	0.492
6048.000000	45	35	0.898	0.489
6054.000000	45	35	0.898	0.485
6060.000000	45	35	0.897	0.482
6066.000000	45	35	0.897	0.472
6072.000000	45	35	0.896	0.461
6078.000000	45	35	0.895	0.453
6084.000000	45	35	0.894	0.451
6090.000000	45	35	0.892	0.442
6096.000000	45	35	0.892	0.435
6102.000000	45	35	0.893	0.425
6108.000000	45	35	0.894	0.408
6114.000000	45	35	0.895	0.392
6120.000000	45	35	0.893	0.382
6126.000000	45	35	0.892	0.365
6132.000000	45	187	0.893	0.340
6138.000000	45	187	0.890	0.363
6144.000000	45	187	0.887	0.386
6150.000000	45	187	0.887	0.426
6156.000000	45	187	0.889	0.458
6162.000000	45	187	0.891	0.483
6168.000000	45	187	0.885	0.507
6174.000000	45	187	0.875	0.535
6180.000000	45	187	0.866	0.573
6186.000000	45	187	0.864	0.598
6192.000000	45	187	0.855	0.638
6198.000000	45	187	0.847	0.664
6204.000000	45	187	0.835	0.682
6210.000000	45	187	0.823	0.700
6216.000000	45	187	0.807	0.716
6222.000000	45	187	0.788	0.742
6228.000000	45	187	0.769	0.767
6234.000000	187	45	0.786	0.749
6240.000000	187	45	0.808	0.717
6246.000000	187	45	0.832	0.674
6252.000000	187	45	0.853	0.631
6258.000000	187	45	0.869	0.572
6264.000000	187	45	0.893	0.479
6270.000000	187	45	0.922	0.348
6276.000000	187	122	0.941	0.205
6282.000000	187	122	0.950	0.207
6288.000000	187	122	0.953	0.216
6294.000000	187	122	0.952	0.234
6300.000000	187	122	0.950	0.252
6306.000000	187	122	0.948	0.265
6312.000000	187	122	0.945	0.282
6318.000000	187	122	0.942	0.307
6324.000000	187	122	0.938	0.330
6330.000000	187	122	0.932	0.355
6336.000000	187	122	0.926	0.378
6342.000000	187	122	0.920	0.399
6348.000000	187	122	0.915	0.420
6354.000000	187	122	0.908	0.437
6360.000000	187	122	0.905	0.450
6366.000000	187	122	0.900	0.464
6372.000000	187	122	0.890	0.478
6378.000000	187	122	0.884	0.490
6384.000000	187	122	0.881	0.502
6390.000000	187	122	0.879	0.514
6396.000000	187	122	0.874	0.526
6402.000000	187	122	0.868	0.532
6408.000000	187	122	0.864	0.537
6414.000000	187	122	0.857	0.542
6420.000000	187	122	0.852	0.547
6426.000000	187	122	0.843	0.554
6432.000000	187	122	0.832	0.558
6438.000000	187	122	0.825	0.561
6444.000000	187	122	0.819	0.562
6450.000000	187	122	0.806	0.573
6456.000000	187	122	0.796	0.578
6462.000000	187	122	0.783	0.587
6468.000000	187	122	0.769	0.596
6474.000000	187	122	0.756	0.608
6480.000000	187	122	0.744	0.616
6486.000000	187	122	0.728	0.635
6492.000000	187	122	0.702	0.650
6498.000000	187	122	0.667	0.665
6504.000000	122	83	0.682	0.647
6510.000000	122	83	0.702	0.680
6516.000000	122	83	0.728	0.708
6522.000000	122	83	0.753	0.748
6528.000000	122	83	0.792	0.787
6534.000000	122	83	0.827	0.823
6540.000000	83	122	0.842	0.842
6546.000000	122	83	0.846	0.845
6552.000000	83	122	0.864	0.848
6558.000000	83	122	0.871	0.846
6564.000000	83	122	0.870	0.841
6570.000000	83	122	0.869	0.841
6576.000000	83	122	0.867	0.840
6582.000000	83	122	0.864	0.842
6588.000000	83	122	0.863	0.845
6594.000000	83	122	0.864	0.842
6600.000000	83	122	0.868	0.836
6606.000000	83	122	0.864	0.835
6612.000000	83	122	0.864	0.829
6618.000000	83	122	0.864	0.821
6624.000000	83	122	0.866	0.810
6630.000000	83	122	0.866	0.798
6636.000000	83	122	0.864	0.789
6642.000000	83	122	0.863	0.780
6648.000000	83	122	0.863	0.775
6654.000000	83	122	0.862	0.771
6660.000000	83	122	0.862	0.763
6666.000000	83	122	0.863	0.754
6672.000000	83	122	0.861	0.744
6678.000000	83	122	0.862	0.732
6684.000000	83	122	0.866	0.718
6690.000000	83	122	0.868	0.708
6696.000000	83	122	0.871	0.697
6702.000000	83	122	0.871	0.688
6708.000000	83	122	0.871	0.680
6714.000000	83	122	0.874	0.668
6720.000000	83	122	0.878	0.645
6726.000000	83	122	0.882	0.619
6732.000000	83	122	0.886	0.585
6738.000000	83	122	0.889	0.543
6744.000000	83	122	0.897	0.477
6750.000000	83	122	0.903	0.395
6756.000000	83	11	0.907	0.331
6762.000000	83	11	0.915	0.354
6768.000000	83	11	0.918	0.388
6774.000000	83	11	0.922	0.413
6780.000000	83	11	0.922	0.424
6786.000000	83	11	0.921	0.436
6792.000000	83	11	0.921	0.454
6798.000000	83	11	0.920	0.476
6804.000000	83	11	0.917	0.493
6810.000000	83	11	0.915	0.507
6816.000000	83	11	0.915	0.521
6822.000000	83	11	0.914	0.536
6828.000000	83	11	0.911	0.549
6834.000000	83	11	0.903	0.557
6840.000000	83	11	0.894	0.569
6846.000000	83	11	0.882	0.578
6852.000000	83	11	0.878	0.581
6858.000000	83	11	0.871	0.590
6864.000000	83	11	0.864	0.595
6870.000000	83	11	0.853	0.608
6876.000000	83	11	0.840	0.621
6882.000000	83	11	0.823	0.630
6888.000000	83	11	0.809	0.639
6894.000000	83	11	0.791	0.653
6900.000000	83	11	0.765	0.661
6906.000000	83	11	0.736	0.669
6912.000000	83	11	0.689	0.688
6918.000000	11	83	0.712	0.628
6924.000000	11	83	0.737	0.545
6930.000000	11	161	0.771	0.466
6936.000000	11	161	0.798	0.503
6942.000000	11	161	0.832	0.540
6948.000000	11	161	0.855	0.585
6954.000000	11	161	0.865	0.618
6960.000000	11	161	0.863	0.645
6966.000000	11	161	0.861	0.667
6972.000000	11	161	0.865	0.679
6978.000000	11	161	0.862	0.686
6984.000000	11	161	0.862	0.693
6990.000000	11	161	0.857	0.701
6996.000000	11	161	0.852	0.703
7002.000000	11	161	0.846	0.702
7008.000000	11	161	0.841	0.702
7014.000000	11	161	0.837	0.703
7020.000000	11	161	0.829	0.710
7026.000000	11	161	0.824	0.724
7032.000000	11	161	0.822	0.727
7038.000000	11	161	0.812	0.735
7044.000000	11	161	0.800	0.745
7050.000000	11	161	0.793	0.752
7056.000000	11	161	0.788	0.759
7062.000000	11	161	0.785	0.765
7068.000000	11	161	0.781	0.768
7074.000000	161	11	0.773	0.772
7080.000000	161	11	0.774	0.766
7086.000000	161	11	0.781	0.752
7092.000000	161	11	0.788	0.735
7098.000000	161	11	0.788	0.722
7104.000000	161	11	0.793	0.705
7110.000000	161	11	0.799	0.683
7116.000000	161	11	0.802	0.664
7122.000000	161	11	0.804	0.637
7128.000000	161	11	0.810	0.600
7134.000000	161	11	0.815	0.554
7140.000000	161	11	0.821	0.500
7146.000000	161	11	0.827	0.446
7152.000000	161	11	0.852	0.362
7158.000000	161	10	0.868	0.308
7164.000000	161	10	0.883	0.328
7170.000000	161	10	0.886	0.350
7176.000000	161	10	0.890	0.371
7182.000000	161	10	0.896	0.392
7188.000000	161	10	0.892	0.418
7194.000000	161	10	0.885	0.440
7200.000000	161	10	0.878	0.464
7206.000000	161	10	0.874	0.489
7212.000000	161	10	0.873	0.509
7218.000000	161	10	0.873	0.520
7224.000000	161	10	0.867	0.532
7230.000000	161	10	0.863	0.539
7236.000000	161	10	0.858	0.553
7242.000000	161	10	0.850	0.563
7248.000000	161	10	0.848	0.576
7254.000000	161	10	0.843	0.584
7260.000000	161	10	0.837	0.597
7266.000000	161	10	0.833	0.612
7272.000000	161	10	0.830	0.626
7278.000000	161	10	0.823	0.637
7284.000000	161	10	0.807	0.653
7290.000000	161	10	0.793	0.667
7296.000000	161	10	0.780	0.677
7302.000000	161	10	0.755	0.699
7308.000000	161	10	0.736	0.717
7314.000000	10	161	0.735	0.714
7320.000000	10	161	0.754	0.674
7326.000000	10	161	0.770	0.632
7332.000000	10	161	0.792	0.583
7338.000000	10	161	0.819	0.515
7344.000000	10	161	0.850	0.432
7350.000000	10	161	0.870	0.322
7356.000000	10	161	0.895	0.188
7362.000000	10	42	0.913	0.188
7368.000000	10	42	0.922	0.201
7374.000000	10	42	0.929	0.207
7380.000000	10	42	0.929	0.219
7386.000000	10	42	0.930	0.237
7392.000000	10	42	0.930	0.256
7398.000000	10	42	0.928	0.283
7404.000000	10	42	0.925	0.308
7410.000000	10	42	0.921	0.329
7416.000000	10	42	0.915	0.348
7422.000000	10	42	0.908	0.370
7428.000000	10	42	0.905	0.392
7434.000000	10	42	0.903	0.410
7440.000000	10	42	0.898	0.432
7446.000000	10	42	0.892	0.447
7452.000000	10	42	0.887	0.457
7458.000000	10	42	0.882	0.464
7464.000000	10	42	0.879	0.477
7470.000000	10	42	0.875	0.482
7476.000000	10	42	0.870	0.487
7482.000000	10	42	0.864	0.497
7488.000000	10	42	0.860	0.505
7494.000000	10	42	0.853	0.512
7500.000000	10	42	0.843	0.515
7506.000000	10	42	0.831	0.519
7512.000000	10	42	0.819	0.525
7518.000000	10	42	0.809	0.534
7524.000000	10	42	0.798	0.540
7530.000000	10	42	0.789	0.546
7536.000000	10	42	0.782	0.555
7542.000000	10	42	0.773	0.568
7548.000000	10	42	0.760	0.580
7554.000000	10	42	0.742	0.596
7560.000000	10	42	0.725	0.612
7566.000000	10	42	0.701	0.625
7572.000000	10	42	0.672	0.643
7578.000000	42	10	0.660	0.636
7584.000000	42	10	0.673	0.595
7590.000000	42	10	0.701	0.529
7596.000000	42	10	0.741	0.446
7602.000000	42	10	0.782	0.351
7608.000000	42	27	0.825	0.348
7614.000000	42	27	0.859	0.358
7620.000000	42	27	0.879	0.366
7626.000000	42	27	0.885	0.370
7632.000000	42	27	0.892	0.379
7638.000000	42	27	0.895	0.397
7644.000000	42	27	0.899	0.408
7650.000000	42	27	0.901	0.419
7656.000000	42	27	0.904	0.426
7662.000000	42	27	0.907	0.430
7668.000000	42	27	0.906	0.432
7674.000000	42	27	0.906	0.435
7680.000000	42	27	0.904	0.446
7686.000000	42	27	0.903	0.461
7692.000000	42	27	0.899	0.473
7698.000000	42	27	0.895	0.482
7704.000000	42	27	0.896	0.491
7710.000000	42	27	0.894	0.496
7716.000000	42	27	0.893	0.503
7722.000000	42	27	0.894	0.515
7728.000000	42	27	0.896	0.523
7734.000000	42	27	0.897	0.526
7740.000000	42	27	0.899	0.524
7746.000000	42	27	0.900	0.526
7752.000000	42	27	0.899	0.531
7758.000000	42	27	0.898	0.534
7764.000000	42	27	0.898	0.533
7770.000000	42	27	0.897	0.531
7776.000000	42	27	0.895	0.527
7782.000000	42	27	0.894	0.528
7788.000000	42	27	0.895	0.531
7794.000000	42	27	0.891	0.532
7800.000000	42	27	0.889	0.532
7806.000000	42	27	0.888	0.537
7812.000000	42	27	0.886	0.541
7818.000000	42	27	0.882	0.541
7824.000000	42	27	0.877	0.539
7830.000000	42	27	0.870	0.539
7836.000000	42	27	0.863	0.536
7842.000000	42	27	0.857	0.533
7848.000000	42	27	0.851	0.533
7854.000000	42	27	0.841	0.533
7860.000000	42	27	0.831	0.528
7866.000000	42	27	0.824	0.523
7872.000000	42	27	0.815	0.526
7878.000000	42	27	0.802	0.535
7884.000000	42	27	0.785	0.534
7890.000000	42	27	0.767	0.525
7896.000000	42	27	0.744	0.514
7902.000000	42	27	0.721	0.507
7908.000000	42	27	0.694	0.501
7914.000000	42	27	0.661	0.492
7920.000000	42	27	0.613	0.482
7926.000000	42	27	0.561	0.460
7932.000000	42	27	0.501	0.441
7938.000000	27	42	0.423	0.401
7944.000000	27	42	0.411	0.276
7950.000000	27	35	0.397	0.226
7956.000000	27	35	0.379	0.248
7962.000000	27	35	0.366	0.273
7968.000000	27	35	0.345	0.291
7974.000000	27	35	0.326	0.314
7980.000000	35	27	0.347	0.310
7986.000000	35	27	0.371	0.295
7992.000000	35	155	0.396	0.284
7998.000000	35	155	0.416	0.293
8004.000000	35	155	0.434	0.300
8010.000000	35	155	0.449	0.305
8016.000000	35	155	0.453	0.309
8022.000000	35	155	0.458	0.312
8028.000000	35	155	0.468	0.311
8034.000000	35	155	0.481	0.307
8040.000000	35	155	0.498	0.305
8046.000000	35	155	0.512	0.300
8052.000000	35	155	0.528	0.295
8058.000000	35	155	0.535	0.293
8064.000000	35	155	0.540	0.296
8070.000000	35	155	0.545	0.298
8076.000000	35	155	0.558	0.308
8082.000000	35	155	0.577	0.309
8088.000000	35	155	0.591	0.299
8094.000000	35	155	0.597	0.297
8100.000000	35	155	0.608	0.297
8106.000000	35	164	0.621	0.301
8112.000000	35	164	0.626	0.317
8118.000000	35	164	0.630	0.328
8124.000000	35	164	0.639	0.341
8130.000000	35	164	0.656	0.361
8136.000000	35	164	0.667	0.366
8142.000000	35	164	0.684	0.376
8148.000000	35	164	0.698	0.390
8154.000000	35	164	0.711	0.405
8160.000000	35	164	0.726	0.411
8166.000000	35	164	0.744	0.421
8172.000000	35	164	0.757	0.426
8178.000000	35	164	0.770	0.425
8184.000000	35	164	0.773	0.431
8190.000000	35	164	0.773	0.436
8196.000000	35	164	0.769	0.438
8202.000000	35	164	0.769	0.439
8208.000000	35	164	0.773	0.439
8214.000000	35	164	0.774	0.443
8220.000000	35	164	0.778	0.452
8226.000000	35	164	0.780	0.457
8232.000000	35	164	0.784	0.462
8238.000000	35	164	0.790	0.469
8244.000000	35	164	0.791	0.473
8250.000000	35	164	0.795	0.478
8256.000000	35	164	0.803	0.485
8262.000000	35	164	0.807	0.491
8268.000000	35	164	0.809	0.493
8274.000000	35	164	0.807	0.500
8280.000000	35	164	0.807	0.505
8286.000000	35	164	0.806	0.507
8292.000000	35	164	0.805	0.505
8298.000000	35	164	0.803	0.508
8304.000000	35	164	0.803	0.510
8310.000000	35	164	0.801	0.514
8316.000000	35	164	0.804	0.512
8322.000000	35	164	0.804	0.510
8328.000000	35	164	0.804	0.509
8334.000000	35	164	0.804	0.508
8340.000000	35	164	0.800	0.507
8346.000000	35	164	0.797	0.504
8352.000000	35	164	0.792	0.503
8358.000000	35	164	0.786	0.507
8364.000000	35	164	0.783	0.505
8370.000000	35	164	0.773	0.509
8376.000000	35	164	0.768	0.509
8382.000000	35	164	0.762	0.512
8388.000000	35	164	0.751	0.514
8394.000000	35	164	0.739	0.515
8400.000000	35	164	0.731	0.514
8406.000000	35	164	0.719	0.510
8412.000000	35	164	0.703	0.512
8418.000000	35	164	0.687	0.519
8424.000000	35	164	0.660	0.520
8430.000000	35	164	0.631	0.518
8436.000000	35	189	0.589	0.531
8442.000000	189	35	0.565	0.537
8448.000000	189	164	0.604	0.529
8454.000000	189	164	0.650	0.541
8460.000000	189	164	0.699	0.552
8466.000000	189	164	0.750	0.548
8472.000000	189	164	0.787	0.538
8478.000000	189	164	0.814	0.533
8484.000000	189	164	0.840	0.514
8490.000000	189	164	0.865	0.489
8496.000000	189	164	0.877	0.465
8502.000000	189	164	0.879	0.447
8508.000000	189	164	0.887	0.427
8514.000000	189	164	0.897	0.401
8520.000000	189	164	0.904	0.381
8526.000000	189	164	0.904	0.356
8532.000000	189	164	0.906	0.328
8538.000000	189	164	0.908	0.302
8544.000000	189	164	0.911	0.272
8550.000000	189	164	0.915	0.245
8556.000000	189	164	0.927	0.219
8562.000000	189	164	0.933	0.186
8568.000000	189	164	0.938	0.145
8574.000000	189	168	0.940	0.128
8580.000000	189	168	0.942	0.138
8586.000000	189	168	0.944	0.149
8592.000000	189	168	0.944	0.154
8598.000000	189	168	0.944	0.158
8604.000000	189	168	0.944	0.161
8610.000000	189	168	0.945	0.165
8616.000000	189	168	0.944	0.170
8622.000000	189	168	0.942	0.173
8628.000000	189	168	0.940	0.178
8634.000000	189	168	0.939	0.182
8640.000000	189	168	0.937	0.190
8646.000000	189	168	0.936	0.197
8652.000000	189	168	0.936	0.205
8658.000000	189	168	0.938	0.214
8664.000000	189	168	0.936	0.224
8670.000000	189	168	0.934	0.235
8676.000000	189	168	0.932	0.242
8682.000000	189	168	0.928	0.242
8688.000000	189	168	0.926	0.241
8694.000000	189	168	0.924	0.240
8700.000000	189	172	0.920	0.240
8706.000000	189	172	0.918	0.244
8712.000000	189	172	0.915	0.246
8718.000000	189	172	0.914	0.244
8724.000000	189	172	0.912	0.246
8730.000000	189	172	0.910	0.251
8736.000000	189	172	0.908	0.252
8742.000000	189	172	0.906	0.257
8748.000000	189	172	0.903	0.258
8754.000000	189	172	0.898	0.257
8760.000000	189	172	0.895	0.256
8766.000000	189	172	0.891	0.255
8772.000000	189	172	0.886	0.257
8778.000000	189	172	0.879	0.260
8784.000000	189	172	0.873	0.265
8790.000000	189	172	0.868	0.262
8796.000000	189	172	0.862	0.260
8802.000000	189	64	0.855	0.265
8808.000000	189	64	0.847	0.267
8814.000000	189	64	0.840	0.270
8820.000000	189	64	0.830	0.281
8826.000000	189	64	0.817	0.293
8832.000000	189	64	0.797	0.304
8838.000000	189	64	0.776	0.313
8844.000000	189	64	0.757	0.330
8850.000000	189	64	0.729	0.344
8856.000000	189	64	0.689	0.355
8862.000000	189	100	0.647	0.369
8868.000000	189	100	0.589	0.398
8874.000000	189	100	0.494	0.426
8880.000000	100	64	0.460	0.457
8886.000000	64	100	0.489	0.483
8892.000000	64	100	0.530	0.514
8898.000000	64	100	0.582	0.542
8904.000000	64	100	0.611	0.573
8910.000000	64	100	0.635	0.598
8916.000000	64	100	0.655	0.614
8922.000000	64	100	0.655	0.624
8928.000000	64	100	0.658	0.641
8934.000000	64	100	0.662	0.657
8940.000000	64	100	0.667	0.660
8946.000000	64	100	0.675	0.659
8952.000000	64	100	0.682	0.661
8958.000000	64	100	0.686	0.665
8964.000000	64	100	0.687	0.675
8970.000000	100	64	0.685	0.684
8976.000000	100	64	0.688	0.684
8982.000000	100	64	0.692	0.681
8988.000000	100	64	0.696	0.676
8994.000000	100	64	0.707	0.674
9000.000000	100	64	0.720	0.665
9006.000000	100	64	0.725	0.663
9012.000000	100	64	0.728	0.663
9018.000000	100	64	0.734	0.663
9024.000000	100	64	0.739	0.657
9030.000000	100	64	0.745	0.654
9036.000000	100	64	0.747	0.652
9042.000000	100	64	0.750	0.653
9048.000000	100	64	0.753	0.653
9054.000000	100	64	0.762	0.649
9060.000000	100	64	0.768	0.646
9066.000000	100	64	0.774	0.636
9072.000000	100	64	0.778	0.621
9078.000000	100	64	0.788	0.602
9084.000000	100	64	0.799	0.577
9090.000000	100	64	0.803	0.557
9096.000000	100	64	0.809	0.529
9102.000000	100	64	0.818	0.493
9108.000000	100	64	0.829	0.452
9114.000000	100	64	0.835	0.412
9120.000000	100	92	0.839	0.366
9126.000000	100	92	0.848	0.347
9132.000000	100	92	0.853	0.329
9138.000000	100	92	0.869	0.304
9144.000000	100	92	0.886	0.264
9150.000000	100	92	0.904	0.231
9156.000000	100	92	0.909	0.205
9162.000000	100	92	0.913	0.176
9168.000000	100	92	0.920	0.146
9174.000000	100	89	0.923	0.151
9180.000000	100	89	0.928	0.163
9186.000000	100	89	0.932	0.171
9192.000000	100	89	0.932	0.179
9198.000000	100	89	0.933	0.187
9204.000000	100	89	0.934	0.195
9210.000000	100	89	0.933	0.204
9216.000000	100	89	0.932	0.214
9222.000000	100	89	0.929	0.225
9228.000000	100	89	0.927	0.237
9234.000000	100	89	0.926	0.247
9240.000000	100	89	0.924	0.262
9246.000000	100	89	0.922	0.272
9252.000000	100	89	0.920	0.286
9258.000000	100	89	0.917	0.305
9264.000000	100	89	0.913	0.322
9270.000000	100	89	0.909	0.343
9276.000000	100	89	0.908	0.367
9282.000000	100	89	0.906	0.387
9288.000000	100	89	0.904	0.413
9294.000000	100	89	0.903	0.438
9300.000000	100	89	0.901	0.463
9306.000000	100	89	0.895	0.491
9312.000000	100	89	0.888	0.515
9318.000000	100	89	0.884	0.532
9324.000000	100	89	0.880	0.546
9330.000000	100	89	0.874	0.564
9336.000000	100	89	0.864	0.584
9342.000000	100	89	0.856	0.601
9348.000000	100	89	0.851	0.618
9354.000000	100	89	0.838	0.635
9360.000000	100	89	0.820	0.664
9366.000000	100	89	0.800	0.690
9372.000000	100	89	0.778	0.711
9378.000000	100	89	0.748	0.741
9384.000000	89	100	0.776	0.699
9390.000000	89	100	0.822	0.623
9396.000000	89	100	0.864	0.528
9402.000000	89	100	0.893	0.402
9408.000000	89	100	0.922	0.237
9414.000000	89	21	0.944	0.155
9420.000000	89	21	0.956	0.149
9426.000000	89	21	0.956	0.146
9432.000000	89	21	0.957	0.150
9438.000000	89	21	0.959	0.149
9444.000000	89	21	0.959	0.153
9450.000000	89	21	0.960	0.159
9456.000000	89	21	0.957	0.165
9462.000000	89	21	0.954	0.168
9468.000000	89	21	0.952	0.166
9474.000000	89	21	0.951	0.165
9480.000000	89	21	0.949	0.167
9486.000000	89	63	0.948	0.171
9492.000000	89	63	0.949	0.181
9498.000000	89	63	0.949	0.196
9504.000000	89	63	0.947	0.208
9510.000000	89	63	0.946	0.217
9516.000000	89	63	0.944	0.231
9522.000000	89	63	0.941	0.247
9528.000000	89	63	0.939	0.259
9534.000000	89	63	0.937	0.273
9540.000000	89	63	0.935	0.286
9546.000000	89	63	0.933	0.299
9552.000000	89	63	0.932	0.318
9558.000000	89	63	0.930	0.336
9564.000000	89	63	0.928	0.351
9570.000000	89	63	0.926	0.365
9576.000000	89	63	0.925	0.383
9582.000000	89	63	0.923	0.401
9588.000000	89	63	0.920	0.415
9594.000000	89	63	0.917	0.425
9600.000000	89	63	0.912	0.435
9606.000000	89	63	0.907	0.452
9612.000000	89	63	0.900	0.473
9618.000000	89	63	0.891	0.489
9624.000000	89	63	0.883	0.500
9630.000000	89	63	0.872	0.521
9636.000000	89	63	0.860	0.540
9642.000000	89	63	0.852	0.548
9648.000000	89	63	0.843	0.557
9654.000000	89	63	0.828	0.569
9660.000000	89	63	0.812	0.578
9666.000000	89	63	0.793	0.591
9672.000000	89	63	0.762	0.610
9678.000000	89	63	0.725	0.627
9684.000000	89	63	0.685	0.644
9690.000000	63	89	0.664	0.631
9696.000000	63	89	0.700	0.556
9702.000000	63	98	0.740	0.491
9708.000000	63	98	0.781	0.518
9714.000000	63	98	0.814	0.553
9720.000000	63	98	0.828	0.605
9726.000000	63	98	0.834	0.645
9732.000000	63	98	0.844	0.651
9738.000000	63	98	0.845	0.655
9744.000000	63	98	0.846	0.663
9750.000000	63	98	0.841	0.667
9756.000000	63	98	0.837	0.672
9762.000000	63	98	0.832	0.677
9768.000000	63	98	0.824	0.689
9774.000000	63	98	0.821	0.699
9780.000000	63	98	0.819	0.698
9786.000000	63	98	0.819	0.697
9792.000000	63	98	0.821	0.691
9798.000000	63	98	0.820	0.687
9804.000000	63	98	0.819	0.682
9810.000000	63	98	0.819	0.678
9816.000000	63	98	0.817	0.676
9822.000000	63	98	0.815	0.675
9828.000000	63	98	0.814	0.675
9834.000000	63	98	0.812	0.674
9840.000000	63	98	0.810	0.669
9846.000000	63	98	0.807	0.661
9852.000000	63	98	0.802	0.654
9858.000000	63	98	0.795	0.649
9864.000000	63	98	0.790	0.642
9870.000000	63	98	0.789	0.633
9876.000000	63	98	0.790	0.628
9882.000000	63	98	0.789	0.623
9888.000000	63	98	0.789	0.613
9894.000000	63	98	0.789	0.601
9900.000000	63	98	0.786	0.589
9906.000000	63	98	0.784	0.574
9912.000000	63	98	0.783	0.560
9918.000000	63	98	0.785	0.539
9924.000000	63	98	0.792	0.501
9930.000000	63	98	0.795	0.462
9936.000000	63	98	0.797	0.415
9942.000000	63	98	0.803	0.356
9948.000000	63	98	0.817	0.294
9954.000000	63	98	0.832	0.196
9960.000000	63	71	0.842	0.129
9966.000000	63	71	0.850	0.125
9972.000000	63	71	0.860	0.125
9978.000000	63	71	0.874	0.124
9984.000000	63	71	0.885	0.126
9990.000000	63	71	0.887	0.129
9996.000000	63	71	0.886	0.134
10002.000000	63	71	0.889	0.136
10008.000000	63	71	0.889	0.140
10014.000000	63	71	0.892	0.143
10020.000000	63	71	0.892	0.150
10026.000000	63	71	0.891	0.151
10032.000000	63	71	0.891	0.151
10038.000000	63	71	0.893	0.152
10044.000000	63	71	0.894	0.157
10050.000000	63	71	0.896	0.161
10056.000000	63	71	0.895	0.167
10062.000000	63	71	0.892	0.170
10068.000000	63	71	0.888	0.171
10074.000000	63	71	0.884	0.174
10080.000000	63	71	0.882	0.178
10086.000000	63	71	0.881	0.178
10092.000000	63	71	0.879	0.178
10098.000000	63	71	0.878	0.179
10104.000000	63	71	0.877	0.176
10110.000000	63	71	0.877	0.176
10116.000000	63	152	0.875	0.180
10122.000000	63	152	0.874	0.187
10128.000000	63	152	0.872	0.193
10134.000000	63	152	0.872	0.200
10140.000000	63	152	0.871	0.208
10146.000000	63	152	0.865	0.217
10152.000000	63	152	0.859	0.216
10158.000000	63	152	0.855	0.212
10164.000000	63	152	0.848	0.211
10170.000000	63	152	0.840	0.214
10176.000000	63	152	0.834	0.213
10182.000000	63	152	0.832	0.215
10188.000000	63	152	0.832	0.211
10194.000000	63	69	0.832	0.213
10200.000000	63	69	0.830	0.220
10206.000000	63	152	0.822	0.227
10212.000000	63	152	0.811	0.238
10218.000000	63	152	0.797	0.246
10224.000000	63	152	0.781	0.259
10230.000000	63	152	0.757	0.268
10236.000000	63	152	0.734	0.275
10242.000000	63	152	0.704	0.284
10248.000000	63	152	0.669	0.302
10254.000000	63	152	0.612	0.329
10260.000000	63	152	0.521	0.360
10266.000000	152	63	0.397	0.389
10272.000000	152	69	0.432	0.349
10278.000000	152	69	0.460	0.379
10284.000000	152	69	0.494	0.412
10290.000000	152	69	0.530	0.465
10296.000000	152	69	0.574	0.511
10302.000000	152	69	0.604	0.540
10308.000000	152	69	0.624	0.566
10314.000000	152	69	0.644	0.592
10320.000000	152	69	0.654	0.614
10326.000000	152	69	0.672	0.633
10332.000000	152	69	0.691	0.649
10338.000000	152	69	0.708	0.659
10344.000000	152	69	0.714	0.674
10350.000000	152	69	0.721	0.680
10356.000000	152	69	0.726	0.688
10362.000000	152	69	0.738	0.692
10368.000000	152	69	0.747	0.697
10374.000000	152	69	0.756	0.697
10380.000000	152	69	0.769	0.696
10386.000000	152	69	0.775	0.699
10392.000000	152	69	0.783	0.704
10398.000000	152	69	0.783	0.711
10404.000000	152	69	0.782	0.719
10410.000000	152	69	0.784	0.731
10416.000000	152	69	0.788	0.738
10422.000000	152	69	0.792	0.746
10428.000000	152	69	0.793	0.756
10434.000000	152	69	0.793	0.764
10440.000000	152	69	0.800	0.770
10446.000000	152	69	0.804	0.778
10452.000000	152	69	0.801	0.788
10458.000000	69	152	0.800	0.799
10464.000000	69	152	0.808	0.803
10470.000000	152	69	0.815	0.813
10476.000000	69	152	0.822	0.817
10482.000000	69	152	0.832	0.812
10488.000000	69	152	0.835	0.812
10494.000000	69	152	0.838	0.813
10500.000000	69	152	0.842	0.816
10506.000000	69	152	0.847	0.820
10512.000000	69	152	0.849	0.820
10518.000000	69	152	0.850	0.818
10524.000000	69	152	0.853	0.814
10530.000000	69	152	0.850	0.817
10536.000000	69	152	0.851	0.814
10542.000000	69	152	0.854	0.809
10548.000000	69	152	0.855	0.806
10554.000000	69	152	0.854	0.805
10560.000000	69	152	0.855	0.802
10566.000000	69	152	0.855	0.799
10572.000000	69	152	0.855	0.794
10578.000000	69	152	0.860	0.783
10584.000000	69	152	0.863	0.771
10590.000000	69	152	0.865	0.758
10596.000000	69	152	0.863	0.749
10602.000000	69	152	0.861	0.739
10608.000000	69	152	0.861	0.725
10614.000000	69	152	0.864	0.703
10620.000000	69	152	0.865	0.681
10626.000000	69	152	0.870	0.653
10632.000000	69	152	0.871	0.619
10638.000000	69	152	0.873	0.576
10644.000000	69	152	0.875	0.522
10650.000000	69	152	0.880	0.420
10656.000000	69	152	0.888	0.269
10662.000000	69	109	0.890	0.163
10668.000000	69	109	0.894	0.161
10674.000000	69	109	0.891	0.162
10680.000000	69	109	0.889	0.163
10686.000000	69	109	0.889	0.162
10692.000000	69	109	0.885	0.164
10698.000000	69	109	0.879	0.171
10704.000000	69	109	0.876	0.169
10710.000000	69	109	0.875	0.165
10716.000000	69	181	0.871	0.168
10722.000000	69	181	0.868	0.177
10728.000000	69	181	0.863	0.184
10734.000000	69	181	0.855	0.191
10740.000000	69	181	0.845	0.198
10746.000000	69	181	0.834	0.205
10752.000000	69	181	0.822	0.212
10758.000000	69	181	0.807	0.221
10764.000000	69	181	0.785	0.236
10770.000000	69	181	0.753	0.252
10776.000000	69	181	0.708	0.269
10782.000000	69	181	0.660	0.283
10788.000000	69	155	0.600	0.305
10794.000000	69	155	0.515	0.349
10800.000000	69	155	0.411	0.392
10806.000000	155	181	0.441	0.367
10812.000000	155	181	0.494	0.395
10818.000000	155	181	0.548	0.429
10824.000000	155	181	0.606	0.458
10830.000000	155	181	0.652	0.485
10836.000000	155	181	0.678	0.514
10842.000000	155	181	0.692	0.545
10848.000000	155	181	0.707	0.566
10854.000000	155	181	0.715	0.589
10860.000000	155	181	0.721	0.603
10866.000000	155	181	0.728	0.614
10872.000000	155	181	0.735	0.623
10878.000000	155	181	0.736	0.634
10884.000000	155	181	0.745	0.644
10890.000000	155	181	0.746	0.654
10896.000000	155	181	0.749	0.665
10902.000000	155	181	0.755	0.671
10908.000000	155	181	0.761	0.682
10914.000000	155	181	0.765	0.694
10920.000000	155	181	0.773	0.702
10926.000000	155	181	0.781	0.709
10932.000000	155	181	0.786	0.716
10938.000000	155	181	0.788	0.723
10944.000000	155	181	0.793	0.729
10950.000000	155	181	0.803	0.731
10956.000000	155	181	0.810	0.733
10962.000000	155	181	0.816	0.739
10968.000000	155	181	0.822	0.747
10974.000000	155	181	0.824	0.751
10980.000000	155	181	0.824	0.756
10986.000000	155	181	0.824	0.760
10992.000000	155	181	0.827	0.764
10998.000000	155	181	0.832	0.762
11004.000000	155	181	0.833	0.764
11010.000000	155	181	0.833	0.767
11016.000000	155	181	0.833	0.769
11022.000000	155	181	0.831	0.771
11028.000000	155	181	0.829	0.774
11034.000000	155	181	0.830	0.771
11040.000000	155	181	0.831	0.768
11046.000000	155	181	0.834	0.765
11052.000000	155	181	0.831	0.764
11058.000000	155	181	0.830	0.760
11064.000000	155	181	0.828	0.759
11070.000000	155	181	0.824	0.758
11076.000000	155	181	0.822	0.757
11082.000000	155	181	0.814	0.763
11088.000000	155	181	0.816	0.757
11094.000000	155	181	0.814	0.753
11100.000000	155	181	0.811	0.750
11106.000000	155	181	0.806	0.750
11112.000000	155	181	0.801	0.749
11118.000000	155	181	0.797	0.743
11124.000000	155	181	0.795	0.730
11130.000000	155	181	0.790	0.718
11136.000000	155	181	0.787	0.703
11142.000000	155	181	0.786	0.680
11148.000000	155	181	0.789	0.647
11154.000000	155	181	0.793	0.610
11160.000000	155	181	0.797	0.567
11166.000000	155	181	0.796	0.520
11172.000000	155	181	0.793	0.471
11178.000000	155	181	0.792	0.393
11184.000000	155	97	0.792	0.325
11190.000000	155	97	0.797	0.368
11196.000000	155	97	0.804	0.427
11202.000000	155	97	0.810	0.500
11208.000000	155	97	0.811	0.598
11214.000000	155	97	0.809	0.667
11220.000000	155	97	0.801	0.709
11226.000000	155	97	0.784	0.744
11232.000000	97	155	0.774	0.762
11238.000000	97	155	0.794	0.734
11244.000000	97	155	0.817	0.694
11250.000000	97	155	0.844	0.635
11256.000000	97	155	0.866	0.571
11262.000000	97	155	0.899	0.466
11268.000000	97	155	0.920	0.346
11274.000000	97	155	0.932	0.193
11280.000000	97	139	0.943	0.097
11286.000000	97	139	0.947	0.102
11292.000000	97	139	0.953	0.107
11298.000000	97	139	0.958	0.111
11304.000000	97	139	0.959	0.113
11310.000000	97	139	0.957	0.123
11316.000000	97	139	0.958	0.129
11322.000000	97	139	0.954	0.135
11328.000000	97	139	0.950	0.140
11334.000000	97	139	0.948	0.146
11340.000000	97	139	0.946	0.155
11346.000000	97	139	0.945	0.161
11352.000000	97	139	0.944	0.163
11358.000000	97	139	0.943	0.167
11364.000000	97	139	0.942	0.171
11370.000000	97	139	0.941	0.177
11376.000000	97	139	0.943	0.181
11382.000000	97	139	0.941	0.184
11388.000000	97	140	0.940	0.191
11394.000000	97	140	0.938	0.206
11400.000000	97	140	0.936	0.224
11406.000000	97	140	0.934	0.239
11412.000000	97	140	0.931	0.253
11418.000000	97	140	0.928	0.258
11424.000000	97	140	0.928	0.261
11430.000000	97	140	0.927	0.267
11436.000000	97	140	0.926	0.279
11442.000000	97	140	0.925	0.298
11448.000000	97	140	0.923	0.317
11454.000000	97	140	0.922	0.339
11460.000000	97	140	0.920	0.365
11466.000000	97	140	0.914	0.396
11472.000000	97	140	0.908	0.424
11478.000000	97	140	0.905	0.447
11484.000000	97	140	0.903	0.468
11490.000000	97	140	0.902	0.489
11496.000000	97	140	0.901	0.509
11502.000000	97	140	0.897	0.535
11508.000000	97	140	0.891	0.558
11514.000000	97	140	0.882	0.583
11520.000000	97	140	0.869	0.611
11526.000000	97	140	0.864	0.638
11532.000000	97	140	0.847	0.667
11538.000000	97	140	0.834	0.689
11544.000000	97	140	0.821	0.716
11550.000000	97	140	0.808	0.744
11556.000000	97	140	0.800	0.763
11562.000000	140	97	0.784	0.780
11568.000000	140	97	0.805	0.756
11574.000000	140	97	0.832	0.727
11580.000000	140	97	0.856	0.681
11586.000000	140	97	0.875	0.632
11592.000000	140	97	0.905	0.550
11598.000000	140	97	0.935	0.434
11604.000000	140	97	0.954	0.299
11610.000000	140	97	0.967	0.119
11616.000000	140	115	0.975	0.093
11622.000000	140	115	0.977	0.091
11628.000000	140	115	0.980	0.093
11634.000000	140	115	0.979	0.099
11640.000000	140	115	0.979	0.100
11646.000000	140	115	0.978	0.100
11652.000000	140	115	0.977	0.105
11658.000000	140	115	0.976	0.109
11664.000000	140	115	0.975	0.116
11670.000000	140	115	0.974	0.124
11676.000000	140	115	0.973	0.127
11682.000000	140	115	0.972	0.127
11688.000000	140	115	0.971	0.127
11694.000000	140	115	0.970	0.127
11700.000000	140	115	0.969	0.126
11706.000000	140	115	0.968	0.127
11712.000000	140	115	0.968	0.129
11718.000000	140	115	0.967	0.131
11724.000000	140	115	0.965	0.133
11730.000000	140	115	0.964	0.138
11736.000000	140	115	0.963	0.139
11742.000000	140	115	0.962	0.138
11748.000000	140	115	0.960	0.136
11754.000000	140	115	0.959	0.135
11760.000000	140	100	0.957	0.138
11766.000000	140	100	0.954	0.145
11772.000000	140	100	0.952	0.151
11778.000000	140	100	0.951	0.159
11784.000000	140	100	0.950	0.165
11790.000000	140	100	0.947	0.168
11796.000000	140	100	0.943	0.171
11802.000000	140	100	0.937	0.175
11808.000000	140	100	0.933	0.182
11814.000000	140	100	0.931	0.191
11820.000000	140	100	0.928	0.203
11826.000000	140	100	0.924	0.218
11832.000000	140	100	0.917	0.224
11838.000000	140	100	0.911	0.232
11844.000000	140	100	0.907	0.238
11850.000000	140	100	0.901	0.245
11856.000000	140	100	0.896	0.261
11862.000000	140	100	0.887	0.284
11868.000000	140	100	0.880	0.310
11874.000000	140	100	0.873	0.335
11880.000000	140	100	0.863	0.367
11886.000000	140	100	0.853	0.400
11892.000000	140	100	0.836	0.434
11898.000000	140	100	0.821	0.477
11904.000000	140	100	0.808	0.511
11910.000000	140	100	0.790	0.552
11916.000000	140	100	0.760	0.599
11922.000000	140	100	0.717	0.644
11928.000000	100	140	0.677	0.666
11934.000000	100	140	0.708	0.589
11940.000000	100	140	0.742	0.472
11946.000000	100	140	0.806	0.296
11952.000000	100	160	0.858	0.249
11958.000000	100	160	0.886	0.259
11964.000000	100	160	0.903	0.273
11970.000000	100	160	0.905	0.300
11976.000000	100	160	0.906	0.334
11982.000000	100	160	0.907	0.373
11988.000000	100	160	0.908	0.405
11994.000000	100	160	0.908	0.440
12000.000000	100	160	0.905	0.481
12006.000000	100	160	0.907	0.505
12012.000000	100	160	0.907	0.524
12018.000000	100	160	0.905	0.538
12024.000000	100	160	0.903	0.545
12030.000000	100	160	0.899	0.557
12036.000000	100	160	0.898	0.565
12042.000000	100	160	0.896	0.576
12048.000000	100	160	0.893	0.587
12054.000000	100	160	0.891	0.594
12060.000000	100	160	0.891	0.604
12066.000000	100	160	0.891	0.607
12072.000000	100	160	0.890	0.613
12078.000000	100	160	0.887	0.619
12084.000000	100	160	0.887	0.626
12090.000000	100	160	0.887	0.629
12096.000000	100	160	0.886	0.637
12102.000000	100	160	0.884	0.646
12108.000000	100	160	0.879	0.655
12114.000000	100	160	0.877	0.660
12120.000000	100	160	0.872	0.669
12126.000000	100	160	0.868	0.676
12132.000000	100	160	0.866	0.678
12138.000000	100	160	0.864	0.679
12144.000000	100	160	0.862	0.680
12150.000000	100	160	0.857	0.682
12156.000000	100	160	0.852	0.687
12162.000000	100	160	0.845	0.698
12168.000000	100	160	0.835	0.710
12174.000000	100	160	0.829	0.723
12180.000000	100	160	0.826	0.728
12186.000000	100	160	0.819	0.733
12192.000000	100	160	0.810	0.740
12198.000000	100	160	0.807	0.743
12204.000000	100	160	0.796	0.748
12210.000000	100	160	0.784	0.749
12216.000000	100	160	0.771	0.751
12222.000000	160	100	0.760	0.752
12228.000000	160	100	0.771	0.737
12234.000000	160	100	0.783	0.710
12240.000000	160	100	0.793	0.670
12246.000000	160	100	0.803	0.624
12252.000000	160	100	0.815	0.564
12258.000000	160	100	0.841	0.477
12264.000000	160	100	0.890	0.331
12270.000000	160	100	0.914	0.168
12276.000000	160	92	0.929	0.119
12282.000000	160	13	0.933	0.110
12288.000000	160	13	0.937	0.109
12294.000000	160	13	0.940	0.107
12300.000000	160	13	0.942	0.104
12306.000000	160	13	0.948	0.100
12312.000000	160	13	0.952	0.101
12318.000000	160	13	0.951	0.102
12324.000000	160	80	0.952	0.106
12330.000000	160	80	0.950	0.111
12336.000000	160	80	0.950	0.112
12342.000000	160	80	0.949	0.112
12348.000000	160	80	0.947	0.112
12354.000000	160	80	0.945	0.111
12360.000000	160	80	0.942	0.109
12366.000000	160	36	0.940	0.111
12372.000000	160	36	0.938	0.114
12378.000000	160	36	0.935	0.118
12384.000000	160	72	0.930	0.127
12390.000000	160	72	0.925	0.140
12396.000000	160	72	0.920	0.153
12402.000000	160	72	0.912	0.163
12408.000000	160	72	0.903	0.173
12414.000000	160	72	0.897	0.177
12420.000000	160	72	0.891	0.181
12426.000000	160	72	0.882	0.186
12432.000000	160	72	0.873	0.190
12438.000000	160	72	0.862	0.192
12444.000000	160	72	0.856	0.194
12450.000000	160	72	0.851	0.196
12456.000000	160	72	0.846	0.196
12462.000000	160	72	0.842	0.198
12468.000000	160	72	0.835	0.203
12474.000000	160	72	0.824	0.208
12480.000000	160	72	0.811	0.211
12486.000000	160	72	0.797	0.215
12492.000000	160	72	0.779	0.220
12498.000000	160	72	0.757	0.231
12504.000000	160	72	0.729	0.242
12510.000000	160	72	0.690	0.248
12516.000000	160	72	0.651	0.257
12522.000000	160	72	0.592	0.264
12528.000000	160	72	0.509	0.276
12534.000000	160	72	0.424	0.292
12540.000000	72	160	0.315	0.289
12546.000000	72	96	0.339	0.255
12552.000000	72	96	0.361	0.264
12558.000000	72	96	0.387	0.264
12564.000000	72	69	0.408	0.273
12570.000000	72	69	0.424	0.282
12576.000000	72	69	0.440	0.298
12582.000000	72	69	0.449	0.306
12588.000000	72	69	0.457	0.313
12594.000000	72	69	0.463	0.323
12600.000000	72	69	0.467	0.331
12606.000000	72	69	0.471	0.337
12612.000000	72	69	0.480	0.348
12618.000000	72	69	0.486	0.358
12624.000000	72	69	0.492	0.366
12630.000000	72	69	0.496	0.367
12636.000000	72	69	0.501	0.370
12642.000000	72	69	0.502	0.373
12648.000000	72	69	0.503	0.378
12654.000000	72	69	0.505	0.381
12660.000000	72	69	0.508	0.380
12666.000000	72	69	0.514	0.387
12672.000000	72	69	0.516	0.393
12678.000000	72	69	0.522	0.401
12684.000000	72	69	0.527	0.413
12690.000000	72	69	0.532	0.417
12696.000000	72	69	0.532	0.421
12702.000000	72	69	0.530	0.430
12708.000000	72	69	0.534	0.439
12714.000000	72	69	0.533	0.451
12720.000000	72	69	0.532	0.469
12726.000000	72	69	0.538	0.486
12732.000000	72	69	0.550	0.501
12738.000000	72	69	0.565	0.521
12744.000000	72	69	0.571	0.543
12750.000000	72	69	0.570	0.566
12756.000000	69	72	0.588	0.576
12762.000000	69	72	0.612	0.582
12768.000000	69	72	0.627	0.588
12774.000000	69	72	0.644	0.593
12780.000000	69	72	0.655	0.599
12786.000000	69	72	0.671	0.601
12792.000000	69	72	0.682	0.603
12798.000000	69	72	0.695	0.603
12804.000000	69	72	0.708	0.604
12810.000000	69	72	0.716	0.600
12816.000000	69	72	0.717	0.601
12822.000000	69	72	0.717	0.605
12828.000000	69	72	0.721	0.609
12834.000000	69	72	0.729	0.612
12840.000000	69	72	0.741	0.613
12846.000000	69	72	0.747	0.617
12852.000000	69	72	0.746	0.621
12858.000000	69	72	0.753	0.610
12864.000000	69	72	0.754	0.600
12870.000000	69	72	0.755	0.594
12876.000000	69	72	0.761	0.589
12882.000000	69	72	0.768	0.579
12888.000000	69	72	0.781	0.564
12894.000000	69	72	0.791	0.547
12900.000000	69	72	0.798	0.531
12906.000000	69	72	0.805	0.519
12912.000000	69	72	0.816	0.502
12918.000000	69	72	0.823	0.480
12924.000000	69	72	0.828	0.456
12930.000000	69	72	0.834	0.428
12936.000000	69	72	0.837	0.400
12942.000000	69	72	0.840	0.352
12948.000000	69	72	0.844	0.297
12954.000000	69	42	0.848	0.257
12960.000000	69	42	0.860	0.252
12966.000000	69	42	0.871	0.250
12972.000000	69	42	0.886	0.240
12978.000000	69	42	0.892	0.229
12984.000000	69	42	0.894	0.221
12990.000000	69	42	0.897	0.207
12996.000000	69	42	0.901	0.197
13002.000000	69	42	0.900	0.194
13008.000000	69	143	0.899	0.200
13014.000000	69	143	0.898	0.202
13020.000000	69	143	0.898	0.203
13026.000000	69	143	0.898	0.205
13032.000000	69	143	0.897	0.207
13038.000000	69	143	0.896	0.208
13044.000000	69	143	0.896	0.210
13050.000000	69	143	0.894	0.213
13056.000000	69	143	0.890	0.214
13062.000000	69	109	0.885	0.224
13068.000000	69	109	0.877	0.241
13074.000000	69	109	0.869	0.253
13080.000000	69	109	0.860	0.266
13086.000000	69	109	0.857	0.274
13092.000000	69	109	0.855	0.290
13098.000000	69	109	0.851	0.310
13104.000000	69	109	0.839	0.330
13110.000000	69	109	0.824	0.362
13116.000000	69	109	0.803	0.398
13122.000000	69	109	0.783	0.434
13128.000000	69	109	0.758	0.473
13134.000000	69	109	0.732	0.519
13140.000000	69	109	0.689	0.568
13146.000000	69	109	0.641	0.613
13152.000000	109	69	0.654	0.581
13158.000000	109	69	0.680	0.502
13164.000000	109	69	0.724	0.380
13170.000000	109	69	0.767	0.224
13176.000000	109	90	0.817	0.200
13182.000000	109	90	0.852	0.211
13188.000000	109	90	0.876	0.229
13194.000000	109	90	0.886	0.248
13200.000000	109	90	0.889	0.258
13206.000000	109	90	0.892	0.270
13212.000000	109	90	0.895	0.281
13218.000000	109	90	0.897	0.289
13224.000000	109	90	0.907	0.294
13230.000000	109	28	0.911	0.302
13236.000000	109	28	0.910	0.322
13242.000000	109	28	0.910	0.338
13248.000000	109	28	0.916	0.349
13254.000000	109	28	0.918	0.362
13260.000000	109	28	0.918	0.377
13266.000000	109	28	0.921	0.394
13272.000000	109	28	0.922	0.408
13278.000000	109	28	0.925	0.422
13284.000000	109	28	0.925	0.444
13290.000000	109	28	0.925	0.464
13296.000000	109	28	0.928	0.477
13302.000000	109	28	0.929	0.482
13308.000000	109	28	0.930	0.486
13314.000000	109	28	0.930	0.491
13320.000000	109	28	0.931	0.506
13326.000000	109	28	0.931	0.517
13332.000000	109	28	0.931	0.530
13338.000000	109	28	0.931	0.549
13344.000000	109	28	0.929	0.565
13350.000000	109	28	0.929	0.578
13356.000000	109	28	0.929	0.591
13362.000000	109	28	0.927	0.604
13368.000000	109	28	0.926	0.617
13374.000000	109	28	0.926	0.635
13380.000000	109	28	0.924	0.655
13386.000000	109	28	0.924	0.661
13392.000000	109	28	0.924	0.669
13398.000000	109	28	0.923	0.678
13404.000000	109	28	0.919	0.683
13410.000000	109	28	0.913	0.694
13416.000000	109	28	0.910	0.704
13422.000000	109	28	0.909	0.707
13428.000000	109	28	0.909	0.708
13434.000000	109	28	0.904	0.714
13440.000000	109	28	0.899	0.719
13446.000000	109	28	0.891	0.730
13452.000000	109	28	0.883	0.742
13458.000000	109	28	0.874	0.750
13464.000000	109	28	0.865	0.753
13470.000000	109	28	0.841	0.771
13476.000000	109	28	0.821	0.784
13482.000000	109	28	0.803	0.799
13488.000000	28	109	0.815	0.783
13494.000000	28	109	0.830	0.753
13500.000000	28	109	0.851	0.707
13506.000000	28	109	0.866	0.655
13512.000000	28	109	0.890	0.581
13518.000000	28	109	0.911	0.475
13524.000000	28	109	0.933	0.314
13530.000000	28	109	0.950	0.144
13536.000000	28	46	0.964	0.094
13542.000000	28	46	0.968	0.079
13548.000000	28	46	0.972	0.066
13554.000000	28	162	0.976	0.061
13560.000000	28	162	0.976	0.066
13566.000000	28	162	0.979	0.069
13572.000000	28	162	0.981	0.070
13578.000000	28	162	0.983	0.071
13584.000000	28	162	0.982	0.074
13590.000000	28	162	0.981	0.077
13596.000000	28	162	0.981	0.079
13602.000000	28	162	0.980	0.081
13608.000000	28	162	0.979	0.083
13614.000000	28	162	0.977	0.085
13620.000000	28	162	0.975	0.087
13626.000000	28	162	0.974	0.091
13632.000000	28	162	0.974	0.096
13638.000000	28	162	0.973	0.099
13644.000000	28	162	0.972	0.100
13650.000000	28	162	0.972	0.102
13656.000000	28	162	0.971	0.103
13662.000000	28	162	0.971	0.104
13668.000000	28	162	0.971	0.104
13674.000000	28	162	0.970	0.103
13680.000000	28	162	0.970	0.102
13686.000000	28	162	0.970	0.101
13692.000000	28	162	0.969	0.100
13698.000000	28	162	0.969	0.100
13704.000000	28	162	0.969	0.100
13710.000000	28	162	0.970	0.102
13716.000000	28	162	0.970	0.103
13722.000000	28	162	0.971	0.104
13728.000000	28	162	0.971	0.104
13734.000000	28	162	0.971	0.105
13740.000000	28	162	0.970	0.106
13746.000000	28	162	0.969	0.105
13752.000000	28	162	0.968	0.106
13758.000000	28	162	0.968	0.107
13764.000000	28	162	0.968	0.106
13770.000000	28	162	0.967	0.106
13776.000000	28	162	0.967	0.103
13782.000000	28	162	0.966	0.096
13788.000000	28	162	0.965	0.091
13794.000000	28	162	0.965	0.087
13800.000000	28	162	0.964	0.083
13806.000000	28	162	0.964	0.079
13812.000000	28	162	0.965	0.076
13818.000000	28	162	0.966	0.074
13824.000000	28	162	0.967	0.074
13830.000000	28	162	0.968	0.071
13836.000000	28	162	0.970	0.067
13842.000000	28	162	0.970	0.062
13848.000000	28	162	0.969	0.061
13854.000000	28	162	0.968	0.060
13860.000000	28	162	0.966	0.059
13866.000000	28	162	0.962	0.057
13872.000000	28	162	0.959	0.056
13878.000000	28	162	0.958	0.056
13884.000000	28	162	0.957	0.055
13890.000000	28	162	0.956	0.052
13896.000000	28	162	0.955	0.049
13902.000000	28	162	0.952	0.045
13908.000000	28	162	0.949	0.045
13914.000000	28	162	0.948	0.045
13920.000000	28	162	0.946	0.044
13926.000000	28	162	0.946	0.042
13932.000000	28	162	0.945	0.041
13938.000000	28	163	0.945	0.041
13944.000000	28	163	0.944	0.041
13950.000000	28	163	0.945	0.041
13956.000000	28	163	0.944	0.042
13962.000000	28	163	0.944	0.042
13968.000000	28	163	0.945	0.042
13974.000000	28	162	0.945	0.042
13980.000000	28	162	0.945	0.042
13986.000000	28	162	0.945	0.042
13992.000000	28	162	0.944	0.042
13998.000000	28	162	0.944	0.042
14004.000000	28	163	0.944	0.043
14010.000000	28	163	0.944	0.043
14016.000000	28	162	0.944	0.043
14022.000000	28	162	0.944	0.043
14028.000000	28	162	0.946	0.043
14034.000000	28	162	0.948	0.043
14040.000000	28	162	0.949	0.043
14046.000000	28	162	0.950	0.043
14052.000000	28	162	0.948	0.044
14058.000000	28	162	0.949	0.044
14064.000000	28	162	0.951	0.044
14070.000000	28	162	0.955	0.043
14076.000000	28	162	0.958	0.043
14082.000000	28	162	0.960	0.043
14088.000000	28	162	0.961	0.043
14094.000000	28	162	0.961	0.044
14100.000000	28	162	0.962	0.044
14106.000000	28	162	0.962	0.044
14112.000000	28	162	0.962	0.044
14118.000000	28	162	0.963	0.044
14124.000000	28	162	0.965	0.044
14130.000000	28	162	0.967	0.044
14136.000000	28	162	0.968	0.045
14142.000000	28	162	0.971	0.046
14148.000000	28	162	0.973	0.047
14154.000000	28	162	0.973	0.047
14160.000000	28	162	0.973	0.047
14166.000000	28	162	0.974	0.047
14172.000000	28	162	0.975	0.047
14178.000000	28	162	0.977	0.047
14184.000000	28	162	0.977	0.047
14190.000000	28	162	0.977	0.047
14196.000000	28	162	0.977	0.047
14202.000000	28	162	0.977	0.047
14208.000000	28	162	0.977	0.047
14214.000000	28	162	0.978	0.048
14220.000000	28	162	0.981	0.049
14226.000000	28	162	0.982	0.049
14232.000000	28	162	0.982	0.049
14238.000000	28	162	0.981	0.048
14244.000000	28	162	0.979	0.047
14250.000000	28	162	0.979	0.046
14256.000000	28	162	0.978	0.046
14262.000000	28	162	0.978	0.046
14268.000000	28	162	0.977	0.047
14274.000000	28	162	0.977	0.047
14280.000000	28	162	0.976	0.048
14286.000000	28	162	0.976	0.048
14292.000000	28	162	0.975	0.048
14298.000000	28	162	0.973	0.049
14304.000000	28	162	0.969	0.049
14310.000000	28	162	0.967	0.049
14316.000000	28	162	0.965	0.050
14322.000000	28	162	0.964	0.050
14328.000000	28	162	0.963	0.051
14334.000000	28	162	0.962	0.052
14340.000000	28	162	0.961	0.053
14346.000000	28	162	0.959	0.054
14352.000000	28	162	0.958	0.054
14358.000000	28	162	0.957	0.054
14364.000000	28	162	0.955	0.054
14370.000000	28	162	0.954	0.054
14376.000000	28	162	0.953	0.054
14382.000000	28	162	0.951	0.052
14388.000000	28	162	0.950	0.051
14394.000000	28	162	0.948	0.050
14400.000000	28	162	0.947	0.050
14406.000000	28	162	0.944	0.049
14412.000000	28	163	0.943	0.048
14418.000000	28	163	0.940	0.048
14424.000000	28	163	0.938	0.049
14430.000000	28	163	0.936	0.050
14436.000000	28	163	0.935	0.051
14442.000000	28	163	0.933	0.052
14448.000000	28	163	0.933	0.053
14454.000000	28	163	0.931	0.053
14460.000000	28	163	0.928	0.053
14466.000000	28	163	0.924	0.053
14472.000000	28	163	0.918	0.053
14478.000000	28	163	0.911	0.052
14484.000000	28	163	0.905	0.052
14490.000000	28	163	0.901	0.050
14496.000000	28	163	0.896	0.049
14502.000000	28	163	0.889	0.048
14508.000000	28	163	0.881	0.048
14514.000000	28	163	0.870	0.047
14520.000000	28	163	0.860	0.045
14526.000000	28	163	0.845	0.044
14532.000000	28	163	0.824	0.044
14538.000000	28	163	0.798	0.042
14544.000000	28	118	0.772	0.041
14550.000000	28	118	0.730	0.042
14556.000000	28	118	0.651	0.042
14562.000000	28	88	0.509	0.037
14568.000000	28	88	0.256	0.035
14574.000000	14	118	0.025	0.019
14580.000000	14	118	0.019	0.018
14586.000000	118	14	0.016	0.013
14592.000000	118	14	0.015	0.011
14598.000000	118	138	0.015	0.010
14604.000000	118	138	0.013	0.008
14610.000000	118	22	0.012	0.008
14616.000000	118	22	0.012	0.008
14622.000000	118	22	0.012	0.008
14628.000000	118	22	0.011	0.008
14634.000000	118	22	0.009	0.008
