0.000000	125	102	0.000	0.000
6.000000	12	27	0.992	0.034
12.000000	12	27	0.992	0.035
18.000000	12	27	0.992	0.036
24.000000	12	27	0.991	0.038
30.000000	12	192	0.990	0.041
36.000000	12	192	0.988	0.049
42.000000	12	192	0.986	0.056
48.000000	12	192	0.984	0.065
54.000000	12	192	0.981	0.075
60.000000	12	192	0.979	0.089
66.000000	12	192	0.976	0.103
72.000000	12	192	0.973	0.116
78.000000	12	192	0.970	0.128
84.000000	12	192	0.966	0.140
90.000000	12	192	0.963	0.153
96.000000	12	192	0.958	0.165
102.000000	12	192	0.954	0.179
108.000000	12	192	0.950	0.190
114.000000	12	192	0.945	0.201
120.000000	12	192	0.941	0.216
126.000000	12	192	0.938	0.225
132.000000	12	192	0.934	0.226
138.000000	12	167	0.932	0.232
144.000000	12	167	0.929	0.246
150.000000	12	167	0.927	0.262
156.000000	12	167	0.925	0.279
162.000000	12	167	0.922	0.294
168.000000	12	167	0.917	0.313
174.000000	12	167	0.913	0.319
180.000000	12	167	0.911	0.324
186.000000	12	167	0.910	0.331
192.000000	12	167	0.909	0.336
198.000000	12	167	0.908	0.340
204.000000	12	167	0.907	0.351
210.000000	12	167	0.906	0.364
216.000000	12	167	0.906	0.369
222.000000	12	167	0.905	0.374
228.000000	12	167	0.903	0.377
234.000000	12	167	0.902	0.383
240.000000	12	167	0.900	0.394
246.000000	12	167	0.898	0.402
252.000000	12	167	0.897	0.410
258.000000	12	167	0.893	0.420
264.000000	12	167	0.890	0.427
270.000000	12	167	0.883	0.437
276.000000	12	167	0.873	0.453
282.000000	12	167	0.865	0.472
288.000000	12	167	0.861	0.488
294.000000	12	167	0.853	0.514
300.000000	12	167	0.844	0.542
306.000000	12	167	0.837	0.573
312.000000	12	167	0.830	0.602
318.000000	12	167	0.823	0.631
324.000000	12	167	0.812	0.657
330.000000	12	167	0.797	0.676
336.000000	12	167	0.781	0.694
342.000000	12	167	0.762	0.716
348.000000	12	167	0.742	0.735
354.000000	167	12	0.754	0.714
360.000000	167	12	0.775	0.671
366.000000	167	12	0.803	0.616
372.000000	167	12	0.827	0.559
378.000000	167	12	0.853	0.494
384.000000	167	12	0.879	0.391
390.000000	167	12	0.895	0.263
396.000000	167	82	0.918	0.222
402.000000	167	82	0.924	0.219
408.000000	167	82	0.926	0.221
414.000000	167	82	0.926	0.226
420.000000	167	82	0.926	0.236
426.000000	167	82	0.924	0.243
432.000000	167	82	0.922	0.244
438.000000	167	82	0.920	0.244
444.000000	167	82	0.922	0.248
450.000000	167	82	0.922	0.253
456.000000	167	82	0.920	0.255
462.000000	167	82	0.918	0.253
468.000000	167	82	0.915	0.252
474.000000	167	82	0.910	0.250
480.000000	167	82	0.906	0.250
486.000000	167	82	0.902	0.252
492.000000	167	82	0.899	0.257
498.000000	167	82	0.896	0.256
504.000000	167	82	0.890	0.254
510.000000	167	82	0.883	0.251
516.000000	167	82	0.879	0.249
522.000000	167	82	0.873	0.249
528.000000	167	82	0.870	0.245
534.000000	167	82	0.867	0.239
540.000000	167	82	0.862	0.238
546.000000	167	35	0.857	0.245
552.000000	167	35	0.851	0.249
558.000000	167	35	0.847	0.248
564.000000	167	35	0.845	0.245
570.000000	167	35	0.841	0.244
576.000000	167	35	0.837	0.241
582.000000	167	107	0.834	0.240
588.000000	167	35	0.833	0.238
594.000000	167	107	0.830	0.238
600.000000	167	157	0.827	0.251
606.000000	167	157	0.823	0.266
612.000000	167	157	0.820	0.289
618.000000	167	157	0.815	0.302
624.000000	167	157	0.812	0.312
630.000000	167	157	0.805	0.325
636.000000	167	157	0.796	0.340
642.000000	167	157	0.787	0.348
648.000000	167	157	0.776	0.360
654.000000	167	157	0.761	0.379
660.000000	167	157	0.744	0.397
666.000000	167	157	0.723	0.416
672.000000	167	157	0.699	0.432
678.000000	167	157	0.672	0.446
684.000000	167	157	0.637	0.453
690.000000	167	157	0.595	0.464
696.000000	167	157	0.536	0.473
702.000000	157	167	0.481	0.464
708.000000	157	167	0.487	0.365
714.000000	157	57	0.499	0.350
720.000000	157	57	0.514	0.373
726.000000	157	57	0.545	0.400
732.000000	157	57	0.572	0.415
738.000000	157	57	0.586	0.428
744.000000	157	57	0.590	0.438
750.000000	157	57	0.592	0.451
756.000000	157	57	0.591	0.477
762.000000	157	57	0.590	0.495
768.000000	157	57	0.590	0.516
774.000000	157	57	0.597	0.530
780.000000	157	57	0.595	0.543
786.000000	157	57	0.590	0.560
792.000000	157	57	0.588	0.570
798.000000	157	57	0.586	0.574
804.000000	57	157	0.588	0.579
810.000000	57	157	0.598	0.569
816.000000	57	157	0.605	0.560
822.000000	57	157	0.618	0.555
828.000000	57	157	0.621	0.550
834.000000	57	157	0.620	0.547
840.000000	57	157	0.620	0.544
846.000000	57	157	0.632	0.537
852.000000	57	157	0.642	0.538
858.000000	57	157	0.658	0.529
864.000000	57	157	0.676	0.510
870.000000	57	157	0.694	0.492
876.000000	57	157	0.706	0.470
882.000000	57	157	0.718	0.455
888.000000	57	157	0.740	0.437
894.000000	57	157	0.753	0.416
900.000000	57	157	0.763	0.390
906.000000	57	107	0.767	0.375
912.000000	57	107	0.776	0.358
918.000000	57	107	0.789	0.344
924.000000	57	107	0.803	0.329
930.000000	57	22	0.814	0.342
936.000000	57	22	0.825	0.378
942.000000	57	22	0.834	0.412
948.000000	57	22	0.836	0.450
954.000000	57	22	0.840	0.481
960.000000	57	22	0.837	0.520
966.000000	57	22	0.833	0.563
972.000000	57	22	0.832	0.596
978.000000	57	22	0.831	0.626
984.000000	57	22	0.825	0.639
990.000000	57	22	0.821	0.652
996.000000	57	22	0.818	0.665
1002.000000	57	22	0.817	0.671
1008.000000	57	22	0.817	0.676
1014.000000	57	22	0.809	0.683
1020.000000	57	22	0.800	0.690
1026.000000	57	22	0.794	0.698
1032.000000	57	22	0.788	0.704
1038.000000	57	22	0.775	0.710
1044.000000	57	22	0.766	0.716
1050.000000	57	22	0.754	0.723
1056.000000	22	57	0.739	0.734
1062.000000	22	57	0.755	0.716
1068.000000	22	57	0.762	0.700
1074.000000	22	57	0.768	0.678
1080.000000	22	57	0.791	0.645
1086.000000	22	57	0.799	0.624
1092.000000	22	57	0.806	0.603
1098.000000	22	57	0.817	0.573
1104.000000	22	57	0.828	0.525
1110.000000	22	57	0.840	0.466
1116.000000	22	57	0.845	0.412
1122.000000	22	57	0.854	0.348
1128.000000	22	57	0.860	0.267
1134.000000	22	133	0.872	0.247
1140.000000	22	133	0.876	0.259
1146.000000	22	133	0.876	0.259
1152.000000	22	133	0.880	0.263
1158.000000	22	133	0.884	0.266
1164.000000	22	133	0.889	0.268
1170.000000	22	133	0.891	0.268
1176.000000	22	133	0.888	0.272
1182.000000	22	133	0.882	0.277
1188.000000	22	133	0.875	0.281
1194.000000	22	133	0.870	0.285
1200.000000	22	133	0.864	0.289
1206.000000	22	133	0.862	0.289
1212.000000	22	133	0.863	0.292
1218.000000	22	133	0.860	0.298
1224.000000	22	133	0.858	0.303
1230.000000	22	133	0.855	0.306
1236.000000	22	133	0.852	0.314
1242.000000	22	133	0.849	0.316
1248.000000	22	133	0.849	0.318
1254.000000	22	133	0.852	0.318
1260.000000	22	133	0.851	0.317
1266.000000	22	133	0.846	0.310
1272.000000	22	185	0.844	0.315
1278.000000	22	185	0.841	0.323
1284.000000	22	185	0.839	0.331
1290.000000	22	185	0.835	0.337
1296.000000	22	185	0.831	0.341
1302.000000	22	185	0.831	0.352
1308.000000	22	185	0.830	0.364
1314.000000	22	185	0.825	0.373
1320.000000	22	185	0.821	0.383
1326.000000	22	185	0.816	0.397
1332.000000	22	185	0.812	0.405
1338.000000	22	185	0.805	0.419
1344.000000	22	185	0.794	0.440
1350.000000	22	185	0.779	0.452
1356.000000	22	185	0.767	0.459
1362.000000	22	185	0.751	0.467
1368.000000	22	185	0.730	0.476
1374.000000	22	185	0.705	0.495
1380.000000	22	185	0.683	0.511
1386.000000	22	185	0.659	0.518
1392.000000	22	185	0.632	0.531
1398.000000	22	185	0.597	0.568
1404.000000	185	22	0.606	0.557
1410.000000	185	22	0.632	0.492
1416.000000	185	22	0.665	0.387
1422.000000	185	22	0.698	0.273
1428.000000	185	133	0.734	0.179
1434.000000	185	133	0.777	0.163
1440.000000	185	94	0.811	0.162
1446.000000	185	94	0.839	0.171
1452.000000	185	94	0.855	0.174
1458.000000	185	94	0.864	0.172
1464.000000	185	94	0.869	0.177
1470.000000	185	94	0.872	0.189
1476.000000	185	94	0.874	0.201
1482.000000	185	94	0.877	0.207
1488.000000	185	94	0.880	0.212
1494.000000	185	94	0.882	0.217
1500.000000	185	94	0.887	0.221
1506.000000	185	94	0.892	0.227
1512.000000	185	94	0.893	0.235
1518.000000	185	94	0.891	0.241
1524.000000	185	94	0.890	0.247
1530.000000	185	94	0.896	0.254
1536.000000	185	94	0.895	0.263
1542.000000	185	94	0.894	0.270
1548.000000	185	94	0.896	0.276
1554.000000	185	94	0.898	0.284
1560.000000	185	94	0.896	0.291
1566.000000	185	94	0.890	0.305
1572.000000	185	94	0.890	0.315
1578.000000	185	94	0.892	0.319
1584.000000	185	94	0.892	0.327
1590.000000	185	94	0.893	0.334
1596.000000	185	94	0.897	0.338
1602.000000	185	94	0.896	0.345
1608.000000	185	94	0.895	0.354
1614.000000	185	94	0.893	0.359
1620.000000	185	94	0.893	0.356
1626.000000	185	94	0.891	0.354
1632.000000	185	94	0.889	0.356
1638.000000	185	94	0.887	0.356
1644.000000	185	94	0.887	0.350
1650.000000	185	94	0.887	0.345
1656.000000	185	94	0.884	0.342
1662.000000	185	94	0.882	0.337
1668.000000	185	94	0.879	0.332
1674.000000	185	94	0.875	0.326
1680.000000	185	94	0.871	0.320
1686.000000	185	128	0.869	0.320
1692.000000	185	128	0.871	0.336
1698.000000	185	128	0.870	0.353
1704.000000	185	128	0.869	0.375
1710.000000	185	128	0.870	0.390
1716.000000	185	128	0.869	0.406
1722.000000	185	128	0.867	0.432
1728.000000	185	128	0.864	0.453
1734.000000	185	128	0.861	0.466
1740.000000	185	128	0.852	0.483
1746.000000	185	128	0.844	0.503
1752.000000	185	128	0.830	0.528
1758.000000	185	128	0.813	0.542
1764.000000	185	128	0.793	0.563
1770.000000	185	128	0.770	0.593
1776.000000	185	128	0.743	0.624
1782.000000	185	128	0.709	0.653
1788.000000	128	185	0.695	0.665
1794.000000	128	185	0.741	0.608
1800.000000	128	185	0.784	0.528
1806.000000	128	185	0.829	0.423
1812.000000	128	185	0.862	0.294
1818.000000	128	36	0.887	0.163
1824.000000	128	36	0.906	0.159
1830.000000	128	36	0.916	0.153
1836.000000	128	36	0.928	0.156
1842.000000	128	36	0.934	0.163
1848.000000	128	36	0.936	0.164
1854.000000	128	36	0.938	0.165
1860.000000	128	44	0.936	0.164
1866.000000	128	44	0.935	0.163
1872.000000	128	44	0.935	0.164
1878.000000	128	44	0.933	0.165
1884.000000	128	44	0.931	0.169
1890.000000	128	44	0.930	0.174
1896.000000	128	44	0.928	0.179
1902.000000	128	44	0.928	0.178
1908.000000	128	107	0.929	0.179
1914.000000	128	107	0.927	0.182
1920.000000	128	107	0.926	0.183
1926.000000	128	107	0.925	0.185
1932.000000	128	147	0.924	0.195
1938.000000	128	147	0.922	0.209
1944.000000	128	147	0.920	0.220
1950.000000	128	147	0.915	0.233
1956.000000	128	147	0.910	0.246
1962.000000	128	147	0.902	0.261
1968.000000	128	147	0.895	0.278
1974.000000	128	147	0.894	0.295
1980.000000	128	147	0.892	0.306
1986.000000	128	147	0.889	0.318
1992.000000	128	147	0.883	0.337
1998.000000	128	147	0.878	0.354
2004.000000	128	147	0.874	0.370
2010.000000	128	147	0.872	0.383
2016.000000	128	147	0.864	0.393
2022.000000	128	147	0.854	0.401
2028.000000	128	147	0.842	0.409
2034.000000	128	147	0.833	0.417
2040.000000	128	147	0.823	0.427
2046.000000	128	147	0.808	0.443
2052.000000	128	147	0.793	0.460
2058.000000	128	147	0.766	0.494
2064.000000	128	147	0.747	0.514
2070.000000	128	147	0.722	0.538
2076.000000	128	147	0.696	0.557
2082.000000	128	147	0.657	0.582
2088.000000	147	128	0.616	0.611
2094.000000	147	128	0.643	0.564
2100.000000	147	128	0.671	0.483
2106.000000	147	128	0.715	0.388
2112.000000	147	128	0.745	0.302
2118.000000	147	117	0.768	0.282
2124.000000	147	117	0.806	0.286
2130.000000	147	117	0.830	0.294
2136.000000	147	117	0.854	0.300
2142.000000	147	117	0.863	0.313
2148.000000	147	117	0.866	0.317
2154.000000	147	117	0.874	0.318
2160.000000	147	117	0.880	0.324
2166.000000	147	117	0.884	0.331
2172.000000	147	117	0.884	0.337
2178.000000	147	117	0.883	0.346
2184.000000	147	117	0.882	0.347
2190.000000	147	117	0.882	0.349
2196.000000	147	117	0.883	0.354
2202.000000	147	117	0.882	0.359
2208.000000	147	117	0.882	0.367
2214.000000	147	117	0.884	0.373
2220.000000	147	117	0.887	0.376
2226.000000	147	117	0.892	0.378
2232.000000	147	117	0.899	0.379
2238.000000	147	117	0.901	0.381
2244.000000	147	117	0.901	0.381
2250.000000	147	117	0.899	0.382
2256.000000	147	117	0.899	0.382
2262.000000	147	117	0.900	0.377
2268.000000	147	117	0.899	0.377
2274.000000	147	117	0.897	0.382
2280.000000	147	117	0.894	0.384
2286.000000	147	117	0.892	0.383
2292.000000	147	117	0.890	0.381
2298.000000	147	117	0.888	0.381
2304.000000	147	117	0.885	0.379
2310.000000	147	117	0.882	0.376
2316.000000	147	117	0.879	0.374
2322.000000	147	117	0.876	0.364
2328.000000	147	117	0.871	0.358
2334.000000	147	117	0.863	0.349
2340.000000	147	117	0.857	0.331
2346.000000	147	117	0.852	0.314
2352.000000	147	117	0.852	0.292
2358.000000	147	117	0.848	0.263
2364.000000	147	117	0.840	0.234
2370.000000	147	53	0.833	0.215
2376.000000	147	53	0.826	0.215
2382.000000	147	53	0.821	0.211
2388.000000	147	71	0.819	0.213
2394.000000	147	71	0.816	0.209
2400.000000	147	53	0.814	0.214
2406.000000	147	53	0.809	0.208
2412.000000	147	71	0.804	0.209
2418.000000	147	71	0.792	0.209
2424.000000	147	71	0.779	0.212
2430.000000	147	71	0.763	0.212
2436.000000	147	53	0.747	0.210
2442.000000	147	53	0.729	0.216
2448.000000	147	53	0.713	0.221
2454.000000	147	53	0.696	0.225
2460.000000	147	53	0.672	0.230
2466.000000	147	53	0.632	0.243
2472.000000	147	53	0.577	0.256
2478.000000	147	53	0.498	0.267
2484.000000	147	53	0.391	0.274
2490.000000	53	147	0.271	0.255
2496.000000	53	96	0.275	0.274
2502.000000	96	53	0.296	0.288
2508.000000	96	53	0.314	0.297
2514.000000	96	53	0.340	0.297
2520.000000	96	53	0.363	0.292
2526.000000	96	53	0.381	0.288
2532.000000	96	53	0.385	0.285
2538.000000	96	53	0.391	0.286
2544.000000	96	53	0.396	0.284
2550.000000	96	53	0.401	0.282
2556.000000	96	53	0.406	0.277
2562.000000	96	53	0.412	0.275
2568.000000	96	53	0.417	0.271
2574.000000	96	172	0.422	0.276
2580.000000	96	172	0.421	0.282
2586.000000	96	172	0.420	0.285
2592.000000	96	172	0.421	0.291
2598.000000	96	172	0.419	0.295
2604.000000	96	172	0.428	0.299
2610.000000	96	106	0.433	0.304
2616.000000	96	106	0.435	0.311
2622.000000	96	106	0.444	0.318
2628.000000	96	106	0.450	0.325
2634.000000	96	106	0.458	0.325
2640.000000	96	106	0.464	0.326
2646.000000	96	106	0.476	0.331
2652.000000	96	106	0.484	0.340
2658.000000	96	106	0.495	0.354
2664.000000	96	106	0.507	0.362
2670.000000	96	106	0.518	0.373
2676.000000	96	106	0.530	0.388
2682.000000	96	106	0.542	0.402
2688.000000	96	106	0.551	0.412
2694.000000	96	106	0.562	0.422
2700.000000	96	106	0.570	0.444
2706.000000	96	106	0.587	0.465
2712.000000	96	106	0.604	0.482
2718.000000	96	106	0.606	0.497
2724.000000	96	106	0.607	0.515
2730.000000	96	106	0.600	0.533
2736.000000	96	106	0.594	0.549
2742.000000	96	106	0.595	0.559
2748.000000	96	106	0.599	0.576
2754.000000	96	106	0.600	0.590
2760.000000	96	106	0.599	0.599
2766.000000	106	96	0.609	0.598
2772.000000	106	96	0.613	0.596
2778.000000	106	96	0.623	0.596
2784.000000	106	96	0.636	0.593
2790.000000	106	96	0.649	0.589
2796.000000	106	96	0.660	0.587
2802.000000	106	96	0.670	0.581
2808.000000	106	96	0.679	0.566
2814.000000	106	96	0.686	0.553
2820.000000	106	96	0.697	0.539
2826.000000	106	96	0.710	0.528
2832.000000	106	96	0.721	0.518
2838.000000	106	96	0.727	0.500
2844.000000	106	96	0.747	0.471
2850.000000	106	96	0.754	0.444
2856.000000	106	96	0.765	0.408
2862.000000	106	156	0.778	0.364
2868.000000	106	156	0.794	0.375
2874.000000	106	156	0.811	0.382
2880.000000	106	156	0.818	0.397
2886.000000	106	156	0.824	0.404
2892.000000	106	156	0.827	0.402
2898.000000	106	156	0.839	0.394
2904.000000	106	156	0.846	0.401
2910.000000	106	156	0.855	0.406
2916.000000	106	156	0.861	0.411
2922.000000	106	156	0.865	0.410
2928.000000	106	156	0.870	0.412
2934.000000	106	156	0.875	0.414
2940.000000	106	156	0.877	0.412
2946.000000	106	156	0.878	0.407
2952.000000	106	156	0.882	0.405
2958.000000	106	156	0.883	0.409
2964.000000	106	156	0.879	0.416
2970.000000	106	156	0.874	0.417
2976.000000	106	156	0.871	0.416
2982.000000	106	156	0.867	0.418
2988.000000	106	156	0.865	0.416
2994.000000	106	156	0.863	0.413
3000.000000	106	156	0.860	0.411
3006.000000	106	156	0.856	0.410
3012.000000	106	156	0.851	0.403
3018.000000	106	156	0.846	0.392
3024.000000	106	156	0.845	0.377
3030.000000	106	156	0.844	0.359
3036.000000	106	156	0.841	0.344
3042.000000	106	156	0.836	0.326
3048.000000	106	44	0.833	0.309
3054.000000	106	44	0.833	0.318
3060.000000	106	44	0.830	0.326
3066.000000	106	44	0.823	0.337
3072.000000	106	44	0.816	0.356
3078.000000	106	44	0.815	0.373
3084.000000	106	44	0.814	0.378
3090.000000	106	44	0.812	0.384
3096.000000	106	44	0.809	0.395
3102.000000	106	44	0.804	0.409
3108.000000	106	44	0.799	0.423
3114.000000	106	44	0.788	0.441
3120.000000	106	44	0.774	0.448
3126.000000	106	44	0.754	0.467
3132.000000	106	44	0.736	0.481
3138.000000	106	44	0.712	0.499
3144.000000	106	44	0.674	0.527
3150.000000	106	44	0.619	0.571
3156.000000	44	106	0.600	0.562
3162.000000	44	106	0.635	0.483
3168.000000	44	106	0.669	0.384
3174.000000	44	109	0.710	0.393
3180.000000	44	109	0.748	0.411
3186.000000	44	109	0.774	0.433
3192.000000	44	109	0.787	0.436
3198.000000	44	109	0.798	0.440
3204.000000	44	109	0.799	0.452
3210.000000	44	109	0.802	0.460
3216.000000	44	109	0.808	0.469
3222.000000	44	109	0.804	0.473
3228.000000	44	109	0.797	0.480
3234.000000	44	109	0.793	0.482
3240.000000	44	109	0.793	0.484
3246.000000	44	109	0.789	0.493
3252.000000	44	109	0.786	0.502
3258.000000	44	109	0.782	0.507
3264.000000	44	109	0.775	0.512
3270.000000	44	109	0.764	0.512
3276.000000	44	109	0.763	0.514
3282.000000	44	109	0.766	0.514
3288.000000	44	109	0.765	0.516
3294.000000	44	109	0.766	0.519
3300.000000	44	195	0.760	0.531
3306.000000	44	195	0.749	0.546
3312.000000	44	109	0.743	0.549
3318.000000	44	109	0.738	0.555
3324.000000	44	109	0.735	0.561
3330.000000	44	109	0.729	0.568
3336.000000	44	109	0.722	0.574
3342.000000	44	195	0.704	0.583
3348.000000	44	195	0.692	0.591
3354.000000	44	195	0.680	0.598
3360.000000	44	195	0.669	0.603
3366.000000	44	195	0.648	0.610
3372.000000	44	195	0.631	0.615
3378.000000	195	109	0.625	0.610
3384.000000	195	109	0.633	0.620
3390.000000	195	109	0.648	0.626
3396.000000	195	109	0.672	0.642
3402.000000	195	109	0.686	0.647
3408.000000	195	109	0.698	0.658
3414.000000	195	109	0.715	0.669
3420.000000	195	109	0.730	0.680
3426.000000	195	109	0.744	0.695
3432.000000	195	109	0.752	0.710
3438.000000	195	109	0.756	0.717
3444.000000	195	109	0.756	0.723
3450.000000	195	109	0.755	0.724
3456.000000	195	109	0.751	0.732
3462.000000	195	109	0.745	0.738
3468.000000	109	195	0.740	0.737
3474.000000	109	195	0.744	0.727
3480.000000	109	195	0.746	0.716
3486.000000	109	195	0.751	0.702
3492.000000	109	195	0.753	0.693
3498.000000	109	195	0.755	0.684
3504.000000	109	195	0.757	0.673
3510.000000	109	195	0.756	0.657
3516.000000	109	195	0.758	0.643
3522.000000	109	195	0.756	0.629
3528.000000	109	195	0.749	0.609
3534.000000	109	195	0.742	0.596
3540.000000	109	195	0.739	0.586
3546.000000	109	195	0.740	0.567
3552.000000	109	195	0.739	0.549
3558.000000	109	195	0.738	0.527
3564.000000	109	195	0.741	0.500
3570.000000	109	195	0.744	0.469
3576.000000	109	195	0.744	0.433
3582.000000	109	195	0.741	0.390
3588.000000	109	195	0.743	0.336
3594.000000	109	195	0.748	0.266
3600.000000	109	5	0.758	0.239
3606.000000	109	5	0.767	0.236
3612.000000	109	5	0.768	0.230
3618.000000	109	5	0.762	0.231
3624.000000	109	177	0.760	0.234
3630.000000	109	177	0.757	0.237
3636.000000	109	177	0.758	0.240
3642.000000	109	177	0.759	0.247
3648.000000	109	177	0.752	0.253
3654.000000	109	177	0.747	0.257
3660.000000	109	177	0.740	0.257
3666.000000	109	177	0.729	0.258
3672.000000	109	177	0.716	0.266
3678.000000	109	177	0.705	0.273
3684.000000	109	177	0.688	0.279
3690.000000	109	177	0.671	0.282
3696.000000	109	177	0.652	0.289
3702.000000	109	177	0.631	0.292
3708.000000	109	1	0.603	0.304
3714.000000	109	1	0.572	0.318
3720.000000	109	1	0.534	0.337
3726.000000	109	1	0.472	0.368
3732.000000	1	109	0.391	0.391
3738.000000	1	177	0.404	0.361
3744.000000	1	177	0.419	0.381
3750.000000	1	177	0.431	0.397
3756.000000	1	177	0.441	0.416
3762.000000	1	177	0.455	0.438
3768.000000	1	177	0.473	0.449
3774.000000	1	177	0.484	0.453
3780.000000	1	177	0.496	0.455
3786.000000	1	177	0.507	0.457
3792.000000	1	177	0.520	0.462
3798.000000	1	177	0.531	0.453
3804.000000	1	177	0.547	0.451
3810.000000	1	177	0.562	0.445
3816.000000	1	177	0.566	0.440
3822.000000	1	177	0.569	0.433
3828.000000	1	177	0.578	0.425
3834.000000	1	177	0.587	0.419
3840.000000	1	177	0.598	0.409
3846.000000	1	177	0.611	0.397
3852.000000	1	177	0.620	0.386
3858.000000	1	187	0.625	0.383
3864.000000	1	187	0.642	0.391
3870.000000	1	187	0.648	0.400
3876.000000	1	187	0.663	0.415
3882.000000	1	187	0.666	0.427
3888.000000	1	187	0.676	0.435
3894.000000	1	187	0.686	0.451
3900.000000	1	187	0.693	0.468
3906.000000	1	187	0.703	0.496
3912.000000	1	187	0.708	0.522
3918.000000	1	187	0.708	0.541
3924.000000	1	187	0.710	0.566
3930.000000	1	187	0.710	0.586
3936.000000	1	187	0.715	0.600
3942.000000	1	187	0.718	0.623
3948.000000	1	187	0.719	0.637
3954.000000	1	187	0.725	0.650
3960.000000	1	187	0.734	0.673
3966.000000	1	187	0.735	0.695
3972.000000	1	187	0.732	0.723
3978.000000	187	1	0.737	0.726
3984.000000	187	1	0.747	0.720
3990.000000	187	1	0.765	0.705
3996.000000	187	1	0.787	0.686
4002.000000	187	1	0.798	0.675
4008.000000	187	1	0.808	0.667
4014.000000	187	1	0.817	0.657
4020.000000	187	1	0.821	0.652
4026.000000	187	1	0.823	0.645
4032.000000	187	1	0.828	0.628
4038.000000	187	1	0.833	0.613
4044.000000	187	1	0.841	0.595
4050.000000	187	1	0.849	0.567
4056.000000	187	1	0.864	0.532
4062.000000	187	1	0.873	0.498
4068.000000	187	1	0.882	0.454
4074.000000	187	1	0.892	0.400
4080.000000	187	1	0.896	0.338
4086.000000	187	1	0.901	0.274
4092.000000	187	145	0.901	0.239
4098.000000	187	145	0.902	0.253
4104.000000	187	145	0.906	0.268
4110.000000	187	145	0.912	0.277
4116.000000	187	145	0.917	0.274
4122.000000	187	145	0.915	0.275
4128.000000	187	145	0.910	0.276
4134.000000	187	145	0.906	0.279
4140.000000	187	145	0.901	0.284
4146.000000	187	145	0.897	0.285
4152.000000	187	145	0.894	0.288
4158.000000	187	145	0.892	0.291
4164.000000	187	145	0.889	0.290
4170.000000	187	145	0.884	0.293
4176.000000	187	145	0.879	0.302
4182.000000	187	145	0.873	0.307
4188.000000	187	145	0.867	0.313
4194.000000	187	145	0.862	0.315
4200.000000	187	145	0.854	0.317
4206.000000	187	145	0.848	0.318
4212.000000	187	145	0.842	0.316
4218.000000	187	145	0.835	0.310
4224.000000	187	145	0.825	0.304
4230.000000	187	145	0.820	0.301
4236.000000	187	145	0.815	0.295
4242.000000	187	30	0.810	0.297
4248.000000	187	30	0.804	0.301
4254.000000	187	30	0.791	0.307
4260.000000	187	30	0.778	0.318
4266.000000	187	30	0.765	0.333
4272.000000	187	30	0.751	0.347
4278.000000	187	30	0.730	0.359
4284.000000	187	30	0.705	0.374
4290.000000	187	30	0.680	0.395
4296.000000	187	30	0.651	0.418
4302.000000	187	30	0.612	0.438
4308.000000	187	30	0.553	0.487
4314.000000	30	187	0.524	0.504
4320.000000	30	187	0.564	0.425
4326.000000	30	187	0.605	0.317
4332.000000	30	86	0.649	0.279
4338.000000	30	55	0.685	0.273
4344.000000	30	55	0.715	0.291
4350.000000	30	55	0.748	0.304
4356.000000	30	55	0.764	0.320
4362.000000	30	55	0.777	0.341
4368.000000	30	55	0.789	0.361
4374.000000	30	55	0.802	0.371
4380.000000	30	55	0.817	0.382
4386.000000	30	55	0.824	0.401
4392.000000	30	55	0.828	0.417
4398.000000	30	55	0.832	0.433
4404.000000	30	55	0.836	0.440
4410.000000	30	55	0.843	0.451
4416.000000	30	55	0.848	0.464
4422.000000	30	55	0.852	0.474
4428.000000	30	55	0.855	0.480
4434.000000	30	55	0.860	0.490
4440.000000	30	55	0.861	0.507
4446.000000	30	55	0.862	0.519
4452.000000	30	55	0.862	0.531
4458.000000	30	55	0.863	0.553
4464.000000	30	55	0.864	0.562
4470.000000	30	55	0.863	0.574
4476.000000	30	55	0.863	0.588
4482.000000	30	55	0.861	0.599
4488.000000	30	55	0.862	0.608
4494.000000	30	55	0.862	0.612
4500.000000	30	55	0.861	0.623
4506.000000	30	55	0.860	0.633
4512.000000	30	55	0.856	0.640
4518.000000	30	55	0.853	0.649
4524.000000	30	55	0.851	0.657
4530.000000	30	55	0.849	0.669
4536.000000	30	55	0.852	0.674
4542.000000	30	55	0.854	0.676
4548.000000	30	55	0.852	0.680
4554.000000	30	55	0.849	0.685
4560.000000	30	55	0.847	0.688
4566.000000	30	55	0.841	0.697
4572.000000	30	55	0.835	0.701
4578.000000	30	55	0.829	0.705
4584.000000	30	55	0.821	0.715
4590.000000	30	55	0.805	0.729
4596.000000	30	55	0.788	0.739
4602.000000	30	55	0.770	0.749
4608.000000	55	30	0.753	0.751
4614.000000	55	30	0.760	0.731
4620.000000	55	30	0.771	0.706
4626.000000	55	30	0.781	0.679
4632.000000	55	30	0.793	0.639
4638.000000	55	30	0.802	0.598
4644.000000	55	30	0.816	0.540
4650.000000	55	30	0.830	0.474
4656.000000	55	28	0.846	0.389
4662.000000	55	28	0.856	0.421
4668.000000	55	28	0.870	0.461
4674.000000	55	28	0.878	0.512
4680.000000	55	28	0.880	0.575
4686.000000	55	28	0.882	0.621
4692.000000	55	28	0.882	0.657
4698.000000	55	28	0.884	0.688
4704.000000	55	28	0.880	0.707
4710.000000	55	28	0.877	0.721
4716.000000	55	28	0.867	0.736
4722.000000	55	28	0.852	0.751
4728.000000	55	28	0.841	0.763
4734.000000	55	28	0.834	0.773
4740.000000	55	28	0.826	0.782
4746.000000	55	28	0.819	0.790
4752.000000	55	28	0.810	0.796
4758.000000	28	55	0.806	0.798
4764.000000	28	55	0.824	0.779
4770.000000	28	55	0.834	0.763
4776.000000	28	55	0.837	0.747
4782.000000	28	55	0.844	0.728
4788.000000	28	55	0.848	0.708
4794.000000	28	55	0.854	0.684
4800.000000	28	55	0.866	0.648
4806.000000	28	55	0.883	0.603
4812.000000	28	55	0.891	0.554
4818.000000	28	55	0.900	0.491
4824.000000	28	55	0.904	0.408
4830.000000	28	55	0.919	0.299
4836.000000	28	55	0.934	0.189
4842.000000	28	183	0.941	0.136
4848.000000	28	183	0.947	0.141
4854.000000	28	183	0.948	0.151
4860.000000	28	183	0.946	0.162
4866.000000	28	183	0.942	0.170
4872.000000	28	183	0.939	0.175
4878.000000	28	183	0.936	0.178
4884.000000	28	183	0.934	0.187
4890.000000	28	183	0.932	0.193
4896.000000	28	183	0.928	0.196
4902.000000	28	183	0.926	0.204
4908.000000	28	183	0.925	0.214
4914.000000	28	183	0.923	0.221
4920.000000	28	183	0.921	0.229
4926.000000	28	183	0.918	0.235
4932.000000	28	183	0.915	0.237
4938.000000	28	183	0.913	0.243
4944.000000	28	183	0.912	0.248
4950.000000	28	183	0.910	0.252
4956.000000	28	183	0.908	0.254
4962.000000	28	152	0.904	0.259
4968.000000	28	152	0.898	0.271
4974.000000	28	152	0.890	0.284
4980.000000	28	152	0.885	0.290
4986.000000	28	183	0.881	0.293
4992.000000	28	183	0.878	0.306
4998.000000	28	183	0.879	0.322
5004.000000	28	183	0.879	0.336
5010.000000	28	183	0.875	0.354
5016.000000	28	183	0.872	0.379
5022.000000	28	183	0.866	0.409
5028.000000	28	183	0.860	0.431
5034.000000	28	183	0.855	0.454
5040.000000	28	183	0.850	0.474
5046.000000	28	183	0.848	0.498
5052.000000	28	183	0.846	0.528
5058.000000	28	183	0.842	0.552
5064.000000	28	183	0.834	0.577
5070.000000	28	183	0.825	0.597
5076.000000	28	183	0.808	0.622
5082.000000	28	183	0.791	0.646
5088.000000	28	183	0.772	0.666
5094.000000	28	183	0.745	0.692
5100.000000	183	28	0.720	0.713
5106.000000	183	28	0.760	0.659
5112.000000	183	28	0.800	0.595
5118.000000	183	28	0.840	0.507
5124.000000	183	28	0.876	0.392
5130.000000	183	28	0.918	0.255
5136.000000	183	154	0.946	0.107
5142.000000	183	60	0.955	0.104
5148.000000	183	60	0.958	0.107
5154.000000	183	60	0.957	0.112
5160.000000	183	60	0.955	0.119
5166.000000	183	60	0.954	0.129
5172.000000	183	60	0.953	0.135
5178.000000	183	60	0.951	0.139
5184.000000	183	60	0.947	0.141
5190.000000	183	60	0.944	0.146
5196.000000	183	60	0.941	0.150
5202.000000	183	60	0.939	0.150
5208.000000	183	60	0.940	0.149
5214.000000	183	178	0.939	0.147
5220.000000	183	178	0.938	0.161
5226.000000	183	178	0.936	0.171
5232.000000	183	178	0.932	0.185
5238.000000	183	178	0.930	0.201
5244.000000	183	178	0.928	0.212
5250.000000	183	178	0.927	0.227
5256.000000	183	178	0.925	0.234
5262.000000	183	178	0.924	0.241
5268.000000	183	178	0.922	0.245
5274.000000	183	178	0.921	0.248
5280.000000	183	178	0.921	0.253
5286.000000	183	178	0.919	0.261
5292.000000	183	178	0.913	0.270
5298.000000	183	178	0.911	0.277
5304.000000	183	178	0.908	0.283
5310.000000	183	178	0.907	0.295
5316.000000	183	178	0.906	0.317
5322.000000	183	178	0.906	0.335
5328.000000	183	178	0.904	0.348
5334.000000	183	178	0.901	0.357
5340.000000	183	178	0.897	0.368
5346.000000	183	178	0.891	0.392
5352.000000	183	178	0.884	0.430
5358.000000	183	178	0.879	0.458
5364.000000	183	178	0.872	0.493
5370.000000	183	178	0.864	0.525
5376.000000	183	178	0.851	0.559
5382.000000	183	178	0.833	0.587
5388.000000	183	178	0.817	0.618
5394.000000	183	178	0.795	0.650
5400.000000	183	178	0.767	0.679
5406.000000	183	178	0.732	0.729
5412.000000	178	183	0.771	0.693
5418.000000	178	183	0.789	0.653
5424.000000	178	183	0.822	0.589
5430.000000	178	183	0.857	0.519
5436.000000	178	183	0.894	0.410
5442.000000	178	183	0.914	0.284
5448.000000	178	3	0.935	0.155
5454.000000	178	3	0.945	0.153
5460.000000	178	3	0.954	0.154
5466.000000	178	3	0.954	0.153
5472.000000	178	3	0.953	0.154
5478.000000	178	3	0.951	0.161
5484.000000	178	3	0.949	0.164
5490.000000	178	3	0.947	0.168
5496.000000	178	3	0.946	0.172
5502.000000	178	3	0.944	0.172
5508.000000	178	3	0.942	0.176
5514.000000	178	51	0.941	0.186
5520.000000	178	51	0.940	0.194
5526.000000	178	51	0.939	0.200
5532.000000	178	51	0.939	0.207
5538.000000	178	51	0.940	0.213
5544.000000	178	51	0.939	0.219
5550.000000	178	51	0.938	0.225
5556.000000	178	51	0.938	0.234
5562.000000	178	51	0.936	0.244
5568.000000	178	51	0.935	0.253
5574.000000	178	51	0.934	0.260
5580.000000	178	51	0.936	0.267
5586.000000	178	51	0.932	0.277
5592.000000	178	51	0.928	0.284
5598.000000	178	51	0.927	0.291
5604.000000	178	51	0.926	0.295
5610.000000	178	51	0.926	0.297
5616.000000	178	51	0.926	0.300
5622.000000	178	51	0.925	0.304
5628.000000	178	51	0.925	0.306
5634.000000	178	51	0.925	0.309
5640.000000	178	51	0.925	0.308
5646.000000	178	51	0.925	0.310
5652.000000	178	51	0.923	0.312
5658.000000	178	51	0.923	0.317
5664.000000	178	51	0.923	0.316
5670.000000	178	51	0.921	0.314
5676.000000	178	51	0.918	0.310
5682.000000	178	51	0.917	0.307
5688.000000	178	51	0.915	0.306
5694.000000	178	51	0.912	0.306
5700.000000	178	51	0.908	0.305
5706.000000	178	51	0.905	0.297
5712.000000	178	51	0.903	0.279
5718.000000	178	107	0.897	0.277
5724.000000	178	107	0.886	0.281
5730.000000	178	107	0.881	0.286
5736.000000	178	107	0.873	0.296
5742.000000	178	107	0.867	0.305
5748.000000	178	107	0.860	0.315
5754.000000	178	107	0.852	0.324
5760.000000	178	107	0.845	0.333
5766.000000	178	107	0.832	0.343
5772.000000	178	107	0.813	0.352
5778.000000	178	107	0.788	0.370
5784.000000	178	107	0.763	0.397
5790.000000	178	107	0.729	0.428
5796.000000	178	107	0.687	0.462
5802.000000	178	107	0.638	0.492
5808.000000	178	107	0.566	0.531
5814.000000	107	178	0.569	0.485
5820.000000	107	178	0.612	0.362
5826.000000	107	178	0.672	0.207
5832.000000	107	140	0.727	0.215
5838.000000	107	140	0.761	0.229
5844.000000	107	140	0.777	0.242
5850.000000	107	140	0.785	0.253
5856.000000	107	140	0.792	0.263
5862.000000	107	140	0.805	0.270
5868.000000	107	140	0.816	0.279
5874.000000	107	140	0.821	0.289
5880.000000	107	140	0.828	0.298
5886.000000	107	140	0.830	0.311
5892.000000	107	140	0.831	0.321
5898.000000	107	140	0.831	0.326
5904.000000	107	140	0.832	0.331
5910.000000	107	140	0.836	0.342
5916.000000	107	140	0.844	0.349
5922.000000	107	140	0.843	0.360
5928.000000	107	140	0.842	0.363
5934.000000	107	140	0.840	0.373
5940.000000	107	140	0.839	0.385
5946.000000	107	140	0.839	0.389
5952.000000	107	140	0.839	0.388
5958.000000	107	140	0.843	0.386
5964.000000	107	140	0.844	0.387
5970.000000	107	140	0.847	0.388
5976.000000	107	140	0.849	0.393
5982.000000	107	140	0.851	0.401
5988.000000	107	140	0.856	0.403
5994.000000	107	140	0.854	0.408
6000.000000	107	140	0.850	0.415
6006.000000	107	140	0.850	0.427
6012.000000	107	140	0.846	0.441
6018.000000	107	140	0.844	0.446
6024.000000	107	140	0.840	0.453
6030.000000	107	140	0.833	0.460
6036.000000	107	140	0.829	0.473
6042.000000	107	140	0.823	0.484
6048.000000	107	140	0.815	0.489
6054.000000	107	140	0.804	0.494
6060.000000	107	140	0.796	0.502
6066.000000	107	140	0.786	0.517
6072.000000	107	140	0.773	0.530
6078.000000	107	140	0.757	0.537
6084.000000	107	140	0.735	0.543
6090.000000	107	140	0.711	0.553
6096.000000	107	140	0.680	0.563
6102.000000	107	140	0.653	0.569
6108.000000	107	140	0.622	0.580
6114.000000	140	107	0.600	0.579
6120.000000	140	112	0.618	0.580
6126.000000	140	112	0.634	0.605
6132.000000	140	112	0.656	0.645
6138.000000	140	112	0.693	0.673
6144.000000	140	112	0.722	0.704
6150.000000	140	112	0.735	0.734
6156.000000	140	112	0.752	0.750
6162.000000	140	112	0.768	0.767
6168.000000	140	112	0.781	0.780
6174.000000	140	112	0.792	0.777
6180.000000	140	112	0.792	0.779
6186.000000	112	140	0.788	0.787
6192.000000	112	140	0.797	0.790
6198.000000	112	140	0.800	0.798
6204.000000	112	140	0.805	0.804
6210.000000	140	112	0.808	0.806
6216.000000	140	112	0.813	0.802
6222.000000	140	112	0.822	0.799
6228.000000	140	112	0.826	0.798
6234.000000	140	112	0.830	0.797
6240.000000	140	112	0.835	0.794
6246.000000	140	112	0.839	0.789
6252.000000	140	112	0.840	0.792
6258.000000	140	112	0.842	0.793
6264.000000	140	112	0.843	0.789
6270.000000	140	112	0.845	0.786
6276.000000	140	112	0.846	0.779
6282.000000	140	112	0.847	0.776
6288.000000	140	112	0.846	0.773
6294.000000	140	112	0.842	0.773
6300.000000	140	112	0.846	0.768
6306.000000	140	112	0.849	0.767
6312.000000	140	112	0.852	0.765
6318.000000	140	112	0.849	0.763
6324.000000	140	112	0.849	0.757
6330.000000	140	112	0.849	0.753
6336.000000	140	112	0.849	0.748
6342.000000	140	112	0.852	0.744
6348.000000	140	112	0.850	0.745
6354.000000	140	112	0.846	0.746
6360.000000	140	112	0.845	0.744
6366.000000	140	112	0.845	0.743
6372.000000	140	112	0.845	0.742
6378.000000	140	112	0.845	0.739
6384.000000	140	112	0.849	0.733
6390.000000	140	112	0.850	0.728
6396.000000	140	112	0.851	0.720
6402.000000	140	112	0.846	0.719
6408.000000	140	112	0.843	0.715
6414.000000	140	112	0.839	0.709
6420.000000	140	112	0.834	0.701
6426.000000	140	112	0.833	0.686
6432.000000	140	112	0.834	0.668
6438.000000	140	112	0.837	0.647
6444.000000	140	112	0.834	0.624
6450.000000	140	112	0.829	0.602
6456.000000	140	112	0.827	0.575
6462.000000	140	112	0.825	0.529
6468.000000	140	112	0.825	0.465
6474.000000	140	112	0.834	0.377
6480.000000	140	112	0.834	0.280
6486.000000	140	112	0.843	0.169
6492.000000	140	8	0.853	0.120
6498.000000	140	8	0.858	0.129
6504.000000	140	8	0.863	0.134
6510.000000	140	8	0.863	0.137
6516.000000	140	8	0.864	0.139
6522.000000	140	8	0.864	0.148
6528.000000	140	115	0.861	0.158
6534.000000	140	115	0.858	0.169
6540.000000	140	115	0.855	0.180
6546.000000	140	115	0.850	0.191
6552.000000	140	115	0.842	0.204
6558.000000	140	115	0.831	0.217
6564.000000	140	115	0.818	0.226
6570.000000	140	8	0.806	0.241
6576.000000	140	8	0.796	0.261
6582.000000	140	8	0.781	0.280
6588.000000	140	8	0.761	0.304
6594.000000	140	8	0.743	0.323
6600.000000	140	8	0.726	0.340
6606.000000	140	8	0.708	0.353
6612.000000	140	8	0.676	0.367
6618.000000	140	8	0.624	0.383
6624.000000	140	8	0.555	0.416
6630.000000	140	8	0.469	0.449
6636.000000	8	140	0.480	0.362
6642.000000	8	54	0.512	0.370
6648.000000	8	54	0.544	0.397
6654.000000	8	54	0.575	0.423
6660.000000	8	54	0.594	0.449
6666.000000	8	54	0.606	0.475
6672.000000	8	54	0.619	0.493
6678.000000	8	54	0.635	0.495
6684.000000	8	54	0.645	0.504
6690.000000	8	54	0.653	0.516
6696.000000	8	54	0.656	0.520
6702.000000	8	54	0.658	0.521
6708.000000	8	54	0.661	0.517
6714.000000	8	54	0.673	0.516
6720.000000	8	54	0.686	0.513
6726.000000	8	54	0.694	0.511
6732.000000	8	54	0.697	0.513
6738.000000	8	54	0.702	0.520
6744.000000	8	54	0.699	0.531
6750.000000	8	54	0.700	0.542
6756.000000	8	54	0.706	0.557
6762.000000	8	54	0.717	0.561
6768.000000	8	54	0.728	0.565
6774.000000	8	54	0.734	0.564
6780.000000	8	54	0.742	0.564
6786.000000	8	54	0.746	0.567
6792.000000	8	54	0.752	0.572
6798.000000	8	54	0.757	0.572
6804.000000	8	54	0.763	0.575
6810.000000	8	54	0.769	0.578
6816.000000	8	54	0.780	0.580
6822.000000	8	54	0.789	0.582
6828.000000	8	54	0.793	0.581
6834.000000	8	54	0.794	0.582
6840.000000	8	54	0.801	0.587
6846.000000	8	54	0.804	0.590
6852.000000	8	54	0.807	0.590
6858.000000	8	54	0.814	0.588
6864.000000	8	54	0.819	0.592
6870.000000	8	54	0.824	0.594
6876.000000	8	54	0.826	0.594
6882.000000	8	54	0.832	0.595
6888.000000	8	54	0.838	0.600
6894.000000	8	54	0.840	0.606
6900.000000	8	54	0.844	0.610
6906.000000	8	54	0.849	0.611
6912.000000	8	54	0.850	0.618
6918.000000	8	54	0.855	0.616
6924.000000	8	54	0.854	0.617
6930.000000	8	54	0.852	0.617
6936.000000	8	54	0.849	0.626
6942.000000	8	54	0.850	0.630
6948.000000	8	54	0.851	0.634
6954.000000	8	54	0.854	0.637
6960.000000	8	54	0.853	0.633
6966.000000	8	54	0.854	0.628
6972.000000	8	54	0.860	0.618
6978.000000	8	54	0.860	0.610
6984.000000	8	54	0.860	0.605
6990.000000	8	54	0.860	0.602
6996.000000	8	54	0.862	0.595
7002.000000	8	54	0.863	0.587
7008.000000	8	54	0.863	0.582
7014.000000	8	54	0.865	0.576
7020.000000	8	54	0.866	0.565
7026.000000	8	54	0.868	0.544
7032.000000	8	54	0.871	0.528
7038.000000	8	54	0.872	0.511
7044.000000	8	54	0.873	0.487
7050.000000	8	54	0.874	0.464
7056.000000	8	54	0.875	0.437
7062.000000	8	54	0.878	0.394
7068.000000	8	54	0.883	0.341
7074.000000	8	54	0.892	0.277
7080.000000	8	54	0.901	0.199
7086.000000	8	184	0.910	0.145
7092.000000	8	184	0.920	0.141
7098.000000	8	184	0.929	0.136
7104.000000	8	127	0.935	0.139
7110.000000	8	127	0.937	0.147
7116.000000	8	127	0.937	0.147
7122.000000	8	127	0.935	0.142
7128.000000	8	127	0.935	0.142
7134.000000	8	127	0.936	0.143
7140.000000	8	127	0.934	0.144
7146.000000	8	127	0.932	0.143
7152.000000	8	127	0.931	0.143
7158.000000	8	127	0.931	0.145
7164.000000	8	127	0.931	0.147
7170.000000	8	127	0.931	0.150
7176.000000	8	127	0.930	0.151
7182.000000	8	127	0.928	0.154
7188.000000	8	127	0.927	0.157
7194.000000	8	127	0.925	0.158
7200.000000	8	69	0.920	0.160
7206.000000	8	112	0.916	0.171
7212.000000	8	112	0.914	0.186
7218.000000	8	112	0.910	0.199
7224.000000	8	112	0.907	0.203
7230.000000	8	112	0.902	0.206
7236.000000	8	112	0.890	0.211
7242.000000	8	112	0.879	0.215
7248.000000	8	112	0.868	0.222
7254.000000	8	112	0.860	0.234
7260.000000	8	112	0.849	0.244
7266.000000	8	112	0.834	0.252
7272.000000	8	112	0.813	0.259
7278.000000	8	112	0.784	0.269
7284.000000	8	112	0.759	0.281
7290.000000	8	112	0.730	0.293
7296.000000	8	112	0.690	0.311
7302.000000	8	112	0.646	0.336
7308.000000	8	112	0.592	0.364
7314.000000	8	112	0.496	0.407
7320.000000	112	8	0.460	0.367
7326.000000	112	69	0.531	0.220
7332.000000	112	69	0.615	0.230
7338.000000	112	69	0.676	0.221
7344.000000	112	69	0.707	0.223
7350.000000	112	69	0.728	0.228
7356.000000	112	69	0.748	0.230
7362.000000	112	69	0.759	0.230
7368.000000	112	69	0.781	0.220
7374.000000	112	69	0.803	0.217
7380.000000	112	107	0.821	0.218
7386.000000	112	107	0.833	0.230
7392.000000	112	107	0.836	0.238
7398.000000	112	107	0.840	0.247
7404.000000	112	107	0.841	0.256
7410.000000	112	107	0.841	0.267
7416.000000	112	107	0.840	0.270
7422.000000	112	107	0.841	0.274
7428.000000	112	107	0.850	0.285
7434.000000	112	107	0.855	0.294
7440.000000	112	107	0.857	0.303
7446.000000	112	107	0.858	0.308
7452.000000	112	107	0.859	0.315
7458.000000	112	107	0.862	0.319
7464.000000	112	107	0.867	0.326
7470.000000	112	107	0.865	0.338
7476.000000	112	107	0.864	0.350
7482.000000	112	107	0.863	0.362
7488.000000	112	107	0.864	0.371
7494.000000	112	107	0.861	0.381
7500.000000	112	107	0.862	0.390
7506.000000	112	107	0.864	0.406
7512.000000	112	107	0.860	0.422
7518.000000	112	107	0.856	0.434
7524.000000	112	107	0.858	0.445
7530.000000	112	107	0.861	0.454
7536.000000	112	107	0.863	0.465
7542.000000	112	107	0.863	0.472
7548.000000	112	107	0.862	0.481
7554.000000	112	107	0.860	0.493
7560.000000	112	107	0.858	0.507
7566.000000	112	107	0.857	0.519
7572.000000	112	107	0.855	0.528
7578.000000	112	107	0.854	0.530
7584.000000	112	107	0.855	0.536
7590.000000	112	107	0.849	0.548
7596.000000	112	107	0.844	0.557
7602.000000	112	107	0.837	0.565
7608.000000	112	107	0.829	0.577
7614.000000	112	107	0.821	0.588
7620.000000	112	107	0.813	0.598
7626.000000	112	107	0.805	0.611
7632.000000	112	107	0.790	0.626
7638.000000	112	107	0.766	0.636
7644.000000	112	107	0.749	0.645
7650.000000	112	107	0.734	0.659
7656.000000	112	107	0.719	0.676
7662.000000	107	112	0.700	0.694
7668.000000	107	112	0.712	0.671
7674.000000	107	112	0.717	0.649
7680.000000	107	112	0.726	0.613
7686.000000	107	112	0.746	0.554
7692.000000	107	112	0.779	0.484
7698.000000	107	112	0.810	0.403
7704.000000	107	82	0.833	0.386
7710.000000	107	82	0.860	0.423
7716.000000	107	82	0.874	0.464
7722.000000	107	82	0.886	0.500
7728.000000	107	82	0.895	0.531
7734.000000	107	82	0.898	0.561
7740.000000	107	82	0.897	0.585
7746.000000	107	82	0.896	0.595
7752.000000	107	82	0.897	0.603
7758.000000	107	82	0.896	0.616
7764.000000	107	82	0.890	0.628
7770.000000	107	82	0.890	0.633
7776.000000	107	82	0.888	0.635
7782.000000	107	82	0.885	0.641
7788.000000	107	82	0.884	0.647
7794.000000	107	82	0.880	0.652
7800.000000	107	82	0.881	0.651
7806.000000	107	82	0.879	0.653
7812.000000	107	82	0.874	0.657
7818.000000	107	82	0.868	0.660
7824.000000	107	82	0.861	0.666
7830.000000	107	82	0.855	0.670
7836.000000	107	82	0.849	0.676
7842.000000	107	82	0.841	0.679
7848.000000	107	82	0.829	0.685
7854.000000	107	82	0.822	0.689
7860.000000	107	82	0.813	0.700
7866.000000	107	82	0.794	0.711
7872.000000	107	82	0.776	0.715
7878.000000	107	82	0.760	0.722
7884.000000	107	82	0.744	0.734
7890.000000	82	107	0.749	0.726
7896.000000	82	107	0.756	0.709
7902.000000	82	107	0.767	0.685
7908.000000	82	107	0.775	0.660
7914.000000	82	107	0.794	0.624
7920.000000	82	107	0.817	0.577
7926.000000	82	107	0.836	0.509
7932.000000	82	107	0.855	0.426
7938.000000	82	167	0.875	0.347
7944.000000	82	167	0.889	0.376
7950.000000	82	167	0.894	0.396
7956.000000	82	167	0.896	0.428
7962.000000	82	167	0.902	0.460
7968.000000	82	167	0.898	0.497
7974.000000	82	167	0.894	0.520
7980.000000	82	167	0.895	0.536
7986.000000	82	167	0.893	0.552
7992.000000	82	167	0.891	0.567
7998.000000	82	167	0.887	0.574
8004.000000	82	167	0.877	0.579
8010.000000	82	167	0.867	0.588
8016.000000	82	167	0.861	0.596
8022.000000	82	167	0.857	0.604
8028.000000	82	167	0.854	0.606
8034.000000	82	167	0.847	0.616
8040.000000	82	167	0.834	0.634
8046.000000	82	167	0.829	0.645
8052.000000	82	167	0.821	0.652
8058.000000	82	167	0.810	0.660
8064.000000	82	167	0.801	0.666
8070.000000	82	167	0.787	0.672
8076.000000	82	167	0.769	0.679
8082.000000	82	167	0.751	0.686
8088.000000	82	167	0.734	0.696
8094.000000	82	167	0.713	0.709
8100.000000	167	82	0.716	0.697
8106.000000	167	82	0.725	0.670
8112.000000	167	82	0.737	0.639
8118.000000	167	82	0.753	0.591
8124.000000	167	82	0.766	0.528
8130.000000	167	82	0.772	0.465
8136.000000	167	82	0.789	0.402
8142.000000	167	82	0.807	0.319
8148.000000	167	82	0.842	0.219
8154.000000	167	82	0.853	0.144
8160.000000	167	70	0.859	0.143
8166.000000	167	157	0.871	0.147
8172.000000	167	157	0.872	0.161
8178.000000	167	157	0.879	0.172
8184.000000	167	157	0.886	0.179
8190.000000	167	157	0.890	0.187
8196.000000	167	157	0.891	0.201
8202.000000	167	157	0.895	0.219
8208.000000	167	157	0.896	0.236
8214.000000	167	157	0.894	0.247
8220.000000	167	157	0.892	0.257
8226.000000	167	157	0.891	0.266
8232.000000	167	157	0.893	0.280
8238.000000	167	157	0.895	0.296
8244.000000	167	157	0.891	0.313
8250.000000	167	157	0.887	0.331
8256.000000	167	157	0.884	0.348
8262.000000	167	157	0.881	0.363
8268.000000	167	157	0.874	0.377
8274.000000	167	157	0.866	0.391
8280.000000	167	157	0.865	0.401
8286.000000	167	157	0.863	0.410
8292.000000	167	157	0.861	0.419
8298.000000	167	157	0.858	0.429
8304.000000	167	157	0.854	0.438
8310.000000	167	157	0.851	0.452
8316.000000	167	157	0.847	0.461
8322.000000	167	157	0.845	0.470
8328.000000	167	157	0.842	0.486
8334.000000	167	157	0.838	0.500
8340.000000	167	157	0.833	0.511
8346.000000	167	157	0.829	0.523
8352.000000	167	157	0.824	0.538
8358.000000	167	157	0.816	0.561
8364.000000	167	157	0.805	0.578
8370.000000	167	157	0.791	0.590
8376.000000	167	157	0.774	0.603
8382.000000	167	157	0.753	0.629
8388.000000	167	157	0.739	0.649
8394.000000	167	157	0.722	0.664
8400.000000	167	157	0.696	0.681
8406.000000	157	167	0.708	0.665
8412.000000	157	167	0.739	0.617
8418.000000	157	167	0.769	0.560
8424.000000	157	167	0.816	0.460
8430.000000	157	167	0.859	0.331
8436.000000	157	167	0.888	0.166
8442.000000	157	42	0.924	0.156
8448.000000	157	42	0.937	0.156
8454.000000	157	42	0.942	0.158
8460.000000	157	42	0.946	0.157
8466.000000	157	42	0.948	0.155
8472.000000	157	42	0.947	0.153
8478.000000	157	42	0.945	0.153
8484.000000	157	151	0.943	0.160
8490.000000	157	151	0.942	0.168
8496.000000	157	151	0.940	0.174
8502.000000	157	151	0.939	0.178
8508.000000	157	151	0.937	0.180
8514.000000	157	151	0.934	0.181
8520.000000	157	151	0.931	0.185
8526.000000	157	151	0.928	0.190
8532.000000	157	151	0.926	0.196
8538.000000	157	151	0.922	0.195
8544.000000	157	151	0.918	0.195
8550.000000	157	151	0.914	0.195
8556.000000	157	151	0.912	0.196
8562.000000	157	10	0.912	0.203
8568.000000	157	10	0.911	0.213
8574.000000	157	10	0.910	0.221
8580.000000	157	10	0.909	0.235
8586.000000	157	10	0.907	0.246
8592.000000	157	10	0.904	0.259
8598.000000	157	10	0.902	0.272
8604.000000	157	10	0.902	0.285
8610.000000	157	10	0.901	0.297
8616.000000	157	10	0.900	0.309
8622.000000	157	10	0.898	0.325
8628.000000	157	10	0.892	0.343
8634.000000	157	10	0.882	0.360
8640.000000	157	10	0.873	0.370
8646.000000	157	10	0.865	0.382
8652.000000	157	10	0.853	0.392
8658.000000	157	10	0.841	0.403
8664.000000	157	10	0.828	0.413
8670.000000	157	10	0.816	0.426
8676.000000	157	10	0.802	0.447
8682.000000	157	10	0.794	0.456
8688.000000	157	10	0.784	0.464
8694.000000	157	10	0.768	0.480
8700.000000	157	10	0.739	0.506
8706.000000	157	10	0.698	0.545
8712.000000	157	10	0.662	0.569
8718.000000	157	10	0.611	0.588
8724.000000	10	157	0.611	0.525
8730.000000	10	94	0.650	0.439
8736.000000	10	94	0.688	0.460
8742.000000	10	94	0.718	0.477
8748.000000	10	94	0.738	0.489
8754.000000	10	94	0.758	0.498
8760.000000	10	94	0.754	0.510
8766.000000	10	94	0.751	0.519
8772.000000	10	94	0.750	0.532
8778.000000	10	94	0.744	0.545
8784.000000	10	94	0.740	0.546
8790.000000	10	94	0.735	0.549
8796.000000	10	94	0.732	0.549
8802.000000	10	94	0.725	0.547
8808.000000	10	94	0.721	0.543
8814.000000	10	94	0.721	0.533
8820.000000	10	13	0.723	0.545
8826.000000	10	13	0.724	0.550
8832.000000	10	13	0.727	0.555
8838.000000	10	13	0.728	0.562
8844.000000	10	13	0.735	0.567
8850.000000	10	13	0.734	0.573
8856.000000	10	13	0.733	0.580
8862.000000	10	13	0.735	0.591
8868.000000	10	13	0.729	0.598
8874.000000	10	13	0.726	0.603
8880.000000	10	13	0.719	0.615
8886.000000	10	13	0.716	0.632
8892.000000	10	13	0.710	0.638
8898.000000	10	13	0.703	0.654
8904.000000	10	13	0.698	0.683
8910.000000	13	10	0.698	0.689
8916.000000	13	10	0.711	0.674
8922.000000	13	10	0.724	0.658
8928.000000	13	10	0.735	0.642
8934.000000	13	10	0.758	0.618
8940.000000	13	10	0.796	0.576
8946.000000	13	10	0.823	0.540
8952.000000	13	10	0.846	0.491
8958.000000	13	10	0.862	0.450
8964.000000	13	10	0.881	0.390
8970.000000	13	10	0.898	0.310
8976.000000	13	10	0.915	0.213
8982.000000	13	10	0.927	0.127
8988.000000	13	89	0.934	0.125
8994.000000	13	89	0.936	0.124
9000.000000	13	89	0.939	0.129
9006.000000	13	89	0.944	0.138
9012.000000	13	89	0.948	0.149
9018.000000	13	89	0.955	0.161
9024.000000	13	89	0.955	0.169
9030.000000	13	89	0.955	0.178
9036.000000	13	89	0.954	0.193
9042.000000	13	89	0.954	0.204
9048.000000	13	89	0.957	0.215
9054.000000	13	89	0.956	0.231
9060.000000	13	89	0.953	0.251
9066.000000	13	89	0.950	0.265
9072.000000	13	89	0.948	0.278
9078.000000	13	89	0.946	0.289
9084.000000	13	89	0.944	0.303
9090.000000	13	89	0.941	0.328
9096.000000	13	89	0.938	0.354
9102.000000	13	89	0.933	0.382
9108.000000	13	89	0.927	0.417
9114.000000	13	89	0.923	0.449
9120.000000	13	89	0.921	0.489
9126.000000	13	89	0.919	0.518
9132.000000	13	89	0.917	0.540
9138.000000	13	89	0.910	0.567
9144.000000	13	89	0.907	0.586
9150.000000	13	89	0.904	0.605
9156.000000	13	89	0.896	0.630
9162.000000	13	89	0.890	0.645
9168.000000	13	89	0.883	0.656
9174.000000	13	89	0.878	0.664
9180.000000	13	89	0.870	0.677
9186.000000	13	89	0.863	0.694
9192.000000	13	89	0.846	0.714
9198.000000	13	89	0.833	0.728
9204.000000	13	89	0.822	0.747
9210.000000	13	89	0.809	0.757
9216.000000	13	89	0.788	0.771
9222.000000	89	13	0.785	0.762
9228.000000	89	13	0.809	0.719
9234.000000	89	13	0.841	0.644
9240.000000	89	13	0.864	0.552
9246.000000	89	76	0.881	0.586
9252.000000	89	76	0.893	0.648
9258.000000	89	76	0.908	0.698
9264.000000	89	76	0.913	0.731
9270.000000	89	76	0.914	0.753
9276.000000	89	76	0.914	0.761
9282.000000	89	76	0.913	0.762
9288.000000	89	76	0.912	0.766
9294.000000	89	76	0.911	0.765
9300.000000	89	76	0.898	0.775
9306.000000	89	76	0.892	0.778
9312.000000	89	76	0.884	0.788
9318.000000	89	76	0.880	0.792
9324.000000	89	76	0.879	0.792
9330.000000	89	76	0.877	0.794
9336.000000	89	76	0.874	0.795
9342.000000	89	76	0.869	0.797
9348.000000	89	76	0.866	0.799
9354.000000	89	76	0.860	0.803
9360.000000	89	76	0.855	0.806
9366.000000	89	76	0.851	0.809
9372.000000	89	76	0.847	0.811
9378.000000	89	76	0.840	0.814
9384.000000	89	76	0.837	0.814
9390.000000	89	76	0.835	0.815
9396.000000	89	76	0.832	0.818
9402.000000	89	76	0.828	0.823
9408.000000	76	89	0.828	0.821
9414.000000	76	89	0.835	0.812
9420.000000	76	89	0.838	0.805
9426.000000	76	89	0.851	0.788
9432.000000	76	89	0.863	0.770
9438.000000	76	89	0.873	0.752
9444.000000	76	89	0.883	0.731
9450.000000	76	89	0.890	0.713
9456.000000	76	89	0.898	0.687
9462.000000	76	89	0.907	0.656
9468.000000	76	89	0.914	0.621
9474.000000	76	89	0.922	0.576
9480.000000	76	89	0.933	0.510
9486.000000	76	89	0.940	0.422
9492.000000	76	89	0.950	0.280
9498.000000	76	89	0.965	0.106
9504.000000	76	151	0.977	0.060
9510.000000	76	151	0.978	0.061
9516.000000	76	151	0.978	0.063
9522.000000	76	151	0.979	0.064
9528.000000	76	122	0.981	0.066
9534.000000	76	122	0.979	0.077
9540.000000	76	122	0.978	0.088
9546.000000	76	122	0.976	0.096
9552.000000	76	122	0.975	0.099
9558.000000	76	122	0.974	0.102
9564.000000	76	32	0.973	0.105
9570.000000	76	122	0.971	0.110
9576.000000	76	122	0.970	0.116
9582.000000	76	122	0.968	0.121
9588.000000	76	122	0.966	0.123
9594.000000	76	122	0.965	0.124
9600.000000	76	122	0.962	0.125
9606.000000	76	122	0.958	0.128
9612.000000	76	122	0.954	0.133
9618.000000	76	122	0.950	0.141
9624.000000	76	122	0.946	0.149
9630.000000	76	122	0.940	0.156
9636.000000	76	122	0.936	0.164
9642.000000	76	122	0.932	0.172
9648.000000	76	122	0.929	0.181
9654.000000	76	122	0.925	0.189
9660.000000	76	122	0.920	0.194
9666.000000	76	122	0.914	0.199
9672.000000	76	122	0.906	0.207
9678.000000	76	122	0.897	0.218
9684.000000	76	122	0.887	0.230
9690.000000	76	122	0.881	0.239
9696.000000	76	122	0.877	0.247
9702.000000	76	122	0.869	0.257
9708.000000	76	122	0.857	0.270
9714.000000	76	122	0.847	0.282
9720.000000	76	122	0.830	0.298
9726.000000	76	122	0.809	0.316
9732.000000	76	109	0.788	0.335
9738.000000	76	122	0.759	0.364
9744.000000	76	109	0.713	0.393
9750.000000	76	109	0.649	0.428
9756.000000	76	109	0.563	0.459
9762.000000	122	109	0.494	0.489
9768.000000	122	109	0.540	0.524
9774.000000	122	109	0.595	0.561
9780.000000	122	109	0.647	0.607
9786.000000	122	109	0.683	0.635
9792.000000	122	109	0.713	0.660
9798.000000	122	109	0.739	0.668
9804.000000	122	109	0.755	0.675
9810.000000	122	109	0.771	0.668
9816.000000	122	109	0.779	0.678
9822.000000	122	109	0.775	0.686
9828.000000	122	109	0.780	0.687
9834.000000	122	109	0.780	0.692
9840.000000	122	109	0.780	0.696
9846.000000	122	109	0.782	0.701
9852.000000	122	109	0.785	0.705
9858.000000	122	109	0.793	0.705
9864.000000	122	109	0.797	0.707
9870.000000	122	109	0.803	0.712
9876.000000	122	109	0.810	0.716
9882.000000	122	109	0.819	0.717
9888.000000	122	109	0.829	0.724
9894.000000	122	109	0.837	0.726
9900.000000	122	109	0.837	0.727
9906.000000	122	109	0.838	0.726
9912.000000	122	109	0.840	0.729
9918.000000	122	109	0.842	0.733
9924.000000	122	109	0.843	0.736
9930.000000	122	109	0.846	0.737
9936.000000	122	109	0.847	0.739
9942.000000	122	109	0.848	0.739
9948.000000	122	109	0.845	0.736
9954.000000	122	109	0.840	0.735
9960.000000	122	109	0.840	0.731
9966.000000	122	109	0.838	0.734
9972.000000	122	109	0.840	0.737
9978.000000	122	109	0.843	0.733
9984.000000	122	109	0.846	0.727
9990.000000	122	109	0.848	0.719
9996.000000	122	109	0.844	0.712
10002.000000	122	109	0.845	0.697
10008.000000	122	109	0.844	0.683
10014.000000	122	109	0.845	0.671
10020.000000	122	109	0.847	0.660
10026.000000	122	109	0.846	0.650
10032.000000	122	109	0.841	0.640
10038.000000	122	109	0.838	0.625
10044.000000	122	109	0.834	0.606
10050.000000	122	109	0.834	0.580
10056.000000	122	109	0.832	0.554
10062.000000	122	109	0.833	0.513
10068.000000	122	109	0.829	0.453
10074.000000	122	109	0.823	0.380
10080.000000	122	109	0.824	0.300
10086.000000	122	173	0.834	0.217
10092.000000	122	173	0.840	0.217
10098.000000	122	173	0.842	0.222
10104.000000	122	173	0.840	0.231
10110.000000	122	173	0.835	0.238
10116.000000	122	100	0.828	0.249
10122.000000	122	100	0.824	0.270
10128.000000	122	100	0.821	0.294
10134.000000	122	100	0.812	0.325
10140.000000	122	100	0.797	0.359
10146.000000	122	100	0.782	0.393
10152.000000	122	100	0.762	0.428
10158.000000	122	100	0.744	0.464
10164.000000	122	100	0.719	0.504
10170.000000	122	100	0.690	0.546
10176.000000	122	100	0.654	0.586
10182.000000	100	122	0.624	0.601
10188.000000	100	122	0.665	0.535
10194.000000	100	122	0.705	0.448
10200.000000	100	122	0.734	0.351
10206.000000	100	81	0.758	0.247
10212.000000	100	81	0.779	0.262
10218.000000	100	81	0.794	0.279
10224.000000	100	81	0.816	0.299
10230.000000	100	81	0.829	0.311
10236.000000	100	81	0.840	0.325
10242.000000	100	81	0.845	0.336
10248.000000	100	81	0.850	0.346
10254.000000	100	81	0.861	0.355
10260.000000	100	81	0.867	0.362
10266.000000	100	81	0.873	0.373
10272.000000	100	81	0.876	0.388
10278.000000	100	81	0.874	0.405
10284.000000	100	81	0.875	0.421
10290.000000	100	81	0.879	0.436
10296.000000	100	81	0.883	0.454
10302.000000	100	81	0.885	0.472
10308.000000	100	81	0.889	0.489
10314.000000	100	81	0.891	0.506
10320.000000	100	81	0.892	0.524
10326.000000	100	81	0.893	0.538
10332.000000	100	81	0.895	0.550
10338.000000	100	81	0.897	0.561
10344.000000	100	81	0.895	0.570
10350.000000	100	81	0.890	0.584
10356.000000	100	81	0.887	0.591
10362.000000	100	81	0.889	0.606
10368.000000	100	81	0.889	0.613
10374.000000	100	81	0.889	0.619
10380.000000	100	81	0.890	0.626
10386.000000	100	81	0.891	0.631
10392.000000	100	81	0.888	0.636
10398.000000	100	81	0.889	0.643
10404.000000	100	81	0.891	0.653
10410.000000	100	81	0.892	0.659
10416.000000	100	81	0.890	0.668
10422.000000	100	81	0.890	0.673
10428.000000	100	81	0.889	0.676
10434.000000	100	81	0.889	0.678
10440.000000	100	81	0.887	0.677
10446.000000	100	81	0.884	0.679
10452.000000	100	81	0.883	0.679
10458.000000	100	81	0.882	0.679
10464.000000	100	81	0.879	0.681
10470.000000	100	81	0.875	0.685
10476.000000	100	81	0.871	0.688
10482.000000	100	81	0.867	0.692
10488.000000	100	81	0.859	0.701
10494.000000	100	81	0.854	0.709
10500.000000	100	81	0.844	0.723
10506.000000	100	81	0.833	0.728
10512.000000	100	81	0.818	0.734
10518.000000	100	81	0.798	0.748
10524.000000	100	81	0.774	0.762
10530.000000	81	100	0.783	0.737
10536.000000	81	100	0.802	0.700
10542.000000	81	100	0.814	0.662
10548.000000	81	100	0.826	0.611
10554.000000	81	100	0.848	0.539
10560.000000	81	100	0.876	0.431
10566.000000	81	100	0.918	0.269
10572.000000	81	100	0.934	0.122
10578.000000	81	164	0.945	0.093
10584.000000	81	164	0.953	0.101
10590.000000	81	164	0.957	0.108
10596.000000	81	164	0.957	0.116
10602.000000	81	164	0.955	0.124
10608.000000	81	164	0.954	0.138
10614.000000	81	164	0.952	0.149
10620.000000	81	164	0.949	0.162
10626.000000	81	164	0.944	0.177
10632.000000	81	164	0.939	0.189
10638.000000	81	164	0.935	0.198
10644.000000	81	164	0.933	0.205
10650.000000	81	164	0.931	0.212
10656.000000	81	164	0.928	0.225
10662.000000	81	164	0.923	0.240
10668.000000	81	164	0.915	0.262
10674.000000	81	164	0.909	0.280
10680.000000	81	164	0.898	0.294
10686.000000	81	164	0.886	0.308
10692.000000	81	164	0.874	0.325
10698.000000	81	164	0.865	0.339
10704.000000	81	164	0.851	0.353
10710.000000	81	164	0.842	0.371
10716.000000	81	164	0.832	0.395
10722.000000	81	164	0.822	0.417
10728.000000	81	164	0.810	0.440
10734.000000	81	164	0.796	0.463
10740.000000	81	164	0.777	0.485
10746.000000	81	164	0.752	0.508
10752.000000	81	164	0.728	0.525
10758.000000	81	164	0.703	0.547
10764.000000	81	164	0.673	0.572
10770.000000	81	164	0.628	0.612
10776.000000	164	81	0.655	0.577
10782.000000	164	81	0.701	0.511
10788.000000	164	81	0.745	0.430
10794.000000	164	81	0.803	0.303
10800.000000	164	153	0.848	0.222
10806.000000	164	153	0.871	0.219
10812.000000	164	153	0.890	0.215
10818.000000	164	153	0.900	0.213
10824.000000	164	153	0.911	0.216
10830.000000	164	153	0.919	0.221
10836.000000	164	153	0.924	0.222
10842.000000	164	153	0.923	0.226
10848.000000	164	153	0.922	0.230
10854.000000	164	153	0.921	0.227
10860.000000	164	153	0.922	0.218
10866.000000	164	153	0.924	0.208
10872.000000	164	153	0.925	0.199
10878.000000	164	153	0.923	0.190
10884.000000	164	153	0.922	0.177
10890.000000	164	193	0.922	0.167
10896.000000	164	193	0.922	0.176
10902.000000	164	193	0.921	0.185
10908.000000	164	193	0.921	0.189
10914.000000	164	193	0.920	0.196
10920.000000	164	193	0.920	0.201
10926.000000	164	193	0.918	0.209
10932.000000	164	193	0.918	0.217
10938.000000	164	193	0.920	0.226
10944.000000	164	193	0.920	0.238
10950.000000	164	193	0.922	0.246
10956.000000	164	193	0.922	0.258
10962.000000	164	193	0.922	0.267
10968.000000	164	193	0.926	0.280
10974.000000	164	193	0.925	0.292
10980.000000	164	193	0.924	0.304
10986.000000	164	193	0.924	0.319
10992.000000	164	193	0.922	0.336
10998.000000	164	193	0.920	0.354
11004.000000	164	193	0.917	0.382
11010.000000	164	193	0.913	0.409
11016.000000	164	193	0.907	0.433
11022.000000	164	193	0.899	0.456
11028.000000	164	193	0.893	0.481
11034.000000	164	193	0.883	0.508
11040.000000	164	193	0.875	0.529
11046.000000	164	193	0.869	0.551
11052.000000	164	193	0.858	0.576
11058.000000	164	193	0.850	0.591
11064.000000	164	193	0.846	0.603
11070.000000	164	193	0.838	0.619
11076.000000	164	193	0.826	0.632
11082.000000	164	193	0.808	0.648
11088.000000	164	193	0.790	0.671
11094.000000	164	193	0.769	0.693
11100.000000	164	193	0.748	0.710
11106.000000	193	164	0.728	0.726
11112.000000	193	164	0.754	0.695
11118.000000	193	164	0.795	0.650
11124.000000	193	164	0.828	0.603
11130.000000	193	164	0.849	0.561
11136.000000	193	164	0.879	0.483
11142.000000	193	164	0.917	0.369
11148.000000	193	164	0.941	0.218
11154.000000	193	24	0.952	0.122
11160.000000	193	24	0.957	0.121
11166.000000	193	24	0.957	0.122
11172.000000	193	24	0.957	0.122
11178.000000	193	24	0.956	0.120
11184.000000	193	24	0.955	0.120
11190.000000	193	24	0.955	0.125
11196.000000	193	24	0.957	0.130
11202.000000	193	24	0.953	0.133
11208.000000	193	24	0.949	0.138
11214.000000	193	24	0.945	0.142
11220.000000	193	24	0.943	0.147
11226.000000	193	24	0.942	0.153
11232.000000	193	24	0.940	0.160
11238.000000	193	24	0.939	0.163
11244.000000	193	24	0.937	0.166
11250.000000	193	24	0.937	0.168
11256.000000	193	24	0.936	0.172
11262.000000	193	24	0.935	0.175
11268.000000	193	24	0.934	0.177
11274.000000	193	24	0.933	0.177
11280.000000	193	24	0.931	0.177
11286.000000	193	94	0.928	0.184
11292.000000	193	94	0.926	0.192
11298.000000	193	94	0.927	0.197
11304.000000	193	94	0.925	0.207
11310.000000	193	94	0.920	0.216
11316.000000	193	94	0.914	0.228
11322.000000	193	94	0.907	0.239
11328.000000	193	94	0.905	0.247
11334.000000	193	94	0.902	0.258
11340.000000	193	94	0.898	0.265
11346.000000	193	94	0.893	0.277
11352.000000	193	94	0.886	0.290
11358.000000	193	94	0.877	0.304
11364.000000	193	94	0.863	0.325
11370.000000	193	94	0.854	0.341
11376.000000	193	94	0.841	0.360
11382.000000	193	94	0.828	0.377
11388.000000	193	94	0.813	0.395
11394.000000	193	94	0.794	0.413
11400.000000	193	94	0.764	0.429
11406.000000	193	94	0.732	0.463
11412.000000	193	94	0.706	0.486
11418.000000	193	94	0.673	0.511
11424.000000	193	94	0.621	0.535
11430.000000	94	193	0.558	0.537
11436.000000	94	166	0.588	0.488
11442.000000	94	166	0.617	0.527
11448.000000	94	166	0.653	0.555
11454.000000	94	166	0.681	0.569
11460.000000	94	166	0.701	0.596
11466.000000	94	166	0.706	0.613
11472.000000	94	166	0.712	0.625
11478.000000	94	166	0.713	0.637
11484.000000	94	166	0.708	0.646
11490.000000	94	166	0.702	0.654
11496.000000	94	166	0.697	0.656
11502.000000	94	166	0.692	0.657
11508.000000	94	166	0.690	0.656
11514.000000	94	166	0.690	0.653
11520.000000	94	166	0.685	0.654
11526.000000	94	166	0.678	0.657
11532.000000	94	166	0.676	0.663
11538.000000	94	166	0.675	0.665
11544.000000	94	166	0.677	0.662
11550.000000	94	166	0.673	0.668
11556.000000	166	94	0.672	0.672
11562.000000	94	166	0.674	0.674
11568.000000	166	94	0.681	0.671
11574.000000	166	94	0.679	0.673
11580.000000	166	94	0.677	0.674
11586.000000	166	94	0.686	0.668
11592.000000	166	94	0.699	0.661
11598.000000	166	94	0.707	0.655
11604.000000	166	94	0.710	0.647
11610.000000	166	94	0.713	0.633
11616.000000	166	94	0.716	0.620
11622.000000	166	94	0.716	0.608
11628.000000	166	94	0.724	0.595
11634.000000	166	94	0.725	0.585
11640.000000	166	94	0.729	0.572
11646.000000	166	94	0.732	0.557
11652.000000	166	94	0.735	0.537
11658.000000	166	94	0.743	0.516
11664.000000	166	94	0.751	0.491
11670.000000	166	94	0.755	0.462
11676.000000	166	94	0.768	0.419
11682.000000	166	94	0.778	0.359
11688.000000	166	94	0.791	0.281
11694.000000	166	94	0.801	0.207
11700.000000	166	127	0.818	0.150
11706.000000	166	127	0.832	0.144
11712.000000	166	91	0.845	0.142
11718.000000	166	91	0.855	0.150
11724.000000	166	91	0.864	0.153
11730.000000	166	91	0.872	0.162
11736.000000	166	91	0.877	0.169
11742.000000	166	91	0.882	0.177
11748.000000	166	91	0.889	0.178
11754.000000	166	91	0.891	0.173
11760.000000	166	91	0.895	0.172
11766.000000	166	91	0.896	0.167
11772.000000	166	91	0.897	0.160
11778.000000	166	91	0.903	0.151
11784.000000	166	91	0.907	0.145
11790.000000	166	91	0.912	0.142
11796.000000	166	91	0.917	0.137
11802.000000	166	91	0.919	0.131
11808.000000	166	91	0.921	0.126
11814.000000	166	91	0.921	0.122
11820.000000	166	133	0.917	0.123
11826.000000	166	133	0.912	0.127
11832.000000	166	133	0.908	0.132
11838.000000	166	133	0.906	0.138
11844.000000	166	133	0.902	0.144
11850.000000	166	133	0.899	0.153
11856.000000	166	133	0.894	0.165
11862.000000	166	133	0.890	0.172
11868.000000	166	133	0.884	0.179
11874.000000	166	133	0.875	0.186
11880.000000	166	133	0.866	0.194
11886.000000	166	133	0.859	0.202
11892.000000	166	133	0.846	0.208
11898.000000	166	133	0.830	0.216
11904.000000	166	133	0.814	0.225
11910.000000	166	133	0.798	0.231
11916.000000	166	133	0.779	0.244
11922.000000	166	133	0.754	0.261
11928.000000	166	133	0.721	0.276
11934.000000	166	61	0.681	0.292
11940.000000	166	61	0.627	0.320
11946.000000	166	61	0.554	0.347
11952.000000	166	61	0.437	0.380
11958.000000	61	133	0.426	0.408
11964.000000	61	133	0.478	0.464
11970.000000	133	61	0.533	0.521
11976.000000	133	61	0.593	0.561
11982.000000	133	61	0.631	0.595
11988.000000	133	61	0.657	0.625
11994.000000	133	61	0.677	0.646
12000.000000	133	61	0.693	0.666
12006.000000	133	61	0.707	0.687
12012.000000	133	61	0.715	0.699
12018.000000	133	61	0.724	0.701
12024.000000	133	61	0.736	0.703
12030.000000	133	61	0.740	0.707
12036.000000	133	61	0.745	0.717
12042.000000	133	61	0.753	0.725
12048.000000	133	61	0.759	0.725
12054.000000	133	61	0.766	0.725
12060.000000	133	61	0.771	0.725
12066.000000	133	61	0.776	0.726
12072.000000	133	61	0.782	0.728
12078.000000	133	61	0.785	0.736
12084.000000	133	61	0.788	0.745
12090.000000	133	61	0.792	0.756
12096.000000	133	61	0.792	0.762
12102.000000	133	61	0.801	0.765
12108.000000	133	61	0.808	0.775
12114.000000	133	61	0.807	0.784
12120.000000	133	61	0.806	0.788
12126.000000	133	61	0.804	0.794
12132.000000	133	61	0.805	0.796
12138.000000	61	133	0.803	0.802
12144.000000	133	61	0.806	0.801
12150.000000	133	61	0.807	0.800
12156.000000	133	61	0.807	0.798
12162.000000	133	61	0.808	0.796
12168.000000	133	61	0.811	0.791
12174.000000	133	61	0.812	0.786
12180.000000	133	61	0.810	0.786
12186.000000	133	61	0.809	0.784
12192.000000	133	61	0.810	0.779
12198.000000	133	61	0.815	0.770
12204.000000	133	61	0.815	0.766
12210.000000	133	61	0.813	0.766
12216.000000	133	61	0.819	0.756
12222.000000	133	61	0.821	0.740
12228.000000	133	61	0.818	0.726
12234.000000	133	61	0.815	0.715
12240.000000	133	61	0.819	0.695
12246.000000	133	61	0.825	0.663
12252.000000	133	61	0.829	0.634
12258.000000	133	61	0.833	0.597
12264.000000	133	61	0.832	0.562
12270.000000	133	61	0.832	0.520
12276.000000	133	61	0.831	0.460
12282.000000	133	61	0.833	0.379
12288.000000	133	61	0.840	0.259
12294.000000	133	20	0.856	0.151
12300.000000	133	20	0.871	0.148
12306.000000	133	20	0.882	0.143
12312.000000	133	20	0.889	0.141
12318.000000	133	20	0.896	0.141
12324.000000	133	164	0.900	0.144
12330.000000	133	164	0.899	0.149
12336.000000	133	164	0.900	0.154
12342.000000	133	164	0.900	0.160
12348.000000	133	164	0.899	0.165
12354.000000	133	164	0.894	0.176
12360.000000	133	164	0.889	0.190
12366.000000	133	164	0.887	0.202
12372.000000	133	164	0.884	0.212
12378.000000	133	164	0.879	0.222
12384.000000	133	164	0.874	0.235
12390.000000	133	164	0.867	0.248
12396.000000	133	164	0.856	0.262
12402.000000	133	164	0.836	0.281
12408.000000	133	164	0.823	0.301
12414.000000	133	164	0.810	0.328
12420.000000	133	164	0.798	0.353
12426.000000	133	164	0.785	0.374
12432.000000	133	164	0.764	0.412
12438.000000	133	164	0.739	0.460
12444.000000	133	164	0.715	0.511
12450.000000	133	164	0.680	0.557
12456.000000	133	164	0.628	0.600
12462.000000	164	133	0.633	0.554
12468.000000	164	133	0.679	0.459
12474.000000	164	133	0.741	0.335
12480.000000	164	20	0.793	0.220
12486.000000	164	20	0.839	0.212
12492.000000	164	95	0.863	0.196
12498.000000	164	95	0.880	0.207
12504.000000	164	95	0.898	0.215
12510.000000	164	95	0.908	0.224
12516.000000	164	95	0.914	0.225
12522.000000	164	95	0.912	0.229
12528.000000	164	95	0.914	0.233
12534.000000	164	95	0.912	0.237
12540.000000	164	95	0.909	0.238
12546.000000	164	95	0.908	0.241
12552.000000	164	95	0.908	0.246
12558.000000	164	95	0.907	0.251
12564.000000	164	95	0.910	0.254
12570.000000	164	95	0.909	0.254
12576.000000	164	95	0.908	0.254
12582.000000	164	95	0.906	0.253
12588.000000	164	95	0.903	0.251
12594.000000	164	95	0.899	0.249
12600.000000	164	95	0.895	0.245
12606.000000	164	95	0.893	0.247
12612.000000	164	95	0.888	0.253
12618.000000	164	95	0.885	0.259
12624.000000	164	95	0.884	0.257
12630.000000	164	95	0.883	0.258
12636.000000	164	95	0.881	0.258
12642.000000	164	65	0.880	0.260
12648.000000	164	65	0.882	0.260
12654.000000	164	65	0.885	0.259
12660.000000	164	65	0.885	0.257
12666.000000	164	65	0.884	0.252
12672.000000	164	65	0.883	0.251
12678.000000	164	193	0.880	0.252
12684.000000	164	193	0.878	0.258
12690.000000	164	193	0.873	0.261
12696.000000	164	193	0.873	0.260
12702.000000	164	193	0.874	0.260
12708.000000	164	193	0.874	0.258
12714.000000	164	193	0.872	0.255
12720.000000	164	193	0.871	0.252
12726.000000	164	193	0.873	0.246
12732.000000	164	193	0.874	0.239
12738.000000	164	146	0.875	0.242
12744.000000	164	146	0.876	0.246
12750.000000	164	146	0.876	0.247
12756.000000	164	146	0.875	0.250
12762.000000	164	146	0.874	0.257
12768.000000	164	146	0.871	0.264
12774.000000	164	146	0.866	0.275
12780.000000	164	146	0.861	0.283
12786.000000	164	146	0.856	0.293
12792.000000	164	146	0.853	0.303
12798.000000	164	146	0.853	0.314
12804.000000	164	146	0.850	0.329
12810.000000	164	146	0.844	0.351
12816.000000	164	146	0.842	0.370
12822.000000	164	146	0.842	0.384
12828.000000	164	146	0.841	0.400
12834.000000	164	146	0.840	0.422
12840.000000	164	146	0.836	0.448
12846.000000	164	146	0.828	0.475
12852.000000	164	146	0.821	0.503
12858.000000	164	146	0.815	0.532
12864.000000	164	146	0.801	0.576
12870.000000	164	146	0.790	0.606
12876.000000	164	146	0.779	0.649
12882.000000	164	146	0.754	0.697
12888.000000	146	164	0.739	0.723
12894.000000	146	164	0.769	0.691
12900.000000	146	164	0.799	0.644
12906.000000	146	164	0.840	0.574
12912.000000	146	164	0.881	0.472
12918.000000	146	164	0.924	0.320
12924.000000	146	101	0.954	0.135
12930.000000	146	101	0.962	0.126
12936.000000	146	101	0.965	0.124
12942.000000	146	101	0.964	0.138
12948.000000	146	101	0.962	0.154
12954.000000	146	101	0.959	0.165
12960.000000	146	101	0.957	0.178
12966.000000	146	101	0.954	0.191
12972.000000	146	101	0.953	0.199
12978.000000	146	101	0.951	0.207
12984.000000	146	101	0.950	0.217
12990.000000	146	101	0.949	0.224
12996.000000	146	101	0.948	0.228
13002.000000	146	101	0.946	0.228
13008.000000	146	101	0.944	0.228
13014.000000	146	101	0.941	0.226
13020.000000	146	101	0.939	0.223
13026.000000	146	101	0.937	0.225
13032.000000	146	101	0.936	0.231
13038.000000	146	101	0.934	0.238
13044.000000	146	101	0.931	0.238
13050.000000	146	101	0.927	0.239
13056.000000	146	101	0.924	0.240
13062.000000	146	101	0.919	0.244
13068.000000	146	101	0.916	0.244
13074.000000	146	101	0.914	0.243
13080.000000	146	101	0.911	0.245
13086.000000	146	151	0.907	0.253
13092.000000	146	151	0.906	0.264
13098.000000	146	151	0.905	0.276
13104.000000	146	151	0.904	0.291
13110.000000	146	151	0.902	0.308
13116.000000	146	151	0.898	0.323
13122.000000	146	151	0.894	0.345
13128.000000	146	151	0.891	0.363
13134.000000	146	151	0.888	0.375
13140.000000	146	151	0.883	0.397
13146.000000	146	151	0.881	0.427
13152.000000	146	151	0.878	0.457
13158.000000	146	151	0.872	0.485
13164.000000	146	151	0.866	0.521
13170.000000	146	151	0.860	0.557
13176.000000	146	151	0.852	0.589
13182.000000	146	151	0.842	0.626
13188.000000	146	151	0.827	0.662
13194.000000	146	151	0.810	0.696
13200.000000	146	151	0.790	0.743
13206.000000	146	151	0.774	0.771
13212.000000	151	146	0.800	0.736
13218.000000	151	146	0.823	0.694
13224.000000	151	146	0.849	0.640
13230.000000	151	146	0.874	0.564
13236.000000	151	146	0.901	0.448
13242.000000	151	146	0.946	0.269
13248.000000	151	88	0.972	0.095
13254.000000	151	88	0.981	0.085
13260.000000	151	88	0.981	0.084
13266.000000	151	88	0.981	0.082
13272.000000	151	49	0.981	0.079
13278.000000	151	49	0.980	0.083
13284.000000	151	49	0.978	0.086
13290.000000	151	49	0.978	0.090
13296.000000	151	49	0.977	0.097
13302.000000	151	49	0.977	0.103
13308.000000	151	49	0.976	0.110
13314.000000	151	49	0.975	0.116
13320.000000	151	49	0.975	0.119
13326.000000	151	49	0.974	0.123
13332.000000	151	49	0.974	0.129
13338.000000	151	49	0.973	0.133
13344.000000	151	49	0.971	0.137
13350.000000	151	49	0.969	0.141
13356.000000	151	49	0.968	0.145
13362.000000	151	49	0.967	0.146
13368.000000	151	49	0.967	0.146
13374.000000	151	49	0.966	0.148
13380.000000	151	49	0.965	0.150
13386.000000	151	49	0.965	0.153
13392.000000	151	49	0.964	0.156
13398.000000	151	49	0.962	0.158
13404.000000	151	49	0.960	0.159
13410.000000	151	49	0.959	0.160
13416.000000	151	49	0.958	0.158
13422.000000	151	49	0.956	0.157
13428.000000	151	49	0.955	0.155
13434.000000	151	49	0.955	0.156
13440.000000	151	49	0.954	0.157
13446.000000	151	49	0.954	0.159
13452.000000	151	49	0.953	0.160
13458.000000	151	49	0.951	0.161
13464.000000	151	49	0.952	0.160
13470.000000	151	49	0.954	0.157
13476.000000	151	49	0.954	0.153
13482.000000	151	49	0.953	0.150
13488.000000	151	49	0.951	0.144
13494.000000	151	49	0.946	0.136
13500.000000	151	140	0.944	0.128
13506.000000	151	140	0.942	0.128
13512.000000	151	140	0.940	0.129
13518.000000	151	140	0.939	0.129
13524.000000	151	140	0.937	0.131
13530.000000	151	140	0.935	0.132
13536.000000	151	140	0.932	0.130
13542.000000	151	140	0.928	0.132
13548.000000	151	140	0.923	0.133
13554.000000	151	140	0.917	0.133
13560.000000	151	140	0.913	0.132
13566.000000	151	76	0.911	0.133
13572.000000	151	76	0.911	0.142
13578.000000	151	76	0.913	0.150
13584.000000	151	76	0.915	0.158
13590.000000	151	76	0.915	0.163
13596.000000	151	76	0.914	0.161
13602.000000	151	76	0.913	0.160
13608.000000	151	76	0.912	0.164
13614.000000	151	76	0.910	0.171
13620.000000	151	76	0.906	0.183
13626.000000	151	76	0.902	0.194
13632.000000	151	76	0.894	0.201
13638.000000	151	76	0.889	0.206
13644.000000	151	76	0.881	0.215
13650.000000	151	76	0.871	0.225
13656.000000	151	76	0.861	0.237
13662.000000	151	76	0.855	0.260
13668.000000	151	76	0.850	0.292
13674.000000	151	76	0.845	0.328
13680.000000	151	76	0.835	0.371
13686.000000	151	76	0.821	0.414
13692.000000	151	76	0.793	0.471
13698.000000	151	76	0.749	0.537
13704.000000	151	76	0.700	0.616
13710.000000	76	151	0.683	0.626
13716.000000	76	151	0.756	0.492
13722.000000	76	151	0.826	0.299
13728.000000	76	162	0.887	0.183
13734.000000	76	162	0.916	0.188
13740.000000	76	162	0.926	0.195
13746.000000	76	162	0.930	0.202
13752.000000	76	162	0.932	0.210
13758.000000	76	162	0.930	0.221
13764.000000	76	162	0.932	0.234
13770.000000	76	162	0.933	0.246
13776.000000	76	162	0.931	0.258
13782.000000	76	162	0.929	0.271
13788.000000	76	162	0.927	0.286
13794.000000	76	162	0.925	0.304
13800.000000	76	162	0.924	0.321
13806.000000	76	162	0.925	0.335
13812.000000	76	162	0.926	0.346
13818.000000	76	162	0.925	0.358
13824.000000	76	162	0.923	0.370
13830.000000	76	162	0.922	0.377
13836.000000	76	162	0.920	0.386
13842.000000	76	162	0.919	0.394
13848.000000	76	162	0.918	0.398
13854.000000	76	162	0.916	0.403
13860.000000	76	162	0.915	0.409
13866.000000	76	162	0.911	0.422
13872.000000	76	162	0.912	0.428
13878.000000	76	162	0.912	0.432
13884.000000	76	162	0.911	0.438
13890.000000	76	162	0.910	0.445
13896.000000	76	162	0.910	0.449
13902.000000	76	162	0.908	0.453
13908.000000	76	162	0.908	0.457
13914.000000	76	162	0.910	0.458
13920.000000	76	162	0.912	0.456
13926.000000	76	162	0.912	0.461
13932.000000	76	162	0.912	0.467
13938.000000	76	162	0.913	0.474
13944.000000	76	162	0.913	0.481
13950.000000	76	162	0.911	0.493
13956.000000	76	162	0.911	0.507
13962.000000	76	162	0.911	0.521
13968.000000	76	162	0.911	0.535
13974.000000	76	162	0.912	0.544
13980.000000	76	162	0.912	0.554
13986.000000	76	162	0.906	0.570
13992.000000	76	162	0.902	0.580
13998.000000	76	162	0.891	0.599
14004.000000	76	162	0.886	0.605
14010.000000	76	162	0.881	0.614
14016.000000	76	162	0.878	0.622
14022.000000	76	162	0.869	0.635
14028.000000	76	162	0.861	0.645
14034.000000	76	162	0.856	0.653
14040.000000	76	162	0.850	0.664
14046.000000	76	162	0.845	0.675
14052.000000	76	162	0.837	0.686
14058.000000	76	162	0.826	0.691
14064.000000	76	162	0.814	0.700
14070.000000	76	162	0.799	0.715
14076.000000	76	162	0.781	0.730
14082.000000	76	162	0.759	0.745
14088.000000	162	76	0.757	0.731
14094.000000	162	76	0.769	0.684
14100.000000	162	76	0.787	0.619
14106.000000	162	76	0.815	0.532
14112.000000	162	76	0.852	0.408
14118.000000	162	76	0.902	0.225
14124.000000	162	28	0.928	0.092
14130.000000	162	28	0.938	0.091
14136.000000	162	28	0.945	0.094
14142.000000	162	28	0.946	0.093
14148.000000	162	28	0.944	0.092
14154.000000	162	28	0.942	0.090
14160.000000	162	28	0.942	0.088
14166.000000	162	28	0.945	0.088
14172.000000	162	28	0.949	0.088
14178.000000	162	28	0.953	0.084
14184.000000	162	28	0.953	0.083
14190.000000	162	28	0.952	0.084
14196.000000	162	24	0.952	0.083
14202.000000	162	24	0.952	0.089
14208.000000	162	24	0.951	0.093
14214.000000	162	24	0.950	0.096
14220.000000	162	24	0.950	0.100
14226.000000	162	24	0.951	0.103
14232.000000	162	24	0.951	0.105
14238.000000	162	24	0.952	0.108
14244.000000	162	24	0.954	0.113
14250.000000	162	24	0.953	0.122
14256.000000	162	24	0.951	0.131
14262.000000	162	24	0.949	0.137
14268.000000	162	24	0.948	0.144
14274.000000	162	24	0.948	0.155
14280.000000	162	24	0.947	0.169
14286.000000	162	24	0.946	0.181
14292.000000	162	24	0.945	0.194
14298.000000	162	24	0.943	0.214
14304.000000	162	24	0.942	0.235
14310.000000	162	24	0.940	0.257
14316.000000	162	24	0.936	0.282
14322.000000	162	24	0.934	0.317
14328.000000	162	24	0.931	0.353
14334.000000	162	24	0.926	0.402
14340.000000	162	24	0.919	0.457
14346.000000	162	24	0.913	0.509
14352.000000	162	24	0.908	0.561
14358.000000	162	24	0.901	0.604
14364.000000	162	24	0.887	0.649
14370.000000	162	24	0.875	0.676
14376.000000	162	24	0.856	0.705
14382.000000	162	24	0.830	0.731
14388.000000	162	24	0.793	0.757
14394.000000	24	162	0.780	0.744
14400.000000	24	162	0.813	0.674
14406.000000	24	162	0.836	0.609
14412.000000	24	162	0.868	0.505
14418.000000	24	162	0.922	0.315
14424.000000	24	162	0.955	0.124
14430.000000	24	106	0.968	0.132
14436.000000	24	106	0.973	0.141
14442.000000	24	106	0.976	0.148
14448.000000	24	106	0.975	0.159
14454.000000	24	106	0.973	0.169
14460.000000	24	106	0.972	0.178
14466.000000	24	106	0.970	0.190
14472.000000	24	106	0.968	0.202
14478.000000	24	106	0.966	0.212
14484.000000	24	106	0.963	0.227
14490.000000	24	106	0.960	0.243
14496.000000	24	106	0.957	0.258
14502.000000	24	106	0.956	0.275
14508.000000	24	106	0.954	0.289
14514.000000	24	106	0.953	0.309
14520.000000	24	106	0.951	0.337
14526.000000	24	106	0.949	0.371
14532.000000	24	106	0.947	0.402
14538.000000	24	106	0.945	0.435
14544.000000	24	106	0.942	0.474
14550.000000	24	106	0.938	0.512
14556.000000	24	106	0.932	0.545
14562.000000	24	106	0.927	0.569
14568.000000	24	106	0.922	0.590
14574.000000	24	106	0.914	0.620
14580.000000	24	106	0.912	0.648
14586.000000	24	106	0.907	0.670
14592.000000	24	106	0.902	0.691
14598.000000	24	106	0.896	0.706
14604.000000	24	106	0.888	0.724
14610.000000	24	106	0.884	0.742
14616.000000	24	106	0.880	0.757
14622.000000	24	106	0.877	0.776
14628.000000	24	106	0.868	0.796
14634.000000	24	106	0.854	0.815
14640.000000	24	106	0.844	0.822
14646.000000	24	106	0.837	0.825
14652.000000	106	24	0.831	0.827
14658.000000	106	24	0.843	0.813
14664.000000	106	24	0.858	0.796
14670.000000	106	24	0.868	0.780
14676.000000	106	24	0.875	0.765
14682.000000	106	24	0.882	0.750
14688.000000	106	24	0.896	0.729
14694.000000	106	24	0.905	0.708
14700.000000	106	24	0.917	0.676
14706.000000	106	24	0.923	0.636
14712.000000	106	24	0.928	0.581
14718.000000	106	24	0.936	0.487
14724.000000	106	24	0.949	0.350
14730.000000	106	24	0.965	0.151
14736.000000	106	44	0.975	0.105
14742.000000	106	44	0.975	0.104
14748.000000	106	44	0.975	0.104
14754.000000	106	44	0.975	0.099
14760.000000	106	44	0.974	0.100
14766.000000	106	44	0.974	0.098
14772.000000	106	44	0.973	0.096
14778.000000	106	44	0.972	0.095
14784.000000	106	44	0.972	0.094
14790.000000	106	44	0.971	0.091
14796.000000	106	44	0.970	0.089
14802.000000	106	44	0.969	0.086
14808.000000	106	44	0.969	0.084
14814.000000	106	191	0.969	0.089
14820.000000	106	191	0.968	0.092
14826.000000	106	191	0.963	0.094
14832.000000	106	191	0.958	0.097
14838.000000	106	22	0.957	0.104
14844.000000	106	22	0.956	0.107
14850.000000	106	22	0.954	0.110
14856.000000	106	22	0.953	0.113
14862.000000	106	22	0.951	0.120
14868.000000	106	22	0.949	0.126
14874.000000	106	22	0.946	0.129
14880.000000	106	22	0.940	0.133
14886.000000	106	22	0.932	0.135
14892.000000	106	22	0.926	0.136
14898.000000	106	43	0.920	0.140
14904.000000	106	43	0.913	0.146
14910.000000	106	43	0.907	0.151
14916.000000	106	43	0.902	0.158
14922.000000	106	189	0.896	0.173
14928.000000	106	189	0.887	0.184
14934.000000	106	189	0.876	0.196
14940.000000	106	189	0.860	0.212
14946.000000	106	189	0.847	0.225
14952.000000	106	189	0.835	0.235
14958.000000	106	189	0.822	0.245
14964.000000	106	189	0.807	0.264
14970.000000	106	189	0.790	0.282
14976.000000	106	189	0.769	0.301
14982.000000	106	189	0.741	0.323
14988.000000	106	189	0.703	0.347
14994.000000	106	189	0.649	0.361
15000.000000	106	189	0.580	0.381
15006.000000	106	189	0.476	0.411
15012.000000	189	106	0.446	0.313
15018.000000	189	156	0.511	0.297
15024.000000	189	156	0.580	0.310
15030.000000	189	156	0.630	0.326
15036.000000	189	156	0.654	0.343
15042.000000	189	156	0.671	0.362
15048.000000	189	156	0.681	0.376
15054.000000	189	156	0.682	0.390
15060.000000	189	156	0.683	0.404
15066.000000	189	156	0.686	0.415
15072.000000	189	156	0.693	0.421
15078.000000	189	156	0.705	0.419
15084.000000	189	156	0.712	0.424
15090.000000	189	156	0.712	0.427
15096.000000	189	156	0.711	0.431
15102.000000	189	156	0.711	0.431
15108.000000	189	43	0.721	0.430
15114.000000	189	43	0.724	0.443
15120.000000	189	43	0.728	0.451
15126.000000	189	43	0.733	0.460
15132.000000	189	43	0.738	0.468
15138.000000	189	43	0.746	0.472
15144.000000	189	43	0.755	0.475
15150.000000	189	43	0.763	0.480
15156.000000	189	43	0.771	0.486
15162.000000	189	43	0.781	0.486
15168.000000	189	43	0.784	0.491
15174.000000	189	43	0.786	0.492
15180.000000	189	43	0.801	0.476
15186.000000	189	43	0.812	0.465
15192.000000	189	43	0.824	0.456
15198.000000	189	43	0.828	0.453
15204.000000	189	43	0.830	0.450
15210.000000	189	43	0.839	0.433
15216.000000	189	43	0.845	0.421
15222.000000	189	43	0.857	0.411
15228.000000	189	43	0.866	0.403
15234.000000	189	43	0.873	0.404
15240.000000	189	43	0.890	0.397
15246.000000	189	43	0.900	0.387
15252.000000	189	43	0.914	0.368
15258.000000	189	43	0.918	0.348
15264.000000	189	43	0.925	0.335
15270.000000	189	43	0.930	0.321
15276.000000	189	43	0.935	0.309
15282.000000	189	100	0.936	0.308
15288.000000	189	100	0.937	0.336
15294.000000	189	100	0.936	0.368
15300.000000	189	100	0.935	0.407
15306.000000	189	100	0.934	0.446
15312.000000	189	100	0.932	0.490
15318.000000	189	100	0.931	0.520
15324.000000	189	100	0.929	0.554
15330.000000	189	100	0.925	0.592
15336.000000	189	100	0.922	0.630
15342.000000	189	100	0.917	0.668
15348.000000	189	100	0.914	0.686
15354.000000	189	100	0.905	0.695
15360.000000	189	100	0.896	0.711
15366.000000	189	100	0.892	0.725
15372.000000	189	100	0.885	0.745
15378.000000	189	100	0.874	0.770
15384.000000	189	100	0.865	0.783
15390.000000	189	100	0.849	0.795
15396.000000	189	100	0.836	0.802
15402.000000	189	100	0.827	0.806
15408.000000	189	100	0.817	0.815
15414.000000	100	189	0.828	0.799
15420.000000	100	189	0.836	0.775
15426.000000	100	189	0.846	0.744
15432.000000	100	189	0.864	0.706
15438.000000	100	189	0.881	0.668
15444.000000	100	189	0.891	0.625
15450.000000	100	189	0.903	0.558
15456.000000	100	189	0.929	0.453
15462.000000	100	189	0.952	0.314
15468.000000	100	189	0.974	0.141
15474.000000	100	79	0.981	0.070
15480.000000	100	79	0.982	0.069
15486.000000	100	89	0.979	0.073
15492.000000	100	89	0.978	0.077
15498.000000	100	89	0.978	0.082
15504.000000	100	89	0.978	0.087
15510.000000	100	89	0.977	0.092
15516.000000	100	89	0.977	0.095
15522.000000	100	89	0.976	0.098
15528.000000	100	89	0.976	0.102
15534.000000	100	89	0.976	0.107
15540.000000	100	89	0.975	0.114
15546.000000	100	89	0.975	0.124
15552.000000	100	89	0.974	0.134
15558.000000	100	89	0.972	0.145
15564.000000	100	89	0.970	0.158
15570.000000	100	89	0.968	0.171
15576.000000	100	89	0.966	0.183
15582.000000	100	89	0.965	0.195
15588.000000	100	89	0.964	0.214
15594.000000	100	89	0.963	0.231
15600.000000	100	89	0.962	0.249
15606.000000	100	89	0.961	0.269
15612.000000	100	89	0.959	0.293
15618.000000	100	89	0.957	0.329
15624.000000	100	89	0.954	0.377
15630.000000	100	89	0.950	0.436
15636.000000	100	89	0.946	0.498
15642.000000	100	89	0.942	0.559
15648.000000	100	89	0.935	0.617
15654.000000	100	89	0.927	0.653
15660.000000	100	89	0.920	0.674
15666.000000	100	89	0.906	0.697
15672.000000	100	89	0.897	0.718
15678.000000	100	89	0.886	0.736
15684.000000	100	89	0.874	0.755
15690.000000	100	89	0.851	0.789
15696.000000	100	89	0.833	0.807
15702.000000	89	100	0.822	0.814
15708.000000	89	100	0.849	0.785
15714.000000	89	100	0.864	0.756
15720.000000	89	100	0.883	0.714
15726.000000	89	100	0.900	0.658
15732.000000	89	100	0.927	0.570
15738.000000	89	100	0.955	0.440
15744.000000	89	100	0.969	0.264
15750.000000	89	21	0.979	0.110
15756.000000	89	21	0.981	0.103
15762.000000	89	21	0.981	0.103
15768.000000	89	21	0.980	0.106
15774.000000	89	21	0.980	0.108
15780.000000	89	21	0.979	0.110
15786.000000	89	21	0.978	0.112
15792.000000	89	21	0.978	0.116
15798.000000	89	21	0.977	0.121
15804.000000	89	21	0.975	0.128
15810.000000	89	21	0.974	0.135
15816.000000	89	21	0.972	0.140
15822.000000	89	21	0.971	0.143
15828.000000	89	21	0.969	0.146
15834.000000	89	21	0.968	0.148
15840.000000	89	21	0.967	0.149
15846.000000	89	21	0.966	0.147
15852.000000	89	21	0.965	0.141
15858.000000	89	21	0.963	0.135
15864.000000	89	98	0.961	0.144
15870.000000	89	98	0.958	0.152
15876.000000	89	98	0.955	0.162
15882.000000	89	98	0.952	0.177
15888.000000	89	98	0.947	0.189
15894.000000	89	98	0.940	0.203
15900.000000	89	98	0.937	0.223
15906.000000	89	98	0.935	0.241
15912.000000	89	98	0.933	0.255
15918.000000	89	98	0.930	0.273
15924.000000	89	98	0.926	0.298
15930.000000	89	98	0.920	0.319
15936.000000	89	98	0.916	0.334
15942.000000	89	98	0.911	0.349
15948.000000	89	98	0.908	0.364
15954.000000	89	98	0.900	0.383
15960.000000	89	98	0.891	0.405
15966.000000	89	98	0.881	0.433
15972.000000	89	98	0.872	0.455
15978.000000	89	98	0.862	0.469
15984.000000	89	98	0.850	0.490
15990.000000	89	98	0.839	0.510
15996.000000	89	98	0.825	0.528
16002.000000	89	98	0.811	0.546
16008.000000	89	98	0.797	0.566
16014.000000	89	98	0.783	0.584
16020.000000	89	98	0.763	0.603
16026.000000	89	98	0.731	0.631
16032.000000	89	98	0.695	0.662
16038.000000	98	89	0.694	0.645
16044.000000	98	89	0.710	0.592
16050.000000	98	89	0.734	0.507
16056.000000	98	89	0.779	0.380
16062.000000	98	153	0.812	0.283
16068.000000	98	153	0.850	0.294
16074.000000	98	153	0.876	0.306
16080.000000	98	153	0.887	0.316
16086.000000	98	153	0.896	0.329
16092.000000	98	153	0.906	0.351
16098.000000	98	153	0.907	0.369
16104.000000	98	153	0.911	0.391
16110.000000	98	153	0.910	0.415
16116.000000	98	153	0.911	0.438
16122.000000	98	153	0.909	0.466
16128.000000	98	153	0.908	0.479
16134.000000	98	153	0.907	0.491
16140.000000	98	153	0.910	0.498
16146.000000	98	153	0.912	0.508
16152.000000	98	153	0.912	0.522
16158.000000	98	153	0.911	0.528
16164.000000	98	153	0.910	0.532
16170.000000	98	153	0.910	0.538
16176.000000	98	153	0.909	0.546
16182.000000	98	153	0.906	0.554
16188.000000	98	153	0.904	0.565
16194.000000	98	153	0.902	0.579
16200.000000	98	153	0.900	0.590
16206.000000	98	153	0.896	0.604
16212.000000	98	153	0.892	0.611
16218.000000	98	153	0.887	0.619
16224.000000	98	153	0.890	0.629
16230.000000	98	153	0.888	0.641
16236.000000	98	153	0.880	0.656
16242.000000	98	153	0.877	0.669
16248.000000	98	153	0.874	0.683
16254.000000	98	153	0.871	0.695
16260.000000	98	153	0.867	0.703
16266.000000	98	153	0.858	0.715
16272.000000	98	153	0.848	0.726
16278.000000	98	153	0.837	0.738
16284.000000	98	153	0.824	0.753
16290.000000	98	153	0.818	0.758
16296.000000	98	153	0.809	0.766
16302.000000	98	153	0.790	0.781
16308.000000	153	98	0.793	0.777
16314.000000	153	98	0.801	0.762
16320.000000	153	98	0.817	0.742
16326.000000	153	98	0.835	0.712
16332.000000	153	98	0.856	0.662
16338.000000	153	98	0.874	0.603
16344.000000	153	98	0.902	0.516
16350.000000	153	98	0.930	0.372
16356.000000	153	98	0.948	0.181
16362.000000	153	5	0.960	0.099
16368.000000	153	5	0.961	0.094
16374.000000	153	190	0.961	0.096
16380.000000	153	80	0.962	0.102
16386.000000	153	80	0.963	0.109
16392.000000	153	80	0.964	0.114
16398.000000	153	80	0.963	0.120
16404.000000	153	80	0.961	0.123
16410.000000	153	80	0.959	0.124
16416.000000	153	80	0.956	0.128
16422.000000	153	80	0.954	0.131
16428.000000	153	80	0.953	0.135
16434.000000	153	80	0.953	0.138
16440.000000	153	80	0.952	0.143
16446.000000	153	80	0.948	0.147
16452.000000	153	80	0.945	0.150
16458.000000	153	80	0.942	0.155
16464.000000	153	80	0.940	0.165
16470.000000	153	80	0.938	0.175
16476.000000	153	80	0.936	0.181
16482.000000	153	80	0.932	0.190
16488.000000	153	80	0.930	0.195
16494.000000	153	80	0.928	0.199
16500.000000	153	80	0.926	0.207
16506.000000	153	80	0.923	0.216
16512.000000	153	80	0.920	0.227
16518.000000	153	80	0.918	0.237
16524.000000	153	80	0.916	0.247
16530.000000	153	80	0.912	0.256
16536.000000	153	80	0.909	0.264
16542.000000	153	80	0.905	0.271
16548.000000	153	80	0.902	0.276
16554.000000	153	80	0.899	0.285
16560.000000	153	80	0.892	0.297
16566.000000	153	80	0.888	0.306
16572.000000	153	80	0.882	0.319
16578.000000	153	80	0.874	0.329
16584.000000	153	80	0.861	0.346
16590.000000	153	80	0.851	0.368
16596.000000	153	80	0.840	0.390
16602.000000	153	80	0.824	0.412
16608.000000	153	80	0.808	0.436
16614.000000	153	80	0.787	0.460
16620.000000	153	80	0.765	0.480
16626.000000	153	80	0.738	0.501
16632.000000	153	80	0.706	0.524
16638.000000	153	80	0.663	0.553
16644.000000	153	80	0.595	0.590
16650.000000	80	153	0.626	0.501
16656.000000	80	153	0.670	0.377
16662.000000	80	2	0.720	0.337
16668.000000	80	2	0.780	0.355
16674.000000	80	2	0.813	0.386
16680.000000	80	2	0.835	0.401
16686.000000	80	2	0.851	0.428
16692.000000	80	2	0.849	0.458
16698.000000	80	2	0.856	0.475
16704.000000	80	2	0.860	0.493
16710.000000	80	2	0.858	0.504
16716.000000	80	2	0.856	0.512
16722.000000	80	2	0.855	0.518
16728.000000	80	2	0.852	0.527
16734.000000	80	2	0.849	0.535
16740.000000	80	2	0.849	0.543
16746.000000	80	2	0.849	0.550
16752.000000	80	2	0.848	0.557
16758.000000	80	2	0.850	0.559
16764.000000	80	2	0.847	0.559
16770.000000	80	2	0.845	0.564
16776.000000	80	2	0.844	0.571
16782.000000	80	2	0.842	0.575
16788.000000	80	2	0.840	0.581
16794.000000	80	2	0.837	0.586
16800.000000	80	2	0.829	0.597
16806.000000	80	2	0.826	0.608
16812.000000	80	2	0.825	0.617
16818.000000	80	2	0.821	0.615
16824.000000	80	2	0.820	0.614
16830.000000	80	2	0.817	0.616
16836.000000	80	2	0.814	0.616
16842.000000	80	2	0.815	0.615
16848.000000	80	2	0.812	0.614
16854.000000	80	2	0.808	0.613
16860.000000	80	2	0.805	0.618
16866.000000	80	2	0.798	0.626
16872.000000	80	2	0.793	0.628
16878.000000	80	2	0.787	0.626
16884.000000	80	2	0.785	0.624
16890.000000	80	2	0.783	0.623
16896.000000	80	2	0.779	0.622
16902.000000	80	2	0.776	0.620
16908.000000	80	2	0.774	0.616
16914.000000	80	2	0.771	0.614
16920.000000	80	2	0.768	0.608
16926.000000	80	2	0.762	0.600
16932.000000	80	2	0.755	0.586
16938.000000	80	2	0.747	0.569
16944.000000	80	2	0.735	0.553
16950.000000	80	2	0.721	0.540
16956.000000	80	2	0.702	0.528
16962.000000	80	2	0.684	0.509
16968.000000	80	2	0.662	0.483
16974.000000	80	2	0.633	0.450
16980.000000	80	2	0.599	0.412
16986.000000	80	2	0.549	0.366
16992.000000	80	2	0.497	0.310
16998.000000	80	2	0.425	0.251
17004.000000	80	2	0.330	0.176
17010.000000	80	154	0.204	0.173
17016.000000	154	7	0.183	0.156
17022.000000	154	7	0.195	0.161
17028.000000	154	7	0.205	0.168
17034.000000	154	7	0.221	0.175
17040.000000	154	7	0.248	0.195
17046.000000	154	7	0.283	0.221
17052.000000	154	7	0.337	0.246
17058.000000	154	7	0.406	0.280
17064.000000	154	7	0.474	0.321
17070.000000	154	7	0.547	0.372
17076.000000	154	7	0.622	0.421
17082.000000	154	7	0.682	0.480
17088.000000	154	7	0.713	0.537
17094.000000	154	7	0.734	0.572
17100.000000	154	7	0.751	0.597
17106.000000	154	7	0.762	0.621
17112.000000	154	7	0.767	0.640
17118.000000	154	7	0.773	0.653
17124.000000	154	7	0.783	0.660
17130.000000	154	7	0.789	0.665
17136.000000	154	7	0.792	0.669
17142.000000	154	7	0.799	0.676
17148.000000	154	7	0.806	0.685
17154.000000	154	7	0.809	0.692
17160.000000	154	7	0.810	0.697
17166.000000	154	7	0.813	0.701
17172.000000	154	7	0.812	0.705
17178.000000	154	7	0.812	0.712
17184.000000	154	7	0.813	0.715
17190.000000	154	7	0.817	0.716
17196.000000	154	7	0.818	0.720
17202.000000	154	7	0.820	0.722
17208.000000	154	7	0.821	0.722
17214.000000	154	7	0.823	0.722
17220.000000	154	7	0.826	0.724
17226.000000	154	7	0.827	0.724
17232.000000	154	7	0.828	0.725
17238.000000	154	7	0.830	0.727
17244.000000	154	7	0.828	0.730
17250.000000	154	7	0.827	0.733
17256.000000	154	7	0.830	0.733
17262.000000	154	7	0.832	0.726
17268.000000	154	7	0.836	0.716
17274.000000	154	7	0.838	0.710
17280.000000	154	7	0.840	0.704
17286.000000	154	7	0.843	0.704
17292.000000	154	7	0.841	0.707
17298.000000	154	7	0.841	0.705
17304.000000	154	7	0.837	0.703
17310.000000	154	7	0.835	0.698
17316.000000	154	7	0.839	0.689
17322.000000	154	7	0.834	0.684
17328.000000	154	7	0.833	0.675
17334.000000	154	7	0.828	0.667
17340.000000	154	7	0.824	0.656
17346.000000	154	7	0.820	0.643
17352.000000	154	7	0.816	0.620
17358.000000	154	7	0.811	0.600
17364.000000	154	7	0.808	0.566
17370.000000	154	50	0.811	0.524
17376.000000	154	50	0.812	0.520
17382.000000	154	50	0.816	0.521
17388.000000	154	50	0.819	0.528
17394.000000	154	50	0.813	0.539
17400.000000	154	50	0.810	0.552
17406.000000	154	50	0.806	0.553
17412.000000	154	50	0.799	0.552
17418.000000	154	50	0.790	0.556
17424.000000	154	50	0.779	0.561
17430.000000	154	50	0.771	0.555
17436.000000	154	50	0.761	0.548
17442.000000	154	50	0.748	0.547
17448.000000	154	50	0.727	0.552
17454.000000	154	50	0.701	0.555
17460.000000	154	50	0.672	0.552
17466.000000	154	50	0.638	0.549
17472.000000	154	50	0.589	0.545
17478.000000	50	154	0.555	0.509
17484.000000	50	154	0.589	0.377
17490.000000	50	124	0.632	0.375
17496.000000	50	124	0.651	0.433
17502.000000	50	124	0.658	0.510
17508.000000	50	124	0.671	0.585
17514.000000	50	124	0.676	0.641
17520.000000	124	50	0.678	0.673
17526.000000	124	50	0.706	0.663
17532.000000	124	50	0.739	0.648
17538.000000	124	50	0.761	0.639
17544.000000	124	50	0.775	0.629
17550.000000	124	50	0.790	0.610
17556.000000	124	50	0.798	0.602
17562.000000	124	50	0.802	0.600
17568.000000	124	50	0.809	0.600
17574.000000	124	50	0.817	0.597
17580.000000	124	50	0.824	0.593
17586.000000	124	50	0.834	0.581
17592.000000	124	50	0.844	0.566
17598.000000	124	50	0.853	0.545
17604.000000	124	50	0.863	0.511
17610.000000	124	50	0.871	0.478
17616.000000	124	50	0.875	0.444
17622.000000	124	50	0.886	0.392
17628.000000	124	50	0.903	0.327
17634.000000	124	50	0.917	0.262
17640.000000	124	50	0.928	0.199
17646.000000	124	50	0.945	0.144
17652.000000	124	50	0.953	0.094
17658.000000	124	131	0.959	0.094
17664.000000	124	131	0.965	0.095
17670.000000	124	131	0.969	0.095
17676.000000	124	131	0.969	0.093
17682.000000	124	131	0.967	0.095
17688.000000	124	131	0.967	0.099
17694.000000	124	131	0.967	0.100
17700.000000	124	131	0.970	0.099
17706.000000	124	190	0.970	0.096
17712.000000	124	190	0.969	0.094
17718.000000	124	131	0.968	0.093
17724.000000	124	190	0.968	0.094
17730.000000	124	190	0.967	0.096
17736.000000	124	190	0.967	0.098
17742.000000	124	190	0.967	0.099
17748.000000	124	190	0.967	0.098
17754.000000	124	190	0.966	0.096
17760.000000	124	190	0.966	0.096
17766.000000	124	190	0.966	0.095
17772.000000	124	190	0.966	0.090
17778.000000	124	39	0.967	0.092
17784.000000	124	39	0.967	0.093
17790.000000	124	39	0.968	0.094
17796.000000	124	39	0.969	0.094
17802.000000	124	39	0.970	0.093
17808.000000	124	39	0.971	0.092
17814.000000	124	39	0.972	0.089
17820.000000	124	39	0.973	0.084
17826.000000	124	39	0.974	0.081
17832.000000	124	39	0.975	0.078
17838.000000	124	39	0.978	0.071
17844.000000	124	39	0.980	0.064
17850.000000	124	87	0.981	0.060
17856.000000	124	87	0.981	0.060
17862.000000	124	87	0.982	0.058
17868.000000	124	87	0.983	0.057
17874.000000	124	87	0.985	0.057
17880.000000	124	87	0.986	0.056
17886.000000	124	87	0.987	0.052
17892.000000	124	87	0.987	0.048
17898.000000	124	87	0.987	0.048
17904.000000	124	183	0.987	0.048
17910.000000	124	183	0.987	0.049
17916.000000	124	183	0.987	0.049
17922.000000	124	183	0.987	0.049
17928.000000	124	183	0.987	0.049
17934.000000	124	183	0.986	0.049
17940.000000	124	183	0.986	0.048
17946.000000	124	183	0.986	0.047
17952.000000	124	191	0.985	0.046
17958.000000	124	191	0.985	0.046
17964.000000	124	191	0.984	0.046
17970.000000	124	191	0.982	0.045
17976.000000	124	191	0.981	0.044
17982.000000	124	191	0.980	0.044
17988.000000	124	191	0.980	0.042
17994.000000	124	3	0.980	0.043
18000.000000	124	3	0.980	0.045
18006.000000	124	3	0.979	0.045
18012.000000	124	3	0.979	0.045
18018.000000	124	154	0.978	0.045
18024.000000	124	154	0.976	0.045
18030.000000	124	3	0.975	0.045
18036.000000	124	3	0.974	0.045
18042.000000	124	3	0.974	0.045
18048.000000	124	3	0.973	0.045
18054.000000	124	3	0.972	0.043
18060.000000	124	154	0.972	0.043
18066.000000	124	154	0.971	0.043
18072.000000	124	154	0.969	0.043
18078.000000	124	154	0.966	0.044
18084.000000	124	154	0.964	0.045
18090.000000	124	154	0.960	0.047
18096.000000	124	154	0.957	0.047
18102.000000	124	154	0.955	0.047
18108.000000	124	154	0.953	0.047
18114.000000	124	154	0.951	0.047
18120.000000	124	154	0.949	0.046
18126.000000	124	154	0.948	0.044
18132.000000	124	154	0.946	0.043
18138.000000	124	154	0.943	0.041
18144.000000	124	154	0.941	0.041
18150.000000	124	154	0.940	0.041
18156.000000	124	154	0.939	0.042
18162.000000	124	154	0.935	0.043
18168.000000	124	154	0.929	0.044
18174.000000	124	154	0.924	0.045
18180.000000	124	154	0.922	0.045
18186.000000	124	154	0.919	0.045
18192.000000	124	154	0.916	0.045
18198.000000	124	154	0.913	0.045
18204.000000	124	154	0.908	0.045
18210.000000	124	154	0.901	0.043
18216.000000	124	154	0.896	0.042
18222.000000	124	154	0.892	0.042
18228.000000	124	154	0.887	0.042
18234.000000	124	154	0.878	0.042
18240.000000	124	154	0.869	0.041
18246.000000	124	154	0.857	0.040
18252.000000	124	154	0.841	0.040
18258.000000	124	154	0.825	0.040
18264.000000	124	154	0.798	0.041
18270.000000	124	154	0.757	0.042
18276.000000	124	71	0.694	0.041
18282.000000	124	71	0.581	0.039
18288.000000	124	154	0.373	0.031
18294.000000	124	39	0.065	0.019
18300.000000	71	159	0.013	0.013
18306.000000	71	159	0.012	0.012
18312.000000	159	71	0.011	0.011
18318.000000	159	17	0.010	0.008
18324.000000	17	159	0.008	0.008
