0.000000	125	102	0.000	0.000
6.000000	167	82	0.992	0.035
12.000000	167	82	0.992	0.036
18.000000	167	82	0.992	0.038
24.000000	167	82	0.991	0.042
30.000000	167	82	0.989	0.045
36.000000	167	66	0.987	0.049
42.000000	167	66	0.985	0.057
48.000000	167	66	0.982	0.066
54.000000	167	66	0.979	0.078
60.000000	167	66	0.976	0.091
66.000000	167	66	0.973	0.101
72.000000	167	66	0.969	0.113
78.000000	167	66	0.965	0.131
84.000000	167	66	0.961	0.141
90.000000	167	66	0.957	0.154
96.000000	167	66	0.954	0.165
102.000000	167	66	0.950	0.176
108.000000	167	66	0.946	0.187
114.000000	167	66	0.941	0.194
120.000000	167	66	0.938	0.198
126.000000	167	66	0.934	0.200
132.000000	167	66	0.930	0.204
138.000000	167	66	0.926	0.206
144.000000	167	66	0.922	0.204
150.000000	167	107	0.919	0.208
156.000000	167	107	0.917	0.215
162.000000	167	107	0.915	0.220
168.000000	167	107	0.913	0.223
174.000000	167	107	0.910	0.227
180.000000	167	107	0.908	0.232
186.000000	167	107	0.907	0.236
192.000000	167	107	0.906	0.238
198.000000	167	107	0.905	0.239
204.000000	167	107	0.905	0.237
210.000000	167	107	0.904	0.234
216.000000	167	107	0.903	0.232
222.000000	167	107	0.902	0.233
228.000000	167	107	0.899	0.235
234.000000	167	107	0.893	0.237
240.000000	167	107	0.892	0.238
246.000000	167	107	0.892	0.245
252.000000	167	107	0.891	0.250
258.000000	167	107	0.890	0.255
264.000000	167	107	0.888	0.255
270.000000	167	107	0.885	0.255
276.000000	167	107	0.879	0.252
282.000000	167	107	0.879	0.253
288.000000	167	107	0.879	0.257
294.000000	167	107	0.878	0.259
300.000000	167	107	0.874	0.257
306.000000	167	107	0.869	0.256
312.000000	167	107	0.866	0.254
318.000000	167	107	0.864	0.250
324.000000	167	107	0.862	0.249
330.000000	167	107	0.857	0.256
336.000000	167	107	0.852	0.257
342.000000	167	107	0.850	0.257
348.000000	167	107	0.846	0.258
354.000000	167	107	0.845	0.255
360.000000	167	107	0.844	0.249
366.000000	167	155	0.840	0.265
372.000000	167	155	0.838	0.279
378.000000	167	155	0.836	0.294
384.000000	167	155	0.831	0.311
390.000000	167	155	0.824	0.330
396.000000	167	155	0.815	0.344
402.000000	167	155	0.803	0.360
408.000000	167	155	0.788	0.377
414.000000	167	155	0.772	0.398
420.000000	167	155	0.754	0.419
426.000000	167	155	0.738	0.440
432.000000	167	155	0.711	0.462
438.000000	167	155	0.677	0.489
444.000000	167	155	0.636	0.521
450.000000	167	155	0.576	0.553
456.000000	155	167	0.588	0.505
462.000000	155	167	0.651	0.379
468.000000	155	142	0.706	0.293
474.000000	155	142	0.752	0.301
480.000000	155	142	0.804	0.311
486.000000	155	142	0.836	0.317
492.000000	155	142	0.840	0.329
498.000000	155	142	0.854	0.336
504.000000	155	142	0.863	0.337
510.000000	155	142	0.868	0.330
516.000000	155	142	0.875	0.327
522.000000	155	142	0.875	0.325
528.000000	155	142	0.877	0.322
534.000000	155	142	0.880	0.320
540.000000	155	142	0.884	0.322
546.000000	155	142	0.888	0.324
552.000000	155	142	0.889	0.328
558.000000	155	142	0.887	0.332
564.000000	155	142	0.886	0.333
570.000000	155	142	0.881	0.330
576.000000	155	142	0.879	0.324
582.000000	155	142	0.879	0.323
588.000000	155	142	0.878	0.324
594.000000	155	142	0.878	0.316
600.000000	155	142	0.873	0.311
606.000000	155	142	0.870	0.297
612.000000	155	142	0.866	0.284
618.000000	155	142	0.862	0.273
624.000000	155	142	0.859	0.262
630.000000	155	27	0.858	0.250
636.000000	155	27	0.856	0.252
642.000000	155	27	0.855	0.259
648.000000	155	27	0.851	0.269
654.000000	155	27	0.851	0.282
660.000000	155	27	0.851	0.292
666.000000	155	27	0.854	0.295
672.000000	155	190	0.855	0.299
678.000000	155	190	0.852	0.312
684.000000	155	190	0.848	0.323
690.000000	155	190	0.847	0.328
696.000000	155	190	0.847	0.334
702.000000	155	190	0.838	0.349
708.000000	155	190	0.833	0.358
714.000000	155	190	0.829	0.363
720.000000	155	190	0.828	0.367
726.000000	155	190	0.823	0.375
732.000000	155	190	0.817	0.389
738.000000	155	190	0.813	0.402
744.000000	155	190	0.810	0.411
750.000000	155	190	0.807	0.418
756.000000	155	190	0.800	0.424
762.000000	155	190	0.787	0.436
768.000000	155	190	0.778	0.453
774.000000	155	190	0.771	0.463
780.000000	155	190	0.761	0.470
786.000000	155	190	0.751	0.480
792.000000	155	190	0.738	0.506
798.000000	155	190	0.724	0.525
804.000000	155	190	0.703	0.537
810.000000	155	190	0.682	0.546
816.000000	155	190	0.663	0.557
822.000000	155	190	0.641	0.563
828.000000	155	190	0.603	0.582
834.000000	190	155	0.608	0.558
840.000000	190	155	0.641	0.490
846.000000	190	155	0.675	0.403
852.000000	190	27	0.704	0.363
858.000000	190	27	0.732	0.356
864.000000	190	27	0.767	0.349
870.000000	190	27	0.788	0.339
876.000000	190	27	0.802	0.312
882.000000	190	27	0.816	0.291
888.000000	190	67	0.821	0.295
894.000000	190	67	0.825	0.308
900.000000	190	67	0.833	0.316
906.000000	190	67	0.833	0.334
912.000000	190	67	0.833	0.342
918.000000	190	67	0.840	0.342
924.000000	190	67	0.840	0.346
930.000000	190	67	0.840	0.350
936.000000	190	67	0.840	0.352
942.000000	190	67	0.839	0.354
948.000000	190	67	0.842	0.352
954.000000	190	67	0.850	0.345
960.000000	190	67	0.853	0.342
966.000000	190	67	0.858	0.340
972.000000	190	67	0.861	0.340
978.000000	190	67	0.858	0.341
984.000000	190	67	0.857	0.341
990.000000	190	67	0.856	0.346
996.000000	190	67	0.856	0.350
1002.000000	190	67	0.854	0.354
1008.000000	190	67	0.850	0.359
1014.000000	190	67	0.848	0.359
1020.000000	190	118	0.845	0.360
1026.000000	190	118	0.844	0.367
1032.000000	190	118	0.839	0.375
1038.000000	190	118	0.835	0.387
1044.000000	190	118	0.831	0.393
1050.000000	190	118	0.824	0.397
1056.000000	190	118	0.814	0.405
1062.000000	190	195	0.811	0.422
1068.000000	190	195	0.809	0.437
1074.000000	190	195	0.807	0.453
1080.000000	190	195	0.804	0.472
1086.000000	190	195	0.803	0.492
1092.000000	190	195	0.799	0.518
1098.000000	190	195	0.788	0.547
1104.000000	190	195	0.779	0.579
1110.000000	190	195	0.771	0.607
1116.000000	190	195	0.760	0.636
1122.000000	190	195	0.751	0.653
1128.000000	190	195	0.737	0.676
1134.000000	190	195	0.720	0.698
1140.000000	195	190	0.715	0.703
1146.000000	195	190	0.737	0.684
1152.000000	195	190	0.758	0.657
1158.000000	195	190	0.772	0.618
1164.000000	195	190	0.786	0.576
1170.000000	195	190	0.799	0.531
1176.000000	195	190	0.825	0.465
1182.000000	195	190	0.843	0.392
1188.000000	195	190	0.861	0.290
1194.000000	195	118	0.885	0.254
1200.000000	195	118	0.898	0.216
1206.000000	195	36	0.904	0.192
1212.000000	195	36	0.906	0.210
1218.000000	195	36	0.912	0.224
1224.000000	195	36	0.913	0.239
1230.000000	195	36	0.917	0.251
1236.000000	195	36	0.922	0.262
1242.000000	195	36	0.921	0.269
1248.000000	195	36	0.919	0.280
1254.000000	195	36	0.918	0.293
1260.000000	195	36	0.916	0.310
1266.000000	195	36	0.913	0.321
1272.000000	195	36	0.910	0.332
1278.000000	195	36	0.907	0.340
1284.000000	195	36	0.904	0.347
1290.000000	195	36	0.901	0.352
1296.000000	195	36	0.897	0.362
1302.000000	195	36	0.893	0.370
1308.000000	195	36	0.891	0.368
1314.000000	195	36	0.886	0.364
1320.000000	195	36	0.884	0.364
1326.000000	195	36	0.882	0.369
1332.000000	195	36	0.881	0.370
1338.000000	195	36	0.881	0.370
1344.000000	195	36	0.882	0.369
1350.000000	195	36	0.882	0.367
1356.000000	195	36	0.879	0.364
1362.000000	195	36	0.875	0.358
1368.000000	195	36	0.870	0.351
1374.000000	195	36	0.866	0.342
1380.000000	195	36	0.862	0.337
1386.000000	195	36	0.860	0.328
1392.000000	195	36	0.858	0.321
1398.000000	195	36	0.854	0.313
1404.000000	195	36	0.847	0.302
1410.000000	195	36	0.839	0.297
1416.000000	195	83	0.828	0.302
1422.000000	195	83	0.819	0.315
1428.000000	195	83	0.808	0.328
1434.000000	195	83	0.795	0.343
1440.000000	195	83	0.786	0.356
1446.000000	195	83	0.776	0.372
1452.000000	195	83	0.765	0.389
1458.000000	195	83	0.752	0.400
1464.000000	195	83	0.732	0.424
1470.000000	195	83	0.706	0.452
1476.000000	195	83	0.678	0.481
1482.000000	195	83	0.648	0.514
1488.000000	195	83	0.612	0.541
1494.000000	83	195	0.566	0.562
1500.000000	83	195	0.588	0.487
1506.000000	83	152	0.623	0.396
1512.000000	83	152	0.673	0.421
1518.000000	83	152	0.730	0.439
1524.000000	83	152	0.769	0.448
1530.000000	83	152	0.792	0.447
1536.000000	83	152	0.828	0.443
1542.000000	83	152	0.841	0.443
1548.000000	83	152	0.844	0.438
1554.000000	83	152	0.853	0.424
1560.000000	83	152	0.871	0.409
1566.000000	83	152	0.883	0.401
1572.000000	83	152	0.886	0.392
1578.000000	83	152	0.890	0.383
1584.000000	83	152	0.899	0.368
1590.000000	83	152	0.900	0.365
1596.000000	83	152	0.902	0.362
1602.000000	83	152	0.902	0.357
1608.000000	83	152	0.902	0.354
1614.000000	83	152	0.903	0.345
1620.000000	83	152	0.906	0.336
1626.000000	83	152	0.907	0.325
1632.000000	83	152	0.907	0.315
1638.000000	83	152	0.908	0.304
1644.000000	83	152	0.910	0.290
1650.000000	83	152	0.910	0.271
1656.000000	83	152	0.910	0.244
1662.000000	83	63	0.909	0.238
1668.000000	83	63	0.908	0.247
1674.000000	83	63	0.905	0.258
1680.000000	83	63	0.904	0.272
1686.000000	83	63	0.904	0.287
1692.000000	83	63	0.904	0.299
1698.000000	83	63	0.904	0.308
1704.000000	83	63	0.906	0.317
1710.000000	83	63	0.908	0.327
1716.000000	83	63	0.908	0.336
1722.000000	83	63	0.908	0.347
1728.000000	83	63	0.909	0.363
1734.000000	83	63	0.909	0.377
1740.000000	83	63	0.909	0.391
1746.000000	83	63	0.909	0.392
1752.000000	83	63	0.909	0.402
1758.000000	83	63	0.909	0.420
1764.000000	83	63	0.909	0.433
1770.000000	83	63	0.909	0.440
1776.000000	83	63	0.907	0.445
1782.000000	83	63	0.905	0.452
1788.000000	83	63	0.901	0.465
1794.000000	83	63	0.893	0.482
1800.000000	83	63	0.890	0.496
1806.000000	83	63	0.888	0.508
1812.000000	83	63	0.882	0.520
1818.000000	83	63	0.872	0.530
1824.000000	83	63	0.866	0.544
1830.000000	83	63	0.860	0.549
1836.000000	83	63	0.855	0.558
1842.000000	83	63	0.852	0.562
1848.000000	83	63	0.847	0.564
1854.000000	83	63	0.840	0.567
1860.000000	83	63	0.828	0.574
1866.000000	83	63	0.811	0.583
1872.000000	83	63	0.800	0.585
1878.000000	83	63	0.790	0.590
1884.000000	83	63	0.774	0.602
1890.000000	83	63	0.752	0.615
1896.000000	83	63	0.726	0.637
1902.000000	83	63	0.690	0.655
1908.000000	63	83	0.675	0.644
1914.000000	63	83	0.705	0.571
1920.000000	63	83	0.737	0.486
1926.000000	63	83	0.773	0.374
1932.000000	63	90	0.809	0.305
1938.000000	63	90	0.843	0.333
1944.000000	63	90	0.863	0.360
1950.000000	63	90	0.868	0.379
1956.000000	63	90	0.870	0.395
1962.000000	63	90	0.876	0.402
1968.000000	63	90	0.883	0.397
1974.000000	63	90	0.887	0.398
1980.000000	63	90	0.887	0.399
1986.000000	63	90	0.885	0.400
1992.000000	63	90	0.883	0.401
1998.000000	63	90	0.883	0.399
2004.000000	63	90	0.882	0.400
2010.000000	63	90	0.878	0.400
2016.000000	63	90	0.877	0.399
2022.000000	63	90	0.876	0.396
2028.000000	63	90	0.875	0.392
2034.000000	63	90	0.874	0.388
2040.000000	63	90	0.874	0.384
2046.000000	63	90	0.873	0.381
2052.000000	63	90	0.873	0.377
2058.000000	63	90	0.873	0.374
2064.000000	63	90	0.875	0.370
2070.000000	63	90	0.874	0.358
2076.000000	63	90	0.873	0.343
2082.000000	63	90	0.873	0.320
2088.000000	63	37	0.870	0.321
2094.000000	63	37	0.864	0.325
2100.000000	63	37	0.861	0.328
2106.000000	63	37	0.859	0.327
2112.000000	63	37	0.858	0.326
2118.000000	63	37	0.855	0.330
2124.000000	63	37	0.852	0.334
2130.000000	63	37	0.847	0.336
2136.000000	63	37	0.843	0.336
2142.000000	63	37	0.840	0.336
2148.000000	63	37	0.835	0.339
2154.000000	63	37	0.826	0.342
2160.000000	63	37	0.818	0.341
2166.000000	63	37	0.817	0.337
2172.000000	63	37	0.810	0.341
2178.000000	63	37	0.799	0.343
2184.000000	63	37	0.786	0.340
2190.000000	63	37	0.774	0.334
2196.000000	63	37	0.764	0.325
2202.000000	63	37	0.750	0.320
2208.000000	63	37	0.739	0.315
2214.000000	63	37	0.726	0.311
2220.000000	63	39	0.707	0.330
2226.000000	63	39	0.689	0.348
2232.000000	63	39	0.663	0.364
2238.000000	63	39	0.637	0.377
2244.000000	63	39	0.596	0.395
2250.000000	63	39	0.542	0.422
2256.000000	63	39	0.475	0.445
2262.000000	39	63	0.466	0.406
2268.000000	39	63	0.491	0.323
2274.000000	39	89	0.527	0.299
2280.000000	39	89	0.560	0.301
2286.000000	39	89	0.589	0.301
2292.000000	39	89	0.602	0.313
2298.000000	39	89	0.618	0.321
2304.000000	39	89	0.634	0.318
2310.000000	39	89	0.644	0.323
2316.000000	39	89	0.647	0.327
2322.000000	39	89	0.652	0.330
2328.000000	39	89	0.664	0.332
2334.000000	39	89	0.678	0.329
2340.000000	39	89	0.681	0.327
2346.000000	39	13	0.686	0.335
2352.000000	39	13	0.699	0.344
2358.000000	39	13	0.711	0.357
2364.000000	39	13	0.725	0.371
2370.000000	39	13	0.738	0.380
2376.000000	39	13	0.742	0.384
2382.000000	39	13	0.752	0.385
2388.000000	39	13	0.762	0.387
2394.000000	39	13	0.771	0.381
2400.000000	39	13	0.779	0.377
2406.000000	39	13	0.793	0.376
2412.000000	39	13	0.796	0.389
2418.000000	39	13	0.800	0.394
2424.000000	39	13	0.801	0.396
2430.000000	39	13	0.806	0.396
2436.000000	39	13	0.810	0.406
2442.000000	39	13	0.819	0.414
2448.000000	39	13	0.835	0.414
2454.000000	39	13	0.847	0.417
2460.000000	39	13	0.852	0.418
2466.000000	39	13	0.861	0.417
2472.000000	39	13	0.869	0.416
2478.000000	39	13	0.876	0.420
2484.000000	39	13	0.880	0.424
2490.000000	39	13	0.880	0.428
2496.000000	39	13	0.880	0.429
2502.000000	39	13	0.881	0.427
2508.000000	39	13	0.883	0.426
2514.000000	39	13	0.888	0.421
2520.000000	39	13	0.891	0.416
2526.000000	39	13	0.895	0.408
2532.000000	39	13	0.898	0.397
2538.000000	39	13	0.898	0.384
2544.000000	39	13	0.898	0.366
2550.000000	39	13	0.900	0.342
2556.000000	39	13	0.900	0.326
2562.000000	39	13	0.899	0.302
2568.000000	39	13	0.897	0.284
2574.000000	39	31	0.894	0.284
2580.000000	39	31	0.890	0.296
2586.000000	39	31	0.886	0.310
2592.000000	39	31	0.881	0.318
2598.000000	39	31	0.875	0.326
2604.000000	39	31	0.871	0.333
2610.000000	39	31	0.870	0.337
2616.000000	39	31	0.866	0.343
2622.000000	39	31	0.860	0.349
2628.000000	39	31	0.853	0.354
2634.000000	39	95	0.841	0.371
2640.000000	39	95	0.834	0.393
2646.000000	39	95	0.829	0.411
2652.000000	39	95	0.821	0.431
2658.000000	39	95	0.819	0.448
2664.000000	39	95	0.816	0.464
2670.000000	39	95	0.811	0.481
2676.000000	39	95	0.800	0.496
2682.000000	39	95	0.788	0.516
2688.000000	39	95	0.765	0.542
2694.000000	39	95	0.747	0.558
2700.000000	39	95	0.727	0.572
2706.000000	39	95	0.700	0.582
2712.000000	39	95	0.661	0.599
2718.000000	95	39	0.611	0.605
2724.000000	95	39	0.620	0.530
2730.000000	95	31	0.639	0.465
2736.000000	95	31	0.684	0.475
2742.000000	95	31	0.717	0.487
2748.000000	95	31	0.758	0.500
2754.000000	95	31	0.780	0.521
2760.000000	95	31	0.794	0.535
2766.000000	95	31	0.809	0.538
2772.000000	95	31	0.817	0.535
2778.000000	95	31	0.813	0.531
2784.000000	95	31	0.811	0.523
2790.000000	95	31	0.814	0.519
2796.000000	95	31	0.822	0.513
2802.000000	95	31	0.831	0.507
2808.000000	95	31	0.838	0.502
2814.000000	95	31	0.844	0.493
2820.000000	95	31	0.847	0.486
2826.000000	95	31	0.853	0.476
2832.000000	95	31	0.856	0.463
2838.000000	95	31	0.858	0.447
2844.000000	95	31	0.863	0.430
2850.000000	95	31	0.866	0.415
2856.000000	95	31	0.867	0.407
2862.000000	95	31	0.867	0.395
2868.000000	95	31	0.868	0.373
2874.000000	95	31	0.868	0.349
2880.000000	95	31	0.868	0.328
2886.000000	95	31	0.870	0.287
2892.000000	95	157	0.875	0.264
2898.000000	95	157	0.884	0.270
2904.000000	95	157	0.890	0.274
2910.000000	95	157	0.894	0.279
2916.000000	95	157	0.899	0.279
2922.000000	95	162	0.905	0.284
2928.000000	95	162	0.904	0.301
2934.000000	95	162	0.906	0.315
2940.000000	95	162	0.909	0.323
2946.000000	95	162	0.911	0.331
2952.000000	95	162	0.910	0.344
2958.000000	95	162	0.908	0.357
2964.000000	95	162	0.903	0.366
2970.000000	95	162	0.902	0.375
2976.000000	95	162	0.903	0.388
2982.000000	95	162	0.901	0.398
2988.000000	95	162	0.897	0.412
2994.000000	95	162	0.894	0.424
3000.000000	95	162	0.885	0.437
3006.000000	95	162	0.879	0.447
3012.000000	95	162	0.876	0.455
3018.000000	95	162	0.873	0.461
3024.000000	95	162	0.870	0.475
3030.000000	95	162	0.865	0.498
3036.000000	95	162	0.859	0.522
3042.000000	95	162	0.850	0.548
3048.000000	95	162	0.843	0.571
3054.000000	95	162	0.835	0.595
3060.000000	95	162	0.821	0.624
3066.000000	95	162	0.810	0.653
3072.000000	95	162	0.798	0.678
3078.000000	95	162	0.781	0.701
3084.000000	95	162	0.755	0.728
3090.000000	162	95	0.761	0.727
3096.000000	162	95	0.781	0.695
3102.000000	162	95	0.804	0.649
3108.000000	162	95	0.828	0.590
3114.000000	162	95	0.854	0.509
3120.000000	162	95	0.881	0.402
3126.000000	162	95	0.900	0.276
3132.000000	162	76	0.920	0.177
3138.000000	162	76	0.932	0.188
3144.000000	162	76	0.931	0.204
3150.000000	162	76	0.929	0.224
3156.000000	162	76	0.926	0.245
3162.000000	162	76	0.924	0.268
3168.000000	162	76	0.920	0.291
3174.000000	162	76	0.918	0.310
3180.000000	162	76	0.917	0.335
3186.000000	162	76	0.913	0.359
3192.000000	162	76	0.908	0.376
3198.000000	162	76	0.903	0.394
3204.000000	162	76	0.898	0.405
3210.000000	162	76	0.894	0.419
3216.000000	162	76	0.890	0.428
3222.000000	162	76	0.885	0.434
3228.000000	162	76	0.883	0.443
3234.000000	162	76	0.879	0.448
3240.000000	162	76	0.874	0.453
3246.000000	162	76	0.870	0.453
3252.000000	162	76	0.864	0.457
3258.000000	162	76	0.857	0.463
3264.000000	162	76	0.850	0.471
3270.000000	162	76	0.842	0.480
3276.000000	162	76	0.837	0.485
3282.000000	162	76	0.833	0.491
3288.000000	162	76	0.824	0.499
3294.000000	162	76	0.810	0.504
3300.000000	162	76	0.804	0.514
3306.000000	162	76	0.799	0.530
3312.000000	162	76	0.792	0.538
3318.000000	162	76	0.786	0.539
3324.000000	162	76	0.772	0.540
3330.000000	162	76	0.762	0.543
3336.000000	162	76	0.739	0.560
3342.000000	162	76	0.711	0.576
3348.000000	162	76	0.683	0.585
3354.000000	162	164	0.648	0.604
3360.000000	164	76	0.637	0.627
3366.000000	164	76	0.670	0.651
3372.000000	164	76	0.692	0.668
3378.000000	164	76	0.722	0.678
3384.000000	164	76	0.749	0.708
3390.000000	164	76	0.771	0.734
3396.000000	164	76	0.789	0.741
3402.000000	164	76	0.803	0.742
3408.000000	164	76	0.805	0.742
3414.000000	164	76	0.804	0.754
3420.000000	164	76	0.801	0.759
3426.000000	164	76	0.796	0.761
3432.000000	164	76	0.792	0.761
3438.000000	164	76	0.783	0.771
3444.000000	164	76	0.778	0.773
3450.000000	164	76	0.775	0.771
3456.000000	164	76	0.772	0.771
3462.000000	164	76	0.772	0.771
3468.000000	164	76	0.775	0.768
3474.000000	164	76	0.775	0.767
3480.000000	164	76	0.777	0.762
3486.000000	164	76	0.777	0.759
3492.000000	164	76	0.780	0.757
3498.000000	164	76	0.780	0.759
3504.000000	164	76	0.783	0.759
3510.000000	164	76	0.786	0.757
3516.000000	164	76	0.793	0.750
3522.000000	164	76	0.797	0.742
3528.000000	164	76	0.803	0.738
3534.000000	164	76	0.805	0.737
3540.000000	164	76	0.813	0.731
3546.000000	164	76	0.816	0.721
3552.000000	164	76	0.817	0.714
3558.000000	164	76	0.817	0.707
3564.000000	164	76	0.818	0.702
3570.000000	164	76	0.824	0.692
3576.000000	164	76	0.828	0.682
3582.000000	164	76	0.828	0.671
3588.000000	164	76	0.828	0.655
3594.000000	164	76	0.831	0.633
3600.000000	164	76	0.832	0.613
3606.000000	164	76	0.828	0.586
3612.000000	164	76	0.823	0.558
3618.000000	164	76	0.822	0.520
3624.000000	164	76	0.823	0.479
3630.000000	164	76	0.829	0.421
3636.000000	164	76	0.829	0.354
3642.000000	164	76	0.833	0.263
3648.000000	164	121	0.837	0.246
3654.000000	164	121	0.838	0.258
3660.000000	164	121	0.835	0.266
3666.000000	164	121	0.834	0.273
3672.000000	164	121	0.833	0.282
3678.000000	164	121	0.830	0.283
3684.000000	164	121	0.827	0.284
3690.000000	164	121	0.822	0.289
3696.000000	164	121	0.813	0.299
3702.000000	164	121	0.808	0.309
3708.000000	164	121	0.797	0.316
3714.000000	164	121	0.782	0.322
3720.000000	164	121	0.767	0.323
3726.000000	164	121	0.750	0.321
3732.000000	164	121	0.732	0.321
3738.000000	164	64	0.705	0.327
3744.000000	164	64	0.685	0.335
3750.000000	164	64	0.661	0.337
3756.000000	164	64	0.634	0.343
3762.000000	164	64	0.591	0.355
3768.000000	164	64	0.547	0.360
3774.000000	164	64	0.493	0.369
3780.000000	164	64	0.427	0.382
3786.000000	64	121	0.407	0.380
3792.000000	64	121	0.441	0.392
3798.000000	64	121	0.477	0.424
3804.000000	64	121	0.506	0.444
3810.000000	64	121	0.532	0.465
3816.000000	64	121	0.549	0.480
3822.000000	64	121	0.574	0.489
3828.000000	64	121	0.592	0.500
3834.000000	64	121	0.612	0.509
3840.000000	64	121	0.640	0.512
3846.000000	64	121	0.655	0.527
3852.000000	64	121	0.676	0.534
3858.000000	64	121	0.689	0.541
3864.000000	64	121	0.700	0.537
3870.000000	64	121	0.704	0.540
3876.000000	64	121	0.706	0.551
3882.000000	64	121	0.709	0.557
3888.000000	64	121	0.719	0.566
3894.000000	64	121	0.725	0.570
3900.000000	64	121	0.726	0.579
3906.000000	64	121	0.735	0.583
3912.000000	64	121	0.733	0.585
3918.000000	64	121	0.739	0.582
3924.000000	64	121	0.741	0.572
3930.000000	64	121	0.736	0.567
3936.000000	64	121	0.737	0.561
3942.000000	64	121	0.743	0.560
3948.000000	64	121	0.745	0.561
3954.000000	64	121	0.750	0.558
3960.000000	64	121	0.758	0.549
3966.000000	64	121	0.762	0.544
3972.000000	64	121	0.772	0.537
3978.000000	64	121	0.782	0.526
3984.000000	64	121	0.784	0.519
3990.000000	64	121	0.785	0.509
3996.000000	64	121	0.791	0.489
4002.000000	64	40	0.799	0.473
4008.000000	64	40	0.802	0.480
4014.000000	64	40	0.805	0.483
4020.000000	64	40	0.807	0.487
4026.000000	64	40	0.809	0.490
4032.000000	64	40	0.815	0.490
4038.000000	64	40	0.820	0.500
4044.000000	64	40	0.836	0.518
4050.000000	64	40	0.843	0.532
4056.000000	64	40	0.847	0.549
4062.000000	64	40	0.847	0.575
4068.000000	64	40	0.845	0.599
4074.000000	64	40	0.851	0.612
4080.000000	64	40	0.856	0.617
4086.000000	64	40	0.862	0.619
4092.000000	64	40	0.868	0.623
4098.000000	64	40	0.869	0.632
4104.000000	64	40	0.868	0.640
4110.000000	64	40	0.866	0.645
4116.000000	64	40	0.868	0.649
4122.000000	64	40	0.874	0.652
4128.000000	64	40	0.876	0.656
4134.000000	64	40	0.874	0.657
4140.000000	64	40	0.872	0.652
4146.000000	64	40	0.870	0.648
4152.000000	64	40	0.866	0.648
4158.000000	64	40	0.861	0.646
4164.000000	64	40	0.856	0.642
4170.000000	64	40	0.843	0.650
4176.000000	64	40	0.832	0.658
4182.000000	64	40	0.824	0.657
4188.000000	64	40	0.819	0.660
4194.000000	64	40	0.815	0.666
4200.000000	64	40	0.811	0.667
4206.000000	64	40	0.804	0.667
4212.000000	64	40	0.788	0.676
4218.000000	64	40	0.775	0.688
4224.000000	64	40	0.762	0.695
4230.000000	64	40	0.741	0.700
4236.000000	64	40	0.716	0.707
4242.000000	40	64	0.713	0.684
4248.000000	40	64	0.717	0.642
4254.000000	40	64	0.731	0.584
4260.000000	40	64	0.747	0.501
4266.000000	40	64	0.773	0.378
4272.000000	40	64	0.811	0.210
4278.000000	40	49	0.834	0.157
4284.000000	40	172	0.846	0.153
4290.000000	40	172	0.857	0.164
4296.000000	40	172	0.868	0.173
4302.000000	40	172	0.879	0.178
4308.000000	40	172	0.887	0.185
4314.000000	40	172	0.891	0.193
4320.000000	40	172	0.889	0.201
4326.000000	40	172	0.889	0.212
4332.000000	40	172	0.889	0.225
4338.000000	40	172	0.893	0.239
4344.000000	40	172	0.894	0.258
4350.000000	40	172	0.893	0.277
4356.000000	40	172	0.893	0.303
4362.000000	40	172	0.895	0.334
4368.000000	40	172	0.892	0.357
4374.000000	40	172	0.886	0.378
4380.000000	40	172	0.877	0.401
4386.000000	40	172	0.865	0.422
4392.000000	40	172	0.859	0.440
4398.000000	40	172	0.856	0.460
4404.000000	40	172	0.850	0.478
4410.000000	40	172	0.841	0.495
4416.000000	40	172	0.835	0.510
4422.000000	40	172	0.828	0.523
4428.000000	40	172	0.824	0.534
4434.000000	40	172	0.820	0.546
4440.000000	40	172	0.814	0.559
4446.000000	40	172	0.800	0.578
4452.000000	40	172	0.785	0.598
4458.000000	40	172	0.766	0.629
4464.000000	40	172	0.744	0.655
4470.000000	40	172	0.725	0.675
4476.000000	40	172	0.700	0.693
4482.000000	172	40	0.718	0.660
4488.000000	172	40	0.752	0.620
4494.000000	172	40	0.812	0.533
4500.000000	172	40	0.854	0.436
4506.000000	172	40	0.883	0.316
4512.000000	172	40	0.907	0.192
4518.000000	172	124	0.917	0.138
4524.000000	172	72	0.922	0.129
4530.000000	172	156	0.922	0.131
4536.000000	172	156	0.923	0.136
4542.000000	172	156	0.921	0.135
4548.000000	172	156	0.918	0.132
4554.000000	172	156	0.916	0.130
4560.000000	172	119	0.914	0.133
4566.000000	172	119	0.912	0.141
4572.000000	172	119	0.911	0.149
4578.000000	172	119	0.910	0.155
4584.000000	172	119	0.912	0.158
4590.000000	172	119	0.912	0.161
4596.000000	172	100	0.912	0.168
4602.000000	172	100	0.912	0.176
4608.000000	172	100	0.912	0.182
4614.000000	172	100	0.911	0.185
4620.000000	172	100	0.910	0.191
4626.000000	172	100	0.908	0.197
4632.000000	172	100	0.908	0.206
4638.000000	172	100	0.909	0.216
4644.000000	172	100	0.909	0.221
4650.000000	172	100	0.909	0.229
4656.000000	172	100	0.908	0.243
4662.000000	172	100	0.908	0.257
4668.000000	172	100	0.907	0.268
4674.000000	172	100	0.907	0.278
4680.000000	172	100	0.910	0.280
4686.000000	172	100	0.908	0.284
4692.000000	172	100	0.906	0.291
4698.000000	172	100	0.907	0.298
4704.000000	172	100	0.903	0.302
4710.000000	172	100	0.899	0.308
4716.000000	172	100	0.892	0.315
4722.000000	172	100	0.890	0.319
4728.000000	172	100	0.889	0.323
4734.000000	172	100	0.887	0.332
4740.000000	172	100	0.884	0.339
4746.000000	172	83	0.883	0.350
4752.000000	172	83	0.880	0.368
4758.000000	172	83	0.875	0.386
4764.000000	172	83	0.872	0.404
4770.000000	172	83	0.863	0.422
4776.000000	172	83	0.852	0.444
4782.000000	172	83	0.842	0.472
4788.000000	172	83	0.833	0.497
4794.000000	172	83	0.818	0.525
4800.000000	172	83	0.797	0.558
4806.000000	172	83	0.775	0.591
4812.000000	172	83	0.744	0.631
4818.000000	172	83	0.711	0.659
4824.000000	83	172	0.683	0.660
4830.000000	83	172	0.709	0.597
4836.000000	83	100	0.738	0.531
4842.000000	83	100	0.781	0.551
4848.000000	83	100	0.811	0.592
4854.000000	83	100	0.838	0.621
4860.000000	83	100	0.856	0.650
4866.000000	83	100	0.861	0.660
4872.000000	83	100	0.862	0.675
4878.000000	83	100	0.861	0.686
4884.000000	83	100	0.864	0.690
4890.000000	83	100	0.861	0.690
4896.000000	83	100	0.859	0.689
4902.000000	83	100	0.858	0.690
4908.000000	83	100	0.854	0.690
4914.000000	83	100	0.848	0.689
4920.000000	83	100	0.842	0.684
4926.000000	83	100	0.836	0.680
4932.000000	83	100	0.828	0.679
4938.000000	83	100	0.821	0.675
4944.000000	83	100	0.815	0.671
4950.000000	83	100	0.807	0.671
4956.000000	83	100	0.801	0.670
4962.000000	83	100	0.797	0.669
4968.000000	83	100	0.793	0.667
4974.000000	83	100	0.790	0.666
4980.000000	83	100	0.789	0.658
4986.000000	83	100	0.788	0.647
4992.000000	83	100	0.786	0.638
4998.000000	83	100	0.785	0.629
5004.000000	83	100	0.786	0.618
5010.000000	83	100	0.790	0.606
5016.000000	83	100	0.793	0.592
5022.000000	83	100	0.796	0.568
5028.000000	83	100	0.800	0.535
5034.000000	83	100	0.809	0.497
5040.000000	83	100	0.810	0.461
5046.000000	83	100	0.810	0.431
5052.000000	83	100	0.814	0.393
5058.000000	83	100	0.820	0.351
5064.000000	83	100	0.823	0.298
5070.000000	83	100	0.825	0.238
5076.000000	83	102	0.830	0.209
5082.000000	83	102	0.834	0.221
5088.000000	83	102	0.839	0.239
5094.000000	83	102	0.849	0.255
5100.000000	83	102	0.856	0.266
5106.000000	83	102	0.858	0.277
5112.000000	83	102	0.865	0.292
5118.000000	83	102	0.876	0.308
5124.000000	83	102	0.878	0.326
5130.000000	83	102	0.879	0.344
5136.000000	83	102	0.880	0.360
5142.000000	83	102	0.874	0.378
5148.000000	83	102	0.872	0.395
5154.000000	83	102	0.872	0.414
5160.000000	83	102	0.865	0.434
5166.000000	83	102	0.856	0.449
5172.000000	83	102	0.848	0.462
5178.000000	83	102	0.840	0.479
5184.000000	83	102	0.828	0.502
5190.000000	83	102	0.815	0.524
5196.000000	83	102	0.802	0.547
5202.000000	83	102	0.787	0.563
5208.000000	83	102	0.770	0.582
5214.000000	83	102	0.748	0.607
5220.000000	83	102	0.720	0.638
5226.000000	83	102	0.683	0.666
5232.000000	102	83	0.692	0.641
5238.000000	102	83	0.722	0.591
5244.000000	102	83	0.743	0.528
5250.000000	102	83	0.762	0.450
5256.000000	102	83	0.788	0.345
5262.000000	102	122	0.820	0.316
5268.000000	102	122	0.845	0.314
5274.000000	102	122	0.857	0.299
5280.000000	102	82	0.868	0.304
5286.000000	102	82	0.875	0.317
5292.000000	102	82	0.880	0.336
5298.000000	102	82	0.882	0.351
5304.000000	102	82	0.880	0.361
5310.000000	102	82	0.881	0.376
5316.000000	102	82	0.880	0.389
5322.000000	102	82	0.879	0.400
5328.000000	102	82	0.878	0.408
5334.000000	102	82	0.875	0.412
5340.000000	102	82	0.873	0.415
5346.000000	102	82	0.874	0.414
5352.000000	102	82	0.875	0.414
5358.000000	102	82	0.874	0.416
5364.000000	102	82	0.874	0.416
5370.000000	102	82	0.872	0.419
5376.000000	102	82	0.870	0.422
5382.000000	102	82	0.869	0.424
5388.000000	102	82	0.872	0.430
5394.000000	102	82	0.874	0.438
5400.000000	102	82	0.875	0.452
5406.000000	102	82	0.875	0.459
5412.000000	102	82	0.870	0.475
5418.000000	102	82	0.867	0.490
5424.000000	102	82	0.863	0.499
5430.000000	102	82	0.863	0.506
5436.000000	102	82	0.858	0.512
5442.000000	102	82	0.851	0.521
5448.000000	102	82	0.848	0.531
5454.000000	102	82	0.842	0.546
5460.000000	102	82	0.838	0.565
5466.000000	102	82	0.837	0.578
5472.000000	102	82	0.834	0.585
5478.000000	102	82	0.832	0.590
5484.000000	102	82	0.828	0.597
5490.000000	102	82	0.825	0.601
5496.000000	102	82	0.819	0.604
5502.000000	102	82	0.813	0.607
5508.000000	102	82	0.811	0.606
5514.000000	102	82	0.810	0.606
5520.000000	102	82	0.804	0.610
5526.000000	102	82	0.798	0.613
5532.000000	102	82	0.783	0.623
5538.000000	102	82	0.773	0.632
5544.000000	102	82	0.756	0.647
5550.000000	102	82	0.726	0.664
5556.000000	102	82	0.695	0.682
5562.000000	82	102	0.701	0.649
5568.000000	82	102	0.722	0.587
5574.000000	82	102	0.748	0.506
5580.000000	82	123	0.778	0.406
5586.000000	82	123	0.811	0.422
5592.000000	82	123	0.831	0.438
5598.000000	82	123	0.844	0.451
5604.000000	82	123	0.852	0.458
5610.000000	82	123	0.855	0.464
5616.000000	82	123	0.854	0.461
5622.000000	82	123	0.850	0.459
5628.000000	82	123	0.842	0.460
5634.000000	82	123	0.840	0.460
5640.000000	82	123	0.835	0.457
5646.000000	82	123	0.832	0.455
5652.000000	82	123	0.829	0.453
5658.000000	82	123	0.826	0.445
5664.000000	82	123	0.825	0.437
5670.000000	82	123	0.825	0.427
5676.000000	82	123	0.824	0.413
5682.000000	82	123	0.826	0.400
5688.000000	82	123	0.827	0.387
5694.000000	82	123	0.826	0.373
5700.000000	82	123	0.823	0.359
5706.000000	82	123	0.822	0.346
5712.000000	82	123	0.819	0.325
5718.000000	82	123	0.815	0.304
5724.000000	82	123	0.812	0.287
5730.000000	82	123	0.814	0.261
5736.000000	82	10	0.814	0.232
5742.000000	82	165	0.814	0.219
5748.000000	82	165	0.817	0.234
5754.000000	82	165	0.816	0.255
5760.000000	82	165	0.815	0.269
5766.000000	82	165	0.814	0.280
5772.000000	82	165	0.812	0.292
5778.000000	82	165	0.809	0.308
5784.000000	82	165	0.805	0.326
5790.000000	82	165	0.800	0.339
5796.000000	82	165	0.796	0.346
5802.000000	82	165	0.780	0.355
5808.000000	82	165	0.765	0.364
5814.000000	82	165	0.748	0.372
5820.000000	82	165	0.725	0.378
5826.000000	82	165	0.703	0.386
5832.000000	82	165	0.688	0.390
5838.000000	82	165	0.668	0.395
5844.000000	82	165	0.645	0.400
5850.000000	82	165	0.615	0.406
5856.000000	82	165	0.587	0.410
5862.000000	82	165	0.550	0.413
5868.000000	82	165	0.493	0.421
5874.000000	165	82	0.438	0.432
5880.000000	165	82	0.456	0.364
5886.000000	165	167	0.475	0.313
5892.000000	165	167	0.500	0.330
5898.000000	165	167	0.521	0.352
5904.000000	165	167	0.539	0.360
5910.000000	165	167	0.550	0.366
5916.000000	165	167	0.567	0.370
5922.000000	165	167	0.583	0.381
5928.000000	165	167	0.597	0.396
5934.000000	165	167	0.614	0.415
5940.000000	165	167	0.630	0.428
5946.000000	165	167	0.632	0.444
5952.000000	165	167	0.637	0.457
5958.000000	165	167	0.646	0.463
5964.000000	165	167	0.653	0.472
5970.000000	165	167	0.665	0.481
5976.000000	165	167	0.674	0.485
5982.000000	165	167	0.683	0.496
5988.000000	165	167	0.692	0.498
5994.000000	165	167	0.697	0.502
6000.000000	165	167	0.706	0.506
6006.000000	165	167	0.716	0.510
6012.000000	165	167	0.717	0.518
6018.000000	165	167	0.710	0.526
6024.000000	165	167	0.699	0.543
6030.000000	165	167	0.706	0.550
6036.000000	165	167	0.706	0.555
6042.000000	165	167	0.705	0.559
6048.000000	165	167	0.707	0.559
6054.000000	165	167	0.704	0.563
6060.000000	165	167	0.700	0.567
6066.000000	165	167	0.698	0.569
6072.000000	165	167	0.686	0.574
6078.000000	165	167	0.678	0.576
6084.000000	165	167	0.676	0.574
6090.000000	165	167	0.672	0.577
6096.000000	165	167	0.665	0.577
6102.000000	165	167	0.654	0.579
6108.000000	165	167	0.644	0.583
6114.000000	165	167	0.634	0.584
6120.000000	165	167	0.628	0.582
6126.000000	165	167	0.616	0.592
6132.000000	165	167	0.603	0.602
6138.000000	167	165	0.601	0.584
6144.000000	167	165	0.595	0.566
6150.000000	167	165	0.596	0.546
6156.000000	167	165	0.603	0.512
6162.000000	167	165	0.608	0.479
6168.000000	167	165	0.612	0.441
6174.000000	167	165	0.612	0.402
6180.000000	167	46	0.609	0.402
6186.000000	167	46	0.612	0.423
6192.000000	167	46	0.615	0.444
6198.000000	167	46	0.618	0.463
6204.000000	167	46	0.617	0.481
6210.000000	167	46	0.609	0.508
6216.000000	167	46	0.613	0.523
6222.000000	167	46	0.612	0.546
6228.000000	167	46	0.616	0.564
6234.000000	167	46	0.613	0.584
6240.000000	167	46	0.608	0.595
6246.000000	46	167	0.610	0.597
6252.000000	46	167	0.619	0.579
6258.000000	46	167	0.634	0.556
6264.000000	46	167	0.650	0.538
6270.000000	46	167	0.661	0.514
6276.000000	46	167	0.667	0.491
6282.000000	46	167	0.669	0.476
6288.000000	46	167	0.681	0.460
6294.000000	46	167	0.691	0.441
6300.000000	46	167	0.704	0.418
6306.000000	46	167	0.731	0.383
6312.000000	46	167	0.750	0.354
6318.000000	46	167	0.769	0.312
6324.000000	46	95	0.785	0.272
6330.000000	46	95	0.795	0.263
6336.000000	46	95	0.808	0.244
6342.000000	46	95	0.824	0.233
6348.000000	46	95	0.844	0.221
6354.000000	46	95	0.870	0.209
6360.000000	46	95	0.887	0.192
6366.000000	46	95	0.900	0.178
6372.000000	46	95	0.904	0.170
6378.000000	46	95	0.907	0.159
6384.000000	46	95	0.908	0.143
6390.000000	46	132	0.912	0.138
6396.000000	46	54	0.917	0.142
6402.000000	46	54	0.922	0.150
6408.000000	46	54	0.929	0.159
6414.000000	46	54	0.929	0.168
6420.000000	46	54	0.929	0.174
6426.000000	46	54	0.932	0.181
6432.000000	46	54	0.933	0.186
6438.000000	46	54	0.937	0.191
6444.000000	46	54	0.936	0.202
6450.000000	46	54	0.935	0.214
6456.000000	46	54	0.935	0.222
6462.000000	46	54	0.936	0.228
6468.000000	46	54	0.933	0.236
6474.000000	46	54	0.930	0.245
6480.000000	46	54	0.927	0.250
6486.000000	46	54	0.923	0.257
6492.000000	46	54	0.921	0.261
6498.000000	46	54	0.920	0.266
6504.000000	46	54	0.919	0.276
6510.000000	46	54	0.917	0.286
6516.000000	46	54	0.914	0.295
6522.000000	46	182	0.912	0.302
6528.000000	46	182	0.909	0.320
6534.000000	46	182	0.906	0.343
6540.000000	46	182	0.905	0.368
6546.000000	46	182	0.904	0.392
6552.000000	46	182	0.903	0.410
6558.000000	46	182	0.901	0.426
6564.000000	46	182	0.897	0.442
6570.000000	46	182	0.891	0.458
6576.000000	46	182	0.884	0.480
6582.000000	46	182	0.879	0.501
6588.000000	46	182	0.873	0.522
6594.000000	46	182	0.865	0.550
6600.000000	46	182	0.862	0.574
6606.000000	46	182	0.854	0.590
6612.000000	46	182	0.837	0.613
6618.000000	46	182	0.818	0.633
6624.000000	46	182	0.794	0.655
6630.000000	46	182	0.768	0.670
6636.000000	46	182	0.739	0.687
6642.000000	182	46	0.709	0.696
6648.000000	182	46	0.736	0.641
6654.000000	182	46	0.765	0.586
6660.000000	182	46	0.796	0.509
6666.000000	182	46	0.843	0.375
6672.000000	182	54	0.887	0.303
6678.000000	182	54	0.915	0.303
6684.000000	182	54	0.924	0.296
6690.000000	182	54	0.927	0.291
6696.000000	182	54	0.927	0.274
6702.000000	182	54	0.926	0.260
6708.000000	182	54	0.925	0.249
6714.000000	182	54	0.924	0.237
6720.000000	182	54	0.925	0.222
6726.000000	182	54	0.925	0.208
6732.000000	182	54	0.929	0.191
6738.000000	182	54	0.926	0.181
6744.000000	182	54	0.922	0.169
6750.000000	182	101	0.918	0.166
6756.000000	182	101	0.916	0.166
6762.000000	182	101	0.916	0.166
6768.000000	182	101	0.911	0.165
6774.000000	182	101	0.909	0.163
6780.000000	182	101	0.907	0.166
6786.000000	182	101	0.904	0.170
6792.000000	182	101	0.903	0.170
6798.000000	182	101	0.902	0.171
6804.000000	182	143	0.900	0.180
6810.000000	182	143	0.897	0.187
6816.000000	182	143	0.895	0.193
6822.000000	182	143	0.894	0.194
6828.000000	182	143	0.889	0.197
6834.000000	182	143	0.884	0.201
6840.000000	182	143	0.883	0.204
6846.000000	182	143	0.881	0.207
6852.000000	182	143	0.879	0.208
6858.000000	182	73	0.875	0.210
6864.000000	182	73	0.871	0.212
6870.000000	182	73	0.870	0.210
6876.000000	182	73	0.867	0.209
6882.000000	182	73	0.865	0.213
6888.000000	182	73	0.864	0.212
6894.000000	182	73	0.863	0.212
6900.000000	182	73	0.858	0.213
6906.000000	182	73	0.849	0.222
6912.000000	182	73	0.837	0.232
6918.000000	182	73	0.825	0.239
6924.000000	182	73	0.812	0.242
6930.000000	182	73	0.797	0.242
6936.000000	182	73	0.789	0.240
6942.000000	182	73	0.780	0.238
6948.000000	182	73	0.765	0.235
6954.000000	182	18	0.748	0.241
6960.000000	182	18	0.731	0.249
6966.000000	182	18	0.713	0.255
6972.000000	182	71	0.696	0.261
6978.000000	182	71	0.678	0.278
6984.000000	182	71	0.654	0.294
6990.000000	182	71	0.619	0.308
6996.000000	182	71	0.573	0.327
7002.000000	182	71	0.519	0.341
7008.000000	182	71	0.451	0.361
7014.000000	71	182	0.389	0.367
7020.000000	71	18	0.433	0.284
7026.000000	71	18	0.484	0.294
7032.000000	71	18	0.534	0.312
7038.000000	71	18	0.588	0.315
7044.000000	71	18	0.631	0.307
7050.000000	71	18	0.655	0.296
7056.000000	71	18	0.673	0.294
7062.000000	71	18	0.689	0.293
7068.000000	71	18	0.707	0.300
7074.000000	71	18	0.727	0.312
7080.000000	71	18	0.743	0.328
7086.000000	71	18	0.759	0.340
7092.000000	71	18	0.775	0.354
7098.000000	71	18	0.789	0.363
7104.000000	71	18	0.800	0.366
7110.000000	71	18	0.809	0.370
7116.000000	71	18	0.817	0.372
7122.000000	71	18	0.824	0.373
7128.000000	71	18	0.829	0.374
7134.000000	71	18	0.839	0.375
7140.000000	71	18	0.842	0.380
7146.000000	71	18	0.846	0.379
7152.000000	71	18	0.850	0.375
7158.000000	71	18	0.855	0.369
7164.000000	71	18	0.857	0.369
7170.000000	71	18	0.867	0.368
7176.000000	71	18	0.875	0.370
7182.000000	71	18	0.880	0.368
7188.000000	71	18	0.886	0.370
7194.000000	71	18	0.890	0.373
7200.000000	71	18	0.893	0.377
7206.000000	71	18	0.897	0.380
7212.000000	71	18	0.899	0.384
7218.000000	71	18	0.899	0.388
7224.000000	71	18	0.900	0.390
7230.000000	71	18	0.903	0.391
7236.000000	71	18	0.903	0.390
7242.000000	71	18	0.899	0.392
7248.000000	71	18	0.895	0.400
7254.000000	71	18	0.895	0.407
7260.000000	71	18	0.895	0.420
7266.000000	71	18	0.894	0.428
7272.000000	71	18	0.893	0.432
7278.000000	71	18	0.891	0.435
7284.000000	71	18	0.887	0.434
7290.000000	71	18	0.884	0.430
7296.000000	71	18	0.878	0.426
7302.000000	71	18	0.873	0.416
7308.000000	71	18	0.866	0.403
7314.000000	71	18	0.856	0.392
7320.000000	71	18	0.849	0.381
7326.000000	71	18	0.841	0.366
7332.000000	71	18	0.834	0.349
7338.000000	71	18	0.830	0.333
7344.000000	71	55	0.822	0.321
7350.000000	71	55	0.814	0.340
7356.000000	71	55	0.809	0.359
7362.000000	71	55	0.805	0.373
7368.000000	71	55	0.800	0.394
7374.000000	71	55	0.798	0.413
7380.000000	71	55	0.795	0.435
7386.000000	71	55	0.786	0.461
7392.000000	71	55	0.777	0.487
7398.000000	71	55	0.770	0.530
7404.000000	71	55	0.760	0.585
7410.000000	71	55	0.747	0.632
7416.000000	71	55	0.722	0.669
7422.000000	55	71	0.698	0.692
7428.000000	55	71	0.721	0.662
7434.000000	55	71	0.749	0.617
7440.000000	55	71	0.770	0.555
7446.000000	55	71	0.804	0.448
7452.000000	55	71	0.839	0.308
7458.000000	55	37	0.861	0.243
7464.000000	55	37	0.886	0.234
7470.000000	55	37	0.897	0.235
7476.000000	55	197	0.898	0.251
7482.000000	55	197	0.896	0.260
7488.000000	55	197	0.893	0.268
7494.000000	55	197	0.893	0.276
7500.000000	55	197	0.892	0.284
7506.000000	55	197	0.891	0.289
7512.000000	55	197	0.888	0.299
7518.000000	55	197	0.884	0.305
7524.000000	55	197	0.882	0.311
7530.000000	55	197	0.882	0.315
7536.000000	55	197	0.881	0.318
7542.000000	55	197	0.879	0.319
7548.000000	55	197	0.878	0.320
7554.000000	55	197	0.877	0.319
7560.000000	55	37	0.876	0.318
7566.000000	55	37	0.874	0.318
7572.000000	55	37	0.872	0.322
7578.000000	55	37	0.872	0.327
7584.000000	55	37	0.877	0.329
7590.000000	55	37	0.877	0.333
7596.000000	55	37	0.877	0.339
7602.000000	55	37	0.877	0.341
7608.000000	55	37	0.877	0.338
7614.000000	55	37	0.877	0.336
7620.000000	55	37	0.876	0.333
7626.000000	55	40	0.875	0.334
7632.000000	55	40	0.874	0.337
7638.000000	55	40	0.875	0.343
7644.000000	55	40	0.872	0.354
7650.000000	55	40	0.870	0.362
7656.000000	55	40	0.872	0.368
7662.000000	55	40	0.873	0.380
7668.000000	55	40	0.873	0.402
7674.000000	55	40	0.873	0.425
7680.000000	55	40	0.875	0.448
7686.000000	55	40	0.879	0.460
7692.000000	55	40	0.879	0.479
7698.000000	55	40	0.877	0.498
7704.000000	55	40	0.881	0.507
7710.000000	55	40	0.882	0.515
7716.000000	55	40	0.882	0.525
7722.000000	55	40	0.878	0.539
7728.000000	55	40	0.874	0.548
7734.000000	55	40	0.873	0.553
7740.000000	55	40	0.869	0.555
7746.000000	55	40	0.861	0.558
7752.000000	55	40	0.851	0.562
7758.000000	55	40	0.835	0.568
7764.000000	55	40	0.823	0.568
7770.000000	55	40	0.811	0.567
7776.000000	55	40	0.796	0.575
7782.000000	55	40	0.777	0.589
7788.000000	55	40	0.750	0.604
7794.000000	55	40	0.708	0.629
7800.000000	40	55	0.664	0.634
7806.000000	40	55	0.687	0.564
7812.000000	40	55	0.707	0.474
7818.000000	40	169	0.741	0.411
7824.000000	40	169	0.772	0.444
7830.000000	40	169	0.806	0.473
7836.000000	40	169	0.826	0.489
7842.000000	40	169	0.833	0.502
7848.000000	40	169	0.842	0.519
7854.000000	40	169	0.842	0.526
7860.000000	40	169	0.841	0.544
7866.000000	40	169	0.847	0.564
7872.000000	40	169	0.849	0.578
7878.000000	40	169	0.848	0.586
7884.000000	40	169	0.842	0.594
7890.000000	40	169	0.843	0.601
7896.000000	40	169	0.843	0.604
7902.000000	40	169	0.842	0.606
7908.000000	40	169	0.842	0.608
7914.000000	40	169	0.841	0.609
7920.000000	40	169	0.839	0.615
7926.000000	40	169	0.838	0.624
7932.000000	40	169	0.840	0.629
7938.000000	40	169	0.843	0.627
7944.000000	40	169	0.844	0.631
7950.000000	40	169	0.843	0.635
7956.000000	40	169	0.836	0.645
7962.000000	40	169	0.830	0.656
7968.000000	40	169	0.831	0.659
7974.000000	40	169	0.831	0.659
7980.000000	40	169	0.829	0.658
7986.000000	40	169	0.824	0.661
7992.000000	40	169	0.813	0.665
7998.000000	40	169	0.793	0.676
8004.000000	40	169	0.772	0.689
8010.000000	40	169	0.749	0.698
8016.000000	40	169	0.729	0.697
8022.000000	40	169	0.708	0.698
8028.000000	169	40	0.698	0.681
8034.000000	169	40	0.704	0.647
8040.000000	169	40	0.712	0.611
8046.000000	169	40	0.717	0.574
8052.000000	169	40	0.733	0.513
8058.000000	169	40	0.752	0.441
8064.000000	169	40	0.781	0.332
8070.000000	169	73	0.806	0.244
8076.000000	169	73	0.824	0.261
8082.000000	169	73	0.837	0.275
8088.000000	169	73	0.840	0.291
8094.000000	169	73	0.839	0.306
8100.000000	169	73	0.837	0.320
8106.000000	169	73	0.834	0.331
8112.000000	169	73	0.835	0.340
8118.000000	169	73	0.835	0.346
8124.000000	169	73	0.831	0.356
8130.000000	169	73	0.824	0.367
8136.000000	169	73	0.817	0.379
8142.000000	169	73	0.816	0.396
8148.000000	169	73	0.811	0.403
8154.000000	169	73	0.808	0.411
8160.000000	169	73	0.801	0.426
8166.000000	169	73	0.798	0.438
8172.000000	169	73	0.789	0.456
8178.000000	169	73	0.780	0.478
8184.000000	169	73	0.771	0.498
8190.000000	169	73	0.760	0.521
8196.000000	169	73	0.751	0.539
8202.000000	169	73	0.731	0.557
8208.000000	169	73	0.716	0.566
8214.000000	169	73	0.693	0.584
8220.000000	169	73	0.658	0.611
8226.000000	169	73	0.634	0.626
8232.000000	73	169	0.646	0.602
8238.000000	73	169	0.668	0.565
8244.000000	73	169	0.696	0.502
8250.000000	73	169	0.723	0.439
8256.000000	73	169	0.756	0.348
8262.000000	73	169	0.786	0.264
8268.000000	73	150	0.814	0.187
8274.000000	73	150	0.838	0.201
8280.000000	73	150	0.865	0.220
8286.000000	73	150	0.883	0.248
8292.000000	73	150	0.901	0.278
8298.000000	73	150	0.908	0.305
8304.000000	73	150	0.911	0.338
8310.000000	73	150	0.912	0.372
8316.000000	73	150	0.912	0.404
8322.000000	73	150	0.912	0.430
8328.000000	73	150	0.910	0.452
8334.000000	73	150	0.912	0.476
8340.000000	73	150	0.915	0.505
8346.000000	73	150	0.911	0.536
8352.000000	73	150	0.906	0.555
8358.000000	73	150	0.902	0.568
8364.000000	73	150	0.896	0.576
8370.000000	73	150	0.890	0.587
8376.000000	73	150	0.875	0.605
8382.000000	73	150	0.870	0.614
8388.000000	73	150	0.867	0.628
8394.000000	73	150	0.864	0.638
8400.000000	73	150	0.857	0.652
8406.000000	73	150	0.854	0.667
8412.000000	73	150	0.851	0.672
8418.000000	73	150	0.846	0.679
8424.000000	73	150	0.846	0.685
8430.000000	73	150	0.843	0.686
8436.000000	73	150	0.843	0.686
8442.000000	73	150	0.836	0.694
8448.000000	73	150	0.828	0.699
8454.000000	73	150	0.819	0.704
8460.000000	73	150	0.812	0.708
8466.000000	73	150	0.807	0.711
8472.000000	73	150	0.802	0.715
8478.000000	73	150	0.792	0.722
8484.000000	73	150	0.777	0.739
8490.000000	150	73	0.761	0.756
8496.000000	150	73	0.784	0.730
8502.000000	150	73	0.813	0.703
8508.000000	150	73	0.838	0.668
8514.000000	150	73	0.860	0.627
8520.000000	150	73	0.871	0.590
8526.000000	150	73	0.887	0.532
8532.000000	150	73	0.897	0.459
8538.000000	150	73	0.916	0.356
8544.000000	150	73	0.928	0.222
8550.000000	150	140	0.941	0.104
8556.000000	150	114	0.946	0.108
8562.000000	150	114	0.953	0.117
8568.000000	150	114	0.958	0.125
8574.000000	150	114	0.958	0.130
8580.000000	150	114	0.957	0.133
8586.000000	150	114	0.956	0.141
8592.000000	150	114	0.956	0.151
8598.000000	150	114	0.958	0.160
8604.000000	150	114	0.956	0.172
8610.000000	150	114	0.955	0.182
8616.000000	150	114	0.953	0.192
8622.000000	150	114	0.950	0.201
8628.000000	150	114	0.948	0.212
8634.000000	150	114	0.946	0.229
8640.000000	150	114	0.945	0.243
8646.000000	150	114	0.944	0.259
8652.000000	150	114	0.942	0.274
8658.000000	150	114	0.940	0.286
8664.000000	150	114	0.939	0.297
8670.000000	150	114	0.937	0.312
8676.000000	150	114	0.936	0.328
8682.000000	150	114	0.933	0.344
8688.000000	150	114	0.927	0.367
8694.000000	150	114	0.926	0.394
8700.000000	150	114	0.925	0.428
8706.000000	150	114	0.923	0.455
8712.000000	150	114	0.921	0.488
8718.000000	150	114	0.916	0.516
8724.000000	150	114	0.911	0.542
8730.000000	150	114	0.906	0.568
8736.000000	150	114	0.901	0.591
8742.000000	150	114	0.896	0.615
8748.000000	150	114	0.887	0.634
8754.000000	150	114	0.873	0.662
8760.000000	150	114	0.859	0.686
8766.000000	150	114	0.847	0.713
8772.000000	150	114	0.836	0.736
8778.000000	150	114	0.821	0.746
8784.000000	150	114	0.805	0.756
8790.000000	150	114	0.788	0.769
8796.000000	114	150	0.787	0.765
8802.000000	114	150	0.806	0.730
8808.000000	114	150	0.827	0.688
8814.000000	114	150	0.850	0.636
8820.000000	114	150	0.876	0.544
8826.000000	114	150	0.907	0.408
8832.000000	114	150	0.942	0.198
8838.000000	114	46	0.967	0.106
8844.000000	114	46	0.970	0.110
8850.000000	114	46	0.969	0.112
8856.000000	114	46	0.969	0.118
8862.000000	114	46	0.969	0.126
8868.000000	114	46	0.968	0.134
8874.000000	114	46	0.966	0.138
8880.000000	114	46	0.964	0.142
8886.000000	114	46	0.962	0.147
8892.000000	114	46	0.959	0.154
8898.000000	114	46	0.957	0.163
8904.000000	114	46	0.954	0.168
8910.000000	114	46	0.949	0.172
8916.000000	114	46	0.946	0.179
8922.000000	114	46	0.944	0.183
8928.000000	114	46	0.941	0.190
8934.000000	114	46	0.938	0.196
8940.000000	114	46	0.935	0.203
8946.000000	114	46	0.932	0.209
8952.000000	114	46	0.929	0.211
8958.000000	114	46	0.923	0.210
8964.000000	114	46	0.919	0.206
8970.000000	114	46	0.914	0.204
8976.000000	114	139	0.906	0.207
8982.000000	114	139	0.896	0.223
8988.000000	114	139	0.885	0.235
8994.000000	114	139	0.880	0.243
9000.000000	114	139	0.876	0.246
9006.000000	114	139	0.869	0.254
9012.000000	114	139	0.859	0.265
9018.000000	114	139	0.853	0.275
9024.000000	114	139	0.845	0.281
9030.000000	114	139	0.837	0.288
9036.000000	114	139	0.828	0.299
9042.000000	114	139	0.822	0.310
9048.000000	114	139	0.816	0.326
9054.000000	114	139	0.809	0.339
9060.000000	114	139	0.800	0.354
9066.000000	114	139	0.791	0.377
9072.000000	114	139	0.775	0.412
9078.000000	114	139	0.759	0.441
9084.000000	114	139	0.729	0.464
9090.000000	114	139	0.686	0.490
9096.000000	114	139	0.634	0.514
9102.000000	114	139	0.563	0.551
9108.000000	139	114	0.603	0.471
9114.000000	139	95	0.637	0.468
9120.000000	139	95	0.684	0.506
9126.000000	139	95	0.721	0.538
9132.000000	139	95	0.758	0.562
9138.000000	139	95	0.768	0.581
9144.000000	139	95	0.784	0.592
9150.000000	139	95	0.794	0.598
9156.000000	139	95	0.804	0.608
9162.000000	139	95	0.813	0.615
9168.000000	139	95	0.818	0.620
9174.000000	139	95	0.817	0.632
9180.000000	139	95	0.815	0.635
9186.000000	139	95	0.813	0.636
9192.000000	139	95	0.811	0.638
9198.000000	139	95	0.810	0.643
9204.000000	139	95	0.811	0.643
9210.000000	139	95	0.813	0.644
9216.000000	139	95	0.813	0.648
9222.000000	139	95	0.811	0.655
9228.000000	139	95	0.812	0.661
9234.000000	139	95	0.811	0.667
9240.000000	139	95	0.810	0.670
9246.000000	139	95	0.811	0.672
9252.000000	139	95	0.811	0.673
9258.000000	139	95	0.809	0.675
9264.000000	139	95	0.808	0.674
9270.000000	139	95	0.812	0.670
9276.000000	139	95	0.815	0.663
9282.000000	139	95	0.820	0.655
9288.000000	139	95	0.824	0.651
9294.000000	139	95	0.825	0.659
9300.000000	139	95	0.826	0.664
9306.000000	139	95	0.827	0.661
9312.000000	139	95	0.834	0.656
9318.000000	139	95	0.833	0.658
9324.000000	139	95	0.830	0.663
9330.000000	139	95	0.830	0.662
9336.000000	139	95	0.830	0.657
9342.000000	139	95	0.828	0.652
9348.000000	139	95	0.826	0.647
9354.000000	139	95	0.817	0.645
9360.000000	139	95	0.815	0.635
9366.000000	139	95	0.812	0.625
9372.000000	139	95	0.807	0.614
9378.000000	139	95	0.803	0.604
9384.000000	139	95	0.807	0.587
9390.000000	139	95	0.812	0.569
9396.000000	139	95	0.810	0.549
9402.000000	139	95	0.810	0.520
9408.000000	139	95	0.814	0.470
9414.000000	139	95	0.818	0.405
9420.000000	139	95	0.824	0.339
9426.000000	139	95	0.829	0.259
9432.000000	139	162	0.833	0.207
9438.000000	139	162	0.842	0.200
9444.000000	139	162	0.850	0.191
9450.000000	139	162	0.852	0.186
9456.000000	139	162	0.853	0.175
9462.000000	139	162	0.855	0.160
9468.000000	139	42	0.857	0.158
9474.000000	139	42	0.859	0.167
9480.000000	139	42	0.862	0.175
9486.000000	139	42	0.864	0.180
9492.000000	139	42	0.860	0.183
9498.000000	139	42	0.858	0.186
9504.000000	139	42	0.858	0.186
9510.000000	139	42	0.861	0.188
9516.000000	139	42	0.862	0.191
9522.000000	139	42	0.862	0.196
9528.000000	139	42	0.860	0.197
9534.000000	139	141	0.858	0.204
9540.000000	139	141	0.856	0.217
9546.000000	139	141	0.854	0.225
9552.000000	139	141	0.851	0.236
9558.000000	139	141	0.845	0.249
9564.000000	139	141	0.841	0.262
9570.000000	139	141	0.836	0.273
9576.000000	139	141	0.832	0.284
9582.000000	139	141	0.830	0.293
9588.000000	139	141	0.827	0.303
9594.000000	139	141	0.825	0.320
9600.000000	139	141	0.820	0.341
9606.000000	139	141	0.813	0.361
9612.000000	139	141	0.804	0.382
9618.000000	139	141	0.790	0.408
9624.000000	139	141	0.773	0.436
9630.000000	139	141	0.752	0.473
9636.000000	139	141	0.717	0.510
9642.000000	139	141	0.669	0.544
9648.000000	139	141	0.622	0.579
9654.000000	141	139	0.609	0.558
9660.000000	141	139	0.649	0.450
9666.000000	141	42	0.703	0.318
9672.000000	141	42	0.759	0.321
9678.000000	141	42	0.791	0.330
9684.000000	141	42	0.811	0.338
9690.000000	141	42	0.841	0.337
9696.000000	141	42	0.868	0.341
9702.000000	141	42	0.885	0.346
9708.000000	141	42	0.890	0.347
9714.000000	141	190	0.891	0.348
9720.000000	141	190	0.893	0.366
9726.000000	141	190	0.893	0.383
9732.000000	141	190	0.897	0.405
9738.000000	141	190	0.896	0.413
9744.000000	141	190	0.894	0.419
9750.000000	141	190	0.892	0.430
9756.000000	141	190	0.895	0.439
9762.000000	141	190	0.896	0.445
9768.000000	141	190	0.896	0.452
9774.000000	141	190	0.896	0.461
9780.000000	141	190	0.899	0.468
9786.000000	141	190	0.898	0.468
9792.000000	141	190	0.897	0.470
9798.000000	141	190	0.896	0.473
9804.000000	141	190	0.896	0.475
9810.000000	141	190	0.896	0.480
9816.000000	141	190	0.892	0.489
9822.000000	141	190	0.892	0.494
9828.000000	141	190	0.892	0.497
9834.000000	141	190	0.892	0.497
9840.000000	141	190	0.892	0.500
9846.000000	141	190	0.892	0.508
9852.000000	141	190	0.892	0.521
9858.000000	141	190	0.892	0.527
9864.000000	141	190	0.895	0.527
9870.000000	141	190	0.895	0.532
9876.000000	141	190	0.895	0.540
9882.000000	141	190	0.895	0.554
9888.000000	141	190	0.893	0.559
9894.000000	141	190	0.894	0.571
9900.000000	141	190	0.888	0.583
9906.000000	141	190	0.882	0.591
9912.000000	141	190	0.878	0.593
9918.000000	141	190	0.874	0.592
9924.000000	141	190	0.864	0.601
9930.000000	141	190	0.859	0.607
9936.000000	141	190	0.852	0.613
9942.000000	141	190	0.844	0.612
9948.000000	141	190	0.828	0.619
9954.000000	141	190	0.806	0.634
9960.000000	141	190	0.790	0.636
9966.000000	141	190	0.775	0.637
9972.000000	141	190	0.757	0.647
9978.000000	141	190	0.741	0.655
9984.000000	141	190	0.715	0.669
9990.000000	141	190	0.686	0.680
9996.000000	190	141	0.686	0.658
10002.000000	190	141	0.695	0.614
10008.000000	190	141	0.711	0.537
10014.000000	190	141	0.745	0.427
10020.000000	190	40	0.774	0.351
10026.000000	190	40	0.806	0.364
10032.000000	190	40	0.827	0.379
10038.000000	190	40	0.839	0.378
10044.000000	190	40	0.847	0.380
10050.000000	190	40	0.854	0.392
10056.000000	190	40	0.858	0.407
10062.000000	190	40	0.856	0.421
10068.000000	190	40	0.855	0.430
10074.000000	190	40	0.857	0.435
10080.000000	190	40	0.862	0.439
10086.000000	190	40	0.863	0.441
10092.000000	190	40	0.862	0.446
10098.000000	190	40	0.857	0.446
10104.000000	190	40	0.854	0.450
10110.000000	190	40	0.852	0.449
10116.000000	190	118	0.849	0.448
10122.000000	190	118	0.844	0.456
10128.000000	190	118	0.839	0.463
10134.000000	190	118	0.832	0.477
10140.000000	190	118	0.830	0.488
10146.000000	190	118	0.829	0.492
10152.000000	190	118	0.828	0.503
10158.000000	190	118	0.827	0.515
10164.000000	190	118	0.825	0.522
10170.000000	190	118	0.824	0.534
10176.000000	190	118	0.824	0.545
10182.000000	190	118	0.825	0.555
10188.000000	190	118	0.821	0.566
10194.000000	190	118	0.814	0.576
10200.000000	190	118	0.808	0.583
10206.000000	190	118	0.801	0.596
10212.000000	190	118	0.793	0.615
10218.000000	190	118	0.786	0.630
10224.000000	190	118	0.779	0.649
10230.000000	190	118	0.779	0.670
10236.000000	190	118	0.778	0.692
10242.000000	190	118	0.770	0.712
10248.000000	190	118	0.758	0.725
10254.000000	190	118	0.744	0.741
10260.000000	118	190	0.764	0.724
10266.000000	118	190	0.781	0.698
10272.000000	118	190	0.797	0.664
10278.000000	118	190	0.808	0.632
10284.000000	118	190	0.823	0.588
10290.000000	118	190	0.842	0.511
10296.000000	118	190	0.873	0.406
10302.000000	118	66	0.893	0.309
10308.000000	118	66	0.913	0.316
10314.000000	118	66	0.923	0.329
10320.000000	118	66	0.924	0.338
10326.000000	118	66	0.923	0.351
10332.000000	118	66	0.919	0.367
10338.000000	118	66	0.916	0.388
10344.000000	118	66	0.908	0.404
10350.000000	118	66	0.906	0.411
10356.000000	118	66	0.906	0.422
10362.000000	118	66	0.902	0.441
10368.000000	118	66	0.902	0.456
10374.000000	118	66	0.897	0.465
10380.000000	118	66	0.890	0.470
10386.000000	118	66	0.884	0.469
10392.000000	118	66	0.880	0.469
10398.000000	118	66	0.873	0.471
10404.000000	118	66	0.863	0.471
10410.000000	118	66	0.849	0.475
10416.000000	118	66	0.839	0.484
10422.000000	118	66	0.829	0.489
10428.000000	118	66	0.819	0.487
10434.000000	118	66	0.811	0.487
10440.000000	118	66	0.801	0.489
10446.000000	118	66	0.790	0.488
10452.000000	118	71	0.781	0.498
10458.000000	118	71	0.773	0.514
10464.000000	118	71	0.764	0.531
10470.000000	118	71	0.757	0.543
10476.000000	118	71	0.743	0.561
10482.000000	118	71	0.722	0.582
10488.000000	118	71	0.702	0.607
10494.000000	118	71	0.677	0.633
10500.000000	71	118	0.663	0.643
10506.000000	71	118	0.700	0.604
10512.000000	71	118	0.740	0.559
10518.000000	71	118	0.783	0.497
10524.000000	71	118	0.836	0.409
10530.000000	71	118	0.886	0.290
10536.000000	71	118	0.924	0.142
10542.000000	71	12	0.943	0.124
10548.000000	71	12	0.954	0.127
10554.000000	71	12	0.958	0.126
10560.000000	71	12	0.964	0.123
10566.000000	71	12	0.965	0.121
10572.000000	71	12	0.964	0.128
10578.000000	71	12	0.962	0.133
10584.000000	71	12	0.960	0.136
10590.000000	71	12	0.959	0.137
10596.000000	71	12	0.957	0.139
10602.000000	71	12	0.955	0.142
10608.000000	71	194	0.954	0.146
10614.000000	71	194	0.952	0.153
10620.000000	71	194	0.950	0.156
10626.000000	71	3	0.948	0.157
10632.000000	71	194	0.946	0.162
10638.000000	71	194	0.943	0.165
10644.000000	71	194	0.942	0.169
10650.000000	71	194	0.941	0.177
10656.000000	71	194	0.939	0.181
10662.000000	71	194	0.936	0.183
10668.000000	71	194	0.935	0.184
10674.000000	71	194	0.935	0.180
10680.000000	71	3	0.934	0.182
10686.000000	71	3	0.932	0.182
10692.000000	71	194	0.930	0.181
10698.000000	71	194	0.930	0.182
10704.000000	71	194	0.929	0.182
10710.000000	71	3	0.928	0.179
10716.000000	71	3	0.927	0.182
10722.000000	71	139	0.926	0.187
10728.000000	71	139	0.925	0.189
10734.000000	71	139	0.925	0.190
10740.000000	71	139	0.921	0.195
10746.000000	71	139	0.919	0.199
10752.000000	71	139	0.918	0.203
10758.000000	71	139	0.917	0.206
10764.000000	71	139	0.914	0.210
10770.000000	71	139	0.911	0.211
10776.000000	71	139	0.909	0.207
10782.000000	71	139	0.906	0.206
10788.000000	71	139	0.904	0.209
10794.000000	71	139	0.902	0.211
10800.000000	71	139	0.903	0.222
10806.000000	71	139	0.903	0.230
10812.000000	71	139	0.903	0.234
10818.000000	71	139	0.903	0.239
10824.000000	71	139	0.901	0.239
10830.000000	71	139	0.898	0.239
10836.000000	71	139	0.893	0.242
10842.000000	71	139	0.890	0.246
10848.000000	71	139	0.887	0.248
10854.000000	71	139	0.882	0.257
10860.000000	71	139	0.877	0.267
10866.000000	71	139	0.870	0.273
10872.000000	71	139	0.860	0.280
10878.000000	71	139	0.847	0.284
10884.000000	71	139	0.830	0.288
10890.000000	71	139	0.811	0.294
10896.000000	71	139	0.791	0.299
10902.000000	71	139	0.764	0.303
10908.000000	71	139	0.727	0.309
10914.000000	71	139	0.680	0.320
10920.000000	71	139	0.620	0.337
10926.000000	71	139	0.536	0.352
10932.000000	71	139	0.413	0.372
10938.000000	139	71	0.406	0.240
10944.000000	139	126	0.447	0.148
10950.000000	139	131	0.494	0.155
10956.000000	139	131	0.554	0.166
10962.000000	139	131	0.601	0.171
10968.000000	139	131	0.645	0.177
10974.000000	139	131	0.671	0.185
10980.000000	139	131	0.695	0.195
10986.000000	139	131	0.721	0.201
10992.000000	139	131	0.742	0.206
10998.000000	139	131	0.755	0.209
11004.000000	139	131	0.768	0.209
11010.000000	139	131	0.780	0.212
11016.000000	139	131	0.789	0.214
11022.000000	139	131	0.791	0.217
11028.000000	139	131	0.795	0.218
11034.000000	139	97	0.800	0.224
11040.000000	139	97	0.812	0.234
11046.000000	139	97	0.817	0.235
11052.000000	139	97	0.818	0.239
11058.000000	139	97	0.820	0.246
11064.000000	139	97	0.833	0.253
11070.000000	139	97	0.844	0.260
11076.000000	139	97	0.850	0.264
11082.000000	139	97	0.852	0.268
11088.000000	139	97	0.855	0.267
11094.000000	139	97	0.858	0.272
11100.000000	139	97	0.859	0.277
11106.000000	139	97	0.861	0.279
11112.000000	139	97	0.867	0.275
11118.000000	139	97	0.869	0.273
11124.000000	139	97	0.870	0.270
11130.000000	139	97	0.877	0.265
11136.000000	139	155	0.890	0.263
11142.000000	139	97	0.896	0.266
11148.000000	139	39	0.898	0.277
11154.000000	139	39	0.902	0.293
11160.000000	139	39	0.907	0.311
11166.000000	139	39	0.907	0.331
11172.000000	139	39	0.908	0.353
11178.000000	139	39	0.908	0.377
11184.000000	139	39	0.909	0.403
11190.000000	139	39	0.908	0.435
11196.000000	139	39	0.909	0.474
11202.000000	139	39	0.912	0.496
11208.000000	139	39	0.913	0.527
11214.000000	139	39	0.914	0.568
11220.000000	139	39	0.913	0.613
11226.000000	139	39	0.909	0.642
11232.000000	139	39	0.896	0.672
11238.000000	139	39	0.887	0.696
11244.000000	139	39	0.883	0.721
11250.000000	139	39	0.876	0.737
11256.000000	139	39	0.866	0.753
11262.000000	139	39	0.860	0.766
11268.000000	139	39	0.850	0.783
11274.000000	139	39	0.835	0.802
11280.000000	39	139	0.820	0.817
11286.000000	39	139	0.830	0.796
11292.000000	39	139	0.837	0.780
11298.000000	39	139	0.847	0.762
11304.000000	39	139	0.863	0.731
11310.000000	39	139	0.874	0.697
11316.000000	39	139	0.892	0.648
11322.000000	39	139	0.903	0.605
11328.000000	39	139	0.920	0.538
11334.000000	39	139	0.943	0.440
11340.000000	39	139	0.959	0.314
11346.000000	39	139	0.968	0.153
11352.000000	39	115	0.972	0.086
11358.000000	39	115	0.973	0.077
11364.000000	39	115	0.971	0.073
11370.000000	39	115	0.969	0.068
11376.000000	39	115	0.969	0.064
11382.000000	39	15	0.968	0.064
11388.000000	39	15	0.968	0.063
11394.000000	39	15	0.967	0.062
11400.000000	39	159	0.966	0.063
11406.000000	39	159	0.966	0.063
11412.000000	39	95	0.968	0.064
11418.000000	39	95	0.967	0.067
11424.000000	39	95	0.965	0.069
11430.000000	39	95	0.964	0.071
11436.000000	39	95	0.962	0.073
11442.000000	39	95	0.961	0.075
11448.000000	39	66	0.960	0.081
11454.000000	39	66	0.957	0.089
11460.000000	39	66	0.954	0.092
11466.000000	39	66	0.952	0.095
11472.000000	39	66	0.951	0.096
11478.000000	39	95	0.950	0.098
11484.000000	39	95	0.949	0.103
11490.000000	39	95	0.949	0.108
11496.000000	39	95	0.948	0.113
11502.000000	39	95	0.948	0.114
11508.000000	39	95	0.948	0.115
11514.000000	39	95	0.946	0.117
11520.000000	39	95	0.943	0.121
11526.000000	39	95	0.940	0.132
11532.000000	39	95	0.937	0.139
11538.000000	39	57	0.935	0.150
11544.000000	39	57	0.932	0.168
11550.000000	39	57	0.928	0.182
11556.000000	39	57	0.922	0.192
11562.000000	39	57	0.914	0.203
11568.000000	39	57	0.908	0.214
11574.000000	39	57	0.900	0.222
11580.000000	39	57	0.893	0.228
11586.000000	39	57	0.887	0.237
11592.000000	39	57	0.877	0.247
11598.000000	39	57	0.868	0.255
11604.000000	39	57	0.860	0.259
11610.000000	39	57	0.853	0.265
11616.000000	39	57	0.844	0.273
11622.000000	39	57	0.829	0.282
11628.000000	39	57	0.808	0.297
11634.000000	39	57	0.789	0.313
11640.000000	39	57	0.770	0.330
11646.000000	39	57	0.744	0.343
11652.000000	39	57	0.718	0.356
11658.000000	39	57	0.684	0.370
11664.000000	39	57	0.626	0.399
11670.000000	39	57	0.548	0.436
11676.000000	57	39	0.482	0.421
11682.000000	57	95	0.532	0.439
11688.000000	57	95	0.597	0.475
11694.000000	57	95	0.648	0.504
11700.000000	57	95	0.684	0.531
11706.000000	57	95	0.690	0.558
11712.000000	57	95	0.701	0.566
11718.000000	57	95	0.718	0.585
11724.000000	57	95	0.730	0.601
11730.000000	57	95	0.733	0.608
11736.000000	57	95	0.734	0.613
11742.000000	57	95	0.738	0.613
11748.000000	57	95	0.745	0.610
11754.000000	57	95	0.746	0.615
11760.000000	57	95	0.748	0.616
11766.000000	57	95	0.749	0.625
11772.000000	57	95	0.750	0.635
11778.000000	57	95	0.749	0.640
11784.000000	57	95	0.750	0.644
11790.000000	57	95	0.748	0.646
11796.000000	57	95	0.748	0.647
11802.000000	57	95	0.749	0.648
11808.000000	57	95	0.749	0.646
11814.000000	57	95	0.752	0.641
11820.000000	57	95	0.751	0.641
11826.000000	57	95	0.748	0.643
11832.000000	57	95	0.747	0.645
11838.000000	57	95	0.746	0.647
11844.000000	57	95	0.755	0.649
11850.000000	57	95	0.757	0.652
11856.000000	57	95	0.755	0.657
11862.000000	57	95	0.757	0.657
11868.000000	57	95	0.759	0.659
11874.000000	57	95	0.762	0.666
11880.000000	57	95	0.772	0.666
11886.000000	57	95	0.779	0.665
11892.000000	57	95	0.781	0.668
11898.000000	57	95	0.784	0.675
11904.000000	57	95	0.789	0.675
11910.000000	57	95	0.788	0.676
11916.000000	57	95	0.790	0.668
11922.000000	57	95	0.788	0.657
11928.000000	57	95	0.784	0.652
11934.000000	57	95	0.782	0.646
11940.000000	57	95	0.785	0.637
11946.000000	57	95	0.788	0.625
11952.000000	57	95	0.794	0.606
11958.000000	57	95	0.793	0.593
11964.000000	57	95	0.794	0.575
11970.000000	57	95	0.794	0.557
11976.000000	57	95	0.796	0.533
11982.000000	57	95	0.800	0.504
11988.000000	57	95	0.807	0.457
11994.000000	57	95	0.815	0.392
12000.000000	57	95	0.831	0.312
12006.000000	57	4	0.845	0.294
12012.000000	57	4	0.855	0.317
12018.000000	57	4	0.857	0.341
12024.000000	57	4	0.858	0.381
12030.000000	57	4	0.860	0.428
12036.000000	57	4	0.857	0.477
12042.000000	57	4	0.851	0.519
12048.000000	57	4	0.841	0.550
12054.000000	57	4	0.829	0.576
12060.000000	57	4	0.812	0.598
12066.000000	57	4	0.796	0.620
12072.000000	57	4	0.777	0.640
12078.000000	57	4	0.757	0.662
12084.000000	57	4	0.734	0.680
12090.000000	57	4	0.699	0.696
12096.000000	4	57	0.717	0.655
12102.000000	4	57	0.753	0.591
12108.000000	4	57	0.775	0.527
12114.000000	4	57	0.801	0.443
12120.000000	4	57	0.831	0.333
12126.000000	4	57	0.856	0.217
12132.000000	4	100	0.883	0.140
12138.000000	4	100	0.906	0.145
12144.000000	4	100	0.920	0.155
12150.000000	4	100	0.927	0.166
12156.000000	4	100	0.928	0.179
12162.000000	4	100	0.928	0.190
12168.000000	4	100	0.928	0.196
12174.000000	4	100	0.927	0.201
12180.000000	4	100	0.928	0.215
12186.000000	4	100	0.932	0.229
12192.000000	4	100	0.933	0.243
12198.000000	4	100	0.932	0.258
12204.000000	4	100	0.934	0.277
12210.000000	4	100	0.934	0.296
12216.000000	4	100	0.933	0.318
12222.000000	4	100	0.932	0.336
12228.000000	4	100	0.932	0.354
12234.000000	4	100	0.935	0.365
12240.000000	4	100	0.935	0.378
12246.000000	4	100	0.935	0.391
12252.000000	4	100	0.935	0.406
12258.000000	4	100	0.936	0.421
12264.000000	4	100	0.934	0.437
12270.000000	4	100	0.934	0.450
12276.000000	4	100	0.934	0.461
12282.000000	4	100	0.934	0.472
12288.000000	4	100	0.934	0.485
12294.000000	4	100	0.934	0.510
12300.000000	4	100	0.934	0.530
12306.000000	4	100	0.933	0.547
12312.000000	4	100	0.929	0.564
12318.000000	4	100	0.927	0.581
12324.000000	4	100	0.925	0.608
12330.000000	4	100	0.923	0.636
12336.000000	4	100	0.921	0.659
12342.000000	4	100	0.919	0.678
12348.000000	4	100	0.918	0.686
12354.000000	4	100	0.918	0.692
12360.000000	4	100	0.908	0.710
12366.000000	4	100	0.894	0.733
12372.000000	4	100	0.886	0.744
12378.000000	4	100	0.878	0.754
12384.000000	4	100	0.870	0.764
12390.000000	4	100	0.860	0.772
12396.000000	4	100	0.845	0.784
12402.000000	4	100	0.832	0.790
12408.000000	4	100	0.813	0.795
12414.000000	100	4	0.811	0.783
12420.000000	100	4	0.831	0.752
12426.000000	100	4	0.847	0.715
12432.000000	100	4	0.870	0.658
12438.000000	100	4	0.899	0.564
12444.000000	100	4	0.926	0.443
12450.000000	100	4	0.947	0.270
12456.000000	100	13	0.964	0.245
12462.000000	100	13	0.972	0.241
12468.000000	100	13	0.971	0.251
12474.000000	100	13	0.970	0.265
12480.000000	100	13	0.968	0.270
12486.000000	100	13	0.966	0.274
12492.000000	100	13	0.964	0.283
12498.000000	100	13	0.962	0.287
12504.000000	100	13	0.961	0.286
12510.000000	100	13	0.959	0.288
12516.000000	100	13	0.957	0.291
12522.000000	100	13	0.956	0.289
12528.000000	100	140	0.954	0.298
12534.000000	100	140	0.952	0.310
12540.000000	100	140	0.949	0.322
12546.000000	100	140	0.947	0.334
12552.000000	100	140	0.945	0.349
12558.000000	100	140	0.944	0.368
12564.000000	100	140	0.942	0.387
12570.000000	100	140	0.940	0.409
12576.000000	100	140	0.938	0.424
12582.000000	100	140	0.934	0.439
12588.000000	100	140	0.929	0.458
12594.000000	100	140	0.922	0.476
12600.000000	100	140	0.919	0.491
12606.000000	100	140	0.912	0.508
12612.000000	100	140	0.902	0.531
12618.000000	100	140	0.893	0.559
12624.000000	100	140	0.884	0.591
12630.000000	100	140	0.882	0.618
12636.000000	100	140	0.879	0.633
12642.000000	100	140	0.872	0.653
12648.000000	100	140	0.863	0.676
12654.000000	100	140	0.845	0.704
12660.000000	100	140	0.821	0.729
12666.000000	100	140	0.794	0.757
12672.000000	140	100	0.775	0.773
12678.000000	140	100	0.795	0.755
12684.000000	140	100	0.812	0.732
12690.000000	140	100	0.827	0.695
12696.000000	140	100	0.854	0.636
12702.000000	140	100	0.883	0.541
12708.000000	140	100	0.897	0.432
12714.000000	140	100	0.922	0.284
12720.000000	140	89	0.943	0.162
12726.000000	140	89	0.954	0.151
12732.000000	140	89	0.954	0.144
12738.000000	140	89	0.956	0.141
12744.000000	140	89	0.956	0.139
12750.000000	140	89	0.955	0.132
12756.000000	140	89	0.953	0.124
12762.000000	140	110	0.951	0.119
12768.000000	140	110	0.950	0.122
12774.000000	140	110	0.949	0.126
12780.000000	140	110	0.949	0.128
12786.000000	140	110	0.950	0.128
12792.000000	140	110	0.952	0.126
12798.000000	140	54	0.951	0.134
12804.000000	140	54	0.951	0.141
12810.000000	140	54	0.953	0.141
12816.000000	140	54	0.953	0.144
12822.000000	140	54	0.952	0.149
12828.000000	140	54	0.951	0.152
12834.000000	140	54	0.951	0.152
12840.000000	140	54	0.950	0.151
12846.000000	140	54	0.950	0.153
12852.000000	140	54	0.949	0.157
12858.000000	140	54	0.947	0.167
12864.000000	140	54	0.945	0.174
12870.000000	140	54	0.943	0.178
12876.000000	140	54	0.940	0.182
12882.000000	140	54	0.937	0.189
12888.000000	140	54	0.934	0.190
12894.000000	140	54	0.930	0.188
12900.000000	140	54	0.925	0.192
12906.000000	140	54	0.922	0.195
12912.000000	140	54	0.918	0.200
12918.000000	140	54	0.911	0.199
12924.000000	140	54	0.904	0.199
12930.000000	140	54	0.894	0.204
12936.000000	140	54	0.883	0.210
12942.000000	140	54	0.874	0.215
12948.000000	140	41	0.866	0.223
12954.000000	140	41	0.853	0.238
12960.000000	140	41	0.844	0.261
12966.000000	140	41	0.834	0.281
12972.000000	140	41	0.826	0.298
12978.000000	140	41	0.811	0.318
12984.000000	140	41	0.793	0.331
12990.000000	140	41	0.774	0.353
12996.000000	140	41	0.751	0.375
13002.000000	140	41	0.710	0.402
13008.000000	140	41	0.672	0.432
13014.000000	140	41	0.640	0.462
13020.000000	140	41	0.599	0.496
13026.000000	41	140	0.547	0.525
13032.000000	41	140	0.621	0.404
13038.000000	41	140	0.684	0.265
13044.000000	41	130	0.743	0.261
13050.000000	41	130	0.799	0.260
13056.000000	41	130	0.823	0.265
13062.000000	41	130	0.836	0.265
13068.000000	41	69	0.849	0.261
13074.000000	41	69	0.859	0.277
13080.000000	41	69	0.866	0.298
13086.000000	41	69	0.877	0.323
13092.000000	41	69	0.881	0.349
13098.000000	41	69	0.888	0.363
13104.000000	41	69	0.887	0.373
13110.000000	41	69	0.886	0.386
13116.000000	41	69	0.888	0.402
13122.000000	41	69	0.888	0.418
13128.000000	41	69	0.890	0.428
13134.000000	41	69	0.892	0.442
13140.000000	41	69	0.891	0.450
13146.000000	41	69	0.889	0.458
13152.000000	41	69	0.886	0.465
13158.000000	41	69	0.887	0.471
13164.000000	41	69	0.887	0.475
13170.000000	41	69	0.887	0.479
13176.000000	41	69	0.887	0.483
13182.000000	41	69	0.887	0.491
13188.000000	41	69	0.885	0.498
13194.000000	41	69	0.883	0.507
13200.000000	41	69	0.883	0.513
13206.000000	41	69	0.883	0.525
13212.000000	41	69	0.884	0.538
13218.000000	41	69	0.882	0.551
13224.000000	41	69	0.885	0.560
13230.000000	41	69	0.883	0.574
13236.000000	41	69	0.887	0.582
13242.000000	41	69	0.889	0.583
13248.000000	41	69	0.887	0.590
13254.000000	41	69	0.886	0.600
13260.000000	41	69	0.886	0.606
13266.000000	41	69	0.886	0.617
13272.000000	41	69	0.886	0.623
13278.000000	41	69	0.887	0.624
13284.000000	41	69	0.887	0.626
13290.000000	41	69	0.886	0.625
13296.000000	41	69	0.884	0.620
13302.000000	41	69	0.882	0.613
13308.000000	41	69	0.880	0.606
13314.000000	41	69	0.877	0.603
13320.000000	41	69	0.875	0.603
13326.000000	41	69	0.874	0.604
13332.000000	41	69	0.873	0.603
13338.000000	41	69	0.868	0.601
13344.000000	41	69	0.866	0.595
13350.000000	41	69	0.858	0.589
13356.000000	41	69	0.850	0.584
13362.000000	41	69	0.845	0.575
13368.000000	41	69	0.843	0.559
13374.000000	41	69	0.839	0.539
13380.000000	41	69	0.835	0.515
13386.000000	41	69	0.828	0.490
13392.000000	41	69	0.818	0.462
13398.000000	41	69	0.812	0.430
13404.000000	41	69	0.806	0.390
13410.000000	41	69	0.799	0.343
13416.000000	41	69	0.785	0.303
13422.000000	41	167	0.770	0.273
13428.000000	41	167	0.744	0.299
13434.000000	41	167	0.712	0.334
13440.000000	41	167	0.684	0.374
13446.000000	41	167	0.633	0.418
13452.000000	41	167	0.548	0.485
13458.000000	167	41	0.575	0.431
13464.000000	167	42	0.677	0.249
13470.000000	167	42	0.754	0.261
13476.000000	167	42	0.797	0.277
13482.000000	167	42	0.818	0.292
13488.000000	167	42	0.827	0.316
13494.000000	167	42	0.829	0.341
13500.000000	167	42	0.836	0.370
13506.000000	167	42	0.845	0.400
13512.000000	167	42	0.853	0.419
13518.000000	167	42	0.853	0.451
13524.000000	167	42	0.849	0.482
13530.000000	167	42	0.847	0.498
13536.000000	167	42	0.846	0.508
13542.000000	167	42	0.845	0.516
13548.000000	167	42	0.847	0.519
13554.000000	167	42	0.847	0.522
13560.000000	167	42	0.849	0.529
13566.000000	167	42	0.850	0.536
13572.000000	167	42	0.850	0.538
13578.000000	167	42	0.850	0.535
13584.000000	167	42	0.849	0.539
13590.000000	167	42	0.849	0.542
13596.000000	167	42	0.850	0.546
13602.000000	167	42	0.854	0.553
13608.000000	167	42	0.862	0.557
13614.000000	167	42	0.863	0.560
13620.000000	167	42	0.864	0.570
13626.000000	167	42	0.866	0.579
13632.000000	167	42	0.868	0.587
13638.000000	167	42	0.870	0.596
13644.000000	167	42	0.876	0.603
13650.000000	167	42	0.877	0.608
13656.000000	167	42	0.878	0.609
13662.000000	167	42	0.882	0.611
13668.000000	167	42	0.881	0.616
13674.000000	167	42	0.885	0.629
13680.000000	167	42	0.881	0.643
13686.000000	167	42	0.880	0.654
13692.000000	167	42	0.881	0.667
13698.000000	167	42	0.881	0.684
13704.000000	167	42	0.877	0.697
13710.000000	167	42	0.874	0.717
13716.000000	167	42	0.871	0.728
13722.000000	167	42	0.869	0.736
13728.000000	167	42	0.862	0.747
13734.000000	167	42	0.849	0.762
13740.000000	167	42	0.837	0.775
13746.000000	167	42	0.830	0.782
13752.000000	167	42	0.820	0.787
13758.000000	167	42	0.808	0.793
13764.000000	167	42	0.803	0.794
13770.000000	167	42	0.796	0.794
13776.000000	42	167	0.802	0.779
13782.000000	42	167	0.815	0.756
13788.000000	42	167	0.831	0.734
13794.000000	42	167	0.847	0.702
13800.000000	42	167	0.863	0.662
13806.000000	42	167	0.879	0.615
13812.000000	42	167	0.898	0.553
13818.000000	42	167	0.914	0.448
13824.000000	42	167	0.933	0.305
13830.000000	42	167	0.945	0.169
13836.000000	42	27	0.955	0.101
13842.000000	42	27	0.959	0.105
13848.000000	42	27	0.959	0.110
13854.000000	42	27	0.958	0.117
13860.000000	42	27	0.957	0.125
13866.000000	42	27	0.956	0.132
13872.000000	42	27	0.958	0.135
13878.000000	42	27	0.959	0.139
13884.000000	42	27	0.957	0.144
13890.000000	42	27	0.955	0.151
13896.000000	42	27	0.953	0.158
13902.000000	42	27	0.952	0.168
13908.000000	42	27	0.950	0.180
13914.000000	42	27	0.949	0.194
13920.000000	42	27	0.947	0.208
13926.000000	42	27	0.944	0.219
13932.000000	42	27	0.941	0.227
13938.000000	42	27	0.938	0.238
13944.000000	42	27	0.937	0.247
13950.000000	42	27	0.935	0.259
13956.000000	42	27	0.931	0.275
13962.000000	42	27	0.928	0.294
13968.000000	42	27	0.924	0.315
13974.000000	42	27	0.920	0.336
13980.000000	42	27	0.915	0.350
13986.000000	42	27	0.910	0.365
13992.000000	42	27	0.905	0.382
13998.000000	42	27	0.899	0.402
14004.000000	42	27	0.893	0.424
14010.000000	42	27	0.881	0.455
14016.000000	42	27	0.867	0.482
14022.000000	42	27	0.855	0.505
14028.000000	42	27	0.842	0.548
14034.000000	42	27	0.823	0.582
14040.000000	42	27	0.794	0.613
14046.000000	42	27	0.758	0.644
14052.000000	42	27	0.716	0.673
14058.000000	27	42	0.709	0.661
14064.000000	27	42	0.755	0.585
14070.000000	27	42	0.791	0.482
14076.000000	27	42	0.847	0.341
14082.000000	27	42	0.899	0.193
14088.000000	27	121	0.926	0.147
14094.000000	27	121	0.940	0.148
14100.000000	27	121	0.949	0.147
14106.000000	27	121	0.952	0.144
14112.000000	27	121	0.954	0.147
14118.000000	27	121	0.955	0.152
14124.000000	27	121	0.959	0.156
14130.000000	27	121	0.962	0.155
14136.000000	27	121	0.959	0.155
14142.000000	27	121	0.958	0.155
14148.000000	27	121	0.957	0.156
14154.000000	27	121	0.956	0.157
14160.000000	27	121	0.955	0.160
14166.000000	27	121	0.954	0.160
14172.000000	27	121	0.951	0.157
14178.000000	27	121	0.950	0.152
14184.000000	27	125	0.949	0.159
14190.000000	27	125	0.948	0.170
14196.000000	27	125	0.947	0.176
14202.000000	27	125	0.946	0.182
14208.000000	27	125	0.945	0.190
14214.000000	27	125	0.944	0.200
14220.000000	27	125	0.943	0.212
14226.000000	27	125	0.943	0.227
14232.000000	27	125	0.942	0.250
14238.000000	27	125	0.942	0.270
14244.000000	27	125	0.942	0.288
14250.000000	27	125	0.941	0.312
14256.000000	27	125	0.940	0.343
14262.000000	27	125	0.939	0.384
14268.000000	27	125	0.938	0.431
14274.000000	27	125	0.935	0.489
14280.000000	27	125	0.932	0.542
14286.000000	27	125	0.929	0.591
14292.000000	27	125	0.927	0.622
14298.000000	27	125	0.922	0.647
14304.000000	27	125	0.912	0.672
14310.000000	27	125	0.899	0.693
14316.000000	27	125	0.880	0.717
14322.000000	27	125	0.861	0.740
14328.000000	27	125	0.840	0.758
14334.000000	27	125	0.819	0.778
14340.000000	27	125	0.797	0.789
14346.000000	125	27	0.800	0.767
14352.000000	125	27	0.819	0.728
14358.000000	125	27	0.837	0.690
14364.000000	125	27	0.858	0.639
14370.000000	125	27	0.883	0.561
14376.000000	125	27	0.904	0.467
14382.000000	125	27	0.928	0.349
14388.000000	125	27	0.949	0.175
14394.000000	125	15	0.957	0.133
14400.000000	125	15	0.961	0.129
14406.000000	125	15	0.963	0.128
14412.000000	125	15	0.963	0.127
14418.000000	125	15	0.966	0.127
14424.000000	125	15	0.969	0.126
14430.000000	125	15	0.968	0.127
14436.000000	125	15	0.968	0.124
14442.000000	125	15	0.967	0.119
14448.000000	125	15	0.966	0.114
14454.000000	125	52	0.964	0.124
14460.000000	125	52	0.964	0.134
14466.000000	125	52	0.965	0.140
14472.000000	125	52	0.965	0.142
14478.000000	125	52	0.965	0.142
14484.000000	125	52	0.965	0.144
14490.000000	125	52	0.965	0.146
14496.000000	125	52	0.964	0.150
14502.000000	125	52	0.963	0.154
14508.000000	125	52	0.963	0.162
14514.000000	125	52	0.962	0.174
14520.000000	125	52	0.961	0.189
14526.000000	125	52	0.960	0.201
14532.000000	125	52	0.959	0.210
14538.000000	125	52	0.958	0.221
14544.000000	125	52	0.956	0.232
14550.000000	125	52	0.953	0.252
14556.000000	125	52	0.951	0.270
14562.000000	125	52	0.948	0.286
14568.000000	125	52	0.946	0.305
14574.000000	125	52	0.944	0.329
14580.000000	125	52	0.941	0.355
14586.000000	125	52	0.937	0.385
14592.000000	125	52	0.933	0.422
14598.000000	125	52	0.931	0.464
14604.000000	125	52	0.924	0.508
14610.000000	125	52	0.918	0.547
14616.000000	125	52	0.911	0.585
14622.000000	125	52	0.906	0.621
14628.000000	125	52	0.902	0.648
14634.000000	125	52	0.898	0.669
14640.000000	125	52	0.886	0.689
14646.000000	125	52	0.873	0.706
14652.000000	125	52	0.856	0.724
14658.000000	125	52	0.842	0.739
14664.000000	125	52	0.814	0.764
14670.000000	52	125	0.792	0.781
14676.000000	52	125	0.817	0.749
14682.000000	52	125	0.834	0.716
14688.000000	52	125	0.853	0.656
14694.000000	52	125	0.878	0.575
14700.000000	52	125	0.898	0.462
14706.000000	52	125	0.929	0.290
14712.000000	52	119	0.950	0.267
14718.000000	52	119	0.962	0.270
14724.000000	52	119	0.965	0.279
14730.000000	52	119	0.971	0.289
14736.000000	52	119	0.971	0.310
14742.000000	52	119	0.973	0.327
14748.000000	52	119	0.972	0.339
14754.000000	52	119	0.970	0.352
14760.000000	52	119	0.969	0.363
14766.000000	52	119	0.968	0.370
14772.000000	52	119	0.967	0.375
14778.000000	52	119	0.966	0.384
14784.000000	52	119	0.964	0.395
14790.000000	52	119	0.959	0.413
14796.000000	52	119	0.958	0.422
14802.000000	52	119	0.957	0.426
14808.000000	52	119	0.956	0.432
14814.000000	52	119	0.955	0.439
14820.000000	52	119	0.954	0.446
14826.000000	52	119	0.953	0.453
14832.000000	52	119	0.951	0.462
14838.000000	52	119	0.949	0.467
14844.000000	52	119	0.946	0.469
14850.000000	52	119	0.945	0.468
14856.000000	52	119	0.944	0.470
14862.000000	52	119	0.943	0.470
14868.000000	52	119	0.939	0.472
14874.000000	52	119	0.938	0.471
14880.000000	52	119	0.936	0.469
14886.000000	52	119	0.933	0.466
14892.000000	52	119	0.928	0.459
14898.000000	52	119	0.925	0.453
14904.000000	52	119	0.921	0.451
14910.000000	52	119	0.914	0.455
14916.000000	52	119	0.906	0.457
14922.000000	52	119	0.899	0.459
14928.000000	52	119	0.893	0.457
14934.000000	52	119	0.885	0.456
14940.000000	52	119	0.876	0.452
14946.000000	52	119	0.868	0.444
14952.000000	52	119	0.860	0.428
14958.000000	52	119	0.849	0.406
14964.000000	52	119	0.842	0.383
14970.000000	52	119	0.832	0.358
14976.000000	52	119	0.822	0.328
14982.000000	52	13	0.812	0.352
14988.000000	52	13	0.797	0.381
14994.000000	52	13	0.771	0.415
15000.000000	52	13	0.738	0.463
15006.000000	52	13	0.703	0.516
15012.000000	52	13	0.650	0.565
15018.000000	13	52	0.612	0.585
15024.000000	13	52	0.690	0.482
15030.000000	13	52	0.785	0.332
15036.000000	13	132	0.862	0.169
15042.000000	13	132	0.906	0.169
15048.000000	13	132	0.925	0.163
15054.000000	13	132	0.930	0.160
15060.000000	13	132	0.937	0.161
15066.000000	13	132	0.945	0.162
15072.000000	13	132	0.952	0.161
15078.000000	13	132	0.953	0.163
15084.000000	13	132	0.956	0.161
15090.000000	13	132	0.958	0.162
15096.000000	13	132	0.961	0.166
15102.000000	13	132	0.961	0.164
15108.000000	13	132	0.961	0.163
15114.000000	13	132	0.964	0.163
15120.000000	13	132	0.964	0.160
15126.000000	13	132	0.965	0.154
15132.000000	13	132	0.965	0.147
15138.000000	13	132	0.965	0.144
15144.000000	13	132	0.965	0.142
15150.000000	13	132	0.965	0.135
15156.000000	13	132	0.965	0.126
15162.000000	13	132	0.966	0.115
15168.000000	13	75	0.967	0.113
15174.000000	13	75	0.967	0.116
15180.000000	13	75	0.968	0.123
15186.000000	13	75	0.968	0.130
15192.000000	13	75	0.967	0.136
15198.000000	13	75	0.967	0.136
15204.000000	13	75	0.967	0.139
15210.000000	13	75	0.966	0.143
15216.000000	13	75	0.966	0.145
15222.000000	13	75	0.965	0.150
15228.000000	13	75	0.963	0.154
15234.000000	13	75	0.962	0.152
15240.000000	13	75	0.961	0.149
15246.000000	13	75	0.959	0.150
15252.000000	13	75	0.955	0.152
15258.000000	13	75	0.952	0.154
15264.000000	13	75	0.951	0.157
15270.000000	13	75	0.948	0.161
15276.000000	13	75	0.947	0.161
15282.000000	13	75	0.947	0.162
15288.000000	13	75	0.946	0.164
15294.000000	13	75	0.945	0.168
15300.000000	13	75	0.945	0.171
15306.000000	13	75	0.944	0.170
15312.000000	13	75	0.942	0.172
15318.000000	13	75	0.939	0.177
15324.000000	13	75	0.938	0.182
15330.000000	13	75	0.937	0.183
15336.000000	13	75	0.936	0.182
15342.000000	13	75	0.934	0.181
15348.000000	13	75	0.931	0.182
15354.000000	13	75	0.929	0.183
15360.000000	13	75	0.926	0.183
15366.000000	13	75	0.924	0.185
15372.000000	13	75	0.922	0.182
15378.000000	13	75	0.919	0.179
15384.000000	13	160	0.917	0.180
15390.000000	13	160	0.918	0.183
15396.000000	13	160	0.915	0.184
15402.000000	13	160	0.911	0.182
15408.000000	13	89	0.905	0.190
15414.000000	13	89	0.900	0.192
15420.000000	13	89	0.896	0.195
15426.000000	13	89	0.890	0.198
15432.000000	13	89	0.885	0.201
15438.000000	13	89	0.876	0.204
15444.000000	13	89	0.866	0.209
15450.000000	13	89	0.858	0.216
15456.000000	13	89	0.847	0.222
15462.000000	13	89	0.836	0.227
15468.000000	13	89	0.823	0.240
15474.000000	13	89	0.809	0.249
15480.000000	13	89	0.787	0.261
15486.000000	13	89	0.755	0.277
15492.000000	13	89	0.715	0.299
15498.000000	13	89	0.655	0.329
15504.000000	13	89	0.575	0.369
15510.000000	13	89	0.460	0.426
15516.000000	89	13	0.503	0.299
15522.000000	89	160	0.640	0.189
15528.000000	89	160	0.757	0.183
15534.000000	89	160	0.811	0.188
15540.000000	89	160	0.836	0.198
15546.000000	89	160	0.852	0.207
15552.000000	89	160	0.874	0.207
15558.000000	89	160	0.888	0.210
15564.000000	89	160	0.893	0.212
15570.000000	89	160	0.903	0.207
15576.000000	89	171	0.915	0.202
15582.000000	89	171	0.914	0.212
15588.000000	89	171	0.916	0.215
15594.000000	89	171	0.915	0.223
15600.000000	89	171	0.915	0.230
15606.000000	89	171	0.917	0.235
15612.000000	89	171	0.917	0.237
15618.000000	89	171	0.918	0.239
15624.000000	89	171	0.917	0.245
15630.000000	89	171	0.915	0.250
15636.000000	89	171	0.913	0.254
15642.000000	89	171	0.914	0.256
15648.000000	89	171	0.919	0.254
15654.000000	89	171	0.920	0.256
15660.000000	89	171	0.925	0.257
15666.000000	89	171	0.925	0.259
15672.000000	89	171	0.928	0.264
15678.000000	89	171	0.931	0.269
15684.000000	89	171	0.930	0.274
15690.000000	89	171	0.929	0.277
15696.000000	89	171	0.927	0.283
15702.000000	89	171	0.929	0.288
15708.000000	89	171	0.929	0.288
15714.000000	89	171	0.928	0.289
15720.000000	89	171	0.928	0.291
15726.000000	89	171	0.927	0.289
15732.000000	89	98	0.925	0.293
15738.000000	89	98	0.922	0.304
15744.000000	89	98	0.918	0.315
15750.000000	89	98	0.914	0.327
15756.000000	89	98	0.909	0.343
15762.000000	89	98	0.907	0.357
15768.000000	89	98	0.906	0.375
15774.000000	89	98	0.904	0.398
15780.000000	89	98	0.897	0.431
15786.000000	89	98	0.896	0.463
15792.000000	89	98	0.893	0.491
15798.000000	89	98	0.890	0.509
15804.000000	89	98	0.885	0.528
15810.000000	89	98	0.879	0.547
15816.000000	89	98	0.873	0.563
15822.000000	89	98	0.864	0.577
15828.000000	89	98	0.858	0.594
15834.000000	89	98	0.849	0.611
15840.000000	89	98	0.839	0.623
15846.000000	89	98	0.827	0.635
15852.000000	89	98	0.813	0.654
15858.000000	89	98	0.803	0.669
15864.000000	89	98	0.791	0.683
15870.000000	89	98	0.774	0.702
15876.000000	89	98	0.739	0.732
15882.000000	98	89	0.748	0.709
15888.000000	98	89	0.770	0.658
15894.000000	98	89	0.800	0.566
15900.000000	98	89	0.837	0.445
15906.000000	98	89	0.878	0.303
15912.000000	98	153	0.918	0.209
15918.000000	98	153	0.941	0.221
15924.000000	98	153	0.953	0.239
15930.000000	98	153	0.957	0.261
15936.000000	98	153	0.956	0.286
15942.000000	98	153	0.954	0.315
15948.000000	98	153	0.953	0.343
15954.000000	98	153	0.952	0.367
15960.000000	98	153	0.951	0.390
15966.000000	98	153	0.950	0.412
15972.000000	98	153	0.949	0.442
15978.000000	98	153	0.945	0.468
15984.000000	98	153	0.943	0.494
15990.000000	98	153	0.941	0.521
15996.000000	98	153	0.941	0.541
16002.000000	98	153	0.942	0.559
16008.000000	98	153	0.940	0.586
16014.000000	98	153	0.937	0.601
16020.000000	98	153	0.932	0.622
16026.000000	98	153	0.931	0.633
16032.000000	98	153	0.931	0.644
16038.000000	98	153	0.931	0.654
16044.000000	98	153	0.927	0.662
16050.000000	98	153	0.924	0.667
16056.000000	98	153	0.914	0.681
16062.000000	98	153	0.911	0.688
16068.000000	98	153	0.905	0.702
16074.000000	98	153	0.897	0.718
16080.000000	98	153	0.891	0.730
16086.000000	98	153	0.887	0.742
16092.000000	98	153	0.877	0.761
16098.000000	98	153	0.867	0.773
16104.000000	98	153	0.855	0.782
16110.000000	98	153	0.839	0.794
16116.000000	98	153	0.832	0.800
16122.000000	98	153	0.818	0.813
16128.000000	153	98	0.826	0.797
16134.000000	153	98	0.836	0.778
16140.000000	153	98	0.848	0.749
16146.000000	153	98	0.864	0.711
16152.000000	153	98	0.879	0.668
16158.000000	153	98	0.896	0.611
16164.000000	153	98	0.920	0.523
16170.000000	153	98	0.943	0.395
16176.000000	153	98	0.968	0.207
16182.000000	153	77	0.980	0.063
16188.000000	153	77	0.984	0.063
16194.000000	153	77	0.984	0.064
16200.000000	153	77	0.983	0.067
16206.000000	153	77	0.983	0.070
16212.000000	153	77	0.982	0.072
16218.000000	153	77	0.981	0.077
16224.000000	153	77	0.980	0.082
16230.000000	153	77	0.979	0.086
16236.000000	153	77	0.977	0.088
16242.000000	153	77	0.975	0.088
16248.000000	153	77	0.973	0.086
16254.000000	153	77	0.971	0.087
16260.000000	153	77	0.969	0.090
16266.000000	153	77	0.967	0.094
16272.000000	153	77	0.967	0.095
16278.000000	153	77	0.966	0.096
16284.000000	153	77	0.965	0.098
16290.000000	153	104	0.964	0.100
16296.000000	153	2	0.963	0.108
16302.000000	153	2	0.961	0.122
16308.000000	153	2	0.957	0.132
16314.000000	153	2	0.954	0.144
16320.000000	153	2	0.951	0.159
16326.000000	153	2	0.949	0.176
16332.000000	153	2	0.946	0.201
16338.000000	153	2	0.943	0.223
16344.000000	153	2	0.939	0.241
16350.000000	153	2	0.935	0.265
16356.000000	153	2	0.928	0.298
16362.000000	153	2	0.921	0.333
16368.000000	153	2	0.912	0.375
16374.000000	153	2	0.903	0.424
16380.000000	153	2	0.888	0.481
16386.000000	153	2	0.870	0.536
16392.000000	153	2	0.859	0.584
16398.000000	153	2	0.851	0.622
16404.000000	153	2	0.843	0.654
16410.000000	153	2	0.826	0.685
16416.000000	153	2	0.804	0.704
16422.000000	153	2	0.763	0.751
16428.000000	2	153	0.788	0.715
16434.000000	2	153	0.829	0.637
16440.000000	2	153	0.862	0.541
16446.000000	2	153	0.902	0.413
16452.000000	2	104	0.939	0.232
16458.000000	2	104	0.948	0.240
16464.000000	2	104	0.956	0.239
16470.000000	2	104	0.961	0.243
16476.000000	2	104	0.966	0.243
16482.000000	2	104	0.965	0.244
16488.000000	2	104	0.963	0.245
16494.000000	2	104	0.961	0.243
16500.000000	2	104	0.959	0.238
16506.000000	2	104	0.958	0.232
16512.000000	2	104	0.957	0.229
16518.000000	2	104	0.956	0.229
16524.000000	2	104	0.954	0.226
16530.000000	2	104	0.952	0.222
16536.000000	2	104	0.949	0.221
16542.000000	2	104	0.946	0.220
16548.000000	2	104	0.946	0.217
16554.000000	2	104	0.944	0.213
16560.000000	2	104	0.941	0.210
16566.000000	2	104	0.937	0.205
16572.000000	2	104	0.934	0.197
16578.000000	2	104	0.933	0.186
16584.000000	2	104	0.933	0.175
16590.000000	2	175	0.932	0.170
16596.000000	2	175	0.931	0.176
16602.000000	2	175	0.931	0.181
16608.000000	2	175	0.930	0.191
16614.000000	2	175	0.930	0.198
16620.000000	2	175	0.930	0.205
16626.000000	2	175	0.928	0.215
16632.000000	2	175	0.927	0.229
16638.000000	2	175	0.926	0.241
16644.000000	2	175	0.925	0.255
16650.000000	2	175	0.923	0.269
16656.000000	2	175	0.918	0.285
16662.000000	2	175	0.914	0.304
16668.000000	2	175	0.911	0.327
16674.000000	2	175	0.909	0.347
16680.000000	2	175	0.905	0.369
16686.000000	2	175	0.901	0.402
16692.000000	2	175	0.897	0.444
16698.000000	2	175	0.891	0.478
16704.000000	2	175	0.888	0.502
16710.000000	2	175	0.886	0.520
16716.000000	2	175	0.884	0.542
16722.000000	2	175	0.883	0.561
16728.000000	2	175	0.882	0.576
16734.000000	2	175	0.880	0.585
16740.000000	2	175	0.875	0.597
16746.000000	2	175	0.866	0.607
16752.000000	2	175	0.857	0.614
16758.000000	2	175	0.850	0.619
16764.000000	2	175	0.837	0.630
16770.000000	2	175	0.818	0.651
16776.000000	2	175	0.786	0.680
16782.000000	2	175	0.751	0.706
16788.000000	175	2	0.724	0.714
16794.000000	175	2	0.745	0.665
16800.000000	175	2	0.773	0.594
16806.000000	175	2	0.819	0.495
16812.000000	175	2	0.868	0.334
16818.000000	175	2	0.929	0.116
16824.000000	175	6	0.953	0.091
16830.000000	175	51	0.957	0.089
16836.000000	175	51	0.958	0.089
16842.000000	175	51	0.957	0.089
16848.000000	175	51	0.957	0.093
16854.000000	175	51	0.956	0.095
16860.000000	175	51	0.959	0.097
16866.000000	175	51	0.958	0.099
16872.000000	175	51	0.957	0.102
16878.000000	175	51	0.955	0.102
16884.000000	175	51	0.955	0.102
16890.000000	175	51	0.960	0.101
16896.000000	175	51	0.961	0.103
16902.000000	175	192	0.962	0.110
16908.000000	175	192	0.962	0.118
16914.000000	175	192	0.961	0.124
16920.000000	175	192	0.960	0.132
16926.000000	175	192	0.958	0.140
16932.000000	175	192	0.957	0.150
16938.000000	175	192	0.955	0.159
16944.000000	175	192	0.952	0.167
16950.000000	175	192	0.950	0.179
16956.000000	175	192	0.947	0.188
16962.000000	175	192	0.944	0.192
16968.000000	175	192	0.942	0.200
16974.000000	175	192	0.940	0.212
16980.000000	175	192	0.938	0.221
16986.000000	175	192	0.935	0.229
16992.000000	175	192	0.931	0.240
16998.000000	175	192	0.926	0.248
17004.000000	175	192	0.918	0.257
17010.000000	175	192	0.908	0.267
17016.000000	175	192	0.900	0.279
17022.000000	175	192	0.892	0.288
17028.000000	175	192	0.884	0.300
17034.000000	175	192	0.878	0.313
17040.000000	175	192	0.868	0.322
17046.000000	175	192	0.859	0.332
17052.000000	175	192	0.851	0.350
17058.000000	175	192	0.840	0.374
17064.000000	175	192	0.825	0.397
17070.000000	175	192	0.807	0.421
17076.000000	175	192	0.794	0.450
17082.000000	175	192	0.778	0.480
17088.000000	175	192	0.760	0.512
17094.000000	175	192	0.736	0.551
17100.000000	175	192	0.700	0.590
17106.000000	175	192	0.657	0.623
17112.000000	192	175	0.664	0.593
17118.000000	192	175	0.705	0.520
17124.000000	192	175	0.747	0.404
17130.000000	192	175	0.785	0.269
17136.000000	192	120	0.829	0.233
17142.000000	192	120	0.872	0.220
17148.000000	192	120	0.898	0.205
17154.000000	192	120	0.913	0.204
17160.000000	192	120	0.925	0.207
17166.000000	192	120	0.932	0.211
17172.000000	192	120	0.938	0.213
17178.000000	192	120	0.945	0.217
17184.000000	192	120	0.945	0.221
17190.000000	192	120	0.944	0.219
17196.000000	192	120	0.944	0.220
17202.000000	192	120	0.943	0.229
17208.000000	192	120	0.940	0.238
17214.000000	192	120	0.938	0.241
17220.000000	192	120	0.936	0.241
17226.000000	192	120	0.935	0.244
17232.000000	192	120	0.935	0.247
17238.000000	192	120	0.936	0.251
17244.000000	192	120	0.938	0.253
17250.000000	192	120	0.938	0.260
17256.000000	192	120	0.937	0.271
17262.000000	192	120	0.936	0.277
17268.000000	192	120	0.936	0.276
17274.000000	192	120	0.936	0.277
17280.000000	192	120	0.937	0.274
17286.000000	192	120	0.938	0.269
17292.000000	192	120	0.940	0.264
17298.000000	192	120	0.943	0.260
17304.000000	192	120	0.945	0.254
17310.000000	192	120	0.946	0.247
17316.000000	192	120	0.946	0.241
17322.000000	192	120	0.947	0.234
17328.000000	192	120	0.948	0.230
17334.000000	192	120	0.949	0.221
17340.000000	192	120	0.950	0.214
17346.000000	192	120	0.952	0.205
17352.000000	192	120	0.953	0.195
17358.000000	192	120	0.955	0.180
17364.000000	192	120	0.958	0.165
17370.000000	192	120	0.960	0.149
17376.000000	192	120	0.961	0.132
17382.000000	192	120	0.964	0.111
17388.000000	192	189	0.966	0.097
17394.000000	192	12	0.967	0.094
17400.000000	192	12	0.967	0.101
17406.000000	192	12	0.967	0.107
17412.000000	192	12	0.966	0.118
17418.000000	192	12	0.965	0.130
17424.000000	192	12	0.966	0.142
17430.000000	192	12	0.966	0.154
17436.000000	192	12	0.966	0.163
17442.000000	192	12	0.966	0.173
17448.000000	192	12	0.965	0.181
17454.000000	192	12	0.962	0.189
17460.000000	192	12	0.958	0.204
17466.000000	192	12	0.957	0.219
17472.000000	192	12	0.957	0.237
17478.000000	192	12	0.958	0.259
17484.000000	192	12	0.958	0.283
17490.000000	192	12	0.956	0.311
17496.000000	192	12	0.953	0.345
17502.000000	192	12	0.950	0.395
17508.000000	192	12	0.946	0.459
17514.000000	192	12	0.940	0.531
17520.000000	192	12	0.928	0.611
17526.000000	192	12	0.917	0.678
17532.000000	192	12	0.903	0.723
17538.000000	192	12	0.877	0.764
17544.000000	192	12	0.844	0.797
17550.000000	12	192	0.824	0.806
17556.000000	12	192	0.855	0.754
17562.000000	12	192	0.882	0.696
17568.000000	12	192	0.910	0.604
17574.000000	12	192	0.946	0.464
17580.000000	12	192	0.967	0.231
17586.000000	12	18	0.985	0.058
17592.000000	12	18	0.989	0.051
17598.000000	12	18	0.988	0.049
17604.000000	12	18	0.987	0.046
17610.000000	12	117	0.987	0.047
17616.000000	12	117	0.986	0.052
17622.000000	12	117	0.985	0.056
17628.000000	12	98	0.984	0.059
17634.000000	12	98	0.983	0.060
17640.000000	12	98	0.982	0.061
17646.000000	12	98	0.982	0.064
17652.000000	12	98	0.981	0.067
17658.000000	12	98	0.980	0.068
17664.000000	12	18	0.979	0.069
17670.000000	12	18	0.979	0.072
17676.000000	12	18	0.978	0.074
17682.000000	12	18	0.977	0.075
17688.000000	12	18	0.977	0.075
17694.000000	12	18	0.976	0.077
17700.000000	12	18	0.975	0.081
17706.000000	12	18	0.974	0.086
17712.000000	12	18	0.973	0.093
17718.000000	12	18	0.972	0.095
17724.000000	12	18	0.971	0.094
17730.000000	12	18	0.970	0.095
17736.000000	12	18	0.969	0.098
17742.000000	12	18	0.969	0.100
17748.000000	12	167	0.968	0.103
17754.000000	12	167	0.967	0.109
17760.000000	12	167	0.966	0.119
17766.000000	12	167	0.965	0.133
17772.000000	12	167	0.964	0.147
17778.000000	12	167	0.963	0.163
17784.000000	12	167	0.962	0.178
17790.000000	12	167	0.960	0.195
17796.000000	12	167	0.958	0.215
17802.000000	12	167	0.955	0.241
17808.000000	12	167	0.951	0.264
17814.000000	12	167	0.946	0.299
17820.000000	12	167	0.943	0.352
17826.000000	12	167	0.938	0.398
17832.000000	12	167	0.929	0.450
17838.000000	12	167	0.913	0.518
17844.000000	12	167	0.904	0.573
17850.000000	12	167	0.894	0.607
17856.000000	12	167	0.885	0.633
17862.000000	12	167	0.873	0.663
17868.000000	12	167	0.853	0.693
17874.000000	12	167	0.826	0.721
17880.000000	12	167	0.793	0.746
17886.000000	167	12	0.778	0.750
17892.000000	167	12	0.811	0.689
17898.000000	167	12	0.843	0.612
17904.000000	167	12	0.876	0.509
17910.000000	167	12	0.902	0.366
17916.000000	167	12	0.926	0.181
17922.000000	167	82	0.948	0.142
17928.000000	167	82	0.957	0.140
17934.000000	167	82	0.960	0.137
17940.000000	167	82	0.961	0.133
17946.000000	167	82	0.961	0.129
17952.000000	167	82	0.958	0.132
17958.000000	167	82	0.953	0.136
17964.000000	167	82	0.948	0.137
17970.000000	167	82	0.944	0.139
17976.000000	167	82	0.942	0.142
17982.000000	167	82	0.941	0.144
17988.000000	167	82	0.940	0.145
17994.000000	167	82	0.939	0.146
18000.000000	167	82	0.937	0.144
18006.000000	167	82	0.935	0.142
18012.000000	167	82	0.934	0.143
18018.000000	167	82	0.932	0.146
18024.000000	167	35	0.931	0.150
18030.000000	167	35	0.929	0.158
18036.000000	167	35	0.928	0.163
18042.000000	167	35	0.926	0.170
18048.000000	167	35	0.922	0.175
18054.000000	167	35	0.919	0.179
18060.000000	167	35	0.917	0.185
18066.000000	167	35	0.916	0.187
18072.000000	167	35	0.914	0.191
18078.000000	167	35	0.912	0.197
18084.000000	167	35	0.909	0.204
18090.000000	167	35	0.906	0.204
18096.000000	167	35	0.904	0.203
18102.000000	167	35	0.904	0.207
18108.000000	167	35	0.904	0.210
18114.000000	167	35	0.904	0.213
18120.000000	167	35	0.903	0.215
18126.000000	167	35	0.902	0.210
18132.000000	167	35	0.902	0.205
18138.000000	167	35	0.903	0.201
18144.000000	167	35	0.903	0.197
18150.000000	167	35	0.901	0.198
18156.000000	167	35	0.896	0.201
18162.000000	167	35	0.891	0.201
18168.000000	167	35	0.887	0.194
18174.000000	167	35	0.884	0.191
18180.000000	167	35	0.883	0.191
18186.000000	167	35	0.883	0.191
18192.000000	167	35	0.884	0.187
18198.000000	167	35	0.886	0.177
18204.000000	167	35	0.889	0.165
18210.000000	167	35	0.894	0.153
18216.000000	167	35	0.896	0.141
18222.000000	167	35	0.899	0.129
18228.000000	167	35	0.902	0.121
18234.000000	167	35	0.903	0.118
18240.000000	167	35	0.904	0.113
18246.000000	167	42	0.906	0.104
18252.000000	167	42	0.917	0.097
18258.000000	167	42	0.923	0.094
18264.000000	167	42	0.921	0.093
18270.000000	167	42	0.918	0.089
18276.000000	167	42	0.918	0.087
18282.000000	167	42	0.918	0.081
18288.000000	167	42	0.920	0.077
18294.000000	167	42	0.920	0.073
18300.000000	167	42	0.919	0.071
18306.000000	167	42	0.920	0.068
18312.000000	167	42	0.918	0.064
18318.000000	167	42	0.916	0.061
18324.000000	167	42	0.915	0.055
18330.000000	167	42	0.913	0.046
18336.000000	167	103	0.909	0.042
18342.000000	167	103	0.905	0.039
18348.000000	167	103	0.901	0.039
18354.000000	167	103	0.896	0.040
18360.000000	167	103	0.892	0.042
18366.000000	167	103	0.889	0.045
18372.000000	167	103	0.890	0.045
18378.000000	167	103	0.887	0.046
18384.000000	167	103	0.886	0.044
18390.000000	167	103	0.886	0.041
18396.000000	167	149	0.887	0.041
18402.000000	167	149	0.890	0.041
18408.000000	167	149	0.894	0.041
18414.000000	167	149	0.900	0.040
18420.000000	167	149	0.904	0.040
18426.000000	167	149	0.905	0.039
18432.000000	167	103	0.907	0.038
18438.000000	167	103	0.910	0.039
18444.000000	167	103	0.915	0.039
18450.000000	167	103	0.917	0.040
18456.000000	167	103	0.918	0.041
18462.000000	167	103	0.918	0.042
18468.000000	167	103	0.918	0.042
18474.000000	167	103	0.921	0.043
18480.000000	167	103	0.928	0.044
18486.000000	167	103	0.935	0.043
18492.000000	167	103	0.940	0.042
18498.000000	167	69	0.945	0.040
18504.000000	167	69	0.953	0.040
18510.000000	167	69	0.958	0.040
18516.000000	167	69	0.963	0.041
18522.000000	167	69	0.968	0.042
18528.000000	167	69	0.972	0.043
18534.000000	167	69	0.973	0.043
18540.000000	167	69	0.973	0.043
18546.000000	167	69	0.973	0.043
18552.000000	167	69	0.973	0.044
18558.000000	167	69	0.973	0.044
18564.000000	167	69	0.973	0.044
18570.000000	167	69	0.972	0.045
18576.000000	167	69	0.970	0.046
18582.000000	167	69	0.969	0.046
18588.000000	167	69	0.969	0.044
18594.000000	167	69	0.969	0.043
18600.000000	167	69	0.969	0.041
18606.000000	167	82	0.970	0.042
18612.000000	167	82	0.971	0.043
18618.000000	167	82	0.972	0.043
18624.000000	167	82	0.973	0.043
18630.000000	167	82	0.974	0.043
18636.000000	167	82	0.974	0.043
18642.000000	167	82	0.974	0.043
18648.000000	167	82	0.973	0.043
18654.000000	167	82	0.972	0.044
18660.000000	167	82	0.970	0.045
18666.000000	167	82	0.969	0.046
18672.000000	167	82	0.969	0.046
18678.000000	167	82	0.968	0.045
18684.000000	167	82	0.968	0.043
18690.000000	167	82	0.968	0.042
18696.000000	167	82	0.967	0.042
18702.000000	167	82	0.967	0.042
18708.000000	167	82	0.966	0.042
18714.000000	167	82	0.966	0.042
18720.000000	167	82	0.965	0.042
18726.000000	167	82	0.964	0.041
18732.000000	167	82	0.963	0.041
18738.000000	167	82	0.961	0.040
18744.000000	167	82	0.957	0.038
18750.000000	167	82	0.956	0.038
18756.000000	167	82	0.956	0.038
18762.000000	167	82	0.955	0.038
18768.000000	167	82	0.953	0.038
18774.000000	167	82	0.950	0.038
18780.000000	167	82	0.948	0.038
18786.000000	167	82	0.946	0.038
18792.000000	167	66	0.944	0.036
18798.000000	167	66	0.941	0.037
18804.000000	167	66	0.941	0.038
18810.000000	167	66	0.940	0.040
18816.000000	167	66	0.936	0.040
18822.000000	167	66	0.932	0.040
18828.000000	167	66	0.927	0.041
18834.000000	167	66	0.923	0.041
18840.000000	167	66	0.919	0.041
18846.000000	167	66	0.914	0.041
18852.000000	167	66	0.904	0.042
18858.000000	167	66	0.891	0.042
18864.000000	167	66	0.881	0.042
18870.000000	167	66	0.871	0.042
18876.000000	167	66	0.860	0.043
18882.000000	167	66	0.849	0.044
18888.000000	167	66	0.835	0.046
18894.000000	167	66	0.815	0.046
18900.000000	167	66	0.785	0.046
18906.000000	167	66	0.738	0.044
18912.000000	167	66	0.644	0.043
18918.000000	167	66	0.449	0.037
18924.000000	167	82	0.140	0.025
18930.000000	136	36	0.015	0.014
18936.000000	136	50	0.012	0.012
18942.000000	50	136	0.012	0.009
18948.000000	50	150	0.012	0.008
18954.000000	50	150	0.012	0.007
18960.000000	50	150	0.011	0.007
18966.000000	50	150	0.010	0.006
