0.000000	125	102	0.000	0.000
6.000000	107	57	0.992	0.043
12.000000	107	57	0.992	0.046
18.000000	107	57	0.992	0.050
24.000000	107	57	0.991	0.054
30.000000	107	57	0.990	0.060
36.000000	107	57	0.988	0.071
42.000000	107	57	0.985	0.083
48.000000	107	57	0.982	0.096
54.000000	107	57	0.979	0.115
60.000000	107	57	0.975	0.138
66.000000	107	57	0.972	0.161
72.000000	107	57	0.968	0.185
78.000000	107	57	0.964	0.204
84.000000	107	57	0.959	0.222
90.000000	107	57	0.954	0.241
96.000000	107	57	0.949	0.260
102.000000	107	57	0.944	0.271
108.000000	107	57	0.940	0.279
114.000000	107	57	0.936	0.283
120.000000	107	112	0.933	0.290
126.000000	107	112	0.930	0.300
132.000000	107	112	0.927	0.310
138.000000	107	112	0.925	0.319
144.000000	107	112	0.923	0.329
150.000000	107	112	0.921	0.341
156.000000	107	112	0.919	0.351
162.000000	107	112	0.917	0.357
168.000000	107	112	0.916	0.365
174.000000	107	112	0.915	0.371
180.000000	107	112	0.913	0.376
186.000000	107	112	0.912	0.378
192.000000	107	112	0.909	0.382
198.000000	107	112	0.904	0.391
204.000000	107	112	0.903	0.394
210.000000	107	112	0.902	0.398
216.000000	107	112	0.902	0.402
222.000000	107	112	0.901	0.403
228.000000	107	112	0.901	0.406
234.000000	107	112	0.899	0.414
240.000000	107	112	0.895	0.421
246.000000	107	112	0.892	0.430
252.000000	107	112	0.888	0.447
258.000000	107	112	0.884	0.463
264.000000	107	112	0.880	0.475
270.000000	107	112	0.877	0.486
276.000000	107	112	0.871	0.506
282.000000	107	112	0.867	0.519
288.000000	107	112	0.855	0.537
294.000000	107	112	0.847	0.564
300.000000	107	112	0.835	0.593
306.000000	107	112	0.824	0.617
312.000000	107	112	0.811	0.650
318.000000	107	112	0.799	0.671
324.000000	107	112	0.780	0.690
330.000000	107	112	0.758	0.712
336.000000	107	112	0.735	0.733
342.000000	112	107	0.756	0.716
348.000000	112	107	0.781	0.691
354.000000	112	107	0.805	0.654
360.000000	112	107	0.832	0.603
366.000000	112	107	0.862	0.533
372.000000	112	107	0.880	0.462
378.000000	112	107	0.885	0.388
384.000000	112	107	0.896	0.277
390.000000	112	82	0.914	0.243
396.000000	112	82	0.926	0.257
402.000000	112	82	0.932	0.266
408.000000	112	82	0.930	0.270
414.000000	112	82	0.928	0.276
420.000000	112	82	0.925	0.279
426.000000	112	82	0.922	0.290
432.000000	112	82	0.919	0.297
438.000000	112	82	0.915	0.303
444.000000	112	82	0.912	0.307
450.000000	112	82	0.905	0.312
456.000000	112	82	0.904	0.320
462.000000	112	82	0.903	0.319
468.000000	112	82	0.899	0.315
474.000000	112	82	0.897	0.318
480.000000	112	82	0.894	0.323
486.000000	112	82	0.892	0.327
492.000000	112	82	0.891	0.324
498.000000	112	82	0.890	0.323
504.000000	112	82	0.889	0.326
510.000000	112	82	0.885	0.322
516.000000	112	82	0.881	0.317
522.000000	112	82	0.877	0.311
528.000000	112	82	0.873	0.305
534.000000	112	82	0.870	0.294
540.000000	112	82	0.868	0.283
546.000000	112	82	0.867	0.274
552.000000	112	82	0.866	0.262
558.000000	112	82	0.865	0.245
564.000000	112	184	0.862	0.242
570.000000	112	184	0.857	0.244
576.000000	112	184	0.848	0.244
582.000000	112	184	0.838	0.251
588.000000	112	184	0.830	0.262
594.000000	112	184	0.821	0.271
600.000000	112	184	0.817	0.281
606.000000	112	184	0.812	0.292
612.000000	112	184	0.806	0.307
618.000000	112	184	0.804	0.317
624.000000	112	184	0.798	0.327
630.000000	112	184	0.790	0.334
636.000000	112	184	0.774	0.346
642.000000	112	184	0.751	0.361
648.000000	112	184	0.728	0.369
654.000000	112	184	0.695	0.388
660.000000	112	184	0.653	0.412
666.000000	112	184	0.614	0.429
672.000000	112	184	0.558	0.443
678.000000	112	184	0.469	0.468
684.000000	184	79	0.491	0.406
690.000000	184	79	0.509	0.431
696.000000	184	79	0.523	0.473
702.000000	184	79	0.547	0.506
708.000000	184	79	0.560	0.537
714.000000	184	79	0.577	0.553
720.000000	184	79	0.587	0.568
726.000000	184	79	0.601	0.587
732.000000	184	79	0.613	0.597
738.000000	184	79	0.628	0.605
744.000000	184	79	0.642	0.615
750.000000	184	79	0.651	0.613
756.000000	184	79	0.657	0.615
762.000000	184	79	0.658	0.622
768.000000	184	79	0.667	0.624
774.000000	184	79	0.671	0.627
780.000000	184	79	0.672	0.630
786.000000	184	79	0.675	0.635
792.000000	184	79	0.681	0.643
798.000000	184	79	0.684	0.650
804.000000	184	79	0.688	0.659
810.000000	184	79	0.692	0.666
816.000000	184	79	0.702	0.671
822.000000	184	79	0.712	0.668
828.000000	184	79	0.721	0.671
834.000000	184	79	0.724	0.673
840.000000	184	79	0.725	0.673
846.000000	184	79	0.728	0.672
852.000000	184	79	0.728	0.675
858.000000	184	79	0.729	0.680
864.000000	184	79	0.729	0.681
870.000000	184	79	0.728	0.677
876.000000	184	79	0.727	0.676
882.000000	184	79	0.726	0.682
888.000000	184	79	0.726	0.687
894.000000	184	79	0.724	0.688
900.000000	184	79	0.716	0.691
906.000000	184	79	0.711	0.692
912.000000	184	79	0.708	0.695
918.000000	184	79	0.703	0.696
924.000000	79	184	0.698	0.696
930.000000	79	184	0.703	0.691
936.000000	79	184	0.712	0.683
942.000000	79	184	0.714	0.675
948.000000	79	184	0.715	0.665
954.000000	79	184	0.716	0.653
960.000000	79	184	0.719	0.645
966.000000	79	184	0.723	0.637
972.000000	79	184	0.732	0.618
978.000000	79	184	0.745	0.595
984.000000	79	184	0.754	0.573
990.000000	79	184	0.765	0.545
996.000000	79	184	0.777	0.500
1002.000000	79	184	0.794	0.441
1008.000000	79	184	0.808	0.369
1014.000000	79	184	0.818	0.298
1020.000000	79	184	0.827	0.227
1026.000000	79	115	0.840	0.199
1032.000000	79	115	0.846	0.211
1038.000000	79	115	0.854	0.220
1044.000000	79	115	0.863	0.238
1050.000000	79	115	0.866	0.256
1056.000000	79	115	0.867	0.270
1062.000000	79	115	0.868	0.286
1068.000000	79	115	0.865	0.296
1074.000000	79	115	0.865	0.307
1080.000000	79	115	0.863	0.313
1086.000000	79	48	0.862	0.325
1092.000000	79	48	0.861	0.340
1098.000000	79	48	0.855	0.353
1104.000000	79	48	0.850	0.373
1110.000000	79	48	0.842	0.389
1116.000000	79	48	0.834	0.397
1122.000000	79	48	0.827	0.407
1128.000000	79	48	0.821	0.415
1134.000000	79	48	0.812	0.426
1140.000000	79	48	0.802	0.435
1146.000000	79	48	0.789	0.444
1152.000000	79	48	0.766	0.460
1158.000000	79	48	0.741	0.477
1164.000000	79	48	0.715	0.493
1170.000000	79	48	0.691	0.508
1176.000000	79	48	0.655	0.520
1182.000000	79	48	0.598	0.535
1188.000000	48	79	0.566	0.523
1194.000000	48	79	0.598	0.447
1200.000000	48	115	0.620	0.433
1206.000000	48	115	0.649	0.462
1212.000000	48	115	0.679	0.499
1218.000000	48	115	0.699	0.528
1224.000000	48	115	0.711	0.546
1230.000000	48	115	0.716	0.562
1236.000000	48	115	0.724	0.579
1242.000000	48	115	0.735	0.591
1248.000000	48	115	0.742	0.596
1254.000000	48	115	0.746	0.605
1260.000000	48	115	0.748	0.610
1266.000000	48	115	0.747	0.619
1272.000000	48	115	0.747	0.623
1278.000000	48	115	0.745	0.634
1284.000000	48	115	0.748	0.639
1290.000000	48	115	0.753	0.639
1296.000000	48	115	0.757	0.636
1302.000000	48	115	0.760	0.639
1308.000000	48	115	0.761	0.638
1314.000000	48	115	0.759	0.641
1320.000000	48	115	0.759	0.646
1326.000000	48	115	0.757	0.647
1332.000000	48	115	0.756	0.648
1338.000000	48	115	0.759	0.652
1344.000000	48	115	0.764	0.657
1350.000000	48	115	0.765	0.659
1356.000000	48	115	0.767	0.660
1362.000000	48	115	0.768	0.664
1368.000000	48	115	0.769	0.664
1374.000000	48	115	0.767	0.665
1380.000000	48	115	0.772	0.660
1386.000000	48	115	0.773	0.658
1392.000000	48	115	0.774	0.655
1398.000000	48	115	0.774	0.652
1404.000000	48	115	0.771	0.655
1410.000000	48	115	0.768	0.658
1416.000000	48	115	0.767	0.655
1422.000000	48	115	0.774	0.656
1428.000000	48	115	0.773	0.651
1434.000000	48	115	0.774	0.643
1440.000000	48	115	0.773	0.633
1446.000000	48	115	0.774	0.622
1452.000000	48	115	0.774	0.606
1458.000000	48	115	0.768	0.592
1464.000000	48	115	0.762	0.579
1470.000000	48	115	0.764	0.554
1476.000000	48	115	0.764	0.527
1482.000000	48	115	0.762	0.499
1488.000000	48	115	0.764	0.464
1494.000000	48	115	0.763	0.431
1500.000000	48	140	0.756	0.431
1506.000000	48	140	0.748	0.456
1512.000000	48	140	0.748	0.475
1518.000000	48	140	0.745	0.494
1524.000000	48	140	0.737	0.519
1530.000000	48	140	0.732	0.534
1536.000000	48	140	0.728	0.550
1542.000000	48	140	0.713	0.577
1548.000000	48	140	0.701	0.598
1554.000000	48	140	0.683	0.622
1560.000000	48	140	0.663	0.644
1566.000000	140	48	0.666	0.638
1572.000000	140	48	0.691	0.598
1578.000000	140	48	0.715	0.543
1584.000000	140	48	0.737	0.485
1590.000000	140	48	0.761	0.395
1596.000000	140	48	0.790	0.283
1602.000000	140	92	0.815	0.198
1608.000000	140	92	0.834	0.195
1614.000000	140	92	0.848	0.198
1620.000000	140	92	0.859	0.208
1626.000000	140	92	0.863	0.221
1632.000000	140	92	0.874	0.232
1638.000000	140	92	0.881	0.240
1644.000000	140	92	0.881	0.249
1650.000000	140	92	0.878	0.253
1656.000000	140	92	0.879	0.251
1662.000000	140	92	0.883	0.244
1668.000000	140	92	0.884	0.241
1674.000000	140	92	0.883	0.242
1680.000000	140	92	0.883	0.249
1686.000000	140	92	0.883	0.254
1692.000000	140	92	0.883	0.260
1698.000000	140	92	0.888	0.259
1704.000000	140	91	0.889	0.260
1710.000000	140	91	0.888	0.261
1716.000000	140	91	0.888	0.262
1722.000000	140	43	0.886	0.264
1728.000000	140	43	0.882	0.265
1734.000000	140	43	0.877	0.267
1740.000000	140	43	0.878	0.274
1746.000000	140	43	0.879	0.278
1752.000000	140	43	0.880	0.285
1758.000000	140	43	0.883	0.290
1764.000000	140	43	0.886	0.296
1770.000000	140	43	0.887	0.296
1776.000000	140	43	0.891	0.294
1782.000000	140	43	0.894	0.296
1788.000000	140	43	0.895	0.305
1794.000000	140	43	0.896	0.314
1800.000000	140	43	0.897	0.319
1806.000000	140	43	0.898	0.321
1812.000000	140	43	0.903	0.325
1818.000000	140	43	0.905	0.322
1824.000000	140	43	0.905	0.319
1830.000000	140	43	0.905	0.322
1836.000000	140	43	0.906	0.335
1842.000000	140	43	0.905	0.340
1848.000000	140	43	0.904	0.346
1854.000000	140	43	0.902	0.359
1860.000000	140	43	0.901	0.371
1866.000000	140	43	0.900	0.376
1872.000000	140	43	0.896	0.382
1878.000000	140	43	0.894	0.389
1884.000000	140	43	0.887	0.394
1890.000000	140	43	0.876	0.404
1896.000000	140	43	0.871	0.414
1902.000000	140	43	0.865	0.425
1908.000000	140	43	0.856	0.438
1914.000000	140	43	0.841	0.455
1920.000000	140	43	0.828	0.466
1926.000000	140	43	0.814	0.469
1932.000000	140	43	0.799	0.466
1938.000000	140	43	0.784	0.465
1944.000000	140	43	0.765	0.476
1950.000000	140	43	0.743	0.485
1956.000000	140	43	0.714	0.488
1962.000000	140	43	0.675	0.498
1968.000000	140	43	0.622	0.514
1974.000000	140	43	0.551	0.523
1980.000000	43	100	0.533	0.500
1986.000000	43	100	0.557	0.516
1992.000000	43	100	0.589	0.529
1998.000000	43	100	0.622	0.553
2004.000000	43	100	0.649	0.575
2010.000000	43	100	0.666	0.580
2016.000000	43	100	0.671	0.575
2022.000000	43	100	0.667	0.574
2028.000000	43	100	0.664	0.581
2034.000000	43	100	0.658	0.591
2040.000000	43	100	0.652	0.592
2046.000000	43	100	0.648	0.587
2052.000000	43	100	0.642	0.587
2058.000000	43	100	0.636	0.590
2064.000000	43	100	0.637	0.586
2070.000000	43	100	0.629	0.585
2076.000000	43	100	0.621	0.584
2082.000000	43	100	0.611	0.592
2088.000000	43	100	0.605	0.603
2094.000000	100	43	0.604	0.595
2100.000000	100	43	0.603	0.586
2106.000000	100	43	0.599	0.580
2112.000000	100	43	0.602	0.573
2118.000000	100	43	0.606	0.563
2124.000000	100	43	0.610	0.553
2130.000000	100	43	0.612	0.546
2136.000000	100	43	0.611	0.536
2142.000000	100	43	0.620	0.514
2148.000000	100	43	0.634	0.484
2154.000000	100	43	0.639	0.459
2160.000000	100	43	0.648	0.431
2166.000000	100	43	0.656	0.403
2172.000000	100	43	0.666	0.371
2178.000000	100	43	0.674	0.341
2184.000000	100	43	0.680	0.300
2190.000000	100	43	0.691	0.250
2196.000000	100	150	0.702	0.232
2202.000000	100	150	0.719	0.233
2208.000000	100	155	0.730	0.239
2214.000000	100	155	0.736	0.236
2220.000000	100	155	0.737	0.248
2226.000000	100	155	0.739	0.258
2232.000000	100	155	0.733	0.259
2238.000000	100	155	0.730	0.252
2244.000000	100	189	0.731	0.258
2250.000000	100	189	0.733	0.280
2256.000000	100	189	0.730	0.303
2262.000000	100	189	0.725	0.328
2268.000000	100	189	0.717	0.340
2274.000000	100	189	0.709	0.356
2280.000000	100	189	0.697	0.370
2286.000000	100	189	0.687	0.379
2292.000000	100	189	0.673	0.390
2298.000000	100	189	0.662	0.400
2304.000000	100	189	0.652	0.410
2310.000000	100	189	0.642	0.423
2316.000000	100	189	0.627	0.431
2322.000000	100	189	0.612	0.443
2328.000000	100	189	0.593	0.458
2334.000000	100	189	0.564	0.480
2340.000000	100	189	0.537	0.497
2346.000000	189	100	0.518	0.511
2352.000000	189	100	0.535	0.484
2358.000000	189	100	0.561	0.451
2364.000000	189	100	0.585	0.409
2370.000000	189	100	0.605	0.343
2376.000000	189	155	0.643	0.311
2382.000000	189	155	0.676	0.308
2388.000000	189	155	0.703	0.295
2394.000000	189	155	0.729	0.285
2400.000000	189	155	0.752	0.268
2406.000000	189	155	0.760	0.245
2412.000000	189	155	0.774	0.221
2418.000000	189	142	0.785	0.229
2424.000000	189	142	0.790	0.238
2430.000000	189	142	0.798	0.245
2436.000000	189	142	0.803	0.255
2442.000000	189	142	0.811	0.260
2448.000000	189	142	0.822	0.268
2454.000000	189	142	0.831	0.274
2460.000000	189	142	0.835	0.272
2466.000000	189	142	0.842	0.272
2472.000000	189	142	0.849	0.273
2478.000000	189	142	0.850	0.274
2484.000000	189	142	0.850	0.279
2490.000000	189	142	0.852	0.286
2496.000000	189	142	0.856	0.298
2502.000000	189	142	0.862	0.312
2508.000000	189	142	0.867	0.315
2514.000000	189	142	0.867	0.319
2520.000000	189	142	0.873	0.321
2526.000000	189	142	0.875	0.326
2532.000000	189	142	0.875	0.330
2538.000000	189	142	0.879	0.331
2544.000000	189	142	0.878	0.330
2550.000000	189	142	0.881	0.330
2556.000000	189	142	0.883	0.331
2562.000000	189	142	0.886	0.333
2568.000000	189	142	0.888	0.333
2574.000000	189	142	0.890	0.326
2580.000000	189	142	0.892	0.310
2586.000000	189	142	0.890	0.300
2592.000000	189	142	0.889	0.292
2598.000000	189	142	0.889	0.279
2604.000000	189	142	0.890	0.261
2610.000000	189	142	0.890	0.242
2616.000000	189	142	0.892	0.223
2622.000000	189	142	0.897	0.204
2628.000000	189	64	0.898	0.200
2634.000000	189	64	0.899	0.208
2640.000000	189	64	0.899	0.218
2646.000000	189	64	0.900	0.229
2652.000000	189	64	0.900	0.240
2658.000000	189	64	0.900	0.252
2664.000000	189	64	0.899	0.265
2670.000000	189	64	0.897	0.281
2676.000000	189	64	0.898	0.301
2682.000000	189	64	0.897	0.322
2688.000000	189	64	0.894	0.337
2694.000000	189	64	0.891	0.349
2700.000000	189	64	0.886	0.368
2706.000000	189	64	0.882	0.388
2712.000000	189	64	0.874	0.415
2718.000000	189	64	0.871	0.440
2724.000000	189	64	0.863	0.469
2730.000000	189	64	0.854	0.490
2736.000000	189	64	0.845	0.518
2742.000000	189	64	0.838	0.541
2748.000000	189	64	0.830	0.560
2754.000000	189	64	0.816	0.583
2760.000000	189	64	0.789	0.612
2766.000000	189	64	0.769	0.639
2772.000000	189	64	0.749	0.656
2778.000000	189	64	0.729	0.670
2784.000000	189	64	0.698	0.696
2790.000000	64	189	0.739	0.646
2796.000000	64	189	0.772	0.582
2802.000000	64	189	0.798	0.484
2808.000000	64	189	0.851	0.326
2814.000000	64	189	0.906	0.176
2820.000000	64	48	0.948	0.146
2826.000000	64	48	0.960	0.145
2832.000000	64	48	0.959	0.143
2838.000000	64	48	0.958	0.142
2844.000000	64	48	0.956	0.141
2850.000000	64	48	0.953	0.141
2856.000000	64	48	0.952	0.141
2862.000000	64	48	0.952	0.135
2868.000000	64	48	0.950	0.126
2874.000000	64	48	0.947	0.125
2880.000000	64	156	0.945	0.127
2886.000000	64	156	0.942	0.127
2892.000000	64	156	0.938	0.127
2898.000000	64	76	0.934	0.131
2904.000000	64	76	0.931	0.135
2910.000000	64	76	0.928	0.136
2916.000000	64	9	0.925	0.142
2922.000000	64	9	0.922	0.153
2928.000000	64	9	0.920	0.162
2934.000000	64	9	0.919	0.166
2940.000000	64	9	0.918	0.170
2946.000000	64	134	0.916	0.182
2952.000000	64	134	0.916	0.189
2958.000000	64	134	0.915	0.200
2964.000000	64	134	0.914	0.220
2970.000000	64	134	0.913	0.241
2976.000000	64	134	0.910	0.267
2982.000000	64	134	0.909	0.292
2988.000000	64	134	0.906	0.315
2994.000000	64	134	0.904	0.335
3000.000000	64	134	0.902	0.363
3006.000000	64	134	0.896	0.399
3012.000000	64	134	0.893	0.445
3018.000000	64	134	0.890	0.482
3024.000000	64	134	0.885	0.513
3030.000000	64	134	0.876	0.554
3036.000000	64	134	0.863	0.588
3042.000000	64	134	0.855	0.606
3048.000000	64	134	0.846	0.632
3054.000000	64	134	0.834	0.655
3060.000000	64	134	0.812	0.692
3066.000000	64	134	0.798	0.718
3072.000000	64	134	0.784	0.734
3078.000000	64	134	0.761	0.753
3084.000000	134	64	0.769	0.729
3090.000000	134	64	0.789	0.681
3096.000000	134	64	0.807	0.631
3102.000000	134	64	0.829	0.573
3108.000000	134	64	0.856	0.501
3114.000000	134	64	0.892	0.402
3120.000000	134	64	0.909	0.293
3126.000000	134	64	0.924	0.164
3132.000000	134	9	0.932	0.134
3138.000000	134	9	0.937	0.132
3144.000000	134	9	0.935	0.125
3150.000000	134	56	0.931	0.126
3156.000000	134	56	0.932	0.137
3162.000000	134	56	0.930	0.146
3168.000000	134	56	0.928	0.158
3174.000000	134	56	0.926	0.171
3180.000000	134	56	0.924	0.185
3186.000000	134	56	0.926	0.199
3192.000000	134	56	0.921	0.209
3198.000000	134	56	0.918	0.220
3204.000000	134	56	0.920	0.226
3210.000000	134	56	0.920	0.238
3216.000000	134	56	0.917	0.249
3222.000000	134	56	0.913	0.255
3228.000000	134	56	0.910	0.257
3234.000000	134	56	0.905	0.264
3240.000000	134	56	0.896	0.272
3246.000000	134	56	0.890	0.279
3252.000000	134	56	0.886	0.286
3258.000000	134	56	0.879	0.293
3264.000000	134	56	0.875	0.295
3270.000000	134	56	0.870	0.295
3276.000000	134	56	0.864	0.296
3282.000000	134	56	0.860	0.299
3288.000000	134	56	0.856	0.305
3294.000000	134	56	0.852	0.314
3300.000000	134	56	0.850	0.320
3306.000000	134	56	0.848	0.335
3312.000000	134	56	0.843	0.344
3318.000000	134	56	0.837	0.346
3324.000000	134	56	0.831	0.342
3330.000000	134	56	0.829	0.339
3336.000000	134	56	0.824	0.336
3342.000000	134	56	0.817	0.339
3348.000000	134	56	0.813	0.344
3354.000000	134	56	0.809	0.346
3360.000000	134	56	0.800	0.345
3366.000000	134	56	0.794	0.345
3372.000000	134	56	0.783	0.348
3378.000000	134	56	0.776	0.349
3384.000000	134	164	0.770	0.367
3390.000000	134	164	0.764	0.379
3396.000000	134	164	0.754	0.394
3402.000000	134	164	0.737	0.413
3408.000000	134	164	0.704	0.433
3414.000000	134	164	0.658	0.458
3420.000000	134	164	0.601	0.494
3426.000000	134	164	0.532	0.528
3432.000000	164	134	0.568	0.428
3438.000000	164	56	0.602	0.398
3444.000000	164	56	0.644	0.401
3450.000000	164	56	0.676	0.395
3456.000000	164	56	0.699	0.389
3462.000000	164	56	0.716	0.387
3468.000000	164	56	0.732	0.386
3474.000000	164	56	0.752	0.383
3480.000000	164	56	0.761	0.370
3486.000000	164	56	0.771	0.360
3492.000000	164	56	0.776	0.357
3498.000000	164	56	0.783	0.349
3504.000000	164	56	0.792	0.339
3510.000000	164	56	0.794	0.329
3516.000000	164	56	0.802	0.316
3522.000000	164	56	0.808	0.303
3528.000000	164	56	0.810	0.292
3534.000000	164	56	0.815	0.279
3540.000000	164	56	0.817	0.268
3546.000000	164	56	0.821	0.256
3552.000000	164	56	0.825	0.243
3558.000000	164	56	0.827	0.228
3564.000000	164	56	0.826	0.210
3570.000000	164	56	0.825	0.190
3576.000000	164	69	0.825	0.184
3582.000000	164	69	0.829	0.180
3588.000000	164	17	0.838	0.176
3594.000000	164	17	0.845	0.167
3600.000000	164	159	0.862	0.172
3606.000000	164	159	0.869	0.184
3612.000000	164	159	0.873	0.197
3618.000000	164	159	0.876	0.219
3624.000000	164	159	0.878	0.234
3630.000000	164	159	0.878	0.253
3636.000000	164	159	0.876	0.275
3642.000000	164	159	0.875	0.297
3648.000000	164	159	0.874	0.318
3654.000000	164	159	0.874	0.330
3660.000000	164	159	0.876	0.339
3666.000000	164	159	0.874	0.348
3672.000000	164	159	0.873	0.362
3678.000000	164	159	0.872	0.377
3684.000000	164	159	0.870	0.390
3690.000000	164	159	0.866	0.396
3696.000000	164	159	0.864	0.405
3702.000000	164	159	0.863	0.414
3708.000000	164	159	0.862	0.427
3714.000000	164	159	0.861	0.436
3720.000000	164	159	0.857	0.444
3726.000000	164	159	0.850	0.457
3732.000000	164	159	0.843	0.471
3738.000000	164	159	0.832	0.483
3744.000000	164	159	0.822	0.497
3750.000000	164	159	0.816	0.510
3756.000000	164	159	0.804	0.526
3762.000000	164	159	0.795	0.538
3768.000000	164	159	0.788	0.550
3774.000000	164	159	0.777	0.563
3780.000000	164	159	0.763	0.582
3786.000000	164	159	0.755	0.593
3792.000000	164	159	0.744	0.609
3798.000000	164	159	0.725	0.621
3804.000000	164	159	0.698	0.635
3810.000000	164	159	0.664	0.650
3816.000000	159	164	0.662	0.633
3822.000000	159	164	0.681	0.586
3828.000000	159	164	0.705	0.534
3834.000000	159	164	0.736	0.455
3840.000000	159	193	0.762	0.414
3846.000000	159	193	0.797	0.426
3852.000000	159	193	0.833	0.440
3858.000000	159	193	0.853	0.450
3864.000000	159	193	0.866	0.448
3870.000000	159	193	0.883	0.435
3876.000000	159	193	0.888	0.431
3882.000000	159	193	0.891	0.430
3888.000000	159	193	0.894	0.429
3894.000000	159	193	0.900	0.426
3900.000000	159	193	0.909	0.419
3906.000000	159	193	0.916	0.412
3912.000000	159	193	0.917	0.407
3918.000000	159	193	0.916	0.402
3924.000000	159	193	0.917	0.395
3930.000000	159	193	0.918	0.388
3936.000000	159	193	0.914	0.381
3942.000000	159	193	0.912	0.373
3948.000000	159	193	0.910	0.366
3954.000000	159	193	0.908	0.358
3960.000000	159	193	0.905	0.347
3966.000000	159	193	0.904	0.334
3972.000000	159	193	0.905	0.322
3978.000000	159	193	0.905	0.301
3984.000000	159	193	0.905	0.276
3990.000000	159	193	0.905	0.244
3996.000000	159	193	0.904	0.209
4002.000000	159	195	0.904	0.205
4008.000000	159	195	0.904	0.214
4014.000000	159	195	0.902	0.221
4020.000000	159	195	0.896	0.226
4026.000000	159	195	0.891	0.244
4032.000000	159	195	0.885	0.269
4038.000000	159	195	0.879	0.290
4044.000000	159	195	0.871	0.310
4050.000000	159	195	0.867	0.327
4056.000000	159	195	0.859	0.343
4062.000000	159	195	0.855	0.360
4068.000000	159	195	0.848	0.374
4074.000000	159	195	0.840	0.389
4080.000000	159	195	0.831	0.408
4086.000000	159	195	0.817	0.434
4092.000000	159	195	0.802	0.445
4098.000000	159	195	0.784	0.452
4104.000000	159	195	0.763	0.465
4110.000000	159	195	0.744	0.485
4116.000000	159	195	0.724	0.507
4122.000000	159	195	0.699	0.530
4128.000000	159	195	0.669	0.558
4134.000000	159	195	0.622	0.582
4140.000000	195	159	0.615	0.570
4146.000000	195	159	0.665	0.502
4152.000000	195	159	0.700	0.416
4158.000000	195	159	0.742	0.287
4164.000000	195	133	0.780	0.170
4170.000000	195	133	0.809	0.163
4176.000000	195	108	0.836	0.161
4182.000000	195	108	0.857	0.157
4188.000000	195	108	0.866	0.160
4194.000000	195	108	0.879	0.171
4200.000000	195	108	0.887	0.186
4206.000000	195	108	0.889	0.198
4212.000000	195	108	0.886	0.209
4218.000000	195	108	0.885	0.212
4224.000000	195	108	0.885	0.215
4230.000000	195	108	0.884	0.220
4236.000000	195	108	0.880	0.230
4242.000000	195	75	0.878	0.240
4248.000000	195	75	0.876	0.252
4254.000000	195	75	0.873	0.261
4260.000000	195	75	0.872	0.276
4266.000000	195	75	0.871	0.290
4272.000000	195	75	0.871	0.300
4278.000000	195	75	0.869	0.308
4284.000000	195	75	0.867	0.315
4290.000000	195	75	0.867	0.320
4296.000000	195	75	0.869	0.325
4302.000000	195	75	0.868	0.328
4308.000000	195	75	0.867	0.328
4314.000000	195	75	0.866	0.328
4320.000000	195	75	0.866	0.330
4326.000000	195	75	0.864	0.329
4332.000000	195	75	0.862	0.329
4338.000000	195	75	0.861	0.328
4344.000000	195	75	0.861	0.324
4350.000000	195	75	0.856	0.324
4356.000000	195	75	0.855	0.320
4362.000000	195	75	0.858	0.312
4368.000000	195	75	0.861	0.304
4374.000000	195	75	0.860	0.309
4380.000000	195	75	0.858	0.311
4386.000000	195	75	0.858	0.311
4392.000000	195	75	0.853	0.307
4398.000000	195	75	0.849	0.297
4404.000000	195	75	0.846	0.291
4410.000000	195	75	0.840	0.284
4416.000000	195	75	0.835	0.277
4422.000000	195	75	0.827	0.268
4428.000000	195	128	0.821	0.264
4434.000000	195	128	0.815	0.262
4440.000000	195	128	0.811	0.252
4446.000000	195	128	0.804	0.240
4452.000000	195	128	0.798	0.228
4458.000000	195	128	0.792	0.211
4464.000000	195	28	0.783	0.202
4470.000000	195	28	0.775	0.203
4476.000000	195	28	0.767	0.205
4482.000000	195	28	0.754	0.207
4488.000000	195	28	0.735	0.213
4494.000000	195	28	0.718	0.219
4500.000000	195	28	0.691	0.226
4506.000000	195	28	0.664	0.229
4512.000000	195	28	0.634	0.236
4518.000000	195	28	0.589	0.246
4524.000000	195	28	0.513	0.259
4530.000000	195	28	0.430	0.281
4536.000000	195	28	0.334	0.299
4542.000000	43	28	0.324	0.310
4548.000000	43	28	0.351	0.321
4554.000000	43	28	0.376	0.335
4560.000000	43	28	0.405	0.348
4566.000000	43	28	0.435	0.356
4572.000000	43	28	0.446	0.371
4578.000000	43	28	0.452	0.389
4584.000000	43	28	0.462	0.410
4590.000000	43	28	0.490	0.426
4596.000000	43	28	0.512	0.428
4602.000000	43	28	0.524	0.429
4608.000000	43	28	0.546	0.429
4614.000000	43	28	0.566	0.429
4620.000000	43	28	0.578	0.430
4626.000000	43	28	0.587	0.430
4632.000000	43	28	0.591	0.427
4638.000000	43	28	0.600	0.426
4644.000000	43	28	0.608	0.430
4650.000000	43	28	0.611	0.434
4656.000000	43	28	0.625	0.434
4662.000000	43	28	0.649	0.432
4668.000000	43	28	0.664	0.431
4674.000000	43	28	0.670	0.428
4680.000000	43	189	0.674	0.431
4686.000000	43	189	0.680	0.434
4692.000000	43	189	0.692	0.433
4698.000000	43	189	0.702	0.432
4704.000000	43	189	0.724	0.424
4710.000000	43	189	0.746	0.419
4716.000000	43	189	0.763	0.412
4722.000000	43	189	0.766	0.412
4728.000000	43	189	0.773	0.410
4734.000000	43	189	0.783	0.412
4740.000000	43	189	0.807	0.404
4746.000000	43	189	0.821	0.398
4752.000000	43	189	0.834	0.399
4758.000000	43	189	0.846	0.395
4764.000000	43	189	0.853	0.383
4770.000000	43	189	0.859	0.375
4776.000000	43	189	0.865	0.362
4782.000000	43	189	0.867	0.344
4788.000000	43	189	0.874	0.333
4794.000000	43	189	0.881	0.321
4800.000000	43	189	0.887	0.302
4806.000000	43	189	0.889	0.278
4812.000000	43	189	0.894	0.251
4818.000000	43	189	0.899	0.223
4824.000000	43	189	0.905	0.198
4830.000000	43	189	0.908	0.180
4836.000000	43	79	0.908	0.162
4842.000000	43	8	0.908	0.173
4848.000000	43	8	0.911	0.184
4854.000000	43	8	0.913	0.189
4860.000000	43	8	0.912	0.194
4866.000000	43	8	0.911	0.197
4872.000000	43	8	0.907	0.205
4878.000000	43	8	0.906	0.210
4884.000000	43	8	0.905	0.215
4890.000000	43	8	0.902	0.216
4896.000000	43	8	0.897	0.217
4902.000000	43	8	0.895	0.214
4908.000000	43	8	0.893	0.209
4914.000000	43	8	0.890	0.203
4920.000000	43	8	0.887	0.195
4926.000000	43	8	0.884	0.193
4932.000000	43	8	0.880	0.196
4938.000000	43	8	0.873	0.197
4944.000000	43	8	0.868	0.197
4950.000000	43	8	0.861	0.196
4956.000000	43	8	0.858	0.190
4962.000000	43	8	0.856	0.186
4968.000000	43	8	0.849	0.184
4974.000000	43	8	0.840	0.182
4980.000000	43	155	0.831	0.182
4986.000000	43	155	0.820	0.194
4992.000000	43	155	0.803	0.206
4998.000000	43	155	0.786	0.220
5004.000000	43	155	0.764	0.232
5010.000000	43	155	0.743	0.243
5016.000000	43	155	0.717	0.259
5022.000000	43	155	0.686	0.283
5028.000000	43	155	0.646	0.302
5034.000000	43	155	0.595	0.325
5040.000000	43	155	0.528	0.343
5046.000000	43	155	0.433	0.359
5052.000000	155	43	0.393	0.313
5058.000000	155	27	0.438	0.243
5064.000000	155	27	0.492	0.246
5070.000000	155	27	0.547	0.248
5076.000000	155	27	0.598	0.258
5082.000000	155	27	0.630	0.272
5088.000000	155	27	0.661	0.284
5094.000000	155	27	0.673	0.293
5100.000000	155	27	0.692	0.299
5106.000000	155	27	0.704	0.305
5112.000000	155	27	0.715	0.306
5118.000000	155	27	0.726	0.309
5124.000000	155	27	0.733	0.314
5130.000000	155	27	0.743	0.318
5136.000000	155	27	0.753	0.323
5142.000000	155	27	0.762	0.332
5148.000000	155	27	0.773	0.339
5154.000000	155	27	0.777	0.342
5160.000000	155	27	0.778	0.344
5166.000000	155	27	0.785	0.348
5172.000000	155	27	0.791	0.351
5178.000000	155	27	0.795	0.352
5184.000000	155	27	0.796	0.355
5190.000000	155	27	0.800	0.350
5196.000000	155	27	0.806	0.355
5202.000000	155	27	0.813	0.362
5208.000000	155	27	0.817	0.365
5214.000000	155	27	0.826	0.368
5220.000000	155	27	0.836	0.369
5226.000000	155	27	0.840	0.375
5232.000000	155	27	0.844	0.387
5238.000000	155	27	0.848	0.400
5244.000000	155	27	0.853	0.413
5250.000000	155	27	0.864	0.420
5256.000000	155	27	0.871	0.430
5262.000000	155	27	0.876	0.442
5268.000000	155	27	0.876	0.450
5274.000000	155	27	0.877	0.458
5280.000000	155	27	0.881	0.471
5286.000000	155	27	0.884	0.482
5292.000000	155	27	0.884	0.491
5298.000000	155	27	0.883	0.499
5304.000000	155	27	0.877	0.513
5310.000000	155	27	0.881	0.526
5316.000000	155	27	0.882	0.529
5322.000000	155	27	0.874	0.526
5328.000000	155	27	0.871	0.528
5334.000000	155	27	0.868	0.529
5340.000000	155	27	0.869	0.527
5346.000000	155	27	0.870	0.525
5352.000000	155	27	0.867	0.523
5358.000000	155	27	0.864	0.525
5364.000000	155	27	0.859	0.533
5370.000000	155	27	0.858	0.537
5376.000000	155	27	0.857	0.541
5382.000000	155	27	0.857	0.542
5388.000000	155	27	0.858	0.546
5394.000000	155	27	0.858	0.552
5400.000000	155	27	0.857	0.556
5406.000000	155	27	0.855	0.555
5412.000000	155	27	0.850	0.555
5418.000000	155	27	0.843	0.556
5424.000000	155	27	0.835	0.563
5430.000000	155	27	0.833	0.572
5436.000000	155	27	0.830	0.576
5442.000000	155	27	0.822	0.581
5448.000000	155	27	0.811	0.587
5454.000000	155	27	0.802	0.589
5460.000000	155	27	0.793	0.589
5466.000000	155	27	0.778	0.591
5472.000000	155	27	0.756	0.600
5478.000000	155	27	0.729	0.613
5484.000000	155	27	0.702	0.627
5490.000000	155	27	0.663	0.643
5496.000000	27	155	0.653	0.617
5502.000000	27	155	0.662	0.566
5508.000000	27	42	0.669	0.569
5514.000000	27	42	0.688	0.603
5520.000000	27	42	0.718	0.636
5526.000000	27	42	0.725	0.680
5532.000000	27	42	0.733	0.714
5538.000000	42	27	0.743	0.740
5544.000000	42	27	0.751	0.748
5550.000000	42	27	0.760	0.752
5556.000000	42	27	0.775	0.750
5562.000000	42	27	0.794	0.748
5568.000000	42	27	0.811	0.740
5574.000000	42	27	0.818	0.736
5580.000000	42	27	0.824	0.726
5586.000000	42	27	0.830	0.717
5592.000000	42	27	0.838	0.706
5598.000000	42	27	0.841	0.701
5604.000000	42	27	0.843	0.692
5610.000000	42	27	0.847	0.678
5616.000000	42	27	0.850	0.661
5622.000000	42	27	0.853	0.641
5628.000000	42	27	0.858	0.618
5634.000000	42	27	0.863	0.594
5640.000000	42	27	0.878	0.558
5646.000000	42	27	0.889	0.520
5652.000000	42	27	0.894	0.482
5658.000000	42	27	0.897	0.437
5664.000000	42	10	0.901	0.397
5670.000000	42	10	0.909	0.424
5676.000000	42	10	0.914	0.462
5682.000000	42	10	0.913	0.496
5688.000000	42	10	0.911	0.530
5694.000000	42	10	0.907	0.574
5700.000000	42	10	0.901	0.611
5706.000000	42	10	0.897	0.639
5712.000000	42	10	0.888	0.663
5718.000000	42	10	0.880	0.684
5724.000000	42	10	0.875	0.698
5730.000000	42	10	0.869	0.712
5736.000000	42	10	0.852	0.730
5742.000000	42	10	0.833	0.747
5748.000000	42	10	0.821	0.762
5754.000000	42	10	0.806	0.777
5760.000000	42	10	0.793	0.784
5766.000000	10	42	0.793	0.769
5772.000000	10	42	0.804	0.744
5778.000000	10	42	0.805	0.730
5784.000000	10	42	0.813	0.706
5790.000000	10	42	0.822	0.676
5796.000000	10	42	0.831	0.637
5802.000000	10	42	0.836	0.598
5808.000000	10	42	0.842	0.560
5814.000000	10	42	0.859	0.509
5820.000000	10	42	0.875	0.443
5826.000000	10	42	0.887	0.364
5832.000000	10	42	0.900	0.277
5838.000000	10	169	0.917	0.274
5844.000000	10	169	0.922	0.298
5850.000000	10	169	0.924	0.328
5856.000000	10	169	0.923	0.352
5862.000000	10	169	0.923	0.373
5868.000000	10	169	0.923	0.390
5874.000000	10	169	0.921	0.407
5880.000000	10	169	0.917	0.428
5886.000000	10	169	0.915	0.449
5892.000000	10	169	0.912	0.465
5898.000000	10	169	0.906	0.480
5904.000000	10	169	0.899	0.498
5910.000000	10	169	0.893	0.513
5916.000000	10	169	0.888	0.526
5922.000000	10	169	0.883	0.545
5928.000000	10	169	0.885	0.565
5934.000000	10	169	0.885	0.582
5940.000000	10	169	0.885	0.599
5946.000000	10	169	0.883	0.615
5952.000000	10	169	0.877	0.632
5958.000000	10	169	0.864	0.652
5964.000000	10	169	0.856	0.676
5970.000000	10	169	0.848	0.692
5976.000000	10	169	0.841	0.705
5982.000000	10	169	0.830	0.727
5988.000000	10	169	0.825	0.739
5994.000000	10	169	0.817	0.750
6000.000000	10	169	0.813	0.763
6006.000000	10	169	0.806	0.776
6012.000000	10	169	0.799	0.779
6018.000000	169	10	0.787	0.784
6024.000000	169	10	0.803	0.769
6030.000000	169	10	0.819	0.741
6036.000000	169	10	0.830	0.714
6042.000000	169	10	0.850	0.674
6048.000000	169	10	0.859	0.637
6054.000000	169	10	0.877	0.579
6060.000000	169	10	0.892	0.505
6066.000000	169	10	0.910	0.397
6072.000000	169	10	0.921	0.260
6078.000000	169	118	0.936	0.146
6084.000000	169	118	0.943	0.150
6090.000000	169	118	0.946	0.148
6096.000000	169	118	0.946	0.149
6102.000000	169	118	0.945	0.151
6108.000000	169	118	0.946	0.152
6114.000000	169	118	0.944	0.154
6120.000000	169	118	0.940	0.155
6126.000000	169	118	0.937	0.156
6132.000000	169	118	0.936	0.152
6138.000000	169	118	0.934	0.142
6144.000000	169	93	0.934	0.143
6150.000000	169	93	0.935	0.147
6156.000000	169	93	0.935	0.148
6162.000000	169	93	0.934	0.150
6168.000000	169	93	0.935	0.156
6174.000000	169	93	0.935	0.163
6180.000000	169	93	0.934	0.167
6186.000000	169	93	0.933	0.169
6192.000000	169	93	0.931	0.168
6198.000000	169	93	0.929	0.167
6204.000000	169	93	0.927	0.168
6210.000000	169	93	0.926	0.170
6216.000000	169	93	0.926	0.174
6222.000000	169	93	0.924	0.182
6228.000000	169	93	0.923	0.190
6234.000000	169	93	0.921	0.192
6240.000000	169	93	0.918	0.196
6246.000000	169	93	0.912	0.199
6252.000000	169	93	0.906	0.204
6258.000000	169	93	0.904	0.213
6264.000000	169	93	0.902	0.222
6270.000000	169	93	0.899	0.230
6276.000000	169	93	0.894	0.234
6282.000000	169	93	0.891	0.244
6288.000000	169	93	0.886	0.260
6294.000000	169	93	0.884	0.268
6300.000000	169	93	0.881	0.278
6306.000000	169	93	0.880	0.283
6312.000000	169	189	0.877	0.290
6318.000000	169	189	0.871	0.307
6324.000000	169	189	0.865	0.326
6330.000000	169	189	0.858	0.353
6336.000000	169	189	0.849	0.386
6342.000000	169	189	0.839	0.403
6348.000000	169	189	0.826	0.420
6354.000000	169	189	0.808	0.449
6360.000000	169	189	0.790	0.482
6366.000000	169	189	0.761	0.515
6372.000000	169	189	0.726	0.539
6378.000000	169	189	0.683	0.571
6384.000000	169	189	0.614	0.608
6390.000000	189	169	0.651	0.532
6396.000000	189	169	0.694	0.404
6402.000000	189	93	0.738	0.385
6408.000000	189	93	0.784	0.408
6414.000000	189	93	0.815	0.435
6420.000000	189	93	0.853	0.438
6426.000000	189	93	0.866	0.438
6432.000000	189	93	0.877	0.441
6438.000000	189	93	0.882	0.445
6444.000000	189	93	0.884	0.450
6450.000000	189	93	0.885	0.453
6456.000000	189	93	0.887	0.459
6462.000000	189	93	0.889	0.459
6468.000000	189	93	0.888	0.456
6474.000000	189	93	0.887	0.453
6480.000000	189	93	0.887	0.450
6486.000000	189	93	0.893	0.447
6492.000000	189	93	0.894	0.443
6498.000000	189	93	0.894	0.442
6504.000000	189	93	0.893	0.443
6510.000000	189	93	0.893	0.439
6516.000000	189	93	0.893	0.437
6522.000000	189	93	0.893	0.441
6528.000000	189	93	0.894	0.441
6534.000000	189	93	0.896	0.430
6540.000000	189	93	0.901	0.416
6546.000000	189	93	0.903	0.403
6552.000000	189	93	0.905	0.388
6558.000000	189	93	0.907	0.376
6564.000000	189	93	0.910	0.362
6570.000000	189	93	0.911	0.353
6576.000000	189	93	0.913	0.342
6582.000000	189	93	0.915	0.324
6588.000000	189	93	0.915	0.297
6594.000000	189	93	0.916	0.255
6600.000000	189	93	0.917	0.216
6606.000000	189	93	0.918	0.179
6612.000000	189	18	0.919	0.142
6618.000000	189	18	0.923	0.143
6624.000000	189	18	0.928	0.146
6630.000000	189	18	0.930	0.150
6636.000000	189	18	0.930	0.150
6642.000000	189	18	0.931	0.147
6648.000000	189	192	0.933	0.144
6654.000000	189	192	0.935	0.148
6660.000000	189	130	0.935	0.154
6666.000000	189	192	0.932	0.163
6672.000000	189	192	0.929	0.172
6678.000000	189	130	0.929	0.177
6684.000000	189	130	0.929	0.187
6690.000000	189	130	0.930	0.199
6696.000000	189	130	0.929	0.211
6702.000000	189	130	0.927	0.222
6708.000000	189	130	0.924	0.235
6714.000000	189	130	0.921	0.256
6720.000000	189	130	0.914	0.274
6726.000000	189	130	0.906	0.286
6732.000000	189	130	0.899	0.297
6738.000000	189	130	0.892	0.306
6744.000000	189	130	0.885	0.313
6750.000000	189	130	0.880	0.324
6756.000000	189	130	0.870	0.340
6762.000000	189	130	0.856	0.354
6768.000000	189	130	0.841	0.364
6774.000000	189	130	0.826	0.374
6780.000000	189	130	0.805	0.391
6786.000000	189	130	0.787	0.407
6792.000000	189	130	0.763	0.423
6798.000000	189	130	0.732	0.448
6804.000000	189	130	0.701	0.481
6810.000000	189	130	0.662	0.510
6816.000000	189	130	0.606	0.540
6822.000000	130	189	0.580	0.529
6828.000000	130	189	0.617	0.419
6834.000000	130	192	0.662	0.371
6840.000000	130	192	0.704	0.394
6846.000000	130	192	0.729	0.413
6852.000000	130	192	0.743	0.424
6858.000000	130	192	0.745	0.430
6864.000000	130	192	0.753	0.432
6870.000000	130	192	0.765	0.435
6876.000000	130	192	0.773	0.441
6882.000000	130	192	0.781	0.445
6888.000000	130	192	0.782	0.441
6894.000000	130	192	0.783	0.437
6900.000000	130	192	0.781	0.435
6906.000000	130	192	0.782	0.434
6912.000000	130	192	0.781	0.433
6918.000000	130	192	0.779	0.431
6924.000000	130	192	0.780	0.425
6930.000000	130	192	0.778	0.425
6936.000000	130	192	0.777	0.423
6942.000000	130	192	0.779	0.419
6948.000000	130	192	0.774	0.421
6954.000000	130	120	0.775	0.423
6960.000000	130	120	0.775	0.426
6966.000000	130	120	0.779	0.426
6972.000000	130	120	0.779	0.429
6978.000000	130	120	0.779	0.432
6984.000000	130	120	0.777	0.438
6990.000000	130	120	0.776	0.441
6996.000000	130	120	0.777	0.445
7002.000000	130	120	0.778	0.452
7008.000000	130	120	0.779	0.459
7014.000000	130	120	0.778	0.472
7020.000000	130	120	0.778	0.488
7026.000000	130	120	0.774	0.505
7032.000000	130	120	0.775	0.511
7038.000000	130	120	0.779	0.515
7044.000000	130	120	0.780	0.520
7050.000000	130	120	0.783	0.530
7056.000000	130	120	0.780	0.549
7062.000000	130	120	0.783	0.560
7068.000000	130	120	0.781	0.571
7074.000000	130	120	0.777	0.581
7080.000000	130	120	0.777	0.589
7086.000000	130	120	0.773	0.594
7092.000000	130	120	0.767	0.601
7098.000000	130	120	0.769	0.600
7104.000000	130	120	0.770	0.603
7110.000000	130	120	0.766	0.603
7116.000000	130	120	0.763	0.599
7122.000000	130	120	0.758	0.593
7128.000000	130	120	0.750	0.593
7134.000000	130	120	0.735	0.598
7140.000000	130	120	0.714	0.602
7146.000000	130	120	0.685	0.611
7152.000000	130	120	0.658	0.609
7158.000000	130	120	0.628	0.607
7164.000000	120	130	0.603	0.592
7170.000000	120	130	0.598	0.556
7176.000000	120	130	0.605	0.504
7182.000000	120	130	0.618	0.434
7188.000000	120	130	0.630	0.341
7194.000000	120	130	0.661	0.215
7200.000000	120	10	0.682	0.224
7206.000000	120	10	0.690	0.253
7212.000000	120	10	0.681	0.275
7218.000000	120	10	0.675	0.293
7224.000000	120	10	0.666	0.316
7230.000000	120	10	0.659	0.336
7236.000000	120	10	0.651	0.355
7242.000000	120	10	0.645	0.385
7248.000000	120	10	0.632	0.418
7254.000000	120	10	0.610	0.450
7260.000000	120	10	0.593	0.477
7266.000000	120	10	0.570	0.499
7272.000000	120	10	0.547	0.516
7278.000000	10	120	0.529	0.521
7284.000000	10	120	0.541	0.500
7290.000000	10	120	0.549	0.464
7296.000000	10	120	0.563	0.439
7302.000000	10	120	0.584	0.416
7308.000000	10	120	0.606	0.373
7314.000000	10	120	0.631	0.320
7320.000000	10	108	0.652	0.315
7326.000000	10	108	0.671	0.317
7332.000000	10	108	0.696	0.319
7338.000000	10	106	0.714	0.332
7344.000000	10	106	0.720	0.346
7350.000000	10	106	0.733	0.358
7356.000000	10	106	0.741	0.375
7362.000000	10	106	0.757	0.387
7368.000000	10	106	0.767	0.394
7374.000000	10	106	0.777	0.403
7380.000000	10	106	0.793	0.404
7386.000000	10	108	0.795	0.405
7392.000000	10	108	0.798	0.407
7398.000000	10	108	0.805	0.409
7404.000000	10	108	0.807	0.409
7410.000000	10	108	0.812	0.406
7416.000000	10	108	0.816	0.409
7422.000000	10	108	0.815	0.413
7428.000000	10	108	0.814	0.413
7434.000000	10	108	0.814	0.415
7440.000000	10	108	0.818	0.417
7446.000000	10	108	0.821	0.413
7452.000000	10	108	0.823	0.403
7458.000000	10	108	0.827	0.388
7464.000000	10	108	0.831	0.369
7470.000000	10	108	0.835	0.354
7476.000000	10	108	0.837	0.341
7482.000000	10	108	0.838	0.326
7488.000000	10	190	0.839	0.321
7494.000000	10	190	0.843	0.326
7500.000000	10	190	0.842	0.332
7506.000000	10	190	0.840	0.335
7512.000000	10	190	0.840	0.343
7518.000000	10	190	0.843	0.353
7524.000000	10	190	0.844	0.365
7530.000000	10	190	0.847	0.380
7536.000000	10	190	0.853	0.392
7542.000000	10	190	0.855	0.411
7548.000000	10	190	0.855	0.434
7554.000000	10	190	0.856	0.454
7560.000000	10	190	0.857	0.468
7566.000000	10	190	0.856	0.481
7572.000000	10	190	0.847	0.503
7578.000000	10	190	0.833	0.534
7584.000000	10	190	0.828	0.557
7590.000000	10	190	0.821	0.574
7596.000000	10	190	0.817	0.583
7602.000000	10	190	0.813	0.592
7608.000000	10	190	0.806	0.604
7614.000000	10	190	0.795	0.618
7620.000000	10	190	0.781	0.653
7626.000000	10	190	0.770	0.666
7632.000000	10	190	0.760	0.677
7638.000000	10	190	0.745	0.688
7644.000000	10	190	0.727	0.701
7650.000000	190	10	0.721	0.700
7656.000000	190	10	0.741	0.671
7662.000000	190	10	0.763	0.641
7668.000000	190	10	0.797	0.602
7674.000000	190	10	0.837	0.546
7680.000000	190	10	0.867	0.472
7686.000000	190	10	0.909	0.345
7692.000000	190	10	0.936	0.196
7698.000000	190	28	0.949	0.160
7704.000000	190	70	0.950	0.160
7710.000000	190	70	0.950	0.162
7716.000000	190	28	0.949	0.167
7722.000000	190	28	0.951	0.169
7728.000000	190	28	0.949	0.172
7734.000000	190	28	0.948	0.173
7740.000000	190	53	0.948	0.172
7746.000000	190	53	0.947	0.176
7752.000000	190	53	0.947	0.178
7758.000000	190	70	0.948	0.183
7764.000000	190	70	0.947	0.191
7770.000000	190	70	0.946	0.197
7776.000000	190	70	0.945	0.202
7782.000000	190	70	0.945	0.208
7788.000000	190	70	0.944	0.218
7794.000000	190	70	0.943	0.227
7800.000000	190	70	0.942	0.231
7806.000000	190	70	0.941	0.230
7812.000000	190	70	0.940	0.232
7818.000000	190	70	0.938	0.238
7824.000000	190	70	0.936	0.244
7830.000000	190	70	0.935	0.249
7836.000000	190	70	0.935	0.249
7842.000000	190	70	0.935	0.249
7848.000000	190	70	0.934	0.248
7854.000000	190	70	0.933	0.247
7860.000000	190	70	0.932	0.238
7866.000000	190	70	0.930	0.231
7872.000000	190	70	0.927	0.231
7878.000000	190	70	0.924	0.227
7884.000000	190	70	0.923	0.220
7890.000000	190	70	0.921	0.214
7896.000000	190	70	0.919	0.204
7902.000000	190	70	0.916	0.197
7908.000000	190	118	0.913	0.195
7914.000000	190	118	0.908	0.198
7920.000000	190	118	0.902	0.204
7926.000000	190	118	0.899	0.207
7932.000000	190	118	0.894	0.213
7938.000000	190	118	0.887	0.217
7944.000000	190	23	0.879	0.221
7950.000000	190	23	0.874	0.237
7956.000000	190	23	0.867	0.245
7962.000000	190	23	0.858	0.248
7968.000000	190	23	0.845	0.254
7974.000000	190	23	0.830	0.266
7980.000000	190	23	0.817	0.281
7986.000000	190	23	0.802	0.299
7992.000000	190	23	0.784	0.307
7998.000000	190	23	0.760	0.322
8004.000000	190	23	0.729	0.340
8010.000000	190	23	0.688	0.354
8016.000000	190	23	0.645	0.373
8022.000000	190	23	0.599	0.397
8028.000000	190	23	0.548	0.425
8034.000000	23	190	0.457	0.457
8040.000000	23	190	0.493	0.337
8046.000000	23	118	0.526	0.218
8052.000000	23	118	0.576	0.219
8058.000000	23	118	0.621	0.207
8064.000000	23	52	0.637	0.211
8070.000000	23	52	0.651	0.221
8076.000000	23	52	0.662	0.223
8082.000000	23	52	0.671	0.225
8088.000000	23	52	0.680	0.222
8094.000000	23	52	0.688	0.227
8100.000000	23	52	0.699	0.227
8106.000000	23	52	0.708	0.232
8112.000000	23	52	0.711	0.234
8118.000000	23	52	0.713	0.233
8124.000000	23	52	0.716	0.230
8130.000000	23	52	0.721	0.234
8136.000000	23	52	0.732	0.236
8142.000000	23	52	0.741	0.243
8148.000000	23	52	0.743	0.253
8154.000000	23	52	0.747	0.253
8160.000000	23	52	0.763	0.249
8166.000000	23	52	0.776	0.247
8172.000000	23	52	0.787	0.246
8178.000000	23	52	0.792	0.246
8184.000000	23	52	0.794	0.246
8190.000000	23	52	0.805	0.244
8196.000000	23	52	0.821	0.237
8202.000000	23	52	0.838	0.223
8208.000000	23	52	0.852	0.218
8214.000000	23	52	0.863	0.212
8220.000000	23	52	0.866	0.201
8226.000000	23	45	0.874	0.202
8232.000000	23	45	0.874	0.214
8238.000000	23	45	0.873	0.222
8244.000000	23	45	0.873	0.229
8250.000000	23	45	0.874	0.239
8256.000000	23	45	0.874	0.249
8262.000000	23	45	0.874	0.258
8268.000000	23	45	0.875	0.261
8274.000000	23	45	0.875	0.265
8280.000000	23	45	0.875	0.265
8286.000000	23	45	0.875	0.265
8292.000000	23	45	0.876	0.274
8298.000000	23	45	0.879	0.290
8304.000000	23	45	0.884	0.303
8310.000000	23	45	0.888	0.321
8316.000000	23	45	0.890	0.338
8322.000000	23	45	0.890	0.354
8328.000000	23	45	0.888	0.366
8334.000000	23	45	0.887	0.385
8340.000000	23	45	0.888	0.403
8346.000000	23	45	0.887	0.419
8352.000000	23	45	0.885	0.439
8358.000000	23	45	0.879	0.462
8364.000000	23	45	0.869	0.478
8370.000000	23	45	0.858	0.496
8376.000000	23	45	0.843	0.515
8382.000000	23	45	0.830	0.533
8388.000000	23	45	0.818	0.553
8394.000000	23	45	0.803	0.571
8400.000000	23	45	0.775	0.596
8406.000000	23	45	0.748	0.616
8412.000000	23	45	0.714	0.636
8418.000000	23	45	0.678	0.655
8424.000000	45	23	0.677	0.638
8430.000000	45	23	0.711	0.581
8436.000000	45	23	0.728	0.522
8442.000000	45	23	0.762	0.440
8448.000000	45	39	0.793	0.355
8454.000000	45	39	0.821	0.367
8460.000000	45	39	0.837	0.380
8466.000000	45	39	0.856	0.398
8472.000000	45	39	0.871	0.411
8478.000000	45	39	0.880	0.429
8484.000000	45	39	0.883	0.437
8490.000000	45	39	0.891	0.443
8496.000000	45	39	0.894	0.449
8502.000000	45	39	0.891	0.454
8508.000000	45	39	0.891	0.453
8514.000000	45	39	0.889	0.456
8520.000000	45	39	0.886	0.461
8526.000000	45	39	0.885	0.465
8532.000000	45	39	0.885	0.463
8538.000000	45	39	0.884	0.459
8544.000000	45	39	0.883	0.455
8550.000000	45	39	0.884	0.447
8556.000000	45	39	0.883	0.440
8562.000000	45	39	0.883	0.431
8568.000000	45	39	0.882	0.424
8574.000000	45	39	0.881	0.420
8580.000000	45	39	0.883	0.411
8586.000000	45	39	0.887	0.402
8592.000000	45	39	0.887	0.397
8598.000000	45	39	0.889	0.392
8604.000000	45	39	0.890	0.382
8610.000000	45	39	0.893	0.366
8616.000000	45	39	0.893	0.347
8622.000000	45	39	0.892	0.331
8628.000000	45	39	0.891	0.307
8634.000000	45	39	0.889	0.284
8640.000000	45	132	0.890	0.293
8646.000000	45	132	0.888	0.313
8652.000000	45	132	0.883	0.330
8658.000000	45	132	0.878	0.346
8664.000000	45	132	0.872	0.374
8670.000000	45	132	0.862	0.413
8676.000000	45	132	0.855	0.448
8682.000000	45	132	0.847	0.480
8688.000000	45	132	0.838	0.513
8694.000000	45	132	0.833	0.546
8700.000000	45	132	0.828	0.567
8706.000000	45	132	0.812	0.600
8712.000000	45	132	0.791	0.642
8718.000000	45	132	0.767	0.672
8724.000000	45	132	0.741	0.701
8730.000000	132	45	0.737	0.714
8736.000000	132	45	0.759	0.687
8742.000000	132	45	0.793	0.646
8748.000000	132	45	0.811	0.600
8754.000000	132	45	0.844	0.537
8760.000000	132	45	0.869	0.471
8766.000000	132	45	0.901	0.384
8772.000000	132	45	0.913	0.279
8778.000000	132	152	0.926	0.213
8784.000000	132	152	0.932	0.214
8790.000000	132	152	0.931	0.217
8796.000000	132	152	0.928	0.233
8802.000000	132	152	0.925	0.260
8808.000000	132	152	0.920	0.281
8814.000000	132	152	0.913	0.296
8820.000000	132	152	0.908	0.311
8826.000000	132	152	0.906	0.323
8832.000000	132	152	0.906	0.339
8838.000000	132	152	0.906	0.344
8844.000000	132	152	0.907	0.344
8850.000000	132	152	0.904	0.347
8856.000000	132	152	0.904	0.350
8862.000000	132	152	0.905	0.352
8868.000000	132	152	0.904	0.353
8874.000000	132	152	0.903	0.357
8880.000000	132	152	0.902	0.358
8886.000000	132	152	0.901	0.358
8892.000000	132	152	0.899	0.357
8898.000000	132	152	0.896	0.357
8904.000000	132	152	0.892	0.358
8910.000000	132	152	0.884	0.360
8916.000000	132	152	0.881	0.362
8922.000000	132	152	0.879	0.364
8928.000000	132	152	0.878	0.364
8934.000000	132	152	0.874	0.362
8940.000000	132	152	0.869	0.360
8946.000000	132	152	0.865	0.360
8952.000000	132	152	0.859	0.361
8958.000000	132	152	0.851	0.361
8964.000000	132	152	0.847	0.354
8970.000000	132	152	0.845	0.345
8976.000000	132	51	0.844	0.346
8982.000000	132	51	0.840	0.359
8988.000000	132	51	0.836	0.373
8994.000000	132	51	0.830	0.389
9000.000000	132	51	0.822	0.411
9006.000000	132	51	0.813	0.431
9012.000000	132	51	0.802	0.445
9018.000000	132	51	0.792	0.457
9024.000000	132	51	0.775	0.473
9030.000000	132	51	0.755	0.500
9036.000000	132	51	0.735	0.518
9042.000000	132	51	0.710	0.545
9048.000000	132	51	0.683	0.567
9054.000000	132	51	0.632	0.601
9060.000000	51	132	0.645	0.575
9066.000000	51	132	0.681	0.502
9072.000000	51	132	0.725	0.389
9078.000000	51	132	0.781	0.232
9084.000000	51	184	0.811	0.175
9090.000000	51	184	0.833	0.168
9096.000000	51	184	0.848	0.169
9102.000000	51	184	0.856	0.175
9108.000000	51	184	0.866	0.186
9114.000000	51	184	0.879	0.192
9120.000000	51	184	0.888	0.193
9126.000000	51	184	0.896	0.196
9132.000000	51	184	0.896	0.203
9138.000000	51	184	0.896	0.209
9144.000000	51	184	0.895	0.207
9150.000000	51	184	0.893	0.206
9156.000000	51	184	0.894	0.207
9162.000000	51	184	0.893	0.206
9168.000000	51	167	0.889	0.208
9174.000000	51	167	0.884	0.216
9180.000000	51	167	0.879	0.216
9186.000000	51	167	0.878	0.216
9192.000000	51	167	0.878	0.216
9198.000000	51	167	0.878	0.221
9204.000000	51	167	0.876	0.228
9210.000000	51	167	0.875	0.240
9216.000000	51	167	0.873	0.254
9222.000000	51	167	0.870	0.259
9228.000000	51	167	0.868	0.263
9234.000000	51	167	0.865	0.270
9240.000000	51	167	0.861	0.278
9246.000000	51	167	0.858	0.286
9252.000000	51	167	0.857	0.290
9258.000000	51	167	0.856	0.293
9264.000000	51	167	0.854	0.301
9270.000000	51	167	0.854	0.312
9276.000000	51	167	0.858	0.327
9282.000000	51	167	0.859	0.340
9288.000000	51	167	0.855	0.354
9294.000000	51	167	0.849	0.367
9300.000000	51	167	0.844	0.380
9306.000000	51	167	0.838	0.389
9312.000000	51	167	0.829	0.396
9318.000000	51	167	0.820	0.408
9324.000000	51	167	0.815	0.417
9330.000000	51	167	0.813	0.422
9336.000000	51	167	0.812	0.428
9342.000000	51	167	0.809	0.433
9348.000000	51	167	0.804	0.436
9354.000000	51	167	0.799	0.444
9360.000000	51	167	0.794	0.460
9366.000000	51	167	0.786	0.471
9372.000000	51	167	0.773	0.482
9378.000000	51	167	0.756	0.491
9384.000000	51	167	0.739	0.503
9390.000000	51	167	0.709	0.523
9396.000000	51	167	0.673	0.543
9402.000000	51	167	0.638	0.559
9408.000000	167	51	0.583	0.579
9414.000000	167	51	0.614	0.499
9420.000000	167	51	0.653	0.375
9426.000000	167	73	0.697	0.347
9432.000000	167	73	0.729	0.365
9438.000000	167	73	0.762	0.381
9444.000000	167	73	0.783	0.390
9450.000000	167	73	0.804	0.390
9456.000000	167	73	0.814	0.398
9462.000000	167	73	0.821	0.408
9468.000000	167	73	0.832	0.412
9474.000000	167	73	0.832	0.412
9480.000000	167	73	0.837	0.414
9486.000000	167	73	0.846	0.416
9492.000000	167	73	0.848	0.419
9498.000000	167	73	0.851	0.427
9504.000000	167	73	0.850	0.437
9510.000000	167	73	0.853	0.442
9516.000000	167	73	0.852	0.442
9522.000000	167	73	0.856	0.438
9528.000000	167	73	0.858	0.435
9534.000000	167	73	0.863	0.435
9540.000000	167	73	0.865	0.434
9546.000000	167	73	0.867	0.429
9552.000000	167	73	0.867	0.423
9558.000000	167	73	0.868	0.413
9564.000000	167	73	0.873	0.402
9570.000000	167	73	0.878	0.390
9576.000000	167	73	0.881	0.376
9582.000000	167	73	0.882	0.359
9588.000000	167	73	0.885	0.344
9594.000000	167	73	0.892	0.322
9600.000000	167	73	0.897	0.301
9606.000000	167	73	0.896	0.285
9612.000000	167	73	0.894	0.269
9618.000000	167	73	0.896	0.239
9624.000000	167	157	0.901	0.228
9630.000000	167	157	0.904	0.242
9636.000000	167	157	0.903	0.252
9642.000000	167	157	0.904	0.262
9648.000000	167	157	0.904	0.274
9654.000000	167	157	0.906	0.290
9660.000000	167	157	0.907	0.297
9666.000000	167	157	0.907	0.305
9672.000000	167	157	0.908	0.316
9678.000000	167	157	0.904	0.326
9684.000000	167	157	0.898	0.343
9690.000000	167	157	0.895	0.367
9696.000000	167	157	0.891	0.394
9702.000000	167	157	0.885	0.417
9708.000000	167	157	0.878	0.445
9714.000000	167	157	0.869	0.474
9720.000000	167	157	0.862	0.511
9726.000000	167	157	0.856	0.537
9732.000000	167	157	0.849	0.556
9738.000000	167	157	0.838	0.572
9744.000000	167	157	0.825	0.585
9750.000000	167	157	0.813	0.597
9756.000000	167	157	0.794	0.622
9762.000000	167	157	0.771	0.639
9768.000000	167	157	0.736	0.660
9774.000000	167	157	0.691	0.690
9780.000000	157	167	0.716	0.645
9786.000000	157	167	0.742	0.573
9792.000000	157	167	0.781	0.469
9798.000000	157	167	0.809	0.354
9804.000000	157	64	0.833	0.299
9810.000000	157	64	0.876	0.317
9816.000000	157	64	0.897	0.342
9822.000000	157	64	0.912	0.373
9828.000000	157	64	0.925	0.406
9834.000000	157	64	0.930	0.441
9840.000000	157	64	0.934	0.482
9846.000000	157	64	0.940	0.513
9852.000000	157	64	0.940	0.538
9858.000000	157	64	0.937	0.562
9864.000000	157	64	0.933	0.580
9870.000000	157	64	0.930	0.595
9876.000000	157	64	0.928	0.606
9882.000000	157	64	0.925	0.618
9888.000000	157	64	0.924	0.627
9894.000000	157	64	0.923	0.633
9900.000000	157	64	0.921	0.633
9906.000000	157	64	0.918	0.633
9912.000000	157	64	0.913	0.638
9918.000000	157	64	0.911	0.640
9924.000000	157	64	0.909	0.645
9930.000000	157	64	0.906	0.650
9936.000000	157	64	0.905	0.652
9942.000000	157	64	0.904	0.654
9948.000000	157	64	0.904	0.657
9954.000000	157	64	0.903	0.658
9960.000000	157	64	0.902	0.660
9966.000000	157	64	0.899	0.668
9972.000000	157	64	0.894	0.677
9978.000000	157	64	0.889	0.688
9984.000000	157	64	0.883	0.699
9990.000000	157	64	0.878	0.711
9996.000000	157	64	0.873	0.716
10002.000000	157	64	0.868	0.718
10008.000000	157	64	0.861	0.721
10014.000000	157	64	0.845	0.732
10020.000000	157	64	0.836	0.733
10026.000000	157	64	0.823	0.740
10032.000000	157	64	0.815	0.750
10038.000000	157	64	0.804	0.759
10044.000000	157	64	0.788	0.767
10050.000000	64	157	0.773	0.771
10056.000000	64	157	0.789	0.749
10062.000000	64	157	0.804	0.731
10068.000000	64	157	0.817	0.705
10074.000000	64	157	0.828	0.664
10080.000000	64	157	0.836	0.621
10086.000000	64	157	0.854	0.558
10092.000000	64	157	0.878	0.454
10098.000000	64	157	0.898	0.325
10104.000000	64	157	0.931	0.162
10110.000000	64	76	0.954	0.130
10116.000000	64	76	0.958	0.122
10122.000000	64	76	0.960	0.126
10128.000000	64	76	0.961	0.127
10134.000000	64	76	0.960	0.123
10140.000000	64	76	0.960	0.119
10146.000000	64	76	0.959	0.119
10152.000000	64	76	0.960	0.126
10158.000000	64	76	0.961	0.130
10164.000000	64	76	0.960	0.131
10170.000000	64	76	0.958	0.132
10176.000000	64	76	0.956	0.135
10182.000000	64	76	0.953	0.142
10188.000000	64	76	0.950	0.151
10194.000000	64	76	0.948	0.156
10200.000000	64	76	0.946	0.158
10206.000000	64	76	0.945	0.158
10212.000000	64	76	0.943	0.160
10218.000000	64	76	0.940	0.162
10224.000000	64	76	0.938	0.165
10230.000000	64	76	0.937	0.170
10236.000000	64	76	0.934	0.176
10242.000000	64	76	0.930	0.180
10248.000000	64	76	0.927	0.183
10254.000000	64	76	0.924	0.184
10260.000000	64	76	0.922	0.187
10266.000000	64	76	0.918	0.195
10272.000000	64	76	0.915	0.202
10278.000000	64	76	0.912	0.205
10284.000000	64	28	0.907	0.211
10290.000000	64	28	0.902	0.225
10296.000000	64	28	0.900	0.238
10302.000000	64	28	0.897	0.252
10308.000000	64	28	0.889	0.274
10314.000000	64	28	0.879	0.299
10320.000000	64	28	0.867	0.325
10326.000000	64	28	0.854	0.349
10332.000000	64	28	0.843	0.369
10338.000000	64	28	0.826	0.401
10344.000000	64	28	0.804	0.440
10350.000000	64	28	0.779	0.477
10356.000000	64	28	0.756	0.506
10362.000000	64	28	0.728	0.533
10368.000000	64	28	0.682	0.567
10374.000000	64	28	0.619	0.611
10380.000000	28	64	0.661	0.532
10386.000000	28	64	0.728	0.396
10392.000000	28	101	0.784	0.337
10398.000000	28	101	0.824	0.372
10404.000000	28	101	0.850	0.403
10410.000000	28	101	0.858	0.446
10416.000000	28	101	0.863	0.482
10422.000000	28	101	0.869	0.512
10428.000000	28	101	0.875	0.533
10434.000000	28	101	0.872	0.548
10440.000000	28	101	0.867	0.564
10446.000000	28	101	0.865	0.582
10452.000000	28	101	0.867	0.590
10458.000000	28	101	0.868	0.596
10464.000000	28	101	0.868	0.609
10470.000000	28	101	0.867	0.618
10476.000000	28	101	0.865	0.620
10482.000000	28	101	0.866	0.621
10488.000000	28	101	0.869	0.628
10494.000000	28	101	0.873	0.636
10500.000000	28	101	0.871	0.637
10506.000000	28	101	0.870	0.639
10512.000000	28	101	0.869	0.640
10518.000000	28	101	0.867	0.640
10524.000000	28	101	0.866	0.641
10530.000000	28	101	0.866	0.645
10536.000000	28	101	0.866	0.652
10542.000000	28	101	0.863	0.655
10548.000000	28	101	0.860	0.660
10554.000000	28	101	0.859	0.664
10560.000000	28	101	0.858	0.668
10566.000000	28	101	0.854	0.672
10572.000000	28	101	0.851	0.679
10578.000000	28	101	0.848	0.682
10584.000000	28	101	0.849	0.692
10590.000000	28	101	0.850	0.693
10596.000000	28	101	0.850	0.692
10602.000000	28	101	0.847	0.695
10608.000000	28	101	0.843	0.697
10614.000000	28	101	0.840	0.695
10620.000000	28	101	0.835	0.697
10626.000000	28	101	0.828	0.701
10632.000000	28	101	0.823	0.707
10638.000000	28	101	0.814	0.714
10644.000000	28	101	0.803	0.722
10650.000000	28	101	0.799	0.723
10656.000000	28	101	0.796	0.720
10662.000000	28	101	0.788	0.716
10668.000000	28	101	0.776	0.717
10674.000000	28	101	0.767	0.720
10680.000000	28	101	0.756	0.722
10686.000000	28	101	0.748	0.718
10692.000000	28	101	0.732	0.723
10698.000000	101	28	0.724	0.716
10704.000000	101	28	0.726	0.699
10710.000000	101	28	0.722	0.683
10716.000000	101	28	0.729	0.652
10722.000000	101	28	0.731	0.622
10728.000000	101	28	0.746	0.577
10734.000000	101	28	0.772	0.509
10740.000000	101	28	0.796	0.413
10746.000000	101	28	0.825	0.271
10752.000000	101	163	0.855	0.116
10758.000000	101	163	0.869	0.110
10764.000000	101	163	0.874	0.110
10770.000000	101	36	0.879	0.114
10776.000000	101	36	0.886	0.119
10782.000000	101	36	0.891	0.124
10788.000000	101	36	0.896	0.129
10794.000000	101	36	0.899	0.138
10800.000000	101	36	0.899	0.147
10806.000000	101	36	0.899	0.153
10812.000000	101	36	0.900	0.167
10818.000000	101	36	0.902	0.183
10824.000000	101	36	0.910	0.196
10830.000000	101	36	0.912	0.209
10836.000000	101	36	0.911	0.223
10842.000000	101	36	0.909	0.237
10848.000000	101	36	0.911	0.256
10854.000000	101	36	0.912	0.279
10860.000000	101	36	0.912	0.308
10866.000000	101	36	0.908	0.335
10872.000000	101	36	0.906	0.364
10878.000000	101	36	0.902	0.389
10884.000000	101	36	0.898	0.415
10890.000000	101	36	0.889	0.452
10896.000000	101	36	0.879	0.482
10902.000000	101	36	0.870	0.509
10908.000000	101	36	0.858	0.524
10914.000000	101	36	0.839	0.553
10920.000000	101	36	0.822	0.583
10926.000000	101	36	0.806	0.599
10932.000000	101	36	0.780	0.622
10938.000000	101	36	0.752	0.642
10944.000000	101	36	0.724	0.663
10950.000000	101	36	0.690	0.686
10956.000000	36	101	0.703	0.646
10962.000000	36	101	0.722	0.588
10968.000000	36	101	0.748	0.509
10974.000000	36	101	0.783	0.381
10980.000000	36	106	0.812	0.383
10986.000000	36	106	0.839	0.396
10992.000000	36	106	0.862	0.420
10998.000000	36	106	0.876	0.436
11004.000000	36	106	0.884	0.446
11010.000000	36	106	0.881	0.455
11016.000000	36	106	0.881	0.456
11022.000000	36	106	0.883	0.455
11028.000000	36	106	0.878	0.461
11034.000000	36	106	0.878	0.463
11040.000000	36	106	0.876	0.465
11046.000000	36	106	0.875	0.470
11052.000000	36	106	0.874	0.480
11058.000000	36	106	0.870	0.491
11064.000000	36	106	0.870	0.504
11070.000000	36	106	0.869	0.513
11076.000000	36	106	0.868	0.517
11082.000000	36	106	0.864	0.524
11088.000000	36	106	0.863	0.526
11094.000000	36	106	0.862	0.529
11100.000000	36	106	0.862	0.527
11106.000000	36	106	0.865	0.521
11112.000000	36	106	0.860	0.521
11118.000000	36	106	0.857	0.522
11124.000000	36	106	0.855	0.517
11130.000000	36	106	0.851	0.512
11136.000000	36	106	0.849	0.499
11142.000000	36	106	0.850	0.487
11148.000000	36	106	0.857	0.474
11154.000000	36	106	0.857	0.464
11160.000000	36	106	0.855	0.455
11166.000000	36	106	0.854	0.442
11172.000000	36	106	0.852	0.427
11178.000000	36	106	0.851	0.412
11184.000000	36	106	0.851	0.395
11190.000000	36	106	0.855	0.358
11196.000000	36	106	0.855	0.314
11202.000000	36	106	0.854	0.272
11208.000000	36	105	0.854	0.218
11214.000000	36	105	0.855	0.229
11220.000000	36	105	0.855	0.240
11226.000000	36	105	0.856	0.255
11232.000000	36	105	0.855	0.278
11238.000000	36	105	0.853	0.294
11244.000000	36	105	0.851	0.300
11250.000000	36	105	0.846	0.310
11256.000000	36	105	0.843	0.324
11262.000000	36	105	0.837	0.343
11268.000000	36	105	0.828	0.357
11274.000000	36	105	0.817	0.376
11280.000000	36	105	0.805	0.390
11286.000000	36	105	0.795	0.403
11292.000000	36	105	0.775	0.419
11298.000000	36	105	0.757	0.433
11304.000000	36	105	0.732	0.454
11310.000000	36	105	0.693	0.486
11316.000000	36	105	0.654	0.525
11322.000000	36	105	0.617	0.556
11328.000000	36	105	0.576	0.575
11334.000000	105	36	0.605	0.510
11340.000000	105	36	0.652	0.401
11346.000000	105	36	0.705	0.261
11352.000000	105	90	0.755	0.225
11358.000000	105	90	0.784	0.227
11364.000000	105	90	0.797	0.230
11370.000000	105	90	0.810	0.229
11376.000000	105	128	0.822	0.229
11382.000000	105	90	0.835	0.234
11388.000000	105	90	0.846	0.235
11394.000000	105	196	0.859	0.241
11400.000000	105	196	0.864	0.248
11406.000000	105	196	0.865	0.255
11412.000000	105	196	0.872	0.262
11418.000000	105	196	0.875	0.270
11424.000000	105	196	0.875	0.276
11430.000000	105	196	0.880	0.282
11436.000000	105	196	0.888	0.291
11442.000000	105	196	0.895	0.298
11448.000000	105	196	0.901	0.303
11454.000000	105	196	0.908	0.303
11460.000000	105	196	0.909	0.303
11466.000000	105	196	0.908	0.306
11472.000000	105	196	0.906	0.310
11478.000000	105	196	0.909	0.310
11484.000000	105	196	0.912	0.310
11490.000000	105	196	0.912	0.312
11496.000000	105	196	0.910	0.314
11502.000000	105	196	0.910	0.323
11508.000000	105	196	0.910	0.331
11514.000000	105	196	0.908	0.335
11520.000000	105	196	0.908	0.336
11526.000000	105	196	0.908	0.340
11532.000000	105	196	0.906	0.344
11538.000000	105	196	0.906	0.345
11544.000000	105	196	0.907	0.348
11550.000000	105	196	0.907	0.349
11556.000000	105	196	0.907	0.351
11562.000000	105	196	0.908	0.357
11568.000000	105	196	0.909	0.366
11574.000000	105	196	0.910	0.368
11580.000000	105	196	0.911	0.360
11586.000000	105	196	0.913	0.353
11592.000000	105	196	0.914	0.347
11598.000000	105	196	0.915	0.345
11604.000000	105	196	0.915	0.352
11610.000000	105	196	0.912	0.358
11616.000000	105	196	0.912	0.354
11622.000000	105	196	0.912	0.348
11628.000000	105	196	0.911	0.342
11634.000000	105	196	0.912	0.331
11640.000000	105	196	0.913	0.320
11646.000000	105	196	0.913	0.314
11652.000000	105	196	0.915	0.312
11658.000000	105	196	0.915	0.305
11664.000000	105	196	0.915	0.291
11670.000000	105	196	0.916	0.272
11676.000000	105	196	0.919	0.253
11682.000000	105	196	0.925	0.226
11688.000000	105	196	0.928	0.203
11694.000000	105	196	0.930	0.176
11700.000000	105	196	0.932	0.162
11706.000000	105	196	0.935	0.147
11712.000000	105	196	0.937	0.133
11718.000000	105	196	0.938	0.110
11724.000000	105	53	0.940	0.106
11730.000000	105	53	0.945	0.107
11736.000000	105	53	0.950	0.106
11742.000000	105	53	0.952	0.109
11748.000000	105	53	0.954	0.111
11754.000000	105	53	0.955	0.113
11760.000000	105	53	0.953	0.117
11766.000000	105	53	0.952	0.119
11772.000000	105	53	0.950	0.117
11778.000000	105	53	0.949	0.114
11784.000000	105	173	0.949	0.112
11790.000000	105	173	0.948	0.115
11796.000000	105	173	0.946	0.117
11802.000000	105	173	0.946	0.119
11808.000000	105	173	0.947	0.120
11814.000000	105	173	0.947	0.123
11820.000000	105	173	0.947	0.130
11826.000000	105	173	0.944	0.135
11832.000000	105	173	0.942	0.141
11838.000000	105	173	0.942	0.148
11844.000000	105	173	0.946	0.157
11850.000000	105	173	0.946	0.169
11856.000000	105	173	0.945	0.181
11862.000000	105	173	0.944	0.191
11868.000000	105	173	0.941	0.199
11874.000000	105	173	0.939	0.207
11880.000000	105	173	0.936	0.222
11886.000000	105	173	0.934	0.242
11892.000000	105	173	0.932	0.263
11898.000000	105	173	0.931	0.291
11904.000000	105	173	0.929	0.320
11910.000000	105	173	0.925	0.356
11916.000000	105	173	0.917	0.409
11922.000000	105	173	0.909	0.462
11928.000000	105	173	0.896	0.523
11934.000000	105	173	0.875	0.594
11940.000000	105	173	0.838	0.673
11946.000000	105	173	0.793	0.746
11952.000000	173	105	0.810	0.714
11958.000000	173	105	0.858	0.619
11964.000000	173	105	0.918	0.477
11970.000000	173	105	0.950	0.285
11976.000000	173	105	0.971	0.075
11982.000000	173	96	0.979	0.074
11988.000000	173	96	0.978	0.075
11994.000000	173	115	0.976	0.074
12000.000000	173	96	0.974	0.075
12006.000000	173	96	0.975	0.077
12012.000000	173	96	0.974	0.078
12018.000000	173	96	0.973	0.080
12024.000000	173	96	0.972	0.082
12030.000000	173	96	0.970	0.084
12036.000000	173	96	0.968	0.088
12042.000000	173	96	0.965	0.090
12048.000000	173	96	0.964	0.090
12054.000000	173	96	0.962	0.087
12060.000000	173	96	0.959	0.085
12066.000000	173	172	0.958	0.089
12072.000000	173	172	0.956	0.093
12078.000000	173	172	0.955	0.099
12084.000000	173	172	0.953	0.104
12090.000000	173	172	0.950	0.105
12096.000000	173	172	0.948	0.107
12102.000000	173	172	0.947	0.111
12108.000000	173	172	0.945	0.114
12114.000000	173	86	0.944	0.116
12120.000000	173	86	0.942	0.118
12126.000000	173	86	0.940	0.122
12132.000000	173	86	0.938	0.126
12138.000000	173	86	0.935	0.131
12144.000000	173	86	0.933	0.137
12150.000000	173	86	0.932	0.140
12156.000000	173	86	0.932	0.140
12162.000000	173	86	0.933	0.141
12168.000000	173	86	0.933	0.141
12174.000000	173	86	0.933	0.139
12180.000000	173	86	0.933	0.138
12186.000000	173	86	0.933	0.137
12192.000000	173	86	0.933	0.134
12198.000000	173	86	0.933	0.130
12204.000000	173	86	0.932	0.124
12210.000000	173	86	0.932	0.117
12216.000000	173	86	0.933	0.113
12222.000000	173	86	0.934	0.110
12228.000000	173	86	0.937	0.106
12234.000000	173	86	0.939	0.104
12240.000000	173	86	0.941	0.101
12246.000000	173	86	0.942	0.095
12252.000000	173	86	0.942	0.090
12258.000000	173	97	0.944	0.087
12264.000000	173	97	0.948	0.088
12270.000000	173	97	0.951	0.086
12276.000000	173	97	0.952	0.085
12282.000000	173	97	0.953	0.081
12288.000000	173	97	0.956	0.074
12294.000000	173	81	0.958	0.064
12300.000000	173	81	0.958	0.065
12306.000000	173	81	0.960	0.065
12312.000000	173	81	0.962	0.064
12318.000000	173	81	0.963	0.062
12324.000000	173	81	0.963	0.061
12330.000000	173	81	0.962	0.060
12336.000000	173	81	0.963	0.058
12342.000000	173	81	0.965	0.056
12348.000000	173	81	0.968	0.057
12354.000000	173	81	0.970	0.058
12360.000000	173	81	0.972	0.058
12366.000000	173	81	0.974	0.057
12372.000000	173	81	0.975	0.054
12378.000000	173	115	0.976	0.053
12384.000000	173	115	0.976	0.053
12390.000000	173	115	0.975	0.053
12396.000000	173	115	0.974	0.052
12402.000000	173	115	0.971	0.050
12408.000000	173	115	0.968	0.048
12414.000000	173	115	0.965	0.048
12420.000000	173	115	0.963	0.050
12426.000000	173	115	0.962	0.048
12432.000000	173	115	0.962	0.045
12438.000000	173	81	0.961	0.043
12444.000000	173	81	0.961	0.043
12450.000000	173	81	0.959	0.043
12456.000000	173	81	0.957	0.041
12462.000000	173	81	0.956	0.040
12468.000000	173	105	0.954	0.040
12474.000000	173	105	0.951	0.041
12480.000000	173	105	0.948	0.041
12486.000000	173	105	0.946	0.042
12492.000000	173	105	0.945	0.042
12498.000000	173	105	0.944	0.042
12504.000000	173	105	0.943	0.042
12510.000000	173	105	0.942	0.042
12516.000000	173	105	0.940	0.042
12522.000000	173	105	0.936	0.043
12528.000000	173	105	0.934	0.043
12534.000000	173	105	0.932	0.043
12540.000000	173	105	0.930	0.043
12546.000000	173	105	0.929	0.043
12552.000000	173	105	0.928	0.044
12558.000000	173	105	0.925	0.045
12564.000000	173	105	0.924	0.046
12570.000000	173	105	0.922	0.045
12576.000000	173	105	0.919	0.044
12582.000000	173	105	0.917	0.044
12588.000000	173	105	0.916	0.044
12594.000000	173	105	0.914	0.044
12600.000000	173	105	0.913	0.044
12606.000000	173	105	0.912	0.044
12612.000000	173	105	0.912	0.043
12618.000000	173	105	0.913	0.043
12624.000000	173	105	0.913	0.042
12630.000000	173	105	0.913	0.040
12636.000000	173	105	0.911	0.040
12642.000000	173	105	0.908	0.041
12648.000000	173	105	0.908	0.041
12654.000000	173	105	0.910	0.041
12660.000000	173	105	0.912	0.041
12666.000000	173	105	0.914	0.041
12672.000000	173	105	0.918	0.041
12678.000000	173	105	0.920	0.041
12684.000000	173	105	0.923	0.041
12690.000000	173	105	0.926	0.041
12696.000000	173	105	0.929	0.041
12702.000000	173	105	0.931	0.040
12708.000000	173	105	0.932	0.040
12714.000000	173	81	0.933	0.039
12720.000000	173	105	0.935	0.039
12726.000000	173	105	0.938	0.041
12732.000000	173	105	0.942	0.043
12738.000000	173	105	0.946	0.044
12744.000000	173	105	0.948	0.044
12750.000000	173	105	0.952	0.044
12756.000000	173	105	0.955	0.044
12762.000000	173	105	0.960	0.044
12768.000000	173	105	0.965	0.044
12774.000000	173	105	0.966	0.044
12780.000000	173	105	0.967	0.043
12786.000000	173	81	0.967	0.043
12792.000000	173	81	0.966	0.043
12798.000000	173	81	0.966	0.043
12804.000000	173	81	0.965	0.043
12810.000000	173	81	0.965	0.042
12816.000000	173	81	0.967	0.040
12822.000000	173	105	0.970	0.040
12828.000000	173	105	0.971	0.040
12834.000000	173	105	0.972	0.040
12840.000000	173	105	0.974	0.039
12846.000000	173	105	0.974	0.039
12852.000000	173	105	0.974	0.039
12858.000000	173	105	0.974	0.039
12864.000000	173	81	0.974	0.039
12870.000000	173	81	0.974	0.039
12876.000000	173	81	0.975	0.039
12882.000000	173	115	0.977	0.040
12888.000000	173	115	0.977	0.040
12894.000000	173	81	0.977	0.041
12900.000000	173	81	0.976	0.042
12906.000000	173	81	0.976	0.042
12912.000000	173	104	0.975	0.043
12918.000000	173	115	0.974	0.044
12924.000000	173	115	0.972	0.046
12930.000000	173	115	0.971	0.047
12936.000000	173	115	0.970	0.047
12942.000000	173	115	0.969	0.047
12948.000000	173	115	0.969	0.047
12954.000000	173	115	0.968	0.047
12960.000000	173	115	0.967	0.047
12966.000000	173	115	0.966	0.047
12972.000000	173	115	0.964	0.047
12978.000000	173	115	0.963	0.047
12984.000000	173	115	0.961	0.046
12990.000000	173	105	0.959	0.049
12996.000000	173	105	0.956	0.051
13002.000000	173	105	0.952	0.051
13008.000000	173	105	0.948	0.052
13014.000000	173	105	0.942	0.053
13020.000000	173	105	0.936	0.052
13026.000000	173	105	0.931	0.052
13032.000000	173	105	0.926	0.052
13038.000000	173	105	0.921	0.052
13044.000000	173	105	0.914	0.053
13050.000000	173	105	0.904	0.053
13056.000000	173	105	0.894	0.053
13062.000000	173	105	0.881	0.053
13068.000000	173	105	0.870	0.053
13074.000000	173	105	0.857	0.054
13080.000000	173	105	0.843	0.053
13086.000000	173	105	0.828	0.053
13092.000000	173	105	0.803	0.051
13098.000000	173	105	0.751	0.048
13104.000000	173	105	0.672	0.046
13110.000000	173	105	0.547	0.045
13116.000000	173	12	0.281	0.046
13122.000000	12	82	0.041	0.033
13128.000000	12	82	0.035	0.028
13134.000000	12	82	0.027	0.026
13140.000000	82	12	0.025	0.021
13146.000000	82	12	0.024	0.019
13152.000000	82	12	0.023	0.017
13158.000000	82	12	0.021	0.013
13164.000000	82	12	0.020	0.012
13170.000000	82	52	0.018	0.012
13176.000000	82	52	0.016	0.011
13182.000000	82	52	0.015	0.011
13188.000000	82	52	0.014	0.010
13194.000000	82	122	0.010	0.008
13200.000000	82	122	0.007	0.007
